SWC_061 d7e60cc3-6020-429e-a654-636c6cc677ea hoferlab 2020-11-30 _iblrig_tasks_ephysChoiceWorld6.4.2 F 255 490
0 0.25 nan 0.5 1.0 1.0 114.75012384011475 114.75095709011475 115.22764275011522 112.33983156011234 116.78304826887549 115.10452173011511 -1.0 115.10452173011511 -1.0 1
1 0.125 nan 0.5 1.0 1.0 120.11545392012012 120.11625384012012 128.35456326012834 117.17914758011717 129.9330552247793 128.2010452801282 -1.0 128.2010452801282 -1.0 1
2 0.125 nan 0.5 1.0 1.0 133.23184215013325 133.23277539013324 138.7891197001388 130.41445725013043 140.34865017221134 138.63406854013863 -1.0 138.63406854013863 -1.0 1
3 nan 0.25 0.5 1.0 -1.0 144.94937028014496 144.95030352014496 153.71622684015372 140.7969522301408 156.2829506380386 153.57980715015358 -1.0 153.57980715015358 -1.0 1
4 0.0625 nan 0.5 1.0 1.0 157.33153194015733 157.33256517015732 169.91797317016992 156.8085509101568 171.48156868253727 169.61843646016962 -1.0 169.73139183016974 -1.0 2
5 nan 1.0 0.5 -1.0 1.0 175.16581500017517 175.16698155017517 175.76822142017576 171.95556939017195 177.33252081687326 175.42455579017542 1.0 175.42455579017542 1.0 1
6 nan 0.125 0.5 1.0 -1.0 179.24790675017925 179.24893998017924 182.14025082018213 177.75592263017776 184.69808493108292 182.03552796018204 -1.0 182.03552796018204 -1.0 1
7 nan 0.125 0.5 1.0 -1.0 185.5823399101856 185.58320649018557 185.8201827901858 185.11588656018512 188.38261494987148 185.7058608901857 -1.0 185.7058608901857 -1.0 1
8 nan 0.0625 0.5 1.0 -1.0 189.2977683301893 189.2988348901893 189.53947749018954 188.82581553018883 192.0988477278971 189.41675643018942 -1.0 189.41675643018942 -1.0 1
9 nan 0.0625 0.5 1.0 -1.0 193.11445329019313 193.1154531901931 193.4947819201935 192.4784502301925 196.06558495739503 193.35176289019336 -1.0 193.35176289019336 -1.0 1
10 0.125 nan 0.5 1.0 1.0 196.997631600197 196.998731490197 197.4070906501974 196.45828554019647 198.9643980169862 197.28890247019729 -1.0 197.28890247019729 -1.0 1
11 nan 0.0625 0.5 1.0 -1.0 200.43225477020044 200.43338799020043 203.3893590302034 199.34869647019934 205.94776019693907 203.27703693020328 -1.0 203.27703693020328 -1.0 1
12 0.125 nan 0.5 1.0 1.0 207.0819230702071 207.0829563002071 207.35106282020735 206.36866107020637 208.91436974123533 207.24390687020724 -1.0 207.24390687020724 -1.0 1
13 nan 0.0625 0.5 1.0 -1.0 211.2986680202113 211.2996012602113 218.000531100218 209.2917687302093 220.54755650423954 217.88634252021788 -1.0 217.88634252021788 -1.0 1
14 nan 0.125 0.5 1.0 -1.0 221.56507461022156 221.56614117022156 221.85414570022186 221.06085837022107 224.3986840773 221.71892589022173 -1.0 221.71892589022173 -1.0 1
15 0.25 nan 0.5 -1.0 -1.0 227.5807063202276 227.58173955022758 228.52007904022852 224.80458396022482 231.0817411785093 228.23614077022825 1.0 228.23614077022825 1.0 1
16 nan 1.0 0.5 -1.0 1.0 233.03066127023303 233.03169450023304 234.50834682023452 231.54504318023154 236.04858260289802 234.42515514023444 1.0 234.42515514023444 1.0 1
17 nan 0.125 0.5 -1.0 1.0 239.14698291023916 239.14794948023916 240.57080718024056 236.46788418023647 242.11500990705576 240.45048588024045 1.0 240.45048588024045 1.0 1
18 nan 0.125 0.5 1.0 -1.0 246.7806194702468 246.78155271024679 250.96683414025097 242.55560868024256 253.5148235475362 250.8018506402508 -1.0 250.8018506402508 -1.0 1
19 1.0 nan 0.5 1.0 1.0 254.81374941025481 254.8147826402548 255.06012477025507 254.04802599025405 256.61363264226793 254.94726939025495 -1.0 254.94726939025495 -1.0 1
20 nan 0.25 0.5 1.0 -1.0 257.5814392802576 257.5824391802576 257.8361138102578 257.00563020025703 260.39695132445627 257.7217585802577 -1.0 257.7217585802577 -1.0 1
21 0.125 nan 0.5 1.0 1.0 263.14781592026316 263.14871583026314 263.34219648026334 260.7928514402608 264.8969982084969 263.23817355026324 -1.0 263.23817355026324 -1.0 1
22 1.0 nan 0.5 1.0 1.0 267.8312142002678 267.83231409026786 268.07622303026807 265.3096997102653 269.63122651554124 267.97163349026795 -1.0 267.97163349026795 -1.0 1
23 0.25 nan 0.5 1.0 1.0 270.4969142702705 270.4980141602705 270.7755530702708 270.03872676027004 272.3300556730842 270.64956567027065 -1.0 270.64956567027065 -1.0 1
24 nan 0.25 0.5 1.0 -1.0 274.94796912027493 274.94890236027493 275.2032435902752 272.72315829027275 277.76458079122506 275.0791893302751 -1.0 275.0791893302751 -1.0 1
25 nan 0.0625 0.5 1.0 -1.0 278.7297909002787 278.73089079027875 278.9285376902789 278.1774794702782 281.49682884761205 278.82488139027885 -1.0 278.82488139027885 -1.0 1
26 nan 0.25 0.5 1.0 -1.0 282.46445073028246 282.4655172902825 282.7184919902827 281.969233590282 285.28016158092015 282.6020036402826 -1.0 282.6020036402826 -1.0 1
27 nan 0.0 0.5 -1.0 1.0 295.16418063029516 295.16504721029514 295.3840253102954 285.6788625902857 296.94754154653936 295.2861684302953 1.0 295.2861684302953 1.0 1
28 0.0 nan 0.5 1.0 1.0 298.1798457002982 298.1810122502982 298.4733496802985 297.5248445402975 300.03125571680425 298.35522816029834 -1.0 298.35522816029834 -1.0 1
29 nan 0.125 0.5 1.0 -1.0 306.3962573103064 306.3972572103064 309.40722285030944 300.4282541703004 311.9631518165728 309.16894668030915 -1.0 309.16894668030915 -1.0 1
30 nan 1.0 0.5 -1.0 1.0 314.2142087703142 314.2151753403142 314.5815720303146 312.4413527403124 316.14747398253127 314.33822970031434 -1.0 314.33822970031434 -1.0 1
31 nan 0.25 0.5 -1.0 1.0 318.22940721031824 318.2304737703182 318.57980550031857 316.56147402031655 320.14712907157474 318.4777823703185 1.0 318.4777823703185 1.0 1
32 0.25 nan 0.5 1.0 1.0 321.2794688403213 321.2804354103213 326.74125594032677 320.6350332903206 328.29609053304677 326.3910243003264 1.0 326.3910243003264 1.0 1
33 0.0625 nan 0.5 1.0 1.0 329.6804286603297 329.6813285703297 330.0670899903301 328.72789059032874 331.6294959051354 329.96979972032995 -1.0 329.96979972032995 -1.0 1
34 0.0625 nan 0.5 1.0 1.0 334.0804219503341 334.08128853033406 338.7766522803388 332.024594220332 340.3303829519962 338.65766418033866 -1.0 338.65766418033866 -1.0 1
35 0.125 nan 0.5 1.0 1.0 341.47928199034146 341.48021523034146 341.75428782034174 340.7764856103408 343.3132925475187 341.65156476034167 -1.0 341.65156476034167 -1.0 1
36 0.25 nan 0.5 1.0 1.0 345.06245697034507 345.0634902003451 345.37999188034536 343.7075924703437 346.930328333071 345.2577041103453 -1.0 345.2577041103453 -1.0 1
37 0.0625 nan 0.5 1.0 1.0 348.5126785803485 348.51377847034854 351.34106238035133 347.3269305003473 352.89596470595706 351.2118086403512 -1.0 351.2118086403512 -1.0 1
38 0.125 nan 0.5 1.0 1.0 355.28036841035527 355.2814016403553 355.5905707203556 353.3134651203533 357.14690420600215 355.4701827603555 -1.0 355.4701827603555 -1.0 1
39 0.0625 nan 0.5 1.0 1.0 360.47901516036046 360.47998173036046 361.83674604036185 357.5580072903576 363.39594672929456 361.6903273503617 -1.0 361.6903273503617 -1.0 1
40 nan 0.25 0.5 1.0 -1.0 364.46348334036446 364.46461656036445 364.7402889903647 363.81224847036384 367.2957613283179 364.5963367203646 -1.0 364.5963367203646 -1.0 1
41 nan 1.0 0.5 -1.0 1.0 368.963399970369 368.96423322036895 369.29859978036933 367.7006595903677 370.84560069335726 369.18857745036917 1.0 369.18857745036917 1.0 1
42 0.0 nan 0.5 1.0 1.0 373.6134349203736 373.61453481037364 375.6451317303756 371.2491047103712 377.1954637283023 375.5227106403755 -1.0 375.5227106403755 -1.0 1
43 0.125 nan 0.5 1.0 1.0 378.22990656037825 378.23080647037824 378.44035218037845 377.63536602037766 379.9954597030656 378.33432945037833 -1.0 378.33432945037833 -1.0 1
44 0.0 nan 0.5 1.0 1.0 381.07972155038107 381.0807881103811 381.5753719803816 380.3991562803804 383.1299033723747 381.45151770038143 -1.0 381.45151770038143 -1.0 1
45 nan 0.125 0.5 1.0 -1.0 385.6621299303857 385.66306317038567 386.14204860038615 383.54720811038356 388.69544936099595 385.77208560038576 -1.0 386.1041523903861 -1.0 2
46 nan 0.25 0.5 -1.0 1.0 390.22987311039026 390.23100633039024 390.62303379039065 389.1216506103891 392.17857192710454 390.4210206603904 -1.0 390.4210206603904 -1.0 1
47 1.0 nan 0.5 1.0 1.0 393.0797880903931 393.0806546703931 393.3808579803934 392.5794714603926 394.92878741796324 393.2853675303933 -1.0 393.2853675303933 -1.0 1
48 nan 0.125 0.5 -1.0 1.0 397.4298863703974 397.43091960039743 399.24590475039923 395.4223871403954 400.79633917337634 398.4748485303985 -1.0 399.0886538103991 1.0 3
49 nan 0.0625 0.5 1.0 -1.0 403.24497147040324 403.24587138040323 403.4642162104035 401.2256400904012 406.0117562945018 403.2862340104033 1.0 403.34136183040334 -1.0 2
50 0.0625 nan 0.5 1.0 1.0 407.71275798040773 407.7138245404077 408.15778014040814 406.42585335040644 409.711782430131 408.06175641040807 -1.0 408.06175641040807 -1.0 1
51 1.0 nan 0.5 1.0 1.0 410.82934629041085 410.83044618041083 411.0967195504111 410.13138276041013 412.64492001004857 411.004662090411 -1.0 411.004662090411 -1.0 1
52 nan 0.0625 0.5 1.0 -1.0 413.52927627041356 413.53010952041353 413.7820843204138 413.05592361041306 416.3295535498633 413.64956424041367 -1.0 413.64956424041367 -1.0 1
53 nan 1.0 0.5 -1.0 1.0 417.94486800041796 417.94573458041793 418.1893435504182 416.75025414041676 419.74497900635924 418.1014523404181 1.0 418.1014523404181 1.0 1
54 nan 0.0 0.5 1.0 -1.0 422.0628228304221 422.06368941042206 423.999662460424 420.15778002042015 426.5450288164512 423.8890401904239 -1.0 423.8890401904239 -1.0 1
55 nan 0.0625 0.5 1.0 -1.0 428.31229782042834 428.31326439042834 428.71529085042874 426.98923014042697 431.26145079482455 428.5790711404286 -1.0 428.5790711404286 -1.0 1
56 nan 1.0 0.5 -1.0 1.0 433.7957827504338 433.7968826404338 434.035292130434 431.7903499804318 435.5779929335618 433.9449011704339 1.0 433.9449011704339 1.0 1
57 1.0 nan 0.5 1.0 1.0 439.36219272043934 439.36315929043934 439.7047251304397 436.001295510436 441.2613244611856 439.5895366504396 -1.0 439.5895366504396 -1.0 1
58 0.25 nan 0.5 1.0 1.0 446.2124742904462 446.2134075304462 446.76008619044677 441.7091246704417 448.3113821353682 446.4076881004464 1.0 446.4076881004464 1.0 1
59 1.0 nan 0.5 1.0 1.0 451.04572425045103 451.04669082045103 451.35862629045135 448.7809840804488 452.9119272095841 451.21394076045124 -1.0 451.21394076045124 -1.0 1
60 nan 1.0 0.5 -1.0 1.0 454.02789267045404 454.028992560454 454.2909330304543 453.3278293504533 455.84443699319314 454.2034084504542 1.0 454.2034084504542 1.0 1
61 1.0 nan 0.5 1.0 1.0 457.24543755045727 457.24630413045725 457.6544633104577 456.2601360904563 459.2110646751619 457.54600749045755 -1.0 457.54600749045755 -1.0 1
62 0.125 nan 0.5 -1.0 -1.0 460.37885751046036 460.3799240704604 467.5511735404676 459.6234663904596 470.11213625248894 467.4142205704674 1.0 467.4142205704674 1.0 1
63 nan 0.25 0.5 -1.0 1.0 471.1775442004712 471.17847744047117 471.46374891047145 470.5801372804706 473.02758154677167 471.36622533047137 1.0 471.36622533047137 1.0 1
64 nan 0.0 0.5 1.0 -1.0 475.0616224204751 475.0627556404751 477.22807242047725 473.43228537047344 479.7952256761163 476.7023250004767 -1.0 477.1092843004771 -1.0 2
65 0.25 nan 0.5 1.0 1.0 482.62736577048264 482.62833234048264 482.960832420483 480.3588259804804 484.5286649284679 482.8730412004829 -1.0 482.8730412004829 -1.0 1
66 0.0625 nan 0.5 1.0 1.0 486.5107440604865 486.51161064048654 486.82557924048683 484.96156566048495 488.37728339517304 486.7013916604867 -1.0 486.7013916604867 -1.0 1
67 nan 0.25 0.5 -1.0 1.0 491.961465600492 491.96256549049195 492.36012573049237 488.7957822004888 493.9284249174488 492.25403634049223 1.0 492.25403634049223 1.0 1
68 nan 0.0625 0.5 1.0 -1.0 495.010627320495 495.011527230495 495.32852886049534 494.3643252904944 497.8940618181528 495.20847420049523 -1.0 495.20847420049523 -1.0 1
69 nan 0.25 0.5 -1.0 1.0 498.8948055304989 498.8958387604989 499.16327868049916 498.3122637904983 500.72807992437885 499.0764873604991 1.0 499.0764873604991 1.0 1
70 nan 0.0 0.5 -1.0 1.0 502.4105205905024 502.4114538305024 507.90653760050793 501.14618037050116 509.460335898841 504.61470015050463 1.0 507.7913157905078 1.0 4
71 nan 0.125 0.5 -1.0 1.0 510.4948454105105 510.49571199051053 510.8039478305108 509.9141368205099 512.3614771430044 510.7040578205107 1.0 510.7040578205107 1.0 1
72 0.125 nan 0.5 -1.0 -1.0 513.8938388105139 513.8946720605139 518.929935150519 512.7857829605128 521.4947301575199 518.8032144905188 1.0 518.8032144905188 1.0 1
73 0.25 nan 0.5 1.0 1.0 527.1601453805272 527.1612119405272 527.5026777905275 521.974130700522 529.0615052857386 527.3664580805274 -1.0 527.3664580805274 -1.0 1
74 nan 1.0 0.5 -1.0 1.0 530.01016035053 530.01116025053 530.2863993905303 529.5326081105295 531.8435319286456 530.1961750805302 1.0 530.1961750805302 1.0 1
75 nan 0.0625 0.5 1.0 -1.0 533.4610152305335 533.4621484505335 537.1314481505372 532.2844329005322 539.6933782605166 536.7177895205367 -1.0 536.951366160537 -1.0 2
76 0.0 nan 0.5 1.0 1.0 543.8943717905439 543.8953716905439 544.5643047905446 540.1568789105402 546.1278337138818 544.1420136905441 1.0 544.1420136905441 1.0 1
77 nan 0.0 0.5 1.0 -1.0 550.3432268405503 550.3442934005503 555.7662178205558 546.5967348605466 558.3266118619325 555.6606950405557 -1.0 555.6606950405557 -1.0 1
78 0.0625 nan 0.5 -1.0 -1.0 559.5607383305596 559.5618715505595 560.0641879805601 558.8241120005588 562.6275540727422 559.7341543205597 -1.0 559.7341543205597 -1.0 1
79 nan 1.0 0.5 -1.0 1.0 563.6097000605636 563.6107999505637 563.8773732905639 563.055655470563 565.4265732202623 563.7725171105637 1.0 563.7725171105637 1.0 1
80 1.0 nan 0.5 1.0 1.0 566.3606582705663 566.3617914905664 566.6424967505667 565.8702739805659 568.1943978545768 566.5415735105665 -1.0 566.5415735105665 -1.0 1
81 nan 1.0 0.5 -1.0 1.0 573.6929916305737 573.6940248605737 574.0148261105741 568.6210988705686 575.5596561732046 573.8906718605739 1.0 573.8906718605739 1.0 1
82 0.0625 nan 0.5 1.0 1.0 576.6270981905766 576.6280314305766 581.2975977605813 576.039756930576 582.8607928424607 580.7751500105808 1.0 581.0917183505811 -1.0 2
83 nan 0.125 0.5 -1.0 1.0 584.1929082005842 584.1939414305842 584.4418166405844 583.3330941905833 585.9939142329697 584.3629245305843 1.0 584.3629245305843 1.0 1
84 0.25 nan 0.5 -1.0 -1.0 593.1592781405932 593.1601780505931 601.3704236106014 586.4435164505865 603.9261766606157 601.1551118106012 1.0 601.1551118106012 1.0 1
85 0.25 nan 0.5 1.0 1.0 605.0936845806051 605.0947178106051 607.4278844706074 604.4764796406045 608.9758869845986 607.3193953206073 -1.0 607.3193953206073 -1.0 1
86 1.0 nan 0.5 1.0 1.0 610.2768662106103 610.2776661306103 610.6051000506106 609.4271845206094 612.1602321139954 610.5084097206105 -1.0 610.5084097206105 -1.0 1
87 1.0 nan 0.5 1.0 1.0 614.4923446206145 614.4932778606145 614.8550416806148 612.5792359506125 616.4089425995701 614.7541517706147 -1.0 614.7541517706147 -1.0 1
88 0.0 nan 0.5 1.0 1.0 618.2932978206182 618.2942310606182 622.7563181406227 616.8613410306168 624.3099128194791 622.4671803906225 1.0 622.4671803906225 1.0 1
89 0.0625 nan 0.5 1.0 1.0 625.4088528606254 625.4098194306254 625.979229150626 624.7751162406248 627.5256311934172 625.8492421506259 -1.0 625.8492421506259 -1.0 1
90 0.0 nan 0.8 -1.0 -1.0 633.1431460206331 633.1440792606331 633.8370766206339 627.9582312306279 636.392102583938 633.7214215206337 1.0 633.7214215206337 1.0 1
91 nan 1.0 0.8 -1.0 1.0 637.4599476306374 637.4610141906375 637.8099126306378 636.898803750637 639.3597167653467 637.6529283306377 1.0 637.6529283306377 1.0 1
92 1.0 nan 0.8 -1.0 -1.0 642.5918677206427 642.5929676106426 647.2819320006473 639.7812154806398 649.8260926308193 647.1550113606471 1.0 647.1550113606471 1.0 1
93 1.0 nan 0.8 1.0 1.0 650.9252343006509 650.926200870651 651.1770091206512 650.3339934306504 652.7420368192893 651.0844850406511 -1.0 651.0844850406511 -1.0 1
94 0.125 nan 0.8 1.0 1.0 653.7596841606538 653.7605174106537 659.99629377066 653.1797421606532 661.5416904356827 659.8950372306599 -1.0 659.8950372306599 -1.0 1
95 nan 1.0 0.8 -1.0 1.0 663.6263973906637 663.6273972906637 663.8572076406639 662.032290150662 665.4083372302975 663.7779489006638 1.0 663.7779489006638 1.0 1
96 0.125 nan 0.8 1.0 1.0 666.6092657406666 666.6103656306666 667.2255374406673 665.8648401906659 668.775056988035 667.0631203506671 -1.0 667.0631203506671 -1.0 1
97 1.0 nan 0.8 1.0 1.0 672.009425670672 672.010325580672 681.5351396706816 669.3556577406694 683.1084612747059 681.2125719306812 1.0 681.2125719306812 1.0 1
98 0.0 nan 0.8 1.0 1.0 684.7924472406849 684.7935471306848 688.4455818906885 683.6334631506836 690.008212382109 688.1128151706881 -1.0 688.1128151706881 -1.0 1
99 1.0 nan 0.8 -1.0 -1.0 697.2255038106972 697.2264037206972 705.8843045107059 690.4696128006905 708.4411561468888 697.5305399706975 -1.0 705.7247204707057 1.0 2
100 nan 0.0 0.8 -1.0 1.0 709.5756020107095 709.5766019107095 719.5744353607196 709.019157660709 721.1412570920933 719.4149179807195 1.0 719.4149179807195 1.0 1
101 0.0 nan 0.8 -1.0 -1.0 725.6417285707256 725.6427618007257 727.4077519507274 721.6586602507217 729.9753107008936 727.2213039307272 1.0 727.2213039307272 1.0 1
102 0.0 nan 0.8 1.0 1.0 733.3241935807333 733.3250268307333 744.3555236707443 730.4868106807305 745.9074122843457 744.2365355707442 -1.0 744.2365355707442 -1.0 1
103 nan 0.25 0.8 -1.0 1.0 747.008191710747 747.009191610747 747.3283263607474 746.4542137807465 748.890755630677 747.2292362707473 1.0 747.2292362707473 1.0 1
104 0.0625 nan 0.8 1.0 1.0 749.99189331075 749.99282655075 750.3551569807504 749.3187606307494 751.908461898509 750.2237034607502 -1.0 750.2237034607502 -1.0 1
105 0.25 nan 0.8 1.0 1.0 758.023956690758 758.0250899107581 760.5940329907606 752.3386586107523 762.1582584383195 758.1901067407582 -1.0 760.5167407207605 -1.0 14
106 nan 1.0 0.8 1.0 -1.0 763.2069383407633 763.2077382607632 763.4643792607635 762.6533603707627 766.0247802202347 763.3436580007633 -1.0 763.3436580007633 -1.0 1
107 nan 0.25 0.8 -1.0 1.0 767.1237799507671 767.1246798607672 767.3972859307675 766.4530803607664 768.9581878482003 767.3212602007674 1.0 767.3212602007674 1.0 1
108 nan 0.125 0.8 -1.0 1.0 770.1404115907701 770.1416114707702 770.4887100907705 769.3884867907694 772.0413103401476 770.3760880207703 1.0 770.3760880207703 1.0 1
109 0.125 nan 0.8 1.0 1.0 773.007024900773 773.007924810773 773.2877301607733 772.4696119807725 774.8414314619645 773.1735082507731 -1.0 773.1735082507731 -1.0 1
110 0.0 nan 0.8 1.0 1.0 775.7903132107758 775.7912131207758 776.0780511007761 775.2744314707753 777.6412508764522 775.972061700776 -1.0 775.972061700776 -1.0 1
111 0.0625 nan 0.8 1.0 1.0 778.6570265107787 778.6578597607787 784.032222270784 778.070351850778 785.5913190795503 779.1211467607791 -1.0 783.977894370784 -1.0 4
112 0.0625 nan 0.8 1.0 1.0 786.6068647807866 786.6077646907867 786.7024218907867 786.0538200907861 788.2579521639415 786.5674687207866 -1.0 786.5674687207866 -1.0 1
113 nan 0.0625 0.8 1.0 -1.0 789.6233964307896 789.6243963307896 791.1881066107912 788.6951559307887 793.7410730465781 791.0265227707911 -1.0 791.0265227707911 -1.0 1
114 1.0 nan 0.8 1.0 1.0 794.8733380507949 794.8743379507949 795.1095810907951 794.1964724107942 796.6733102871201 795.010624320795 -1.0 795.010624320795 -1.0 1
115 nan 0.0625 0.2 1.0 -1.0 797.991159570798 797.991992820798 800.3462907008004 797.1078145807971 802.9065551146657 800.2248695108002 -1.0 800.2248695108002 -1.0 1
116 0.25 nan 0.2 1.0 1.0 804.6742245308047 804.6752244308046 804.7651821008047 803.3577561908033 806.3231797354564 804.6387280808046 -1.0 804.6387280808046 -1.0 1
117 nan 0.0625 0.2 -1.0 1.0 808.9241661608089 808.925532690809 809.2591993208092 806.7771808808068 810.8064005283982 809.1498435908092 1.0 809.1498435908092 1.0 1
118 1.0 nan 0.2 1.0 1.0 811.940797800812 811.941831030812 812.1534098708122 811.2476004608112 813.7065388827174 812.0691183008121 -1.0 812.0691183008121 -1.0 1
119 nan 1.0 0.2 -1.0 1.0 816.6907894208167 816.6917559908167 816.946763820817 814.1506434608142 818.5063641687946 816.8500401608169 1.0 816.8500401608169 1.0 1
120 nan 0.0625 0.2 -1.0 1.0 820.974261030821 820.975060950821 823.7692148408238 818.9538630908189 825.3229108184016 823.6306953608237 1.0 823.6306953608237 1.0 1
121 nan 1.0 0.2 -1.0 1.0 826.8406743308268 826.8416742308268 827.7061544408277 825.7960121408258 829.2564514428761 827.3360914508273 1.0 827.3360914508273 1.0 1
122 nan 0.0625 0.2 -1.0 1.0 830.3406243008303 830.3419575008304 830.6392611008306 829.6971553208297 832.189576382934 830.5305053108306 1.0 830.5305053108306 1.0 1
123 nan 0.0 0.2 -1.0 1.0 834.7238859308347 834.7249191608347 835.2406009208353 832.7933790008328 836.790700942478 834.9267656408349 -1.0 834.9267656408349 -1.0 1
124 nan 1.0 0.2 -1.0 1.0 837.7725810308377 837.7735476008378 838.031621790838 837.2474002208372 839.5906210405129 837.942797340838 1.0 837.942797340838 1.0 1
125 nan 0.0625 0.2 -1.0 1.0 841.9059343208419 841.9068342308419 845.6161632608456 840.03512142084 847.1726903454049 845.4989416508455 1.0 845.4989416508455 1.0 1
126 nan 0.0625 0.2 -1.0 1.0 848.2401008408483 848.2411340708483 851.8446070208519 847.6539927908476 853.4072365198962 848.2508997608483 -1.0 851.7191529008518 1.0 4
127 nan 0.0 0.2 1.0 -1.0 857.1559758308572 857.1570423908572 860.7543159608607 853.8692378708539 863.3065097496649 860.5756338308606 -1.0 860.5756338308606 -1.0 1
128 nan 1.0 0.2 -1.0 1.0 864.3391574408644 864.3402906608643 864.7022211308647 863.7996114008638 866.255621721849 864.5791001108646 1.0 864.5791001108646 1.0 1
129 nan 0.25 0.2 -1.0 1.0 868.1400439808682 868.1409105608682 868.3371576008683 866.7010212308667 869.8890536605678 868.2567989708683 1.0 868.2567989708683 1.0 1
130 nan 0.0 0.2 -1.0 1.0 871.9734606008719 871.9742271908719 872.7118867508727 870.3521560808704 874.2722839992055 872.5534026008726 1.0 872.5534026008726 1.0 1
131 nan 0.125 0.2 -1.0 1.0 875.3067939008753 875.3078604608753 875.6294949608756 874.7383840808748 877.1730957869377 875.4733105808755 1.0 875.4733105808755 1.0 1
132 nan 0.125 0.2 -1.0 1.0 879.0722173208791 879.0731505608791 879.1643081108791 877.6230955808776 880.7223377824599 879.0779167508791 1.0 879.0779167508791 1.0 1
133 0.0625 nan 0.2 -1.0 -1.0 881.7066205208818 881.7074537708817 881.935097670882 881.1736404908812 884.488761734247 881.8340744408819 1.0 881.8340744408819 1.0 1
134 nan 0.25 0.2 -1.0 1.0 886.7565488108868 886.7573820608868 887.0629848308871 884.9551623008849 888.6231812311769 886.956128850887 1.0 886.956128850887 1.0 1
135 nan 1.0 0.2 -1.0 1.0 889.6054972208896 889.6066971008896 892.8458398208928 889.0956815408891 894.4065334378682 889.7911453208898 1.0 892.3561554608924 -1.0 11
136 1.0 nan 0.2 1.0 1.0 895.5886321808956 895.5896320808956 896.1492427808962 894.8945349308949 897.7067705385034 895.7966447108959 1.0 895.7966447108959 1.0 1
137 nan 0.125 0.2 -1.0 1.0 898.7719471508988 898.7729470508988 898.976160060899 898.1709739208982 900.5397905624337 898.8969346508989 1.0 898.8969346508989 1.0 1
138 nan 0.25 0.2 -1.0 1.0 905.6550587709056 905.6558586909057 905.904533820906 901.005490440901 907.4730282210239 905.8062103209058 1.0 905.8062103209058 1.0 1
139 nan 0.0625 0.2 -1.0 1.0 908.5051070709085 908.5061736309085 908.8067435709088 907.963927860908 910.371641358048 908.7143528109087 1.0 908.7143528109087 1.0 1
140 nan 0.0625 0.2 -1.0 1.0 912.1231119009121 912.1241451309121 912.4483793709124 910.8287413509108 914.0048743173519 912.3398235609124 1.0 912.3398235609124 1.0 1
141 nan 1.0 0.2 -1.0 1.0 915.2228685609152 915.2241351009152 915.4394802309155 914.4821759709145 917.005107915316 915.3641211009153 1.0 915.3641211009153 1.0 1
142 1.0 nan 0.2 1.0 1.0 919.4396801709195 919.4407134009194 920.2694305209203 917.4632111709175 921.8383563270578 919.6039970709196 -1.0 919.95449535092 -1.0 3
143 nan 0.125 0.2 -1.0 1.0 922.8561384909228 922.8570384009229 923.2025371809232 922.3172590509223 924.7716689898075 923.093148120923 1.0 923.093148120923 1.0 1
144 0.0625 nan 0.2 -1.0 -1.0 925.8559051509259 925.8570050409259 926.012656140926 925.2326674809252 928.5726843173205 925.8824691609259 1.0 925.8824691609259 1.0 1
145 nan 0.25 0.2 -1.0 1.0 929.9216985309299 929.9226317709299 930.2328007509302 929.0635843509291 931.8061240588903 930.08724864093 -1.0 930.08724864093 -1.0 1
146 1.0 nan 0.2 -1.0 -1.0 933.6549251709337 933.6559250709337 938.0251881009381 932.2852288209323 940.5889802508116 937.8479724909379 1.0 937.8479724909379 1.0 1
147 nan 0.25 0.2 -1.0 1.0 941.7213184509417 941.7221517009417 941.972693310942 941.1033802509411 943.5380910763516 941.8812024609418 1.0 941.8812024609418 1.0 1
148 nan 0.125 0.2 -1.0 1.0 945.3221916609454 945.3231249009453 949.1487423009492 943.999990560944 950.704568036435 949.0704501309491 1.0 949.0704501309491 1.0 1
149 nan 1.0 0.2 -1.0 1.0 957.4057498509574 957.4066830909575 957.7221182109578 951.1988706009512 959.2888067658946 957.5857318509576 1.0 957.5857318509576 1.0 1
150 nan 0.25 0.2 -1.0 1.0 962.4544116009624 962.4552781809624 962.8150422009628 959.8340070009599 964.3722671106692 962.6950208709627 1.0 962.6950208709627 1.0 1
151 nan 0.125 0.2 -1.0 1.0 968.2044032109682 968.2055697609682 968.5264710009685 964.8658704309648 970.0878981491792 968.4048498309684 1.0 968.4048498309684 1.0 1
152 0.0625 nan 0.2 1.0 1.0 972.8554713909729 972.8565046209728 974.979025680975 970.5836985909706 976.5377523670553 974.8476388209749 -1.0 974.8476388209749 -1.0 1
153 nan 0.25 0.2 -1.0 1.0 977.6886546909777 977.6897879109777 978.006756210978 977.033053590977 979.5720821946454 977.9071995009779 1.0 977.9071995009779 1.0 1
154 nan 0.0625 0.2 -1.0 1.0 980.5707664509806 980.5717663509806 983.5252043109836 980.05168503098 985.0875119708159 983.3815853409834 1.0 983.3815853409834 1.0 1
155 0.25 nan 0.2 1.0 1.0 989.7385162509897 989.7393495009898 1016.975158981017 985.7680133409858 1018.5369601516658 1016.8282070110168 -1.0 1016.8282070110168 -1.0 1
156 0.25 nan 0.2 1.0 1.0 1019.8379726710199 1019.8390059010198 1020.1614736510202 1019.2623635710193 1021.7201720513959 1020.0661498510201 -1.0 1020.0661498510201 -1.0 1
157 nan 0.0 0.2 1.0 -1.0 1023.8545376410239 1023.8556375310238 1024.4082822610244 1022.1734724310222 1026.9712092275875 1024.157640661024 1.0 1024.157640661024 1.0 1
158 nan 0.0625 0.2 1.0 -1.0 1029.7703460010298 1029.7712459110298 1033.8582038410339 1027.4555108410275 1036.420292022401 1033.7455484410339 -1.0 1033.7455484410339 -1.0 1
159 1.0 nan 0.2 1.0 1.0 1037.5543008610375 1037.5551674410376 1037.7822114010378 1036.949894641037 1039.3369074607645 1037.7024860410377 -1.0 1037.7024860410377 -1.0 1
160 nan 0.0 0.2 1.0 -1.0 1040.5208708410405 1040.5217707510405 1042.2330996010423 1039.8176078410397 1044.7879590744421 1042.1548407610421 -1.0 1042.1548407610421 -1.0 1
161 nan 1.0 0.2 -1.0 1.0 1048.2867275110482 1048.2876940810484 1048.6175944210486 1045.2863609110452 1050.16998956591 1048.5159379210486 1.0 1048.5159379210486 1.0 1
162 nan 0.125 0.2 1.0 -1.0 1055.087647351055 1055.0886472510551 1070.19047025107 1050.6601901410506 1072.7372488313472 1055.3626198510553 1.0 1070.06391624107 -1.0 3
163 nan 1.0 0.2 -1.0 1.0 1074.103012291074 1074.104078851074 1074.3703855510744 1073.3881504510734 1075.9195807245335 1074.2778614710744 1.0 1074.2778614710744 1.0 1
164 nan 0.25 0.2 -1.0 1.0 1076.970525511077 1076.971425421077 1081.4468111710814 1076.3879837710765 1083.0030365279545 1081.2844607410814 1.0 1081.2844607410814 1.0 1
165 nan 0.25 0.2 -1.0 1.0 1086.7705120810867 1086.7716119710867 1087.3033587910872 1083.5169374710836 1088.853683476098 1087.169572171087 1.0 1087.169572171087 1.0 1
166 nan 1.0 0.2 -1.0 1.0 1093.1861371210932 1093.1872370110932 1095.5318358610955 1089.3672857110894 1097.0870574722267 1093.4496441010936 1.0 1095.4379785810954 1.0 6
167 nan 1.0 0.2 1.0 -1.0 1100.1526404011001 1100.1534736511 1102.796442661103 1097.6114612110975 1105.3524996518531 1102.6385917811026 -1.0 1102.6385917811026 -1.0 1
168 nan 0.25 0.2 -1.0 1.0 1106.5702652411067 1106.5710984911066 1107.3235232411073 1105.877501191106 1108.8690224076004 1106.8292060111069 1.0 1107.053583571107 -1.0 2
169 nan 1.0 0.2 -1.0 1.0 1109.8537368611098 1109.85473676111 1110.1189436711102 1109.3319223811093 1111.670241246711 1110.02395317111 1.0 1110.02395317111 1.0 1
170 nan 1.0 0.2 -1.0 1.0 1113.2688286511134 1113.2696952311132 1113.5347687211136 1112.141041441112 1115.085771669998 1113.4310457611134 1.0 1113.4310457611134 1.0 1
171 0.125 nan 0.2 -1.0 -1.0 1116.4867401611166 1116.4876400711164 1118.2606294211182 1115.7816773411157 1120.8199213268956 1118.150407111118 1.0 1118.150407111118 1.0 1
172 nan 0.25 0.2 1.0 -1.0 1121.968925221122 1121.969925121122 1123.078914211123 1121.3196234911213 1125.6366420694442 1122.3513203111224 1.0 1122.870835021123 -1.0 2
173 1.0 nan 0.2 1.0 1.0 1126.6189601711267 1126.6198934111267 1126.8985655411268 1126.133142091126 1128.4702617417981 1126.8137740211268 -1.0 1126.8137740211268 -1.0 1
174 nan 1.0 0.2 -1.0 1.0 1129.5187368311294 1129.5198367211294 1129.7897763911299 1128.933362041129 1131.35229903729 1129.6839869711298 1.0 1129.6839869711298 1.0 1
175 nan 1.0 0.2 -1.0 1.0 1132.4532100211325 1132.4541432611325 1132.7533133411328 1131.836405041132 1134.3029118614681 1132.6188267911327 1.0 1132.6188267911327 1.0 1
176 nan 0.25 0.2 -1.0 1.0 1136.3187234311363 1136.3197899911363 1138.029152371138 1134.7786107911347 1139.5854445151465 1137.8081411411379 1.0 1137.8081411411379 1.0 1
177 nan 0.25 0.2 -1.0 1.0 1140.5528999711405 1140.5537332211406 1140.848270431141 1140.09394587114 1142.4019641472426 1140.7534465811407 1.0 1140.7534465811407 1.0 1
178 nan 1.0 0.2 -1.0 1.0 1143.4531432511435 1143.4540431611435 1143.6485903711437 1142.8847667611428 1145.219711207135 1143.5707648211435 1.0 1143.5707648211435 1.0 1
179 nan 0.125 0.2 -1.0 1.0 1146.4520433311466 1146.4530099011465 1146.6987186611468 1145.7051180311457 1148.2530165415344 1146.5960622611467 1.0 1146.5960622611467 1.0 1
180 nan 1.0 0.2 -1.0 1.0 1149.6184599911496 1149.6192932411495 1149.83503833115 1148.7344150711488 1151.3864339193728 1149.7390146011498 1.0 1149.7390146011498 1.0 1
181 nan 0.25 0.2 1.0 -1.0 1152.3852499511524 1152.3862831811523 1156.5615656111565 1151.866635151152 1159.1185892875021 1152.5280690011525 1.0 1156.2402977411562 1.0 3
182 0.0625 nan 0.2 1.0 1.0 1160.11970976116 1160.1208763111601 1163.945527141164 1159.6409909711597 1165.5025506451882 1163.8351048511638 -1.0 1163.8351048511638 -1.0 1
183 nan 0.125 0.2 -1.0 1.0 1166.5849631711667 1166.5861297211666 1167.072547741167 1166.013353671166 1168.6351731186655 1166.6561227211666 -1.0 1166.9743908911669 1.0 2
184 nan 0.25 0.2 -1.0 1.0 1169.7860430311698 1169.78707626117 1170.06958134117 1169.1272755811692 1171.63610659169 1169.98322331117 1.0 1169.98322331117 1.0 1
185 nan 0.25 0.2 -1.0 1.0 1175.2849597511754 1175.2860263111752 1175.7213161111758 1172.1238092311721 1177.2850414080006 1175.2351314011753 1.0 1175.2351314011753 1.0 1
186 nan 0.25 0.2 1.0 -1.0 1178.4026146211784 1178.4036811811784 1178.5833298811785 1177.7918423711778 1181.1522557473486 1178.3320216811783 1.0 1178.3320216811783 1.0 1
187 0.0625 nan 0.8 -1.0 -1.0 1183.051516351183 1183.0526162411832 1183.5466001711836 1181.6619553211817 1186.1192893209413 1183.3241890811832 -1.0 1183.3241890811832 -1.0 1
188 0.25 nan 0.8 1.0 1.0 1188.018019651188 1188.018886231188 1188.3338214011883 1186.6271920811866 1189.901241652529 1188.2355312311884 -1.0 1188.2355312311884 -1.0 1
189 0.25 nan 0.8 1.0 1.0 1190.969091181191 1190.970191071191 1191.3045576311913 1190.4104470511904 1192.8681539739284 1191.2270987111913 -1.0 1191.2270987111913 -1.0 1
190 0.25 nan 0.8 1.0 1.0 1193.902397821194 1193.903497711194 1197.4948052111974 1193.3610519611934 1199.0513940342576 1193.999288131194 1.0 1197.3494197511973 1.0 10
191 0.0 nan 0.8 1.0 1.0 1200.2856927612004 1200.2867593212004 1201.3204226112014 1199.5791967511996 1202.885816147043 1201.2082338312011 -1.0 1201.2082338312011 -1.0 1
192 0.0625 nan 0.8 1.0 1.0 1204.4677745112044 1204.4687410812044 1205.1853360812052 1203.3789167412033 1206.7524579753826 1204.7943418512048 1.0 1205.1594053412052 -1.0 3
193 0.25 nan 0.8 1.0 1.0 1207.7513127912077 1207.7523793512078 1211.018386051211 1207.2501629112073 1212.5856086235833 1210.876833541211 -1.0 1210.876833541211 -1.0 1
194 0.0625 nan 0.8 1.0 1.0 1214.3844494112143 1214.3852826612144 1214.8649013612148 1213.1126099412131 1216.434326396964 1214.7625116012148 -1.0 1214.7625116012148 -1.0 1
195 1.0 nan 0.8 1.0 1.0 1217.4518759712175 1217.4529425312176 1217.7072504312177 1216.945426621217 1219.2675435426358 1217.6185593012176 -1.0 1217.6185593012176 -1.0 1
196 0.125 nan 0.8 1.0 1.0 1226.3353208712263 1226.3361874512264 1231.2076335912311 1219.7660445312197 1232.767548331877 1231.0955448012312 -1.0 1231.0955448012312 -1.0 1
197 1.0 nan 0.8 1.0 1.0 1234.018852441234 1234.019752351234 1234.2949581612343 1233.3664510212334 1235.850682308407 1234.2033673212343 -1.0 1234.2033673212343 -1.0 1
198 0.25 nan 0.8 1.0 1.0 1237.6685207712376 1237.6693873512377 1237.999187701238 1236.3479861712365 1239.5517132667721 1237.898397781238 -1.0 1237.898397781238 -1.0 1
199 nan 0.0625 0.8 1.0 -1.0 1241.1171758712412 1241.1180091212411 1244.7359806212448 1240.05561537124 1247.3016689721387 1244.4246784212444 -1.0 1244.4246784212444 -1.0 1
200 nan 1.0 0.8 -1.0 1.0 1248.4337774712485 1248.4346107212484 1249.0413833712491 1247.844269761248 1250.601577960517 1248.6171258012487 1.0 1248.6171258012487 1.0 1
201 1.0 nan 0.8 1.0 1.0 1251.8505690912518 1251.851568991252 1252.990688401253 1251.105776911251 1254.5504123690655 1252.6850189712527 -1.0 1252.952025601253 -1.0 2
202 0.125 nan 0.8 1.0 1.0 1257.8016405912579 1257.8025071712577 1264.954991851265 1255.055115271255 1266.5183103438346 1264.859801371265 -1.0 1264.859801371265 -1.0 1
203 0.25 nan 0.8 1.0 1.0 1269.2336972712692 1269.2347305012693 1269.5537319312696 1267.087011961267 1271.1168240570657 1269.4664739912694 -1.0 1269.4664739912694 -1.0 1
204 nan 0.125 0.8 1.0 -1.0 1276.5348004212765 1276.5356670012766 1289.3655172212893 1271.6294243412717 1291.9167954134327 1289.2594278312893 -1.0 1289.2594278312893 -1.0 1
205 1.0 nan 0.8 -1.0 -1.0 1293.034683601293 1293.0354835212931 1308.836969881309 1292.5596977712926 1311.3999478775472 1308.7176818113087 1.0 1308.7176818113087 1.0 1
206 0.0625 nan 0.8 -1.0 -1.0 1312.8341367913129 1312.8352700113128 1319.3331868213193 1312.036949851312 1321.883707099842 1319.2087992613192 1.0 1319.2087992613192 1.0 1
207 nan 1.0 0.8 1.0 -1.0 1328.116308421328 1328.117108341328 1331.960390641332 1322.4521082313224 1334.5170991087602 1331.7674766013317 -1.0 1331.7674766013317 -1.0 1
208 0.0 nan 0.8 1.0 1.0 1335.949591681336 1335.9504249313359 1342.162770301342 1335.179901991335 1343.7170665235926 1342.0325833213421 -1.0 1342.0325833213421 -1.0 1
209 0.125 nan 0.8 1.0 1.0 1345.1325399613452 1345.1336065213452 1345.4335765213455 1344.5058693013445 1346.9827004548515 1345.3401858613454 -1.0 1345.3401858613454 -1.0 1
210 0.125 nan 0.8 1.0 1.0 1348.100443141348 1348.1019096613481 1348.4090122813484 1347.4879044013476 1349.966007922899 1348.3075224313484 -1.0 1348.3075224313484 -1.0 1
211 nan 0.0 0.2 1.0 -1.0 1356.050181421356 1356.0511479913562 1358.4661398013584 1350.4813050313505 1361.0334905255586 1356.1530378013563 -1.0 1358.078645221358 1.0 6
212 nan 0.0625 0.2 1.0 -1.0 1362.148904821362 1362.149804731362 1376.898596371377 1361.6008929613615 1379.4500430984333 1376.7310797913767 -1.0 1376.7310797913767 -1.0 1
213 nan 0.125 0.2 -1.0 1.0 1380.5488313113806 1380.5498978713806 1380.908661991381 1380.0757452913801 1382.4831546338066 1380.7940401213807 1.0 1380.7940401213807 1.0 1
214 nan 0.0625 0.2 1.0 -1.0 1383.6153912913837 1383.6165245113837 1383.9251936413839 1382.998452991383 1386.4820842822576 1383.8330361913838 -1.0 1383.8330361913838 -1.0 1
215 0.0 nan 0.2 1.0 1.0 1387.5329661613875 1387.5338327413876 1388.1220072513881 1386.996686461387 1389.6996978254867 1387.905228931388 1.0 1388.012018251388 -1.0 2
216 nan 0.0625 0.2 1.0 -1.0 1390.7487112213907 1390.7497777813908 1411.7975727914118 1390.2180976213901 1414.3662788929403 1411.6373888114117 -1.0 1411.6373888114117 -1.0 1
217 nan 0.0625 0.2 0.0 -1.0 1415.5816610114157 1415.5825275914156 1475.5838935214756 1415.039581891415 1478.0831778923684 nan 0.0 nan 0.0 0
218 nan 1.0 0.2 -1.0 1.0 1479.080677141479 1479.5665285514797 1480.0657786214801 1479.019783231479 1481.632001995613 1479.86679852148 1.0 1479.86679852148 1.0 1
219 0.125 nan 0.2 1.0 1.0 1485.3639820814853 1485.3647820014853 1485.4709047214856 1482.1518033314821 1487.0320291558298 1485.3192198914853 -1.0 1485.3192198914853 -1.0 1
220 nan 1.0 0.2 -1.0 1.0 1488.7973053814887 1488.7981053014887 1489.069644811489 1487.5637287514876 1490.6307664987526 1488.990652711489 1.0 1488.990652711489 1.0 1
221 nan 0.25 0.2 -1.0 1.0 1492.3650485714925 1492.3660484714924 1492.7833734014928 1491.1473703514912 1494.3473977494323 1492.6575859814927 1.0 1492.6575859814927 1.0 1
222 nan 1.0 0.2 -1.0 1.0 1495.3814135714954 1495.3823468114954 1495.7001816914958 1494.8528997614949 1497.2651077359658 1495.5534630314955 1.0 1495.5534630314955 1.0 1
223 nan 1.0 0.2 -1.0 1.0 1498.8638319614988 1498.864998511499 1499.2533263414994 1497.7801070114979 1500.813948186619 1499.127872221499 1.0 1499.127872221499 1.0 1
224 nan 0.0625 0.2 -1.0 1.0 1503.0313151715031 1503.032281741503 1503.2553594315032 1501.3223527515013 1504.8138806644974 1503.1679348415032 1.0 1503.1679348415032 1.0 1
225 nan 0.0 0.2 -1.0 1.0 1506.8649651015069 1506.8658983415069 1507.078877041507 1505.3544828315053 1508.6485021964868 1506.982719991507 1.0 1506.982719991507 1.0 1
226 nan 0.0625 0.2 1.0 -1.0 1509.7637085315098 1509.7648750815097 1510.08520971151 1509.1648017615091 1512.6481315474937 1509.94905666151 -1.0 1509.94905666151 -1.0 1
227 nan 0.125 0.2 -1.0 1.0 1513.913626831514 1513.9144934115138 1514.2620253215143 1513.1883327015132 1515.8304490075398 1514.1180063915142 1.0 1514.1180063915142 1.0 1
228 0.0625 nan 0.2 -1.0 -1.0 1521.5312983215215 1521.5323982115215 1522.2107303715222 1516.3501498215164 1524.7649153124976 1521.7549092915217 1.0 1521.7549092915217 1.0 1
229 0.0625 nan 0.2 -1.0 -1.0 1527.029948401527 1527.031014961527 1529.156669041529 1525.3384175715253 1531.7134576108053 1529.001951181529 1.0 1529.001951181529 1.0 1
230 nan 1.0 0.2 -1.0 1.0 1533.7479432015339 1533.7489431015338 1533.997084951534 1532.2573589415322 1535.5634053023477 1533.917426251534 1.0 1533.917426251534 1.0 1
231 nan 0.0625 0.2 -1.0 1.0 1538.3979448215384 1538.3988780615384 1538.7306115515387 1536.0879091815361 1540.2967320586529 1538.6351544315387 1.0 1538.6351544315387 1.0 1
232 nan 0.25 0.2 -1.0 1.0 1541.5309981515416 1541.5318647315416 1541.7829396215418 1540.8416337615408 1543.346461767684 1541.6972481915418 1.0 1541.6972481915418 1.0 1
233 nan 0.125 0.2 -1.0 1.0 1545.8475664515458 1545.8485330215458 1546.2283617015462 1543.8611651115439 1547.7810871110523 1546.0875424515461 1.0 1546.0875424515461 1.0 1
234 nan 0.0 0.2 1.0 -1.0 1550.07990984155 1550.0807430915502 1553.2560588615534 1548.3103868115484 1555.8131443854497 1550.2696908615503 1.0 1553.2095968415533 -1.0 2
235 nan 0.25 0.2 -1.0 1.0 1556.914126351557 1556.915026261557 1557.2278616415572 1556.3886455715565 1558.7798555871327 1557.1029741315572 1.0 1557.1029741315572 1.0 1
236 nan 0.25 0.2 -1.0 1.0 1559.9473230015599 1559.94832290156 1560.2561587815603 1559.3028541215592 1561.813981412926 1560.1614349215602 1.0 1560.1614349215602 1.0 1
237 nan 0.0 0.2 -1.0 1.0 1563.4130430615635 1563.4139429715635 1566.5055337815666 1562.3327844315625 1568.064021496024 1563.836067421564 1.0 1566.3208522515663 1.0 2
238 nan 0.25 0.2 -1.0 1.0 1569.179399701569 1569.1801996215693 1570.5654610815707 1568.6239219215686 1572.1294505319981 1569.4363740015694 1.0 1570.4302746015705 1.0 4
239 nan 1.0 0.2 -1.0 1.0 1573.1303712315732 1573.1315044515732 1573.3658810115735 1572.6618514215727 1574.9136731825338 1573.2669909015733 1.0 1573.2669909015733 1.0 1
240 0.0625 nan 0.2 -1.0 -1.0 1579.0794762615792 1579.0804095015792 1582.073376841582 1575.4308744915754 1584.6305598962988 1579.3634811915795 1.0 1581.5330308815815 1.0 3
241 nan 0.25 0.2 -1.0 1.0 1586.5959245415866 1586.5969911015866 1592.3336173815924 1585.2105630915853 1593.8793350213343 1587.2838890715873 1.0 1592.2521255315924 1.0 4
242 0.0 nan 0.2 -1.0 -1.0 1598.013416011598 1598.014215931598 1601.5131660016016 1594.4632377315945 1604.0635848698444 1601.4001106416015 1.0 1601.4001106416015 1.0 1
243 nan 0.0625 0.2 1.0 -1.0 1605.2625243616053 1605.2634576016053 1608.3234182416084 1604.6594846716048 1610.8802340253787 1608.1335705616082 -1.0 1608.1335705616082 -1.0 1
244 nan 1.0 0.2 -1.0 1.0 1614.1455026416143 1614.1463692216141 1614.4498722016144 1611.4836355216114 1616.0133898395595 1614.3606477916144 1.0 1614.3606477916144 1.0 1
245 nan 1.0 0.2 -1.0 1.0 1617.045745921617 1617.046645831617 1617.3435828016175 1616.5731931816165 1618.9135066726324 1617.2604911116173 1.0 1617.2604911116173 1.0 1
246 0.25 nan 0.2 1.0 1.0 1620.07880925162 1620.0799424716201 1623.1468357516233 1619.4442060516194 1624.712254701564 1623.030680701623 -1.0 1623.030680701623 -1.0 1
247 0.25 nan 0.2 1.0 1.0 1626.796604071627 1626.797537311627 1627.1338703416272 1625.2719565516252 1628.7133883045733 1626.8547982516268 1.0 1627.018948501627 -1.0 2
248 0.125 nan 0.2 1.0 1.0 1629.8120691616298 1629.8131690516298 1630.1852985016303 1629.2707899616294 1631.7629915243465 1630.0829754016302 -1.0 1630.0829754016302 -1.0 1
249 nan 0.25 0.2 1.0 -1.0 1632.8121024616328 1632.8131356916329 1633.012815721633 1632.2878882216323 1635.579732926833 1632.7417095016328 1.0 1632.7417095016328 1.0 1
250 nan 1.0 0.2 -1.0 1.0 1637.2620574216373 1637.2630906516372 1637.5421294116375 1636.1247378316361 1639.1119520270654 1637.4246078316373 1.0 1637.4246078316373 1.0 1
251 nan 0.0625 0.2 1.0 -1.0 1640.3130856216403 1640.3140521916403 1640.6043898216406 1639.6568512516396 1643.1798771189526 1640.5157653516405 -1.0 1640.5157653516405 -1.0 1
252 nan 0.25 0.2 -1.0 1.0 1644.2618573716443 1644.2626906216442 1645.2792889516452 1643.7256776616437 1646.845308253883 1644.4266408916444 -1.0 1644.989784571645 1.0 2
253 nan 0.125 0.2 -1.0 1.0 1648.062843901648 1648.0639771216481 1650.4245410416504 1647.3895112416474 1651.9951581566438 1648.5036664816485 1.0 1650.3458155816504 1.0 4
254 nan 0.25 0.2 -1.0 1.0 1653.4130088316535 1653.4139087416534 1653.6831484816537 1652.846765461653 1655.2450732925963 1653.5694931816536 1.0 1653.5694931816536 1.0 1
255 0.0625 nan 0.2 1.0 1.0 1658.3794788016585 1658.3805120316583 1664.5277305816646 1655.7752725816558 1666.0959463688614 1658.5145319616586 1.0 1664.4587374816645 -1.0 7
256 nan 0.0 0.2 1.0 -1.0 1669.4781688216694 1669.4790687316695 1676.3239841716763 1666.6915475116666 1678.8949302900373 1676.2222276816763 -1.0 1676.2222276816763 -1.0 1
257 nan 0.125 0.2 1.0 -1.0 1680.01214865168 1680.01328187168 1680.2879210716803 1679.5085323516796 1682.8613718987745 1680.1833648616803 -1.0 1680.1833648616803 -1.0 1
258 nan 0.125 0.2 1.0 -1.0 1683.945555271684 1683.946555171684 1684.7142450616848 1683.4065758416834 1687.2787996509837 1684.4632701616845 1.0 1684.4632701616845 1.0 1
259 nan 0.0625 0.2 1.0 -1.0 1688.4779353216884 1688.4788352316884 1702.3896773417025 1687.8240007216878 1704.961019137735 1692.8923271716928 1.0 1702.2893873717023 -1.0 2
260 nan 1.0 0.2 -1.0 1.0 1706.095273411706 1706.0963066417062 1706.7034459217068 1705.6137215717056 1708.2609633447694 1706.3329829717063 1.0 1706.3329829717063 1.0 1
261 nan 0.0625 0.2 1.0 -1.0 1714.8285999917148 1714.829566561715 1723.6107883517236 1708.809868591709 1726.1774936662314 1723.4594034917234 -1.0 1723.4594034917234 -1.0 1
262 0.25 nan 0.2 1.0 1.0 1727.3616132317275 1727.3627464517274 1727.7048122417277 1726.852797451727 1729.2618037948441 1727.6098550717277 -1.0 1727.6098550717277 -1.0 1
263 nan 1.0 0.2 -1.0 1.0 1730.7274766117307 1730.7283765217308 1731.060210001731 1729.8092017817298 1732.6275304186793 1730.962486441731 1.0 1730.962486441731 1.0 1
264 0.25 nan 0.8 1.0 1.0 1733.8286331317338 1733.8296663617339 1739.6218870817397 1733.1698323517332 1741.178502583622 1739.4098749517395 1.0 1739.4098749517395 1.0 1
265 0.25 nan 0.8 -1.0 -1.0 1745.977218151746 1745.978218051746 1787.927422711788 1741.7703055517418 1790.4932695685125 1787.7802374317878 1.0 1787.7802374317878 1.0 1
266 0.0625 nan 0.8 0.0 -1.0 1791.960719341792 1791.961719241792 1851.963085171852 1791.4196734517914 1854.4623318432414 nan 0.0 nan 0.0 0
267 0.125 nan 0.8 1.0 1.0 1855.5101304318555 1856.1767304318562 1878.843696841879 1855.4450369418555 1880.4098334793366 1878.6809131218788 -1.0 1878.6809131218788 -1.0 1
268 0.0 nan 0.8 1.0 1.0 1882.4585686518824 1882.4594352318825 1882.998647971883 1881.1185360018812 1884.5586667863088 1882.8710274018829 -1.0 1882.8710274018829 -1.0 1
269 0.125 nan 0.8 1.0 1.0 1885.6096868418856 1885.6107200718857 1885.935354271886 1885.127668381885 1887.5094760028826 1885.8487629318859 -1.0 1885.8487629318859 -1.0 1
270 0.25 nan 0.8 1.0 1.0 1892.0584085718922 1892.0593418118922 1893.5633247318935 1888.060475071888 1895.141935409777 1893.2030274318931 1.0 1893.4163061018935 -1.0 2
271 0.0625 nan 0.8 1.0 1.0 1898.159398411898 1898.1602649918982 1906.0575085219061 1895.7588384918959 1907.6259192863179 1905.957818491906 -1.0 1905.957818491906 -1.0 1
272 0.0625 nan 0.8 1.0 1.0 1910.8248650719108 1910.8257983119108 1914.3916750219144 1908.2608215019084 1915.959189210993 1914.2592216019143 -1.0 1914.2592216019143 -1.0 1
273 1.0 nan 0.8 1.0 1.0 1918.7916016519189 1918.7927682019188 1919.1126028819192 1916.5614913519166 1920.6759221590646 1919.0007807319191 -1.0 1919.0007807319191 -1.0 1
274 0.125 nan 0.8 1.0 1.0 1924.008246601924 1924.0093464919241 1929.1904949919292 1921.2445230019212 1930.7580062056975 1928.5611246019287 1.0 1928.5611246019287 1.0 1
275 0.25 nan 0.8 1.0 1.0 1931.892291451932 1931.8932580219318 1932.1525987519321 1931.3791094419314 1933.724720847765 1932.070740271932 -1.0 1932.070740271932 -1.0 1
276 0.25 nan 0.8 1.0 1.0 1935.7421064319358 1935.7428730219358 1935.9918147919361 1934.5836222919347 1937.559135975373 1935.907589881936 -1.0 1935.907589881936 -1.0 1
277 1.0 nan 0.8 1.0 1.0 1938.8077998319388 1938.808833061939 1941.996880891942 1938.109636321938 1943.5578941449337 1941.5386933819416 -1.0 1941.982815631942 -1.0 3
278 0.125 nan 0.8 1.0 1.0 1948.3588446319484 1948.3597445419484 1958.2731864319583 1944.1470991819442 1959.8419927456193 1958.1681636019582 -1.0 1958.1681636019582 -1.0 1
279 0.0625 nan 0.8 1.0 1.0 1961.1909612919612 1961.1919278619612 1963.3385131819634 1960.5229947619605 1964.9087283656265 1963.2280908919633 -1.0 1963.2280908919633 -1.0 1
280 0.0625 nan 0.8 1.0 1.0 1967.091037891967 1967.0925377419671 1967.5522584319676 1965.4986304819656 1969.1252727566948 1967.4362367019673 -1.0 1967.4362367019673 -1.0 1
281 0.0625 nan 0.8 1.0 1.0 1970.3906745619704 1970.3918411119705 1971.0550747819711 1969.6880781619698 1972.6074948217024 1970.8580278219708 -1.0 1970.8580278219708 -1.0 1
282 1.0 nan 0.8 1.0 1.0 1975.1586310519751 1975.1594643019753 1975.5513251119755 1973.179095691973 1977.1085396653325 1975.4483354119754 -1.0 1975.4483354119754 -1.0 1
283 0.25 nan 0.8 1.0 1.0 1982.2405227919824 1982.2413893719822 1990.5325268419906 1977.6961439419777 1992.0906362450498 1990.4433024319906 -1.0 1990.4433024319906 -1.0 1
284 0.125 nan 0.8 1.0 1.0 1993.3415792419933 1993.3425791419934 1993.5694564519936 1992.7596374419927 1995.1238734564417 1993.4802987019934 -1.0 1993.4802987019934 -1.0 1
285 1.0 nan 0.8 1.0 1.0 2000.2245242120002 2000.2255241120004 2013.058707332013 1995.6842782819956 2014.6245117530646 2012.968316372013 -1.0 2012.968316372013 -1.0 1
286 1.0 nan 0.8 1.0 1.0 2015.956684172016 2015.957684072016 2016.8036328020169 2015.3197145420154 2018.3579222333342 2016.7177080620168 -1.0 2016.7177080620168 -1.0 1
287 0.125 nan 0.8 1.0 1.0 2020.8068657720207 2020.807965662021 2021.043542102021 2018.928420302019 2022.6078571503604 2020.940419082021 -1.0 2020.940419082021 -1.0 1
288 0.125 nan 0.8 1.0 1.0 2024.8233307520247 2024.824263992025 2029.1814948920291 2023.2015596120232 2030.7409077171371 2029.080238352029 -1.0 2029.080238352029 -1.0 1
289 0.125 nan 0.8 1.0 1.0 2032.7567706620327 2032.7578372220328 2033.3294467220333 2031.3680095520315 2034.8899602223642 2033.1996597020332 -1.0 2033.1996597020332 -1.0 1
290 nan 0.125 0.8 1.0 -1.0 2039.4739988720396 2039.4750987620396 2043.071705732043 2035.4691660620356 2045.6230197289665 2042.959583612043 -1.0 2042.959583612043 -1.0 1
291 0.0625 nan 0.8 -1.0 -1.0 2046.7240737920467 2046.7250070320467 2104.840694882105 2046.2521209920462 2107.406795772959 2104.6660456821046 1.0 2104.6660456821046 1.0 1
292 0.0625 nan 0.8 1.0 1.0 2108.972181692109 2108.973348242109 2111.110101212111 2108.4385017321083 2112.689018100158 2110.996512572111 -1.0 2110.996512572111 -1.0 1
293 nan 1.0 0.8 -1.0 1.0 2115.2399548521153 2115.240921422115 2115.4942294221155 2113.2842171121133 2117.055546158122 2115.4195035621156 1.0 2115.4195035621156 1.0 1
294 nan 0.25 0.8 -1.0 1.0 2119.289916482119 2119.290883052119 2124.5896197921247 2117.639648192118 2126.1562315334286 2119.6434811221197 1.0 2124.3863067921243 1.0 6
295 0.25 nan 0.8 1.0 1.0 2127.738638192128 2127.739804742128 2128.890023042129 2126.7663354321267 2130.455443516084 2127.865258862128 1.0 2128.818930152129 -1.0 3
296 nan 0.0625 0.8 1.0 -1.0 2132.006144732132 2132.007077972132 2132.5820871321325 2131.040341322131 2135.1561707358137 2132.4790307721323 -1.0 2132.4790307721323 -1.0 1
297 1.0 nan 0.8 1.0 1.0 2136.288583112136 2136.2897163321363 2136.5128940121367 2135.738371472136 2138.072706482539 2136.4260693621363 -1.0 2136.4260693621363 -1.0 1
298 nan 0.0625 0.8 -1.0 1.0 2139.1883931021393 2139.1893263421393 2139.8206298721398 2138.6497136421385 2141.388443327243 2139.6917760921397 1.0 2139.6917760921397 1.0 1
299 nan 0.0625 0.8 1.0 -1.0 2143.889722922144 2143.890622832144 2147.804231432148 2141.968448402142 2150.373009289863 2147.699441912148 -1.0 2147.699441912148 -1.0 1
300 0.25 nan 0.8 1.0 1.0 2152.0382746521523 2152.0392078921523 2155.1854265721554 2151.001311692151 2156.7559405554603 2155.082670182155 -1.0 2155.082670182155 -1.0 1
301 0.25 nan 0.8 1.0 1.0 2159.171461262159 2159.1724611621594 2159.4173700021593 2157.3700414221576 2160.9883825565616 2159.334045002159 -1.0 2159.334045002159 -1.0 1
302 1.0 nan 0.8 1.0 1.0 2162.089269452162 2162.0904026721623 2162.3308786221623 2161.5898860621614 2163.905994403011 2162.198991812162 -1.0 2162.198991812162 -1.0 1
303 1.0 nan 0.8 1.0 1.0 2165.4215028621657 2165.4223694421653 2166.188826122166 2164.8379945521647 2167.754610183406 2165.989679372166 -1.0 2165.989679372166 -1.0 1
304 0.0625 nan 0.8 1.0 1.0 2169.6559460421695 2169.65697927217 2177.029175312177 2168.3406109221683 2178.605414710696 2176.903421222177 -1.0 2176.903421222177 -1.0 1
305 1.0 nan 0.8 1.0 1.0 2181.7712677221816 2181.7722009621816 2182.092235622182 2179.2570191721793 2183.6547510256214 2181.6364812021816 1.0 2181.987746072182 -1.0 2
306 0.25 nan 0.8 1.0 1.0 2186.1219992721863 2186.122832522186 2186.4271687521864 2184.2508530721843 2187.9889836318052 2186.3306784021865 -1.0 2186.3306784021865 -1.0 1
307 0.125 nan 0.8 1.0 1.0 2191.304614292191 2191.3057808421913 2199.4473666021995 2188.585886192189 2201.0041761403522 2199.348409832199 -1.0 2199.348409832199 -1.0 1
308 0.0625 nan 0.8 1.0 1.0 2204.3387440822044 2204.3396439922044 2204.966781272205 2201.668077842202 2206.538795862032 2204.4305015722043 -1.0 2204.4305015722043 -1.0 1
309 0.0 nan 0.8 1.0 1.0 2209.237654142209 2209.238587382209 2209.4361342922093 2207.1549957622074 2211.0056456311604 2209.3279784422093 -1.0 2209.3279784422093 -1.0 1
310 0.125 nan 0.8 -1.0 -1.0 2212.104100802212 2212.104967382212 2214.3409104322145 2211.6106501522117 2216.904291327836 2214.2120566522144 1.0 2214.2120566522144 1.0 1
311 0.125 nan 0.8 1.0 1.0 2218.088668952218 2218.0895022022182 2218.4280016822186 2217.5080936822173 2219.987718005032 2218.3435434622183 -1.0 2218.3435434622183 -1.0 1
312 1.0 nan 0.8 1.0 1.0 2221.1883256222213 2221.189458842221 2221.4747969722216 2220.5750202922204 2223.037417729519 2221.3960715122216 -1.0 2221.3960715122216 -1.0 1
313 nan 0.125 0.8 1.0 -1.0 2224.921818902225 2224.922752142225 2225.991745232226 2223.6338143822236 2228.554957980032 2225.4091368322256 1.0 2225.7004077022257 -1.0 2
314 1.0 nan 0.8 1.0 1.0 2229.70367400223 2229.70470723223 2229.92288541223 2229.165661142229 2231.4885966468605 2229.84445992223 -1.0 2229.84445992223 -1.0 1
315 1.0 nan 0.8 1.0 1.0 2235.820562252236 2235.8216621422357 2251.195024652251 2232.087302282232 2252.7547545497414 2236.042173422236 -1.0 2251.123731782251 -1.0 2
316 0.25 nan 0.8 1.0 1.0 2254.103667092254 2254.104800312254 2254.4277680122545 2253.5170590922535 2255.987055451916 2254.334110712254 -1.0 2254.334110712254 -1.0 1
317 0.125 nan 0.8 -1.0 -1.0 2260.4881285822603 2260.4890618222607 2300.1729930323004 2256.5868520822564 2302.7196041579077 2300.0413728623002 1.0 2300.0413728623002 1.0 1
318 1.0 nan 0.8 1.0 1.0 2304.5702865923045 2304.5712531623044 2304.7914311423046 2303.6848084823037 2306.337444853659 2304.7220047523047 -1.0 2304.7220047523047 -1.0 1
319 1.0 nan 0.8 1.0 1.0 2312.3861715923126 2312.3871714923125 2313.3698732123135 2306.941449452307 2314.9204830260646 2313.201823352313 -1.0 2313.201823352313 -1.0 1
320 0.25 nan 0.8 1.0 1.0 2321.802596522322 2321.803429772322 2329.75800090233 2315.6084826623155 2331.3193021334396 2321.987977982322 -1.0 2329.66754328233 -1.0 2
321 0.0 nan 0.8 1.0 1.0 2332.6203813023326 2332.6213145423326 2338.5090590423383 2332.054304582332 2340.068970699736 2338.4268006023385 -1.0 2338.4268006023385 -1.0 1
322 0.0625 nan 0.8 1.0 1.0 2343.5534878823437 2343.5545211123435 2347.4220343223474 2340.705472712341 2348.9867427064105 2347.3393759223472 -1.0 2347.3393759223472 -1.0 1
323 0.0625 nan 0.8 1.0 1.0 2350.2020896223503 2350.20312285235 2350.32084441235 2349.6378460523497 2351.886861017299 2350.22922024235 -1.0 2350.22922024235 -1.0 1
324 0.125 nan 0.8 -1.0 -1.0 2357.6021495423574 2357.6030161223575 2391.293680052391 2352.4740624023525 2393.8524606192977 2357.7213709523576 -1.0 2391.1154312123913 1.0 2
325 0.0625 nan 0.8 1.0 1.0 2395.851657542396 2395.852624112396 2396.2371856523964 2394.775165202395 2397.7858991135245 2396.0624697923963 -1.0 2396.0624697923963 -1.0 1
326 1.0 nan 0.8 1.0 1.0 2401.6350458124016 2401.6359123924017 2401.927016612402 2398.3915035323985 2403.4860311767707 2401.8197273424016 -1.0 2401.8197273424016 -1.0 1
327 0.0625 nan 0.8 1.0 1.0 2406.4847941224066 2406.4858606824064 2411.800995782412 2404.112931332404 2413.3514048227967 2411.7064052424116 -1.0 2411.7064052424116 -1.0 1
328 0.25 nan 0.8 1.0 1.0 2414.5023922824143 2414.5034255124147 2414.916417542415 2414.013207872414 2416.468032181523 2414.812861232415 -1.0 2414.812861232415 -1.0 1
329 0.25 nan 0.8 1.0 1.0 2417.952247262418 2417.953380482418 2419.345441262419 2417.077734722417 2420.901455090008 2418.973678442419 1.0 2419.246551152419 -1.0 2
330 0.25 nan 0.8 1.0 1.0 2422.5690855324224 2422.5700187724224 2438.5378884924385 2421.5316559524217 2440.084313726832 2422.9211836524228 -1.0 2438.4543635124387 -1.0 2
331 0.25 nan 0.8 1.0 1.0 2444.3688386724443 2444.3697719124443 2455.6047149724554 2441.200922162441 2457.150720168353 2455.1182636224553 1.0 2455.1182636224553 1.0 1
332 0.0625 nan 0.8 -1.0 -1.0 2458.4018019024584 2458.4026351524585 2462.4588961524623 2457.872421512458 2465.0017770897193 2462.229019142462 1.0 2462.229019142462 1.0 1
333 0.0625 nan 0.8 -1.0 -1.0 2466.283946942466 2466.284880182466 2478.788396372479 2465.6326787424655 2481.3336035721845 2478.3637721724785 -1.0 2478.575284352479 1.0 2
334 0.25 nan 0.8 -1.0 -1.0 2482.5014250324825 2482.5023582724825 2483.0937657924833 2482.025705942482 2485.634646572234 2482.932081962483 1.0 2482.932081962483 1.0 1
335 1.0 nan 0.8 1.0 1.0 2486.933581772487 2486.934648332487 2487.3048446424873 2486.251350002486 2488.850563340919 2487.202988162487 -1.0 2487.202988162487 -1.0 1
336 0.25 nan 0.8 -1.0 -1.0 2490.18472329249 2490.1855898724903 2492.4702613824925 2489.4568627524895 2495.0182084967128 2492.3088441924924 1.0 2492.3088441924924 1.0 1
337 0.125 nan 0.8 1.0 1.0 2496.100298342496 2496.101198252496 2500.1633586625003 2495.636811362496 2501.7011715312433 2500.0090740925 -1.0 2500.0090740925 -1.0 1
338 nan 1.0 0.8 -1.0 1.0 2503.016739962503 2503.017806522503 2503.242850682503 2502.3377745325024 2504.783573161701 2503.1541262225032 1.0 2503.1541262225032 1.0 1
339 1.0 nan 0.8 1.0 1.0 2505.9180498025057 2505.919083032506 2506.178090462506 2505.3818700925053 2507.718002927292 2506.1107305325063 -1.0 2506.1107305325063 -1.0 1
340 nan 1.0 0.8 -1.0 1.0 2515.5500198425157 2515.5509864125156 2516.3254756225165 2508.3351080725083 2517.8666808408716 2516.1690579325164 1.0 2516.1690579325164 1.0 1
341 nan 1.0 0.8 -1.0 1.0 2522.100764702522 2522.1015646225223 2522.5318215925226 2518.5745840225186 2524.083326187372 2522.298144962522 1.0 2522.4615619525225 1.0 2
342 0.125 nan 0.8 -1.0 -1.0 2525.4509963125256 2525.4518628925257 2530.24281708253 2524.787629322525 2532.7839937079134 2529.4493631025293 1.0 2530.15692567253 1.0 3
343 0.0625 nan 0.8 -1.0 -1.0 2533.8997513525337 2533.900784582534 2535.2854461025354 2533.4446968625334 2537.8508264954417 2534.878453472535 1.0 2534.878453472535 1.0 1
344 0.25 nan 0.8 1.0 1.0 2539.0828996525393 2539.083732902539 2539.3450401025393 2538.4722273925386 2540.88305428208 2539.2527160025393 -1.0 2539.2527160025393 -1.0 1
345 0.125 nan 0.8 1.0 1.0 2542.000841162542 2542.002007712542 2542.4372641825425 2541.4956583525413 2543.9839775531564 2542.339907252542 -1.0 2542.339907252542 -1.0 1
346 nan 0.125 0.2 -1.0 1.0 2545.1663245825453 2545.167324482545 2545.867387802546 2544.6131799025447 2547.4174019044676 2545.720902452546 1.0 2545.720902452546 1.0 1
347 nan 0.0625 0.2 -1.0 1.0 2548.5827829025484 2548.5839494525485 2550.4032008425506 2548.035404312548 2551.949518019344 2548.896618182549 1.0 2550.20805369255 1.0 2
348 nan 0.0 0.2 1.0 -1.0 2553.067301072553 2553.068234312553 2565.030437972565 2552.5758168925527 2567.5839407511717 2555.925848522556 1.0 2564.928281522565 -1.0 11
349 nan 0.125 0.2 1.0 -1.0 2568.7991610625686 2568.8000609725686 2575.641343442576 2568.2981445025684 2578.2001168414013 2569.178189822569 1.0 2575.3787363725755 -1.0 3
350 nan 0.0625 0.2 -1.0 1.0 2579.4489959725793 2579.4499625425797 2589.0864987925893 2578.8788196625787 2590.6503027913 2579.6179790725796 1.0 2589.086265482589 1.0 3
351 0.0625 nan 0.2 1.0 1.0 2593.048769192593 2593.049802422593 2596.6758397825965 2591.3513056225916 2598.233346599033 2596.5672173125968 -1.0 2596.5672173125968 -1.0 1
352 nan 0.0625 0.2 -1.0 1.0 2603.3654707526034 2603.3663706626035 2615.6129792126158 2598.9208485925988 2617.166409481147 2614.987841732615 1.0 2615.5194552326157 1.0 2
353 nan 1.0 0.2 -1.0 1.0 2618.6486422826188 2618.649542192619 2618.8566214826187 2617.930214132618 2620.4164333937697 2618.783962082619 1.0 2618.783962082619 1.0 1
354 nan 0.25 0.2 -1.0 1.0 2621.5986805826215 2621.5995471626215 2621.902716842622 2621.049235532621 2623.4660332822054 2621.8256578826217 1.0 2621.8256578826217 1.0 1
355 nan 1.0 0.2 -1.0 1.0 2627.315075552627 2627.3161087826275 2627.8031600726276 2624.1026301626243 2629.366197420282 2627.6795057726276 1.0 2627.6795057726276 1.0 1
356 nan 0.125 0.2 0.0 -1.0 2631.065033852631 2631.066067082631 2691.0673996826913 2630.0423028026303 2693.566637987659 2631.2294174126314 -1.0 2631.3933343526314 -1.0 3
357 0.0625 nan 0.2 0.0 -1.0 2694.681004952695 2695.0996964126953 2755.101062342755 2694.6315432326946 2757.600334691132 2729.87555181273 1.0 2729.87555181273 1.0 1
358 0.0625 nan 0.2 1.0 1.0 2758.697735972759 2759.1486908727593 2777.4057649827773 2758.6490408427585 2778.9474651919563 2777.2736448627775 -1.0 2777.2736448627775 -1.0 1
359 nan 1.0 0.2 -1.0 1.0 2783.4962558727834 2783.4970891227836 2783.916613832784 2779.7107677927797 2785.480714573664 2783.7440977527835 1.0 2783.7440977527835 1.0 1
360 nan 0.0625 0.2 -1.0 1.0 2787.1796208327874 2787.180754052787 2790.05756634279 2786.2060182027863 2791.6139619557653 2788.094196032788 1.0 2789.92294647279 1.0 4
361 nan 0.0 0.2 1.0 -1.0 2793.212750792793 2793.213650702793 2793.919613432794 2792.692569482793 2796.480691015774 2793.811824212794 -1.0 2793.811824212794 -1.0 1
362 0.25 nan 0.2 1.0 1.0 2799.4961557227994 2799.4972222827996 2806.6420743928065 2797.1394914127973 2808.195878462728 2806.2277824928065 1.0 2806.5376848328065 -1.0 3
363 nan 0.125 0.2 1.0 -1.0 2809.5302522128095 2809.5311187928096 2819.1040280728193 2808.910180892809 2821.663595241987 2810.08859637281 1.0 2818.885749902819 -1.0 3
364 nan 0.0 0.2 1.0 -1.0 2822.995905512823 2822.996972072823 2828.6692714528285 2822.3886995728226 2831.2301458266875 2828.5106206528285 -1.0 2828.5106206528285 -1.0 1
365 nan 0.25 0.2 -1.0 1.0 2832.7789271128327 2832.7798936828326 2833.208084192833 2831.920646282832 2834.7623887390773 2833.042934042833 1.0 2833.042934042833 1.0 1
366 1.0 nan 0.2 1.0 1.0 2837.5800802828376 2837.581146842838 2842.855352702843 2835.4130970028355 2844.4134583722093 2842.782026702843 -1.0 2842.782026702843 -1.0 1
367 nan 0.125 0.2 1.0 -1.0 2846.3120070028463 2846.3130735628465 2846.905047692847 2845.1154600028453 2849.4631902584492 2846.6118436828465 1.0 2846.773727492847 -1.0 2
368 nan 1.0 0.2 -1.0 1.0 2850.745230302851 2850.7463301928506 2851.031501672851 2850.12429240285 2852.5953130522303 2850.933211502851 1.0 2850.933211502851 1.0 1
369 nan 0.125 0.8 1.0 -1.0 2853.846520142854 2853.847653362854 2854.182986492854 2853.2327148628533 2856.7465327400328 2854.080830042854 -1.0 2854.080830042854 -1.0 1
370 1.0 nan 0.8 1.0 1.0 2858.061931892858 2858.0629317928583 2858.4053642128583 2857.389632462857 2859.963269552332 2858.3108736628583 -1.0 2858.3108736628583 -1.0 1
371 0.125 nan 0.8 1.0 1.0 2862.3620351728623 2862.3628684228624 2865.224015612865 2860.6072773328606 2866.77962270006 2865.1404906328653 -1.0 2865.1404906328653 -1.0 1
372 1.0 nan 0.8 1.0 1.0 2869.5618151228696 2869.5628150228695 2869.86121851287 2867.4575255728673 2871.4117607774683 2869.75596237287 -1.0 2869.75596237287 -1.0 1
373 0.25 nan 0.8 1.0 1.0 2874.1461566428743 2874.1470898828743 2883.973840442884 2872.069764302872 2885.528242305088 2883.895481612884 -1.0 2883.895481612884 -1.0 1
374 0.125 nan 0.8 1.0 1.0 2886.912746522887 2886.9136131028868 2887.158155312887 2886.2671444228863 2888.7116663094307 2887.030534742887 -1.0 2887.030534742887 -1.0 1
375 0.25 nan 0.8 0.0 -1.0 2890.2292815028904 2890.2302480728904 2950.2315473429503 2889.358668572889 2952.730851022639 2914.6948680329147 -1.0 2914.880882762915 1.0 2
376 0.25 nan 0.8 1.0 1.0 2955.211882592955 2955.212849162955 2978.5719130229786 2953.809456182954 2980.128139313193 2978.3951973629783 -1.0 2978.3951973629783 -1.0 1
377 nan 0.0 0.8 1.0 -1.0 2982.710332472983 2982.711199052983 2983.3542014129835 2980.949241932981 2985.8934791384963 2983.257677732983 -1.0 2983.257677732983 -1.0 1
378 1.0 nan 0.8 1.0 1.0 2987.1280906529873 2987.129157212987 2987.4855882329875 2986.5604807529867 2989.028000440835 2987.4087625829875 -1.0 2987.4087625829875 -1.0 1
379 0.0625 nan 0.8 1.0 1.0 2991.6268740629916 2991.6277739729917 3002.955507753003 2989.6730028029897 3004.494410897364 2991.6946672829918 -1.0 3002.838219483003 -1.0 8
380 1.0 nan 0.8 1.0 1.0 3008.1598872630084 3008.1609204930082 3008.4059293230084 3005.2342131930054 3009.9609674853486 3008.3213044530085 -1.0 3008.3213044530085 -1.0 1
381 0.25 nan 0.8 1.0 1.0 3011.126657223011 3011.127557133011 3011.6407724730116 3010.6463719230105 3013.193285641283 3011.4592239630115 -1.0 3011.4592239630115 -1.0 1
382 0.25 nan 0.8 1.0 1.0 3016.094160423016 3016.095160323016 3021.931343313022 3013.844785383014 3023.493146156625 3021.843252123022 -1.0 3021.843252123022 -1.0 1
383 0.0625 nan 0.8 1.0 1.0 3024.7774920030247 3024.7784585730246 3026.174485623026 3024.2223475230244 3027.7440903138613 3026.084461293026 -1.0 3026.084461293026 -1.0 1
384 0.25 nan 0.8 1.0 1.0 3032.5595470530325 3032.5606469430327 3041.3185710630414 3028.4148948930283 3042.8763030423233 3041.205682353041 -1.0 3041.205682353041 -1.0 1
385 0.25 nan 0.8 1.0 1.0 3044.3935968630444 3044.3945301030444 3044.6605035030448 3043.639705593044 3046.227315623748 3044.5773784830444 -1.0 3044.5773784830444 -1.0 1
386 0.0625 nan 0.8 0.0 -1.0 3051.026100213051 3051.027100113051 3111.028466043111 3046.874815383047 3113.5276940170015 nan 0.0 nan 0.0 0
387 1.0 nan 0.8 1.0 1.0 3114.7418946631146 3115.2937394731152 3115.6837338031155 3114.6854003131148 3117.2430375715344 3115.5589796131158 -1.0 3115.5589796131158 -1.0 1
388 0.125 nan 0.8 1.0 1.0 3118.4750546431187 3118.4760545431186 3120.4930528231207 3117.909844503118 3122.0428633443466 3120.3915296431205 -1.0 3120.3915296431205 -1.0 1
389 0.25 nan 0.8 1.0 1.0 3123.675201243124 3123.6763344631236 3124.5944759731246 3122.712064233123 3126.158484733209 3124.099225503124 -1.0 3124.5502137331246 -1.0 4
390 nan 0.0625 0.8 1.0 -1.0 3129.2760411031295 3129.276941013129 3138.4598226331386 3126.826086123127 3141.009188803656 3138.3743978431385 -1.0 3138.3743978431385 -1.0 1
391 0.0 nan 0.8 1.0 1.0 3142.4583227431426 3142.4594559631423 3151.2962721931513 3141.7641921631416 3152.8423745716323 3151.107557733151 -1.0 3151.107557733151 -1.0 1
392 1.0 nan 0.8 1.0 1.0 3154.124522673154 3154.125655893154 3156.030698703156 3153.5719779331534 3157.591433955868 3155.932908483156 -1.0 3155.932908483156 -1.0 1
393 0.125 nan 0.8 0.0 -1.0 3162.725495823163 3162.7265623831627 3222.727928313223 3158.2833400831582 3225.2272189226796 nan 0.0 nan 0.0 0
394 1.0 nan 0.8 1.0 1.0 3226.4568220532265 3227.158885173227 3235.779589683236 3226.4231254232263 3237.3245940005513 3235.6564686632355 -1.0 3235.6564686632355 -1.0 1
395 nan 0.25 0.8 1.0 -1.0 3238.5567119432385 3238.557745173239 3239.7933882632396 3238.0454964032383 3242.340131119975 3239.6722003832397 -1.0 3239.6722003832397 -1.0 1
396 0.0625 nan 0.8 1.0 1.0 3245.907976743246 3245.909009973246 3248.333867463248 3243.000834153243 3249.9079000927163 3248.228877963248 -1.0 3248.228877963248 -1.0 1
397 0.25 nan 0.8 1.0 1.0 3251.7067301432517 3251.7075967232518 3254.5492125332544 3250.6274047532506 3256.1064510529363 3254.3092365332545 1.0 3254.3092365332545 1.0 1
398 nan 0.125 0.8 1.0 -1.0 3260.7077299532607 3260.708496543261 3264.8701470032647 3256.8040536932567 3267.4397146059764 3264.744526233265 -1.0 3264.744526233265 -1.0 1
399 0.25 nan 0.8 1.0 1.0 3268.807386573269 3268.808419803269 3277.033397223277 3268.1738166032683 3278.5909007728314 3276.8442161432768 -1.0 3276.8442161432768 -1.0 1
400 1.0 nan 0.8 1.0 1.0 3279.78962157328 3279.7906214732798 3280.2498088832804 3279.3047034032793 3281.806119406503 3280.14831903328 -1.0 3280.14831903328 -1.0 1
401 0.125 nan 0.8 1.0 1.0 3283.707229773284 3283.7082630032837 3284.103423483284 3282.4730198732823 3285.6738607795974 3283.991434683284 -1.0 3283.991434683284 -1.0 1
402 nan 0.25 0.8 -1.0 1.0 3287.2229115032874 3287.2238780732873 3288.723961383289 3286.3471657532864 3290.289600501099 3288.2727731732884 1.0 3288.2727731732884 1.0 1
403 0.0 nan 0.8 1.0 1.0 3293.4403896932936 3293.4411562832934 3301.5926743833015 3290.974103013291 3303.1569738247763 3301.5031500033015 -1.0 3301.5031500033015 -1.0 1
404 0.0625 nan 0.8 1.0 1.0 3306.939306333307 3306.940339563307 3309.72512772331 3303.909476013304 3311.2903301744564 3309.6395029533096 -1.0 3309.6395029533096 -1.0 1
405 0.25 nan 0.8 1.0 1.0 3316.005699603316 3316.006566183316 3341.846648583342 3312.003333213312 3343.4052649107875 3316.220311473316 -1.0 3341.772289353342 -1.0 2
406 0.125 nan 0.8 1.0 1.0 3347.1231875433473 3347.124220773347 3347.4687863133477 3344.3133685533444 3349.023321600572 3347.3684296833476 -1.0 3347.3684296833476 -1.0 1
407 0.25 nan 0.8 1.0 1.0 3350.25530763335 3350.2561742133503 3352.979635173353 3349.7275270833497 3354.5397430220146 3352.900943043353 -1.0 3352.900943043353 -1.0 1
408 nan 1.0 0.8 -1.0 1.0 3358.055394213358 3358.056427443358 3358.6973966733585 3355.2341430333554 3360.2563954382063 3358.5957401733585 1.0 3358.5957401733585 1.0 1
409 0.125 nan 0.8 1.0 1.0 3365.2050791733654 3365.2060124133654 3372.1840812033724 3360.978901833361 3373.739178736585 3372.078891723372 -1.0 3372.078891723372 -1.0 1
410 0.0625 nan 0.8 1.0 1.0 3375.221777403375 3375.2225773233754 3375.663299913376 3374.5256803533744 3377.2216068825664 3375.5694426333757 -1.0 3375.5694426333757 -1.0 1
411 nan 0.125 0.8 -1.0 1.0 3381.255940593381 3381.2568071733813 3381.7393589133817 3377.897709783378 3383.2893627957815 3381.5550440133816 1.0 3381.5550440133816 1.0 1
412 0.125 nan 0.8 1.0 1.0 3384.621504003385 3384.622437243385 3388.020897363388 3383.988767283384 3389.571703808998 3387.933039483388 -1.0 3387.933039483388 -1.0 1
413 nan 0.125 0.2 -1.0 1.0 3390.955903833391 3390.957037053391 3391.268805873391 3390.25600716339 3392.821416163816 3391.1353858833913 1.0 3391.1353858833913 1.0 1
414 nan 0.0625 0.2 1.0 -1.0 3396.822650433397 3396.823650333397 3404.2362090034044 3393.5102150433936 3406.788737390348 3404.126186673404 -1.0 3404.126186673404 -1.0 1
415 nan 0.0 0.2 1.0 -1.0 3409.3378321234095 3409.3388320234094 3412.201145763412 3407.5680424534075 3414.7553840347264 3412.1031222334123 -1.0 3412.1031222334123 -1.0 1
416 nan 0.0625 0.2 -1.0 1.0 3416.5878737134167 3416.588740293417 3421.862946153422 3415.4760849034155 3423.4220480197296 3421.5595098334215 1.0 3421.780154433422 1.0 2
417 0.0625 nan 0.2 1.0 1.0 3426.237475323426 3426.2386418734263 3429.86467923343 3424.1521505434243 3431.422013108139 3429.7680222334297 -1.0 3429.7680222334297 -1.0 1
418 0.0 nan 0.2 -1.0 -1.0 3432.754256913433 3432.755290143433 3433.755890073434 3432.1525170934324 3436.305230986861 3433.6345688734336 1.0 3433.6345688734336 1.0 1
419 nan 0.125 0.2 -1.0 1.0 3437.7375252034376 3437.738491773438 3438.148050813438 3437.012831013437 3439.704156684822 3438.024229863438 1.0 3438.024229863438 1.0 1
420 0.0 nan 0.2 1.0 1.0 3440.854846773441 3440.855780013441 3448.7689219534486 3440.3827606534405 3450.3215528307064 3443.2833372334435 1.0 3448.690696443449 -1.0 4
421 nan 0.125 0.2 -1.0 1.0 3451.803985083452 3451.804984983452 3452.1078546934523 3451.077257763451 3453.6551658506414 3452.034928653452 1.0 3452.034928653452 1.0 1
422 nan 0.125 0.2 -1.0 1.0 3456.937071723457 3456.937938303457 3459.336398433459 3454.3457642134545 3460.887134143574 3457.5395448034574 1.0 3459.3340653334594 1.0 9
423 nan 1.0 0.2 -1.0 1.0 3462.2716048834623 3462.272571453462 3462.5599427134625 3461.6025384634618 3464.1204510763 3462.4344219334625 1.0 3462.4344219334625 1.0 1
424 nan 0.25 0.2 -1.0 1.0 3465.3048015334653 3465.3058347634656 3465.878044203466 3464.803351683465 3467.4371793765513 3465.5052148234654 1.0 3465.8093510734657 1.0 2
425 nan 1.0 0.2 -1.0 1.0 3468.7044282034685 3468.705461433469 3468.905774733469 3468.141384513468 3470.453687567442 3468.7845535234687 1.0 3468.7845535234687 1.0 1
426 nan 1.0 0.2 -1.0 1.0 3472.0045648234723 3472.005431403472 3472.4523867034727 3471.140384583471 3474.0046225984465 3472.1888463934724 1.0 3472.4190900334725 1.0 2
427 0.0625 nan 0.2 -1.0 -1.0 3475.170181563475 3475.171048143475 3476.2457073334763 3474.6954290434746 3478.787949854364 3475.704294813476 1.0 3476.169015003476 1.0 4
428 nan 1.0 0.2 -1.0 1.0 3480.1202198434803 3480.12131973348 3480.4153569934806 3479.4752510134795 3481.9702658518304 3480.2971021534804 1.0 3480.2971021534804 1.0 1
429 nan 0.0625 0.2 -1.0 1.0 3483.4713180334834 3483.4722846034833 3485.728292313486 3482.6546663734825 3487.2878234934847 3483.5707080934835 1.0 3485.6629321834857 1.0 5
430 nan 0.0625 0.2 -1.0 1.0 3488.5697414734886 3488.570874693489 3490.06412535349 3488.026629123488 3491.6200348961524 3489.7385912434897 1.0 3490.04189424349 1.0 2
431 0.25 nan 0.2 1.0 1.0 3492.7709213134926 3492.7718878834926 3497.223975963497 3492.3164334334924 3498.7877068147773 3494.6645652634948 1.0 3497.135684793497 -1.0 3
432 0.0625 nan 0.2 1.0 1.0 3502.753122993503 3502.754056233503 3505.4984484335055 3499.5210129034995 3507.069861827361 3505.080723543505 -1.0 3505.3882261235053 -1.0 2
433 nan 1.0 0.2 -1.0 1.0 3508.937271183509 3508.938304413509 3509.4111571235094 3508.3057676735084 3510.9707947948796 3509.1616820735094 1.0 3509.1616820735094 1.0 1
434 nan 0.0625 0.2 -1.0 1.0 3512.686429563513 3512.687262813513 3515.017296453515 3511.667798103512 3516.586533423052 3514.4274554435146 1.0 3514.910673783515 -1.0 4
435 nan 0.0 0.2 -1.0 1.0 3518.054192733518 3518.055192633518 3519.69142899352 3517.297335093517 3521.2537675652334 3519.4992148835195 1.0 3519.4992148835195 1.0 1
436 nan 0.125 0.2 -1.0 1.0 3525.5529094535254 3525.5541759935254 3525.965701503526 3521.950269753522 3527.5196030097645 3525.845646843526 1.0 3525.845646843526 1.0 1
437 nan 1.0 0.2 -1.0 1.0 3532.4705509535324 3532.4716841735326 3533.0786568035332 3528.2526061235285 3534.63705717852 3532.862211783533 1.0 3532.862211783533 1.0 1
438 nan 0.0625 0.2 1.0 -1.0 3535.985999373536 3535.9869659435362 3539.3089337135393 3535.380859893535 3541.869404553489 3539.2119767435393 -1.0 3539.2119767435393 -1.0 1
439 0.0 nan 0.2 -1.0 -1.0 3543.137084193543 3543.1378841135434 3545.6302015235456 3542.5843061435426 3548.185937093335 3545.074223793545 1.0 3545.074223793545 1.0 1
440 nan 0.125 0.2 -1.0 1.0 3549.5035808135494 3549.5044807235495 3550.3107667535505 3548.933537823549 3551.869269657429 3549.81778272355 1.0 3550.20507732355 1.0 3
441 nan 1.0 0.2 1.0 -1.0 3553.103787423553 3553.104753993553 3553.1687475935532 3552.5754735935525 3555.7201166897194 3553.047893013553 -1.0 3553.047893013553 -1.0 1
442 0.125 nan 0.2 1.0 1.0 3557.102554173557 3557.103454083557 3557.5150129235576 3556.4184225935564 3559.0869216324277 3557.4282216035576 -1.0 3557.4282216035576 -1.0 1
443 nan 0.25 0.2 -1.0 1.0 3561.3024008135612 3561.3033340535612 3562.0454598335623 3559.78881885356 3563.6024601743397 3561.5563754135615 1.0 3561.5563754135615 1.0 1
444 nan 0.125 0.2 -1.0 1.0 3564.953369013565 3564.954302253565 3567.193178343567 3564.321065583564 3568.7533128488158 3565.198077873565 1.0 3567.105987063567 1.0 2
445 nan 0.0625 0.2 1.0 -1.0 3570.06892407357 3570.06989064357 3571.0241952035713 3569.4727170335696 3573.586434540399 3570.731657793571 1.0 3570.731657793571 1.0 1
446 nan 0.125 0.2 -1.0 1.0 3574.919105673575 3574.920172233575 3575.9294379635758 3574.301934063574 3577.486773233313 3575.2478394635755 1.0 3575.4454197035757 1.0 3
447 nan 0.125 0.2 -1.0 1.0 3579.98543232358 3579.98643222358 3584.1262182035844 3578.192978253578 3585.685419988712 3583.4075567435834 1.0 3583.985032323584 1.0 3
448 nan 0.25 0.2 -1.0 1.0 3591.136417113591 3591.137317023591 3601.3560283836014 3586.4233218035865 3602.9195516587515 3600.931837473601 -1.0 3601.2115428336015 1.0 2
449 nan 0.0625 0.2 1.0 -1.0 3604.3684937736043 3604.369493673604 3605.4708168636057 3603.7549551336037 3608.0350857659478 3605.367960483605 -1.0 3605.367960483605 -1.0 1
450 nan 0.0625 0.2 -1.0 1.0 3609.2525719836094 3609.2534385636095 3610.960101213611 3608.7549884136088 3612.519307393778 3610.849378953611 1.0 3610.849378953611 1.0 1
451 nan 0.125 0.2 -1.0 1.0 3613.8682103736137 3613.869376923614 3614.2358402736145 3613.2198085536133 3615.8026404770003 3614.109352923614 1.0 3614.109352923614 1.0 1
452 nan 0.125 0.2 -1.0 1.0 3617.051691993617 3617.052658563617 3617.6102361336175 3616.5144457236165 3619.1682694937263 3617.386058553617 1.0 3617.386058553617 1.0 1
453 1.0 nan 0.2 1.0 1.0 3624.785985153625 3624.786951723625 3625.057091373625 3619.89357444362 3626.6183226447642 3624.944702613625 -1.0 3624.944702613625 -1.0 1
454 1.0 nan 0.2 1.0 1.0 3627.902373483628 3627.903206733628 3637.943302623638 3627.3775259736276 3639.501400829118 3628.212409143628 -1.0 3637.866943593638 -1.0 2
455 nan 0.0625 0.2 -1.0 1.0 3645.035626653645 3645.036659883645 3655.4077226736554 3640.2783024336404 3656.9689423756104 3655.3019332536555 1.0 3655.3019332536555 1.0 1
456 nan 0.125 0.2 -1.0 1.0 3667.234473213667 3667.235406453667 3668.045925393668 3657.826747413658 3669.601138758017 3667.914038583668 1.0 3667.914038583668 1.0 1
457 nan 1.0 0.2 -1.0 1.0 3675.4016564136755 3675.4026563136754 3678.2056759836782 3670.5283437936705 3679.7676024335306 3677.6748957336777 -1.0 3677.877775443678 -1.0 2
458 nan 0.0 0.2 -1.0 1.0 3682.6185679836826 3682.619634543683 3685.812048603686 3680.5771054836805 3687.3684484781097 3682.6756622736825 1.0 3685.773585783686 1.0 8
459 0.0625 nan 0.2 1.0 1.0 3688.7172247236886 3688.7181579636886 3693.2424054936932 3688.1115519636883 3694.8018057771046 3693.1602137136933 -1.0 3693.1602137136933 -1.0 1
460 nan 0.25 0.2 -1.0 1.0 3696.167179653696 3696.168079563696 3696.6922271436965 3695.5451085336954 3698.2517285171825 3696.3917238636964 1.0 3696.3917238636964 1.0 1
461 nan 0.0625 0.2 1.0 -1.0 3701.0837546137013 3701.0846878537013 3705.5166112837055 3698.973632313699 3708.067109093405 3701.075688753701 1.0 3705.3895573237055 -1.0 3
462 0.0 nan 0.2 1.0 1.0 3709.4178544537094 3709.4189210137097 3712.3286300137124 3708.838112433709 3713.8835332243943 3712.064823063712 1.0 3712.064823063712 1.0 1
463 nan 0.125 0.2 1.0 -1.0 3715.2680360437153 3715.2688359637154 3716.1778783837162 3714.6235338337146 3718.734578887767 3716.086920813716 -1.0 3716.086920813716 -1.0 1
464 nan 0.125 0.2 1.0 -1.0 3719.9835977737202 3719.98446435372 3722.690760363723 3719.4598834837193 3725.250327908332 3722.3614932937226 1.0 3722.3614932937226 1.0 1
465 nan 0.0625 0.2 1.0 -1.0 3726.6344992837267 3726.6353658637267 3728.6933600437287 3725.991930213726 3731.250062910099 3728.6062687537287 -1.0 3728.6062687537287 -1.0 1
466 nan 1.0 0.2 -1.0 1.0 3732.6342992437326 3732.6352991437325 3733.048291173733 3731.976665013732 3734.60089168299 3732.859610043733 1.0 3732.859610043733 1.0 1
467 nan 0.25 0.2 -1.0 1.0 3739.2999992737396 3739.300899183739 3740.08782048374 3735.337095603735 3741.634150402236 3739.96809912374 1.0 3739.96809912374 1.0 1
468 nan 0.0625 0.2 1.0 -1.0 3744.2499375637444 3744.2508374737445 3757.279367823757 3742.4111547937423 3759.8505888647305 3757.183710723757 -1.0 3757.183710723757 -1.0 1
469 nan 1.0 0.2 -1.0 1.0 3761.1828774337614 3761.183977323761 3761.6252998537616 3760.6915932337606 3763.184104963929 3761.4704153437615 1.0 3761.4704153437615 1.0 1
470 0.0625 nan 0.8 1.0 1.0 3765.199609053765 3765.2006089537654 3772.4195536537723 3763.909004793764 3773.98288084863 3772.3035319237724 -1.0 3772.3035319237724 -1.0 1
471 1.0 nan 0.8 1.0 1.0 3775.5169105537757 3775.5178104637757 3778.3155973237785 3774.776484603775 3779.8837294852915 3778.2305724937783 -1.0 3778.2305724937783 -1.0 1
472 nan 0.0 0.8 0.0 -1.0 3783.8659089037837 3783.866708823784 3843.8680747538438 3780.6279327337807 3846.3672986270235 3841.820279553842 1.0 3843.789282633844 1.0 4
473 nan 0.0 0.8 -1.0 1.0 3847.5822033038476 3849.099351573849 3850.556039223851 3847.5740041238478 3852.1151357678045 3848.0800535138483 1.0 3850.37609055385 1.0 3
474 1.0 nan 0.8 1.0 1.0 3854.3659248638546 3854.3669580938545 3857.4419838938575 3852.883539783853 3858.999383370714 3857.3500930838572 -1.0 3857.3500930838572 -1.0 1
475 0.0 nan 0.8 1.0 1.0 3868.114816503868 3868.115816403868 3873.0548891138733 3859.75868553386 3874.616111237771 3872.957365533873 -1.0 3872.957365533873 -1.0 1
476 0.125 nan 0.8 1.0 1.0 3877.798014753878 3877.7990146538777 3890.07961980389 3875.4511161338755 3891.6312130630695 3889.71325644389 1.0 3889.71325644389 1.0 1
477 nan 0.0625 0.8 1.0 -1.0 3892.915502853893 3892.916502753893 3893.0671876838933 3892.4614149338927 3895.6143523095316 3892.960431693893 -1.0 3892.960431693893 -1.0 1
478 nan 0.25 0.8 -1.0 1.0 3898.165677783898 3898.166811003898 3898.6933583438986 3896.3482595438963 3900.248792514279 3898.4483161838984 1.0 3898.4483161838984 1.0 1
479 0.0 nan 0.8 1.0 1.0 3901.6310978739016 3901.6320644439015 3904.170910533904 3900.989295393901 3905.7311128029855 3904.050155943904 -1.0 3904.050155943904 -1.0 1
480 1.0 nan 0.8 1.0 1.0 3907.0986177339073 3907.099684293907 3907.4954447139075 3906.4883121039065 3909.0487440338748 3907.3948881039073 -1.0 3907.3948881039073 -1.0 1
481 0.125 nan 0.8 1.0 1.0 3911.764317783912 3911.7652843539117 3912.122681943912 3909.78244932391 3913.6809813276277 3911.997794433912 -1.0 3911.997794433912 -1.0 1
482 nan 0.25 0.8 1.0 -1.0 3914.998660983915 3914.999594223915 3922.2998307939224 3914.4264848739144 3924.847462616783 3922.165777533922 -1.0 3922.165777533922 -1.0 1
483 0.125 nan 0.8 0.0 -1.0 3926.3318275539264 3926.3327941239263 3986.334126723986 3925.6216652439257 3988.8334276864402 3943.6323639939437 -1.0 3943.7374201539437 1.0 2
484 0.0625 nan 0.8 -1.0 -1.0 3990.09645045399 3990.7150885839906 4050.09645045399 3990.0211333190496 4004.196238348069 4001.3593907140016 1.0 4048.317127804048 -1.0 39
485 0.0 nan 0.8 -1.0 -1.0 nan nan nan 4005.0240433648105 4017.0972331164635 nan 0.0 nan 0.0 0
486 0.0625 nan 0.8 1.0 1.0 nan nan nan 4017.970136460993 4030.0801274801297 nan 0.0 nan 0.0 0
487 0.125 nan 0.8 1.0 1.0 nan nan nan 4030.889231360945 4037.2958799264356 nan 0.0 nan 0.0 0
488 0.0625 nan 0.8 1.0 1.0 nan nan nan 4038.0674825346805 4042.6458188114357 nan 0.0 nan 0.0 0
489 1.0 nan 0.8 1.0 1.0 nan nan nan 4043.399521289577 4048.812363631778 nan 0.0 nan 0.0 0
