UCLA052 687017d4-c9fc-458f-a7d5-0979fe1a7470 churchlandlab_ucla 2022-07-12 _iblrig_tasks_ephysChoiceWorld6.6.1 F 183 436
0 1.0 nan 0.5 1.0 1.0 14.567778319859412 14.471753698481484 14.930512077046496 13.681092098923276 16.517837429307786 14.779692427016949 -1.0 14.779692427016949 -1.0 1
1 0.125 nan 0.5 1.0 1.0 25.744297649319655 25.745430879839216 26.138595209507397 17.755555771378937 27.711817061223066 26.042970551842256 -1.0 26.042970551842256 -1.0 1
2 1.0 nan 0.5 1.0 1.0 30.434105493895867 30.43513873348723 31.077380465292606 28.374725667072536 32.6422107312196 30.626754682220902 -1.0 30.997987668304678 -1.0 2
3 nan 0.0625 0.5 1.0 -1.0 35.35109272733426 35.35212596692563 37.67881487512729 33.214819876727915 40.23435318594075 35.48848026267609 1.0 37.528295197882336 -1.0 3
4 0.25 nan 0.5 1.0 1.0 42.010755187688645 42.0118217575894 42.33125944286745 40.82986232568935 43.884095222709014 42.192038740508686 -1.0 42.192038740508686 -1.0 1
5 0.0 nan 0.5 1.0 1.0 45.32732095472511 45.328487515554066 48.43717214287025 44.46589910831326 50.01030208914286 45.27545899330059 -1.0 48.19202771724212 -1.0 6
6 0.125 nan 0.5 1.0 1.0 51.16749109789132 51.16849100717329 51.64101480352 50.58551056547897 53.213548063423005 51.417468418382285 -1.0 51.417468418382285 -1.0 1
7 nan 0.125 0.5 -1.0 1.0 57.13424975615416 57.13518300481733 57.48541789597986 53.78345376136513 59.05084436265427 57.35926267490542 1.0 57.35926267490542 1.0 1
8 0.0625 nan 0.5 1.0 1.0 64.44471983782941 64.44551976525497 64.85064967599732 59.672352816872376 66.41277975708863 64.46041841355624 -1.0 64.46041841355624 -1.0 1
9 0.125 nan 0.5 1.0 1.0 67.5006425853673 67.50154250372107 68.37389669161573 66.99418853405261 69.9439288719558 67.48544396428144 1.0 68.26860624422493 -1.0 4
10 1.0 nan 0.5 1.0 1.0 72.50078894075568 72.50185551065645 72.72946819354081 70.52923447919818 74.29279931140111 72.45962600864817 1.0 72.54538489473127 -1.0 2
11 0.0625 nan 0.5 1.0 1.0 79.56728115763175 79.56821440629491 80.25631864383304 74.87350700623709 81.83411452531628 79.88058606598042 -1.0 80.22282168288724 -1.0 2
12 nan 0.25 0.5 -1.0 1.0 95.12786940355306 95.12890264314443 95.53386590233978 82.42882154075588 97.11219170800268 95.36288141512397 1.0 95.36288141512397 1.0 1
13 nan 0.25 0.5 -1.0 1.0 98.28408305207194 98.2849163098069 99.06431226478831 97.7208008232323 100.63383867898017 98.23002129022709 -1.0 99.02614906052669 1.0 3
14 nan 0.25 0.5 -1.0 1.0 108.51008861809734 108.51095520614172 108.67537362240597 101.26764569790504 110.25050042159518 108.5500849893759 1.0 108.5500849893759 1.0 1
15 0.0 nan 0.5 -1.0 -1.0 112.82499714255592 112.82596372152848 113.20262954804426 110.85970877916539 115.7671994861264 112.99251527759426 1.0 113.20172962969049 1.0 2
16 0.25 nan 0.5 1.0 1.0 116.9928856722564 116.99395224215716 117.32812192418947 116.37430846012417 118.90065066984245 117.20403318229776 -1.0 117.20403318229776 -1.0 1
17 0.0 nan 0.5 1.0 1.0 119.97621500592372 119.97731490613388 122.2776062092917 119.48845925818176 123.86053353160877 120.3002522738988 1.0 122.17781526295171 -1.0 4
18 nan 1.0 0.5 -1.0 1.0 128.58383406878127 128.58466732651624 128.9114043495526 124.46094145676915 130.4839262598562 128.76708410985583 1.0 128.76708410985583 1.0 1
19 nan 0.125 0.5 -1.0 1.0 131.826373218643 131.82733979761556 132.58207132364188 131.15053453496364 134.15049902047454 132.08538305298103 1.0 132.55210737549237 1.0 2
20 0.125 nan 0.5 1.0 1.0 135.4600435492996 135.46101012827216 136.42982223156693 134.73620922008598 138.01315071414507 135.50153978450112 -1.0 136.21434178130372 1.0 2
21 nan 1.0 0.5 -1.0 1.0 140.000431616841 140.0013648655042 140.26480763099227 138.61655717060307 141.8468311420751 139.95116941954961 -1.0 139.95116941954961 -1.0 1
22 0.25 nan 0.5 1.0 1.0 142.98332765648615 142.9843608960775 143.30656499703568 142.4511426063156 144.89086481408145 143.1868091953658 -1.0 143.1868091953658 -1.0 1
23 0.25 nan 0.5 1.0 1.0 148.10009676446091 148.1010300131241 148.74443830575842 145.48116770345064 150.3169659810882 148.27091460012974 1.0 148.53969021512162 1.0 2
24 1.0 nan 0.5 1.0 1.0 152.89449511993055 152.89539503828433 153.09311043363797 150.90437567603792 154.67853174188113 152.96942165545906 -1.0 152.96942165545906 -1.0 1
25 nan 0.25 0.5 -1.0 1.0 160.78367936369708 160.78474593359783 161.2089407813163 155.34663931270927 162.7837679775114 160.8603390753143 -1.0 161.00515926965207 1.0 2
26 nan 0.25 0.5 -1.0 1.0 167.57596312514926 167.57709635566883 167.7880438838538 163.38937629187606 169.350170608389 167.52860075549356 1.0 167.52860075549356 1.0 1
27 nan 0.0625 0.5 1.0 -1.0 170.48236610472415 170.4834326746249 170.91975975496453 169.9694793036955 173.48376126010282 170.7463088248532 -1.0 170.7463088248532 -1.0 1
28 1.0 nan 0.5 1.0 1.0 176.47805547154513 176.4790887111365 177.46763235759536 174.081872868247 179.0438587385596 176.66357197365883 -1.0 177.30678028443677 -1.0 3
29 0.0625 nan 0.5 1.0 1.0 180.11685866984917 180.11779191851232 181.35038009038917 179.64616804051937 182.91691188889106 180.15635508648674 -1.0 181.1997270919066 1.0 2
30 1.0 nan 0.5 1.0 1.0 184.84133003620013 184.84246326671968 185.10673928994274 183.51011747881225 186.67545974354724 184.97625112864645 -1.0 184.97625112864645 -1.0 1
31 nan 0.125 0.5 1.0 -1.0 197.1667784609462 197.16781170053758 197.8941458029561 187.36506773356746 200.47471110629223 197.55960948752042 -1.0 197.79672130858344 -1.0 2
32 nan 0.0625 0.5 1.0 -1.0 203.23339472616783 203.234494626378 210.07817372492312 201.10912078694506 212.65971039564846 204.94430616822677 -1.0 209.9847155373689 -1.0 4
33 nan 0.125 0.5 -1.0 1.0 214.30005735584965 214.30119058636922 214.7777473501532 213.26221818179 216.35027632419335 214.5417687596097 -1.0 214.5417687596097 -1.0 1
34 1.0 nan 0.5 1.0 1.0 218.7754513200634 218.7765178899642 219.13471872507304 216.93508495629956 220.6998484910403 218.96003457351395 -1.0 218.96003457351395 -1.0 1
35 nan 1.0 0.5 -1.0 1.0 222.79225355725916 222.79318680592235 223.06386224854995 221.29355619514237 224.64281674267804 222.9459729442064 1.0 222.9459729442064 1.0 1
36 1.0 nan 0.5 1.0 1.0 232.46660917242514 232.4675424210883 232.7685484452688 225.29822619971696 234.34487410765834 232.6273612546555 -1.0 232.6273612546555 -1.0 1
37 nan 0.0625 0.5 1.0 -1.0 236.3164265595329 236.31755979005248 244.6022414851451 234.96868216868324 247.17408001881668 236.57067015962693 -1.0 244.56127853489397 -1.0 9
38 nan 0.125 0.5 -1.0 1.0 248.34986814363617 248.35090138322755 248.9278157086113 247.768487556793 250.482817975388 248.64104172654405 1.0 248.86175503538286 1.0 2
39 nan 0.25 0.5 -1.0 1.0 251.60913910881612 251.6102390090263 251.82205312525562 251.0624220437477 253.39247923087552 251.60183977105777 1.0 251.60183977105777 1.0 1
40 nan 1.0 0.5 -1.0 1.0 254.4662798910996 254.46757977316616 254.7120909229157 253.97589104891514 256.2752237834539 254.55947143617863 1.0 254.55947143617863 1.0 1
41 nan 1.0 0.5 -1.0 1.0 260.6165885632216 260.61758847250354 260.9892880829189 256.8579295723195 262.55824217978846 260.81443727981286 1.0 260.81443727981286 1.0 1
42 0.25 nan 0.5 -1.0 -1.0 263.71620734638134 263.71727391628207 263.9496195031011 263.2140529049791 266.52549464199325 263.74313823637556 1.0 263.74313823637556 1.0 1
43 0.125 nan 0.5 1.0 1.0 267.5995883550537 267.600621594645 268.07381199717975 267.10789963080265 269.63324398353075 267.96255542440656 -1.0 267.96255542440656 -1.0 1
44 0.125 nan 0.5 1.0 1.0 270.82539568959726 270.8263289382604 271.16576480917774 270.2087516354101 272.7329950366424 271.03530997819087 -1.0 271.03530997819087 -1.0 1
45 nan 0.25 0.5 -1.0 1.0 274.7279082958645 274.7289748657653 275.1823337342077 273.32030266933464 276.7495645319849 274.9552543362737 1.0 274.9552543362737 1.0 1
46 0.25 nan 0.5 1.0 1.0 279.1421078120221 279.14297440006646 279.44671350961767 277.32587259226295 281.02544138256445 279.1781712067916 1.0 279.1781712067916 1.0 1
47 nan 0.0 0.5 -1.0 1.0 282.1661667837747 282.1673000142943 282.6263583656439 281.60525100690245 284.1830861817952 282.4048117990701 1.0 282.4048117990701 1.0 1
48 0.0625 nan 0.5 1.0 1.0 287.2250411443238 287.225974392987 288.1597563411036 284.82289241564325 289.7164851498083 287.5271470687145 -1.0 287.5271470687145 -1.0 1
49 0.25 nan 0.5 1.0 1.0 290.8448127359611 290.84601262709947 291.9691107326013 290.3139942284759 293.5417419867098 291.0496274872167 -1.0 291.85428781672243 -1.0 2
50 0.0 nan 0.5 1.0 1.0 295.4162979821716 295.41733122176294 295.55908502763606 294.1270482843168 297.1163140509023 295.40943193843543 -1.0 295.40943193843543 -1.0 1
51 nan 0.125 0.5 -1.0 1.0 299.21185362557816 299.2130201864071 299.7195408983406 297.69662442999953 301.2827722198867 299.4065692930859 -1.0 299.5227587516501 1.0 2
52 0.0625 nan 0.5 -1.0 -1.0 308.0408192731531 308.04168586119744 308.17704024766596 301.87237891271815 310.73284260741355 308.0131551163521 1.0 308.0131551163521 1.0 1
53 nan 0.25 0.5 -1.0 1.0 312.5092805330119 312.51038043322205 312.877780433725 311.35465195481885 314.44210469981914 312.7163617453066 1.0 312.7163617453066 1.0 1
54 nan 0.125 0.5 -1.0 1.0 315.71625624274515 315.7173561429553 316.2748055676501 315.08731330438985 317.84304001985964 315.64352950763697 1.0 316.19484615540244 1.0 2
55 0.25 nan 0.5 1.0 1.0 318.9329310725134 318.93369766962957 319.1656766230452 318.43084329172996 320.7330010331815 318.96252838725957 -1.0 318.96252838725957 -1.0 1
56 1.0 nan 0.5 1.0 1.0 325.52519964726343 325.5260662353078 325.67368617563505 321.32001450134567 327.259213013432 325.46137210476473 1.0 325.46137210476473 1.0 1
57 nan 1.0 0.5 -1.0 1.0 331.4161985122628 331.4170651003072 331.753367922141 327.86352083344525 333.32529800813967 331.6198800329988 1.0 331.6198800329988 1.0 1
58 0.125 nan 0.5 1.0 1.0 337.94920579690177 337.9500723849461 338.2964742905278 333.9247042582349 339.866127379768 338.0588958451332 1.0 338.1390219089279 -1.0 2
59 nan 1.0 0.5 -1.0 1.0 341.2083101105347 341.2094100107449 341.43265642309797 340.5246388041466 343.0112578767171 341.13848311234426 -1.0 341.13848311234426 -1.0 1
60 nan 0.0625 0.5 -1.0 1.0 344.88241010649205 344.88347667639283 345.55511574108795 343.5986599096881 347.13274156714186 345.04772844111005 1.0 345.24447725749116 -1.0 2
61 nan 0.0 0.5 1.0 -1.0 348.37672641355226 348.37775965314364 353.5697552694315 347.7187527757107 356.1571907730247 348.30926586732915 1.0 353.511127255199 -1.0 6
62 0.0625 nan 0.5 1.0 1.0 359.13238392623396 359.13345049613474 359.58644273117375 356.75629949950326 361.16587059080626 359.41159192806765 -1.0 359.41159192806765 -1.0 1
63 nan 0.25 0.5 -1.0 1.0 368.85883481499025 368.8598013939628 369.17110648374756 361.7690780421538 370.76052918031814 369.06638265161655 1.0 369.06638265161655 1.0 1
64 nan 0.125 0.5 -1.0 1.0 371.8990256564919 371.90015888701146 372.05574477128505 371.398237757775 373.6419681875955 371.8514633049798 1.0 371.8514633049798 1.0 1
65 nan 0.0 0.5 -1.0 1.0 377.08228873171726 377.08312198945225 378.86036074721477 374.2996745212495 380.43248813452374 377.06222388545916 1.0 378.7876006817972 1.0 3
66 0.0625 nan 0.5 -1.0 -1.0 382.55812526284524 382.5591585024366 382.77413899805885 381.0320970470214 385.3578751722873 382.57955665178866 1.0 382.57955665178866 1.0 1
67 nan 0.125 0.5 -1.0 1.0 389.0823333458029 389.08349990663186 389.616651535775 385.9555836907926 391.19397855039233 389.33064415082396 1.0 389.33064415082396 1.0 1
68 nan 0.125 0.5 -1.0 1.0 393.4324053466772 393.43350524688736 393.7878064357966 391.79528720962725 395.35803732149395 393.6005900879035 -1.0 393.6005900879035 -1.0 1
69 0.25 nan 0.5 1.0 1.0 397.48230458110595 397.48317116915035 397.80357543340097 395.95274335248587 399.3913020551052 397.5294003082865 1.0 397.5294003082865 1.0 1
70 nan 0.0625 0.5 -1.0 1.0 400.7489748749725 400.7498414630168 401.1302402841853 399.99441000049313 402.70956125207067 400.9256255147861 1.0 400.9256255147861 1.0 1
71 nan 0.0625 0.5 -1.0 1.0 406.1156546428194 406.1165212308637 406.6407070067786 403.36247109555075 408.20713810102 406.3997622001347 1.0 406.3997622001347 1.0 1
72 nan 0.0625 0.5 1.0 -1.0 411.065338909778 411.06620549782235 414.643547605595 408.803644104904 417.22628474355616 411.3057171011621 1.0 414.37640517576364 -1.0 4
73 0.0 nan 0.5 -1.0 -1.0 418.715778147321 418.7172113506251 421.3376069452489 417.8221925523393 423.9083096465752 421.0939290532344 1.0 421.0939290532344 1.0 1
74 1.0 nan 0.5 1.0 1.0 425.8989597774022 425.89992635637475 426.252061075173 424.5109190424894 427.82248814503276 426.1183732041745 -1.0 426.1183732041745 -1.0 1
75 nan 0.0625 0.5 -1.0 1.0 428.9821800483377 428.98324661823847 429.5393961608668 428.4151981551548 431.1254266924888 429.10050264670343 1.0 429.37051148314305 1.0 2
76 nan 0.0 0.5 1.0 -1.0 433.448841471489 433.44994137169914 435.9342493130477 431.71923172585736 438.49874733943335 434.19140743458473 1.0 435.8400911889961 -1.0 4
77 nan 0.25 0.5 -1.0 1.0 439.659411343004 439.66027793104837 440.29618690406795 439.16215645708337 441.8771129109114 439.91765458022587 1.0 439.91765458022587 1.0 1
78 0.0625 nan 0.5 1.0 1.0 444.6318268809726 444.6325934780888 444.96176361371124 442.4719228410025 446.5319920805676 444.84400763060535 -1.0 444.84400763060535 -1.0 1
79 nan 1.0 0.5 -1.0 1.0 448.74118738736877 448.74228728757896 449.0221285652912 447.1323000223796 450.59875707309425 448.9068723553902 1.0 448.9068723553902 1.0 1
80 0.0625 nan 0.5 -1.0 -1.0 455.4750097861355 455.47597636510807 456.1969776180228 451.1970645748002 458.76538124768877 455.84390965056133 -1.0 455.84390965056133 -1.0 1
81 nan 0.0 0.5 1.0 -1.0 459.9067077147274 459.9076409633906 460.3556336520198 459.3825885994314 462.91536954894076 460.1897820324514 -1.0 460.1897820324514 -1.0 1
82 0.125 nan 0.5 1.0 1.0 467.7736273118156 467.7746605514069 468.1873564423828 463.5096808304277 469.74848587904023 467.9925407839468 -1.0 467.9925407839468 -1.0 1
83 0.25 nan 0.5 1.0 1.0 471.05746271502244 471.0583293030668 471.68340592553176 470.3476937763751 473.25743714434174 471.2489786728279 -1.0 471.6031798708089 -1.0 2
84 0.125 nan 0.5 1.0 1.0 474.3317989800506 474.33266556809497 474.65383642946176 473.84164345003194 476.2262692672083 474.5448796480371 -1.0 474.5448796480371 -1.0 1
85 0.125 nan 0.5 1.0 1.0 477.4317843966137 477.4326843149675 477.7552883796384 476.8203732010022 479.31541859395765 477.2686325321066 -1.0 477.60836837580854 -1.0 3
86 nan 1.0 0.5 -1.0 1.0 482.40609976221805 482.4070330108812 482.78769847452486 479.90342682039073 484.35822393750857 482.62571317084667 1.0 482.62571317084667 1.0 1
87 nan 0.0625 0.5 -1.0 1.0 488.48188186252435 488.4830150930439 489.2854089615105 484.9594347743315 490.8592350788802 488.9115762112936 1.0 488.9115762112936 1.0 1
88 nan 1.0 0.5 -1.0 1.0 493.4651297510475 493.4660296694013 493.83516284599295 491.46754431784956 495.3982878225715 493.6514795108962 1.0 493.6514795108962 1.0 1
89 0.0625 nan 0.5 1.0 1.0 496.7407325678329 496.74173247711485 497.21392297036755 496.0749929679013 498.78934887464857 496.9334817470861 -1.0 496.9334817470861 -1.0 1
90 nan 1.0 0.8 -1.0 1.0 499.9150112440459 499.9160444836372 500.13055835492787 499.39065881658405 501.6982894761737 499.9055454361766 1.0 499.9055454361766 1.0 1
91 0.0625 nan 0.8 1.0 1.0 507.522421052155 507.52342096143695 508.0750042516776 502.2869960427205 509.6415312522214 507.952848667731 -1.0 507.952848667731 -1.0 1
92 0.25 nan 0.8 1.0 1.0 513.1481773149587 513.1494105364065 513.5299093485031 510.24984027025835 515.0983369477723 513.3144622285494 -1.0 513.3144622285494 -1.0 1
93 0.0 nan 0.8 -1.0 -1.0 516.4420784716041 516.443078380886 516.5664671862803 515.6918465373466 519.1316066518751 516.3552863459296 1.0 516.3552863459296 1.0 1
94 0.0625 nan 0.8 1.0 1.0 521.0245293896068 521.0254293079605 521.5511149477983 519.718314564268 523.1256484496523 521.4169604524682 -1.0 521.4169604524682 -1.0 1
95 0.25 nan 0.8 1.0 1.0 524.4316202769703 524.4324535347054 524.7178943043966 523.7149519642775 526.2927171724403 524.6187699642446 -1.0 524.6187699642446 -1.0 1
96 nan 0.0625 0.8 1.0 -1.0 530.5981274794601 530.5991273887421 534.1018096034614 526.8965299782489 536.6648837078333 530.656788824002 1.0 533.892828563531 1.0 5
97 0.25 nan 0.8 1.0 1.0 538.5248083213003 538.5258082305822 538.8607111794214 537.2485907744204 540.4315412348747 538.7437884540504 -1.0 538.7437884540504 -1.0 1
98 1.0 nan 0.8 1.0 1.0 543.6738411687732 543.6748077477457 543.952815858441 541.0127492663734 545.5149156494134 543.7740320788259 -1.0 543.7740320788259 -1.0 1
99 0.0625 nan 0.8 -1.0 -1.0 546.642838469399 546.6438383786809 546.7441626099713 546.0908218851362 549.2982004356505 546.6069417261765 1.0 546.6069417261765 1.0 1
100 1.0 nan 0.8 1.0 1.0 551.2729183995325 551.2741849512897 551.4850324885465 549.8723121379763 553.0569646890037 551.3415455065847 1.0 551.3415455065847 1.0 1
101 1.0 nan 0.8 1.0 1.0 557.1980141710469 557.1991807318758 557.5028198504989 553.6246717004021 559.0748431857937 557.3729982953905 -1.0 557.3729982953905 -1.0 1
102 0.25 nan 0.8 1.0 1.0 560.2814677541481 560.2825343240489 560.5608757378383 559.7344507162951 562.1148052339435 560.2208732516611 1.0 560.4107226939967 -1.0 2
103 0.125 nan 0.8 1.0 1.0 563.2905280866713 563.2915279959533 563.8090477099884 562.6898159203769 565.3812478549918 563.29392777823 -1.0 563.7310214556858 -1.0 2
104 0.125 nan 0.8 1.0 1.0 570.2720946751992 570.2731945754094 570.4759428474823 565.9626523214821 572.0479680270199 570.2915262455788 -1.0 570.2915262455788 -1.0 1
105 nan 0.0625 0.8 1.0 -1.0 576.1062986929832 576.1072319416463 576.6502160120621 572.6651775597234 579.2311846876515 576.4875307718866 -1.0 576.4875307718866 -1.0 1
106 0.0625 nan 0.8 1.0 1.0 581.457513197269 581.4585464368604 581.7834169625704 579.8376934907969 583.3724458932307 581.679993012506 -1.0 581.679993012506 -1.0 1
107 0.0625 nan 0.8 1.0 1.0 584.464640371847 584.4655736205102 585.1724761525493 583.9652523461249 586.7482042888639 584.7139844164594 -1.0 584.7139844164594 -1.0 1
108 0.25 nan 0.8 1.0 1.0 587.8575325474068 587.8585657869982 588.1229418011494 587.3393128968743 589.6978605282577 587.9833544653873 -1.0 587.9833544653873 -1.0 1
109 0.25 nan 0.8 1.0 1.0 593.7064352316355 593.707568462155 594.0050414735393 590.3559725399405 595.5813685113736 593.808859272418 1.0 593.808859272418 1.0 1
110 0.125 nan 0.8 1.0 1.0 597.6074813042892 597.6082479014054 597.9543165038931 596.181877310684 599.5392145199078 597.8134626163737 -1.0 597.8134626163737 -1.0 1
111 0.25 nan 0.8 1.0 1.0 600.7645615408525 600.7655947804438 601.0141388976306 600.1339187567179 602.5811681594698 600.9055487496094 -1.0 600.9055487496094 -1.0 1
112 0.25 nan 0.8 1.0 1.0 607.9565757029244 607.9576089425158 608.2855791869998 603.1615774018856 609.8646067626679 608.1396257621426 -1.0 608.1396257621426 -1.0 1
113 nan 1.0 0.8 -1.0 1.0 611.9226158789057 611.9236157881877 612.2636516046742 610.4524159313249 613.831152450277 612.1175981888887 1.0 612.1175981888887 1.0 1
114 0.0625 nan 0.8 1.0 1.0 614.9588070832796 614.9599403137992 617.0009218098343 614.4150564157476 618.5739472448986 615.2462143412254 -1.0 616.9210623885148 -1.0 5
115 0.25 nan 0.8 1.0 1.0 619.697610482672 619.6986103919539 620.033180037699 619.1631589714623 621.6146006732574 619.9117577205593 -1.0 619.9117577205593 -1.0 1
116 0.125 nan 0.8 1.0 1.0 625.3578302853941 625.3586302128197 625.7688596609 622.2807094610786 627.3475887175833 625.5665780131587 -1.0 625.5665780131587 -1.0 1
117 0.125 nan 0.8 1.0 1.0 628.9749021219701 628.9759686918709 629.5049207020297 627.9424957883425 631.0811494019065 629.0371631399271 1.0 629.4727569534599 -1.0 2
118 nan 0.25 0.8 -1.0 1.0 633.1899863697793 633.1909862790612 633.7388032443398 631.6748571651289 635.3299287460858 633.1836869413029 -1.0 633.4878926751858 1.0 2
119 0.0625 nan 0.8 -1.0 -1.0 636.5642135720757 636.5650468298106 642.5929999361297 635.9264381017298 645.1640732035017 636.7625622433079 -1.0 642.5451709421424 1.0 8
120 nan 0.0625 0.8 -1.0 1.0 647.5901132333628 647.5910131517165 648.2100236578709 645.7550797191027 649.790251313333 648.1017334826342 1.0 648.1017334826342 1.0 1
121 nan 0.0625 0.8 -1.0 1.0 651.0144025603762 651.0153358090394 651.572185288165 650.3858595857337 653.1573121185772 651.3314071330681 1.0 651.3314071330681 1.0 1
122 0.0 nan 0.8 -1.0 -1.0 654.3309016667938 654.332001567004 654.47968816795 653.7510209438736 657.047690995092 654.2845725367295 -1.0 654.2845725367295 -1.0 1
123 nan 0.25 0.2 -1.0 1.0 659.5735926836772 659.5746925838874 660.3194250170941 657.6420012630889 661.8975765451889 659.7916062374547 1.0 660.2244336353075 1.0 2
124 0.125 nan 0.2 1.0 1.0 663.2061631141237 663.207029702168 663.5141018426591 662.5719873171928 665.0810318408495 663.4159107511703 -1.0 663.4159107511703 -1.0 1
125 nan 0.125 0.2 -1.0 1.0 668.7403943473183 668.7413609262909 669.2165844776989 665.6677397844622 670.7885144261915 669.1026281498645 1.0 669.1026281498645 1.0 1
126 nan 0.0 0.2 -1.0 1.0 672.0973231190368 672.0983563586282 672.2350439574726 671.3868209135827 673.8237703474045 672.083557701255 1.0 672.083557701255 1.0 1
127 1.0 nan 0.2 1.0 1.0 675.5139464748884 675.5150463750986 675.7700899026181 674.4118797946172 677.3556196233129 675.5478767298564 1.0 675.5478767298564 1.0 1
128 nan 0.25 0.2 -1.0 1.0 678.6306303764603 678.6317302766705 679.0595581281134 677.9519252861727 680.642683861874 678.8562765710901 1.0 678.8562765710901 1.0 1
129 nan 0.0 0.2 -1.0 1.0 681.7472809477229 681.7483808479329 681.9544954812551 681.2329942736994 683.5428253006975 681.7961431813014 1.0 681.7961431813014 1.0 1
130 nan 0.0625 0.2 -1.0 1.0 684.6140541894225 684.6150540987045 684.977654534654 684.1252318717799 686.5557811987338 684.8185023072748 1.0 684.8185023072748 1.0 1
131 nan 0.0625 0.2 -1.0 1.0 690.0305961001301 690.0313960275556 690.5487490900438 687.1500907709581 692.1140698277519 689.9241057616009 -1.0 690.3374349284554 -1.0 3
132 0.0625 nan 0.2 1.0 1.0 695.5557948194777 695.5570613712348 696.5030422125915 692.7971784317771 698.0638697964722 696.1193103604832 -1.0 696.1193103604832 -1.0 1
133 nan 0.25 0.2 -1.0 1.0 700.0547533124364 700.055719891409 700.409087831655 698.6676791564962 701.9880188331962 700.2723335721918 1.0 700.2723335721918 1.0 1
134 nan 0.0 0.2 -1.0 1.0 703.0970106331208 703.0980772030216 705.2809791564769 702.5864236234406 706.8475076529623 703.7708494982362 1.0 705.1750887635169 1.0 3
135 nan 0.0625 0.2 -1.0 1.0 709.506095827415 709.507095736697 710.7839798897649 707.4359169803465 712.3551078114699 709.5035960542101 1.0 710.5257033222335 1.0 2
136 nan 0.125 0.2 -1.0 1.0 713.5304640448443 713.5314306238168 713.9505259341973 712.951416579659 715.5138570462167 713.5922584384697 1.0 713.7221133238874 -1.0 2
137 1.0 nan 0.2 1.0 1.0 717.6900533275045 717.6910865670958 717.9861931265128 716.1038639032158 719.5562223395499 717.8772696753975 -1.0 717.8772696753975 -1.0 1
138 1.0 nan 0.2 1.0 1.0 721.6638927958852 721.664792714239 721.9624657074796 720.1509300613457 723.5392855343828 721.8321775280397 -1.0 721.8321775280397 -1.0 1
139 0.0 nan 0.2 1.0 1.0 726.480289155558 726.481122413293 726.7807285644787 724.2194942690378 728.3470585632374 726.4901882574495 -1.0 726.4901882574495 -1.0 1
140 nan 0.125 0.2 1.0 -1.0 732.5407726438502 732.5418058834416 732.8371457550244 728.9445655809579 735.3972835031609 732.6731273024728 -1.0 732.6731273024728 -1.0 1
141 nan 0.0 0.2 1.0 -1.0 736.4723159496039 736.4734825104329 742.5968269622513 735.998192298406 745.1729321299829 737.1358557491151 1.0 742.4700384652982 -1.0 7
142 nan 0.25 0.2 -1.0 1.0 747.3138323392968 747.3147989182694 747.72889468224 745.7697390957788 749.305719807052 747.549610947984 1.0 747.549610947984 1.0 1
143 nan 0.125 0.2 -1.0 1.0 754.247103309506 754.2481698794066 754.7302928048603 749.9000310364776 756.3080225073462 754.5095128354027 1.0 754.5095128354027 1.0 1
144 nan 0.25 0.2 -1.0 1.0 758.4636207606193 758.4644873486636 758.7704595889446 756.9049288415846 760.3302893126493 758.6436377616822 1.0 758.6436377616822 1.0 1
145 nan 1.0 0.2 -1.0 1.0 761.8885766938206 761.8894766121743 762.1245219540547 760.9139984469998 763.6968500656418 762.0096323775571 1.0 762.0096323775571 1.0 1
146 nan 0.0625 0.2 1.0 -1.0 766.5716184855888 766.572551734252 767.8471694262807 764.2916586711643 770.4138643092864 766.5788511627284 1.0 767.7388792510441 -1.0 4
147 nan 0.25 0.2 -1.0 1.0 771.7877452458814 771.7888451460916 772.5325110093975 771.1035739848523 774.0968382470227 772.0464551074349 1.0 772.453818148907 1.0 2
148 0.0 nan 0.2 -1.0 -1.0 776.4393898861961 776.4405231167156 776.7274970806392 774.6901485883285 779.2968048431818 776.5940091914971 1.0 776.5940091914971 1.0 1
149 nan 0.25 0.2 -1.0 1.0 780.4208953257385 780.421861904711 780.7895285476891 779.8932098673367 782.3468575225355 780.6451749776829 1.0 780.6451749776829 1.0 1
150 nan 0.125 0.2 -1.0 1.0 783.7055973169897 783.7065305656529 784.0605984423962 782.9306676234677 785.6303259364543 783.9232109070545 1.0 783.9232109070545 1.0 1
151 nan 0.25 0.2 -1.0 1.0 786.686926832093 786.6878600807562 787.0333287376748 786.2166361664761 788.5801639175835 786.6299320030212 1.0 786.9011407305991 1.0 3
152 nan 1.0 0.2 -1.0 1.0 789.6909209575877 789.6918542062508 789.989993823823 789.1687683305462 791.5407220397451 789.8718378770043 1.0 789.8718378770043 1.0 1
153 nan 1.0 0.2 -1.0 1.0 792.8800316214831 792.880864879218 793.2027356770823 792.1310329086734 794.7465703656991 792.8924971571982 1.0 792.8924971571982 1.0 1
154 nan 0.125 0.2 -1.0 1.0 798.0891256864926 798.0901922563934 798.6844383426644 795.3274762406367 800.2299679815137 798.4209955771763 1.0 798.4209955771763 1.0 1
155 0.25 nan 0.2 1.0 1.0 801.5055823907973 801.5065489697698 801.8602835434192 800.8304769739246 803.4302066646973 801.7395611627768 -1.0 801.7395611627768 -1.0 1
156 nan 1.0 0.2 -1.0 1.0 806.5551575950241 806.5562241649247 807.2825915976528 804.1185119961158 808.8730158416946 806.7419406488949 1.0 807.1785677020191 1.0 2
157 nan 0.0625 0.2 -1.0 1.0 809.9468832097548 809.9478831190368 814.3864804216743 809.4686266001914 815.9632109021766 810.2186918829019 -1.0 814.1567679292978 1.0 9
158 nan 0.0625 0.2 -1.0 1.0 817.1049671168587 817.1059336958313 818.4285470333942 816.5609164765422 820.0224738675 817.1335311920135 -1.0 818.2685282179707 1.0 3
159 0.25 nan 0.2 1.0 1.0 821.2632565174523 821.2642230964249 821.5631293111134 820.6210814462657 823.1466502859672 821.4333410863144 -1.0 821.4333410863144 -1.0 1
160 nan 0.125 0.2 -1.0 1.0 826.621137083618 826.6222369838282 827.0098018215174 823.7498642501495 828.5909301717538 826.8394506101802 1.0 826.8394506101802 1.0 1
161 0.25 nan 0.2 1.0 1.0 829.7297883806248 829.7309216111444 830.1008547151616 829.2022362434607 831.6799809800085 829.7794172113196 1.0 829.7794172113196 1.0 1
162 nan 0.0625 0.2 1.0 -1.0 833.1058820802475 833.1069153198389 838.9575845104657 832.2778905341627 841.5395538737063 833.3338280662259 -1.0 838.787533271913 -1.0 5
163 nan 0.25 0.2 -1.0 1.0 842.9798195880935 842.980952818613 843.3469862764306 842.1410623520728 844.9402037194905 843.186134203272 1.0 843.186134203272 1.0 1
164 nan 0.0625 0.2 -1.0 1.0 848.8966827731863 848.8976160218494 849.2887805329538 845.6401115630676 850.8773051979721 849.1150629603673 1.0 849.1150629603673 1.0 1
165 nan 0.125 0.2 -1.0 1.0 853.3964078632612 853.3973077816149 853.8812638740854 851.4922139569986 855.4779891779721 853.6563509462624 1.0 853.6563509462624 1.0 1
166 nan 0.0625 0.2 -1.0 1.0 858.0628511609489 858.0639843914684 859.0710263596436 856.0752981508799 860.655954956634 858.4380171235417 1.0 858.8783105106997 1.0 2
167 nan 0.0625 0.2 1.0 -1.0 861.8461745808061 861.8469745082316 869.9126760705741 861.257861289608 872.4927463682553 861.9913280782378 1.0 869.6477667714726 -1.0 5
168 nan 1.0 0.2 -1.0 1.0 873.7129646179153 873.7140311878161 874.1573909634388 873.0934541571199 875.7296169508984 873.9623419928371 1.0 873.9623419928371 1.0 1
169 0.0 nan 0.2 1.0 1.0 877.6265762172123 877.6276761174225 883.2326342671615 876.3158284697954 884.8233614765276 878.2808168604014 -1.0 883.0832811507455 1.0 3
170 nan 1.0 0.2 -1.0 1.0 886.4628078722362 886.46370779059 886.8251083354012 885.4245687344638 888.4052343363053 886.649490935179 1.0 886.649490935179 1.0 1
171 nan 0.0625 0.2 -1.0 1.0 891.5627451739647 891.5637117529373 892.2319844563831 888.9939448982901 893.8129135403867 892.0421350140475 1.0 892.0421350140475 1.0 1
172 nan 0.25 0.2 -1.0 1.0 895.3387359257541 895.3397358350361 895.9286490718034 894.4137198490093 897.4963683857853 895.5466837260932 1.0 895.5466837260932 1.0 1
173 nan 0.125 0.2 -1.0 1.0 899.705239769162 899.706073026897 900.2248259623798 898.1820779599465 901.8064519352147 900.047908680091 1.0 900.047908680091 1.0 1
174 nan 0.0625 0.2 1.0 -1.0 903.0960987958484 903.097065374821 903.5390919380677 902.4020617632373 906.1216292367434 903.3811062715175 -1.0 903.3811062715175 -1.0 1
175 nan 0.0625 0.2 1.0 -1.0 907.2295237856305 907.2304237039842 916.4854506966041 906.7099375924128 919.0741197585486 908.084812855113 -1.0 916.3869596323306 -1.0 5
176 nan 1.0 0.2 -1.0 1.0 921.8295325146786 921.8304657633417 922.1913996838213 919.6790276219589 923.7627960260003 922.0069164212989 1.0 922.0069164212989 1.0 1
177 nan 0.0 0.2 -1.0 1.0 924.8542914229286 924.8554579837576 925.4391383619493 924.3525036149298 927.0229633547393 925.1886944171267 1.0 925.1886944171267 1.0 1
178 nan 0.0625 0.2 -1.0 1.0 928.3625731296269 928.3634730479807 930.3352274913946 927.6161741809503 931.9258540416033 930.0491867761341 1.0 930.0491867761341 1.0 1
179 0.0625 nan 0.2 1.0 1.0 933.679457415232 933.6804906548234 937.8967414634616 932.5184627479439 939.4626711001774 936.4011104898094 1.0 937.7255569943893 -1.0 4
180 nan 0.0625 0.2 1.0 -1.0 940.6720896664804 940.6731562363811 941.9058443991862 940.0626782894328 944.4794486981297 941.361993740726 -1.0 941.836717337493 -1.0 2
181 0.125 nan 0.2 1.0 1.0 945.7388966406663 945.7398298893295 946.5491897924604 945.0839560609801 948.1127082503442 946.1603250727047 -1.0 946.5292915977494 -1.0 2
182 nan 0.0625 0.2 1.0 -1.0 949.9229837007347 949.923850288779 950.5015312112789 948.8119178369259 953.0791993368879 950.0036097191704 -1.0 950.4922320549567 -1.0 2
183 nan 0.0 0.2 -1.0 1.0 954.4201756872952 954.4212089268866 956.1022564117242 953.6785096425533 957.6874831059456 955.783218690159 1.0 955.783218690159 1.0 1
184 0.125 nan 0.2 1.0 1.0 959.2625363579897 959.2635362672717 959.975305024483 958.2845917499197 961.5459361784253 959.8783471544418 -1.0 959.8783471544418 -1.0 1
185 0.0 nan 0.2 1.0 1.0 962.736621167245 962.7375544159081 964.5631887829177 962.1405419139569 966.1291169965752 963.1547165683434 -1.0 964.326110292164 1.0 4
186 nan 0.25 0.2 -1.0 1.0 967.2718763671389 967.2729096067303 967.7180358887512 966.725625926402 969.2885649799081 967.4853236685288 1.0 967.4853236685288 1.0 1
187 nan 0.0 0.2 -1.0 1.0 970.528980862208 970.5299141108711 971.1023955051048 969.8829728054405 972.6874229816638 970.7223966476491 1.0 970.9550088769433 1.0 2
188 nan 1.0 0.2 -1.0 1.0 973.8287481533074 973.8295814110423 974.276940823793 973.281031178957 975.8553701679185 974.0259302637107 1.0 974.0259302637107 1.0 1
189 nan 0.125 0.2 -1.0 1.0 977.1458805356036 977.1469471055044 979.7826413121423 976.4527767516557 981.355569558869 977.4840831850732 1.0 979.7732088345824 1.0 5
190 nan 1.0 0.2 -1.0 1.0 982.4955951759666 982.496628415558 983.0186810516713 981.9448784737704 984.6038301742618 982.7416395199485 1.0 982.7416395199485 1.0 1
191 0.0625 nan 0.2 1.0 1.0 985.8789215527289 985.8799547923202 986.3125488780072 985.2959411110345 987.8905780986444 986.075837020657 -1.0 986.075837020657 -1.0 1
192 nan 0.0625 0.2 -1.0 1.0 989.1126281705999 989.1136280798819 991.0434196637627 988.4945842434181 992.6126494758628 989.0584330875175 1.0 990.9724594350527 1.0 5
193 nan 1.0 0.8 -1.0 1.0 993.9218251834426 993.9226584411776 994.2579946840389 993.2079566167392 995.8289187091742 994.1188406422989 1.0 994.1188406422989 1.0 1
194 0.0625 nan 0.8 -1.0 -1.0 997.6559530666271 997.6569863062185 998.1070121437211 996.423331564441 1000.689683866282 997.5963918037315 1.0 998.0409848008021 1.0 2
195 1.0 nan 0.8 1.0 1.0 1003.145488354918 1003.1463549429625 1003.4513272739614 1001.300589069076 1005.0120560177343 1003.338537506956 -1.0 1003.338537506956 -1.0 1
196 0.0 nan 0.8 -1.0 -1.0 1006.0878214080249 1006.0886879960692 1009.0093563480668 1005.6125645263074 1011.5888606076277 1008.7209825111485 -1.0 1008.7209825111485 -1.0 1
197 0.0 nan 0.8 -1.0 -1.0 1012.6622249369372 1012.6630248643627 1016.6520629538293 1012.1872680280043 1019.2242002194423 1016.2127028153344 -1.0 1016.2127028153344 -1.0 1
198 nan 0.125 0.8 -1.0 1.0 1020.5285779187654 1020.5293778461911 1021.1173245039859 1019.8166091796978 1022.6789536413344 1020.8777795703367 1.0 1020.8777795703367 1.0 1
199 nan 0.0625 0.8 -1.0 1.0 1023.904071672819 1023.905071582101 1024.522882197117 1023.27866174726 1026.0788133058613 1024.1224851903094 1.0 1024.3914274568483 1.0 2
200 0.25 nan 0.8 1.0 1.0 1027.1388448605908 1027.1397447789445 1027.4377177449699 1026.6604215994805 1028.9954694672615 1027.0686845593063 1.0 1027.3129623968903 -1.0 2
201 nan 0.25 0.8 -1.0 1.0 1030.1883348584147 1030.1894347586249 1030.4707759002602 1029.6805809250336 1032.040107758627 1030.351653374469 1.0 1030.351653374469 1.0 1
202 0.125 nan 0.8 -1.0 -1.0 1034.7952502235162 1034.7961168115605 1035.5717797718894 1032.6435121093489 1038.128917937082 1035.3555327245099 1.0 1035.3555327245099 1.0 1
203 0.0 nan 0.8 -1.0 -1.0 1039.403465470684 1039.404465379966 1042.5021176748712 1038.7232271861642 1045.0543258016235 1042.2819376509829 1.0 1042.2819376509829 1.0 1
204 nan 1.0 0.8 -1.0 1.0 1046.278808363158 1046.27980827244 1046.9169504669076 1045.6423327748787 1048.4704808732 1046.4753238673734 1.0 1046.834424620836 1.0 2
205 0.25 nan 0.8 1.0 1.0 1049.7450938800139 1049.7461604499147 1050.0434001491333 1049.068288617362 1051.6121308680358 1049.9318769338847 -1.0 1049.9318769338847 -1.0 1
206 nan 0.125 0.8 -1.0 1.0 1057.6865067186084 1057.6875066278903 1058.1716293719078 1052.1967381181516 1059.7354544303066 1057.9435500646919 1.0 1057.9435500646919 1.0 1
207 nan 0.0625 0.8 1.0 -1.0 1062.5451992409082 1062.5461991501902 1073.475540905149 1060.3813622244293 1076.0389428679346 1062.8529713178968 1.0 1073.3938149865032 -1.0 3
208 1.0 nan 0.8 1.0 1.0 1077.195070112817 1077.196236673646 1077.5097748941603 1076.6606519319166 1079.08740139721 1077.3794867147205 -1.0 1077.3794867147205 -1.0 1
209 0.125 nan 0.8 1.0 1.0 1080.1618009524036 1080.1629008526138 1081.1623101799366 1079.683111048818 1082.7412604060275 1080.8121086190836 -1.0 1081.0482871914835 -1.0 2
210 0.125 nan 0.8 1.0 1.0 1085.1619139774828 1085.1629138867647 1086.173722179902 1083.4491693684067 1087.7285509335825 1085.4801517716223 -1.0 1086.096662504572 -1.0 3
211 0.25 nan 0.8 1.0 1.0 1088.8221152344206 1088.8229151618464 1089.2049471681753 1088.327860076346 1090.77088148414 1088.9563030600602 -1.0 1088.9563030600602 -1.0 1
212 nan 0.125 0.8 1.0 -1.0 1091.9283334188415 1091.9292666675046 1093.2929429462467 1091.3682842300134 1095.8538780100769 1092.1519464645978 1.0 1093.118192134069 -1.0 2
213 0.25 nan 0.8 1.0 1.0 1097.5284253434081 1097.529258601143 1098.0180142581669 1096.4545894351977 1099.5911429692055 1097.7657371463274 -1.0 1097.7657371463274 -1.0 1
214 nan 0.25 0.2 -1.0 1.0 1100.8118941132116 1100.8129606831124 1101.4734674244683 1100.187450766625 1103.0370971816894 1101.3295138181747 1.0 1101.3295138181747 1.0 1
215 nan 0.125 0.2 -1.0 1.0 1104.1449583834005 1104.1459582926823 1117.4046220502853 1103.6364045225937 1118.969350304652 1104.365905004405 -1.0 1117.0076580653456 -1.0 7
216 nan 0.0625 0.2 -1.0 1.0 1120.3283234604382 1120.3293233697202 1120.9736982413272 1119.5800580144353 1122.5411244202942 1120.7253541059968 1.0 1120.7253541059968 1.0 1
217 nan 0.0625 0.2 1.0 -1.0 1123.6113589362194 1123.612325515192 1126.348643925905 1123.136335366668 1128.9212163549516 1124.0412865971546 -1.0 1126.203723740639 -1.0 6
218 nan 0.0 0.2 -1.0 1.0 1130.2281252883777 1130.228991876422 1135.5298442832063 1129.5232225749025 1137.0878404558475 1133.0717339650453 -1.0 1135.2382707365857 -1.0 8
219 0.0 nan 0.2 -1.0 -1.0 1138.2114343258863 1138.2123675745495 1150.5407157362133 1137.6958477697963 1153.0949074292394 1138.5699018034704 1.0 1150.4829209797158 1.0 8
220 0.125 nan 0.2 1.0 1.0 1154.5026562841385 1154.5037228540393 1155.3856428407314 1153.826117663962 1156.9546724099437 1155.2368563395753 -1.0 1155.2368563395753 -1.0 1
221 nan 0.125 0.2 1.0 -1.0 1158.1113622130556 1158.112395452647 1159.3843800502332 1157.544080347088 1161.9446806861051 1158.9315877970505 -1.0 1159.3485499676294 -1.0 2
222 0.0625 nan 0.2 1.0 1.0 1163.084844320925 1163.0857442392787 1167.1783396000474 1162.5555923379814 1168.7278721719206 1166.9517601567543 -1.0 1166.9517601567543 -1.0 1
223 nan 1.0 0.2 -1.0 1.0 1170.0859091404511 1170.086742398186 1170.3929146203234 1169.3295777595736 1171.944541465226 1170.2597600342751 1.0 1170.2597600342751 1.0 1
224 nan 0.125 0.2 -1.0 1.0 1173.0860369500554 1173.0871035199561 1173.5585607464022 1172.5368534420916 1175.1111917419378 1173.052906622513 1.0 1173.5374626605528 1.0 3
225 nan 0.0625 0.2 -1.0 1.0 1176.370938923163 1176.371772180898 1184.2981530499535 1175.716698279974 1185.8612506250213 1176.3555069899114 1.0 1183.9611836219317 1.0 8
226 0.0 nan 0.2 1.0 1.0 1187.0698015886292 1187.0707681676017 1187.7056105707206 1186.4544574165086 1189.2612077570645 1187.1877908839008 1.0 1187.388872640504 -1.0 2
227 1.0 nan 0.2 1.0 1.0 1191.8698327663872 1191.8707993453597 1192.1984696170593 1189.8511159170305 1193.7612972886427 1192.053682753031 -1.0 1192.053682753031 -1.0 1
228 0.0625 nan 0.2 -1.0 -1.0 1194.855795194497 1194.856795103779 1196.6671308587745 1194.3546073320674 1199.2276730917338 1195.994291902941 1.0 1196.5933375537657 1.0 2
229 nan 0.25 0.2 -1.0 1.0 1200.3363646295597 1200.3374645297697 1200.9593081122232 1199.813278753855 1202.5113366217633 1200.7404279704012 1.0 1200.7404279704012 1.0 1
230 1.0 nan 0.2 1.0 1.0 1203.753454609743 1203.7544878493343 1204.0008654964101 1203.1037468886323 1205.5714840763753 1203.8888089962113 -1.0 1203.8888089962113 -1.0 1
231 nan 0.25 0.2 -1.0 1.0 1208.044165329578 1208.04516523886 1208.6904400288206 1206.2787921619613 1210.244370321771 1208.2861433758133 1.0 1208.416164912778 1.0 2
232 1.0 nan 0.2 1.0 1.0 1211.3202681010043 1211.321168019358 1211.58217767226 1210.8270795128303 1213.1526097179149 1211.4245919694224 -1.0 1211.4245919694224 -1.0 1
233 nan 0.25 0.2 -1.0 1.0 1214.4276195159446 1214.428486103989 1214.7679553052155 1213.7438148883189 1216.3276805364712 1214.4147540165166 1.0 1214.4147540165166 1.0 1
234 1.0 nan 0.2 1.0 1.0 1217.5883327562321 1217.589166013967 1217.8977046880718 1216.922293183516 1219.4443349941087 1217.7546176698227 -1.0 1217.7546176698227 -1.0 1
235 nan 0.0 0.2 1.0 -1.0 1221.2195699743027 1221.2205032229658 1221.6645296047766 1220.0402436368452 1224.211104540375 1221.5324749189385 -1.0 1221.5324749189385 -1.0 1
236 nan 0.25 0.2 -1.0 1.0 1228.0197530190824 1228.0205196161985 1228.6464628267079 1224.809010984387 1230.2056902463194 1228.2091358370863 1.0 1228.6349972002747 1.0 2
237 nan 0.0625 0.2 1.0 -1.0 1231.3443180603745 1231.3452513090376 1234.7265445369267 1230.838297303082 1237.2849163595313 1232.433119277505 -1.0 1234.3055493989104 -1.0 3
238 nan 0.0625 0.2 1.0 -1.0 1238.5275330207653 1238.5285662603565 1244.3482382632426 1237.8794251545057 1246.8941792274327 1239.490512319915 1.0 1244.0379664130492 -1.0 2
239 nan 0.0625 0.2 -1.0 1.0 1248.0029733494391 1248.0039065981023 1264.0261529595064 1247.4832871652932 1265.588081105614 1248.6115514687517 1.0 1263.753411037696 1.0 5
240 nan 0.0625 0.2 -1.0 1.0 1266.810933640085 1266.811933549367 1281.040942604497 1266.2008889871588 1282.5940716910047 1268.4067888540994 1.0 1280.7453360904392 1.0 3
241 nan 0.25 0.2 -1.0 1.0 1283.7362647346495 1283.7373313045503 1284.2050888666529 1283.1902809363878 1285.770435952862 1283.9516451939844 1.0 1283.9516451939844 1.0 1
242 nan 0.25 0.2 -1.0 1.0 1287.0937601216276 1287.0946600399814 1287.4402620181374 1286.4854486447903 1288.993965947837 1287.2839761973664 1.0 1287.2839761973664 1.0 1
243 nan 0.25 0.2 -1.0 1.0 1290.054291523666 1290.0553247632574 1290.7899914430257 1289.5837675458833 1292.3515193252047 1290.1573155100177 -1.0 1290.7383294634576 1.0 2
244 1.0 nan 0.8 1.0 1.0 1293.5438082661728 1293.5446748542174 1293.7998517029746 1292.9454292215364 1295.3439806977308 1293.6788626798568 -1.0 1293.6788626798568 -1.0 1
245 1.0 nan 0.8 1.0 1.0 1297.7035975306894 1297.7046974308996 1297.9956377016417 1295.938890969261 1299.569765111673 1297.867282680147 -1.0 1297.867282680147 -1.0 1
246 0.25 nan 0.8 1.0 1.0 1300.6770277624653 1300.6780276717473 1300.9964654477435 1300.158474808839 1302.5686980787477 1300.869310317387 -1.0 1300.869310317387 -1.0 1
247 0.25 nan 0.8 1.0 1.0 1303.86063892531 1303.8617054952108 1304.2144401595783 1303.1720014028215 1305.7867637964962 1304.0464554002083 -1.0 1304.0464554002083 -1.0 1
248 1.0 nan 0.8 1.0 1.0 1307.0435834819668 1307.0447167124864 1307.317991919247 1306.3825767859698 1308.8772212565784 1307.1984027691242 -1.0 1307.1984027691242 -1.0 1
249 1.0 nan 0.8 1.0 1.0 1311.336660653769 1311.3377272236698 1311.6199349533495 1309.4761294528191 1313.177168077656 1311.477047916957 -1.0 1311.477047916957 -1.0 1
250 1.0 nan 0.8 1.0 1.0 1319.6697712884181 1319.6707378673907 1319.9712772672397 1313.7826720696185 1321.5271045918294 1319.819791011022 -1.0 1319.819791011022 -1.0 1
251 1.0 nan 0.8 1.0 1.0 1323.9199523520242 1323.9210855825438 1324.1448652798474 1322.1385139752774 1325.7104905308881 1324.0492072918728 -1.0 1324.0492072918728 -1.0 1
252 0.125 nan 0.8 1.0 1.0 1327.4521318905615 1327.453098469534 1327.7320064985834 1326.3097022056086 1329.3035551403457 1327.622749744374 -1.0 1327.622749744374 -1.0 1
253 0.25 nan 0.8 1.0 1.0 1330.6768059945855 1330.677772573558 1330.9998766835881 1330.0223653695402 1332.571105750163 1330.862055854224 -1.0 1330.862055854224 -1.0 1
254 nan 0.0 0.8 1.0 -1.0 1333.6770671254276 1333.6781670256375 1335.0911388319807 1333.1734128201024 1337.6437793037423 1334.005304012387 -1.0 1334.9544845634457 -1.0 2
255 1.0 nan 0.8 1.0 1.0 1340.3521615190334 1340.3530947676966 1340.5675419783686 1338.2454859831732 1342.1269665294103 1340.4702508052335 -1.0 1340.4702508052335 -1.0 1
256 nan 0.25 0.8 -1.0 1.0 1345.8548956098464 1345.856128831294 1346.2046305463678 1342.7410781148826 1347.7692589830615 1346.0408787362917 1.0 1346.0408787362917 1.0 1
257 0.0625 nan 0.8 1.0 1.0 1348.893753238972 1348.8947864785634 1357.8728052697697 1348.3795665558769 1359.4384347065104 1349.1718280102862 -1.0 1357.7560491959457 -1.0 9
258 0.125 nan 0.8 -1.0 -1.0 1360.626788744464 1360.6278553143648 1361.4534804084822 1360.042241778228 1364.023017334152 1361.1877378516456 1.0 1361.1877378516456 1.0 1
259 1.0 nan 0.8 1.0 1.0 1365.1432789801663 1365.144145568211 1365.542742738311 1364.6208263803403 1367.1194710061002 1365.4067884062733 -1.0 1365.4067884062733 -1.0 1
260 0.125 nan 0.8 1.0 1.0 1368.1768037597883 1368.1778369993797 1368.6419948880673 1367.7133791379074 1370.2102232118687 1368.3844849176521 -1.0 1368.3844849176521 -1.0 1
261 0.0625 nan 0.8 1.0 1.0 1371.41824300944 1371.419176258103 1373.59367897359 1370.8119313511663 1375.1727058143179 1371.685018805868 -1.0 1373.357933695212 -1.0 4
262 1.0 nan 0.8 1.0 1.0 1376.2603703679686 1376.261170295394 1376.5402449759904 1375.780413912626 1378.1066427560736 1376.4294883578582 -1.0 1376.4294883578582 -1.0 1
263 0.25 nan 0.8 1.0 1.0 1379.4600800702528 1379.461179970463 1379.8078818488293 1378.7139477640515 1381.3601079589553 1379.6949587605861 -1.0 1379.6949587605861 -1.0 1
264 nan 1.0 0.8 -1.0 1.0 1385.0846697722277 1385.085536360272 1385.3884755423978 1381.9560202895816 1386.9521927974297 1385.2653533794785 1.0 1385.2653533794785 1.0 1
265 nan 0.125 0.2 -1.0 1.0 1388.3099771521304 1388.3108770704841 1388.7381383066672 1387.67910105583 1390.2934643936478 1388.5492554433042 1.0 1388.5492554433042 1.0 1
266 nan 0.0625 0.2 1.0 -1.0 1391.5025541682032 1391.5035540774852 1391.7741961898034 1390.8901763936192 1394.3269337113468 1391.6400750247826 -1.0 1391.6400750247826 -1.0 1
267 nan 0.25 0.2 -1.0 1.0 1396.733912879891 1396.7348794588636 1397.3078608077383 1394.9357426878262 1398.8598929310913 1397.007221416961 1.0 1397.007221416961 1.0 1
268 nan 0.25 0.2 -1.0 1.0 1400.0677770775055 1400.0688769777157 1400.8350407998657 1399.4655983775974 1402.3933662589136 1400.331586476397 1.0 1400.8078432673963 1.0 3
269 nan 0.0625 0.2 -1.0 1.0 1403.5683261524234 1403.5692260707772 1408.714159290194 1402.9982778707758 1410.2766895227928 1407.9986242080206 1.0 1408.4587824595803 1.0 2
270 0.125 nan 0.2 1.0 1.0 1411.8865714690805 1411.8875713783625 1412.2601375768222 1410.8753965425399 1413.8102367298434 1412.1239499326186 -1.0 1412.1239499326186 -1.0 1
271 nan 1.0 0.2 -1.0 1.0 1415.1187782230286 1415.1199114535482 1415.713890897344 1414.4099425330444 1417.2876146397073 1415.2874962492053 1.0 1415.682460415581 1.0 2
272 nan 1.0 0.2 -1.0 1.0 1418.3600508211332 1418.3609174091775 1418.9513305098678 1417.8855272062226 1420.509862414659 1418.7650140803287 1.0 1418.7650140803287 1.0 1
273 nan 0.125 0.2 -1.0 1.0 1421.5856581738203 1421.5865914224835 1421.9035959951755 1421.1098680071525 1423.470194569121 1421.7376777149882 1.0 1421.7376777149882 1.0 1
274 nan 1.0 0.2 -1.0 1.0 1424.5762868452462 1424.577286754528 1424.9714176631687 1424.0638999988585 1426.5375461432807 1424.788567585807 1.0 1424.788567585807 1.0 1
275 nan 0.0625 0.2 -1.0 1.0 1427.8764207697488 1427.8772873577932 1430.3194324577523 1427.1340547885095 1431.887056320417 1428.2363547809466 1.0 1429.7868141135596 -1.0 2
276 nan 1.0 0.2 -1.0 1.0 1433.492944536849 1433.493944446131 1434.06559258263 1432.5071673060704 1435.6265095767362 1433.6593627716775 1.0 1434.0653592704641 1.0 2
277 nan 0.0625 0.2 -1.0 1.0 1436.8531063485793 1436.8539729366237 1437.6648327036776 1436.3549182139955 1439.2364627556142 1437.449918868674 1.0 1437.449918868674 1.0 1
278 nan 0.0625 0.2 -1.0 1.0 1440.7098564400421 1440.7106563674677 1447.112808857407 1439.830769529649 1448.6856354784838 1446.6005553322568 1.0 1446.887895929584 1.0 2
279 nan 1.0 0.2 -1.0 1.0 1449.809630851482 1449.8106640910735 1450.1415340724755 1449.2899446673362 1451.7015689093523 1449.969916309381 1.0 1449.969916309381 1.0 1
280 nan 0.0 0.2 -1.0 1.0 1452.776461681997 1452.7773282700414 1499.3888660459022 1452.2914723499352 1500.9428922195607 1453.0853336591958 -1.0 1499.2664771497898 1.0 21
281 nan 1.0 0.2 -1.0 1.0 1502.2672382352725 1502.2681048233171 1502.740228655951 1501.5768008760767 1504.2927580697983 1502.5161156555534 1.0 1502.5161156555534 1.0 1
282 nan 0.0625 0.2 1.0 -1.0 1505.5365082932722 1505.5374415419353 1509.7214619413849 1504.878667976668 1512.2854677171 1509.301066748938 -1.0 1509.55431043975 -1.0 3
283 nan 0.125 0.2 -1.0 1.0 1515.0759094856826 1515.0768094040363 1516.1392463464322 1512.8870747371543 1517.6927746304002 1515.9415309510787 1.0 1515.9415309510787 1.0 1
284 nan 0.125 0.2 -1.0 1.0 1519.0514487998425 1519.052482039434 1519.642295194555 1518.2877847508973 1521.1925281001304 1519.2431647395044 -1.0 1519.2431647395044 -1.0 1
285 nan 0.25 0.2 -1.0 1.0 1522.301487269319 1522.302487178601 1524.544883734333 1521.781134478985 1526.1048123201113 1523.7286911177755 -1.0 1524.4639244128034 1.0 4
286 nan 0.25 0.2 -1.0 1.0 1534.5425433506673 1534.5435099296399 1535.015067147014 1526.7072208868892 1536.575991840861 1534.8150186300024 1.0 1534.8150186300024 1.0 1
287 nan 0.25 0.2 -1.0 1.0 1541.5695058205965 1541.5705057298785 1546.0521324619497 1537.2160007978541 1547.6092604539801 1545.4716851237697 -1.0 1545.4716851237697 -1.0 1
288 nan 0.125 0.2 -1.0 1.0 1552.934841352801 1552.935874592392 1573.4571794376832 1548.2331679180786 1575.0256222082162 1573.0234521214766 1.0 1573.398651414379 1.0 2
289 nan 0.25 0.2 -1.0 1.0 1576.3340184328213 1576.334918351175 1592.7407299131405 1575.7929341900413 1594.3088236498775 1592.3696302482942 1.0 1592.3696302482942 1.0 1
290 0.125 nan 0.2 -1.0 -1.0 1595.6664644721666 1595.6676310329956 1596.8856205293557 1594.920232175037 1599.4422250970067 1596.4265288476968 1.0 1596.7298679935352 1.0 2
291 nan 0.125 0.2 -1.0 1.0 1600.518524262896 1600.519357520631 1622.3261124085054 1600.0330349761932 1623.9020387541382 1608.9838229046209 1.0 1622.202956915277 1.0 5
292 nan 1.0 0.2 -1.0 1.0 1625.791864640411 1625.7930312012397 1626.4685699121346 1624.5157470844592 1628.0337990341459 1626.1014365541068 1.0 1626.1014365541068 1.0 1
293 nan 0.0625 0.2 -1.0 1.0 1629.3755728372787 1629.3763727647042 1630.510236560142 1628.645705722064 1632.0839645748458 1629.8490965429073 1.0 1630.2225959900302 1.0 2
294 nan 1.0 0.2 -1.0 1.0 1633.2751190460094 1633.2760522946726 1634.0105856532032 1632.6856725242917 1635.5588177023637 1633.5598265488939 1.0 1633.8205695593208 1.0 2
295 nan 1.0 0.2 -1.0 1.0 1636.7329719945874 1636.7340385644882 1637.9728595042225 1636.152824629192 1639.525488775401 1637.536965717905 1.0 1637.7151828822605 1.0 2
296 1.0 nan 0.2 1.0 1.0 1640.684813458765 1640.6857133771186 1641.0537133231908 1640.1227977816825 1642.6087433567718 1640.8881950067164 -1.0 1640.8881950067164 -1.0 1
297 nan 0.0625 0.2 -1.0 1.0 1643.7020397170909 1643.7030729566823 1650.2924751248238 1643.2019517548713 1651.8589033330634 1644.7117481100179 -1.0 1649.956005651443 1.0 4
298 nan 1.0 0.2 -1.0 1.0 1653.084155179448 1653.0850884281112 1653.5451133584336 1652.460811733072 1655.1191447214608 1653.3244000495947 1.0 1653.3244000495947 1.0 1
299 0.0625 nan 0.8 -1.0 -1.0 1656.3085959713064 1656.3094292290414 1695.2801268964658 1655.7165496854554 1697.8417607962879 1656.997066842248 -1.0 1695.030316227522 -1.0 11
300 0.25 nan 0.8 1.0 1.0 1699.1520089483956 1699.1531421789152 1699.6661956314908 1698.4740704552241 1701.2248118603654 1699.5396737770131 -1.0 1699.5396737770131 -1.0 1
301 1.0 nan 0.8 1.0 1.0 1702.5676990555842 1702.5684656527003 1702.849440160932 1701.9644204554659 1704.416868319259 1702.7219850577912 -1.0 1702.7219850577912 -1.0 1
302 0.25 nan 0.8 1.0 1.0 1706.0913460349154 1706.092145962341 1706.4181830488799 1705.01057742235 1707.9749153457296 1706.294160967607 -1.0 1706.294160967607 -1.0 1
303 1.0 nan 0.8 1.0 1.0 1709.134803246738 1709.1358364863295 1709.3644490784957 1708.5758206278108 1710.9249754107636 1709.2120629039246 -1.0 1709.2120629039246 -1.0 1
304 0.0625 nan 0.8 1.0 1.0 1712.2326888538091 1712.2334887812347 1713.1348070079969 1711.5205867935038 1714.700937443246 1712.3308132846792 -1.0 1712.6869143102958 -1.0 2
305 0.125 nan 0.8 1.0 1.0 1717.225035916798 1717.2258358442236 1717.5510730033373 1715.2933445052815 1719.108104509194 1717.4061528180712 -1.0 1717.4061528180712 -1.0 1
306 nan 0.0625 0.8 1.0 -1.0 1720.2351961495315 1720.2361960588134 1722.3782017226363 1719.6987114894484 1724.9252083401202 1720.512804296514 -1.0 1722.357036976168 -1.0 2
307 0.25 nan 0.8 1.0 1.0 1726.0009397118101 1726.0018729604733 1726.2718151362942 1725.5158170585107 1727.8247469529988 1726.1630250064165 -1.0 1726.1630250064165 -1.0 1
308 0.0 nan 0.8 1.0 1.0 1730.449169473864 1730.4502027134554 1738.575332217456 1728.4216534228258 1740.1348598334291 1732.9202119520717 1.0 1738.3964484469125 -1.0 3
309 nan 0.125 0.8 -1.0 1.0 1745.641424470619 1745.642257728354 1774.8988367215 1740.7470685172625 1776.4746586101717 1750.7054316988156 1.0 1765.1296230457851 1.0 3
310 0.25 nan 0.8 1.0 1.0 1777.669352029656 1777.6703186086286 1778.1136783842512 1777.1321674330757 1779.6746083518797 1777.9226290507775 -1.0 1777.9226290507775 -1.0 1
311 1.0 nan 0.8 1.0 1.0 1780.7828028912163 1780.7836694792607 1781.5374344263143 1780.2758155549511 1783.107862887538 1780.995650247037 -1.0 1781.326286916273 -1.0 2
312 0.0625 nan 0.8 1.0 1.0 1784.400508003671 1784.4013412614058 1784.8653991591652 1783.7111705446848 1786.4413251892008 1784.6756497077579 -1.0 1784.6756497077579 -1.0 1
313 nan 1.0 0.8 -1.0 1.0 1787.7818345618691 1787.7830011226981 1788.3314513638552 1787.0442348148738 1789.9019951869177 1787.994448605524 -1.0 1788.1351691718057 1.0 2
314 1.0 nan 0.8 1.0 1.0 1792.2410966563339 1792.242029904997 1792.545335720526 1790.6429083206617 1794.107765082641 1792.4181805901696 -1.0 1792.4181805901696 -1.0 1
315 0.125 nan 0.8 1.0 1.0 1795.4681372123252 1795.469037130679 1795.8639679667453 1794.7105726099999 1797.424600326856 1795.665285992419 -1.0 1795.665285992419 -1.0 1
316 0.0625 nan 0.8 1.0 1.0 1799.767113848891 1799.7680470975542 1800.464550573061 1798.0250052372348 1802.0331781203781 1799.9676623205437 -1.0 1800.3442281561313 -1.0 2
317 0.0 nan 0.8 1.0 1.0 1803.5910002552866 1803.592033494878 1806.374347732561 1802.6370868002932 1807.9500750135137 1803.8140800160927 1.0 1805.1841557142395 -1.0 3
318 0.25 nan 0.8 1.0 1.0 1809.0910012607287 1809.0920678306295 1809.3977067678165 1808.5586828893206 1810.9661328584132 1809.257752798651 -1.0 1809.257752798651 -1.0 1
319 nan 1.0 0.8 -1.0 1.0 1818.1074832289812 1818.1084164776444 1818.5434436759176 1811.5711429134024 1820.1077695576457 1818.1046501526823 -1.0 1818.1046501526823 -1.0 1
320 0.125 nan 0.8 1.0 1.0 1821.5661694352943 1821.567069353648 1824.2153624172386 1820.7488769185263 1825.774288080234 1821.794982009317 -1.0 1823.9733177103847 -1.0 4
321 nan 0.25 0.8 -1.0 1.0 1826.9174172698895 1826.9184171791715 1828.0304162916434 1826.3810992613535 1829.599546207379 1827.7114785610065 1.0 1827.7114785610065 1.0 1
322 0.0625 nan 0.8 1.0 1.0 1830.724505200348 1830.7254384490113 1831.4698709094332 1830.2018526186655 1833.050498833872 1831.243024823665 -1.0 1831.243024823665 -1.0 1
323 1.0 nan 0.8 1.0 1.0 1834.2409528328492 1834.2417860905841 1834.5847216439884 1833.652906184126 1836.1532487194481 1834.4460008962706 -1.0 1834.4460008962706 -1.0 1
324 nan 0.0625 0.8 1.0 -1.0 1838.3242490372954 1838.3251156253398 1840.9064480973482 1836.7583577714306 1843.4740838731993 1838.7596095386625 -1.0 1840.8342546471904 -1.0 2
325 1.0 nan 0.8 1.0 1.0 1844.6349764885538 1844.6358097462887 1844.9109847806853 1844.0839931438823 1846.474117466472 1844.8090606945436 -1.0 1844.8090606945436 -1.0 1
326 0.0625 nan 0.8 1.0 1.0 1847.5655772727523 1847.566477191106 1855.814262233694 1847.0820211439946 1857.3740906090757 1847.9029799947962 -1.0 1855.740868892398 -1.0 2
327 0.125 nan 0.8 1.0 1.0 1861.183341783818 1861.1841750415529 1861.6944620784484 1857.9856985607162 1863.2687030945522 1861.579439180713 -1.0 1861.579439180713 -1.0 1
328 0.25 nan 0.8 1.0 1.0 1864.7406857059511 1864.7415522939955 1866.2062527405255 1864.0285169850272 1867.7839803400843 1866.0443007671568 -1.0 1866.0443007671568 -1.0 1
329 1.0 nan 0.8 1.0 1.0 1868.9074743354415 1868.908507575033 1869.225712129581 1868.3872881966545 1870.7989107261124 1869.1088227345197 -1.0 1869.1088227345197 -1.0 1
330 nan 0.25 0.8 1.0 -1.0 1872.007326430767 1872.0081930188114 1872.1892099291563 1871.397715071863 1874.7571792798813 1872.0610215592085 -1.0 1872.0610215592085 -1.0 1
331 0.125 nan 0.8 1.0 1.0 1876.0150628238064 1876.015862751232 1925.6467265949107 1875.364388523723 1927.2156499039877 1877.3318766875338 -1.0 1877.3318766875338 -1.0 1
332 0.0 nan 0.8 0.0 -1.0 1929.2070369145804 1929.2079701632435 1989.2097930885232 1927.8650586672568 1991.7091330439093 nan 0.0 nan 0.0 0
333 0.125 nan 0.8 1.0 1.0 1992.4164688254716 1992.8407969944278 1996.7908052915884 1992.3473417637786 1998.3401359674933 1995.3472695915266 -1.0 1996.6116882088793 1.0 4
334 0.25 nan 0.8 1.0 1.0 2001.5488069491944 2001.5498068584764 2013.9756795054411 1998.9441432606068 2015.5469062166887 2013.4874571333676 1.0 2013.767898356649 -1.0 2
335 0.25 nan 0.8 1.0 1.0 2017.7231061820758 2017.7241727519765 2018.0844733965776 2016.1676139727433 2019.6564972082233 2017.9388199445048 -1.0 2017.9388199445048 -1.0 1
336 1.0 nan 0.8 1.0 1.0 2021.2978818560248 2021.2988484349974 2022.4562434288705 2020.2608092790813 2024.023471792944 2022.1169075488813 -1.0 2022.3755840801252 -1.0 2
337 1.0 nan 0.8 1.0 1.0 2025.182596077073 2025.1835293257361 2025.56529468959 2024.629979547241 2027.1399219041355 2025.3909771714343 -1.0 2025.3909771714343 -1.0 1
338 0.25 nan 0.8 1.0 1.0 2028.4993284956565 2028.5002284140103 2029.3573506505097 2027.750929728416 2030.9230796565546 2028.7967681767313 -1.0 2029.3176209217063 -1.0 2
339 0.25 nan 0.8 1.0 1.0 2032.0808702224133 2032.0819034620047 2032.7079133331329 2031.5303868323829 2034.273239819258 2032.574692086466 -1.0 2032.574692086466 -1.0 1
340 nan 0.0 0.8 -1.0 1.0 2035.581152654856 2035.5822192247567 2061.127468266347 2034.8734501953913 2062.6894948145177 2060.586417353876 -1.0 2060.7289044265563 1.0 2
341 1.0 nan 0.8 1.0 1.0 2065.9152672205555 2065.916300460147 2066.265068817696 2063.6310077962185 2067.8305924583074 2066.0683200013145 -1.0 2066.0683200013145 -1.0 1
342 0.0 nan 0.8 0.0 -1.0 2069.873074810115 2069.873974728469 2129.8757643234394 2068.461502876767 2132.3751693230797 nan 0.0 nan 0.0 0
343 1.0 nan 0.8 1.0 1.0 2133.049343063155 2135.384431209325 2135.8806195253446 2133.0292782168967 2137.4523480878665 2132.808898211152 1.0 2135.6283757438146 -1.0 8
344 0.0625 nan 0.8 -1.0 -1.0 2138.5890071367817 2138.590107036992 2160.7234989569743 2138.0573553715612 2163.2808690506895 2141.691592317478 1.0 2160.5017857388534 1.0 2
345 0.125 nan 0.8 0.0 -1.0 2165.272352923103 2165.273186180838 2225.275342409211 2163.9025771977404 2227.7744475075597 nan 0.0 nan 0.0 0
346 0.125 nan 0.8 1.0 1.0 2228.5052827021204 2229.0476668269666 2231.4960113644743 2228.427456429674 2233.072138452643 2231.025487386691 1.0 2231.025487386691 1.0 1
347 0.125 nan 0.8 1.0 1.0 2236.7153378344688 2236.71637107406 2246.08835412236 2233.676546865962 2247.655180373061 2245.3289230227088 -1.0 2246.027726289564 -1.0 3
348 0.25 nan 0.8 1.0 1.0 2249.6978266483934 2249.698726566747 2251.282316226903 2248.269289587561 2252.8554456966617 2251.0119740873693 -1.0 2251.0119740873693 -1.0 1
349 1.0 nan 0.8 1.0 1.0 2254.0469654006047 2254.047731997721 2255.847702026493 2253.4602519642576 2257.4300277433854 2254.232815205812 -1.0 2255.804372624275 -1.0 2
350 0.125 nan 0.8 1.0 1.0 2258.5553230408136 2258.5563896107146 2261.1060916191036 2258.034336974601 2262.6801176346353 2260.137379506737 -1.0 2260.8109517293774 -1.0 2
351 nan 1.0 0.8 -1.0 1.0 2263.8386770351635 2263.8397436050645 2264.5466461371034 2263.287427048017 2266.129873754406 2264.107052686443 1.0 2264.5120159456383 1.0 2
352 0.125 nan 0.8 1.0 1.0 2267.2551337394684 2267.256100318441 2284.3543823884756 2266.7317812212887 2285.92170875538 2281.616230810746 -1.0 2284.3078199462457 -1.0 3
353 0.125 nan 0.8 0.0 -1.0 2288.5146716076333 2288.5158048381527 2348.5176277634323 2286.541717273081 2351.0169650768416 nan 0.0 nan 0.0 0
354 0.25 nan 0.8 1.0 1.0 2351.7380689181628 2352.298651391941 2355.9409542727317 2351.6738747422605 2357.5046953067067 2354.658703939851 -1.0 2355.8132991877346 -1.0 4
355 0.125 nan 0.8 1.0 1.0 2358.796228557689 2358.7973284578993 2379.9948719505824 2358.2667099322703 2381.554599454323 2378.739752489552 1.0 2379.9018803873596 -1.0 4
356 nan 0.0625 0.2 1.0 -1.0 2383.016797782533 2383.0177310311965 2388.786740963796 2382.172307733296 2391.3377462069907 2384.403638626308 -1.0 2388.627755387964 -1.0 2
357 nan 0.25 0.2 1.0 -1.0 2395.8137700943444 2395.814736673317 2439.5631675415116 2391.9460543310893 2442.1374995088054 2439.235663921359 1.0 2439.346653851657 -1.0 2
358 nan 0.0 0.2 1.0 -1.0 2443.6983923680014 2443.6991922954267 2467.1179009367547 2442.786708415016 2469.687536729587 2457.0980100040515 1.0 2466.8739230719557 -1.0 6
359 0.0625 nan 0.2 0.0 -1.0 2471.4631400427666 2471.463939970192 2531.465729565162 2470.310644604375 2533.965102246326 nan 0.0 nan 0.0 0
360 nan 1.0 0.2 -1.0 1.0 2534.670172171381 2535.097433407564 2557.054074696805 2534.6102109447725 2558.6291001713917 2544.3145638383976 1.0 2556.9849476351114 1.0 6
361 nan 0.0625 0.2 -1.0 1.0 2559.7868934250305 2559.787826673694 2562.937374260333 2559.2462091459633 2564.5163997269906 2562.719494027793 1.0 2562.719494027793 1.0 1
362 nan 0.25 0.2 -1.0 1.0 2566.336899167463 2566.3378324161263 2567.6376478220604 2565.135808137968 2569.2280023389403 2567.464530195043 1.0 2567.464530195043 1.0 1
363 nan 1.0 0.2 -1.0 1.0 2571.5367940670785 2571.53782730667 2571.9961523912125 2569.83471515701 2573.580676798855 2571.728576667359 1.0 2571.728576667359 1.0 1
364 0.125 nan 0.2 1.0 1.0 2575.636588774677 2575.6374886930307 2578.2227541415486 2574.2104848264307 2579.803481899548 2576.0033221689923 -1.0 2577.942979524455 -1.0 3
365 0.0625 nan 0.2 -1.0 -1.0 2583.546137837486 2583.5471710770776 2584.645571423315 2580.399090024052 2587.219776445437 2584.3706630313936 1.0 2584.5281820736122 1.0 2
366 nan 0.125 0.2 -1.0 1.0 2588.513953792758 2588.5148537111118 2592.2754791902685 2587.834982059995 2593.8604047908043 2589.037572953413 1.0 2591.977006269602 1.0 8
367 nan 0.0625 0.2 1.0 -1.0 2595.2533756835037 2595.2542089412386 2595.9912087426646 2594.4557147189716 2598.570179305661 2595.1777158811683 1.0 2595.5437160086767 -1.0 2
368 0.0625 nan 0.2 -1.0 -1.0 2603.830330861714 2603.831230780068 2616.1359144220587 2599.1740866387026 2618.7031980771035 2605.399221855425 1.0 2615.9581305517254 1.0 9
369 nan 0.25 0.2 1.0 -1.0 2620.2283431312803 2620.229243049634 2648.053985281317 2619.495009663888 2650.619753716423 2626.6096975081546 -1.0 2647.7669446567747 -1.0 7
370 nan 0.125 0.2 -1.0 1.0 2651.894036887771 2651.894970136434 2657.6965437813164 2651.243462578616 2659.279271884639 2655.372654619104 1.0 2657.5453574978837 1.0 3
371 0.25 nan 0.2 1.0 1.0 2662.752751717114 2662.7536516354676 2663.253339633974 2659.8906780490393 2664.8292658644177 2663.0469916884863 -1.0 2663.0469916884863 -1.0 1
372 nan 0.125 0.2 1.0 -1.0 2669.6694575235515 2669.670324111596 2689.9120209913403 2665.4305754348316 2692.494621476021 2689.7215716034357 -1.0 2689.7215716034357 -1.0 1
373 nan 0.25 0.2 -1.0 1.0 2693.7694043586816 2693.770370937654 2697.128599591439 2693.1219297683006 2698.712725251049 2696.513088767772 -1.0 2696.880988722916 1.0 3
374 nan 0.125 0.2 0.0 -1.0 2699.986173667745 2699.9870402557895 2759.9891964841627 2699.3265335144333 2762.4883003880523 2711.0355711971583 1.0 2712.9268662736836 -1.0 7
375 nan 0.0625 0.2 1.0 -1.0 2763.2023049708255 2763.8458799150067 2772.914223844684 2763.142210422979 2775.4968941228144 2772.6805117151794 -1.0 2772.6805117151794 -1.0 1
376 nan 0.0625 0.2 0.0 -1.0 2776.7687074751075 2776.7695740631516 2836.7716636309065 2776.1046010603363 2839.2707701159907 nan 0.0 nan 0.0 0
377 nan 0.0625 0.2 -1.0 1.0 2839.9782060466173 2840.3860023821117 2851.6032513496575 2839.90987891235 2853.1806789227103 2850.725997606281 1.0 2851.3722723055234 1.0 4
378 nan 0.125 0.2 1.0 -1.0 2854.30187318044 2854.3026731078658 2893.9007471891036 2853.7925860528267 2896.4683142445756 2891.430804611106 1.0 2893.7457945807087 -1.0 9
379 nan 1.0 0.2 -1.0 1.0 2897.893584933842 2897.8944515218864 2947.0805557169474 2897.105623089345 2948.651277774106 2946.803480854915 1.0 2946.803480854915 1.0 1
380 nan 0.25 0.2 -1.0 1.0 2950.6936279163956 2950.6945611650585 2956.1775970430167 2949.301587544355 2957.7511240499653 2951.1024908217905 -1.0 2955.6574775648487 1.0 2
381 nan 1.0 0.2 -1.0 1.0 2959.610685571711 2959.611552159756 2960.4116795671835 2958.365931836904 2961.984505640107 2960.150136629331 1.0 2960.150136629331 1.0 1
382 nan 0.125 0.2 -1.0 1.0 2963.2441559205117 2963.2452224904123 2966.040968842783 2962.586515585764 2967.6178966940975 2965.8206221673477 1.0 2965.8206221673477 1.0 1
383 nan 0.25 0.2 -1.0 1.0 2969.357201306726 2969.358234546317 2970.643817910138 2968.223004208194 2972.2271614323754 2970.36927615162 1.0 2970.36927615162 1.0 1
384 nan 0.0625 0.2 -1.0 1.0 2973.6680102031282 2973.668910121482 2975.5292080102663 2973.0068701858936 2977.1104360840545 2975.2350346995127 1.0 2975.2350346995127 1.0 1
385 nan 1.0 0.2 -1.0 1.0 2978.250961075772 2978.2519276547446 2978.6972539186218 2977.710643430108 2980.2817820072814 2978.4892727879733 1.0 2978.4892727879733 1.0 1
386 nan 1.0 0.2 -1.0 1.0 2981.4344055870697 2981.435272175114 2983.1503499058476 2980.8866886127194 2984.726874914005 2982.3277578698853 1.0 2983.1276519651474 1.0 2
387 nan 0.0625 0.2 0.0 -1.0 2985.9012003314583 2985.9022669013593 3045.90402316602 2985.3240860242186 3048.4034275908243 2987.616678025905 1.0 3003.241593768966 -1.0 4
388 nan 0.0625 0.2 1.0 -1.0 3049.127297397049 3049.552025529718 3051.641036001597 3049.0545373316318 3054.2150084966424 3051.4137566218064 -1.0 3051.4137566218064 -1.0 1
389 0.25 nan 0.2 1.0 1.0 3058.150378766563 3058.1513786758446 3068.085744034631 3054.8166145598766 3069.6615704810233 3067.4524681560533 1.0 3067.737775604507 -1.0 2
390 nan 1.0 0.2 -1.0 1.0 3073.633907337154 3073.634740594889 3074.177558013758 3070.2728789373796 3075.733883850558 3073.6413066658406 -1.0 3073.8200904454557 1.0 2
391 nan 0.125 0.2 0.0 -1.0 3076.992535954652 3076.993402542696 3136.9955587710697 3076.357193596892 3139.4946312744646 3105.942109467925 -1.0 3105.942109467925 -1.0 1
392 nan 0.125 0.2 1.0 -1.0 3140.225865697382 3140.667892260629 3186.8233380826764 3140.1427399057416 3189.408069844217 3180.759554893754 1.0 3186.191962031735 -1.0 5
393 0.0625 nan 0.2 -1.0 -1.0 3190.599928780035 3190.6009953499356 3200.8200348812966 3190.0503786386676 3203.4072707749992 3192.9966446682834 -1.0 3200.6544499042034 1.0 4
394 nan 0.0625 0.2 1.0 -1.0 3204.516432854242 3204.5173661029053 3207.427035452801 3204.023777551018 3210.011102274176 3207.2132215180077 -1.0 3207.2132215180077 -1.0 1
395 nan 0.0625 0.2 1.0 -1.0 3211.1497977004806 3211.150730949144 3215.1520679227783 3210.617112695669 3217.7254376836026 3213.6608032196577 1.0 3214.922188778855 -1.0 2
396 nan 0.0625 0.2 -1.0 1.0 3219.2497961511945 3219.250729399858 3227.935974753305 3218.331146163545 3229.508504315557 3219.673091080559 -1.0 3227.7096619524873 1.0 6
397 nan 0.25 0.2 -1.0 1.0 3231.46662109761 3231.4674210250355 3244.290657620653 3230.1112107355984 3245.8663847970506 3233.018080339505 1.0 3243.981519000979 1.0 5
398 nan 0.25 0.2 -1.0 1.0 3247.3082838426913 3247.309117100426 3258.1235026182685 3246.4700932219303 3259.7158277682483 3255.2015343842045 -1.0 3257.8728586915895 1.0 5
399 nan 0.0625 0.2 -1.0 1.0 3261.132962914505 3261.1337961722397 3275.5944842080007 3260.3227364233294 3277.175192815224 3261.9633875731756 -1.0 3275.366438231094 1.0 5
400 nan 0.25 0.2 0.0 -1.0 3278.516052478352 3278.5171857088717 3338.5189753038417 3277.962502699857 3341.0183477017076 3282.1440899867202 -1.0 3324.466250255122 1.0 10
401 1.0 nan 0.2 1.0 1.0 3341.7418162408485 3342.3499943964484 3343.0467978447396 3341.66635642037 3344.6275232315807 3342.609704167284 -1.0 3342.8527154531107 -1.0 2
402 1.0 nan 0.2 1.0 1.0 3345.7655511823996 3345.7666510826098 3357.6567390059886 3345.21833416269 3359.232365402506 3346.0120288204034 -1.0 3357.505186089152 -1.0 7
403 nan 0.0 0.2 -1.0 1.0 3362.6081231187263 3362.6090563673897 3379.3222067123215 3359.8485734823626 3380.9094310654195 3373.715382065256 1.0 3379.1913185873123 1.0 3
404 nan 1.0 0.2 -1.0 1.0 3383.048735284963 3383.049735194245 3410.989833626757 3381.5318395739146 3412.5652587987406 3409.7420468337946 -1.0 3410.8802768997634 1.0 5
405 nan 1.0 0.2 -1.0 1.0 3414.5578432478983 3414.558809826871 3423.783039613606 3413.1912672322383 3425.3737663020434 3421.3140302842717 1.0 3423.5566934824787 1.0 4
406 nan 0.125 0.2 -1.0 1.0 3426.6820765948037 3426.6831431647047 3445.692085221025 3425.9754740355493 3447.265111789248 3428.149710108561 -1.0 3445.5250670406276 1.0 10
407 nan 1.0 0.2 -1.0 1.0 3448.3734419515395 3448.3745418517497 3488.369213284524 3447.885319570394 3489.9317388953614 3487.668010235392 1.0 3488.32561723983 1.0 2
408 nan 0.25 0.2 1.0 -1.0 3492.5221031749948 3492.5229364327297 3533.6956676512045 3490.5622476520366 3536.276700972278 3528.4091472774617 1.0 3533.497285649663 -1.0 7
409 nan 0.25 0.2 -1.0 1.0 3537.481090880554 3537.4820241292173 3542.278188991085 3536.9098093774587 3543.848117136991 3540.6066073141164 1.0 3542.213994815183 1.0 3
410 nan 0.0625 0.2 -1.0 1.0 3545.1895248564506 3545.190358114186 3545.6609487525875 3544.4489253816096 3547.241176326689 3545.4353358882668 1.0 3545.4353358882668 1.0 1
411 nan 1.0 0.2 -1.0 1.0 3548.3646034600893 3548.3657033602994 3548.8130961033594 3547.8359847530246 3550.3907260325527 3548.5916161974046 1.0 3548.5916161974046 1.0 1
412 nan 1.0 0.2 -1.0 1.0 3551.6479055783457 3551.6487055057714 3552.224953224967 3550.977633056336 3553.7900831914903 3552.013072448119 1.0 3552.013072448119 1.0 1
413 nan 1.0 0.2 -1.0 1.0 3555.097992564834 3555.0990591347345 3555.6326107275904 3554.3776912484163 3557.1977385993264 3555.3489364642974 1.0 3555.3489364642974 1.0 1
414 nan 0.125 0.2 -1.0 1.0 3558.4285570618176 3558.429390319553 3562.754631239925 3557.8106464558737 3564.324960699369 3562.4267276560595 1.0 3562.4267276560595 1.0 1
415 nan 0.125 0.2 1.0 -1.0 3566.2479809680126 3566.249080868223 3618.192234926443 3564.912268818856 3620.7474827022643 3568.0996796369723 1.0 3617.9102605089292 -1.0 5
416 nan 0.0 0.2 -1.0 1.0 3622.239567727048 3622.2405009757113 3646.1362996657735 3621.5793942887863 3647.6973271615416 3623.3179365573365 1.0 3623.3179365573365 1.0 1
417 0.25 nan 0.2 -1.0 -1.0 3648.8049242180978 3648.80589079707 3688.0026346228374 3648.3148353486977 3690.575034796511 3686.7165513043756 1.0 3687.9596051934036 1.0 5
418 nan 1.0 0.2 -1.0 1.0 3691.7305963987833 3691.7316296383747 3694.111613711305 3691.2038441890445 3695.663541242795 3693.8878673443105 1.0 3693.8878673443105 1.0 1
419 nan 0.0 0.2 -1.0 1.0 3696.8923280941367 3696.893661306513 3701.4776120884385 3696.2615519887645 3703.0396433762858 3697.5236374844594 1.0 3701.261031737965 1.0 2
420 nan 0.0 0.2 -1.0 1.0 3704.4635411862387 3704.4643411136644 3705.86998025194 3703.6394492863537 3707.4303105374993 3705.6782976425875 1.0 3705.6782976425875 1.0 1
421 nan 0.0 0.2 -1.0 1.0 3710.304311274974 3710.3053445145656 3711.308986791182 3708.027217867158 3712.8639139128186 3711.037278108963 1.0 3711.037278108963 1.0 1
422 1.0 nan 0.2 1.0 1.0 3715.288692394017 3715.289692303299 3715.694455580638 3713.4733237623022 3717.246786200969 3715.4984400310636 -1.0 3715.4984400310636 -1.0 1
423 nan 0.125 0.2 -1.0 1.0 3718.3216838886883 3718.3226837979705 3719.1856055083053 3717.8451937855234 3720.7467351833952 3718.77177638681 1.0 3718.77177638681 1.0 1
424 0.0625 nan 0.8 -1.0 -1.0 3721.8549966577452 3721.8560965579554 3747.1764326717225 3721.3605415178145 3749.7299360196903 3730.0219557000414 -1.0 3731.6115114855793 1.0 3
425 0.125 nan 0.8 -1.0 -1.0 3751.037182400313 3751.038082318667 3758.050779416173 3750.349644778035 3760.5967873220484 3757.3623752058506 1.0 3757.6284843960907 -1.0 2
426 0.125 nan 0.8 1.0 1.0 3761.808838461506 3761.8098050404788 3762.5825349335805 3761.2009936090003 3764.13956162978 3762.057049275599 -1.0 3762.4665121265634 -1.0 3
427 nan 1.0 0.8 1.0 -1.0 3770.9301775831273 3770.9311441621 3774.3101375986403 3764.734773002389 3776.8732730881425 3774.197347831635 -1.0 3774.197347831635 -1.0 1
428 0.25 nan 0.8 1.0 1.0 3778.09662739789 3778.0974939859348 3778.7264035939806 3777.5019813479066 3780.279932308896 3778.4141319252235 -1.0 3778.5123563470215 -1.0 2
429 0.25 nan 0.8 1.0 1.0 3781.420659154232 3781.4214924119674 3782.2991461190563 3780.8860409914755 3783.85467904405 3781.9228135956346 1.0 3782.068800350801 -1.0 2
430 0.0625 nan 0.8 1.0 1.0 3785.0299983590276 3785.0311649198566 3785.896119779065 3784.4503842785825 3787.446648193735 3785.3975650110774 1.0 3785.6910717156434 -1.0 2
431 0.0 nan 0.8 -1.0 -1.0 3791.370723088745 3791.3718563192647 3844.4036449430682 3788.0413584828993 3846.962844976528 3792.231478328969 -1.0 3843.9275548036157 1.0 6
432 0.25 nan 0.8 1.0 1.0 3848.339054564712 3848.339987813375 3863.6006032747073 3847.61235382889 3865.1760426441456 3863.2159048436265 -1.0 3863.505045277661 -1.0 2
433 0.25 nan 0.8 1.0 1.0 3869.2457911078905 3869.246691026244 3871.264741269413 3865.9827538177487 3872.829570391142 3870.5447732560897 -1.0 3871.1800822835403 -1.0 4
434 0.0625 nan 0.8 1.0 1.0 3874.1897425616326 3874.190709140605 3876.4154073020463 3873.4273783947538 3877.9791396109545 3874.3326629283347 1.0 3875.974813942104 -1.0 5
435 0.0 nan 0.8 -1.0 -1.0 3879.1059298676455 3879.1066964647616 5230.886187891481 3878.568645280137 3883.229207911791 3880.2450265216585 1.0 5229.200974117969 -1.0 637
