ZFM-01936 9b5a1754-ac99-4d53-97d3-35c2f6638507 mainenlab 2021-01-22 _iblrig_tasks_ephysChoiceWorld6.4.2 F 252 443
0 nan 1.0 0.5 -1.0 1.0 37.788587430037786 37.78948734003779 38.03186310003803 32.085591120032085 39.62517695108032 37.95767052003796 1.0 37.95767052003796 1.0 1
1 0.25 nan 0.5 1.0 1.0 40.82185074004082 40.822817310040826 41.15858373004116 40.193980200040194 42.758302714013546 41.02896336004103 -1.0 41.02896336004103 -1.0 1
2 nan 0.25 0.5 -1.0 1.0 44.355064050044355 44.35609728004436 44.61700452004462 43.29130377004329 46.23822559116371 44.52964659004453 1.0 44.52964659004453 1.0 1
3 nan 0.125 0.5 -1.0 1.0 47.25780708004726 47.25877365004726 47.613938130047615 46.73752578004674 49.24125881438967 47.41072512004741 1.0 47.41072512004741 1.0 1
4 nan 0.25 0.5 -1.0 1.0 50.33793237005034 50.33873229005034 50.58597423005059 49.71356148004971 52.187784951725 50.45155434005045 1.0 50.45155434005045 1.0 1
5 nan 1.0 0.5 -1.0 1.0 53.45752038005346 53.45838696005346 53.837815680053836 52.79188695005279 55.4407313428234 53.55727707005356 1.0 53.81258487005381 1.0 2
6 0.0625 nan 0.5 -1.0 -1.0 56.55424401005656 56.555343900056556 57.122687160057126 55.96273650005596 59.72377505279497 56.66926584005667 1.0 56.66926584005667 1.0 1
7 1.0 nan 0.5 1.0 1.0 62.17051566006217 62.17164888006217 62.583307710062584 60.225976800060224 64.1872961353343 62.38922712006239 -1.0 62.38922712006239 -1.0 1
8 0.125 nan 0.5 1.0 1.0 65.95690365006595 65.95797021006595 66.81331800006681 64.7073952800647 68.42025701780572 66.29210346006629 1.0 66.46255308006646 -1.0 2
9 nan 0.125 0.5 -1.0 1.0 69.95653698006996 69.95760354006995 70.2008792100702 69.02406357006902 71.80659757768399 70.11368793007011 1.0 70.11368793007011 1.0 1
10 0.0625 nan 0.5 1.0 1.0 73.45325394007345 73.45422051007345 78.98293425007898 72.32280033007233 80.60306924400432 78.86401281007886 -1.0 78.86401281007886 -1.0 1
11 0.125 nan 0.5 -1.0 -1.0 85.13911857008515 85.14015180008514 85.57014213008557 82.51078143008252 88.18914604051209 85.42322349008542 1.0 85.42322349008542 1.0 1
12 0.0625 nan 0.5 -1.0 -1.0 89.31896721008933 89.32010043008933 89.7951195900898 88.82504994008883 92.40539500582312 89.66023308008967 1.0 89.66023308008967 1.0 1
13 0.0625 nan 0.5 -1.0 -1.0 93.55204386009355 93.55307709009355 93.986733720094 93.00069900009301 96.58541692594603 93.70479525009371 1.0 93.70479525009371 1.0 1
14 0.125 nan 0.5 -1.0 -1.0 97.80511851009781 97.80605175009781 98.2064450400982 97.16041632009716 100.80185873079661 98.02916277009803 1.0 98.02916277009803 1.0 1
15 0.0625 nan 0.5 1.0 1.0 102.1047218401021 102.1056884101021 112.06435911011206 101.37096189010137 113.66789375527866 111.92114010011193 -1.0 111.92114010011193 -1.0 1
16 0.0625 nan 0.5 1.0 1.0 116.65413342011665 116.65523331011666 117.1043217301171 114.35309688011435 118.70372858729783 116.91864030011692 -1.0 117.03902826011704 -1.0 2
17 0.25 nan 0.5 1.0 1.0 120.01736373012002 120.01819698012002 120.36656214012037 119.35582989011935 121.98706992787166 120.23360877012024 -1.0 120.23360877012024 -1.0 1
18 0.125 nan 0.5 1.0 1.0 123.11718705012312 123.11818695012312 123.69359607012369 122.56977513012257 125.30040749588271 123.31546722012331 1.0 123.4984155901235 1.0 2
19 nan 0.0 0.5 -1.0 1.0 126.5036150401265 126.50448162012651 127.65573315012766 125.88011073012588 129.2668349167479 126.98823324012699 1.0 127.48824990012749 1.0 2
20 0.0625 nan 0.5 1.0 1.0 131.25317337013126 131.25410661013126 131.72275974013172 129.95793624012995 133.31647261894244 131.49604908013148 -1.0 131.49604908013148 -1.0 1
21 0.25 nan 0.5 -1.0 -1.0 134.45298669013445 134.45408658013446 135.37809417013537 133.8991754101339 137.98610812844524 135.2936026201353 1.0 135.2936026201353 1.0 1
22 nan 0.125 0.5 -1.0 1.0 139.26623865013926 139.26737187013927 146.26000587014627 138.55980930013857 147.8658110623611 139.4890163701395 1.0 146.22574263014621 1.0 2
23 0.0 nan 0.5 -1.0 -1.0 149.25200664014926 149.25297321014926 149.4863165401495 148.5035148301485 152.08535912901357 149.3865931801494 1.0 149.3865931801494 1.0 1
24 nan 0.0625 0.5 -1.0 1.0 153.24874026015326 153.24960684015326 153.54157764015355 152.68736307015268 155.1517891751969 153.44585388015344 1.0 153.44585388015344 1.0 1
25 nan 0.0 0.5 -1.0 1.0 156.34853025015636 156.34959681015636 156.65819928015665 155.73469164015575 158.26820765051372 156.56210889015657 1.0 156.56210889015657 1.0 1
26 nan 0.0625 0.5 -1.0 1.0 159.6983952301597 159.6992284801597 159.97373436015997 158.9049079201589 161.58484029762795 159.87574416015988 1.0 159.87574416015988 1.0 1
27 0.25 nan 0.5 1.0 1.0 163.06482522016307 163.06585845016306 163.4146569001634 162.2090441401622 165.03157076739595 163.2983018701633 -1.0 163.2983018701633 -1.0 1
28 0.125 nan 0.5 -1.0 -1.0 166.15118322016616 166.15218312016614 166.38116022016638 165.59217246016559 168.9843296248974 166.2954021301663 1.0 166.2954021301663 1.0 1
29 nan 0.0625 0.5 1.0 -1.0 171.56430852017158 171.56514177017158 172.46511843017245 169.61593671016962 175.06729617889826 171.70946067017172 1.0 172.09508877017208 -1.0 2
30 nan 0.0625 0.5 1.0 -1.0 176.26403850017627 176.26507173017626 176.79008589017678 175.65629928017566 179.39713139989232 176.53207836017654 -1.0 176.62860204017662 -1.0 2
31 nan 1.0 0.5 -1.0 1.0 180.51681318018052 180.5177130901805 180.7241257801807 179.98553298017998 182.33046634337447 180.65333286018065 1.0 180.65333286018065 1.0 1
32 nan 0.0625 0.5 1.0 -1.0 184.6832964901847 184.6843963801847 185.24800668018526 182.93647119018294 187.86350774212303 184.96783470018497 -1.0 185.1031878301851 -1.0 2
33 nan 0.125 0.5 -1.0 1.0 189.16618149018916 189.16698141018918 189.4041243601894 188.55340944018855 191.0329355978364 189.3072673801893 1.0 189.3072673801893 1.0 1
34 nan 1.0 0.5 -1.0 1.0 192.46311843019245 192.46395168019248 192.6961617901927 191.60173791019162 194.29957187652343 192.55044303019255 1.0 192.55044303019255 1.0 1
35 nan 0.25 0.5 -1.0 1.0 195.51284676019552 195.51394665019552 196.04789325019604 194.89057566019488 197.64920511244225 195.66213183019568 1.0 196.01353002019601 1.0 3
36 0.125 nan 0.5 -1.0 -1.0 198.7793867401988 198.7802533201988 199.04825985019906 198.23610774019824 201.6458390989884 198.92403894019893 1.0 198.92403894019893 1.0 1
37 nan 0.0 0.5 -1.0 1.0 202.84887975020285 202.84987965020287 203.34056391020334 202.23634101020224 204.94586775422542 203.24100720020326 1.0 203.24100720020326 1.0 1
38 1.0 nan 0.5 1.0 1.0 206.54877639020654 206.54984295020654 206.94570336020695 205.6072705502056 208.5455121383808 206.6024043602066 1.0 206.6024043602066 1.0 1
39 nan 1.0 0.5 -1.0 1.0 209.83188138020984 209.83284795020984 210.20231100021022 209.14261698020914 211.83194640358252 210.02626194021002 1.0 210.02626194021002 1.0 1
40 0.0625 nan 0.5 -1.0 -1.0 213.16181502021317 213.16281492021315 213.46648455021347 212.48094978021248 216.0648906838609 213.34273026021336 1.0 213.34273026021336 1.0 1
41 1.0 nan 0.5 1.0 1.0 217.84488000021784 217.84577991021786 218.13641751021814 216.7008944102167 219.74492520982693 218.04269355021805 -1.0 218.04269355021805 -1.0 1
42 1.0 nan 0.5 1.0 1.0 221.7979179902218 221.7987512402218 222.21924252022222 220.36582788022037 223.82804933756333 222.06845760022208 -1.0 222.06845760022208 -1.0 1
43 nan 0.0 0.5 -1.0 1.0 225.36432798022537 225.36536121022536 233.12345199023312 224.47944981022448 234.73047776415595 225.55270914022555 1.0 233.1067869902331 1.0 3
44 0.25 nan 0.5 1.0 1.0 236.19394491023618 236.1949781402362 236.4899819702365 235.47178380023547 238.09709539018658 236.3869922702364 -1.0 236.3869922702364 -1.0 1
45 0.0 nan 0.5 -1.0 -1.0 239.6936282402397 239.6945948102397 243.66023154024367 238.6991943602387 246.27976975457594 242.55507540024254 1.0 242.96463444024297 1.0 2
46 nan 1.0 0.5 -1.0 1.0 247.52657820024754 247.52761143024753 247.72349184024773 246.91387281024691 249.34309776820362 247.63866699024763 1.0 247.63866699024763 1.0 1
47 nan 0.25 0.5 -1.0 1.0 250.81281621025082 250.8138494402508 251.4012240302514 249.97060044024997 253.01275182680425 251.002297260251 1.0 251.2918016402513 1.0 2
48 nan 0.0625 0.5 -1.0 1.0 254.4927481802545 254.4938147402545 254.73085770025475 253.70895990025372 256.32927090489227 254.61393606025462 1.0 254.61393606025462 1.0 1
49 0.0625 nan 0.5 -1.0 -1.0 257.6591315102577 257.6601314102577 257.975133240258 256.94316978025694 260.5791087625131 257.8555118702579 1.0 257.8555118702579 1.0 1
50 0.25 nan 0.5 -1.0 -1.0 262.009029810262 262.01009637026203 262.3900917002624 261.1892118002612 265.01216308068183 262.25403864026225 1.0 262.25403864026225 1.0 1
51 0.0625 nan 0.5 -1.0 -1.0 266.25883812026626 266.25973803026625 266.4937479602665 265.62816786026565 269.11169217199426 266.3936579702664 1.0 266.3936579702664 1.0 1
52 nan 0.25 0.5 -1.0 1.0 270.3585947702704 270.35939469027034 270.6026037002706 269.7112928402697 272.2086384613991 270.52287834027055 1.0 270.52287834027055 1.0 1
53 1.0 nan 0.5 1.0 1.0 273.8281477802738 273.82901436027385 279.58540533027957 272.84314629027284 281.21100675266143 274.99109814027497 1.0 279.3919913402794 -1.0 2
54 nan 0.0625 0.5 -1.0 1.0 283.17447972028316 283.1753129702832 283.42825434028344 281.88780840028187 285.0275584037725 283.35332850028334 1.0 283.35332850028334 1.0 1
55 0.125 nan 0.5 -1.0 -1.0 286.2077430302862 286.2086096102862 286.4142890402864 285.65656482028567 289.0105854347727 286.30919955028634 1.0 286.30919955028634 1.0 1
56 0.125 nan 0.5 -1.0 -1.0 290.52394470029054 290.52491127029054 290.73625680029073 289.7732864402898 293.3603259998384 290.63923317029065 1.0 290.63923317029065 1.0 1
57 nan 0.0625 0.5 -1.0 1.0 295.7736530102958 295.7745529202958 296.22417462029625 294.007929600294 297.8236786415631 296.0966873702961 1.0 296.0966873702961 1.0 1
58 nan 0.125 0.5 -1.0 1.0 299.77658601029975 299.7775192502998 300.0022967703 298.4691834302985 301.6068329243949 299.8826420702999 1.0 299.8826420702999 1.0 1
59 nan 1.0 0.5 -1.0 1.0 302.9098393203029 302.9108058903029 303.0774225603031 302.24293935030227 304.67326417956383 302.968066830303 1.0 302.968066830303 1.0 1
60 0.0 nan 0.5 1.0 1.0 305.85964431030584 305.86047756030587 306.5929709703066 305.30126682030533 308.20618228972455 305.9442691803059 1.0 306.5517417603065 -1.0 2
61 0.25 nan 0.5 -1.0 -1.0 309.3927909603094 309.3938241903094 310.2154420203102 308.81668191030883 312.82281971191196 309.5757393303096 1.0 310.1886447003102 1.0 3
62 0.125 nan 0.5 -1.0 -1.0 313.94246928031396 313.94340252031395 314.31506535031434 313.4166218703134 316.9224705494447 314.0630572203141 1.0 314.23390680031423 1.0 2
63 1.0 nan 0.5 1.0 1.0 318.0589909203181 318.06005748031805 318.4332868203184 317.54497566031756 320.0419946257716 318.3438624303183 -1.0 318.3438624303183 -1.0 1
64 nan 0.25 0.5 -1.0 1.0 321.3388629003213 321.33969615032134 321.5883046203216 320.67769569032066 323.20873082090566 321.4769157603215 1.0 321.4769157603215 1.0 1
65 nan 0.0 0.5 1.0 -1.0 324.5553745503246 324.55634112032453 325.71832491032575 323.93103699032395 328.3218709735507 324.75348807032475 1.0 325.5239776803255 -1.0 4
66 nan 0.25 0.5 -1.0 1.0 329.5083792003295 329.5092791103295 329.83761294032985 328.9123721403289 331.43852086308874 329.71969140032974 1.0 329.71969140032974 1.0 1
67 0.125 nan 0.5 1.0 1.0 333.55797420033355 333.55894077033355 334.3220311203343 332.01682833033203 335.9215676448165 333.84571209033385 -1.0 333.84571209033385 -1.0 1
68 1.0 nan 0.5 1.0 1.0 337.7908175403378 337.79188410033777 338.14828179033816 336.5909708703366 339.7744909584405 337.980698550338 -1.0 337.980698550338 -1.0 1
69 0.25 nan 0.5 1.0 1.0 340.987764480341 340.989197670341 341.965100070342 340.3981901103404 343.5877322601045 341.1233509203411 1.0 341.5100789103415 -1.0 2
70 0.0 nan 0.5 -1.0 -1.0 345.0907541403451 345.09182070034507 345.47548233034547 344.25743748034427 348.070788088723 345.2981334003453 1.0 345.2981334003453 1.0 1
71 nan 1.0 0.5 -1.0 1.0 349.2569708103493 349.25780406034926 349.4681830203495 348.7020929703487 351.0706214649548 349.3810250703494 1.0 349.3810250703494 1.0 1
72 0.25 nan 0.5 1.0 1.0 352.2567708003523 352.25777070035224 352.76342013035276 351.7112253603517 354.3869308314806 352.5377760303525 -1.0 352.5377760303525 -1.0 1
73 nan 0.125 0.5 -1.0 1.0 355.74005577035575 355.74108900035577 356.1192511803561 355.01372841035504 357.7201724197695 355.98203157035596 1.0 355.98203157035596 1.0 1
74 nan 0.125 0.5 -1.0 1.0 359.0898207603591 359.0907206703591 359.33409633035933 358.4870810403585 360.93650462598947 359.24967144035924 1.0 359.24967144035924 1.0 1
75 nan 0.25 0.5 -1.0 1.0 362.33956242036237 362.34036234036233 362.6025027903626 361.56170688036156 364.2032369156816 362.49301374036247 1.0 362.49301374036247 1.0 1
76 1.0 nan 0.5 1.0 1.0 365.45598408036545 365.4570173103655 365.8502446503659 364.8876409203649 367.472776487219 365.4849478503655 -1.0 365.72575710036574 -1.0 3
77 1.0 nan 0.5 1.0 1.0 369.56957268036956 369.5706392403696 375.42615363037544 368.14378194036817 377.0356528778316 375.1053190503751 1.0 375.1053190503751 1.0 1
78 0.0 nan 0.5 1.0 1.0 378.82201401037884 378.82294725037883 379.51467807037955 377.74275528037776 381.1189091579561 378.991363740379 1.0 378.991363740379 1.0 1
79 nan 0.0625 0.5 -1.0 1.0 382.33836234038233 382.33922892038237 384.5048456703845 381.79791639038183 386.10505211818145 384.3937567803844 1.0 384.3937567803844 1.0 1
80 nan 0.25 0.5 -1.0 1.0 388.51837761038854 388.5195108303885 389.33179626038935 386.7541540503868 390.93509968621913 388.7041257003887 1.0 389.1156178803891 1.0 2
81 nan 0.0625 0.5 1.0 -1.0 392.6879606103927 392.6887938603927 393.35046102039337 391.5935034003916 395.9545368835104 392.8180809303928 1.0 393.035992470393 -1.0 2
82 nan 0.125 0.5 -1.0 1.0 397.23447258039727 397.2354391503972 397.47494853039746 396.58863717039657 399.1041835636102 397.39892280039743 1.0 397.39892280039743 1.0 1
83 nan 1.0 0.5 -1.0 1.0 400.45105089040044 400.45208412040046 400.66949571040067 399.7155911103997 402.2678186420115 400.56853914040056 1.0 400.56853914040056 1.0 1
84 nan 0.125 0.5 -1.0 1.0 403.6538639104037 403.65473049040367 403.986030690404 403.06042326040307 405.60383835509947 403.8756084004039 1.0 403.8756084004039 1.0 1
85 0.25 nan 0.5 1.0 1.0 406.83391254040686 406.8347124604068 407.40905502040744 406.24213839040624 409.01708904518546 407.07855474040707 -1.0 407.07855474040707 -1.0 1
86 nan 1.0 0.5 -1.0 1.0 410.43685221041045 410.4376854604104 411.3897902404114 409.6555970104097 413.0201296129705 410.55140742041056 1.0 410.55140742041056 1.0 1
87 nan 0.25 0.5 -1.0 1.0 414.33352917041435 414.33462906041433 414.76881897041477 413.6381320504136 416.3835587551316 414.4960795804145 1.0 414.6819943204147 1.0 2
88 1.0 nan 0.5 1.0 1.0 417.6863938504177 417.6872937604177 418.26056976041826 417.01306119041703 419.8665819927727 418.1399151604181 -1.0 418.1399151604181 -1.0 1
89 nan 0.125 0.5 -1.0 1.0 421.33612884042134 421.3372620604213 422.025793200422 420.4640827204205 423.6361301369784 421.54597452042157 1.0 421.83284583042183 1.0 2
90 0.0 nan 0.8 -1.0 -1.0 424.94946747042496 424.95056736042494 425.4405516904254 424.2648359404243 428.0526610002959 425.15987976042516 1.0 425.3093314804253 1.0 2
91 1.0 nan 0.8 1.0 1.0 429.34922745042934 429.35019402042934 430.0467910204301 428.6742616204287 431.6492967913144 429.75232047042977 -1.0 429.75232047042977 -1.0 1
92 nan 1.0 0.8 -1.0 1.0 432.83547879043283 432.83651202043285 433.05892311043306 432.2836006504323 434.6689245919003 432.95966637043296 1.0 432.95966637043296 1.0 1
93 0.25 nan 0.8 -1.0 -1.0 437.84891073043786 437.84981064043785 442.7231565904427 435.34762755043533 445.3183415421906 442.6164672604426 1.0 442.6164672604426 1.0 1
94 1.0 nan 0.8 1.0 1.0 446.6649290404467 446.66576229044665 447.01686051044703 446.14464774044615 448.6347643480425 446.8629759004469 -1.0 446.8629759004469 -1.0 1
95 nan 0.25 0.8 -1.0 1.0 450.3812907004504 450.38239059045037 450.8595762004509 449.30496501044934 452.46491196374063 450.5812040404506 1.0 450.5812040404506 1.0 1
96 0.125 nan 0.8 1.0 1.0 453.6676287004537 453.66869526045366 454.1297158204541 453.1194168604531 455.7511373117626 453.90860460045394 -1.0 453.90860460045394 -1.0 1
97 1.0 nan 0.8 1.0 1.0 457.0809206704571 457.08202056045707 457.4255528704574 456.55773966045655 459.0508605333257 457.2917995804573 -1.0 457.2917995804573 -1.0 1
98 0.25 nan 0.8 1.0 1.0 460.64759730046063 460.64866386046066 464.1503136604642 459.99166290045997 465.7471318069684 464.05618974046405 -1.0 464.05618974046405 -1.0 1
99 1.0 nan 0.8 1.0 1.0 467.0834536504671 467.0845868704671 467.3960557204674 466.5709382404666 469.0166803810031 467.2319721304672 -1.0 467.2319721304672 -1.0 1
100 nan 0.25 0.8 -1.0 1.0 470.2802339404703 470.2812338404703 470.6190000604706 469.73148882046974 472.23330361853783 470.4876132004705 1.0 470.4876132004705 1.0 1
101 0.25 nan 0.8 1.0 1.0 473.6967589204737 473.6978921404737 474.013127280474 472.9144038304729 475.61324019021606 473.8483104304739 -1.0 473.8483104304739 -1.0 1
102 nan 1.0 0.8 -1.0 1.0 477.016260270477 477.017193510477 477.32686254047735 476.4740478304765 478.92988089647264 477.2164735804772 1.0 477.2164735804772 1.0 1
103 0.0625 nan 0.8 1.0 1.0 480.36612525048037 480.3671584804804 486.46634850048645 479.74048782047976 488.0824739166009 486.1969421104862 1.0 486.1969421104862 1.0 1
104 nan 0.25 0.8 -1.0 1.0 490.1790771904902 490.18007709049016 491.4078876304914 488.8337784004888 493.0322189222243 490.4132537704904 1.0 490.6577959804907 -1.0 2
105 0.0625 nan 0.8 1.0 1.0 494.4954788404945 494.4963787504945 498.50654436049854 493.7291221504937 500.11206873519416 498.3897227104984 -1.0 498.3897227104984 -1.0 1
106 nan 0.0625 0.8 1.0 -1.0 501.94810017050196 501.94900008050195 502.6050011405026 501.2170732805012 505.2116329050034 502.1185164605021 1.0 502.1185164605021 1.0 1
107 0.25 nan 0.8 1.0 1.0 506.6312318105066 506.6326316705066 507.1834432505072 505.8878394905059 508.79797821428394 506.82774549050686 1.0 506.82774549050686 1.0 1
108 nan 0.0625 0.8 1.0 -1.0 510.11138376051014 510.11231700051013 516.2232391805162 509.4501832205095 518.8474635118894 510.33022854051035 1.0 516.0933521705161 -1.0 3
109 0.25 nan 0.8 1.0 1.0 520.3606920605204 520.3615253105204 520.6658948705207 519.6132668105196 522.2938951815297 520.5775037105205 -1.0 520.5775037105205 -1.0 1
110 nan 0.125 0.8 1.0 -1.0 524.4635817305244 524.4645149705244 531.7914488705318 522.962598510523 534.4100073369757 531.6465966905316 -1.0 531.6465966905316 -1.0 1
111 0.25 nan 0.8 1.0 1.0 535.7293550405358 535.7304216005357 535.998128160536 535.1665113305352 537.6097556323616 535.7566189805358 -1.0 535.8596753405359 -1.0 2
112 0.0 nan 0.8 1.0 1.0 538.8294783305388 538.8304115705388 539.1001512605391 538.2917654405383 540.7293844574045 538.8647414705389 1.0 538.8647414705389 1.0 1
113 0.25 nan 0.8 1.0 1.0 542.042723640542 542.0436902105421 542.3373941705423 541.4192859905414 543.9459010219869 542.1027176405421 1.0 542.1027176405421 1.0 1
114 nan 0.25 0.8 -1.0 1.0 545.1759436205451 545.1770101805452 545.7149230505457 544.6008011405446 547.3456497685453 545.3643247805454 1.0 545.5855693205456 1.0 2
115 1.0 nan 0.8 1.0 1.0 548.6924252705487 548.6933251805488 549.0881523605491 548.0303581505481 550.6953899089385 548.952865890549 -1.0 548.952865890549 -1.0 1
116 0.25 nan 0.8 1.0 1.0 551.975596920552 551.976630150552 552.3551922905524 551.3395938605513 553.9589012553577 552.1122832505521 -1.0 552.1122832505521 -1.0 1
117 1.0 nan 0.8 1.0 1.0 555.2116732805553 555.2126065205553 555.5083102805555 554.6175993605547 557.1116486038375 555.4117199405554 -1.0 555.4117199405554 -1.0 1
118 0.25 nan 0.8 1.0 1.0 559.5084102305595 559.5092434805595 559.9020708605599 557.991661920558 561.5085803318999 559.7789498405598 -1.0 559.7789498405598 -1.0 1
119 0.125 nan 0.8 -1.0 -1.0 562.7446532405628 562.7455531505627 568.3261617005684 562.1426801105622 570.924489758595 567.988628790568 1.0 567.988628790568 1.0 1
120 0.0 nan 0.8 -1.0 -1.0 572.2275048605723 572.2285380905722 572.8775065205729 571.6533956105717 575.474113241825 572.4444831605724 1.0 572.6545288205726 1.0 2
121 0.25 nan 0.8 1.0 1.0 576.9438998405769 576.9447664205769 577.8328442705779 576.1475128205761 579.4574682725043 577.2626679605772 1.0 577.6405301705777 -1.0 3
122 nan 0.25 0.2 -1.0 1.0 581.5936681505816 581.5947347105816 581.8518756605819 580.1754766505802 583.4738066724875 581.7871488005818 1.0 581.7871488005818 1.0 1
123 nan 0.25 0.2 -1.0 1.0 584.7932814905848 584.7943813805848 585.1511123705851 584.1803094605842 586.776841754588 584.8686739505848 1.0 584.8686739505848 1.0 1
124 nan 0.125 0.2 -1.0 1.0 588.073486770588 588.0743533505881 588.3715569605884 587.4749466305875 589.9900577393026 588.2287712405882 1.0 588.2287712405882 1.0 1
125 nan 0.0 0.2 -1.0 1.0 591.3597247805914 591.3606580205914 596.1054168305961 590.7038570405907 597.706343160404 595.8624744605959 1.0 596.0934513605961 1.0 2
126 0.125 nan 0.2 1.0 1.0 599.042556420599 599.043622980599 599.3665573505994 598.4502489905984 600.9727882253204 599.2598680205992 -1.0 599.2598680205992 -1.0 1
127 nan 0.0625 0.2 -1.0 1.0 602.4422497506024 602.4432496506024 602.6852921106027 601.6560950406017 604.2892199306212 602.5960343706026 1.0 602.5960343706026 1.0 1
128 nan 0.25 0.2 -1.0 1.0 606.1421797206061 606.1432462806061 606.3870219006064 605.0410231806051 607.9890523590415 606.3077298306063 1.0 606.3077298306063 1.0 1
129 nan 0.0625 0.2 1.0 -1.0 609.7087230306097 609.7095562806097 610.7495189406108 608.7144558006087 613.3552121713716 609.97812942061 1.0 610.6886916906107 -1.0 5
130 nan 0.25 0.2 -1.0 1.0 614.6582280306146 614.6591612706146 614.8658072706148 614.0951176806141 616.4719255936221 614.7889816206148 1.0 614.7889816206148 1.0 1
131 nan 0.0 0.2 -1.0 1.0 618.4247846706185 618.4258179006184 619.6834587906197 617.3606244306173 621.3049842226279 619.6003337706196 1.0 619.6003337706196 1.0 1
132 nan 1.0 0.2 -1.0 1.0 623.2744329906233 623.2754328906233 623.4631141206235 622.0222915506221 625.0714154536395 623.3703567306234 1.0 623.3703567306234 1.0 1
133 nan 1.0 0.2 -1.0 1.0 627.2576346306273 627.2587345206273 627.5035433706275 625.7653172106258 629.1077700123379 627.4211182806274 1.0 627.4211182806274 1.0 1
134 nan 0.0 0.2 -1.0 1.0 630.6876582606307 630.6887581506307 631.032390450631 629.8370766606298 632.6375923499559 630.9172686306309 1.0 630.9172686306309 1.0 1
135 nan 1.0 0.2 -1.0 1.0 633.9405662706339 633.941366190634 634.1880081906342 633.3564913506334 635.790534353067 634.0709199006341 1.0 634.0709199006341 1.0 1
136 nan 0.0 0.2 -1.0 1.0 637.087318230637 637.088318130637 637.3413261606373 636.5053431006365 638.9372618482266 637.1489454006371 1.0 637.1489454006371 1.0 1
137 nan 0.0 0.2 1.0 -1.0 640.3568579106403 640.3579911306404 641.6136322206416 639.6356633706397 644.2201945948631 640.5328403106405 1.0 641.2381364406413 -1.0 4
138 0.25 nan 0.2 1.0 1.0 645.6397962306456 645.6405961506456 646.1010167706461 644.9731962306449 647.7200451442919 645.937466460646 -1.0 645.937466460646 -1.0 1
139 nan 0.25 0.2 -1.0 1.0 648.9231345306489 648.9239011206489 649.1451456606492 648.4000535106484 650.7532759977189 649.0628538906491 1.0 649.0628538906491 1.0 1
140 nan 0.125 0.2 -1.0 1.0 655.6726595106556 655.6735260906556 656.941132650657 651.4781790006515 658.5527501269607 655.971029670656 1.0 655.971029670656 1.0 1
141 1.0 nan 0.2 1.0 1.0 662.5556378106626 662.5565043906626 662.969596410663 659.3828551206594 664.5722213494658 662.7823151406628 -1.0 662.7823151406628 -1.0 1
142 nan 0.25 0.2 -1.0 1.0 665.9022364506659 665.9031363606659 666.3893210706664 665.3249275206654 668.0221514751288 666.1494117306662 1.0 666.1494117306662 1.0 1
143 nan 0.25 0.2 1.0 -1.0 669.2687331006692 669.2697663306693 676.4017197306764 668.7269539506688 679.0183535577323 676.2689663406762 -1.0 676.2689663406762 -1.0 1
144 nan 1.0 0.2 -1.0 1.0 680.5212744006806 680.5223742906805 680.7895809006808 680.00085978068 682.4180807895032 680.6793919206807 1.0 680.6793919206807 1.0 1
145 0.125 nan 0.2 1.0 1.0 683.9043693906839 683.9053359606839 684.3959202306844 683.1027828906831 686.0012144543807 684.1903741206842 -1.0 684.1903741206842 -1.0 1
146 nan 0.125 0.2 -1.0 1.0 687.7041560406877 687.7053225906877 688.020357750688 686.7436187706868 689.6343491719556 687.916901430688 1.0 687.916901430688 1.0 1
147 0.125 nan 0.2 1.0 1.0 690.9205343706909 690.9216342606909 696.1610102706961 690.3969534006904 697.7839349045904 696.0499213806961 -1.0 696.0499213806961 -1.0 1
148 nan 0.25 0.2 -1.0 1.0 699.2700993306993 699.2712325506993 699.7744488906998 698.5316398506985 701.3836796600898 699.4351494906995 1.0 699.4351494906995 1.0 1
149 nan 0.125 0.2 1.0 -1.0 702.6032993107026 702.6041992207026 703.1385457807031 702.0740855707021 705.7501130202595 702.9193343707029 -1.0 702.9193343707029 -1.0 1
150 nan 1.0 0.2 -1.0 1.0 707.0530876207071 707.054187510707 707.3767219207074 706.4493146707065 708.9997490878111 707.1961733107072 1.0 707.1961733107072 1.0 1
151 nan 1.0 0.2 -1.0 1.0 710.2860976207103 710.2871641807103 710.7349527307107 709.7135548807097 712.3527844993854 710.4791449807104 1.0 710.6518277107107 1.0 2
152 nan 0.125 0.2 -1.0 1.0 713.7994129207138 713.8004461507138 714.062786580714 713.0439884707131 715.6694167317318 713.964129780714 1.0 713.964129780714 1.0 1
153 0.125 nan 0.2 1.0 1.0 717.1826079007172 717.1834411507172 717.6747253507177 716.3885206507164 719.2825555867065 717.3362925307173 1.0 717.3362925307173 1.0 1
154 nan 0.125 0.2 -1.0 1.0 720.5523375607206 720.5534041207205 720.7910803507208 719.99066040072 722.3990780331062 720.6807580507207 1.0 720.6807580507207 1.0 1
155 nan 0.25 0.2 -1.0 1.0 723.8186109007238 723.8197107907238 724.1782082707242 723.1327794907231 725.8020055289136 723.8948699407239 1.0 724.0483545907241 1.0 2
156 nan 0.25 0.2 -1.0 1.0 727.1654095207272 727.1663760907272 727.4643462907275 726.5078086207266 729.0654412381111 727.3545239407274 1.0 727.3545239407274 1.0 1
157 nan 0.0 0.2 1.0 -1.0 730.3515242107303 730.3523574607303 737.2949631307373 729.7936466707298 739.9147656317997 732.1744085707322 1.0 737.1621430807372 -1.0 2
158 nan 0.0625 0.2 1.0 -1.0 741.3675891607414 741.3685890607413 748.4022189607484 740.8581734407409 751.013960171281 741.4868439007415 1.0 748.2705321307483 -1.0 4
159 nan 1.0 0.2 -1.0 1.0 752.8837041007529 752.8848373207529 753.2034054607532 752.2510673707523 754.8169086046029 753.1251466207532 1.0 753.1251466207532 1.0 1
160 nan 0.25 0.2 -1.0 1.0 756.7136877307568 756.7144876507567 757.0352222407571 755.7320192407558 758.6667607143495 756.8251432507568 1.0 756.8251432507568 1.0 1
161 nan 0.125 0.2 1.0 -1.0 760.2134043907603 760.2144709507602 770.961062850771 759.5627694607596 773.5626076085385 760.4838440107604 1.0 770.6345621707707 -1.0 3
162 nan 0.0 0.2 0.0 -1.0 775.2490673407752 775.2500339107753 835.2515998208353 774.4568132407744 837.7508279663246 808.5091743308085 1.0 808.9612624508089 -1.0 2
163 0.25 nan 0.8 1.0 1.0 839.3088607208393 839.92956531084 846.8329415708469 839.1936389108392 848.4449294703788 846.7011547508467 -1.0 846.7011547508467 -1.0 1
164 0.125 nan 0.8 1.0 1.0 849.99152568085 849.99249225085 859.2048375908593 849.2416340108492 860.8077540549526 858.909933750859 -1.0 859.1446769408592 -1.0 2
165 nan 0.0 0.8 1.0 -1.0 862.5438369908626 862.5447369008625 877.2159696308772 861.6512595908616 879.8232446231032 873.6576588308736 1.0 877.068184410877 -1.0 2
166 0.0 nan 0.8 0.0 -1.0 881.2762302308813 881.2772634608813 941.2788293709413 880.7374507808807 943.7781008210789 881.6570588108817 -1.0 902.014189560902 -1.0 4
167 0.125 nan 0.8 1.0 1.0 945.1393099509452 945.7901448609458 954.932997150955 945.1226116209451 956.5355168169491 954.7752462609548 -1.0 954.7752462609548 -1.0 1
168 0.25 nan 0.8 1.0 1.0 958.0553515509581 958.056418110958 958.8707366709589 957.3590211909574 960.5019587462277 958.6902880509587 -1.0 958.6902880509587 -1.0 1
169 0.0625 nan 0.8 1.0 1.0 961.988224890962 961.989358110962 1014.1601071810142 961.2627641109613 1015.7853350778373 1013.971159411014 -1.0 1013.971159411014 -1.0 1
170 1.0 nan 0.8 1.0 1.0 1017.8486382910179 1017.8496381910179 1018.4124485710184 1017.1065458410171 1020.0348731408648 1018.2800951410183 -1.0 1018.2800951410183 -1.0 1
171 0.25 nan 0.8 1.0 1.0 1021.3152582610213 1021.3162248310214 1026.2364327610262 1020.7904774110208 1027.8648469010313 1026.034552951026 -1.0 1026.034552951026 -1.0 1
172 1.0 nan 0.8 1.0 1.0 1029.4510112710295 1029.4518445210294 1029.83737263103 1028.7107519710287 1031.4509921913505 1029.7072189810297 -1.0 1029.7072189810297 -1.0 1
173 nan 0.125 0.8 1.0 -1.0 1032.8476715710328 1032.8484714910328 1036.4314464910365 1032.2320998010323 1039.067266888541 1036.2372659110363 1.0 1036.2372659110363 1.0 1
174 0.125 nan 0.8 1.0 1.0 1040.4138148810405 1040.4147481210405 1040.7543808210407 1039.8503712310398 1042.3641032888495 1040.6550240910406 -1.0 1040.6550240910406 -1.0 1
175 0.25 nan 0.8 1.0 1.0 1044.850037881045 1044.8510377810449 1045.1889039910452 1043.1368092210432 1046.8001280181352 1045.0614167410452 -1.0 1045.0614167410452 -1.0 1
176 nan 0.125 0.8 -1.0 1.0 1048.6635231610487 1048.6643564110486 1054.0911136810541 1047.6101285110476 1055.6994348225107 1053.6740887210537 1.0 1054.003522441054 1.0 3
177 0.0 nan 0.8 -1.0 -1.0 1057.046384791057 1057.0472847010572 1057.980957991058 1056.4768417510566 1060.5961810805459 1057.1895038110572 1.0 1057.957560331058 1.0 4
178 0.0 nan 0.8 -1.0 -1.0 1062.0323194810621 1062.0332527210621 1068.019554031068 1061.3774849710614 1070.6289724377284 1062.1533407110621 1.0 1067.9519941210679 1.0 3
179 0.0625 nan 0.8 -1.0 -1.0 1071.981957751072 1071.983190961072 1072.2705288910722 1071.4562769910715 1074.8819179609068 1072.132276051072 1.0 1072.132276051072 1.0 1
180 nan 0.0625 0.8 -1.0 1.0 1076.3452547110764 1076.3461546210763 1076.7136512010768 1075.6569235510756 1078.3451441937534 1076.5967628910767 1.0 1076.5967628910767 1.0 1
181 0.25 nan 0.8 1.0 1.0 1079.7980094010798 1079.79914262108 1080.2681623810802 1079.097446131079 1081.898183750402 1080.03661887108 -1.0 1080.03661887108 -1.0 1
182 0.25 nan 0.8 1.0 1.0 1083.4115480110834 1083.4124479210834 1086.7324492210867 1082.6570901310827 1088.3446407933516 1086.4072150810864 -1.0 1086.4072150810864 -1.0 1
183 0.0 nan 0.8 -1.0 -1.0 1089.8140410310898 1089.8150742610899 1090.3197237910904 1089.115244251089 1092.9277077826519 1090.01228787109 1.0 1090.2178673110902 1.0 2
184 0.25 nan 0.8 1.0 1.0 1094.4806076610944 1094.4820408510946 1094.8008089710947 1093.7174173210938 1096.4304325878888 1094.6646225910947 -1.0 1094.6646225910947 -1.0 1
185 0.25 nan 0.8 1.0 1.0 1097.7607129510977 1097.7616795210977 1098.1271429710982 1097.2251331810971 1099.727168856512 1098.0275862610981 -1.0 1098.0275862610981 -1.0 1
186 nan 0.125 0.8 1.0 -1.0 1101.9134643011018 1101.914297551102 1102.6942862111027 1100.7627793811007 1105.3299373575958 1102.2917264711023 1.0 1102.6344921911027 -1.0 3
187 0.125 nan 0.8 1.0 1.0 1106.8101412511069 1106.8112744711068 1107.1494406511072 1106.128142791106 1108.7601678908757 1107.058549741107 -1.0 1107.058549741107 -1.0 1
188 0.25 nan 0.8 1.0 1.0 1110.2295659411102 1110.2305658411103 1114.5521336411146 1109.5223700011095 1116.1794467558177 1114.4375117711145 -1.0 1114.4375117711145 -1.0 1
189 nan 0.0625 0.8 1.0 -1.0 1117.8594028811178 1117.8605027711178 1121.2418312711213 1117.023853111117 1123.8455200524595 1121.1273093911211 -1.0 1121.1273093911211 -1.0 1
190 1.0 nan 0.8 1.0 1.0 1125.2256995111252 1125.2267994011252 1125.6504237011256 1124.6423245211247 1127.2755449987144 1125.5101044011255 -1.0 1125.5101044011255 -1.0 1
191 nan 0.25 0.8 -1.0 1.0 1128.9285958511289 1128.929429101129 1129.2339653111292 1128.080447341128 1130.8619847670273 1129.0998120611291 1.0 1129.0998120611291 1.0 1
192 1.0 nan 0.8 1.0 1.0 1132.4419778111323 1132.4427444011324 1132.7452141511328 1131.6395913911317 1134.3587062567333 1132.6380915311327 -1.0 1132.6380915311327 -1.0 1
193 1.0 nan 0.8 1.0 1.0 1135.944660841136 1135.9457274011359 1136.3479205111364 1135.1526067211353 1137.9752392075302 1136.1904695911362 -1.0 1136.1904695911362 -1.0 1
194 1.0 nan 0.8 1.0 1.0 1139.5612658111395 1139.5623657011395 1139.92226304114 1138.7739445511388 1141.5279804154336 1139.8133072711398 -1.0 1139.8133072711398 -1.0 1
195 nan 1.0 0.8 -1.0 1.0 1142.908197751143 1142.908997671143 1143.1856033411432 1142.3471871911424 1144.791223660048 1143.071214781143 1.0 1143.071214781143 1.0 1
196 1.0 nan 0.8 1.0 1.0 1146.1443741011462 1146.1453073411462 1146.5317353611465 1145.5719313511456 1148.1607502473069 1146.3572194811463 -1.0 1146.3572194811463 -1.0 1
197 0.25 nan 0.8 1.0 1.0 1150.3242894011503 1150.3252893011504 1155.073614421155 1149.026152561149 1156.6740302877404 1154.6183932811546 1.0 1154.951426641155 -1.0 3
198 1.0 nan 0.8 1.0 1.0 1158.0934124111582 1158.094245661158 1158.3797504411584 1157.5279356311576 1160.0072643190108 1158.2702613911583 -1.0 1158.2702613911583 -1.0 1
199 0.25 nan 0.8 1.0 1.0 1161.4433107211614 1161.4442106311615 1165.7063177111656 1160.8500700511609 1167.3431614613285 1165.5776639111657 -1.0 1165.5776639111657 -1.0 1
200 1.0 nan 0.8 1.0 1.0 1168.8232726511687 1168.8241725611688 1169.2002682811692 1168.1840699111683 1170.8065924734844 1169.067248251169 -1.0 1169.067248251169 -1.0 1
201 0.25 nan 0.8 1.0 1.0 1172.2261989911722 1172.2271322311722 1173.0432172811732 1171.5958953611716 1174.656212673932 1172.898131791173 -1.0 1172.898131791173 -1.0 1
202 0.0625 nan 0.8 1.0 1.0 1177.2758273111772 1177.2767605511772 1181.6301918311817 1175.4168132311754 1183.2391066082048 1181.5376677511815 -1.0 1181.5376677511815 -1.0 1
203 nan 0.125 0.8 -1.0 1.0 1184.8420039511848 1184.8430371811849 1185.6766204811856 1184.081513341184 1187.2889433738774 1185.3481533311854 1.0 1185.4799068211855 1.0 2
204 0.0625 nan 0.8 1.0 1.0 1188.7250822711887 1188.7260155111887 1189.055582551189 1188.077647021188 1190.6886722883735 1188.957192391189 -1.0 1188.957192391189 -1.0 1
205 0.0625 nan 0.8 1.0 1.0 1192.1081772611922 1192.109010511192 1193.7061174511937 1191.4558758311914 1195.3386313229398 1193.1758371511933 1.0 1193.5478332811936 -1.0 2
206 nan 1.0 0.8 -1.0 1.0 1196.9079305711969 1196.908963801197 1197.4151465111975 1196.1536393411961 1199.0382701868116 1197.3202893311973 1.0 1197.3202893311973 1.0 1
207 0.125 nan 0.8 1.0 1.0 1200.3077572212003 1200.3085904712004 1200.6856860912008 1199.8011745512 1202.3077081173767 1200.5941619112007 -1.0 1200.5941619112007 -1.0 1
208 1.0 nan 0.8 1.0 1.0 1203.8212391712038 1203.8222390712037 1204.1934352812043 1203.069014401203 1205.8241467549246 1204.094745151204 -1.0 1204.094745151204 -1.0 1
209 0.0625 nan 0.8 1.0 1.0 1207.937694151208 1207.9385607312079 1210.845603331211 1206.6835529112068 1212.4542192468862 1210.2904588512104 1.0 1210.7552123712107 -1.0 3
210 nan 1.0 0.2 -1.0 1.0 1214.2570954812143 1214.2581620412143 1214.5614317112145 1213.2910254312133 1216.170450006618 1214.4620416512146 1.0 1214.4620416512146 1.0 1
211 nan 0.125 0.2 1.0 -1.0 1217.5399338312175 1217.5408004112176 1218.159471871218 1217.011853311217 1220.7868919885448 1217.7902754612178 1.0 1218.026018551218 -1.0 2
212 nan 0.0625 0.2 -1.0 1.0 1222.2731937912222 1222.2740937012222 1222.5583986012225 1221.5796964812216 1224.1867189361285 1222.3963148112225 1.0 1222.3963148112225 1.0 1
213 nan 0.125 0.2 -1.0 1.0 1225.5062371212255 1225.5070703712256 1226.3965480812265 1224.991421941225 1228.006261737834 1225.8600684012258 -1.0 1226.1762034512262 1.0 2
214 nan 0.0625 0.2 -1.0 1.0 1229.88639906123 1229.8873656312298 1230.5049705312306 1228.8416702112288 1232.1392936944435 1230.2877255912304 1.0 1230.2877255912304 1.0 1
215 nan 0.125 0.2 -1.0 1.0 1233.4527423912334 1233.4536756312334 1233.994121581234 1232.921195551233 1235.6058380245777 1233.7281148512338 1.0 1233.9186957912339 1.0 2
216 nan 0.125 0.2 -1.0 1.0 1237.0858790412371 1237.0869789312371 1237.3718504412375 1236.4081468212364 1238.9723701588211 1237.2677275212372 1.0 1237.2677275212372 1.0 1
217 nan 0.25 0.2 -1.0 1.0 1240.985689021241 1240.986622261241 1241.4862056312415 1239.81737253124 1243.1054225050154 1241.140073581241 1.0 1241.4716404212415 1.0 3
218 nan 0.0625 0.2 -1.0 1.0 1244.5521323412445 1244.5532655612446 1245.119942221245 1243.900330861244 1246.7354601249658 1244.7909751212449 1.0 1245.093311551245 1.0 3
219 nan 1.0 0.2 -1.0 1.0 1248.6215920212487 1248.6225585912487 1248.963357841249 1247.5608647712477 1250.588284353745 1248.7732101912488 1.0 1248.7732101912488 1.0 1
220 nan 0.125 0.2 -1.0 1.0 1252.1517389712521 1252.152538891252 1252.4019139512525 1251.3527855412515 1254.038028102937 1252.2942580512522 1.0 1252.2942580512522 1.0 1
221 nan 0.25 0.2 -1.0 1.0 1255.5682639512556 1255.5691971912556 1256.099444161256 1254.8388369012548 1257.71816116014 1255.8820325712559 1.0 1255.8820325712559 1.0 1
222 nan 1.0 0.2 -1.0 1.0 1259.2043336412592 1259.2051668912593 1259.5917948912595 1258.5634644012587 1261.2210090948176 1259.3985808812595 1.0 1259.3985808812595 1.0 1
223 nan 0.125 0.2 -1.0 1.0 1262.6178255912625 1262.6187921612627 1263.061314571263 1262.020718641262 1264.6708391734978 1262.8395367512628 1.0 1262.8395367512628 1.0 1
224 nan 0.0 0.2 -1.0 1.0 1266.1343072412662 1266.1351071612662 1266.6054601212666 1265.4595413912655 1268.2175754739505 1266.2687937912663 1.0 1266.5642309112666 1.0 2
225 0.0625 nan 0.2 1.0 1.0 1269.6202919412697 1269.6214251612696 1269.98418888127 1269.054081901269 1271.6039025803625 1269.83907006127 -1.0 1269.83907006127 -1.0 1
226 nan 0.0625 0.2 -1.0 1.0 1273.5004038912734 1273.5013704612736 1274.043916201274 1272.4953044112724 1275.6702353171422 1273.7372135412738 1.0 1274.017285531274 1.0 2
227 nan 0.0 0.2 -1.0 1.0 1278.4168788612785 1278.4180120812784 1281.7990072812818 1276.7845421112768 1283.433317859551 1281.6096928812817 1.0 1281.6096928812817 1.0 1
228 nan 0.125 0.2 -1.0 1.0 1284.886331851285 1284.8872984212849 1285.2404297712853 1284.2953242912843 1286.8499454648825 1285.108576291285 1.0 1285.108576291285 1.0 1
229 nan 1.0 0.2 -1.0 1.0 1288.3526185212884 1288.3536184212883 1288.6787859012886 1287.7181486412878 1290.2995976302302 1288.5094028412884 1.0 1288.5094028412884 1.0 1
230 nan 1.0 0.2 -1.0 1.0 1291.7691768312918 1291.7702433912918 1292.017218691292 1291.113009121291 1293.635934856162 1291.905129901292 1.0 1291.905129901292 1.0 1
231 nan 0.0625 0.2 1.0 -1.0 1295.0660137812952 1295.066880361295 1301.2168653013011 1294.4885382012944 1303.8519384360604 1300.938493141301 1.0 1300.938493141301 1.0 1
232 0.0625 nan 0.2 1.0 1.0 1305.2653270813053 1305.2661603313052 1306.029950611306 1304.7547448113048 1307.6516666488137 1305.5866282813056 1.0 1305.5866282813056 1.0 1
233 nan 0.125 0.2 -1.0 1.0 1309.098477061309 1309.0994769613092 1309.5161686213096 1308.5101692313085 1311.131695259975 1309.3300539013094 1.0 1309.3300539013094 1.0 1
234 nan 0.0 0.2 1.0 -1.0 1312.5346667413125 1312.5357666313125 1313.3177550913133 1311.892297651312 1315.9315383832295 1312.7157819613128 1.0 1312.894497421313 -1.0 2
235 nan 1.0 0.2 -1.0 1.0 1317.5176350613176 1317.5187349513176 1317.7984736413177 1316.7695432113169 1319.4341867110747 1317.6615540013177 1.0 1317.6615540013177 1.0 1
236 1.0 nan 0.2 1.0 1.0 1320.8144386813208 1320.8153719213208 1321.1722029013213 1320.2414959813202 1322.7840175550562 1321.076112511321 -1.0 1321.076112511321 -1.0 1
237 nan 0.125 0.2 -1.0 1.0 1324.181035321324 1324.1820018913243 1325.073846031325 1323.6582209413236 1326.683857836094 1324.4211113113245 1.0 1325.0444823013252 1.0 3
238 0.0625 nan 0.2 1.0 1.0 1328.980821961329 1328.981655211329 1332.0944105713322 1327.5546645913275 1333.7002250925523 1331.966456701332 -1.0 1331.966456701332 -1.0 1
239 nan 1.0 0.2 -1.0 1.0 1335.3469519513353 1335.3479185213353 1335.6565543213358 1334.5647301813347 1337.2635705548155 1335.5178015313356 1.0 1335.5178015313356 1.0 1
240 nan 0.125 0.2 -1.0 1.0 1338.7829749813388 1338.7839082213388 1339.007885821339 1338.077878831338 1340.6163048397711 1338.9304602313389 1.0 1338.9304602313389 1.0 1
241 nan 0.0625 0.2 -1.0 1.0 1341.979788601342 1341.980555191342 1345.3165548913453 1341.4395093013416 1346.9495661750884 1345.074479101345 1.0 1345.2352296913452 1.0 2
242 nan 0.0 0.2 1.0 -1.0 1348.3793485813485 1348.3801818313484 1349.2368294913492 1347.8154716413478 1351.8659124597289 1348.899829861349 1.0 1348.899829861349 1.0 1
243 nan 0.0 0.2 1.0 -1.0 1353.2459285413534 1353.2471284213532 1353.837136081354 1352.6929171813526 1356.44885180907 1353.4702061113535 -1.0 1353.4702061113535 -1.0 1
244 nan 0.0 0.2 -1.0 1.0 1357.978955191358 1357.979755111358 1358.2305633613582 1357.3041560113572 1359.8485829935255 1358.136472771358 1.0 1358.136472771358 1.0 1
245 nan 1.0 0.2 -1.0 1.0 1361.2453618513612 1361.2463950813612 1361.5045026013615 1360.6546875913607 1363.1121164856695 1361.3917138813615 1.0 1361.3917138813615 1.0 1
246 nan 0.125 0.2 -1.0 1.0 1364.7481448713647 1364.7490447813648 1365.3972466213654 1363.971522541364 1367.028361486595 1365.066379711365 1.0 1365.3245205613653 1.0 2
247 0.125 nan 0.2 -1.0 -1.0 1368.4146115213684 1368.4156780813685 1374.5472981913745 1367.8485681313678 1377.1612712050462 1374.2303965513743 1.0 1374.3969132313744 -1.0 2
248 nan 0.0 0.2 -1.0 1.0 1378.7309131213788 1378.7319463513788 1378.8232705513788 1378.0812780913782 1380.4475118496798 1378.7136148513787 1.0 1378.7136148513787 1.0 1
249 0.125 nan 0.2 1.0 1.0 1382.2275300913823 1382.2285633213824 1382.6511210613826 1381.6208241013817 1384.2807410755538 1382.3262202213823 1.0 1382.4281766913825 -1.0 2
250 nan 0.0 0.2 1.0 -1.0 1385.810671741386 1385.811604981386 1388.3421852313884 1385.1041424013852 1390.9799988606987 1388.2382622913883 -1.0 1388.2382622913883 -1.0 1
251 0.25 nan 0.2 1.0 1.0 1392.3604167013923 1392.3618498913925 1392.8075386513929 1391.825303551392 1394.4268499477248 1392.7022491813927 -1.0 1392.7022491813927 -1.0 1
252 nan 0.125 0.2 -1.0 1.0 1396.046514721396 1396.047481291396 1396.6904836513968 1395.2531607313952 1398.3267977608557 1396.090343671396 -1.0 1396.2599267113962 1.0 3
253 nan 0.25 0.2 -1.0 1.0 1399.7962730414 1399.7971062913998 1400.1044088914002 1399.1542039213991 1401.709928200678 1399.9677558914 1.0 1399.9677558914 1.0 1
254 0.25 nan 0.8 1.0 1.0 1403.0960763614032 1403.097109591403 1407.6129912914075 1402.5387321014025 1409.242795322308 1407.1390720214072 1.0 1407.4375421714074 -1.0 3
255 nan 0.0625 0.8 -1.0 1.0 1411.162269661411 1411.1633695514113 1412.7948397214127 1410.1845007814102 1414.4289444196645 1411.6655526614118 1.0 1412.6987493314127 1.0 3
256 0.125 nan 0.8 1.0 1.0 1416.075578281416 1416.076678171416 1416.4017789914164 1415.3555502914153 1418.0118927248484 1416.3032888414164 -1.0 1416.3032888414164 -1.0 1
257 0.125 nan 0.8 1.0 1.0 1419.6420549314196 1419.6429881714196 1419.98248755142 1418.8382019914188 1421.5921330060864 1419.8873304014198 -1.0 1419.8873304014198 -1.0 1
258 0.0 nan 0.8 1.0 1.0 1423.2448279514233 1423.2459611714232 1425.8029721114258 1422.4685389214226 1427.4280814888714 1425.7033154114258 -1.0 1425.7033154114258 -1.0 1
259 0.125 nan 0.8 1.0 1.0 1429.058213221429 1429.059246451429 1429.4231100614295 1428.3333857114283 1431.0444196593678 1429.3285528514293 -1.0 1429.3285528514293 -1.0 1
260 1.0 nan 0.8 1.0 1.0 1432.4580065414325 1432.4589397814325 1432.842134791433 1431.9232266914319 1434.4607498641462 1432.7465443514327 -1.0 1432.7465443514327 -1.0 1
261 0.125 nan 0.8 -1.0 -1.0 1436.007684871436 1436.008918081436 1441.2854903714413 1435.3195536914354 1443.890959867835 1440.971155141441 1.0 1441.1820673814411 1.0 2
262 0.0625 nan 0.8 -1.0 -1.0 1445.4435411914455 1445.4444744314455 1446.2327955914463 1444.849267291445 1448.8404102930547 1445.8652656814459 1.0 1446.114140791446 1.0 3
263 0.0625 nan 0.8 1.0 1.0 1450.4599061714505 1450.4607727514506 1460.820603331461 1449.6963158714498 1462.4261308512594 1460.5367317214605 -1.0 1460.7408779714608 -1.0 2
264 1.0 nan 0.8 1.0 1.0 1468.5558630614685 1468.5566629814687 1489.4922025514895 1463.4822371414634 1491.1243125402866 1489.2515266214893 -1.0 1489.3605157214893 -1.0 2
265 1.0 nan 0.8 1.0 1.0 1493.004517951493 1493.005484521493 1499.6524197614997 1492.3056211814924 1501.254025227815 1499.5525630814996 -1.0 1499.5525630814996 -1.0 1
266 0.0625 nan 0.8 1.0 1.0 1503.007117591503 1503.0080841615031 1503.5263656615036 1502.1886327815023 1505.15387216326 1503.2558260515032 -1.0 1503.2558260515032 -1.0 1
267 0.0625 nan 0.8 1.0 1.0 1506.6233226015067 1506.6243891615065 1508.6860163115086 1506.0596789715062 1510.3232300685336 1508.4510064815086 1.0 1508.4510064815086 1.0 1
268 1.0 nan 0.8 1.0 1.0 1511.7367445415118 1511.7377111115118 1512.024149131512 1511.1514364115112 1513.6398642955437 1511.924125801512 -1.0 1511.924125801512 -1.0 1
269 0.0625 nan 0.8 1.0 1.0 1515.136537861515 1515.137337781515 1522.965154921523 1514.4844697415144 1524.5694643024433 1522.882396531523 -1.0 1522.882396531523 -1.0 1
270 0.0625 nan 0.8 1.0 1.0 1526.2389941715262 1526.2399607415261 1526.791072291527 1525.4846696115255 1528.422210706014 1526.6665180815266 -1.0 1526.6665180815266 -1.0 1
271 0.125 nan 0.8 1.0 1.0 1529.96888781153 1529.96992104153 1535.2930886715353 1529.3202193515294 1536.905293643772 1535.2101636315351 -1.0 1535.2101636315351 -1.0 1
272 0.25 nan 0.8 1.0 1.0 1538.4019444215385 1538.4028443315385 1538.7235122615386 1537.8508995315378 1540.3383228446587 1538.6047574715387 -1.0 1538.6047574715387 -1.0 1
273 0.25 nan 0.8 1.0 1.0 1541.801771071542 1541.8028376315417 1542.1834329015421 1541.2404272115411 1543.8045683269866 1542.076076971542 -1.0 1542.076076971542 -1.0 1
274 0.125 nan 0.8 1.0 1.0 1545.4846694115456 1545.4855026615455 1549.3189192815494 1544.7224789715447 1550.9345316728259 1549.2181293615492 -1.0 1549.2181293615492 -1.0 1
275 0.125 nan 0.8 1.0 1.0 1552.5539957415526 1552.5550956315526 1555.3945783215554 1551.8205357615518 1557.0038855587973 1555.2524925315552 -1.0 1555.2524925315552 -1.0 1
276 0.0625 nan 0.8 1.0 1.0 1558.5839593515586 1558.5850592415586 1558.990218721559 1557.934590961558 1560.584028689037 1558.844699941559 -1.0 1558.844699941559 -1.0 1
277 0.0 nan 0.8 -1.0 -1.0 1562.2202290215623 1562.2213622415622 1562.972020501563 1561.4707373115614 1565.583796142022 1562.6778832515627 1.0 1562.6778832515627 1.0 1
278 1.0 nan 0.8 1.0 1.0 1567.019915671567 1567.0209822315671 1567.3134863115674 1566.4597050315665 1568.9532291125674 1567.2188624415671 -1.0 1567.2188624415671 -1.0 1
279 nan 0.125 0.8 1.0 -1.0 1570.5666609615705 1570.5676275315707 1571.5326310215717 1569.8402336115698 1574.1665717202725 1570.7283781215708 1.0 1571.4491060415714 -1.0 4
280 1.0 nan 0.8 1.0 1.0 1575.852798961576 1575.8539321815758 1576.1841991515762 1575.081076141575 1577.7996139249844 1576.072277011576 -1.0 1576.072277011576 -1.0 1
281 0.25 nan 0.8 1.0 1.0 1579.2025306215792 1579.2035638515792 1579.4796362415796 1578.6270215115787 1581.1024478514748 1579.3575817815795 -1.0 1579.3575817815795 -1.0 1
282 0.25 nan 0.8 1.0 1.0 1582.5494292315825 1582.5502291515825 1582.9105597815828 1581.977453101582 1584.535769271694 1582.7737734615828 -1.0 1582.7737734615828 -1.0 1
283 1.0 nan 0.8 1.0 1.0 1586.0823759015861 1586.083542451586 1586.3697804915864 1585.4642710515855 1587.982497778583 1586.2707570615862 -1.0 1586.2707570615862 -1.0 1
284 0.125 nan 0.8 1.0 1.0 1589.3520155715894 1589.3531821215893 1589.6232217815896 1588.8149026215888 1591.2488316744514 1589.5263981315895 -1.0 1589.5263981315895 -1.0 1
285 nan 0.25 0.8 -1.0 1.0 1592.7351438915928 1592.7361437915927 1593.2418598815932 1592.1267380715922 1594.8486717642832 1592.940756661593 1.0 1593.1105063515931 1.0 2
286 0.0625 nan 0.8 1.0 1.0 1596.4181422215963 1596.4191421215965 1602.3788460916023 1595.7210786015958 1603.9846807704478 1602.2964543316023 -1.0 1602.2964543316023 -1.0 1
287 1.0 nan 0.8 1.0 1.0 1607.6812158016078 1607.6820490516077 1607.969920261608 1604.946389311605 1609.5676311932482 1607.860264561608 -1.0 1607.860264561608 -1.0 1
288 nan 1.0 0.8 -1.0 1.0 1611.0643441216112 1611.065377351611 1611.4587380116116 1610.4802358716106 1613.0643774549442 1611.2214284116112 1.0 1611.4214084116115 1.0 2
289 0.0625 nan 0.8 1.0 1.0 1614.5005671316146 1614.5016670216146 1618.031314021618 1613.9602878316139 1619.6502234052678 1617.847165771618 -1.0 1617.847165771618 -1.0 1
290 0.0625 nan 0.8 1.0 1.0 1621.147102411621 1621.1479689916212 1621.5179653216214 1620.5806257316206 1623.130267652765 1621.2414596416213 1.0 1621.3550149516213 -1.0 2
291 0.125 nan 0.8 1.0 1.0 1624.5998237716246 1624.6009569916246 1624.964587291625 1624.050578701624 1626.5635970011385 1624.8826288216248 -1.0 1624.8826288216248 -1.0 1
292 0.0 nan 0.8 1.0 1.0 1628.1663004216282 1628.1672669916281 1634.1732663316343 1627.5064997416275 1635.7796970902982 1634.0896746916342 -1.0 1634.0896746916342 -1.0 1
293 0.25 nan 0.8 1.0 1.0 1637.5659603616375 1637.5668602716376 1637.870929861638 1636.7812055116367 1639.4793392202275 1637.7668402716379 -1.0 1637.7668402716379 -1.0 1
294 0.0 nan 0.8 1.0 1.0 1641.1322037016412 1641.1331702716411 1644.4757026516445 1640.3721463816403 1646.0821136470774 1644.3718797016443 -1.0 1644.3718797016443 -1.0 1
295 0.0 nan 0.8 1.0 1.0 1647.4622706316475 1647.4631705416475 1649.0941407616492 1646.963020561647 1650.6954425885106 1648.7916043516489 -1.0 1648.7916043516489 -1.0 1
296 0.125 nan 0.8 1.0 1.0 1652.2649236516522 1652.2657569016524 1652.7097791616527 1651.7200448116516 1654.3285739914136 1652.5347633316526 -1.0 1652.5347633316526 -1.0 1
297 0.0625 nan 0.8 1.0 1.0 1656.1813986316563 1656.1823985316562 1656.5464954516565 1655.6577843316556 1658.145023428752 1656.4510383316565 -1.0 1656.4510383316565 -1.0 1
298 0.0625 nan 0.8 1.0 1.0 1659.89792694166 1659.89906016166 1664.7401760016648 1659.1505350216592 1666.3446129814492 1664.6205546316646 -1.0 1664.6205546316646 -1.0 1
299 1.0 nan 0.8 1.0 1.0 1668.080841901668 1668.0816751516682 1668.4613371816686 1667.3005199416673 1670.047344782646 1668.3468153016684 -1.0 1668.3468153016684 -1.0 1
300 0.25 nan 0.8 1.0 1.0 1671.5774922016717 1671.5783254516716 1676.7470085316768 1671.005549401671 1678.360542702073 1676.6584507216767 -1.0 1676.6584507216767 -1.0 1
301 0.125 nan 0.8 1.0 1.0 1679.84673186168 1679.8475984416798 1685.1624002416852 1679.3175514516793 1686.7463113761032 1684.898526631685 -1.0 1685.1542010616852 -1.0 3
302 nan 0.0625 0.8 1.0 -1.0 1688.3265837916883 1688.3275503616883 1688.6455518916887 1687.6762155016877 1691.2264625469734 1688.5312633216886 -1.0 1688.5312633216886 -1.0 1
303 0.125 nan 0.8 1.0 1.0 1692.8291668216928 1692.8301667216929 1693.3541809816934 1692.123970681692 1694.9261956043592 1693.2268603816933 -1.0 1693.2268603816933 -1.0 1
304 nan 0.0 0.8 1.0 -1.0 1696.3623468016963 1696.3631467216965 1700.4251404817005 1695.833399701696 1703.025775864512 1700.3169179717004 -1.0 1700.3169179717004 -1.0 1
305 nan 0.0 0.8 1.0 -1.0 1704.7786050917048 1704.7797716417049 1710.3020860217102 1704.001682791704 1712.8948933818351 1710.2073954917103 -1.0 1710.2073954917103 -1.0 1
306 1.0 nan 0.8 1.0 1.0 1714.5083320217145 1714.5093985817145 1714.906292221715 1713.8235005117137 1716.4946124334624 1714.8086019917148 -1.0 1714.8086019917148 -1.0 1
307 nan 0.0625 0.8 1.0 -1.0 1717.8747620117178 1717.8756952517178 1721.3393488517213 1717.3713123617174 1723.9243861251641 1721.2130281517211 -1.0 1721.2130281517211 -1.0 1
308 0.25 nan 0.8 1.0 1.0 1725.4106416817253 1725.4116415817255 1725.864729601726 1724.891793571725 1727.4439369622255 1725.7065454217257 -1.0 1725.7065454217257 -1.0 1
309 0.25 nan 0.8 1.0 1.0 1729.007615281729 1729.008615181729 1729.4284398617294 1728.3449482217284 1731.010484573672 1729.3045855817293 -1.0 1729.3045855817293 -1.0 1
310 nan 1.0 0.8 -1.0 1.0 1732.5240636017325 1732.5249301817325 1733.0553771317332 1731.911691511732 1734.643500271148 1732.8051021617327 1.0 1732.8051021617327 1.0 1
311 nan 1.0 0.8 -1.0 1.0 1736.123636941736 1736.124570181736 1736.5002326117365 1735.5022990817356 1738.0901386242015 1736.3875772117365 1.0 1736.3875772117365 1.0 1
312 nan 0.0 0.8 1.0 -1.0 1739.6598499517397 1739.6609498417397 1748.1308361017482 1739.007048571739 1750.7094692222254 1747.995649621748 -1.0 1747.995649621748 -1.0 1
313 nan 1.0 0.2 -1.0 1.0 1752.4062418517524 1752.4071417617524 1752.7983026417528 1751.7269764517519 1754.3727129590238 1752.6517173017526 1.0 1752.6517173017526 1.0 1
314 nan 0.25 0.2 1.0 -1.0 1755.842231551756 1755.8431314617558 1762.3474143017625 1755.2770214117552 1764.939021161094 1761.916024111762 1.0 1762.1867303717622 -1.0 2
315 nan 0.0625 0.2 1.0 -1.0 1766.6750481617667 1766.6760813917667 1779.2326589417792 1765.8808275917659 1781.8408861237458 1778.5641924617785 1.0 1778.8322989817789 -1.0 2
316 nan 0.125 0.2 1.0 -1.0 1783.6376517317838 1783.6386183017837 1784.2806207617843 1782.888393331783 1786.8542336182268 1783.873228171784 1.0 1784.0082146717841 -1.0 2
317 0.125 nan 0.2 1.0 1.0 1788.3070847417882 1788.3079179917884 1795.3491138017953 1787.7629391617877 1796.923245919598 1795.2077279417952 -1.0 1795.2077279417952 -1.0 1
318 nan 0.0 0.2 1.0 -1.0 1798.4869333217985 1798.4878665617985 1798.8595293917988 1797.942254461798 1801.45350382043 1798.7070779717988 -1.0 1798.7070779717988 -1.0 1
319 nan 0.125 0.2 1.0 -1.0 1803.106238011803 1803.1072045818032 1817.5747243518176 1802.3587127718024 1820.1553850431617 1817.4284723118174 -1.0 1817.4284723118174 -1.0 1
320 nan 0.0625 0.2 1.0 -1.0 1821.8188332318218 1821.819699811822 1846.2685213518462 1821.2286922518213 1848.8507718604824 1846.132834921846 -1.0 1846.132834921846 -1.0 1
321 nan 0.125 0.2 -1.0 1.0 1851.2368578018513 1851.2378243718513 1851.6265188318516 1850.0102804718501 1853.2171168017016 1851.4619352918514 1.0 1851.4619352918514 1.0 1
322 nan 1.0 0.2 -1.0 1.0 1855.036411141855 1855.037511031855 1855.4138400618554 1854.5391275418547 1857.0199519379744 1855.1995948218553 1.0 1855.1995948218553 1.0 1
323 nan 1.0 0.2 -1.0 1.0 1858.5667914018586 1858.5677913018585 1858.954785931859 1857.914356651858 1860.5362923012503 1858.7455068618588 1.0 1858.7455068618588 1.0 1
324 nan 0.0625 0.2 1.0 -1.0 1864.3330480518644 1864.3344479118643 1878.7416403818788 1861.4711009418616 1881.318193747044 1870.2976515318703 -1.0 1878.6636815118786 -1.0 5
325 0.25 nan 0.2 1.0 1.0 1886.1150363018862 1886.115936211886 1886.4532691418865 1882.4616016818825 1888.0317678537594 1886.3549123118864 -1.0 1886.3549123118864 -1.0 1
326 0.125 nan 0.2 1.0 1.0 1889.6512159818897 1889.6522492118897 1890.05970846189 1889.047376371889 1891.6648130283306 1889.92572186189 -1.0 1889.92572186189 -1.0 1
327 0.25 nan 0.2 1.0 1.0 1893.6342843018936 1893.6352175418936 1894.127434981894 1892.5913219418926 1895.7343468133483 1894.012346491894 -1.0 1894.012346491894 -1.0 1
328 0.0625 nan 0.2 1.0 1.0 1898.3977745718985 1898.3988411318985 1898.890691941899 1896.6423501318966 1900.4977953387213 1898.5579252218986 1.0 1898.5579252218986 1.0 1
329 nan 0.0625 0.2 1.0 -1.0 1901.983915921902 1901.984815831902 1907.7811028119079 1901.4490027519014 1910.3835010885277 1907.1561653119072 -1.0 1907.4616347619076 1.0 2
330 0.125 nan 0.2 1.0 1.0 1912.030344511912 1912.031411071912 1912.3526122819123 1911.3875088019115 1913.9500472546736 1912.2431898919122 -1.0 1912.2431898919122 -1.0 1
331 0.0625 nan 0.2 -1.0 -1.0 1915.5965878519157 1915.5977210719157 1916.3973744319164 1914.901057411915 1918.9966881007567 1916.2165258519162 1.0 1916.2165258519162 1.0 1
332 nan 0.0625 0.2 -1.0 1.0 1920.4160725219203 1920.4170057619203 1921.1452995919212 1919.89619118192 1922.7465333091561 1920.6988442419208 -1.0 1920.955118611921 1.0 2
333 0.125 nan 0.2 1.0 1.0 1924.2657541819242 1924.2666874219242 1924.5604580419247 1923.7061434819236 1926.182558085425 1924.4510023219245 -1.0 1924.4510023219245 -1.0 1
334 nan 0.0 0.2 -1.0 1.0 1928.1793627819281 1928.1802960219281 1928.8654941619288 1927.2083598919273 1930.4655197018665 1928.3598447319284 1.0 1928.3598447319284 1.0 1
335 nan 0.0 0.2 -1.0 1.0 1932.095771101932 1932.0966043519322 1932.5154291319325 1931.4654341419314 1934.1289659770534 1932.1684638319323 1.0 1932.4726334119325 1.0 2
336 nan 0.0 0.2 -1.0 1.0 1935.831864121936 1935.8328973519358 1936.1552651119362 1935.0743732119352 1937.7787989148928 1935.9362203519358 1.0 1936.078606111936 1.0 2
337 0.25 nan 0.2 1.0 1.0 1939.4648674519394 1939.4659006819395 1939.7218084219398 1938.7517054419388 1941.3286386530142 1939.6368835819396 -1.0 1939.6368835819396 -1.0 1
338 nan 0.125 0.2 -1.0 1.0 1944.2978841019444 1944.2988506719444 1944.6059532919446 1942.3316474119424 1946.2116655052814 1944.4549683919445 1.0 1944.4549683919445 1.0 1
339 nan 0.25 0.2 -1.0 1.0 1947.6479157319477 1947.6488489719477 1947.949285591948 1947.143966131947 1949.5645163962095 1947.8047667119479 1.0 1947.8047667119479 1.0 1
340 nan 0.0625 0.2 -1.0 1.0 1951.0613410219512 1951.0624742419511 1951.3739097619514 1950.4902314719504 1952.9780447971625 1951.1984939719512 1.0 1951.1984939719512 1.0 1
341 nan 0.0 0.2 1.0 -1.0 1955.914022371956 1955.915122261956 1957.0461091519571 1954.0104460819541 1959.6474083292492 1956.1491988519563 1.0 1956.8812923019568 -1.0 3
342 nan 0.0 0.2 -1.0 1.0 1961.3107826419614 1961.3117492119613 1970.2229246719703 1960.6457158219607 1971.843648134266 1961.5221281719616 1.0 1970.03997630197 -1.0 2
343 nan 1.0 0.2 -1.0 1.0 1974.3297139519743 1974.3306471919743 1974.6144521419747 1972.8964572919729 1976.2130910062967 1974.4581344419744 1.0 1974.4581344419744 1.0 1
344 nan 0.0625 0.2 1.0 -1.0 1977.826564231978 1977.8276307919778 1978.7713030819789 1977.167196841977 1981.3764426632497 1978.0673734819782 1.0 1978.4630005819786 -1.0 2
345 nan 0.25 0.2 -1.0 1.0 1983.062540581983 1983.063607141983 1983.3532448419833 1982.3101491619823 1984.962581056241 1983.2340900919833 1.0 1983.2340900919833 1.0 1
346 nan 0.0625 0.2 1.0 -1.0 1986.926120851987 1986.927220741987 1987.3185482719873 1985.9168884519859 1989.9091219479456 1987.1918942719872 -1.0 1987.1918942719872 -1.0 1
347 nan 0.125 0.2 -1.0 1.0 1991.4787655419916 1991.4798654319916 1991.8361298019918 1990.882825141991 1993.4452658522755 1991.6540480119916 1.0 1991.6540480119916 1.0 1
348 1.0 nan 0.2 1.0 1.0 1995.108835831995 1995.1098357319952 1995.4519681819954 1994.3693764519944 1997.061903945321 1995.3469120219954 -1.0 1995.3469120219954 -1.0 1
349 nan 0.125 0.2 -1.0 1.0 1998.5419924819985 1998.5428257319986 1998.9469186519989 1998.0355098019982 2000.5615296464302 1998.7689364519988 1.0 1998.7689364519988 1.0 1
350 0.0625 nan 0.2 1.0 1.0 2002.158464132002 2002.1594640320022 2010.3649434020103 2001.4726327220014 2011.9608520622785 2002.3425123920024 1.0 2010.2087256920101 1.0 4
351 nan 0.0625 0.2 1.0 -1.0 2014.091070752014 2014.0920373220142 2023.5736224020236 2013.4735658420134 2026.1736795490015 2015.3441454320155 1.0 2023.4492681720235 -1.0 2
352 nan 0.125 0.2 -1.0 1.0 2028.026710382028 2028.027576962028 2029.2514212320293 2027.2695861020272 2030.8598484236124 2028.8384625320289 1.0 2028.8384625320289 1.0 1
353 nan 0.0625 0.2 -1.0 1.0 2032.5901206620326 2032.5912205520326 2032.911855152033 2031.8462617220318 2034.5097918170864 2032.7475382520327 1.0 2032.7475382520327 1.0 1
354 0.25 nan 0.2 1.0 1.0 2036.089737332036 2036.090837222036 2041.2695526320413 2035.4765986520356 2042.8758795965075 2041.163529902041 -1.0 2041.163529902041 -1.0 1
355 nan 0.25 0.2 -1.0 1.0 2044.4727322820445 2044.4737988420445 2044.8798915620448 2043.9196875920438 2046.475604388037 2044.6458816320446 1.0 2044.6458816320446 1.0 1
356 nan 0.0625 0.2 -1.0 1.0 2048.139065612048 2048.140132172048 2048.5026292520483 2047.4112050720473 2050.108833255381 2048.3474114420483 1.0 2048.3474114420483 1.0 1
357 nan 0.125 0.2 -1.0 1.0 2051.7721022720516 2051.773068842052 2052.2741520620525 2051.069339222051 2053.8721840195435 2051.959516862052 1.0 2051.959516862052 1.0 1
358 nan 1.0 0.2 -1.0 1.0 2055.4416686120553 2055.4427018420556 2055.8625931820557 2054.839995452055 2057.458127367638 2055.6111183320554 1.0 2055.827130062056 1.0 2
359 nan 0.125 0.2 -1.0 1.0 2059.171862222059 2059.1726954720593 2059.5558238220597 2058.4418352320586 2061.155157003522 2059.2953165420595 1.0 2059.2953165420595 1.0 1
360 nan 0.25 0.2 -1.0 1.0 2062.7411719220627 2062.742338472063 2063.114567912063 2062.1826611120623 2064.7244957077605 2062.935819122063 1.0 2062.935819122063 1.0 1
361 nan 0.0625 0.2 -1.0 1.0 2066.3714088620663 2066.3723087720664 2066.720607272067 2065.740105332066 2068.3243395158715 2066.5411918820664 1.0 2066.5411918820664 1.0 1
362 nan 0.25 0.2 -1.0 1.0 2070.02111052207 2070.0219437720702 2070.5284597820705 2069.3214471620695 2072.1211714965866 2070.2257233920704 1.0 2070.4336692620705 1.0 2
363 nan 0.125 0.2 -1.0 1.0 2073.5904535520735 2073.5912534720737 2073.8726919920737 2073.037875482073 2075.4709956923657 2073.779268002074 1.0 2073.779268002074 1.0 1
364 0.25 nan 0.2 -1.0 -1.0 2077.173628532077 2077.174561772077 2077.796566232078 2076.4619997020764 2080.407160615439 2077.3258466420775 1.0 2077.733472542078 1.0 2
365 nan 0.0 0.2 1.0 -1.0 2082.153830462082 2082.154863692082 2089.1794944920894 2081.4028722320813 2091.786457574925 2088.999045872089 -1.0 2088.999045872089 -1.0 1
366 nan 1.0 0.2 -1.0 1.0 2093.5727551220934 2093.5737883520937 2093.868592202094 2092.828962842093 2095.4726922791256 2093.7505373420936 1.0 2093.7505373420936 1.0 1
367 nan 0.0625 0.2 1.0 -1.0 2097.3362787320975 2097.3374786120976 2108.4690320121085 2096.4649992020964 2111.0717552119618 2097.566988992098 1.0 2108.2884500721084 -1.0 2
368 nan 0.25 0.2 -1.0 1.0 2112.951950342113 2112.9529835721128 2113.4506004721134 2112.1533635421124 2115.051797357767 2113.173994802113 1.0 2113.3748080521136 1.0 2
369 1.0 nan 0.2 1.0 1.0 2116.6882433421165 2116.6893099021167 2117.118833612117 2116.069905182116 2118.718452858417 2116.979947502117 -1.0 2116.979947502117 -1.0 1
370 nan 0.125 0.2 -1.0 1.0 2120.721240002121 2120.7222732321206 2121.0912696621212 2119.7774677221196 2122.6846808232103 2120.912654192121 1.0 2120.912654192121 1.0 1
371 nan 0.0 0.2 1.0 -1.0 2124.3210799821245 2124.321913232124 2128.784866892129 2123.6427811521235 2131.387264043154 2128.5608226321287 -1.0 2128.5608226321287 -1.0 1
372 nan 0.0625 0.2 -1.0 1.0 2132.934218582133 2132.935185152133 2133.3348785121334 2132.4149705121326 2134.9341099731205 2133.1629623721333 1.0 2133.1629623721333 1.0 1
373 nan 1.0 0.2 -1.0 1.0 2136.5702549421367 2136.5711548521367 2136.944717492137 2135.9089210821357 2138.570251332602 2136.7274392221366 1.0 2136.7274392221366 1.0 1
374 nan 0.125 0.2 -1.0 1.0 2140.1837268921404 2140.18479345214 2141.3135805621414 2139.5370582321398 2142.9199823358135 2140.3617090921402 1.0 2141.1840601821414 1.0 3
375 nan 0.25 0.2 -1.0 1.0 2144.5167935421446 2144.5177601121445 2144.941617722145 2143.929285632144 2146.5500152838526 2144.688543032145 1.0 2144.688543032145 1.0 1
376 nan 1.0 0.2 -1.0 1.0 2148.2694515721482 2148.270418142148 2148.4880630421485 2147.5597225521474 2150.099959769365 2148.4060045821484 1.0 2148.4060045821484 1.0 1
377 nan 0.0625 0.2 -1.0 1.0 2151.6693448821516 2151.670378112152 2155.7068077621557 2151.084570032151 2157.299437974206 2155.4592658521556 1.0 2155.6092841821555 1.0 2
378 nan 0.125 0.2 -1.0 1.0 2158.852393172159 2158.853326412159 2159.321046302159 2158.3270457121585 2160.9159773930674 2159.069704772159 1.0 2159.069704772159 1.0 1
379 0.125 nan 0.2 -1.0 -1.0 2162.4855298221623 2162.4866963721624 2167.736604662168 2161.9277856021617 2170.3321632826805 2167.3537096221676 -1.0 2167.662812042168 1.0 2
380 nan 0.0625 0.2 1.0 -1.0 2171.984713142172 2171.985579722172 2182.7948320221826 2171.4169699221716 2185.4145159716118 2182.6353479721824 -1.0 2182.6353479721824 -1.0 1
381 nan 0.0625 0.2 -1.0 1.0 2187.0674713821873 2187.068471282187 2195.890522322196 2186.536924442187 2197.513854270209 2195.6102503521956 1.0 2195.836927682196 1.0 2
382 nan 0.0625 0.2 1.0 -1.0 2199.6500463321995 2199.6510462322 2208.825328712209 2199.085769432199 2211.432813028017 2208.2101569022084 -1.0 2208.7271385322088 -1.0 3
383 nan 1.0 0.2 -1.0 1.0 2213.2628182522135 2213.263951472213 2213.6693109322136 2212.551122762213 2215.262842170197 2213.4999278722134 1.0 2213.4999278722134 1.0 1
384 nan 0.125 0.2 -1.0 1.0 2216.915686262217 2216.916619502217 2217.2691509122174 2216.322545582216 2218.8656839149626 2217.131964632217 1.0 2217.131964632217 1.0 1
385 nan 1.0 0.2 -1.0 1.0 2220.5457565522206 2220.5469564322207 2221.076703452221 2219.83429437222 2222.698708974698 2220.7177726822206 1.0 2220.7177726822206 1.0 1
386 0.0625 nan 0.2 1.0 1.0 2224.3122132022245 2224.3132131022244 2235.150229292235 2223.6782099422235 2236.7646732362728 2235.005510432235 -1.0 2235.005510432235 -1.0 1
387 0.0 nan 0.2 -1.0 -1.0 2238.5447564722385 2238.5457897022384 2248.972713572249 2237.930984522238 2251.5774271159153 2248.705473632249 1.0 2248.896621182249 1.0 2
388 nan 0.0625 0.2 1.0 -1.0 2253.3968377822534 2253.3977043622535 2254.7936980822547 2252.7472360822526 2257.4132660241285 2253.6607113922537 1.0 2254.5774863722545 -1.0 3
389 nan 0.25 0.2 -1.0 1.0 2259.060371372259 2259.061337942259 2259.4228017922596 2258.4191688322585 2261.046599167348 2259.2568517222594 1.0 2259.2568517222594 1.0 1
390 nan 1.0 0.2 -1.0 1.0 2262.6933747022626 2262.6943079422626 2263.024041632263 2262.0419065222623 2264.643238372646 2262.876356402263 1.0 2262.876356402263 1.0 1
391 nan 1.0 0.2 -1.0 1.0 2266.3459427422663 2266.346942642266 2266.6739766022665 2265.6422464522657 2268.293073117316 2266.4905949422664 1.0 2266.4905949422664 1.0 1
392 nan 0.25 0.2 -1.0 1.0 2269.99591104227 2269.99691094227 2270.4618977722703 2269.3140792322693 2272.079223080384 2270.23482048227 1.0 2270.4299009722704 1.0 2
393 nan 1.0 0.2 -1.0 1.0 2273.6761096522737 2273.677209542274 2274.1024336822743 2273.089335002273 2275.7091672438787 2273.882222372274 1.0 2273.882222372274 1.0 1
394 nan 0.125 0.2 -1.0 1.0 2277.245486012277 2277.2465192422774 2277.4258679722775 2276.6873751622766 2279.0453973810468 2277.3133458922775 1.0 2277.3133458922775 1.0 1
395 nan 0.125 0.2 -1.0 1.0 2280.6256812922807 2280.626514542281 2281.001810342281 2280.0774027922803 2282.625738041742 2280.814629062281 1.0 2280.814629062281 1.0 1
396 nan 0.0625 0.2 -1.0 1.0 2284.3785393022845 2284.3794725422845 2284.6687436122847 2283.627747722284 2286.2588736816747 2284.5347236822845 1.0 2284.5347236822845 1.0 1
397 nan 0.25 0.2 -1.0 1.0 2287.8782559622878 2287.879155872288 2288.4821955622883 2287.3063798222875 2290.078200023235 2288.100300422288 1.0 2288.100300422288 1.0 1
398 nan 0.125 0.2 -1.0 1.0 2291.7417029122917 2291.742769472292 2292.087634982292 2291.072303192291 2293.69453170212 2291.927351012292 1.0 2291.927351012292 1.0 1
399 nan 0.0625 0.2 -1.0 1.0 2295.2748828922954 2295.2757494722955 2295.5433560422957 2294.7173386522945 2297.1580748438614 2295.4227681022953 1.0 2295.4227681022953 1.0 1
400 nan 0.125 0.2 -1.0 1.0 2298.844259252299 2298.845059172299 2299.2238879522993 2298.238186532298 2300.8246143050815 2299.035573452299 1.0 2299.035573452299 1.0 1
401 nan 0.125 0.2 -1.0 1.0 2302.5106592423026 2302.5116924723025 2302.930050632303 2301.888221492302 2304.5409498523372 2302.6664769923027 1.0 2302.836493322303 1.0 2
402 nan 0.25 0.2 -1.0 1.0 2306.2938142223065 2306.294647472306 2306.6423793623067 2305.5388563923057 2308.25750273457 2306.4591643523063 1.0 2306.4591643523063 1.0 1
403 nan 0.0625 0.2 -1.0 1.0 2310.01027587231 2310.01130910231 2310.4018033823104 2309.2760159723093 2312.010332308277 2310.14226267231 1.0 2310.33034386231 1.0 2
404 nan 0.0 0.2 -1.0 1.0 2313.7236711623136 2313.7246044023136 2314.088168042314 2313.089634572313 2315.6905640463433 2313.928883972314 1.0 2313.928883972314 1.0 1
405 nan 0.0 0.2 -1.0 1.0 2317.2766158323175 2317.2775824023174 2318.061603992318 2316.719771522317 2319.6567987747553 2317.678642292318 1.0 2318.0130421823183 1.0 3
406 0.0 nan 0.8 1.0 1.0 2321.4761291723216 2321.4772290623214 2335.809862322336 2320.7222045723206 2337.405805020487 2335.5403559423357 -1.0 2335.7016064823356 -1.0 2
407 0.0625 nan 0.8 -1.0 -1.0 2339.2251207623394 2339.2261206623393 2339.60911569234 2338.6041162023384 2342.2222498143424 2339.4458653523393 1.0 2339.4458653523393 1.0 1
408 nan 0.25 0.8 -1.0 1.0 2344.008175742344 2344.009075652344 2344.3509747923445 2343.213655202343 2345.9582742163434 2344.2060226223443 1.0 2344.2060226223443 1.0 1
409 nan 0.125 0.8 -1.0 1.0 2347.5216576923476 2347.5227242523474 2360.3264437523603 2346.992777252347 2361.9406528619697 2360.14906149236 1.0 2360.14906149236 1.0 1
410 1.0 nan 0.8 1.0 1.0 2363.754067622364 2363.754934202364 2364.1578605723644 2363.127963572363 2365.7570902075695 2364.049571402364 -1.0 2364.049571402364 -1.0 1
411 nan 0.125 0.8 1.0 -1.0 2367.337442582367 2367.3382425023674 2368.103565962368 2366.797696562367 2370.7068306538213 2367.872722382368 -1.0 2367.872722382368 -1.0 1
412 0.0 nan 0.8 1.0 1.0 2372.4703959023723 2372.4712291523724 2419.208521622419 2371.7376358523716 2420.83414907313 2374.9169845523747 1.0 2419.149360872419 -1.0 4
413 1.0 nan 0.8 1.0 1.0 2424.4370320524245 2424.4378653024246 2425.5883169124254 2422.4612629824223 2427.2036092435924 2425.4838940224254 -1.0 2425.4838940224254 -1.0 1
414 0.0625 nan 0.8 1.0 1.0 2428.8171273324288 2428.818160562429 2435.131895792435 2428.264615922428 2436.7531147969607 2434.984610522435 -1.0 2434.984610522435 -1.0 1
415 nan 0.125 0.8 1.0 -1.0 2438.5164239724386 2438.5174238724385 2439.3101112624395 2437.8479241624377 2441.935866805256 2438.7692653524387 1.0 2438.7692653524387 1.0 1
416 nan 0.25 0.8 -1.0 1.0 2443.5662522724438 2443.5670521924435 2443.935482012444 2443.013174252443 2445.5358119898115 2443.7584330524437 1.0 2443.7584330524437 1.0 1
417 1.0 nan 0.8 1.0 1.0 2447.2660155924473 2447.267048822447 2447.8025286024476 2446.5287226624464 2449.418951178759 2447.5484540124476 -1.0 2447.790796442448 -1.0 2
418 0.25 nan 0.8 1.0 1.0 2451.115830572451 2451.1166971524513 2461.2354851724613 2450.5101578124504 2462.8349993431116 2461.1093644524613 -1.0 2461.1093644524613 -1.0 1
419 0.25 nan 0.8 1.0 1.0 2464.5317555124648 2464.5325887624645 2465.6830070424658 2463.993309362464 2467.30123539078 2465.3209432524654 -1.0 2465.5906496124658 1.0 2
420 0.125 nan 0.8 1.0 1.0 2469.014873822469 2469.015907052469 2470.02287301247 2468.355839732468 2471.6508906029712 2469.71520378247 -1.0 2469.71520378247 -1.0 1
421 0.125 nan 0.8 1.0 1.0 2473.264482152473 2473.2655487124734 2473.7483004324736 2472.7212031524728 2475.3645263717444 2473.3371082224735 1.0 2473.6446774624737 -1.0 2
422 1.0 nan 0.8 1.0 1.0 2477.1171968424774 2477.1181967424773 2477.4023349924773 2476.4366315724765 2479.000563904844 2477.2932459024773 -1.0 2477.2932459024773 -1.0 1
423 0.125 nan 0.8 1.0 1.0 2480.697372122481 2480.6985053424805 2488.3271424024883 2480.02567263248 2489.93036121321 2487.8942856924878 -1.0 2488.310810702488 -1.0 3
424 0.125 nan 0.8 1.0 1.0 2491.6997384424917 2491.7007716724916 2492.157892622492 2491.070268062491 2493.779913816357 2491.991575922492 -1.0 2491.991575922492 -1.0 1
425 0.0625 nan 0.8 1.0 1.0 2495.3829034224955 2495.3840699724956 2515.258415672515 2494.812727112495 2516.8787549390895 2515.086532862515 -1.0 2515.086532862515 -1.0 1
426 0.25 nan 0.8 1.0 1.0 2518.7316349825187 2518.7326015525186 2522.4460968325225 2518.103964422518 2524.0448260157655 2522.3500064425225 -1.0 2522.3500064425225 -1.0 1
427 1.0 nan 0.8 1.0 1.0 2525.6144133025255 2525.6152132225257 2534.306310692534 2525.081733242525 2535.9110516732576 2534.166391352534 -1.0 2534.166391352534 -1.0 1
428 nan 1.0 0.8 -1.0 1.0 2537.863754912538 2537.864821472538 2538.2847794725385 2537.1296616625373 2539.8941881469887 2538.083399612538 1.0 2538.083399612538 1.0 1
429 0.0625 nan 0.8 1.0 1.0 2541.7802298925417 2541.7811298025417 2548.9026842425487 2541.136694252541 2550.526792644915 2548.777663412549 -1.0 2548.777663412549 -1.0 1
430 0.25 nan 0.8 1.0 1.0 2554.095998192554 2554.097031422554 2562.113629682562 2551.7265018325515 2563.7123389642593 2561.971810532562 -1.0 2561.971810532562 -1.0 1
431 0.125 nan 0.8 1.0 1.0 2565.709036772566 2565.709970012566 2566.049869352566 2564.9158494325648 2567.659167619252 2565.929514722566 -1.0 2565.929514722566 -1.0 1
432 0.0625 nan 0.8 1.0 1.0 2569.3285414525694 2569.3296746725696 2570.23578405257 2568.705670412569 2571.8451081022313 2570.10839679257 -1.0 2570.10839679257 -1.0 1
433 0.125 nan 0.8 1.0 1.0 2573.5254217225734 2573.5265882725735 2573.987242202574 2572.907616842573 2575.5920583521015 2573.8697872825737 -1.0 2573.8697872825737 -1.0 1
434 nan 0.25 0.8 1.0 -1.0 2577.3615047425774 2577.362571302577 2582.583182522583 2576.6969712025766 2585.1914643211653 2582.4547287025825 -1.0 2582.4547287025825 -1.0 1
435 0.125 nan 0.8 1.0 1.0 2586.960878042587 2586.961811282587 2618.5235881226185 2586.3396735025863 2620.1256138934687 2618.314075742618 1.0 2618.314075742618 1.0 1
436 0.25 nan 0.8 1.0 1.0 2622.022571522622 2622.023571422622 2629.5974139626296 2621.4924245426214 2631.2083326763204 2629.4449625426296 -1.0 2629.4449625426296 -1.0 1
437 nan 1.0 0.8 -1.0 1.0 2633.071966472633 2633.072799722633 2633.4613608626337 2632.319741702632 2635.0719799165613 2633.2781458526333 1.0 2633.2781458526333 1.0 1
438 1.0 nan 0.8 1.0 1.0 2637.2245845026373 2637.2254510826374 2638.734600152639 2636.161190852636 2640.341125961133 2638.4396963126383 1.0 2638.4396963126383 1.0 1
439 0.25 nan 0.8 1.0 1.0 2642.171456432642 2642.172423002642 2642.4988570226424 2641.4231312726415 2644.104753162429 2642.3715030926423 -1.0 2642.3715030926423 -1.0 1
440 0.125 nan 0.8 1.0 1.0 2645.790827792646 2645.791727702646 2661.0987301826613 2645.1595575926453 2662.7036691641933 2660.965276862661 -1.0 2660.965276862661 -1.0 1
441 0.0625 nan 0.8 0.0 -1.0 2664.689637722665 2664.690604292665 2724.692170202725 2663.926580702664 2727.191430120246 nan 0.0 nan 0.0 0
442 0.0625 nan 0.8 0.0 -1.0 2729.069199122729 2729.5171543227298 4139.89430250414 2728.943545022729 2792.0179924948525 2854.785526232855 -1.0 4119.81171096412 -1.0 197
