SWC_039 768a371d-7e88-47f8-bf21-4a6a6570dd6e mrsicflogellab 2020-09-10 _iblrig_tasks_ephysChoiceWorld6.4.2 F 288 403
0 nan 1.0 0.5 -1.0 1.0 80.78675385008079 80.78785374008079 81.31570095008132 70.67223207007068 82.87023025501571 81.15938325008116 1.0 81.15938325008116 1.0 1
1 0.25 nan 0.5 -1.0 -1.0 83.85211395008385 83.85314718008385 86.7941197200868 83.33883195008335 89.35358849883359 86.63613552008664 1.0 86.63613552008664 1.0 1
2 nan 0.25 0.5 -1.0 1.0 96.55191051009655 96.55267710009656 96.9040419600969 89.75619015008975 98.46863231897032 96.8011855800968 1.0 96.8011855800968 1.0 1
3 nan 0.125 0.5 -1.0 1.0 99.46965204009948 99.47065194009947 99.78275406009979 98.995932750099 101.33655630020495 99.66989868009968 1.0 99.66989868009968 1.0 1
4 nan 0.25 0.5 -1.0 1.0 104.93500545010494 104.93593869010493 105.18071421010518 101.74275804010175 106.73671521567553 104.9050751101049 -1.0 104.9050751101049 -1.0 1
5 nan 1.0 0.5 -1.0 1.0 107.93510541010794 107.93590533010794 108.17151510010817 107.14531773010715 109.73642307233823 108.06845874010807 1.0 108.06845874010807 1.0 1
6 0.0625 nan 0.5 -1.0 -1.0 110.86827873011087 110.86921197011087 112.5931728901126 110.10682155011011 115.15157368190484 112.4115910501124 1.0 112.4115910501124 1.0 1
7 1.0 nan 0.5 -1.0 -1.0 118.81971684011882 118.82078340011883 119.14578423011915 115.56397578011557 121.70302083366752 119.06129268011907 1.0 119.06129268011907 1.0 1
8 0.125 nan 0.5 1.0 1.0 122.61807030012262 122.61907020012262 123.36302913012337 122.10462165012211 124.91966403626844 123.18891321012319 -1.0 123.18891321012319 -1.0 1
9 nan 0.125 0.5 -1.0 1.0 128.31793359012832 128.31903348012833 128.72229315012873 125.3109676501253 130.28489734006598 128.61580380012862 1.0 128.61580380012862 1.0 1
10 0.0625 nan 0.5 1.0 1.0 131.1861800701312 131.1869799901312 132.8981088601329 130.6782975301307 134.45261531159917 132.46808520013246 -1.0 132.76658868013277 -1.0 2
11 0.125 nan 0.5 1.0 1.0 135.53461185013555 135.53561175013553 136.24244106013623 134.83731492013484 137.80274578334843 135.88061058013588 -1.0 136.07125818013608 -1.0 2
12 0.0625 nan 0.5 1.0 1.0 138.63446850013864 138.63556839013864 139.84818045013984 138.17844744013817 141.4030852332236 139.75222338013975 -1.0 139.75222338013975 -1.0 1
13 0.0625 nan 0.5 1.0 1.0 142.2846034501423 142.2855366901423 142.93370520014292 141.77848740014178 144.5027098661503 142.77442113014277 -1.0 142.77442113014277 -1.0 1
14 0.125 nan 0.5 -1.0 -1.0 145.5010817701455 145.5022483201455 145.6135038601456 144.87861069014488 148.1679423581513 145.45155339014545 1.0 145.45155339014545 1.0 1
15 0.0625 nan 0.5 1.0 1.0 151.16914824015117 151.17011481015118 153.96866826015398 148.54734378014854 155.53590155232592 153.2058778801532 1.0 153.77465433015377 -1.0 2
16 0.0625 nan 0.5 1.0 1.0 156.65086668015664 156.65173326015665 158.2089108601582 155.95540290015595 159.785814691715 157.71212721015772 -1.0 157.98263349015798 -1.0 2
17 0.25 nan 0.5 1.0 1.0 162.5844066001626 162.5853398401626 163.0829567401631 160.18031370016018 164.65245850076278 162.95490288016296 -1.0 162.95490288016296 -1.0 1
18 0.125 nan 0.5 1.0 1.0 165.56780823016558 165.56864148016558 166.13968437016615 165.04736028016504 167.71748675894503 165.85551279016585 -1.0 166.03136187016602 -1.0 2
19 nan 0.0 0.5 1.0 -1.0 169.23577473016923 169.23660798016923 172.009930620172 168.1004882701681 174.58583133996075 171.2991017101713 -1.0 171.45461949017147 -1.0 2
20 0.0625 nan 0.5 1.0 1.0 175.4839498501755 175.4848830901755 176.04965994017604 174.996431940175 177.6174628296071 175.93307160017594 -1.0 175.93307160017594 -1.0 1
21 0.25 nan 0.5 1.0 1.0 178.50224799017852 178.5031812301785 179.46228531017945 177.998565030178 181.03558173319618 179.33026518017934 -1.0 179.33026518017934 -1.0 1
22 nan 0.125 0.5 -1.0 1.0 182.16718146018218 182.16814803018218 183.56390844018355 181.4955819601815 185.13551249671244 183.32983185018333 1.0 183.32983185018333 1.0 1
23 0.0 nan 0.5 1.0 1.0 187.53377808018755 187.53474465018755 188.84434701018884 185.51351346018552 190.41844919266745 187.83058173018784 -1.0 188.2798368001883 -1.0 2
24 nan 0.0625 0.5 1.0 -1.0 191.35052970019134 191.35139628019135 192.1813799401922 190.81504992019083 194.750581997747 191.91973944019193 -1.0 191.91973944019193 -1.0 1
25 nan 0.0 0.5 1.0 -1.0 198.36882780019837 198.36996102019836 206.94387021020694 195.14998305019515 209.51852838300903 199.03909410019904 -1.0 206.84091384020684 -1.0 8
26 nan 0.0625 0.5 -1.0 1.0 212.1004545002121 212.1014877302121 213.02012919021303 210.00043119021 214.5835655500743 212.93020485021293 1.0 212.93020485021293 1.0 1
27 0.25 nan 0.5 1.0 1.0 216.75175599021676 216.75282255021676 223.06322478022307 214.98156636021497 224.635022681763 219.71882592021973 -1.0 222.986499120223 -1.0 3
28 0.125 nan 0.5 1.0 1.0 225.60003774022562 225.6010043102256 226.14315009022616 225.07902318022508 227.71835268898764 226.016462760226 -1.0 226.016462760226 -1.0 1
29 nan 0.0625 0.5 -1.0 1.0 228.71679270022872 228.71762595022872 231.03179451023104 228.0974546402281 232.60019623108823 229.6174359602296 -1.0 230.80575045023082 1.0 3
30 nan 0.0625 0.5 -1.0 1.0 233.56807419023357 233.56890744023357 234.3957914102344 232.999297740233 235.96812754812393 234.2916351602343 1.0 234.2916351602343 1.0 1
31 nan 1.0 0.5 -1.0 1.0 236.83301433023684 236.83388091023684 239.13825045023913 236.35162914023635 240.70145516707134 237.75358893023775 1.0 238.73765718023873 -1.0 3
32 nan 0.0625 0.5 -1.0 1.0 243.86644425024386 243.86747748024388 244.45368552024445 241.08945531024108 246.0164874569208 244.26347121024426 1.0 244.26347121024426 1.0 1
33 nan 0.125 0.5 -1.0 1.0 247.001097420247 247.002097320247 249.34212996024934 246.42888798024643 250.90132561060716 249.2093432402492 1.0 249.2093432402492 1.0 1
34 nan 1.0 0.5 -1.0 1.0 253.31636583025332 253.31736573025333 253.62566823025364 251.36822733025136 255.1831694771312 253.51667913025352 1.0 253.51667913025352 1.0 1
35 nan 0.25 0.5 -1.0 1.0 256.18457898025616 256.1856788702562 257.2828691402573 255.5901717602556 258.8510055808184 257.028694560257 1.0 257.028694560257 1.0 1
36 0.125 nan 0.5 -1.0 -1.0 259.73299077025973 259.73399067025974 260.02929447026 259.23420732025926 262.5997312239878 259.9118395502599 1.0 259.9118395502599 1.0 1
37 nan 0.0 0.5 -1.0 1.0 264.0679239002641 264.0689238002641 265.05875814026507 262.989431760263 266.61795958587174 264.91733895026493 1.0 264.91733895026493 1.0 1
38 1.0 nan 0.5 1.0 1.0 269.1829123502692 269.1838789202692 270.7060933502707 267.03446055026706 272.2661961945089 270.5284111202705 -1.0 270.5284111202705 -1.0 1
39 nan 1.0 0.5 -1.0 1.0 273.3010338302733 273.3021670502733 273.74242302027375 272.67139680027265 275.3012261042305 273.6102029102736 1.0 273.6102029102736 1.0 1
40 0.0625 nan 0.5 -1.0 -1.0 276.3329306102763 276.33379719027636 277.6977941102777 275.6909281502757 280.2679611915205 277.5863052602776 1.0 277.5863052602776 1.0 1
41 1.0 nan 0.5 -1.0 -1.0 282.59930391028263 282.6004038002826 283.01306253028304 280.68506202028067 285.56739104096204 282.8869751402829 1.0 282.8869751402829 1.0 1
42 1.0 nan 0.5 -1.0 -1.0 286.53264387028656 286.5336771002865 287.47601619028745 286.06449069028605 290.0340506935586 287.2743030302873 1.0 287.2743030302873 1.0 1
43 nan 0.0 0.5 -1.0 1.0 291.54924216029156 291.55034205029153 292.98946479029297 290.42665443029045 294.55076823993784 292.84324608029283 1.0 292.84324608029283 1.0 1
44 0.25 nan 0.5 1.0 1.0 295.63263378029563 295.63360035029564 297.993897630298 294.96296742029494 299.5493991464704 297.6477322502977 -1.0 297.6477322502977 -1.0 1
45 0.0 nan 0.5 -1.0 -1.0 300.56747358030054 300.56854014030057 302.64649899030263 299.9711998803 305.1990660488204 302.52384459030253 1.0 302.52384459030253 1.0 1
46 nan 1.0 0.5 -1.0 1.0 307.7671202103078 307.7681201103078 308.1034865703081 305.62126815030564 309.6655892947734 308.002563330308 1.0 308.002563330308 1.0 1
47 nan 0.25 0.5 -1.0 1.0 312.0836885103121 312.0847217403121 312.3954240003124 310.07658924031006 313.95042636285785 312.2837018403123 1.0 312.2837018403123 1.0 1
48 nan 0.0625 0.5 -1.0 1.0 315.83234694031586 315.8333468403158 317.86354380031787 314.35492803031434 319.4320760901314 317.7081926703177 1.0 317.7081926703177 1.0 1
49 0.0625 nan 0.5 -1.0 -1.0 320.53377675032056 320.53464333032053 322.9149386103229 319.85537793031983 325.48240734547807 322.7758191903228 1.0 322.7758191903228 1.0 1
50 0.25 nan 0.5 1.0 1.0 326.983498380327 326.984564940327 327.84204585032785 325.8939073503259 329.40054566401847 327.7158251403277 -1.0 327.7158251403277 -1.0 1
51 0.0625 nan 0.5 -1.0 -1.0 330.86554347033086 330.8665767003309 390.86554347033086 329.8202480103298 333.5167693668495 330.8243142603308 1.0 335.1894443703352 1.0 7
52 nan 0.25 0.5 -1.0 1.0 336.5986367703366 336.5994700203366 336.72069123033674 333.93756957033395 338.28222502012324 336.62123451033665 1.0 336.62123451033665 1.0 1
53 1.0 nan 0.5 1.0 1.0 343.46691654034345 343.46771646034347 343.82864703034386 338.6862279903387 345.38367995540347 343.6785287103437 -1.0 343.6785287103437 -1.0 1
54 nan 0.0625 0.5 1.0 -1.0 346.34862834034635 346.3496949003464 351.26297019035127 345.8199812103458 353.81533654838074 347.6107687803476 -1.0 350.8701428103509 1.0 9
55 0.125 nan 0.5 1.0 1.0 354.76661979035475 354.76758636035476 355.6552642503557 354.25633749035427 357.2153662151805 355.1891442003552 -1.0 355.3897574703554 -1.0 2
56 0.125 nan 0.5 1.0 1.0 359.2001097303592 359.2012096203592 359.94836823035996 357.6189678603576 361.50000358894573 359.7831180903598 -1.0 359.7831180903598 -1.0 1
57 nan 0.0625 0.5 1.0 -1.0 362.53174320036254 362.5328430903625 363.0854878203631 361.91210517036194 365.6484155279181 362.84701167036286 -1.0 362.84701167036286 -1.0 1
58 nan 0.125 0.5 1.0 -1.0 366.68312802036667 366.6841279203667 367.33386294036734 366.15021465036614 369.89836277433324 366.8141149203668 -1.0 366.8141149203668 -1.0 1
59 nan 1.0 0.5 -1.0 1.0 370.91653797037094 370.9174045503709 371.23947234037126 370.3051657803703 372.7995766766484 371.15168112037117 1.0 371.15168112037117 1.0 1
60 0.0 nan 0.5 1.0 1.0 373.6981931103737 373.6990596903737 375.1665129303752 373.2015761103732 376.73161268228466 374.45388420037443 -1.0 375.1153180503751 -1.0 3
61 0.25 nan 0.5 1.0 1.0 377.6830612503777 377.6840278203777 378.4052223603784 377.1480147603772 379.98292445722325 378.03275961037804 -1.0 378.3509944503784 -1.0 2
62 0.125 nan 0.5 1.0 1.0 380.8480780503809 380.84897796038086 381.8906404503819 380.3929235703804 383.44987468363234 381.36642621038135 -1.0 381.80818203038183 -1.0 2
63 1.0 nan 0.5 1.0 1.0 384.3146980203843 384.31559793038434 385.3907904003854 383.84867796038384 386.94939394319977 384.61096839038464 -1.0 385.36642617038535 -1.0 2
64 nan 0.25 0.5 -1.0 1.0 387.94796799038795 387.94890123038795 390.3097317903903 387.35679378038736 391.8815321243001 390.18074469039016 1.0 390.18074469039016 1.0 1
65 nan 0.0 0.5 1.0 -1.0 392.8828744503929 392.8838410203929 395.6185008603956 392.2931334303923 398.199465291422 395.2825011303953 -1.0 395.2825011303953 -1.0 1
66 nan 0.25 0.5 -1.0 1.0 399.1977095703992 399.1987761303992 399.5191774203995 398.6383655103986 401.0812981642264 399.43948539039945 1.0 399.43948539039945 1.0 1
67 0.125 nan 0.5 -1.0 -1.0 402.16587939040215 402.1667459704022 402.41442120040244 401.59980267040163 404.98272338843316 402.2993993704023 1.0 402.2993993704023 1.0 1
68 1.0 nan 0.5 1.0 1.0 405.94783449040597 405.9491010304059 406.1053520704061 405.3897236404054 407.6825511188164 405.967732500406 -1.0 405.967732500406 -1.0 1
69 0.25 nan 0.5 1.0 1.0 408.64783113040863 408.64869771040867 409.1683790704092 408.08945364040807 410.73278027100207 409.02219369040904 -1.0 409.02219369040904 -1.0 1
70 0.0 nan 0.5 1.0 1.0 411.88110777041186 411.8819743504119 413.6555969704137 411.13838205041117 415.2325974521919 413.5022123104135 -1.0 413.5022123104135 -1.0 1
71 nan 1.0 0.5 -1.0 1.0 416.1644127304162 416.16527931041617 416.54710779041653 415.65669684041563 418.1160385745927 416.44961754041645 1.0 416.44961754041645 1.0 1
72 0.25 nan 0.5 -1.0 -1.0 419.014227720419 419.015227620419 419.0952529504191 418.5261432004185 421.6644555821359 418.95030078041896 1.0 418.95030078041896 1.0 1
73 nan 0.125 0.5 -1.0 1.0 422.83234587042284 422.8332124504228 423.54197490042355 422.0750549404221 425.1157756861672 423.4151542504234 1.0 423.4151542504234 1.0 1
74 nan 0.125 0.5 -1.0 1.0 426.0975526504261 426.0984858904261 426.4746149404265 425.52847623042555 428.04721281466624 426.3901900504264 1.0 426.3901900504264 1.0 1
75 nan 0.25 0.5 -1.0 1.0 429.2156408104292 429.2164740604292 430.83834519043086 428.45911647042846 432.4142441890219 430.6757281204307 1.0 430.6757281204307 1.0 1
76 1.0 nan 0.5 1.0 1.0 433.3321957804333 433.3330956904333 433.74865413043375 432.8404449604328 435.3157747666913 433.5783045004336 -1.0 433.5783045004336 -1.0 1
77 1.0 nan 0.5 1.0 1.0 436.58083755043657 436.5817374604366 437.54267469043754 435.83687862043587 439.11580824684177 437.3744581804374 -1.0 437.3744581804374 -1.0 1
78 0.0 nan 0.5 -1.0 -1.0 440.2640358604403 440.26503576044024 440.47101516044046 439.5257097004395 443.04871725074327 440.36652561044036 1.0 440.36652561044036 1.0 1
79 nan 0.0625 0.5 -1.0 1.0 445.2804341704453 445.28130075044527 446.1770445004462 443.4743148004435 447.7473754242906 446.0598895504461 1.0 446.0598895504461 1.0 1
80 nan 0.25 0.5 -1.0 1.0 448.7155572904487 448.71659052044873 449.27956755044926 448.17347817044816 450.84880164882594 449.18751009044917 1.0 449.18751009044917 1.0 1
81 nan 0.0625 0.5 1.0 -1.0 451.73052243045174 451.73155566045176 455.21850693045525 451.2588029404513 457.78193925975955 454.00852794045403 1.0 454.9213033204549 -1.0 2
82 nan 0.125 0.5 -1.0 1.0 458.84727735045885 458.84814393045883 459.71425731045974 458.22493959045823 461.28055903443084 459.6018018904596 1.0 459.6018018904596 1.0 1
83 nan 1.0 0.5 -1.0 1.0 462.3816905404624 462.3827571004624 462.66089595046265 461.6932593904617 464.2316946093985 462.54540750046255 1.0 462.54540750046255 1.0 1
84 nan 0.125 0.5 -1.0 1.0 465.1804773004652 465.1814105404652 465.92790255046594 464.6405979604646 467.4968054365359 465.8259460804658 1.0 465.8259460804658 1.0 1
85 0.25 nan 0.5 1.0 1.0 469.74875376046975 469.74968700046975 470.64793050047064 467.9109042304679 472.2137602777414 470.4965123104705 -1.0 470.4965123104705 -1.0 1
86 nan 1.0 0.5 -1.0 1.0 473.38182375047336 473.3826570004734 473.74815378047373 472.64866374047267 475.31358783687506 473.5922360404736 1.0 473.5922360404736 1.0 1
87 nan 0.25 0.5 -1.0 1.0 476.33166207047634 476.33262864047634 477.97019820047797 475.7264892604757 479.5303171822342 477.82831239047783 1.0 477.82831239047783 1.0 1
88 1.0 nan 0.5 1.0 1.0 480.6982253704807 480.6992252704807 481.6008351004816 480.0950190304801 483.16363606137395 481.3011984004813 -1.0 481.3011984004813 -1.0 1
89 nan 0.125 0.5 -1.0 1.0 484.26490200048426 484.26586857048426 484.54884027048456 483.5901361504836 486.11497227082646 484.44661716048444 1.0 484.44661716048444 1.0 1
90 0.0 nan 0.8 -1.0 -1.0 487.1801771104872 487.1811770104872 490.992462510491 486.52637583048653 493.5633270070192 489.13338177048917 1.0 490.95133329049094 1.0 2
91 1.0 nan 0.8 1.0 1.0 494.64773028049467 494.64876351049463 495.1962420904952 494.003128080494 496.7649427779389 494.93840121049493 -1.0 494.93840121049493 -1.0 1
92 nan 1.0 0.8 -1.0 1.0 497.6965920304977 497.6977252504977 497.994062280498 497.1896427304972 499.56436235962593 497.88373998049786 1.0 497.88373998049786 1.0 1
93 0.25 nan 0.8 1.0 1.0 500.56350531050055 500.5643718905006 501.32219610050134 499.9820634605 502.8798962757183 501.03252507050104 -1.0 501.03252507050104 -1.0 1
94 1.0 nan 0.8 1.0 1.0 503.76498513050376 503.76598503050377 504.10388457050414 503.2959987005033 505.6631192972188 503.963831910504 -1.0 503.963831910504 -1.0 1
95 nan 0.25 0.8 -1.0 1.0 506.74788681050677 506.74895337050674 507.1980417905072 506.07722055050607 508.76474203418485 507.1096173005071 1.0 507.1096173005071 1.0 1
96 0.125 nan 0.8 -1.0 -1.0 509.97983025050996 509.98059684051 513.1862095805132 509.1849430805092 515.7480039579617 511.51241031051154 1.0 513.000394830513 1.0 2
97 1.0 nan 0.8 -1.0 -1.0 517.7629518605178 517.7638851005178 519.2938654205193 516.2198061905162 521.8629286343355 519.1489465805191 1.0 519.1489465805191 1.0 1
98 0.25 nan 0.8 -1.0 -1.0 522.9477666605229 522.948799890523 523.8154465505238 522.3311283305223 526.381064215043 523.7093238305237 1.0 523.7093238305237 1.0 1
99 1.0 nan 0.8 1.0 1.0 528.979230120529 528.980030040529 530.8911055805308 526.944666930527 532.446235340728 530.7092904305307 -1.0 530.7092904305307 -1.0 1
100 nan 0.25 0.8 -1.0 1.0 535.1139499205351 535.1149831505351 535.6078338605356 532.8927387305329 537.1628658248469 535.5161097005355 1.0 535.5161097005355 1.0 1
101 0.25 nan 0.8 1.0 1.0 538.3642915205384 538.3652914205384 539.3107635305394 537.6147664805376 540.8795950024787 538.949599650539 -1.0 538.949599650539 -1.0 1
102 nan 1.0 0.8 -1.0 1.0 541.8139131905418 541.8149130905418 542.1523793405422 541.3138965305413 543.7130136646882 542.0504228705421 1.0 542.0504228705421 1.0 1
103 0.0625 nan 0.8 -1.0 -1.0 544.6974914705447 544.6985580305447 545.1025509605452 544.1356143305442 547.6643493642572 544.994928390545 1.0 544.994928390545 1.0 1
104 nan 0.25 0.8 -1.0 1.0 548.7126565805487 548.7134898305487 549.1129498805491 548.0976514205481 550.6792526825334 549.028624980549 1.0 549.028624980549 1.0 1
105 0.0625 nan 0.8 -1.0 -1.0 553.3472597405533 553.3484262905533 553.4924452205535 551.1059505605512 556.0458071688593 553.2781333205533 1.0 553.2781333205533 1.0 1
106 nan 0.0625 0.8 -1.0 1.0 557.3472597005574 557.3480596205574 559.0495227905591 556.5082102805566 560.6124539492384 558.9149362505589 1.0 558.9149362505589 1.0 1
107 0.25 nan 0.8 1.0 1.0 561.7140229805617 561.7150228805617 562.9557654605629 561.046956360561 564.5122654513749 562.7652511805628 -1.0 562.7652511805628 -1.0 1
108 nan 0.0625 0.8 -1.0 1.0 565.5639712805656 565.5649711805655 566.2011742205663 564.966364380565 567.7624052030725 566.1014508605662 1.0 566.1014508605662 1.0 1
109 0.25 nan 0.8 1.0 1.0 568.8805062605688 568.8816061505689 569.7674175605698 568.1857090805682 571.3307185450443 569.081719470569 -1.0 569.6681941505697 -1.0 2
110 nan 0.125 0.8 -1.0 1.0 572.3791230305724 572.3802229205724 573.032824320573 571.7670175805717 574.595854846231 572.9311678205729 1.0 572.9311678205729 1.0 1
111 0.25 nan 0.8 -1.0 -1.0 576.7801828805768 576.7811827805768 578.4368505305785 575.026958220575 580.9971822677757 578.3519923505784 1.0 578.3519923505784 1.0 1
112 0.0 nan 0.8 -1.0 -1.0 581.945532960582 581.946466200582 587.5680706505876 581.4555819605814 590.1136649266714 583.6553286305837 1.0 587.4490492205874 1.0 6
113 0.25 nan 0.8 1.0 1.0 591.2452695605913 591.2464361105913 592.983995670593 590.5995674705906 594.5287961220539 592.5461061305925 1.0 592.5461061305925 1.0 1
114 nan 0.25 0.8 -1.0 1.0 595.4964444005955 595.4973443105955 595.887605280596 594.969397110595 597.4451363700408 595.7714835605958 1.0 595.7714835605958 1.0 1
115 1.0 nan 0.8 1.0 1.0 598.4801126705985 598.4813125505984 599.3261280605993 597.8664407105979 600.8620632919391 598.983129030599 -1.0 599.2460694005993 -1.0 2
116 0.25 nan 0.8 1.0 1.0 601.7967476406018 601.7975808906018 602.5263746706025 601.2970642806013 604.0801747648318 602.1910415406022 -1.0 602.3855554206024 -1.0 2
117 1.0 nan 0.8 1.0 1.0 605.4953777406055 605.4965442906055 605.898704070606 604.5314741406046 607.462101180479 605.7284544306058 -1.0 605.7284544306058 -1.0 1
118 0.25 nan 0.8 1.0 1.0 608.7133892406088 608.7141891606087 609.1935078906092 607.9092030006079 610.7452383338131 608.9515320906089 -1.0 608.9515320906089 -1.0 1
119 0.125 nan 0.8 1.0 1.0 611.7466858806117 611.7474858006118 613.6748597106136 611.1899415606111 615.228559792808 612.8873718006129 -1.0 613.5968008506136 -1.0 3
120 0.0 nan 0.8 1.0 1.0 616.1965741806162 616.1974407606162 617.8405764306178 615.6758595906157 619.3963071626353 617.3552583006174 -1.0 617.7932478306178 -1.0 2
121 0.25 nan 0.8 1.0 1.0 621.8616409506219 621.8627075106218 622.6121325606226 619.8329105106199 624.1631315251043 622.3263611406223 -1.0 622.3263611406223 -1.0 1
122 nan 0.25 0.2 -1.0 1.0 625.1116159206251 625.1126824806252 626.047755630626 624.6221315406247 627.6282527212749 625.8953042106259 1.0 625.8953042106259 1.0 1
123 nan 0.25 0.2 -1.0 1.0 629.3964207306294 629.3972873106294 629.8496754006298 628.068553530628 631.4284880071328 629.7167220306297 1.0 629.7167220306297 1.0 1
124 nan 0.125 0.2 -1.0 1.0 633.2131390206332 633.2142389106332 633.6111992106336 632.019591720632 635.1783288992436 633.5002436406335 1.0 633.5002436406335 1.0 1
125 nan 0.0 0.2 -1.0 1.0 636.2462023506363 636.2472355806362 636.6171319206367 635.6184318006357 638.1947317557511 636.4839119106365 1.0 636.4839119106365 1.0 1
126 0.125 nan 0.2 1.0 1.0 639.6462956406397 639.6471955506397 640.2976638306403 638.6421294006386 641.8796596515564 640.08688491064 -1.0 640.08688491064 -1.0 1
127 nan 0.0625 0.2 1.0 -1.0 644.7781157406448 644.7791156406448 649.4420826306495 642.3207615006423 652.0127394315417 644.7804155106448 1.0 649.3470254706493 -1.0 4
128 nan 0.25 0.2 -1.0 1.0 654.1112490006541 654.1120155906541 654.4932774606546 652.5206414106525 656.0613730124337 654.4083526206545 1.0 654.4083526206545 1.0 1
129 nan 0.0625 0.2 -1.0 1.0 657.1791421806572 657.1800087606572 658.2766990806583 656.5192748406565 659.8460972700951 657.1342466706571 1.0 658.1515449306581 1.0 3
130 nan 0.25 0.2 -1.0 1.0 661.961197260662 661.9622971506619 662.3541246306623 660.2874979806603 663.9292504233679 662.2689664806622 1.0 662.2689664806622 1.0 1
131 nan 0.0 0.2 -1.0 1.0 665.3611905606654 665.3622571206654 666.7020564606667 664.3860547506644 668.2792845132851 666.5143085706666 1.0 666.5143085706666 1.0 1
132 nan 1.0 0.2 -1.0 1.0 670.8442088706709 670.8451754406708 671.1228810006711 668.7416858106687 672.6942099116263 671.0368229406711 1.0 671.0368229406711 1.0 1
133 nan 1.0 0.2 -1.0 1.0 673.8123786906738 673.8134785806739 674.019624630674 673.1608105206732 675.5944228291085 673.9387327206739 1.0 673.9387327206739 1.0 1
134 nan 0.0 0.2 -1.0 1.0 676.5291736506765 676.5301402206766 676.6712261106767 676.038622710676 678.2457546288704 676.5472385106766 1.0 676.5472385106766 1.0 1
135 nan 1.0 0.2 -1.0 1.0 679.2442687806792 679.2451020306793 679.7239541406798 678.6908574606787 681.2955827841963 679.5811684206795 1.0 679.5811684206795 1.0 1
136 nan 0.0 0.2 -1.0 1.0 682.2774321006823 682.2783986706822 685.8528078606859 681.7407857706818 687.4274045410295 682.6208644206827 -1.0 685.7281203306858 1.0 3
137 nan 0.0 0.2 -1.0 1.0 688.5621369006885 688.5630034806886 689.2409356806893 687.8913039906879 690.8109443158864 689.1088488906892 1.0 689.1088488906892 1.0 1
138 0.25 nan 0.2 1.0 1.0 692.995393530693 692.996293440693 693.4195511106934 691.4268504006915 694.9956784356372 693.2162714406933 -1.0 693.2162714406933 -1.0 1
139 nan 0.25 0.2 -1.0 1.0 696.1773753006962 696.1782418806962 696.5702026806965 695.4651798606955 698.1439994532909 696.4583472006965 1.0 696.4583472006965 1.0 1
140 nan 0.125 0.2 -1.0 1.0 699.1786751406992 699.1798750206992 702.7975465507028 698.5928004006986 704.3606410275107 700.0787851207001 1.0 702.7171879207027 1.0 2
141 1.0 nan 0.2 1.0 1.0 705.3621234007054 705.3632232907054 707.7303865507077 704.8404422407049 709.2953820211491 707.4861109807075 -1.0 707.5468049107076 -1.0 2
142 nan 0.25 0.2 -1.0 1.0 710.2771651807103 710.2784317207103 710.7111884407108 709.7563839307097 712.2787170450543 710.5871675107106 1.0 710.5871675107106 1.0 1
143 nan 0.25 0.2 -1.0 1.0 713.2269368407133 713.2280700607132 713.4451150207135 712.7234205307127 715.0106445201487 713.3526909307134 1.0 713.3526909307134 1.0 1
144 nan 1.0 0.2 -1.0 1.0 715.928599980716 715.9296998707159 716.2170378007162 715.4600468407154 717.795067139975 716.0998161907161 1.0 716.0998161907161 1.0 1
145 0.125 nan 0.2 1.0 1.0 720.6770584207206 720.6779916607206 722.4477813307225 718.2417686407183 724.0117090451918 721.8676060207218 1.0 722.3743886707224 -1.0 2
146 nan 0.125 0.2 -1.0 1.0 728.2769983507283 728.2778982607283 729.2139379807293 724.4918102407245 730.7785633197211 729.1173143107292 1.0 729.1173143107292 1.0 1
147 0.125 nan 0.2 1.0 1.0 731.7603166507317 731.7612165607318 732.8621731207329 731.2734653407313 734.4267713914704 732.6328293907327 -1.0 732.6328293907327 -1.0 1
148 nan 0.25 0.2 -1.0 1.0 735.5784348007356 735.5795013607355 739.5045088207395 734.8932699907349 741.0783336979032 739.3992860107394 1.0 739.3992860107394 1.0 1
149 nan 0.125 0.2 -1.0 1.0 742.0265565907421 742.027423170742 742.5826343107426 741.5607365107415 744.1432649145057 742.4386820407425 1.0 742.4386820407425 1.0 1
150 nan 1.0 0.2 -1.0 1.0 745.3114947307453 745.3123946407453 745.7018556907457 744.5952663607446 747.2600859976602 745.5539371507456 1.0 745.5539371507456 1.0 1
151 nan 1.0 0.2 -1.0 1.0 748.2614330407482 748.2623996107483 748.4634795007485 747.7213870507477 750.0265085718091 748.3258266007483 1.0 748.3258266007483 1.0 1
152 nan 0.125 0.2 -1.0 1.0 751.1946730207512 751.1956729207512 751.2844973707513 750.4869104707504 752.8447283432359 751.1737751107512 1.0 751.1737751107512 1.0 1
153 0.125 nan 0.2 -1.0 -1.0 755.6764581307557 755.6772913807557 756.955630200757 753.2974293907533 759.5265880442352 756.6746249707567 -1.0 756.6746249707567 -1.0 1
154 nan 0.125 0.2 -1.0 1.0 760.7110546207607 760.7119212007607 761.4578799307615 760.01879052076 763.0280085210874 761.3616228907614 1.0 761.3616228907614 1.0 1
155 nan 0.25 0.2 -1.0 1.0 764.1264463807642 764.1275462707641 764.2247032207642 763.5000090307635 765.7948309786967 764.1308459407642 1.0 764.1308459407642 1.0 1
156 nan 0.25 0.2 -1.0 1.0 766.8598063507669 766.8608729107668 767.2839306007672 766.2598330207662 768.842959507802 767.1725417407672 1.0 767.1725417407672 1.0 1
157 nan 0.0 0.2 -1.0 1.0 771.6442945207716 771.6451611007717 771.8100779407719 769.3042618807693 773.3762740965606 771.6509605207716 1.0 771.6509605207716 1.0 1
158 nan 0.0625 0.2 -1.0 1.0 775.044287820775 775.045454370775 775.7684154007758 773.8562733007739 777.3278085767646 775.5309724807755 1.0 775.5309724807755 1.0 1
159 nan 1.0 0.2 -1.0 1.0 780.1929395707803 780.1940727907802 780.5257396207805 777.8102112007779 782.0929350802436 780.4093512607805 1.0 780.4093512607805 1.0 1
160 nan 0.25 0.2 -1.0 1.0 783.1441777507831 783.1450443307832 783.4423479307834 782.5667355007826 785.0110718148477 783.3251596507833 1.0 783.3251596507833 1.0 1
161 nan 0.125 0.2 -1.0 1.0 786.4262828407865 786.4273160707864 786.9141007207869 785.4894765307855 788.4761969895393 786.8080113307868 1.0 786.8080113307868 1.0 1
162 nan 0.0 0.2 -1.0 1.0 789.8276093407899 789.8286092407899 796.8186768307968 788.9423978707889 798.3772681932832 796.6719248407967 1.0 796.6719248407967 1.0 1
163 0.25 nan 0.8 1.0 1.0 799.5757344307996 799.5768343207995 800.7850801508008 798.8878698907989 802.3424081899893 800.0797840208 -1.0 800.6984554808007 -1.0 2
164 0.125 nan 0.8 -1.0 -1.0 803.7607825508038 803.7618157808038 810.1540764908102 802.8088110908028 812.7104691449748 810.03472176081 1.0 810.03472176081 1.0 1
165 nan 0.0 0.8 -1.0 1.0 814.3258259408143 814.3266925208144 816.950830080817 813.2184700208132 818.5105225141208 816.8693715608168 1.0 816.8693715608168 1.0 1
166 0.0 nan 0.8 -1.0 -1.0 819.4756109108195 819.4766441408195 821.2142703608213 818.999625180819 823.7605661505165 821.1072144008211 1.0 821.1072144008211 1.0 1
167 0.125 nan 0.8 1.0 1.0 824.8424741708249 824.8432407608249 825.6031980908256 824.2370680508243 827.1437947464398 825.2706980108253 -1.0 825.2706980108253 -1.0 1
168 0.25 nan 0.8 1.0 1.0 828.2424341408282 828.2435340308283 829.0930157408291 827.6162967608276 830.6420238807935 828.4633787108285 -1.0 828.996792030829 -1.0 2
169 0.0625 nan 0.8 1.0 1.0 836.2767306308363 836.2777971908363 838.3107938708383 831.3093274208313 839.8588852810916 837.2977618508373 -1.0 838.3105938908383 -1.0 3
170 1.0 nan 0.8 1.0 1.0 841.0434539108411 841.0443871508411 841.8051110708418 840.3822867008404 843.3422092952953 841.2538662008412 -1.0 841.7292519908417 -1.0 2
171 0.25 nan 0.8 1.0 1.0 844.2599988908443 844.2610321208442 846.5299385408465 843.8101105508438 848.0767654550941 846.0038578208461 -1.0 846.4460802608464 -1.0 2
172 1.0 nan 0.8 1.0 1.0 849.1754739608492 849.1763072108491 849.8372744408498 848.5546693808485 851.3752739513234 849.5502031508496 -1.0 849.5502031508496 -1.0 1
173 nan 0.125 0.8 -1.0 1.0 852.4097171708524 852.4106170808524 853.3051942808534 851.8575723908518 854.8435201013422 853.1683746308531 1.0 853.1683746308531 1.0 1
174 0.125 nan 0.8 1.0 1.0 855.8418739208558 855.8429071508558 856.3925188508564 855.3262254908553 857.9434476895469 856.2209026808563 -1.0 856.2209026808563 -1.0 1
175 0.25 nan 0.8 1.0 1.0 859.0917489008591 859.0928821208591 859.97046102086 858.4204493708585 861.525157881139 859.3533894008593 -1.0 859.9513296008599 -1.0 3
176 nan 0.125 0.8 1.0 -1.0 862.6267287008626 862.6278285908627 862.977193650863 862.0114569008621 865.5417861711363 862.7578489208628 -1.0 862.7578489208628 -1.0 1
177 0.0 nan 0.8 1.0 1.0 866.5432703408666 866.5441369208665 868.3342245608684 866.033687970866 869.8918180057666 867.8432070008679 -1.0 868.0289550908681 -1.0 2
178 0.0 nan 0.8 -1.0 -1.0 870.976460310871 870.977426880871 872.7807132008728 870.3838195808704 875.3433697492551 872.6186294108726 1.0 872.6186294108726 1.0 1
179 0.0625 nan 0.8 1.0 1.0 881.5413703808815 881.5423036208815 885.6556589108857 875.8521726908758 887.2081445505187 885.2623649108853 -1.0 885.5710673708855 -1.0 2
180 nan 0.0625 0.8 1.0 -1.0 888.4259818508884 888.4269150908884 890.8102100708908 887.7836460908878 893.3745998770023 890.1845059808902 1.0 890.6738237108907 -1.0 4
181 0.25 nan 0.8 1.0 1.0 894.5260717808945 894.5271716708945 895.2249018908952 893.8846026008939 896.7747298250077 895.1158461308951 -1.0 895.1158461308951 -1.0 1
182 0.25 nan 0.8 1.0 1.0 898.6594584008986 898.6604916308987 905.6012974809056 897.2566320308973 907.1580189355299 899.8814361908999 -1.0 905.4957747009055 -1.0 9
183 0.0 nan 0.8 1.0 1.0 908.3259916509083 908.3270248809083 909.2408334909093 907.6939215309077 910.7909313069706 908.4287480409084 -1.0 909.2133362409093 -1.0 2
184 0.25 nan 0.8 1.0 1.0 911.9591616309119 911.959994880912 912.7653476709128 911.2704305109113 914.3257728130585 912.6333608709126 -1.0 912.6333608709126 -1.0 1
185 0.25 nan 0.8 1.0 1.0 915.2910950709153 915.2919616509153 918.049485870918 914.8039771209149 919.6090214575049 917.8192755609178 -1.0 917.8192755609178 -1.0 1
186 nan 0.125 0.8 -1.0 1.0 920.8576050309209 920.8585716009209 921.4522122309214 920.3176257009203 923.0089413610625 921.3240917109214 1.0 921.3240917109214 1.0 1
187 0.125 nan 0.8 1.0 1.0 924.1076466609242 924.1085465709241 924.7764464409248 923.4896418009236 926.325645512971 924.3884519109243 -1.0 924.5887318809246 -1.0 2
188 0.25 nan 0.8 1.0 1.0 927.4075833009274 927.4085165409274 931.6443929109316 926.8026438009268 933.2074151237862 931.3943512509314 -1.0 931.3943512509314 -1.0 1
189 nan 0.0625 0.8 -1.0 1.0 934.4422464309345 934.4431130109344 935.3306242509353 933.7199186709337 936.8925491261618 935.2154691009353 1.0 935.2154691009353 1.0 1
190 1.0 nan 0.8 1.0 1.0 937.9074665409379 937.908433110938 938.3597546409384 937.3903515909374 939.9074538513356 938.1358770309381 -1.0 938.1358770309381 -1.0 1
191 nan 0.25 0.8 -1.0 1.0 940.9589946909409 940.960061250941 941.7645807909417 940.3869519009404 943.3253740656836 941.6674905009417 1.0 941.6674905009417 1.0 1
192 1.0 nan 0.8 1.0 1.0 944.5405031709446 944.5413697509446 945.2490989709453 943.8084763809438 946.8088207513756 944.8348404009448 -1.0 945.2392999509452 -1.0 2
193 1.0 nan 0.8 1.0 1.0 948.0073231209481 948.0083230209481 948.8798358609489 947.3117260209473 950.4237329793885 948.7330838709487 -1.0 948.7330838709487 -1.0 1
194 1.0 nan 0.8 1.0 1.0 951.6421596009517 951.6432928209516 951.983058840952 950.9205317709509 953.5418519179115 951.7969774509518 -1.0 951.7969774509518 -1.0 1
195 nan 1.0 0.8 -1.0 1.0 954.5403697509546 954.5412696609545 954.8792691909549 954.0377533509541 956.4403935092414 954.7743796809548 1.0 954.7743796809548 1.0 1
196 1.0 nan 0.8 1.0 1.0 957.4251812409574 957.4262144709575 963.5258377809636 956.9139990309569 965.0736614004699 959.98722501096 1.0 963.4801090209635 -1.0 4
197 0.25 nan 0.8 1.0 1.0 966.2581978509662 966.2591644209663 968.2173685809682 965.6035633209656 969.7750951557296 967.7897780109678 -1.0 968.0890814109681 -1.0 2
198 1.0 nan 0.8 1.0 1.0 970.7567479509707 970.7577478509708 971.2947941409712 970.2693966909703 972.8419212028834 971.0913144909711 -1.0 971.0913144909711 -1.0 1
199 0.25 nan 0.8 -1.0 -1.0 973.8403395609738 973.8414061209738 975.988358070976 973.3342235109733 978.5402511886041 974.4327469809745 1.0 975.6393929709757 -1.0 3
200 1.0 nan 0.8 1.0 1.0 980.7248843709807 980.7259842609807 982.4038831209824 979.0516517109791 983.9585062545133 982.2247343709822 -1.0 982.2247343709822 -1.0 1
201 0.25 nan 0.8 1.0 1.0 987.4067161209874 987.4075827009874 989.6740560309897 984.4808087409845 991.223447087526 989.4825418509895 -1.0 989.4825418509895 -1.0 1
202 0.0625 nan 0.8 1.0 1.0 992.4913409409925 992.4921741909925 998.7859114209988 991.7546479509917 1000.3413337641082 998.5916308509986 -1.0 998.5916308509986 -1.0 1
203 nan 0.125 0.8 1.0 -1.0 1001.5397026810016 1001.5407692410015 1003.4904409210035 1000.8645368710008 1006.040168523795 1003.1910375310032 -1.0 1003.1910375310032 -1.0 1
204 0.0625 nan 0.8 1.0 1.0 1007.1080124610071 1007.1090456910072 1008.946895221009 1006.5388693810065 1010.4914980495753 1008.5718993910086 -1.0 1008.8967335710089 -1.0 2
205 0.0625 nan 0.8 1.0 1.0 1013.0728159210131 1013.0739824710131 1018.5336697810185 1011.2224009810112 1020.0910584822338 1017.905232631018 -1.0 1018.4680763410184 -1.0 2
206 nan 1.0 0.8 -1.0 1.0 1021.089514171021 1021.0905807310211 1021.4495781610215 1020.6325598710206 1022.9898018774414 1021.3512213310214 1.0 1021.3512213310214 1.0 1
207 0.125 nan 0.8 -1.0 -1.0 1025.5243039810255 1025.5255371910255 1028.988157561029 1023.4820082310235 1031.5408485915368 1028.867702941029 1.0 1028.867702941029 1.0 1
208 1.0 nan 0.8 1.0 1.0 1032.7394490610327 1032.7407822610328 1033.979091751034 1032.072249121032 1035.5227853083395 1032.975692101033 -1.0 1033.6021961110337 -1.0 2
209 0.0625 nan 0.8 -1.0 -1.0 1036.6409255410367 1036.6417587910366 1037.1607402210373 1036.014588181036 1039.7073317079805 1037.029053391037 1.0 1037.029053391037 1.0 1
210 nan 1.0 0.2 -1.0 1.0 1040.872635661041 1040.873735551041 1041.2264336110413 1040.2091353510402 1042.774159451888 1040.809575301041 -1.0 1040.809575301041 -1.0 1
211 nan 0.125 0.2 -1.0 1.0 1043.989190641044 1043.989990561044 1044.857470471045 1043.2777617910433 1046.4060663199057 1044.6526576210447 1.0 1044.7759119610448 1.0 2
212 nan 0.0625 0.2 -1.0 1.0 1047.5405354710476 1047.5416353610476 1049.98449105105 1046.914664731047 1051.540713574593 1049.8379057110499 1.0 1049.8379057110499 1.0 1
213 nan 0.125 0.2 -1.0 1.0 1052.7891438910528 1052.7902437810528 1053.100012801053 1052.059816831052 1054.6393410477058 1052.992256911053 1.0 1052.992256911053 1.0 1
214 nan 0.0625 0.2 -1.0 1.0 1055.7407153710558 1055.7415486210557 1056.5157378610566 1055.128543261055 1058.0574653202768 1055.7672460510557 1.0 1056.4486779010565 1.0 2
215 nan 0.125 0.2 -1.0 1.0 1059.4891738210595 1059.4901737210596 1059.97489191106 1058.5598667610586 1061.522385809035 1059.85937013106 1.0 1059.85937013106 1.0 1
216 nan 0.125 0.2 -1.0 1.0 1062.6237603310626 1062.6248268910626 1064.1420084910642 1062.026686711062 1065.6907332561145 1064.007021991064 1.0 1064.007021991064 1.0 1
217 nan 0.25 0.2 -1.0 1.0 1066.8555037810668 1066.8564370210668 1067.2559304010672 1066.1871372910662 1068.806957014888 1067.132342761067 1.0 1067.132342761067 1.0 1
218 nan 0.0625 0.2 -1.0 1.0 1069.8886337710699 1069.8894003610699 1072.4097816310725 1069.3089584110694 1073.9556756837849 1072.3054254010724 1.0 1072.3054254010724 1.0 1
219 nan 1.0 0.2 -1.0 1.0 1075.090146901075 1075.0910134810752 1075.1939031910752 1074.4720753810745 1076.7388970856132 1075.082114371075 1.0 1075.082114371075 1.0 1
220 nan 0.125 0.2 -1.0 1.0 1077.956560231078 1077.9576601210779 1078.3295229310784 1077.2318993710771 1079.8737164793015 1078.2255666610783 1.0 1078.2255666610783 1.0 1
221 nan 0.25 0.2 -1.0 1.0 1081.8052753210818 1081.8062752210817 1082.010654781082 1080.3846174010805 1083.556847523411 1081.8982326910818 1.0 1081.8982326910818 1.0 1
222 nan 1.0 0.2 -1.0 1.0 1084.5221036110845 1084.5229368610846 1084.8421716010848 1084.0585499710842 1086.3902659792618 1084.7411150410846 1.0 1084.7411150410846 1.0 1
223 nan 0.125 0.2 -1.0 1.0 1088.7887435710888 1088.7895434910888 1089.2188005610892 1086.888266971087 1090.7554226111117 1089.1318759210892 1.0 1089.1318759210892 1.0 1
224 nan 0.0 0.2 -1.0 1.0 1091.890166731092 1091.891166631092 1092.968725531093 1091.2788278710914 1094.5221509887037 1092.8850339010928 1.0 1092.8850339010928 1.0 1
225 0.0625 nan 0.2 -1.0 -1.0 1095.5397017410955 1095.5408016310955 1096.2777945910964 1095.033952321095 1098.8387825888462 1096.1902700110961 1.0 1096.1902700110961 1.0 1
226 nan 0.0625 0.2 -1.0 1.0 1099.8733683311 1099.8744348910998 1100.5050718211005 1099.3774845910993 1102.0733974628963 1100.4169139711005 1.0 1100.4169139711005 1.0 1
227 nan 0.0 0.2 -1.0 1.0 1103.3383884611032 1103.3393883611034 1104.0986124311041 1102.5812975111025 1105.6565335984023 1103.992456381104 1.0 1103.992456381104 1.0 1
228 nan 0.125 0.2 -1.0 1.0 1106.7051850811067 1106.7060183311066 1107.6571565411077 1106.1818374211061 1109.2233496877814 1107.5801309111075 1.0 1107.5801309111075 1.0 1
229 nan 1.0 0.2 -1.0 1.0 1110.3052250411104 1110.3063249311103 1110.6419580311106 1109.7397482611098 1112.2064801303595 1110.5232365711106 1.0 1110.5232365711106 1.0 1
230 nan 1.0 0.2 -1.0 1.0 1113.955060021114 1113.955959931114 1114.2648957011143 1112.7127842611128 1115.8216175467564 1114.1551733411143 1.0 1114.1551733411143 1.0 1
231 nan 0.0625 0.2 -1.0 1.0 1117.006188211117 1117.007288101117 1121.6256595511215 1116.3467208311163 1123.189849619548 1121.5188035711215 1.0 1121.5188035711215 1.0 1
232 0.0625 nan 0.2 -1.0 -1.0 1124.1883032611242 1124.1892031711243 1130.7837769811308 1123.7342486711239 1133.3380283025442 1126.127709301126 1.0 1130.6969523311307 1.0 2
233 nan 0.125 0.2 -1.0 1.0 1134.4396113611344 1134.4404112811344 1134.7093510511347 1133.910630931134 1136.2728705525162 1134.6134606411347 1.0 1134.6134606411347 1.0 1
234 nan 0.0 0.2 -1.0 1.0 1137.3713848211373 1137.3723847211375 1139.030085601139 1136.7857767211367 1140.5879083180262 1138.914730471139 1.0 1138.914730471139 1.0 1
235 nan 1.0 0.2 -1.0 1.0 1141.8059413211417 1141.8070078811418 1142.1231096011422 1141.115010421141 1143.6892323148604 1142.022486331142 1.0 1142.022486331142 1.0 1
236 1.0 nan 0.2 1.0 1.0 1145.3711514311453 1145.3719846811455 1148.9227629011489 1144.2089343311443 1150.4892828226057 1148.4885063311485 -1.0 1148.4885063311485 -1.0 1
237 nan 0.125 0.2 -1.0 1.0 1151.5045713611514 1151.5056045911515 1153.021586311153 1151.0361848711511 1154.5726109859586 1152.925195951153 1.0 1152.925195951153 1.0 1
238 0.0625 nan 0.2 -1.0 -1.0 1156.3045246511563 1156.3055245511564 1157.0808470111572 1155.092512531155 1159.6377361095085 1156.9645253111569 1.0 1156.9645253111569 1.0 1
239 nan 1.0 0.2 -1.0 1.0 1160.889066151161 1160.890166041161 1161.1758374711612 1160.1836367011601 1162.7391590925238 1161.073247731161 1.0 1161.073247731161 1.0 1
240 nan 0.125 0.2 -1.0 1.0 1164.1542396011641 1164.1551061811642 1164.7242825911646 1163.2703613311633 1166.2877016308635 1164.6110939111645 1.0 1164.6110939111645 1.0 1
241 nan 0.0625 0.2 -1.0 1.0 1167.3057244211673 1167.3067576511673 1169.5913291711695 1166.8195063811668 1171.1553201941804 1169.4782404811695 1.0 1169.4782404811695 1.0 1
242 nan 0.0 0.2 -1.0 1.0 1172.1874695311722 1172.1883694411722 1174.782943291175 1171.6864196411716 1176.3387652205881 1174.4588757011745 1.0 1174.6450570811746 1.0 2
243 nan 0.0 0.2 -1.0 1.0 1177.3709178011775 1177.3719843611773 1180.0392842711801 1176.8672681711769 1181.5873075417596 1179.8526362711798 1.0 1179.8526362711798 1.0 1
244 nan 0.0 0.2 -1.0 1.0 1182.7220493011828 1182.7229825411828 1184.3052243011844 1182.1177097411821 1185.8556466154262 1184.1913023611842 1.0 1184.1913023611842 1.0 1
245 nan 1.0 0.2 -1.0 1.0 1186.920796051187 1186.9219292711869 1187.3657515511875 1186.3857495611865 1188.9220751401895 1187.2035011111873 1.0 1187.2035011111873 1.0 1
246 nan 0.125 0.2 -1.0 1.0 1190.00408769119 1190.00518758119 1190.6859861611906 1189.4352779111894 1192.2387859254472 1190.5012046411905 1.0 1190.5012046411905 1.0 1
247 0.125 nan 0.2 -1.0 -1.0 1193.5371343511936 1193.5381675811936 1193.6128267811937 1193.024585611193 1196.1720152992928 1193.5014712511936 1.0 1193.5014712511936 1.0 1
248 nan 0.0 0.2 -1.0 1.0 1197.9537926411979 1197.954792541198 1204.3529859912044 1196.7008179511968 1205.903601971857 1200.1764036912002 1.0 1204.2166662912043 1.0 3
249 0.125 nan 0.2 1.0 1.0 1207.021985731207 1207.023352261207 1208.3357210112083 1206.4937052312066 1209.8886144344872 1207.923928861208 -1.0 1208.2958916612083 -1.0 2
250 nan 0.0 0.2 -1.0 1.0 1211.070180871211 1211.070980791211 1218.5145030312185 1210.4102135412104 1220.070186757265 1218.4203791112184 1.0 1218.4203791112184 1.0 1
251 0.25 nan 0.2 -1.0 -1.0 1221.1217756112212 1221.1228755012212 1221.5205357312216 1220.6539890612207 1224.0719231048643 1221.3474863712213 1.0 1221.3474863712213 1.0 1
252 nan 0.125 0.2 -1.0 1.0 1225.3532857512253 1225.3541856612253 1237.2799263012373 1224.6155262012246 1238.836740533673 1237.1712705012371 1.0 1237.1712705012371 1.0 1
253 nan 0.25 0.2 -1.0 1.0 1240.02141879124 1240.02235203124 1240.4004475512404 1239.4428433212395 1241.954670457944 1240.3005242112404 1.0 1240.3005242112404 1.0 1
254 0.25 nan 0.8 -1.0 -1.0 1242.953125591243 1242.953992171243 1244.1183090612442 1242.4836725412424 1246.6699993308953 1244.023251901244 1.0 1244.023251901244 1.0 1
255 nan 0.0625 0.8 -1.0 1.0 1247.7213153912478 1247.7222819612477 1248.771310381249 1247.2037004912472 1250.319531643857 1247.996554531248 1.0 1248.3814160412485 -1.0 2
256 0.125 nan 0.8 -1.0 -1.0 1251.5212686912516 1251.5222352612516 1252.891564981253 1250.8611347112508 1255.4363846121244 1252.7029171812528 -1.0 1252.7029171812528 -1.0 1
257 0.125 nan 0.8 1.0 1.0 1256.7211486512567 1256.7221818812568 1257.6794861412577 1255.990288411256 1259.2365094883676 1257.4376103312575 -1.0 1257.4376103312575 -1.0 1
258 0.0 nan 0.8 -1.0 -1.0 1260.4875719712604 1260.4884718812605 1265.947425931266 1259.7679106112598 1268.5028782437228 1265.8159724112659 1.0 1265.8159724112659 1.0 1
259 0.125 nan 0.8 1.0 1.0 1269.7208485512697 1269.7217151312698 1270.2434962812702 1269.068180491269 1271.787789538541 1270.0938112512702 -1.0 1270.0938112512702 -1.0 1
260 1.0 nan 0.8 1.0 1.0 1272.7861086612727 1272.7870085712727 1273.1408065212731 1272.3286877412722 1274.6862258223266 1272.986888581273 -1.0 1272.986888581273 -1.0 1
261 0.125 nan 0.8 1.0 1.0 1276.5207684912766 1276.5216350712765 1279.130040871279 1275.2193319812752 1280.6859617183743 1278.936760201279 -1.0 1278.936760201279 -1.0 1
262 0.0625 nan 0.8 -1.0 -1.0 1281.8039401212818 1281.8049400212817 1286.2618942812862 1281.2462625612814 1288.803914300253 1282.3116560112824 -1.0 1286.1140757312862 1.0 3
263 0.0625 nan 0.8 1.0 1.0 1290.7026168312907 1290.7035167412907 1293.009652771293 1289.3871150612895 1294.5537718341154 1292.8740996612928 -1.0 1292.8740996612928 -1.0 1
264 1.0 nan 0.8 1.0 1.0 1295.5689968112956 1295.5701300312955 1296.117675271296 1295.112875761295 1297.6692964534286 1295.979189121296 -1.0 1295.979189121296 -1.0 1
265 1.0 nan 0.8 1.0 1.0 1298.8541682612988 1298.8551015012988 1299.1931010312992 1298.2187984712982 1300.7372231547097 1299.0623474412992 -1.0 1299.0623474412992 -1.0 1
266 0.0625 nan 0.8 1.0 1.0 1302.019085071302 1302.0200849713021 1304.9451591013049 1301.2764260113013 1306.4857498415035 1302.6257577313027 -1.0 1303.5999603013036 -1.0 2
267 0.0625 nan 0.8 1.0 1.0 1307.5372998613075 1307.5383330913075 1308.986288281309 1307.0345501413071 1310.5537043168883 1308.6715197613087 -1.0 1308.6715197613087 -1.0 1
268 1.0 nan 0.8 1.0 1.0 1311.6190916413116 1311.6199915513116 1312.5894945913126 1311.098310391311 1314.1356187688957 1311.6330569113115 -1.0 1312.5029365813125 -1.0 4
269 0.0625 nan 0.8 -1.0 -1.0 1315.2700598413153 1315.2709264213154 1316.7555779413167 1314.6892179313147 1319.3037652597477 1316.6025599113166 1.0 1316.6025599113166 1.0 1
270 0.0625 nan 0.8 1.0 1.0 1320.5354332513205 1320.5362665013206 1322.3969804113224 1319.84856861132 1323.9354026741803 1322.2413959713222 -1.0 1322.2413959713222 -1.0 1
271 0.125 nan 0.8 1.0 1.0 1325.0531814313251 1325.054181331325 1326.7532114113267 1324.4844049813246 1328.3189305500828 1326.5833617313267 -1.0 1326.5833617313267 -1.0 1
272 0.25 nan 0.8 1.0 1.0 1329.3867813613294 1329.3877812613293 1341.0665132713411 1328.880432001329 1342.6353235252295 1340.821971061341 -1.0 1340.821971061341 -1.0 1
273 0.25 nan 0.8 1.0 1.0 1344.019951231344 1344.0209844613441 1345.3596505813455 1343.2754256913433 1346.918467810911 1345.1754023413453 -1.0 1345.1754023413453 -1.0 1
274 0.125 nan 0.8 1.0 1.0 1348.1866678513481 1348.1876010913481 1350.04528197135 1347.4787719813476 1351.6018016962757 1349.5390659313496 -1.0 1349.82533730135 -1.0 2
275 0.125 nan 0.8 1.0 1.0 1352.853234481353 1352.854201051353 1354.842735511355 1352.1634034713522 1356.4016511460386 1354.038182641354 -1.0 1354.038182641354 -1.0 1
276 0.0625 nan 0.8 -1.0 -1.0 1357.5699294313577 1357.5708293413577 1358.8388358613588 1356.977455351357 1361.4031865069296 1358.7205810213588 1.0 1358.7205810213588 1.0 1
277 0.0 nan 0.8 -1.0 -1.0 1362.6683528713627 1362.6694527613627 1363.0994430913631 1361.980688311362 1365.651527925703 1362.995020201363 1.0 1362.995020201363 1.0 1
278 1.0 nan 0.8 1.0 1.0 1366.7029827013666 1366.7040825913666 1374.3944801413745 1366.2132316813663 1375.9513966357126 1374.2324296813742 -1.0 1374.2324296813742 -1.0 1
279 nan 0.125 0.8 1.0 -1.0 1378.4028126013784 1378.4039791513785 1380.7616100313808 1376.5542974713765 1383.3180599245777 1380.5412320713806 -1.0 1380.5412320713806 -1.0 1
280 1.0 nan 0.8 1.0 1.0 1384.6027592113846 1384.6038924313846 1385.2660595413852 1383.897263101384 1386.8179809318638 1385.055147301385 -1.0 1385.055147301385 -1.0 1
281 0.25 nan 0.8 1.0 1.0 1387.885997521388 1387.886930761388 1388.3302864213883 1387.3750819513873 1389.8845067865375 1388.1006093913882 -1.0 1388.1006093913882 -1.0 1
282 0.25 nan 0.8 1.0 1.0 1390.9525575013909 1390.953490741391 1395.6409552813957 1390.4301097513905 1397.2013404408242 1395.4100450413955 -1.0 1395.4100450413955 -1.0 1
283 1.0 nan 0.8 1.0 1.0 1398.3358857613985 1398.3367523413983 1399.4367756613995 1397.7844409113977 1401.0012895834668 1398.9707556013989 -1.0 1399.2765916813994 -1.0 2
284 0.125 nan 0.8 1.0 1.0 1402.0359823814022 1402.037048941402 1409.5129346114095 1401.5683958114016 1411.069249855026 1409.084810761409 1.0 1409.084810761409 1.0 1
285 nan 0.25 0.8 -1.0 1.0 1412.2175307914122 1412.2186306814122 1413.2187639914132 1411.6801512014117 1414.7843808037119 1412.5819276814127 -1.0 1413.1552370114132 1.0 3
286 0.0625 nan 0.8 1.0 1.0 1416.085777261416 1416.086910481416 1416.5221002914166 1415.3531838614153 1418.0842164147825 1416.1784013314161 1.0 1416.1784013314161 1.0 1
287 1.0 nan 0.8 1.0 1.0 1422.7189805414228 1422.7198471214228 1424.023550071424 1418.6506207514187 1425.5839640801214 1422.7917732614228 1.0 1423.7767080914239 -1.0 4
288 nan 1.0 0.8 -1.0 1.0 1426.7355455114268 1426.7364787514268 1427.107574971427 1426.1998657514262 1428.6688937383378 1426.995852811427 1.0 1426.995852811427 1.0 1
289 0.0625 nan 0.8 1.0 1.0 1429.6837506614297 1429.6847838914298 1432.9466243414329 1429.2154974914292 1434.5021416101156 1432.7270796314328 -1.0 1432.7270796314328 -1.0 1
290 0.0625 nan 0.8 -1.0 -1.0 1435.5839272514356 1435.5847271714356 1435.8890300714359 1435.0809442214352 1438.4521797828895 1435.7751747914358 1.0 1435.7751747914358 1.0 1
291 0.125 nan 0.8 1.0 1.0 1439.5337322314394 1439.5346654714394 1440.4865702714405 1439.021583451439 1442.0335936282504 1439.92569303144 1.0 1440.4205435414403 -1.0 2
292 0.0 nan 0.8 1.0 1.0 1444.0852437014441 1444.086276931444 1446.939424921447 1442.5909931414426 1448.5022399224558 1446.5951593514467 -1.0 1446.5951593514467 -1.0 1
293 0.25 nan 0.8 1.0 1.0 1449.93392544145 1449.9348920114498 1450.7249463314508 1449.097442431449 1452.2848662503754 1450.5036684614506 -1.0 1450.5036684614506 -1.0 1
294 0.0 nan 0.8 1.0 1.0 1453.850400421454 1453.851533641454 1455.1664021414551 1453.152770191453 1456.7180184086656 1454.9446909814549 -1.0 1454.9446909814549 -1.0 1
295 0.0 nan 0.8 1.0 1.0 1457.7501437414578 1457.7511436414577 1459.6164237614596 1457.2938227114573 1461.1668429904246 1459.2703583714592 -1.0 1459.4251428914595 -1.0 2
296 0.125 nan 0.8 -1.0 -1.0 1463.2351285214631 1463.2360950914633 1465.174734541465 1461.7497437414618 1467.733583736892 1464.8704649714648 1.0 1464.8704649714648 1.0 1
297 0.0625 nan 0.8 1.0 1.0 1468.801471831469 1468.8023717414687 1480.01118408148 1468.3311855314682 1481.5678940215878 1479.8921293214798 -1.0 1479.8921293214798 -1.0 1
298 0.0625 nan 0.8 1.0 1.0 1482.6998485214826 1482.7008817514827 1483.6392212414837 1482.2129972114822 1485.201508732704 1483.3253859614833 -1.0 1483.3253859614833 -1.0 1
299 1.0 nan 0.8 1.0 1.0 1488.1332717914881 1488.1341717014882 1494.7663084214948 1485.7661085314858 1496.31791872578 1488.4287755714884 -1.0 1494.5256658214946 -1.0 5
300 0.25 nan 0.8 1.0 1.0 1497.4829700614976 1497.4840699514975 1504.987886161505 1496.951423221497 1506.5345696241932 1504.6240558815045 -1.0 1504.7949387915048 -1.0 2
301 0.125 nan 0.8 1.0 1.0 1507.6329549615077 1507.6339548615076 1508.5684947315085 1507.1447704515072 1510.117609941107 1508.1804335415081 -1.0 1508.1804335415081 -1.0 1
302 nan 0.0625 0.8 -1.0 1.0 1511.2993882815113 1511.3002548615113 1514.7693412515148 1510.6965152415107 1516.3175576530036 1514.6432871915147 1.0 1514.6432871915147 1.0 1
303 0.125 nan 0.8 -1.0 -1.0 1517.5829265315176 1517.5838597715176 1520.3601821115203 1516.9154599515168 1522.9161956534633 1517.877597061518 -1.0 1520.1991982115203 1.0 2
304 nan 0.0 0.8 -1.0 1.0 1525.2340613415251 1525.2351945615253 1526.822535811527 1523.5425971715235 1528.3673522496777 1526.6962484415267 1.0 1526.6962484415267 1.0 1
305 nan 0.0 0.8 -1.0 1.0 1529.6826164415297 1529.6834163615297 1535.7914055015358 1528.947456631529 1537.3336207007685 1535.7037142715358 1.0 1535.7037142715358 1.0 1
306 1.0 nan 0.8 1.0 1.0 1538.7825063615387 1538.783306281539 1539.3097203015393 1537.947123241538 1540.8673385148077 1538.7691410315388 -1.0 1539.2230623015391 -1.0 3
307 nan 0.0625 0.8 1.0 -1.0 1542.015716341542 1542.016616251542 1546.4715707115465 1541.4540391815415 1549.0173178215516 1545.8571654915459 -1.0 1546.4214423915464 -1.0 2
308 0.25 nan 0.8 1.0 1.0 1550.0990079315502 1550.09987451155 1550.962521571551 1549.6252219815497 1552.5154395678892 1550.4880690215505 -1.0 1550.6965815015508 -1.0 2
309 0.25 nan 0.8 -1.0 -1.0 1553.7338444115537 1553.7348443115538 1553.982486211554 1553.103940741553 1556.5323702836597 1553.843533441554 1.0 1553.843533441554 1.0 1
310 nan 1.0 0.8 -1.0 1.0 1557.6837160515577 1557.6847826115577 1558.0665777615582 1557.114672961557 1559.6155959006676 1557.945656521558 1.0 1557.945656521558 1.0 1
311 nan 1.0 0.8 -1.0 1.0 1560.7667743815607 1560.7677742815608 1561.080809641561 1560.1901987115602 1562.6321993434717 1560.976120111561 1.0 1560.976120111561 1.0 1
312 nan 0.0 0.8 -1.0 1.0 1563.8336676615638 1563.8347342215638 1605.8129359816057 1563.2067970215633 1607.3832510883765 1587.3632478015875 1.0 1604.8037702416048 1.0 7
313 nan 1.0 0.2 -1.0 1.0 1609.3646474416093 1609.3656140116093 1609.8119693716098 1608.2770562116084 1611.381382246912 1609.6538851816097 1.0 1609.6538851816097 1.0 1
314 nan 0.25 0.2 -1.0 1.0 1613.4994005916135 1613.5005671416136 1614.7066131916147 1611.979985881612 1616.2664265245887 1614.5272311316146 1.0 1614.5272311316146 1.0 1
315 nan 0.0625 0.2 -1.0 1.0 1617.5980240216177 1617.5988572716176 1619.8412330116198 1616.870530111617 1621.3994489257834 1619.7296108416197 1.0 1619.7296108416197 1.0 1
316 nan 0.125 0.2 -1.0 1.0 1622.7312773116228 1622.7321105616227 1668.5702262916686 1622.012449201622 1670.1307393439445 1628.5991571316285 1.0 1668.4382394916684 1.0 2
317 0.125 nan 0.2 0.0 -1.0 1671.8484317716718 1671.849298351672 1731.8506309517318 1671.3602472616715 1734.3499053996231 1673.1647001316733 1.0 1723.0940067017232 1.0 7
318 nan 0.0 0.2 -1.0 1.0 1735.4464046717355 1735.881994441736 1781.3519803217814 1735.3937099417353 1782.895894037038 1738.4678358317385 1.0 1781.111737681781 1.0 7
319 nan 0.125 0.2 -1.0 1.0 1784.4974990717844 1784.4984656417846 1791.9122575217918 1783.8263995217837 1793.4633698883142 1785.119803501785 -1.0 1791.887659981792 1.0 5
320 nan 0.0625 0.2 -1.0 1.0 1795.4455374917954 1795.4463374117954 1827.2391244818273 1794.0967723817942 1828.7952154475038 1796.4645022517964 1.0 1827.1905626718271 1.0 6
321 nan 0.125 0.2 -1.0 1.0 1830.7133103618307 1830.7142769318307 1833.3169499718333 1829.6249192118296 1834.878463279634 1832.881926811833 1.0 1833.2043945618332 1.0 2
322 nan 1.0 0.2 -1.0 1.0 1835.963151991836 1835.964251881836 1836.2820867618364 1835.4881661618356 1837.846498689502 1836.1609988718362 1.0 1836.1609988718362 1.0 1
323 nan 1.0 0.2 -1.0 1.0 1839.4447704618394 1839.4459370118395 1839.90262467184 1838.4392043618384 1841.46311047497 1839.7603722318397 1.0 1839.7603722318397 1.0 1
324 nan 0.0625 0.2 -1.0 1.0 1842.5783237418425 1842.5791569918426 1855.2414239718553 1842.056309281842 1856.8116290607431 1855.0738740618551 1.0 1855.0738740618551 1.0 1
325 0.25 nan 0.2 -1.0 -1.0 1858.079540131858 1858.0806733518582 1863.4082738718635 1857.4895324718575 1865.9631181416923 1862.993915311863 1.0 1862.993915311863 1.0 1
326 0.125 nan 0.2 -1.0 -1.0 1867.1611318818673 1867.1622317718673 1870.3462133418705 1866.5900223318665 1872.9127581992732 1867.6412505318676 1.0 1870.2530226618703 1.0 2
327 0.25 nan 0.2 -1.0 -1.0 1874.111170141874 1874.1121700418742 1896.042610111896 1873.5498596118737 1898.5943437190815 1895.8295647518958 1.0 1895.8295647518958 1.0 1
328 0.0625 nan 0.2 -1.0 -1.0 1899.9956147719 1899.9965813419 1933.3778762119334 1899.3387471318993 1935.9284336042695 1912.049075971912 1.0 1933.1740965919332 1.0 2
329 nan 0.0625 0.2 -1.0 1.0 1937.2269246019373 1937.2278578419373 1964.1485321719642 1936.7590380619367 1965.711459638132 1951.083405481951 1.0 1963.954018291964 1.0 2
330 0.125 nan 0.2 -1.0 -1.0 1967.1099026719671 1967.110869241967 1974.5941208419747 1966.5004636219664 1977.1445622136052 1967.071639831967 1.0 1974.4602342319745 1.0 8
331 0.0625 nan 0.2 -1.0 -1.0 1978.4595675919784 1978.4604008419785 2030.868192872031 1977.8066662219778 2033.4434656417511 2005.5216611120056 1.0 2030.8471616420309 1.0 3
332 nan 0.0625 0.2 -1.0 1.0 2034.875325452035 2034.876158702035 2038.080804872038 2034.4234706420345 2039.626817847763 2035.3801416320355 1.0 2038.0805715620381 1.0 3
333 0.125 nan 0.2 -1.0 -1.0 2040.7588703720407 2040.7597369520408 2094.050507342094 2040.2500212620403 2096.608145797483 2092.8095981120928 1.0 2093.793399722094 1.0 2
334 nan 0.0 0.2 -1.0 1.0 2098.192726412098 2098.1937929720984 2104.3859070321046 2097.6104513120977 2105.9427167259323 2101.602352082102 1.0 2104.2911165121045 1.0 2
335 nan 0.0 0.2 -1.0 1.0 2107.1744614821073 2107.1753613921073 2123.4637657221233 2106.5926196721066 2125.025864417601 2113.4448343821136 1.0 2113.4448343821136 1.0 1
336 nan 0.0 0.2 1.0 -1.0 2126.807731292127 2126.8087978521266 2145.978247382146 2126.081470592126 2148.540845591202 2137.8240628821377 1.0 2145.2901162021453 -1.0 8
337 0.25 nan 0.2 -1.0 -1.0 2149.95881595215 2149.9598825121498 2157.8661251421577 2149.2913493721494 2160.4236336832846 2153.573754422154 1.0 2157.765635192158 1.0 2
338 nan 0.125 0.2 -1.0 1.0 2161.6917758721615 2161.6927424421615 2162.079137132162 2161.0848365721613 2163.6415525778325 2161.975947452162 1.0 2161.975947452162 1.0 1
339 nan 0.25 0.2 -1.0 1.0 2167.1236659621673 2167.124665862167 2173.3214127921733 2164.2447538821643 2174.875053025824 2173.1047677921733 1.0 2173.1047677921733 1.0 1
340 nan 0.0625 0.2 -1.0 1.0 2176.073637542176 2176.074570782176 2176.873857512177 2175.5443571421756 2178.423672935045 2176.6352147121765 1.0 2176.6352147121765 1.0 1
341 nan 0.0 0.2 -1.0 1.0 2179.5747540621796 2179.5755206521794 2205.928585082206 2179.043073902179 2207.491578335294 2190.953816042191 -1.0 2196.208957142196 1.0 5
342 nan 0.0 0.2 -1.0 1.0 2208.906453932209 2208.9075204922087 2211.3806064922114 2208.2921820322085 2212.9411194106274 2211.104834072211 1.0 2211.104834072211 1.0 1
343 nan 1.0 0.2 -1.0 1.0 2214.089635562214 2214.090468812214 2214.3791399422144 2213.5576221022134 2215.9413503848727 2214.291548702214 1.0 2214.291548702214 1.0 1
344 nan 0.0625 0.2 -1.0 1.0 2217.172860542217 2217.1737604522173 2218.6956749122187 2216.5596552022166 2220.2562879571806 2218.4909953822184 1.0 2218.4909953822184 1.0 1
345 nan 0.25 0.2 -1.0 1.0 2221.5742870222216 2221.575386912222 2223.208590242223 2220.867491042221 2224.7746051806935 2223.053339102223 1.0 2223.053339102223 1.0 1
346 nan 0.0625 0.2 -1.0 1.0 2226.156328772226 2226.157328672226 2232.2597850322322 2225.3931051022255 2233.822991196277 2231.006643692231 1.0 2232.203124032232 1.0 3
347 nan 0.125 0.2 -1.0 1.0 2241.007243532241 2241.008176772241 2244.110866472244 2234.4851958022346 2245.6742680004954 2243.954315462244 1.0 2243.954315462244 1.0 1
348 1.0 nan 0.2 -1.0 -1.0 2248.7394035722486 2248.740436802249 2258.875323212259 2246.4029705722464 2261.423994273254 2254.4173690522543 1.0 2258.6440130122587 1.0 2
349 nan 0.125 0.2 -1.0 1.0 2262.5892517822626 2262.5902850122625 2274.1767929122743 2262.1273979722623 2275.722298420837 2267.3962377022676 -1.0 2274.065437382274 1.0 4
350 0.0625 nan 0.2 -1.0 -1.0 2278.3571081722785 2278.3581414022783 2287.204689992287 2276.4240015022765 2289.7733935408182 2281.977679412282 1.0 2287.050272102287 1.0 2
351 nan 0.0625 0.2 -1.0 1.0 2290.971913232291 2290.973013122291 2295.4635640222955 2290.4748962722906 2297.040168763059 2295.1634273722952 1.0 2295.326144432295 1.0 2
352 nan 0.125 0.2 -1.0 1.0 2298.4054698022983 2298.4062697222985 2302.6854084323027 2297.698573832298 2304.2552169718388 2302.5552547823027 1.0 2302.5552547823027 1.0 1
353 nan 0.0625 0.2 -1.0 1.0 2305.6064496323056 2305.6075161923054 2311.2515517323113 2304.9119190923047 2312.823291834484 2310.06250398231 1.0 2311.190057882311 1.0 3
354 0.25 nan 0.2 -1.0 -1.0 2314.4384330123144 2314.4394329123143 2323.354674632323 2313.4783956923134 2325.9230797655778 2317.4929941923174 1.0 2323.2258541823235 1.0 2
355 nan 0.25 0.2 -1.0 1.0 2327.1380295923273 2327.1389628323273 2330.834026622331 2326.6109823023266 2332.4051348184776 2330.6961737423308 1.0 2330.6961737423308 1.0 1
356 nan 0.0625 0.2 -1.0 1.0 2333.7393693923336 2333.7402693023337 2336.2548511523364 2333.049038432333 2337.821362340846 2336.024140892336 1.0 2336.024140892336 1.0 1
357 nan 0.125 0.2 -1.0 1.0 2339.122764332339 2339.1238308923394 2340.7267705823406 2338.4664633023385 2342.288111722205 2340.6270805523404 1.0 2340.6270805523404 1.0 1
358 nan 1.0 0.2 -1.0 1.0 2343.805962632344 2343.806795882344 2344.278315392344 2342.924517452343 2345.8394301594426 2344.156860872344 1.0 2344.156860872344 1.0 1
359 nan 0.125 0.2 -1.0 1.0 2347.170959432347 2347.172425952347 2347.6791419423475 2346.4609304423466 2349.23925461426 2347.5295902323473 1.0 2347.5295902323473 1.0 1
360 nan 0.25 0.2 -1.0 1.0 2350.7710660523508 2350.7720326223507 2353.5763854923534 2349.86555661235 2355.137896522169 2353.4680296623533 1.0 2353.4680296623533 1.0 1
361 nan 0.0625 0.2 -1.0 1.0 2356.355940842356 2356.3569740723565 2377.7150713823776 2355.773499092356 2379.2723708578524 2366.5129583723665 1.0 2373.837159212374 1.0 2
362 nan 0.25 0.2 -1.0 1.0 2380.6874074523807 2380.6884073523806 2382.141195392382 2380.02907329238 2383.7041054891233 2381.917817732382 1.0 2381.917817732382 1.0 1
363 nan 0.125 0.2 -1.0 1.0 2384.855390612385 2384.8563571823847 2393.224086992393 2384.3410087223842 2394.787491952692 2393.019274142393 1.0 2393.019274142393 1.0 1
364 0.25 nan 0.2 -1.0 -1.0 2396.138628842396 2396.139562082396 2401.938482132402 2395.4741952923955 2404.50527831141 2401.7283364824016 1.0 2401.7283364824016 1.0 1
365 nan 0.0 0.2 -1.0 1.0 2406.287047232406 2406.2881137924064 2408.2217870724085 2405.567685842406 2409.78709934719 2407.4987927124075 1.0 2408.164126172408 1.0 3
366 nan 1.0 0.2 -1.0 1.0 2411.1215637324112 2411.1223969824114 2411.7351357024118 2410.4344991124103 2413.3034415215584 2411.6113147524115 1.0 2411.6113147524115 1.0 1
367 nan 0.0625 0.2 -1.0 1.0 2414.771698682415 2414.7726985824147 2418.839258552419 2413.940348492414 2420.405100165712 2418.5027255424184 1.0 2418.698305982419 1.0 2
368 nan 0.25 0.2 -1.0 1.0 2421.803662082422 2421.804628652422 2427.715637492428 2421.059303192421 2429.2716463315605 2423.8269930624238 1.0 2427.6430447524276 1.0 3
369 1.0 nan 0.2 -1.0 -1.0 2431.1536269924313 2431.1545269024314 2435.4611295324353 2429.94654771243 2438.021332475578 2433.957413252434 1.0 2435.3590064124355 1.0 2
370 nan 0.125 0.2 1.0 -1.0 2467.886153372468 2467.887119942468 2481.6833068524816 2438.7137375724387 2484.237372065489 2481.053269862481 -1.0 2481.2557829424813 1.0 2
371 nan 0.0 0.2 -1.0 1.0 2485.6359448824855 2485.6369447824854 2507.5642518325076 2484.995475602485 2509.1201464353 2485.5971820924856 -1.0 2507.4388977025073 1.0 8
372 nan 0.0625 0.2 -1.0 1.0 2510.3853696925103 2510.38633626251 2530.6441102825306 2509.91565000251 2532.218737202165 2512.1791902925124 1.0 2530.5673179625305 1.0 4
373 nan 1.0 0.2 -1.0 1.0 2534.5200226525344 2534.5210892125347 2534.885352782535 2532.996741662533 2536.4522628377904 2534.779730012535 1.0 2534.779730012535 1.0 1
374 nan 0.125 0.2 -1.0 1.0 2537.6862393325378 2537.687372552538 2538.043270292538 2537.101864442537 2539.6198804465034 2537.926381982538 1.0 2537.926381982538 1.0 1
375 nan 0.25 0.2 -1.0 1.0 2540.8183260925407 2540.819359322541 2552.4465631525527 2540.25928200254 2554.0198967369984 2548.3917686725486 1.0 2552.4211323625523 1.0 3
376 nan 1.0 0.2 -1.0 1.0 2555.4015342925554 2555.4025341925553 2555.7735970825556 2554.7383006225546 2557.334709811658 2555.679239852556 1.0 2555.679239852556 1.0 1
377 nan 0.0625 0.2 -1.0 1.0 2558.5365540925586 2558.5374873325586 2565.0964647025653 2557.981509602558 2566.6698695703067 2560.7583652225608 1.0 2565.012639752565 1.0 3
378 nan 0.125 0.2 -1.0 1.0 2568.234517532568 2568.235384112568 2568.832791032569 2567.3551721425674 2570.4014987470955 2568.709770002569 1.0 2568.709770002569 1.0 1
379 0.125 nan 0.2 -1.0 -1.0 2571.5695506625716 2571.5706838825718 2581.5945813925814 2571.055902032571 2584.1694147766175 2572.4649277825724 1.0 2581.5128562325817 1.0 2
380 nan 0.0625 0.2 -1.0 1.0 2585.4012673525854 2585.4022005925854 2586.095531252586 2584.886518832585 2587.669240011886 2585.870887052586 1.0 2585.870887052586 1.0 1
381 nan 0.0625 0.2 -1.0 1.0 2589.1178289925892 2589.118828892589 2591.6732734225916 2588.3164424725883 2593.235780689502 2591.394934592591 1.0 2591.394934592591 1.0 1
382 nan 0.0625 0.2 -1.0 1.0 2594.6176122925945 2594.6184455425946 2597.174323262597 2593.904483612594 2598.73423181389 2597.015972432597 1.0 2597.015972432597 1.0 1
383 nan 1.0 0.2 -1.0 1.0 2600.0523687626 2600.0533686626 2600.3359404026005 2599.380135992599 2601.9008515824735 2600.2367836526005 1.0 2600.2367836526005 1.0 1
384 nan 0.125 0.2 -1.0 1.0 2604.6025470326044 2604.6033136226047 2605.074366512605 2602.5426530426025 2606.6343775344476 2604.892684682605 1.0 2604.892684682605 1.0 1
385 nan 1.0 0.2 -1.0 1.0 2607.918848702608 2607.919948592608 2608.4288976926086 2607.281679092607 2610.001004598222 2608.2592813226083 1.0 2608.2592813226083 1.0 1
386 0.0625 nan 0.2 -1.0 -1.0 2611.252281992611 2611.253248562611 2621.207153072621 2610.6563082626108 2623.767420852757 2611.1976207926114 1.0 2611.1976207926114 1.0 1
387 0.0 nan 0.2 -1.0 -1.0 2625.002206862625 2625.003106772625 2641.823924522642 2624.4882249326247 2644.384954488415 2631.773029712632 1.0 2641.700236892642 1.0 2
388 nan 0.0625 0.2 -1.0 1.0 2645.750465162646 2645.7515650526457 2654.5358532026544 2645.1608574626453 2656.1017556796114 2653.596613802654 1.0 2654.4900244526543 1.0 3
389 nan 0.25 0.2 -1.0 1.0 2657.7999934226577 2657.801093312658 2667.943045682668 2656.802559842657 2669.5014467792726 2658.6738726926587 1.0 2664.042169142664 1.0 3
390 nan 1.0 0.2 -1.0 1.0 2670.8333232926707 2670.834289862671 2671.0969635926713 2670.2360496926703 2672.6513725378577 2670.970176272671 1.0 2670.970176272671 1.0 1
391 nan 1.0 0.2 -1.0 1.0 2673.949844942674 2673.950911502674 2674.3097756126745 2673.3042761726733 2675.8665871563694 2674.2205845326744 1.0 2674.2205845326744 1.0 1
392 nan 0.25 0.2 -1.0 1.0 2677.3346397626774 2677.3355396726774 2680.2060192626805 2676.5243874626767 2681.7678547199603 2679.81115875268 1.0 2680.09606359268 1.0 3
393 nan 1.0 0.2 -1.0 1.0 2682.983208182683 2682.984141422683 2684.3603704526845 2682.4526612426826 2685.917979520437 2684.2609137326845 1.0 2684.2609137326845 1.0 1
394 nan 0.125 0.2 -1.0 1.0 2687.099696492687 2687.100763052687 2690.7771953726906 2686.5911806826866 2692.3346335823035 2690.4730591226903 1.0 2690.4730591226903 1.0 1
395 nan 0.125 0.2 -1.0 1.0 2693.4996564326934 2693.5006896626937 2694.4040326526942 2693.020737662693 2695.967944990444 2694.184354622694 1.0 2694.184354622694 1.0 1
396 nan 0.0625 0.2 -1.0 1.0 2698.4159980826985 2698.4169646526984 2711.4906571527117 2696.6219441726967 2713.051186652304 2702.9234806227028 1.0 2711.3996995827115 1.0 3
397 nan 0.25 0.2 -1.0 1.0 2714.6160112527145 2714.6171444727147 2714.940578792715 2713.8262902327137 2716.5010099062674 2714.8383890127147 1.0 2714.8383890127147 1.0 1
398 nan 0.125 0.2 -1.0 1.0 2718.1993528827184 2718.200419442718 2727.4575936327274 2717.5780150227174 2729.0156955885377 2721.022970492721 1.0 2727.3194407827273 1.0 2
399 nan 0.0625 0.2 -1.0 1.0 2730.2505476427305 2730.2516142027303 2741.0898969327413 2729.7412985727296 2742.6489951504 2730.4248968727306 1.0 2740.991440112741 1.0 3
400 nan 0.125 0.2 -1.0 1.0 2743.950310862744 2743.951144112744 2750.733365822751 2743.4053986927433 2752.28206573413 2745.5123879727457 1.0 2747.902315622748 1.0 2
401 nan 0.125 0.2 -1.0 1.0 2753.5838807427535 2753.5847139927537 2813.5838807427535 2752.9931689445475 2768.450084200931 2764.8342889227647 1.0 2774.261746082774 1.0 10
402 nan 0.25 0.2 -1.0 1.0 nan nan nan 2769.2081877557307 2774.515028640178 nan 0.0 nan 0.0 0
