UCLA037 2bdf206a-820f-402f-920a-9e86cd5388a4 churchlandlab_ucla 2022-02-02 _iblrig_tasks_ephysChoiceWorld6.4.2 M 203 580
0 1.0 nan 0.5 1.0 1.0 28.191175653213374 28.19234221404233 28.567174873541177 26.436034890582242 30.141094326659207 28.38099176523951 -1.0 28.38099176523951 -1.0 1
1 0.125 nan 0.5 1.0 1.0 31.473177889403292 31.474011147138263 31.865808934121095 30.515298127591333 33.42476074781009 31.652828257062797 -1.0 31.652828257062797 -1.0 1
2 1.0 nan 0.5 1.0 1.0 34.490137505254 34.491004093298365 35.00415753680221 33.80196660709708 36.574808675216154 34.64292364353807 -1.0 34.8771690579928 -1.0 2
3 nan 0.0625 0.5 1.0 -1.0 37.58978961872311 37.59068953707688 38.33168897563088 36.96041338634567 40.890978648586746 37.78717171098277 -1.0 38.28992609795419 -1.0 2
4 0.25 nan 0.5 1.0 1.0 42.80638300334727 42.80734958231984 43.113721786313555 41.32908369986449 44.67294095968226 42.97020147404235 -1.0 42.97020147404235 -1.0 1
5 0.0 nan 0.5 1.0 1.0 45.757748570301146 45.75868181896431 46.24327118731339 45.048246274129 47.80649183274603 45.90930148713747 -1.0 45.90930148713747 -1.0 1
6 0.125 nan 0.5 -1.0 -1.0 50.65780400656495 50.65870392491872 50.913014185631525 48.177595693272444 53.474576088978765 50.680135313862145 1.0 50.680135313862145 1.0 1
7 nan 0.125 0.5 1.0 -1.0 54.77293065648715 54.774030556697305 55.46903416828098 53.863379843303434 58.02316165960835 54.932216205103984 -1.0 55.18965951490028 1.0 2
8 0.0625 nan 0.5 1.0 1.0 59.641255638203305 59.64202223531947 60.07058335356918 58.4024680287783 61.63993192627654 59.80854046107585 -1.0 60.03095361569401 -1.0 2
9 0.125 nan 0.5 1.0 1.0 62.99115171463857 62.992051632992336 63.30405665927445 62.03373857715819 64.87427621212893 63.1367051757831 -1.0 63.1367051757831 -1.0 1
10 1.0 nan 0.5 1.0 1.0 65.83975993771595 65.84069318637913 66.09100380996408 65.26147906964687 67.63971688015023 65.97494767263747 -1.0 65.97494767263747 -1.0 1
11 0.0625 nan 0.5 1.0 1.0 68.70716645529427 68.70803304333863 68.99734012892017 68.08622279119473 70.53956207421507 68.84955353704592 -1.0 68.84955353704592 -1.0 1
12 nan 0.25 0.5 -1.0 1.0 71.64083362795738 71.64203351909573 71.99730128697749 70.9184658323573 73.54072023566444 71.87867871582718 1.0 71.87867871582718 1.0 1
13 nan 0.25 0.5 -1.0 1.0 74.47314332973876 74.47404324809253 74.7514514132187 73.92932600158802 76.30647075022372 74.63669515795866 1.0 74.63669515795866 1.0 1
14 nan 0.25 0.5 -1.0 1.0 86.29087115141301 86.29173773945739 86.60824235750835 76.68897562888003 88.15625860171319 86.42085935806833 1.0 86.42085935806833 1.0 1
15 0.0 nan 0.5 1.0 1.0 93.9073468036786 93.90841337357936 94.455063778029 88.59106246364264 96.02291357048554 94.08459738906139 -1.0 94.38956972006036 -1.0 2
16 0.25 nan 0.5 1.0 1.0 100.44068739141154 100.44172063100291 100.85638301023332 96.42321854802782 102.42420201950534 100.5832411247102 1.0 100.5832411247102 1.0 1
17 0.0 nan 0.5 1.0 1.0 103.28952892665473 103.2903955146991 103.62163212950432 102.82510439549192 105.17297166749363 103.46108002913033 -1.0 103.46108002913033 -1.0 1
18 nan 1.0 0.5 -1.0 1.0 107.07385225579388 107.07475217414765 107.30319811476699 105.63908242710397 108.85621883845488 107.19524124262429 1.0 107.19524124262429 1.0 1
19 nan 0.125 0.5 -1.0 1.0 109.90719519716663 109.90806178521099 110.26536270196607 109.25432109666303 111.82417851628668 110.11377645482035 1.0 110.11377645482035 1.0 1
20 0.125 nan 0.5 1.0 1.0 112.92285493095078 112.92382150992334 113.73191486129713 112.2227851123385 115.29073332089969 113.13383578944514 1.0 113.37411398990106 -1.0 2
21 nan 1.0 0.5 -1.0 1.0 117.0562132601141 117.05707984815848 117.27376018956005 115.68883731702856 118.83957935982468 117.164436774732 1.0 117.164436774732 1.0 1
22 0.25 nan 0.5 1.0 1.0 120.34078193012773 120.3417485091003 120.88443260673148 119.22288335289215 122.43944965691192 120.52643175347902 -1.0 120.52643175347902 -1.0 1
23 0.25 nan 0.5 1.0 1.0 124.05714475840274 124.05807800706592 124.42537801664064 122.82555649580789 125.98962684831308 124.2712253356712 -1.0 124.2712253356712 -1.0 1
24 1.0 nan 0.5 1.0 1.0 127.22395744531043 127.22509067582999 127.80513805029722 126.37653432884608 129.35606196010937 127.3878092463149 -1.0 127.67441657683514 -1.0 2
25 nan 0.25 0.5 -1.0 1.0 130.60745047361968 130.60845038290165 130.89559099837226 129.74246228410217 132.4575312561499 130.76903581358505 1.0 130.76903581358505 1.0 1
26 nan 0.25 0.5 -1.0 1.0 133.47275718170587 133.47375709098785 133.7402329146312 132.91134145019257 135.2908859517537 133.62737648700687 1.0 133.62737648700687 1.0 1
27 nan 0.0625 0.5 -1.0 1.0 136.15608040047465 136.157113640066 137.2296163359004 135.67409079625867 138.7909353987156 136.35849536945352 1.0 137.05663203012068 1.0 4
28 1.0 nan 0.5 1.0 1.0 140.15605083142398 140.15711740132477 140.51655145788135 139.17563978045845 142.07260250444693 140.3270019883304 -1.0 140.3270019883304 -1.0 1
29 0.0625 nan 0.5 1.0 1.0 142.9241330269939 142.92509960596647 143.5633083703346 142.45860859562092 145.122629828751 143.27880084930646 -1.0 143.27880084930646 -1.0 1
30 1.0 nan 0.5 1.0 1.0 145.97365635512722 145.9747895856468 146.2813617714969 145.5098317695336 147.84067697372765 146.13050879115795 -1.0 146.13050879115795 -1.0 1
31 nan 0.125 0.5 -1.0 1.0 149.78934350541064 149.7904434056208 150.7137263062768 148.24478363756108 152.27414591862276 150.03015499081692 -1.0 150.6121688535387 1.0 2
32 nan 0.0625 0.5 1.0 -1.0 154.28930190765132 154.29046846848027 154.6884656930113 152.660349696404 157.23955872831627 154.48668399991098 -1.0 154.48668399991098 -1.0 1
33 nan 0.125 0.5 -1.0 1.0 158.17384947715266 158.17481605612522 158.44825791443293 157.62676577868083 160.00600213734938 158.3440007066335 1.0 158.3440007066335 1.0 1
34 1.0 nan 0.5 1.0 1.0 161.17367731397238 161.17447724139794 161.487815480056 160.4680080033811 163.03923684564108 161.3219305301782 -1.0 161.3219305301782 -1.0 1
35 nan 1.0 0.5 -1.0 1.0 165.00722951009354 165.00812942844732 165.24397469775317 163.43343896090124 166.80609318840027 165.1330847583834 1.0 165.1330847583834 1.0 1
36 1.0 nan 0.5 1.0 1.0 168.24033618239542 168.241469412915 168.58443829662858 167.19949728048988 170.13935662976013 168.41468703086053 -1.0 168.41468703086053 -1.0 1
37 nan 0.0625 0.5 -1.0 1.0 171.4904746428001 171.49147455208208 171.78938085748848 170.5257621675614 173.33913150035917 171.61856302181968 1.0 171.61856302181968 1.0 1
38 nan 0.125 0.5 -1.0 1.0 174.29075391724925 174.29182048715 174.56672887907126 173.72363870282874 176.12418069648342 174.41820902039024 1.0 174.41820902039024 1.0 1
39 nan 0.25 0.5 -1.0 1.0 177.03920456058324 177.0401711395558 177.36497500464708 176.51728524570754 178.9241255711101 177.200489927764 1.0 177.200489927764 1.0 1
40 nan 1.0 0.5 -1.0 1.0 179.939241451063 179.94017469972616 180.18371927050313 179.3302300377282 181.7392706093782 180.07046287916603 1.0 180.07046287916603 1.0 1
41 nan 1.0 0.5 -1.0 1.0 183.17334803264683 183.1741812903818 183.42389196839758 182.12997602722697 184.97381121380215 183.30903572220933 1.0 183.30903572220933 1.0 1
42 0.25 nan 0.5 1.0 1.0 185.87253647868943 185.873503057662 186.65383226130658 185.38531401589785 188.20697400429262 186.02962222688595 1.0 186.4316524188542 -1.0 3
43 0.125 nan 0.5 1.0 1.0 189.1559719181835 189.15683850622787 189.86630747209063 188.6803817333721 191.42412570589514 189.71082157874523 -1.0 189.71082157874523 -1.0 1
44 0.125 nan 0.5 -1.0 -1.0 192.42244223019358 192.42350880009434 193.2658657095301 191.8243298280322 195.82359242729183 192.58609404934165 1.0 193.11814577827462 1.0 2
45 nan 0.25 0.5 -1.0 1.0 196.7391172610503 196.74018383095105 197.45701879519092 196.221497556087 199.00576757593993 196.8848040434324 1.0 197.3364630660955 1.0 2
46 0.25 nan 0.5 1.0 1.0 200.47371176856643 200.474844999086 200.8786750277618 199.40557534326325 202.4392264963002 200.66436113832754 -1.0 200.66436113832754 -1.0 1
47 nan 0.0 0.5 -1.0 1.0 203.42374412314436 203.4249106839733 205.12485645424005 202.8334310133823 206.67237733082231 204.313063438523 -1.0 204.99653476305468 1.0 3
48 0.0625 nan 0.5 -1.0 -1.0 207.72368733868288 207.72452059641785 208.41819099562557 207.07157983529544 210.97345087366472 208.26963780663513 1.0 208.26963780663513 1.0 1
49 0.25 nan 0.5 1.0 1.0 211.88904276486903 211.88987602260403 212.27967399102292 211.38505515644988 213.84039141225736 212.0702929873797 -1.0 212.0702929873797 -1.0 1
50 0.0 nan 0.5 -1.0 -1.0 214.70595386370817 214.70685378206196 219.63520665100535 214.25259499526578 222.18925672276063 219.4983524006139 1.0 219.4983524006139 1.0 1
51 nan 0.125 0.5 -1.0 1.0 225.37381934143343 225.3748859113342 225.64379484756367 222.6722644434235 227.19024494113748 225.52750539807127 1.0 225.52750539807127 1.0 1
52 0.0625 nan 0.5 1.0 1.0 228.23909271921022 228.24022594972976 229.17207473990126 227.59585107812288 230.72359415220032 228.58552795510127 -1.0 229.0413532664392 -1.0 3
53 nan 0.25 0.5 -1.0 1.0 232.50563896473113 232.5065388830849 233.21884092524652 231.1262974405714 234.7723596230071 232.65952500322535 1.0 233.16847882774496 1.0 2
54 nan 0.125 0.5 -1.0 1.0 235.77330916787957 235.77420908623333 236.1040791583532 235.16736414300948 237.65740002021073 235.95272622337328 1.0 235.95272622337328 1.0 1
55 0.25 nan 0.5 1.0 1.0 238.53885825993515 238.5398914995265 239.72945024196952 238.05240239425976 241.27216823413767 238.7478392998656 -1.0 239.71151853551294 -1.0 2
56 1.0 nan 0.5 1.0 1.0 242.2905178858635 242.29155112545484 242.83020225564877 241.67167403125606 244.37222160343606 242.63828633413053 -1.0 242.63828633413053 -1.0 1
57 nan 1.0 0.5 -1.0 1.0 245.30671090459802 245.3075774926424 245.72573955435968 244.76952630801765 247.2734588743005 245.4648965530047 1.0 245.4648965530047 1.0 1
58 0.125 nan 0.5 1.0 1.0 248.38903125717977 248.38989784522414 248.84828959038575 247.67276290819967 250.39022698786835 248.57801411147094 -1.0 248.57801411147094 -1.0 1
59 nan 1.0 0.5 -1.0 1.0 251.55541065006526 251.55624390780022 251.89054691107015 250.89963681264396 253.43876845956228 251.71566277765467 1.0 251.71566277765467 1.0 1
60 nan 0.0625 0.5 1.0 -1.0 254.50674288670973 254.5075761444447 255.17558220541534 253.84056999275603 257.72354128083515 254.75032078779614 -1.0 254.75032078779614 -1.0 1
61 nan 0.0 0.5 1.0 -1.0 258.7554574167023 258.75659064722186 259.0688956462886 258.1296475274305 261.6222209042097 258.87944616766583 -1.0 258.87944616766583 -1.0 1
62 0.0625 nan 0.5 1.0 1.0 262.8068231847446 262.80758978186077 263.38023782764145 262.02782719347596 264.9233873472159 263.08993083277795 1.0 263.08993083277795 1.0 1
63 nan 0.25 0.5 -1.0 1.0 268.23879702870374 268.23959695612933 268.5127388416525 265.33679364996954 270.05555891191676 268.3956494647345 1.0 268.3956494647345 1.0 1
64 nan 0.125 0.5 -1.0 1.0 270.9398186417633 270.9409185419735 272.16590740330736 270.4584623134259 273.7055254676252 271.18232997294893 1.0 272.05225104825746 1.0 3
65 nan 0.0 0.5 1.0 -1.0 274.7899026713463 274.79093591093766 275.39024820423737 274.1094310746605 277.94010753694283 275.0000836024151 -1.0 275.3396194642606 -1.0 2
66 0.0625 nan 0.5 1.0 1.0 279.0555823288228 279.0566155684142 280.02332786221683 278.3455134173909 281.5733470533181 279.8909732035942 -1.0 279.8909732035942 -1.0 1
67 nan 0.125 0.5 1.0 -1.0 282.4886041968987 282.48960410618065 283.1176137958727 281.9929491658292 285.65562973330947 282.672920807874 -1.0 283.00722381114394 -1.0 3
68 nan 0.125 0.5 -1.0 1.0 286.80644578858437 286.8076123494133 287.35906231841636 286.1530384031304 288.90538115844174 287.09925255665274 1.0 287.09925255665274 1.0 1
69 0.25 nan 0.5 1.0 1.0 289.9063645445286 289.9072977931918 290.488011773847 289.31158517330715 292.04022955110963 290.15210891572593 -1.0 290.15210891572593 -1.0 1
70 nan 0.0625 0.5 1.0 -1.0 293.0220152065092 293.02294845517235 293.4286116508651 292.44863389392174 295.9734054968866 293.1810007823414 -1.0 293.1810007823414 -1.0 1
71 nan 0.0625 0.5 1.0 -1.0 297.8885736818272 297.88964025172794 298.24664119569843 296.38021052998477 300.80646719565095 298.06685750680134 -1.0 298.06685750680134 -1.0 1
72 nan 0.0625 0.5 -1.0 1.0 302.0552623203893 302.0562955599807 308.2865969746598 301.2212713186127 309.8403442441603 302.1170233837053 1.0 307.6664865682952 -1.0 7
73 0.0 nan 0.5 -1.0 -1.0 310.95542150884006 310.95632142719387 311.28899124530324 310.2663506923294 313.8563158359173 311.1619694361844 1.0 311.1619694361844 1.0 1
74 1.0 nan 0.5 1.0 1.0 316.87198472114835 316.8729846304303 317.1381605720071 314.26702105977614 318.7053769788574 317.0297704058422 -1.0 317.0297704058422 -1.0 1
75 nan 0.0625 0.5 -1.0 1.0 319.67336389580765 319.6743304747802 330.90147854421724 319.11668106822896 332.4553287910894 327.1995477399119 -1.0 330.73189392999615 1.0 4
76 nan 0.0 0.5 -1.0 1.0 333.5562710181406 333.5573375880414 334.3898620562045 332.8686334049341 335.9553699293168 333.53870594508743 1.0 334.31296903242145 1.0 3
77 nan 0.25 0.5 -1.0 1.0 348.90631169958976 348.9073782694905 349.3027090692696 336.4681734987663 350.8568192500702 349.0845955245639 1.0 349.0845955245639 1.0 1
78 0.0625 nan 0.5 1.0 1.0 351.9717335853063 351.9727334945882 352.64367262278597 351.3381244036352 354.20638593476275 352.254874563649 -1.0 352.5278164673158 -1.0 2
79 nan 1.0 0.5 -1.0 1.0 355.33832814675037 355.3394280469605 355.57400676450925 354.61819348188 357.12172578407626 355.4585172424424 1.0 355.4585172424424 1.0 1
80 0.0625 nan 0.5 1.0 1.0 358.13937401831566 358.14040725790704 358.4959749985734 357.5356287938659 360.05668954493837 358.32199078351164 -1.0 358.32199078351164 -1.0 1
81 nan 0.0 0.5 1.0 -1.0 360.97178371102524 360.9727502899978 362.88241036700174 360.46759612074965 365.43827011187125 362.6668965864291 -1.0 362.6668965864291 -1.0 1
82 0.125 nan 0.5 1.0 1.0 366.52284675046633 366.5237466688201 366.9222105176827 365.8544740560923 368.4730263586284 366.7606585080267 -1.0 366.7606585080267 -1.0 1
83 0.25 nan 0.5 1.0 1.0 370.33833391889334 370.3391005160095 373.2622019805932 368.88653230210065 374.8232501628578 372.3306198328969 -1.0 373.185708920523 -1.0 2
84 0.125 nan 0.5 1.0 1.0 375.72191215360544 375.72277874164985 376.1584725461109 375.23555627885827 377.7063912529884 376.0161854552874 -1.0 376.0161854552874 -1.0 1
85 0.125 nan 0.5 1.0 1.0 378.72180665104395 378.7228065603259 383.8519745433971 378.11979460268293 385.4052139680136 382.4863651067096 1.0 383.75741645563267 -1.0 5
86 nan 1.0 0.5 -1.0 1.0 386.4063427951019 386.40747602562146 386.65025399928226 385.9199202597359 388.2063690706062 386.5384308112493 1.0 386.5384308112493 1.0 1
87 nan 0.0625 0.5 1.0 -1.0 389.3215449763581 389.32247822502126 400.91685964341417 388.6177754934025 403.472516600433 391.9092768677711 -1.0 400.7860048487145 -1.0 2
88 nan 1.0 0.5 -1.0 1.0 404.42140835545985 404.42217495257603 404.64495474059754 403.907921608862 406.2048686247461 404.5469969612745 1.0 404.5469969612745 1.0 1
89 0.0625 nan 0.5 1.0 1.0 407.2727496639079 407.2739162247369 414.1936217590207 406.6271749011627 415.755934613727 407.4586994600438 1.0 414.03293633740907 -1.0 9
90 nan 1.0 0.8 -1.0 1.0 416.77158786977986 416.77255444875243 417.04556301303796 416.18514107590806 418.6050778401312 416.9185745342285 1.0 416.9185745342285 1.0 1
91 0.0625 nan 0.8 -1.0 -1.0 419.55606857757397 419.5569018353089 420.1868780132555 419.03978208498665 422.73923816713597 419.9959620010193 1.0 419.9959620010193 1.0 1
92 0.25 nan 0.8 -1.0 -1.0 423.8715770476017 423.8725769568837 424.25690875456115 423.1532422194389 426.8063310664363 423.99223276762535 1.0 423.99223276762535 1.0 1
93 0.0 nan 0.8 1.0 1.0 427.95490658235747 427.95590649163944 428.78486461669684 427.2289391133423 430.3381817525186 428.10455967155804 1.0 428.62087949445475 -1.0 4
94 0.0625 nan 0.8 1.0 1.0 431.8393208306212 431.84025407928436 434.2582347049293 430.76148528528296 435.8061727491499 434.07991754964576 -1.0 434.07991754964576 -1.0 1
95 0.25 nan 0.8 1.0 1.0 436.8213354976966 436.8222687463598 437.3170905196943 436.3434788518461 438.8714371366422 436.9638892309953 1.0 436.9638892309953 1.0 1
96 nan 0.0625 0.8 1.0 -1.0 440.00611322137024 440.00694647910524 448.96530038776626 439.29504440065637 451.5215552121374 440.70361660615885 1.0 448.82034687219095 -1.0 5
97 0.25 nan 0.8 1.0 1.0 452.57230647090387 452.57330638018584 453.3222717626861 451.9626617816905 454.8714906180603 452.8194173847865 -1.0 453.2964741032115 -1.0 3
98 1.0 nan 0.8 1.0 1.0 456.1888116922201 456.18964494995504 456.6346379107384 455.2975925492057 458.1894521162283 456.4469549385137 -1.0 456.4469549385137 -1.0 1
99 0.0625 nan 0.8 1.0 1.0 459.13794412844425 459.139010698345 482.1435569150837 458.61185852489365 483.68800349081624 462.51970398066476 -1.0 482.1027272860702 -1.0 7
100 1.0 nan 0.8 1.0 1.0 485.92254739471906 485.92341398276346 486.3248442291625 484.13670941713167 487.87126071951786 486.0874324353149 -1.0 486.0874324353149 -1.0 1
101 1.0 nan 0.8 1.0 1.0 488.9725040168746 488.97340393522836 489.29417483288233 488.30626446230207 490.8388204085348 489.1393555457249 -1.0 489.1393555457249 -1.0 1
102 0.25 nan 0.8 1.0 1.0 491.98773045663654 491.9887636962279 492.8383532828032 491.2817278429513 494.3891693848612 492.1516155879504 -1.0 492.7614935893296 -1.0 3
103 0.125 nan 0.8 1.0 1.0 495.4046204549634 495.40542038238897 496.2170134162496 494.8260729444191 497.7719283142284 495.9571703241766 -1.0 496.0684268969498 -1.0 2
104 0.125 nan 0.8 1.0 1.0 498.67102410635465 498.67212400656484 499.0319580268342 498.19483397597406 500.57117499538566 498.8445416970848 -1.0 498.8445416970848 -1.0 1
105 nan 0.0625 0.8 1.0 -1.0 501.65565332208854 501.65645324951413 506.9774704934847 501.0040791036515 509.5224164845024 501.7761090602558 -1.0 506.6899965749201 -1.0 3
106 0.0625 nan 0.8 1.0 1.0 510.6880005176149 510.6888004450405 511.0261365064657 510.0712231421902 512.5708822999363 510.8520523004758 -1.0 510.8520523004758 -1.0 1
107 0.0625 nan 0.8 1.0 1.0 513.7387903975055 513.7398902977155 514.2935067368295 512.9953911766747 515.8390245035691 513.948371383005 -1.0 514.2451777882013 -1.0 2
108 0.25 nan 0.8 1.0 1.0 516.754483461599 516.7554833708809 517.1001521003739 516.2716272693386 518.65536695608 516.9234347999414 -1.0 516.9234347999414 -1.0 1
109 0.25 nan 0.8 1.0 1.0 519.5875930908059 519.5888263122537 519.908697291554 519.0875717892052 521.472540205746 519.761110681536 -1.0 519.761110681536 -1.0 1
110 0.125 nan 0.8 1.0 1.0 522.437601186878 522.4385011052318 522.7573388449407 521.8987500748277 524.3209868280178 522.5268930857574 -1.0 522.5268930857574 -1.0 1
111 0.25 nan 0.8 1.0 1.0 525.3721016172761 525.3731681871769 525.806695521527 524.7521911927679 527.3725431362329 525.5454525564593 -1.0 525.5454525564593 -1.0 1
112 0.25 nan 0.8 1.0 1.0 528.4542553183109 528.455188566974 529.252849531506 527.7898489307553 530.8207965820246 528.9080474807755 -1.0 529.016904271272 -1.0 2
113 nan 1.0 0.8 -1.0 1.0 531.8221164315121 531.8232163317223 532.1067239434684 531.2559011354454 533.6726371832771 531.9888013088155 1.0 531.9888013088155 1.0 1
114 0.0625 nan 0.8 1.0 1.0 534.6207291904913 534.6215291179169 535.4437545204757 534.1068424801807 537.0043985894567 534.8592742148585 -1.0 535.1880110564588 -1.0 2
115 0.25 nan 0.8 1.0 1.0 538.0888145440547 538.0898811139555 538.6847271457957 537.4479060246252 540.238943011818 538.2665984143879 -1.0 538.6488970631921 -1.0 2
116 0.125 nan 0.8 1.0 1.0 541.720951680479 541.7218849291421 542.0248907718866 540.6759464898985 543.5878042158503 541.8726379185529 -1.0 541.8726379185529 -1.0 1
117 0.125 nan 0.8 1.0 1.0 545.6722598597061 545.6732264386786 545.9850314831043 544.013410360928 547.5543756276035 545.8167134206404 -1.0 545.8167134206404 -1.0 1
118 nan 0.25 0.8 -1.0 1.0 548.5222012951594 548.5232345347507 548.8306066480264 547.9934825971663 550.389019974908 548.6972854104313 1.0 548.6972854104313 1.0 1
119 0.0625 nan 0.8 1.0 1.0 551.4543019432807 551.4552685222533 551.9042611201645 550.8260256111134 553.4706722354207 551.6405850425107 -1.0 551.6405850425107 -1.0 1
120 nan 0.0625 0.8 1.0 -1.0 554.4220993527682 554.4232659135972 557.9582785284334 553.9130788676299 560.5224986762539 555.2548904634066 -1.0 557.7984930251755 -1.0 3
121 nan 0.0625 0.8 1.0 -1.0 561.5705841307654 561.5716173703568 561.9769472629555 560.9660056485806 564.5374672269726 561.7483680010985 -1.0 561.7483680010985 -1.0 1
122 0.0 nan 0.8 1.0 1.0 565.5719211044001 565.5729543439915 566.3561832845537 564.9899739022972 567.9208283766307 565.7618038770449 -1.0 566.1837322637243 -1.0 2
123 nan 0.25 0.2 -1.0 1.0 569.921959774965 569.922959684247 571.0232598581199 568.3653343351131 572.5875058223479 570.1170087455667 -1.0 570.7184208483585 -1.0 2
124 0.125 nan 0.2 1.0 1.0 573.6718862248046 573.6729861250147 574.0635173602404 573.030211108259 575.6208610920851 573.8847669109347 -1.0 573.8847669109347 -1.0 1
125 nan 0.125 0.2 -1.0 1.0 576.6053867459207 576.6063199945838 576.9328570357638 576.0813676215528 578.4876036415014 576.6297512020911 1.0 576.7292088453372 -1.0 2
126 nan 0.0 0.2 -1.0 1.0 579.638444901211 579.6393114892554 583.1943889503497 578.9309090932934 584.7542022242725 580.3327819066067 -1.0 583.0651006801917 1.0 3
127 1.0 nan 0.2 1.0 1.0 585.6722974722936 585.673330711885 586.0547294423354 585.1980071695488 587.6208428565956 585.8292498992525 -1.0 585.8292498992525 -1.0 1
128 nan 0.25 0.2 -1.0 1.0 588.7388192582204 588.7396858462647 589.0245600006962 588.0652470355801 590.5874034772535 588.8752068842801 1.0 588.8752068842801 1.0 1
129 nan 0.0 0.2 1.0 -1.0 591.5388652205037 591.540065111642 592.4836795010312 591.0316112417634 595.0392683247896 591.7486795181691 -1.0 592.388121503985 -1.0 3
130 nan 0.0625 0.2 1.0 -1.0 595.9872949644138 595.9883615343145 596.4413537693536 595.4996725379094 599.0040414281922 596.1995757049747 -1.0 596.1995757049747 -1.0 1
131 nan 0.0625 0.2 1.0 -1.0 600.1716486669573 600.172715236858 600.4677218053467 599.4548470330268 603.0208117242809 600.3167688340797 -1.0 600.3167688340797 -1.0 1
132 0.0625 nan 0.2 1.0 1.0 604.6883722148256 604.6893721241075 615.4137324762637 603.4662164297905 616.9719424718141 605.8495002033513 -1.0 615.1960522255802 -1.0 7
133 nan 0.25 0.2 -1.0 1.0 619.0373370534819 619.0384036233827 619.5533902339034 617.4344491441844 621.10503396922 619.2487512059985 1.0 619.509560877044 1.0 2
134 nan 0.0 0.2 -1.0 1.0 622.053830045001 622.0547632936642 630.7403752805149 621.5536420918532 632.3039188570317 626.937853602444 -1.0 630.527594585313 1.0 2
135 nan 0.0625 0.2 -1.0 1.0 634.4885018936469 634.4894351423101 635.1356765112433 632.760625324104 636.6884897377369 634.5804935475876 1.0 634.5804935475876 1.0 1
136 nan 0.125 0.2 -1.0 1.0 637.7038101807299 637.7047767597024 638.5076039221913 637.1376948755914 640.070649982242 638.3398858052965 1.0 638.3398858052965 1.0 1
137 1.0 nan 0.2 1.0 1.0 641.0381076723666 641.0391075816485 641.49916584228 640.515955045325 643.0552101984897 641.3213819719468 -1.0 641.3213819719468 -1.0 1
138 1.0 nan 0.2 1.0 1.0 644.0706658730159 644.0714658004414 644.5123258028593 643.5028173917885 646.0717404767984 644.2829466135768 -1.0 644.2829466135768 -1.0 1
139 0.0 nan 0.2 -1.0 -1.0 646.987201266648 646.9881345153111 647.7821291458092 646.5351422802721 650.3383172016374 647.1315881669635 1.0 647.6902708131062 1.0 3
140 nan 0.125 0.2 -1.0 1.0 651.5702854605292 651.5711520485736 652.0851387498125 650.7814236976786 653.6372830636403 651.7454029061105 1.0 651.9837479486213 1.0 2
141 nan 0.0 0.2 -1.0 1.0 654.8051919695387 654.8061585485112 664.7354577002686 654.0902901632439 666.2871888339998 655.0331712858265 -1.0 664.6403329972444 1.0 5
142 nan 0.25 0.2 -1.0 1.0 667.5713337451556 667.5721670028906 668.113117924433 666.8806964041032 669.6702609043098 667.776715111671 1.0 667.9212353332242 1.0 2
143 nan 0.125 0.2 -1.0 1.0 670.638155503867 670.6391887434582 671.3945868756725 670.1217690203514 672.9548013359382 671.1335438924613 1.0 671.1335438924613 1.0 1
144 nan 0.25 0.2 -1.0 1.0 674.1038077448442 674.1048409844356 674.4836399507528 673.4082041876914 676.0384518029726 674.2651597726438 1.0 674.2651597726438 1.0 1
145 nan 1.0 0.2 -1.0 1.0 676.9871128200058 676.9881793899065 677.2101592505024 676.4926576800747 678.7704036836849 677.1119014983948 1.0 677.1119014983948 1.0 1
146 nan 0.0625 0.2 -1.0 1.0 679.8051571493645 679.8061903889558 680.7320397234355 679.2188103464208 682.287152636299 680.0943642440178 -1.0 680.5925190482922 1.0 2
147 nan 0.25 0.2 -1.0 1.0 683.4049972159813 683.4058638040257 683.7578985318958 682.7478568358746 685.3048091693195 683.618011223349 1.0 683.618011223349 1.0 1
148 0.0 nan 0.2 -1.0 -1.0 686.3536296975644 686.3545296159182 686.6905324649674 685.7578170867516 689.2368873966624 686.5181481047568 1.0 686.5181481047568 1.0 1
149 nan 0.25 0.2 -1.0 1.0 690.6215091554614 690.6225423950527 690.918015587873 689.6933933599424 692.4713292691985 690.7991597045569 1.0 690.7991597045569 1.0 1
150 nan 0.125 0.2 -1.0 1.0 693.4201885750593 693.4212218146507 694.3881674206191 692.9220337707849 695.9379796539777 694.0839950170457 1.0 694.0839950170457 1.0 1
151 nan 0.25 0.2 -1.0 1.0 696.8534770856104 696.8545769858205 697.094321901326 696.3939854402386 698.6547320404916 696.9630338126042 1.0 696.9630338126042 1.0 1
152 nan 1.0 0.2 -1.0 1.0 699.603560914105 699.6045941536963 700.5492751129863 699.110039022837 702.1047862294319 699.7712790309996 1.0 700.4157538935348 1.0 2
153 nan 1.0 0.2 -1.0 1.0 703.303625221084 703.3045918000565 703.9200359631052 702.5749913273169 705.4701465881141 703.5091399088369 1.0 703.7418854593686 1.0 2
154 nan 0.125 0.2 -1.0 1.0 706.5713954151605 706.572262003205 707.1635750222489 705.933653275124 708.721716991194 706.7052832680155 1.0 707.0856820891839 1.0 2
155 0.25 nan 0.2 -1.0 -1.0 709.6869460862129 709.6879459954948 710.1772682677786 709.1839250567663 712.7217765252141 710.0125165484203 1.0 710.0125165484203 1.0 1
156 nan 1.0 0.2 -1.0 1.0 714.0534832599302 714.0542831873557 714.279796060748 713.3223829232676 715.8203367661598 714.1724391341745 1.0 714.1724391341745 1.0 1
157 nan 0.0625 0.2 -1.0 1.0 716.7548381760837 716.7559714066033 717.2243622445845 716.3017459501165 718.7712762665436 716.973418345121 1.0 716.973418345121 1.0 1
158 nan 0.0625 0.2 -1.0 1.0 719.7368676276844 719.7379675278946 720.6279201191519 719.2373796110342 722.1714311068017 719.9675800293429 1.0 720.548027367523 1.0 3
159 0.25 nan 0.2 1.0 1.0 723.2533819208043 723.2543151694675 723.7023745187155 722.6344380752687 725.2533854945754 723.4454311635602 -1.0 723.4454311635602 -1.0 1
160 nan 0.125 0.2 -1.0 1.0 726.3210369372506 726.3219701859138 726.6021114364106 725.718891567652 728.1549518309581 726.4956877585003 1.0 726.4956877585003 1.0 1
161 0.25 nan 0.2 1.0 1.0 730.7200711626317 730.7210044112949 731.0967036588381 728.6264611080558 732.638114256093 730.9364182009393 -1.0 730.9364182009393 -1.0 1
162 nan 0.0625 0.2 1.0 -1.0 734.4869294096459 734.4879959795467 734.8329980121335 733.1255195919427 737.3868837158152 734.6287832064471 -1.0 734.6287832064471 -1.0 1
163 nan 0.25 0.2 -1.0 1.0 738.4712679254873 738.4723344953879 738.7490093937074 737.8630897698874 740.3200479416556 738.6466186832342 1.0 738.6466186832342 1.0 1
164 nan 0.0625 0.2 -1.0 1.0 742.9213308545579 742.9223640941492 743.3690902310213 740.7976568609043 744.9383313197685 743.0639512484753 1.0 743.0639512484753 1.0 1
165 nan 0.125 0.2 -1.0 1.0 747.3366969315445 747.3376968408264 747.6330700427185 745.41763770729 749.2034106652608 747.497382353156 1.0 747.497382353156 1.0 1
166 nan 0.0625 0.2 -1.0 1.0 750.3710882992107 750.3720215478738 751.2356431947061 749.6806176097052 752.8032551173213 750.856110961582 1.0 751.1052883546473 1.0 2
167 nan 0.0625 0.2 -1.0 1.0 753.8544056041693 753.8554388437607 754.2110732450459 753.2817575583887 755.7700124175419 754.0052252541989 1.0 754.0052252541989 1.0 1
168 nan 1.0 0.2 -1.0 1.0 757.1881364805462 757.1890697292093 757.4458464328177 756.2498216103513 759.0041580406049 757.3229575820643 1.0 757.3229575820643 1.0 1
169 0.0 nan 0.2 -1.0 -1.0 760.1366023105824 760.137735541102 760.6603881227844 759.4789619758347 763.2199237113675 760.3037871425267 1.0 760.6379568245591 1.0 2
170 nan 1.0 0.2 -1.0 1.0 764.4046150897168 764.4054150171424 764.6423601866585 763.8528318176197 766.2047969430471 764.5219377788006 1.0 764.5219377788006 1.0 1
171 nan 0.0625 0.2 -1.0 1.0 767.2532566431037 767.2540899008386 769.6973349010078 766.6779088422617 771.254678412165 767.2949528601615 -1.0 769.5121517019882 1.0 3
172 nan 0.25 0.2 -1.0 1.0 772.5866727621706 772.5877393320714 772.8473157816692 771.7336834840366 774.4045268750715 772.7100615675649 1.0 772.7100615675649 1.0 1
173 nan 0.125 0.2 -1.0 1.0 775.4531793613951 775.4544125828429 780.1224224050723 774.8811312611836 781.687961741012 779.8964762376578 1.0 779.8964762376578 1.0 1
174 nan 0.0625 0.2 -1.0 1.0 782.869839808815 782.8707730574781 787.7461640647867 782.1809689741606 789.3042739028458 787.639873708114 1.0 787.639873708114 1.0 1
175 nan 0.0625 0.2 -1.0 1.0 790.2866002471629 790.2874668352073 790.6026049105728 789.7872788820596 792.1531154452119 790.432287029545 1.0 790.432287029545 1.0 1
176 nan 1.0 0.2 -1.0 1.0 794.7042994458074 794.7051327035423 794.9340785988027 792.6353204898771 796.4863889328074 794.8235552928362 1.0 794.8235552928362 1.0 1
177 nan 0.0 0.2 -1.0 1.0 797.437251495271 797.4381514136247 797.6788295777934 796.9663942143942 799.237835722949 797.5349426321188 1.0 797.5349426321188 1.0 1
178 nan 0.0625 0.2 -1.0 1.0 800.3696854464863 800.3708186770059 800.7002887854129 799.7318433155216 802.2530967052628 800.5334039262532 1.0 800.5334039262532 1.0 1
179 0.0625 nan 0.2 -1.0 -1.0 805.870986333995 805.8718862523488 806.1431616405455 802.7409036480448 808.7031120098209 805.9778099756181 1.0 805.9778099756181 1.0 1
180 nan 0.0625 0.2 -1.0 1.0 809.7874976702097 809.7884975794917 810.057639827887 809.1886186709322 811.621350096759 809.9507161953356 1.0 809.9507161953356 1.0 1
181 0.125 nan 0.2 1.0 1.0 812.7197983001874 812.7208315397788 813.4001032453262 812.0965548447394 814.9531102854315 812.8760841209585 1.0 812.8760841209585 1.0 1
182 nan 0.0625 0.2 1.0 -1.0 816.1541200503299 816.1551866202307 821.9325291301801 815.4471175273627 824.4862797784482 816.8518234169749 -1.0 821.9074314072029 -1.0 2
183 nan 0.0 0.2 -1.0 1.0 826.4043234209788 826.4052233393326 826.6531008503315 824.9651873217576 828.2208413423298 826.5398777893038 1.0 826.5398777893038 1.0 1
184 0.125 nan 0.2 -1.0 -1.0 830.4696879189686 830.470554507013 830.7685608033477 828.7138472198401 833.319813567993 830.615807995373 1.0 830.615807995373 1.0 1
185 0.0 nan 0.2 -1.0 -1.0 834.3873991463217 834.3885657071507 834.6989042179629 833.8079183871143 837.2542871264379 834.5566837877583 1.0 834.5566837877583 1.0 1
186 nan 0.25 0.2 -1.0 1.0 838.2697469154028 838.2705801731378 838.5227239637396 837.733695549342 840.0864326936255 838.4213331625485 1.0 838.4213331625485 1.0 1
187 nan 0.0 0.2 1.0 -1.0 841.2041140245633 841.2049139519888 841.6019112672379 840.5709381369144 844.1528970657289 841.4189945292572 -1.0 841.4189945292572 -1.0 1
188 nan 1.0 0.2 -1.0 1.0 845.170687485495 845.1715874038488 845.3865345691617 844.6365026167606 846.9375442377914 845.2931763725356 1.0 845.2931763725356 1.0 1
189 nan 0.125 0.2 -1.0 1.0 848.3362336206455 848.3372668602369 849.7364065881795 847.404551482021 851.287316459635 848.6584377216037 1.0 849.3121450798423 -1.0 3
190 nan 1.0 0.2 -1.0 1.0 852.3028070815774 852.3036070090029 852.5224538205154 851.7681222582019 854.0704616865908 852.4265958506844 1.0 852.4265958506844 1.0 1
191 0.0625 nan 0.2 -1.0 -1.0 855.1362833441876 855.1372499231602 855.4162579431376 854.560968873655 857.9709409504355 855.2680713875505 1.0 855.2680713875505 1.0 1
192 nan 0.0625 0.2 -1.0 1.0 859.3529007862292 859.3539340258205 859.8128590559326 858.4641480861103 861.3694002586259 859.5058535760603 1.0 859.5058535760603 1.0 1
193 nan 1.0 0.8 -1.0 1.0 863.5038575187551 863.5049240886558 863.7328367443248 861.8609065775603 865.2863762338294 863.6338790557198 1.0 863.6338790557198 1.0 1
194 0.0625 nan 0.8 -1.0 -1.0 866.4208262064094 866.4219261066196 866.6859354873674 865.7832840482292 869.237523027187 866.5638465640396 1.0 866.5638465640396 1.0 1
195 1.0 nan 0.8 1.0 1.0 870.6195119419943 870.6206118422045 870.9277506433144 869.7268262653664 872.487088148615 870.7842636613526 -1.0 870.7842636613526 -1.0 1
196 0.0 nan 0.8 1.0 1.0 873.4363230499054 873.4372896288779 873.7738257628776 872.9778979744343 875.3362352998449 873.6103739255858 -1.0 873.6103739255858 -1.0 1
197 0.0 nan 0.8 1.0 1.0 876.28729772495 876.288297634232 876.6983604307653 875.8254396276109 878.2539983289187 876.5236429488968 -1.0 876.5236429488968 -1.0 1
198 nan 0.125 0.8 1.0 -1.0 879.4860741785711 879.4869407666155 880.3156322491977 878.7493076893107 882.8694833883167 879.683722913306 -1.0 880.2790022391684 -1.0 2
199 nan 0.0625 0.8 1.0 -1.0 883.970500656632 883.9716338871516 884.3319678620619 883.3619891979382 886.8862507614984 884.1107212682728 -1.0 884.1107212682728 -1.0 1
200 0.25 nan 0.8 1.0 1.0 887.8538150046855 887.8550482261334 888.3139732562453 887.3895571250697 889.870485831206 888.0368983942132 -1.0 888.0368983942132 -1.0 1
201 nan 0.25 0.8 -1.0 1.0 890.8362110896898 890.8373109898998 891.0709897890948 890.3454889444113 892.6207332257047 890.9694323363567 1.0 890.9694323363567 1.0 1
202 0.125 nan 0.8 1.0 1.0 894.8192830537739 894.8203162933653 895.3021725763437 893.0991391160115 896.8528126117794 894.9953337480183 -1.0 894.9953337480183 -1.0 1
203 0.0 nan 0.8 1.0 1.0 898.0041940986852 898.0049940261107 898.3456297881663 897.3412209144337 899.9042699930126 898.1796448473604 -1.0 898.1796448473604 -1.0 1
204 nan 1.0 0.8 -1.0 1.0 901.0361856840747 901.0373189145943 901.3117940124934 900.39667703764 902.870704259003 901.1767729291188 1.0 901.1767729291188 1.0 1
205 0.25 nan 0.8 1.0 1.0 906.0524639092121 906.0533304972564 906.551751944006 903.3693073419903 908.1036924347611 906.2221818446708 -1.0 906.4722924863993 -1.0 2
206 nan 0.125 0.8 -1.0 1.0 909.1693811229497 909.1703477019223 909.4332238521506 908.5926001188036 910.986933786415 909.326700183312 1.0 909.326700183312 1.0 1
207 nan 0.0625 0.8 1.0 -1.0 911.9358634636685 911.9369966941881 912.2330031719588 911.4785382884077 914.7858165139933 912.0446869238556 -1.0 912.0446869238556 -1.0 1
208 1.0 nan 0.8 1.0 1.0 916.5873414524361 916.5883413617181 916.8664494633416 915.2859261916508 918.4192598452483 916.7411608303115 -1.0 916.7411608303115 -1.0 1
209 0.125 nan 0.8 1.0 1.0 920.4038951907639 920.4050284212835 920.6088099329477 918.9240627837669 922.1539196025044 920.4587902103438 -1.0 920.4587902103438 -1.0 1
210 0.125 nan 0.8 1.0 1.0 923.2193730862989 923.2203729955809 923.3569606034971 922.6381258206933 924.9036680652678 923.187875943917 -1.0 923.187875943917 -1.0 1
211 0.25 nan 0.8 1.0 1.0 926.7193222156476 926.7203554552389 926.9870312607387 925.4125741053584 928.5358355030094 926.8647423555545 -1.0 926.8647423555545 -1.0 1
212 nan 0.125 0.8 1.0 -1.0 929.6036938607099 929.6046937699919 929.9236981612477 929.0589432838959 932.4706140369733 929.7189834009203 -1.0 929.7189834009203 -1.0 1
213 0.25 nan 0.8 1.0 1.0 933.5027401147996 933.5037066937722 933.7908139789334 932.967122042761 935.335956637628 933.6451271965512 -1.0 933.6451271965512 -1.0 1
214 nan 0.25 0.2 1.0 -1.0 936.4369739027226 936.4380404726234 940.6423923608061 935.8267625982494 943.1869770772482 940.4501098058844 -1.0 940.4501098058844 -1.0 1
215 nan 0.125 0.2 -1.0 1.0 944.1858042136107 944.1867041319645 945.2467412920838 943.687782730574 946.8038469029444 944.404051079554 -1.0 945.0916553624512 -1.0 3
216 nan 0.0625 0.2 -1.0 1.0 948.0523200857273 948.0534199859375 948.3645917544846 947.301854839304 949.920396862336 948.1817083468135 1.0 948.1817083468135 1.0 1
217 nan 0.0625 0.2 -1.0 1.0 950.9022948514901 950.9033947517003 951.4113153366285 950.4349039227908 952.9691540465437 951.3115243902885 1.0 951.3115243902885 1.0 1
218 nan 0.0 0.2 -1.0 1.0 954.1704983395889 954.1713982579427 954.5804944755034 953.473061615419 956.1534002245215 954.3021863920235 1.0 954.3021863920235 1.0 1
219 0.0 nan 0.2 -1.0 -1.0 957.1857247793508 957.1867246886328 957.3994053929065 956.6550062627938 959.9699839374166 957.2999477496605 1.0 957.2999477496605 1.0 1
220 0.125 nan 0.2 1.0 1.0 961.1525315524484 961.1533981404928 961.8945975609032 960.47109337679 963.4536385340247 961.7768415777972 -1.0 961.7768415777972 -1.0 1
221 nan 0.125 0.2 -1.0 1.0 964.5356246170448 964.5364245444704 964.8457631460006 963.9566438124784 966.420198428095 964.7223410102969 1.0 964.7223410102969 1.0 1
222 0.0625 nan 0.2 1.0 1.0 967.4524599834616 967.4534265624342 969.4408462512655 966.9306073292047 971.002253884901 969.3101581081128 -1.0 969.3101581081128 -1.0 1
223 nan 1.0 0.2 -1.0 1.0 972.8033078543441 972.8044410848637 973.1292116196455 971.5206575577503 974.6871160598052 972.9632933394583 1.0 972.9632933394583 1.0 1
224 nan 0.125 0.2 -1.0 1.0 975.7524736208776 975.7534401998502 977.7192618481911 975.1942242687572 979.287299849502 976.0598457341533 1.0 977.5340119885526 1.0 3
225 nan 0.0625 0.2 -1.0 1.0 980.4353820914083 980.4364486613091 980.70472432166 979.7939069567191 982.2688619481798 980.5558378295756 1.0 980.5558378295756 1.0 1
226 0.0 nan 0.2 -1.0 -1.0 983.387147622075 983.3881142010475 983.8797695949892 982.7753697930601 986.4366202587642 983.6017948146032 1.0 983.6017948146032 1.0 1
227 1.0 nan 0.2 1.0 1.0 987.4856757779165 987.4867756781267 987.7923479546948 986.9448248473024 989.353482981714 987.6434281323011 -1.0 987.6434281323011 -1.0 1
228 0.0625 nan 0.2 -1.0 -1.0 990.518833924135 990.5198005031076 990.8741350223262 989.8679929725048 993.4368504087163 990.6795193457467 1.0 990.6795193457467 1.0 1
229 nan 0.25 0.2 -1.0 1.0 994.468875551605 994.4698088002682 994.8913705535441 993.9460563183756 996.4523075674537 994.6240948024753 -1.0 994.6240948024753 -1.0 1
230 1.0 nan 0.2 1.0 1.0 997.6034911596334 997.604457738606 997.9610253885544 996.9660156620721 999.5198356427113 997.7573771981278 -1.0 997.7573771981278 -1.0 1
231 nan 0.25 0.2 -1.0 1.0 1001.6189601844533 1001.6197934421882 1001.9149000016051 1000.0345372665628 1003.4691056942103 1001.7872449166078 1.0 1001.7872449166078 1.0 1
232 1.0 nan 0.2 1.0 1.0 1004.4698348685698 1004.4708681081612 1004.7828398041339 1003.9806125872143 1006.35217368181 1004.6326867602924 -1.0 1004.6326867602924 -1.0 1
233 nan 0.25 0.2 -1.0 1.0 1007.5534551032181 1007.5544883428095 1007.8814920083211 1006.8648842413484 1009.4367280177805 1007.778934646301 1.0 1007.778934646301 1.0 1
234 1.0 nan 0.2 1.0 1.0 1010.6354421527059 1010.6364753922973 1010.9282489207742 1009.9697358830837 1012.4856706053255 1010.7699966117488 -1.0 1010.7699966117488 -1.0 1
235 nan 0.0 0.2 1.0 -1.0 1013.7699577698061 1013.7708243578504 1014.3728364062115 1013.1927768019472 1016.9368493303983 1013.9806386555159 -1.0 1014.2830778830005 -1.0 3
236 nan 0.25 0.2 -1.0 1.0 1018.0187722907268 1018.0198388606276 1018.6051524239798 1017.4533569220857 1020.1688938040769 1018.2485847740315 -1.0 1018.2485847740315 -1.0 1
237 nan 0.0625 0.2 1.0 -1.0 1021.2032167113065 1021.204183290279 1021.4631597943077 1020.681397387359 1024.020172127507 1021.2325807138868 -1.0 1021.2325807138868 -1.0 1
238 nan 0.0625 0.2 -1.0 1.0 1026.3186859372147 1026.3198524980437 1026.6551220802862 1024.5341811720032 1028.2200277596883 1026.547631832475 1.0 1026.547631832475 1.0 1
239 nan 0.0625 0.2 -1.0 1.0 1030.2188654218241 1030.2198320007967 1030.636160895497 1028.7485321530057 1032.2020965502209 1030.4600102103243 1.0 1030.4600102103243 1.0 1
240 nan 0.0625 0.2 -1.0 1.0 1034.0867145063166 1034.0875477640516 1034.364722617012 1032.7316041170898 1035.918860334656 1034.2554325324934 1.0 1034.2554325324934 1.0 1
241 nan 0.25 0.2 -1.0 1.0 1037.2532938810584 1037.2541937994122 1037.488005919845 1036.4335682517046 1039.0533099470433 1037.3917479863012 1.0 1037.3917479863012 1.0 1
242 nan 0.25 0.2 -1.0 1.0 1040.2020930141887 1040.2031929143989 1040.9169614901741 1039.570516981391 1042.4687666502582 1040.4990327406226 1.0 1040.8067714873016 1.0 2
243 nan 0.25 0.2 -1.0 1.0 1043.4531647232566 1043.454197962848 1043.7266065815643 1042.9807742481473 1045.2866110139757 1043.5838195360998 1.0 1043.5838195360998 1.0 1
244 1.0 nan 0.8 1.0 1.0 1047.052138201829 1047.0532047717297 1047.542660365251 1045.8162169990123 1049.102293428151 1047.221389512956 -1.0 1047.4300039194832 -1.0 2
245 1.0 nan 0.8 1.0 1.0 1051.9864238658454 1051.987557096365 1052.280330534124 1049.6383035687002 1053.835268591 1052.1467426540535 -1.0 1052.1467426540535 -1.0 1
246 0.25 nan 0.8 1.0 1.0 1055.6695897059592 1055.6705562849318 1055.9932936708403 1054.366774572179 1057.5531298139088 1055.8525731045586 -1.0 1055.8525731045586 -1.0 1
247 0.25 nan 0.8 1.0 1.0 1058.768641873859 1058.7695751225222 1059.0806469001411 1058.0899367835714 1060.6365823613974 1058.9330602901234 -1.0 1058.9330602901234 -1.0 1
248 1.0 nan 0.8 1.0 1.0 1061.8354969628797 1061.8365635327805 1062.1173047288466 1061.1809896772156 1063.6695391516632 1061.9875165040478 -1.0 1061.9875165040478 -1.0 1
249 1.0 nan 0.8 1.0 1.0 1064.7685641899736 1064.7695640992556 1065.5205626306292 1064.2056485945375 1067.0866979967486 1064.929649575298 -1.0 1065.451335578008 -1.0 2
250 1.0 nan 0.8 1.0 1.0 1068.751969457152 1068.7529027058151 1069.0145123042862 1067.6267048815391 1070.569648750205 1068.8802578180278 -1.0 1068.8802578180278 -1.0 1
251 1.0 nan 0.8 1.0 1.0 1072.4853307432202 1072.4862639918833 1072.7930028292806 1071.1090556075253 1074.3535061381915 1072.6264179429054 -1.0 1072.6264179429054 -1.0 1
252 0.125 nan 0.8 1.0 1.0 1075.4351631159418 1075.436263016152 1075.9647484019793 1074.8939122216148 1077.5186605621209 1075.6202463240334 -1.0 1075.8635575826445 -1.0 2
253 0.25 nan 0.8 1.0 1.0 1079.0693667315488 1079.0702666499026 1079.4003033735694 1078.2651730263747 1080.9519377860638 1079.2364515725649 -1.0 1079.2364515725649 -1.0 1
254 nan 0.0 0.8 1.0 -1.0 1081.9863354192032 1081.9872686678664 1082.3436030056487 1081.4791481010816 1084.9020852286178 1082.1504205323733 -1.0 1082.1504205323733 -1.0 1
255 1.0 nan 0.8 1.0 1.0 1086.0362013233225 1086.0372678932233 1086.315309334228 1085.4399887487968 1087.8685431855029 1086.1650562994582 -1.0 1086.1650562994582 -1.0 1
256 nan 0.25 0.8 -1.0 1.0 1089.9199489653981 1089.92094887468 1090.5571911507939 1088.407752827975 1092.1184268321983 1090.080667717319 -1.0 1090.080667717319 -1.0 1
257 0.0625 nan 0.8 1.0 1.0 1093.152788995225 1093.1536222529598 1093.6510437904276 1092.6451350527718 1095.2030810531542 1093.5022572892713 -1.0 1093.5022572892713 -1.0 1
258 0.125 nan 0.8 1.0 1.0 1097.3352095398234 1097.336276109724 1097.7843021286626 1095.7428873386052 1099.3351408821588 1097.4902288088372 -1.0 1097.7334734068295 -1.0 2
259 1.0 nan 0.8 1.0 1.0 1100.402731235032 1100.4036311533857 1100.960780605296 1099.868346384441 1102.519884049294 1100.5899142526155 -1.0 1100.8913202405088 -1.0 2
260 0.125 nan 0.8 1.0 1.0 1106.1017141875848 1106.1026141059385 1106.4106528254024 1103.056490469364 1107.96838599539 1106.2942300546722 -1.0 1106.2942300546722 -1.0 1
261 0.0625 nan 0.8 1.0 1.0 1109.102575263996 1109.1036418338967 1109.9023027077105 1108.5124954663997 1111.4529414140652 1109.770281352182 -1.0 1109.770281352182 -1.0 1
262 1.0 nan 0.8 1.0 1.0 1112.4517380736245 1112.4526379919782 1112.725079941004 1111.9806474805819 1114.286482153725 1112.6075906003732 -1.0 1112.6075906003732 -1.0 1
263 0.25 nan 0.8 1.0 1.0 1116.6182600606396 1116.619293300231 1116.9049340517786 1114.8310888706762 1118.4516688085844 1116.778845491323 -1.0 1116.778845491323 -1.0 1
264 nan 1.0 0.8 -1.0 1.0 1120.3360894225282 1120.336989340882 1120.6185971249922 1118.9883783619878 1122.1696341622496 1120.4900087913318 1.0 1120.4900087913318 1.0 1
265 nan 0.125 0.2 -1.0 1.0 1123.3352839834693 1123.3363172230606 1128.5580434753322 1122.7045412084065 1130.1193471924066 1123.4599393406208 -1.0 1128.4669850700548 1.0 6
266 nan 0.0625 0.2 -1.0 1.0 1131.234933944387 1131.2360005142878 1131.7059912071202 1130.6497537022724 1133.2530247837406 1131.4165174699917 1.0 1131.4165174699917 1.0 1
267 nan 0.25 0.2 -1.0 1.0 1134.2681920815337 1134.2689920089592 1134.516936180577 1133.7766366785204 1136.0682723328819 1134.4036797892397 1.0 1134.4036797892397 1.0 1
268 nan 0.25 0.2 -1.0 1.0 1137.202692511932 1137.2036590909045 1137.472401375587 1136.6108795382468 1139.0198066182706 1137.34028002913 1.0 1137.34028002913 1.0 1
269 nan 0.0625 0.2 -1.0 1.0 1140.134859820672 1140.1356597480976 1140.6583456600895 1139.5650115208807 1142.2185782517151 1140.2890125016413 1.0 1140.6237154686241 1.0 2
270 0.125 nan 0.2 -1.0 -1.0 1143.3362027081168 1143.3373359386364 1143.7623640440897 1142.750089217339 1146.3194435621347 1143.4982546724139 1.0 1143.4982546724139 1.0 1
271 nan 1.0 0.2 -1.0 1.0 1147.56825208341 1147.5693519836202 1147.7893653559615 1146.8617495150838 1149.3349826133951 1147.68910778529 1.0 1147.68910778529 1.0 1
272 nan 1.0 0.2 -1.0 1.0 1150.569279811368 1150.5704130418876 1150.810724572653 1150.0885900892185 1152.3682279233224 1150.7032343248418 1.0 1150.7032343248418 1.0 1
273 nan 0.125 0.2 -1.0 1.0 1154.2357138361638 1154.2366804151363 1154.4711591417567 1152.906934391362 1156.0180941107358 1154.3555696287617 1.0 1154.3555696287617 1.0 1
274 nan 1.0 0.2 -1.0 1.0 1157.0856886019264 1157.0866885112084 1157.307535141285 1156.567302299847 1158.851638253974 1157.2029446303914 1.0 1157.2029446303914 1.0 1
275 nan 0.0625 0.2 -1.0 1.0 1165.1357915794704 1165.1367248281335 1165.4748608169843 1159.39674559502 1167.035691517756 1165.2948771462309 1.0 1165.2948771462309 1.0 1
276 nan 1.0 0.2 -1.0 1.0 1168.368131654656 1168.3690649033192 1168.5990107078615 1167.6011012444617 1170.1515452951023 1168.4943868666587 1.0 1168.4943868666587 1.0 1
277 nan 0.0625 0.2 -1.0 1.0 1171.1861426537052 1171.187042572059 1171.4513519255916 1170.7101525051812 1173.0029879424994 1171.3235301890472 1.0 1171.3235301890472 1.0 1
278 nan 0.0625 0.2 -1.0 1.0 1175.10155408971 1175.1023873474448 1175.4792198255077 1173.558894049496 1177.034753560932 1175.2996361184669 1.0 1175.2996361184669 1.0 1
279 nan 1.0 0.2 -1.0 1.0 1178.1193136329862 1178.120713505981 1178.3678910804824 1177.5984608880112 1179.9179931357255 1178.2411692441483 1.0 1178.2411692441483 1.0 1
280 nan 0.0 0.2 -1.0 1.0 1180.9692550684397 1180.970388298959 1186.683736614863 1180.477599674498 1188.2529336513562 1182.3644284895638 -1.0 1186.478888533298 1.0 3
281 nan 1.0 0.2 -1.0 1.0 1190.201350808193 1190.2024173780937 1190.451994734872 1188.8341415166544 1192.0180236166577 1190.3282059657647 1.0 1190.3282059657647 1.0 1
282 nan 0.0625 0.2 -1.0 1.0 1193.2355421940028 1193.2364087820472 1193.6802351820015 1192.5821348085487 1195.2512700497855 1193.465321346998 1.0 1193.465321346998 1.0 1
283 nan 0.125 0.2 -1.0 1.0 1196.9192746493763 1196.920407879896 1197.1661855814027 1195.814774856519 1198.7346203894967 1197.0513293352144 1.0 1197.0513293352144 1.0 1
284 nan 0.125 0.2 -1.0 1.0 1199.985696444375 1199.9867296839664 1200.2701373047842 1199.2858266076191 1201.8346704211085 1200.1314832176852 1.0 1200.1314832176852 1.0 1
285 nan 0.25 0.2 -1.0 1.0 1202.9192302958004 1202.9200968838447 1203.4494155274072 1202.3972776506153 1205.0192440566184 1203.1621415906989 -1.0 1203.3226603607634 1.0 2
286 nan 0.25 0.2 -1.0 1.0 1206.217831026071 1206.2187642747342 1206.8555731661074 1205.5776557734482 1208.4192068182742 1206.4165130003971 1.0 1206.6914213923185 1.0 2
287 nan 0.25 0.2 -1.0 1.0 1209.5513619205915 1209.5524284904923 1209.8768990524895 1208.9824135391539 1211.435937228106 1209.6904159714031 1.0 1209.6904159714031 1.0 1
288 nan 0.125 0.2 -1.0 1.0 1212.6511806856074 1212.6520806039612 1212.8897590402842 1211.985441085676 1214.4512907859655 1212.7693366324263 1.0 1212.7693366324263 1.0 1
289 nan 0.25 0.2 -1.0 1.0 1215.4856901878093 1215.48675675771 1215.7729974548267 1215.0137996673411 1217.3357331071554 1215.6242109536706 1.0 1215.6242109536706 1.0 1
290 0.125 nan 0.2 -1.0 -1.0 1218.6177726923233 1218.6187726016053 1218.877082499446 1217.891038626192 1221.4346220859763 1218.708264482341 1.0 1218.708264482341 1.0 1
291 nan 0.125 0.2 -1.0 1.0 1223.1024991431689 1223.103432391832 1223.3161464264151 1221.9847338871707 1224.8846794414712 1223.1702596621765 1.0 1223.1702596621765 1.0 1
292 nan 1.0 0.2 -1.0 1.0 1226.052231524962 1226.0530981130064 1226.296176059452 1225.4521859648555 1227.8524204147498 1226.1779867823238 1.0 1226.1779867823238 1.0 1
293 nan 0.0625 0.2 -1.0 1.0 1230.8847264240746 1230.8857929939754 1231.176366631314 1228.637030349148 1232.7344000838748 1231.037212589574 1.0 1231.037212589574 1.0 1
294 nan 1.0 0.2 -1.0 1.0 1233.8858874732703 1233.886787391624 1234.152229975676 1233.2987074125917 1235.7191589631743 1234.0171089013734 1.0 1234.0171089013734 1.0 1
295 nan 1.0 0.2 -1.0 1.0 1236.8511851095527 1236.8521183582159 1237.084963899676 1236.2852697862706 1238.6527989908202 1236.9621750398508 1.0 1236.9621750398508 1.0 1
296 1.0 nan 0.2 1.0 1.0 1240.4677903217973 1240.468790231079 1240.9557460513956 1239.220203510691 1242.5179766587082 1240.6724050911964 -1.0 1240.6724050911964 -1.0 1
297 nan 0.0625 0.2 -1.0 1.0 1243.5856074538888 1243.5864740419331 1244.1240919325355 1243.0788867600988 1245.6843260578737 1243.7344606156637 1.0 1244.0625641813854 1.0 2
298 nan 1.0 0.2 -1.0 1.0 1246.869142884311 1246.8704760966868 1247.1181536258293 1246.2522321876486 1248.6843837345782 1246.9961980237392 1.0 1246.9961980237392 1.0 1
299 0.0625 nan 0.8 1.0 1.0 1249.852105584575 1249.8531388241663 1250.1867085606293 1249.2504934999267 1251.752413363373 1250.021023592608 -1.0 1250.021023592608 -1.0 1
300 0.25 nan 0.8 1.0 1.0 1252.984354740636 1252.9854879711556 1254.670868396215 1252.3182151769918 1256.235898358594 1253.1579723222944 -1.0 1254.518415561025 -1.0 4
301 1.0 nan 0.8 1.0 1.0 1257.5680055497771 1257.568838807512 1258.0756261619208 1256.8046081433072 1259.6357582397782 1257.7208916789893 -1.0 1258.0339966054817 -1.0 3
302 0.25 nan 0.8 1.0 1.0 1260.8176773858502 1260.8188439466792 1261.2975005199553 1260.2086659725153 1262.8511028492433 1260.96016445853 -1.0 1261.2713028967678 -1.0 2
303 1.0 nan 0.8 1.0 1.0 1263.9855233123492 1263.9868565247252 1264.2631314593318 1263.41610830658 1265.8177624536074 1264.126677172653 -1.0 1264.126677172653 -1.0 1
304 0.0625 nan 0.8 1.0 1.0 1267.0856753804594 1267.0868419412882 1267.4522754535367 1266.380672676056 1269.0177097648764 1267.2782912384748 -1.0 1267.2782912384748 -1.0 1
305 0.125 nan 0.8 1.0 1.0 1270.3020835677523 1270.3035167710566 1270.697047734128 1269.5944144385971 1272.2521779256278 1270.4812339807709 -1.0 1270.4812339807709 -1.0 1
306 nan 0.0625 0.8 -1.0 1.0 1273.7844342937385 1273.7855341939487 1274.4196099999513 1272.8253879710976 1275.9855413780424 1273.9434865301896 -1.0 1274.408810979706 1.0 2
307 0.25 nan 0.8 1.0 1.0 1277.0511045876049 1277.052204487815 1277.6069541574486 1276.5656486312114 1279.1676873731244 1277.2557193570042 -1.0 1277.5573586570633 -1.0 2
308 0.0 nan 0.8 1.0 1.0 1280.7024399822428 1280.703539882453 1281.161531663902 1279.744893523525 1282.7175607655945 1280.8881897965223 -1.0 1280.8881897965223 -1.0 1
309 nan 0.125 0.8 -1.0 1.0 1283.8021587563308 1283.8032253262315 1284.2405856461626 1283.2949714382094 1285.8023169220505 1284.0811334459988 1.0 1284.0811334459988 1.0 1
310 0.25 nan 0.8 1.0 1.0 1287.0009018796425 1287.001868458615 1287.3043410164091 1286.3794249305927 1288.8676425096705 1287.1515882084345 -1.0 1287.1515882084345 -1.0 1
311 1.0 nan 0.8 1.0 1.0 1289.9519341435025 1289.952900722475 1290.2177766912673 1289.4598454555387 1291.7675036369808 1290.094387885873 -1.0 1290.094387885873 -1.0 1
312 0.0625 nan 0.8 -1.0 -1.0 1293.1018816938542 1293.102948263755 1293.765554814603 1292.345716964524 1296.3186657849644 1293.3052965721151 -1.0 1293.5808049096056 1.0 2
313 nan 1.0 0.8 -1.0 1.0 1297.6174053505842 1297.6185719114133 1297.838018668495 1296.8980706131395 1299.4008217510388 1297.7343614062645 1.0 1297.7343614062645 1.0 1
314 1.0 nan 0.8 1.0 1.0 1300.751954297994 1300.7529208769665 1301.1003560221395 1300.2205358449396 1302.6509875994436 1300.913672959197 -1.0 1300.913672959197 -1.0 1
315 0.125 nan 0.8 1.0 1.0 1303.968529136834 1303.9695957067347 1304.3882243927835 1303.227196395186 1305.9519533770217 1304.1387470269335 -1.0 1304.1387470269335 -1.0 1
316 0.0625 nan 0.8 1.0 1.0 1307.2342661820373 1307.2355993944132 1307.7281547067087 1306.5352629333258 1309.2842903860474 1307.4149831195975 -1.0 1307.4149831195975 -1.0 1
317 0.0 nan 0.8 1.0 1.0 1322.235505175628 1322.236671736457 1322.5646086506317 1309.8690938006307 1324.1174351866778 1322.4241213965158 -1.0 1322.4241213965158 -1.0 1
318 0.25 nan 0.8 1.0 1.0 1328.568430612946 1328.5692972009904 1328.800842860384 1324.7490437983192 1330.3520401161732 1328.6891529935886 -1.0 1328.6891529935886 -1.0 1
319 nan 1.0 0.8 -1.0 1.0 1335.950927493232 1335.9519940631328 1336.1914390058537 1330.9564472904415 1337.752067271612 1336.080382414937 1.0 1336.080382414937 1.0 1
320 0.125 nan 0.8 1.0 1.0 1340.5673753268215 1340.5683419057941 1340.8446168404007 1338.3586757138917 1342.4007466463377 1340.704229577213 -1.0 1340.704229577213 -1.0 1
321 nan 0.25 0.8 -1.0 1.0 1344.0849561898422 1344.0859894294335 1344.3440993454178 1342.9977548275629 1345.901624631982 1344.2290097870637 1.0 1344.2290097870637 1.0 1
322 0.0625 nan 0.8 1.0 1.0 1347.084050759855 1347.0850173388276 1347.5596409446664 1346.4936376591647 1349.1187740892235 1347.2885322080167 -1.0 1347.2885322080167 -1.0 1
323 1.0 nan 0.8 1.0 1.0 1350.3506877234122 1350.3516876326942 1350.6325954803071 1349.7132788864697 1352.1842255877839 1350.4862087614276 -1.0 1350.4862087614276 -1.0 1
324 nan 0.0625 0.8 -1.0 1.0 1354.1684080225689 1354.169341271232 1354.5397743298902 1352.7673351366811 1356.1021023587264 1354.371589588664 1.0 1354.371589588664 1.0 1
325 1.0 nan 0.8 1.0 1.0 1357.1675359228911 1357.1683691806263 1357.4176132343105 1356.6859129520788 1358.968447331407 1357.296390899027 -1.0 1357.296390899027 -1.0 1
326 0.0625 nan 0.8 1.0 1.0 1360.0007788733358 1360.001712121999 1360.3807777307914 1359.5454535166389 1361.935479742664 1360.152398450791 -1.0 1360.152398450791 -1.0 1
327 0.125 nan 0.8 1.0 1.0 1363.0340370104825 1363.0350369197645 1363.835330978739 1362.5173838844917 1365.3837578817538 1363.188356342999 1.0 1363.188356342999 1.0 1
328 0.25 nan 0.8 1.0 1.0 1366.6177785376597 1366.6187117863228 1366.99917726811 1365.972070453677 1368.5517086224445 1366.8010285787343 -1.0 1366.8010285787343 -1.0 1
329 1.0 nan 0.8 1.0 1.0 1369.6672685354836 1369.6683684356938 1369.9435101397808 1369.1521152734158 1371.5006422348615 1369.8220544923315 -1.0 1369.8220544923315 -1.0 1
330 nan 0.25 0.8 -1.0 1.0 1373.0684266277742 1373.0693932067468 1373.287973375784 1372.1021476279939 1374.835003887936 1373.174983626922 1.0 1373.174983626922 1.0 1
331 0.125 nan 0.8 1.0 1.0 1376.067087903765 1376.0681211433564 1376.3652275213371 1375.4270126420706 1377.9171561360267 1376.1982426712493 -1.0 1376.1982426712493 -1.0 1
332 0.0 nan 0.8 1.0 1.0 1379.2515323243447 1379.252398912389 1385.1027681302312 1378.5216652091299 1386.667196810016 1379.3946860032124 -1.0 1385.0091766214393 -1.0 6
333 0.125 nan 0.8 -1.0 -1.0 1388.3182097385518 1388.3190763265961 1388.6017506806074 1387.274104466325 1391.1520872846918 1388.4635298875305 1.0 1388.4635298875305 1.0 1
334 0.25 nan 0.8 1.0 1.0 1392.4837984769038 1392.4847650558763 1392.854998132678 1391.745398802483 1394.4173305950612 1392.667448481691 -1.0 1392.667448481691 -1.0 1
335 0.25 nan 0.8 1.0 1.0 1395.9183202089025 1395.9194201091127 1396.3279830417232 1395.0173352852344 1397.9013847533704 1396.1221683811855 -1.0 1396.1221683811855 -1.0 1
336 1.0 nan 0.8 1.0 1.0 1399.4169361258753 1399.4177693836102 1399.7171422226302 1398.7491967073797 1401.2849637570985 1399.5618563111411 -1.0 1399.5618563111411 -1.0 1
337 1.0 nan 0.8 1.0 1.0 1402.6003473068636 1402.6014472070738 1402.8739891470277 1401.8891784952214 1404.435020052191 1402.756766448872 -1.0 1402.756766448872 -1.0 1
338 0.25 nan 0.8 1.0 1.0 1405.783925139399 1405.7848250577526 1406.1192280519506 1405.03542638123 1407.684059575333 1405.9878066419913 -1.0 1405.9878066419913 -1.0 1
339 0.25 nan 0.8 1.0 1.0 1408.8349150011456 1408.83578158919 1409.307305476255 1408.2993635897258 1410.8672287531858 1408.989734288303 -1.0 1409.2799412922384 -1.0 2
340 nan 0.0 0.8 1.0 -1.0 1413.5182567656984 1413.519123353743 1413.8381277449987 1411.470142583452 1416.4017022708606 1413.6938741659208 -1.0 1413.6938741659208 -1.0 1
341 1.0 nan 0.8 1.0 1.0 1417.6671136887323 1417.6681469283237 1418.0570449783888 1417.0027073011768 1419.618367637208 1417.8222662789838 -1.0 1418.0422129907063 -1.0 2
342 0.0 nan 0.8 1.0 1.0 1421.4503704479707 1421.4511370450869 1421.8109044047374 1420.2357806431692 1423.3836312120102 1421.6323872675976 -1.0 1421.6323872675976 -1.0 1
343 1.0 nan 0.8 1.0 1.0 1424.4681633215564 1424.4691632308384 1425.1440686658545 1424.0038387813217 1426.7180947532213 1424.5951184700564 1.0 1425.136769328096 -1.0 2
344 0.0625 nan 0.8 1.0 1.0 1427.8667883103326 1427.867821549924 1428.2675186202343 1427.3278038770447 1429.8338450608057 1428.0562377889555 -1.0 1428.0562377889555 -1.0 1
345 0.125 nan 0.8 1.0 1.0 1431.568219159997 1431.5691857389695 1431.9682828637108 1430.4523537316347 1433.5347090248167 1431.7897657265707 -1.0 1431.7897657265707 -1.0 1
346 0.125 nan 0.8 -1.0 -1.0 1435.5334927388622 1435.5345259784535 1436.555866649361 1434.144418764358 1439.1170050450976 1436.4213121903178 1.0 1436.4213121903178 1.0 1
347 0.125 nan 0.8 1.0 1.0 1443.5179683371998 1443.5188682555536 1443.9760934398864 1439.7260123672083 1445.534919051794 1443.8319398517365 -1.0 1443.8319398517365 -1.0 1
348 0.25 nan 0.8 1.0 1.0 1446.7503750730043 1446.7512083307395 1447.0639466238283 1446.1639282791325 1448.6347737546755 1446.9320919198467 -1.0 1446.9320919198467 -1.0 1
349 1.0 nan 0.8 1.0 1.0 1449.8168301983123 1449.8178967682131 1450.3545814101524 1449.2411824246858 1451.916914535389 1450.014545593666 -1.0 1450.3096521530829 -1.0 2
350 0.125 nan 0.8 1.0 1.0 1453.4345019804575 1453.4355685503583 1453.9163582634358 1452.51961831777 1455.4836823826138 1453.609719416967 -1.0 1453.8882941429222 -1.0 2
351 nan 1.0 0.8 -1.0 1.0 1456.634811628311 1456.635911528521 1456.860991107891 1456.0927941368677 1458.4169219075354 1456.7744322943824 1.0 1456.7744322943824 1.0 1
352 0.125 nan 0.8 1.0 1.0 1459.551080379468 1459.5523136009156 1459.8828502792235 1459.0393268089588 1461.450176624614 1459.741563097682 -1.0 1459.741563097682 -1.0 1
353 0.125 nan 0.8 1.0 1.0 1462.5680733256281 1462.568906583363 1463.3055064210764 1462.0542866062456 1464.866934015255 1462.7167265055466 -1.0 1463.2694430263068 -1.0 3
354 0.25 nan 0.8 1.0 1.0 1466.1015860765413 1466.1025859858232 1466.551045298784 1465.4738430293244 1468.1166768489747 1466.269970799624 -1.0 1466.269970799624 -1.0 1
355 0.125 nan 0.8 1.0 1.0 1469.250867020705 1469.2519335906059 1469.7763193483772 1468.7271811994312 1471.3349442285237 1469.4535819624687 -1.0 1469.4535819624687 -1.0 1
356 nan 0.0625 0.2 1.0 -1.0 1472.4499101168014 1472.4509433563928 1472.8589396737434 1471.941956201564 1475.4168125403473 1472.6587245051849 -1.0 1472.6587245051849 -1.0 1
357 nan 0.25 0.2 -1.0 1.0 1477.3012699710337 1477.3022698803156 1477.5487475183197 1476.0254190575572 1479.1167746706778 1477.4479233323884 1.0 1477.4479233323884 1.0 1
358 nan 0.0 0.2 -1.0 1.0 1480.4010554057404 1480.4019553240942 1481.5758154908103 1479.7285830833102 1483.1349437659214 1481.2960075434073 -1.0 1481.2960075434073 -1.0 1
359 0.0625 nan 0.2 -1.0 -1.0 1484.300001668902 1484.3009349175652 1484.59560818296 1483.7426522351354 1487.151012065271 1484.4504213552186 1.0 1484.4504213552186 1.0 1
360 nan 1.0 0.2 -1.0 1.0 1488.2331781598161 1488.2342780600263 1488.4468254430624 1487.7664205069955 1490.0000577885246 1488.3503008670434 1.0 1488.3503008670434 1.0 1
361 nan 0.0625 0.2 -1.0 1.0 1491.434454386642 1491.4352876443772 1491.9177772032342 1490.8956699352107 1493.4847059813558 1491.6208708071097 1.0 1491.6208708071097 1.0 1
362 nan 0.25 0.2 -1.0 1.0 1494.8667429879113 1494.8676095759556 1495.0963554893597 1494.1046121331983 1496.6513778690487 1494.9789994699663 1.0 1494.9789994699663 1.0 1
363 nan 1.0 0.2 -1.0 1.0 1498.616669437751 1498.6176360167235 1498.835816222048 1497.2722914081505 1500.4002432725326 1498.7098943131393 1.0 1498.7098943131393 1.0 1
364 0.125 nan 0.2 -1.0 -1.0 1501.7180880576182 1501.7189546456625 1502.020293972937 1501.0222511882994 1504.5842984425844 1501.797480854606 1.0 1501.797480854606 1.0 1
365 0.0625 nan 0.2 1.0 1.0 1505.7333237702721 1505.734323679554 1506.0739262020184 1505.200505444223 1507.633151832581 1505.9223732851822 -1.0 1505.9223732851822 -1.0 1
366 nan 0.125 0.2 -1.0 1.0 1508.7675818167008 1508.7686483866016 1509.0972852372736 1508.259361258988 1510.6499108825572 1508.944699080846 1.0 1508.944699080846 1.0 1
367 nan 0.0625 0.2 -1.0 1.0 1512.1843051634805 1512.1853050727625 1512.4643464230494 1511.271921273998 1514.016672486997 1512.3062940958803 1.0 1512.3062940958803 1.0 1
368 0.0625 nan 0.2 -1.0 -1.0 1515.6009618496416 1515.601995089233 1515.865337863793 1514.6464817793883 1518.4165419484307 1515.7031525782584 1.0 1515.7031525782584 1.0 1
369 nan 0.25 0.2 -1.0 1.0 1520.5175491193672 1520.5187156801962 1520.7506946336118 1519.042549607233 1522.3166179405894 1520.6478372988072 1.0 1520.6478372988072 1.0 1
370 nan 0.125 0.2 -1.0 1.0 1524.4176619433579 1524.4186951829493 1524.7688300831835 1522.9469287108266 1526.333189626274 1524.6112777106555 -1.0 1524.6112777106555 -1.0 1
371 0.25 nan 0.2 -1.0 -1.0 1527.6342034518887 1527.6353700127174 1527.977338987149 1526.9638975995695 1530.5342433953008 1527.8213531391627 1.0 1527.8213531391627 1.0 1
372 nan 0.125 0.2 -1.0 1.0 1533.0165817954623 1533.0173817228879 1533.26119293614 1531.1730490523055 1534.8176180299115 1533.1526361184283 1.0 1533.1526361184283 1.0 1
373 nan 0.25 0.2 -1.0 1.0 1536.6166218439355 1536.6177217441457 1536.845834381671 1535.4503276574528 1538.4008649547177 1536.7301115474384 1.0 1536.7301115474384 1.0 1
374 nan 0.125 0.2 -1.0 1.0 1539.6664451448535 1539.6673783935166 1539.9171890624607 1539.0209703730363 1541.4665145067247 1539.800699631112 1.0 1539.800699631112 1.0 1
375 nan 0.0625 0.2 -1.0 1.0 1543.1508956803316 1543.1517289380665 1543.6949796509575 1542.0970246274512 1545.2499018771828 1543.2806172445119 1.0 1543.634185166614 1.0 2
376 nan 0.0625 0.2 -1.0 1.0 1547.034276689004 1547.035443249833 1547.3358159981349 1545.8785148802915 1548.9007456456548 1547.1639315925654 1.0 1547.1639315925654 1.0 1
377 nan 0.0625 0.2 -1.0 1.0 1550.2997470917321 1550.300747001014 1550.6688802683238 1549.536249694334 1552.2342042620808 1550.5202604187145 1.0 1550.5202604187145 1.0 1
378 nan 0.125 0.2 -1.0 1.0 1553.366368868587 1553.3674021081783 1554.0238425517878 1552.8632145179029 1555.5842659444722 1553.5782829757445 1.0 1553.9745136938775 1.0 2
379 nan 1.0 0.2 -1.0 1.0 1558.516334964723 1558.5174348649332 1558.7548133284713 1556.2191767106488 1560.3173412354456 1558.6477230443732 1.0 1558.6477230443732 1.0 1
380 nan 0.25 0.2 -1.0 1.0 1561.5662915868786 1561.5674248173982 1561.8095695151803 1560.946347832061 1563.367394397961 1561.6688489488986 1.0 1561.6688489488986 1.0 1
381 nan 1.0 0.2 -1.0 1.0 1565.6830847522706 1565.684117991862 1565.9211298219968 1564.0031038373338 1567.4842564964895 1565.7831090107763 1.0 1565.7831090107763 1.0 1
382 nan 0.125 0.2 -1.0 1.0 1568.7661717019687 1568.7671049506318 1569.0398802027514 1568.119163735919 1570.6012056930128 1568.917224664164 1.0 1568.917224664164 1.0 1
383 nan 0.25 0.2 -1.0 1.0 1571.7832313087474 1571.7841312271012 1572.0683387753447 1571.227815032926 1573.6161644461129 1571.8992207854553 1.0 1571.8992207854553 1.0 1
384 nan 0.0625 0.2 -1.0 1.0 1574.8839833224267 1574.8848165801617 1575.1285944631045 1574.2422748755719 1576.6845201577048 1574.895615600407 1.0 1574.895615600407 1.0 1
385 nan 1.0 0.2 -1.0 1.0 1577.8330157677226 1577.8338156951484 1578.0791601026328 1577.3159293477097 1579.63288232434 1577.9549380395035 1.0 1577.9549380395035 1.0 1
386 nan 1.0 0.2 -1.0 1.0 1581.1005526496335 1581.1014858982967 1581.3461970299027 1580.568600911629 1582.9010274281216 1581.2171420719105 1.0 1581.2171420719105 1.0 1
387 nan 0.0625 0.2 -1.0 1.0 1584.0829820649471 1584.083815322682 1584.5166427205347 1583.5319320596568 1586.0675703088523 1584.213270244387 1.0 1584.4914783369388 1.0 2
388 nan 0.0625 0.2 -1.0 1.0 1587.182700839035 1587.1838340695547 1587.6784225307233 1586.703477650499 1589.234443496602 1587.3061563050483 1.0 1587.5992297155917 1.0 2
389 0.25 nan 0.2 -1.0 -1.0 1590.4828014332286 1590.4838346728197 1590.909162751058 1589.8678572248207 1593.4674011684351 1590.6254551574552 1.0 1590.6254551574552 1.0 1
390 nan 1.0 0.2 -1.0 1.0 1595.8664463285595 1595.86751289846 1596.2146480708486 1594.100506545683 1597.7676735029445 1596.0015007422433 1.0 1596.0015007422433 1.0 1
391 nan 0.125 0.2 -1.0 1.0 1598.882805998841 1598.8838725687417 1599.2386070516732 1598.4039827740178 1600.8174286918775 1599.0685891434298 1.0 1599.0685891434298 1.0 1
392 nan 0.125 0.2 -1.0 1.0 1601.9493944453864 1601.950194372812 1602.2110707044765 1601.4526395141067 1603.767591910338 1602.0774161637871 1.0 1602.0774161637871 1.0 1
393 0.0625 nan 0.2 -1.0 -1.0 1605.232696563643 1605.233529821378 1605.4959060169651 1604.4157040196596 1608.0494438447756 1605.3280879091424 1.0 1605.3280879091424 1.0 1
394 nan 0.0625 0.2 -1.0 1.0 1609.167539570027 1609.168539479309 1609.4902769559355 1608.6887496755132 1611.0507996538072 1609.2904284207805 1.0 1609.2904284207805 1.0 1
395 nan 0.0625 0.2 -1.0 1.0 1612.1996311463447 1612.2005643950079 1612.4890382228546 1611.6793116863203 1614.067560700222 1612.3355188177636 1.0 1612.3355188177636 1.0 1
396 nan 0.0625 0.2 -1.0 1.0 1615.3495453663872 1615.3505786059786 1617.1024196679793 1614.7073702952007 1618.6672418626588 1616.9498001812422 1.0 1616.9498001812422 1.0 1
397 nan 0.25 0.2 -1.0 1.0 1625.616113918951 1625.6169138463765 1625.9153534367333 1619.3259512685918 1627.4829752134774 1625.7640671623722 1.0 1625.7640671623722 1.0 1
398 nan 0.25 0.2 -1.0 1.0 1629.400670560256 1629.4016038089192 1629.6397155392642 1628.1579833046312 1631.217137403613 1629.525792541739 1.0 1629.525792541739 1.0 1
399 nan 0.0625 0.2 1.0 -1.0 1632.3992985059374 1632.40026508491 1632.6732736491954 1631.8700465229938 1635.2328047324543 1632.3501696298836 1.0 1632.510088454379 -1.0 2
400 nan 0.25 0.2 -1.0 1.0 1636.450430961814 1636.4512642195489 1636.7155402427718 1635.8921149490745 1638.2828630055565 1636.6176491240676 1.0 1636.6176491240676 1.0 1
401 1.0 nan 0.2 1.0 1.0 1640.5172286631077 1640.5182952330085 1640.959621859758 1638.92267333116 1642.5340428163327 1640.7156439949588 -1.0 1640.7156439949588 -1.0 1
402 1.0 nan 0.2 1.0 1.0 1643.732636941119 1643.733636850401 1644.0208774567998 1643.1878530339957 1645.5826004481667 1643.884756473215 -1.0 1643.884756473215 -1.0 1
403 nan 0.0 0.2 -1.0 1.0 1647.650348168472 1647.6513147474445 1647.8604291086126 1646.2267106631214 1649.4326536308588 1647.7491725358395 1.0 1647.7491725358395 1.0 1
404 nan 1.0 0.2 -1.0 1.0 1650.667407775251 1650.668341023914 1650.998477738509 1650.0912600469833 1652.5673030436703 1650.8286598121224 1.0 1650.8286598121224 1.0 1
405 nan 1.0 0.2 -1.0 1.0 1653.7492948338104 1653.7503280734018 1653.986939939824 1653.2076106454613 1655.5493610126596 1653.884315917185 1.0 1653.884315917185 1.0 1
406 nan 0.125 0.2 -1.0 1.0 1657.1835832536435 1657.1846831538537 1657.548683462798 1656.211871413431 1659.1160076674325 1657.3858315710754 1.0 1657.3858315710754 1.0 1
407 nan 1.0 0.2 -1.0 1.0 1660.4838838296935 1660.484683757119 1660.7238287270552 1659.7786144828149 1662.2825784864126 1660.6059394227118 1.0 1660.6059394227118 1.0 1
408 nan 0.25 0.2 -1.0 1.0 1663.6170662344177 1663.6180328133903 1663.8685100885223 1662.9425940934236 1665.4336327371227 1663.754820403163 1.0 1663.754820403163 1.0 1
409 nan 0.25 0.2 -1.0 1.0 1666.882636628074 1666.8837031979747 1667.2191394317642 1666.1135397386968 1668.7837938318587 1667.0385891457508 1.0 1667.0385891457508 1.0 1
410 nan 0.0625 0.2 -1.0 1.0 1670.1658387554023 1670.1667053434467 1670.7239214559756 1669.4420044261885 1672.2826441320267 1670.3168250569788 1.0 1670.6596606194548 1.0 2
411 nan 1.0 0.2 -1.0 1.0 1673.483771065124 1673.4847043137872 1673.7541798652765 1672.9557523036283 1675.317100903343 1673.6166923390065 1.0 1673.6166923390065 1.0 1
412 nan 1.0 0.2 -1.0 1.0 1676.64901722749 1676.6500504670814 1676.8730302369593 1675.9709120827715 1678.4327546990198 1676.7655733194576 1.0 1676.7655733194576 1.0 1
413 nan 1.0 0.2 -1.0 1.0 1681.099946744605 1681.1007466720307 1681.3191935198304 1679.3941681701936 1682.882618690734 1681.2053038526146 1.0 1681.2053038526146 1.0 1
414 nan 0.125 0.2 -1.0 1.0 1684.1171063423121 1684.1181395819035 1684.598662652506 1683.5242267987264 1686.1657835414135 1684.290690593661 1.0 1684.290690593661 1.0 1
415 nan 0.125 0.2 -1.0 1.0 1687.5336963678544 1687.5347629377552 1687.8151041701085 1686.8141949788626 1689.3837296999568 1687.63538714183 1.0 1687.63538714183 1.0 1
416 nan 0.0 0.2 -1.0 1.0 1690.6825773483056 1690.6834106060405 1691.3239524920666 1690.0360360065877 1692.882477172332 1690.825531045317 1.0 1691.12750364847 1.0 2
417 0.25 nan 0.2 -1.0 -1.0 1695.1338068382051 1695.1347734171777 1695.7974466286446 1693.5452842922587 1698.3657745655153 1695.2465299445919 1.0 1695.2465299445919 1.0 1
418 nan 1.0 0.2 -1.0 1.0 1699.5668713094824 1699.5677712278361 1699.7818184747953 1699.0374860053014 1701.3503367426138 1699.6709285354254 1.0 1699.6709285354254 1.0 1
419 nan 0.0 0.2 -1.0 1.0 1702.6322598648896 1702.633126452934 1703.2034747073662 1702.007549875828 1704.7668967084896 1702.9103346362037 1.0 1703.2032747255098 1.0 2
420 nan 0.0 0.2 -1.0 1.0 1707.0155621842346 1707.0164621025883 1707.2353422444103 1705.4236066164199 1708.7990633881827 1707.1168196641881 1.0 1707.1168196641881 1.0 1
421 nan 0.0 0.2 -1.0 1.0 1710.1165475100795 1710.1174807587427 1710.4879804780198 1709.473372529611 1712.0490053060255 1710.2697669423858 1.0 1710.2697669423858 1.0 1
422 1.0 nan 0.2 1.0 1.0 1713.2834601879154 1713.2844934275067 1714.3740612417535 1712.7101122056374 1715.9324813605763 1713.6559597257565 -1.0 1714.3105670023488 -1.0 5
423 nan 0.125 0.2 -1.0 1.0 1717.067150241176 1717.068150150458 1717.741522391242 1716.594193150807 1719.3006450832354 1717.2584995474344 1.0 1717.6750950846101 1.0 2
424 0.0625 nan 0.8 -1.0 -1.0 1720.4488767630871 1720.4498433420597 1721.087485491168 1719.961854282152 1723.6489169722374 1720.9446984457036 1.0 1720.9446984457036 1.0 1
425 0.125 nan 0.8 -1.0 -1.0 1725.0001971721115 1725.001163751084 1725.488519535113 1724.317325793149 1728.048985857714 1725.1276522752523 1.0 1725.4217922556968 1.0 2
426 0.125 nan 0.8 1.0 1.0 1729.31677221204 1729.3178387819407 1730.0715037380662 1728.7173932581213 1731.633655744101 1729.557150403424 -1.0 1730.0244080108857 -1.0 3
427 nan 1.0 0.8 -1.0 1.0 1733.0323684431987 1733.0335350040277 1733.2610810262931 1732.3079674987252 1734.8155043369086 1733.1662562960537 1.0 1733.1662562960537 1.0 1
428 0.25 nan 0.8 1.0 1.0 1736.0833916352549 1736.0841915626806 1736.8231245220518 1735.4820128627725 1738.3838493772912 1736.2823735823658 -1.0 1736.7680295206155 -1.0 2
429 0.25 nan 0.8 1.0 1.0 1739.58244084625 1739.5835740767693 1742.324625391417 1739.0550553606327 1743.8833459633443 1739.8029541732324 -1.0 1742.3040605905178 -1.0 5
430 0.0625 nan 0.8 -1.0 -1.0 1745.0988403639162 1745.0998736035076 1745.4155449638235 1744.5557563025723 1747.9823098066327 1745.2670584354519 1.0 1745.2670584354519 1.0 1
431 0.0 nan 0.8 1.0 1.0 1749.2998258908497 1749.3008924607504 1754.620143198323 1748.6419189136268 1756.1823611870684 1750.188778572825 -1.0 1754.2545430345276 1.0 3
432 0.25 nan 0.8 1.0 1.0 1757.5831077129476 1757.5839409706825 1758.0580979521897 1756.8639729573592 1759.6168198712855 1757.7771567742673 -1.0 1757.9955369614481 -1.0 2
433 0.25 nan 0.8 1.0 1.0 1761.3987282026121 1761.3995947906565 1761.7255652165768 1760.2894288452014 1763.2831842287599 1761.597710149723 -1.0 1761.597710149723 -1.0 1
434 0.0625 nan 0.8 1.0 1.0 1764.715493951505 1764.7166271820245 1771.675929123874 1763.962795574352 1773.2322496865518 1764.8924112337938 1.0 1771.5254761072479 -1.0 4
435 0.0 nan 0.8 1.0 1.0 1774.4501440963734 1774.4509773541083 1774.816177554191 1773.9189589554849 1776.3820986189955 1774.6614249276524 -1.0 1774.6614249276524 -1.0 1
436 nan 0.125 0.8 -1.0 1.0 1777.616356837712 1777.6173234166845 1777.9079303843325 1777.0605072678682 1779.4665503687845 1777.8029399097263 1.0 1777.8029399097263 1.0 1
437 0.25 nan 0.8 1.0 1.0 1781.0653439239898 1781.0663438332717 1781.8270748149898 1780.1550598439992 1783.3834265462558 1781.3433187043756 -1.0 1781.7923779629057 -1.0 3
438 0.0 nan 0.8 1.0 1.0 1785.6318962844093 1785.633029514929 1792.789880200585 1784.067138249064 1794.3499010407184 1786.0037625463717 -1.0 1792.575999605173 -1.0 2
439 0.0625 nan 0.8 -1.0 -1.0 1795.715181465589 1795.7160480536334 1796.0343858387014 1795.0352098235442 1798.5999792974455 1795.886599246827 1.0 1795.886599246827 1.0 1
440 0.0 nan 0.8 1.0 1.0 1799.8653382706893 1799.8664048405901 1800.28719999675 1799.2818912046635 1801.8655221802333 1800.108782850538 -1.0 1800.108782850538 -1.0 1
441 1.0 nan 0.8 1.0 1.0 1803.4833433559286 1803.4844099258294 1804.020361300962 1802.8787315434345 1805.5832819398877 1803.705289886215 -1.0 1803.939868603764 -1.0 2
442 nan 1.0 0.8 -1.0 1.0 1807.282065378728 1807.28306528801 1807.5229101944437 1806.254391949035 1809.0995589869829 1807.4121202460021 1.0 1807.4121202460021 1.0 1
443 0.0625 nan 0.8 -1.0 -1.0 1810.4319129381518 1810.4327461958867 1810.6667582981756 1809.7759724491834 1813.2332222142552 1810.537003403686 1.0 1810.537003403686 1.0 1
444 0.0625 nan 0.8 -1.0 -1.0 1814.4317500478635 1814.4328166177643 1814.7260900101642 1813.9210297169457 1817.2995850353225 1814.6005347346588 1.0 1814.6005347346588 1.0 1
445 nan 0.0 0.8 1.0 -1.0 1818.7319599058771 1818.732793163612 1819.3304389414418 1817.9895939246378 1821.89846709187 1819.0333992240799 -1.0 1819.0333992240799 -1.0 1
446 0.125 nan 0.8 -1.0 -1.0 1823.3330757971432 1823.3341423670438 1842.4325096434816 1822.5795774925646 1844.9985672747575 1827.404206438659 1.0 1842.4292432731604 1.0 2
447 0.0625 nan 0.8 1.0 1.0 1846.3997830409107 1846.4008496108113 1846.7763822068075 1845.7131786672956 1848.3483072101976 1846.5990316304967 -1.0 1846.5990316304967 -1.0 1
448 0.25 nan 0.8 1.0 1.0 1849.7159488442344 1849.7168487625881 1850.0258540610243 1849.030011076807 1851.5984681507518 1849.906631544305 -1.0 1849.906631544305 -1.0 1
449 1.0 nan 0.8 1.0 1.0 1852.815900930488 1852.8168675094605 1853.1679023280487 1852.2899819784843 1854.7331239234354 1852.9353234290638 -1.0 1852.9353234290638 -1.0 1
450 1.0 nan 0.8 1.0 1.0 1856.0648728300637 1856.0658727393457 1856.96375794424 1855.403032876332 1858.5327790335539 1856.2871193331348 -1.0 1856.8848984322024 -1.0 3
451 0.125 nan 0.8 1.0 1.0 1860.1150387069677 1860.115905295012 1860.5275346160872 1859.2280858435563 1862.0981494431348 1860.302788339811 -1.0 1860.302788339811 -1.0 1
452 1.0 nan 0.8 1.0 1.0 1863.3995407163625 1863.4005739559539 1863.72067824742 1862.795662170675 1865.281798923957 1863.5391280521246 -1.0 1863.5391280521246 -1.0 1
453 0.25 nan 0.8 1.0 1.0 1866.5663867335795 1866.5672866519333 1866.8546272492604 1865.979206672901 1868.4161474148013 1866.7248390244615 -1.0 1866.7248390244615 -1.0 1
454 1.0 nan 0.8 1.0 1.0 1869.7652298478195 1869.7662630874108 1870.279283209677 1869.1054563732703 1871.8483007251666 1869.9431137090808 -1.0 1870.2631846702375 -1.0 2
455 0.25 nan 0.8 1.0 1.0 1873.2991425624455 1873.300275792965 1873.6369452482022 1872.547310773337 1875.1992624382578 1873.4814260245475 -1.0 1873.4814260245475 -1.0 1
456 0.0 nan 0.8 1.0 1.0 1877.8983252957664 1877.899291874739 1878.6445242625866 1875.897273510391 1880.2151417345574 1878.0881414077926 -1.0 1878.0881414077926 -1.0 1
457 1.0 nan 0.8 1.0 1.0 1881.3994743162534 1881.4006408770824 1881.8253690097513 1880.9147516266667 1883.3828157567027 1881.5858907367208 -1.0 1881.5858907367208 -1.0 1
458 nan 0.0625 0.8 -1.0 1.0 1884.7482704924785 1884.7493037320698 1937.0961211674187 1884.0870304843158 1938.6493354610302 1884.9391531744054 -1.0 1936.983564712579 1.0 5
459 0.25 nan 0.8 1.0 1.0 1940.0646185134035 1940.0654517711387 1940.7511895567093 1939.3963458099577 1942.3161054944228 1940.2876649439004 -1.0 1940.5773053325759 1.0 2
460 nan 0.125 0.8 -1.0 1.0 1943.6312615918591 1943.6321281799035 1944.0594227463962 1943.0168173380923 1945.6159457503006 1943.8214110069794 -1.0 1943.8214110069794 -1.0 1
461 nan 0.25 0.2 -1.0 1.0 1948.0811911996923 1948.0821244483554 1950.146037197257 1946.3082520518421 1951.6992544058407 1949.9656868931002 1.0 1949.9656868931002 1.0 1
462 nan 0.0625 0.2 -1.0 1.0 1953.064639070072 1953.065472327807 1961.3405215634832 1952.4053655501637 1962.8994389660756 1953.2652208720338 -1.0 1961.2174327308735 1.0 8
463 nan 0.25 0.2 -1.0 1.0 1964.0809729325615 1964.0818395206059 1964.4296746294917 1963.6139486372656 1965.9812930930639 1964.2444247698531 1.0 1964.2444247698531 1.0 1
464 0.25 nan 0.2 1.0 1.0 1967.2156885315183 1967.2164884589438 1967.7449405144616 1966.6789038986506 1969.2978564863745 1967.3312113838945 1.0 1967.3312113838945 1.0 1
465 nan 0.25 0.2 -1.0 1.0 1970.5155224832365 1970.5165223925185 1970.8371932992443 1970.0018690850916 1972.3990109640665 1970.6810741300203 1.0 1970.6810741300203 1.0 1
466 nan 0.25 0.2 -1.0 1.0 1973.5810443598812 1973.5821775904008 1973.8225224514754 1973.1066207358988 1975.3823711032148 1973.6983670489649 1.0 1973.6983670489649 1.0 1
467 0.125 nan 0.2 1.0 1.0 1977.0644283254587 1977.0655282256687 1977.5527840187697 1976.092283191224 1979.1147335310422 1977.3109726240816 -1.0 1977.3109726240816 -1.0 1
468 nan 0.125 0.2 -1.0 1.0 1980.3822606442523 1980.3831938929154 1980.668234698894 1979.831043987415 1982.2327858931144 1980.5129154570955 1.0 1980.5129154570955 1.0 1
469 nan 0.0 0.2 -1.0 1.0 1983.44761586935 1983.4485491180133 1983.8933087666308 1982.9243966724077 1985.4659263920657 1983.5627387580134 1.0 1983.8699442197421 1.0 2
470 0.25 nan 0.2 -1.0 -1.0 1986.9811286202632 1986.9822285204734 1987.4242217534108 1986.5182372833328 1989.9811118081325 1987.0939183872688 1.0 1987.4131894209997 1.0 2
471 nan 0.125 0.2 -1.0 1.0 1991.4156596251541 1991.416559543508 1991.8978492112265 1990.697224806063 1993.447967094317 1991.6030759549035 1.0 1991.6030759549035 1.0 1
472 0.125 nan 0.2 -1.0 -1.0 1994.8486481629204 1994.8495814115838 1995.1885839884787 1994.1649768565323 1997.7645405400415 1994.963104445396 1.0 1994.963104445396 1.0 1
473 nan 0.25 0.2 -1.0 1.0 1999.0821640718273 1999.0832639720375 1999.4098676738363 1998.4803520053226 2000.9822875311506 1999.250048840269 1.0 1999.250048840269 1.0 1
474 nan 1.0 0.2 -1.0 1.0 2002.1643844334808 2002.1652510215251 2002.4015295848533 2001.6815949018392 2003.9811421205475 2002.268374998805 1.0 2002.268374998805 1.0 1
475 nan 0.25 0.2 -1.0 1.0 2005.1822772979947 2005.1832772072767 2005.4674514252108 2004.6983545358335 2007.0322999833986 2005.352628509332 1.0 2005.352628509332 1.0 1
476 1.0 nan 0.2 1.0 1.0 2008.6642947208868 2008.6652946301688 2009.2488416871229 2007.749711030984 2010.8142586227082 2008.7713850049852 1.0 2008.7713850049852 1.0 1
477 nan 0.125 0.2 -1.0 1.0 2012.832416562753 2012.8332831507973 2013.3001074642368 2011.537467381991 2014.8655235487765 2013.1459214529582 1.0 2013.1459214529582 1.0 1
478 0.25 nan 0.2 1.0 1.0 2016.7140643953367 2016.7149643136904 2017.3480735407206 2015.5872332951822 2018.915489623571 2016.8296539083317 1.0 2017.1486249692782 -1.0 3
479 nan 0.25 0.2 -1.0 1.0 2020.1974816912234 2020.1987149126712 2020.5083201566767 2019.6351993716657 2022.0822368816782 2020.3859312605643 1.0 2020.3859312605643 1.0 1
480 nan 0.0625 0.2 1.0 -1.0 2023.3808595419023 2023.3819927724219 2023.7153291967193 2022.7998455884626 2026.2809194680785 2023.546377858377 -1.0 2023.546377858377 -1.0 1
481 nan 0.0625 0.2 -1.0 1.0 2027.6487723301086 2027.6496722484624 2028.1055642204192 2027.0007311244678 2029.6807780443387 2027.9381794066185 1.0 2027.9381794066185 1.0 1
482 nan 0.0625 0.2 -1.0 1.0 2031.0320653765616 2031.0329986252248 2031.367501610351 2030.402689144184 2032.9324199201274 2031.1923175041509 1.0 2031.1923175041509 1.0 1
483 nan 1.0 0.2 -1.0 1.0 2034.6643025039139 2034.6653690738146 2034.8931484082461 2033.6548274231527 2036.4654926095666 2034.7716594304875 1.0 2034.7716594304875 1.0 1
484 nan 0.0 0.2 -1.0 1.0 2038.1809501182713 2038.182016688172 2038.4727236467484 2037.1859070614798 2040.0475417888074 2038.307705284915 1.0 2038.307705284915 1.0 1
485 nan 1.0 0.2 -1.0 1.0 2041.315332414134 2041.3163656537254 2041.5967735466975 2040.7749481078513 2043.1656894608832 2041.450986773387 1.0 2041.450986773387 1.0 1
486 nan 0.25 0.2 -1.0 1.0 2044.4307497639488 2044.4317163429214 2044.710324399186 2043.887599041986 2046.2820643748616 2044.5420729973407 1.0 2044.5420729973407 1.0 1
487 0.25 nan 0.2 1.0 1.0 2049.514055241287 2049.515055150569 2050.3272147996895 2047.0056828165527 2051.897562539139 2049.6337777126478 1.0 2050.1860609393857 -1.0 2
488 0.0625 nan 0.2 -1.0 -1.0 2053.7653362051033 2053.7664027750043 2054.651055847067 2052.6226732079845 2057.2150480068362 2053.87695941128 1.0 2054.3364510566516 -1.0 2
489 nan 0.0 0.2 -1.0 1.0 2058.5141053670063 2058.515071945979 2058.8304766638194 2057.94895664084 2060.3973942350085 2058.6402605880808 1.0 2058.6402605880808 1.0 1
490 nan 0.0625 0.2 -1.0 1.0 2061.7986407067106 2061.7997406069203 2070.853485861081 2061.1184024221902 2072.4141976747883 2062.007488425403 1.0 2070.8267549529432 1.0 4
491 nan 1.0 0.2 -1.0 1.0 2073.7819868357874 2073.7827867632127 2074.0149323681753 2073.164009569224 2075.5819485985076 2073.9174745434934 1.0 2073.9174745434934 1.0 1
492 nan 1.0 0.2 -1.0 1.0 2076.79717994524 2076.7981131939027 2077.0507902694553 2076.3074577092434 2078.614002513501 2076.9275347852986 1.0 2076.9275347852986 1.0 1
493 nan 1.0 0.2 -1.0 1.0 2080.0816819546344 2080.0827818548446 2080.3531239943786 2079.357614313255 2081.915044427654 2080.200804480426 1.0 2080.200804480426 1.0 1
494 nan 1.0 0.2 -1.0 1.0 2083.214131092552 2083.215464304928 2083.495372243259 2082.622051476392 2085.065314114012 2083.3479189544787 1.0 2083.3479189544787 1.0 1
495 nan 0.0 0.2 -1.0 1.0 2086.280719539098 2086.2818194393076 2086.848734671872 2085.7954302342514 2088.414182505944 2086.4562369483915 1.0 2086.7285789064895 1.0 2
496 0.0625 nan 0.8 -1.0 -1.0 2089.8651943330815 2089.866160912054 2090.523134640614 2089.140193443039 2093.0806596197576 2090.05601035439 1.0 2090.381714137835 1.0 2
497 0.0625 nan 0.8 -1.0 -1.0 2095.1153513392705 2095.116151266696 2095.659835273609 2093.814269381579 2098.2306272133874 2095.300367886743 1.0 2095.620238866043 1.0 2
498 nan 1.0 0.8 -1.0 1.0 2099.531750655848 2099.532883886368 2099.743164808365 2098.9625356319357 2101.314778990302 2099.6447070744007 1.0 2099.6447070744007 1.0 1
499 0.125 nan 0.8 1.0 1.0 2102.64733465721 2102.648167914945 2111.259753284621 2102.0493889065956 2112.8316668484445 2102.8442834554476 -1.0 2111.1704280554322 -1.0 6
500 0.0 nan 0.8 1.0 1.0 2114.297211040752 2114.298210950034 2116.4241514047267 2113.5717768566874 2117.9806571858203 2116.263932607447 -1.0 2116.263932607447 -1.0 1
501 0.125 nan 0.8 1.0 1.0 2119.698021045423 2119.6988876334676 2120.60240566065 2119.09057615663 2122.1650480192156 2120.3357965157693 -1.0 2120.3357965157693 -1.0 1
502 0.0625 nan 0.8 1.0 1.0 2123.3971187734296 2123.39821867364 2124.3569650234963 2122.89926394194 2125.9149141276034 2123.9104055381713 -1.0 2124.316568688505 -1.0 2
503 nan 0.0 0.8 1.0 -1.0 2127.2472694636313 2127.248236042604 2128.1222234156594 2126.6479238400225 2130.681281978609 2127.507479189108 -1.0 2127.948205870288 -1.0 2
504 1.0 nan 0.8 1.0 1.0 2132.1136946177116 2132.114561205756 2132.609216327544 2131.4259903438865 2134.165133616801 2132.329841674163 -1.0 2132.5582876147823 -1.0 2
505 0.0 nan 0.8 -1.0 -1.0 2135.3803649115785 2135.3812314996226 2158.6192898640093 2134.8918425667202 2161.1803108038143 2140.6359214278896 1.0 2158.5230985910844 1.0 2
506 1.0 nan 0.8 1.0 1.0 2162.681554643225 2162.682654543435 2163.13311367496 2161.9367222190904 2164.6984634688274 2162.952430067709 -1.0 2162.952430067709 -1.0 1
507 nan 0.0 0.8 0.0 -1.0 2165.947025045953 2165.9479916249256 2225.9501145229897 2165.440371012782 2228.449237104888 2188.438017855475 1.0 2208.6671492085766 -1.0 5
508 0.0625 nan 0.8 -1.0 -1.0 2229.930986686654 2229.932119917173 2262.4401705830996 2229.2486485926415 2265.014757525937 2243.9981104290337 1.0 2262.2429884726967 1.0 5
509 1.0 nan 0.8 1.0 1.0 2266.4133101149832 2266.4141767030274 2267.51227707648 2265.7805675213563 2269.079824635201 2267.3020294847925 -1.0 2267.3020294847925 -1.0 1
510 0.25 nan 0.8 1.0 1.0 2270.3977486217527 2270.399215155366 2270.871738951713 2269.8162347136717 2272.4477832629386 2270.6335938910584 -1.0 2270.6335938910584 -1.0 1
511 0.25 nan 0.8 1.0 1.0 2273.7629099798924 2273.763876558865 2274.696425285534 2273.1982945386767 2276.2629400165138 2274.001654986116 -1.0 2274.4901440006647 -1.0 3
512 1.0 nan 0.8 1.0 1.0 2277.5638318031124 2277.564865042704 2278.210873099471 2276.999149701278 2279.7809878404255 2277.729616762062 -1.0 2278.2074734079124 -1.0 3
513 0.0 nan 0.8 0.0 -1.0 2281.0463825109546 2281.0472157686895 2341.0493386667536 2280.5317958641467 2343.5484625660415 2281.6998565570275 -1.0 2292.301228067502 1.0 4
514 0.0625 nan 0.8 -1.0 -1.0 2344.3972682549343 2344.880357759361 2355.3163776049078 2344.3355738522373 2357.8796997104914 2354.0582584160315 1.0 2355.2187531286786 1.0 3
515 1.0 nan 0.8 1.0 1.0 2359.2137240132183 2359.2147239225 2359.695346984031 2358.631810141425 2361.264058601862 2359.4937319424776 -1.0 2359.4937319424776 -1.0 1
516 0.0 nan 0.8 0.0 -1.0 2362.6293141294786 2362.630380699379 2422.632903561156 2362.015069857568 2425.131660511237 2373.3373759603387 1.0 2373.3373759603387 1.0 1
517 1.0 nan 0.8 1.0 1.0 2425.996965019086 2426.546915124166 2427.7444064802457 2425.928271251415 2429.3137218336324 2427.471197934104 -1.0 2427.471197934104 -1.0 1
518 0.0625 nan 0.8 0.0 -1.0 2430.5456523336675 2430.546585582331 2490.5484418379197 2430.05433024282 2493.0477967624424 2485.88599817736 1.0 2485.88599817736 1.0 1
519 0.25 nan 0.8 0.0 -1.0 2493.9132698929657 2494.3297987695223 2554.3315883644923 2493.846609274168 2556.8309789573577 nan 0.0 nan 0.0 0
520 1.0 nan 0.8 0.0 -1.0 2557.6285559096023 2558.2139361335735 2618.2157590588527 2557.617090283169 2620.7151484650617 2557.565161661126 1.0 2557.565161661126 1.0 1
521 1.0 nan 0.8 1.0 1.0 2621.578353983169 2622.1134387702573 2644.4407464303217 2621.5138598344824 2645.995955376603 2625.8843299847085 1.0 2644.2245660435615 -1.0 4
522 1.0 nan 0.8 1.0 1.0 2647.39464510079 2647.3955116888346 2647.7254150912636 2646.784867090339 2649.2780243937295 2647.564563018105 -1.0 2647.564563018105 -1.0 1
523 0.125 nan 0.8 -1.0 -1.0 2650.629084985468 2650.6301848856783 2653.7105387500055 2650.0323391259917 2656.261459591929 2653.394100792573 1.0 2653.572684590332 1.0 2
524 nan 0.125 0.8 -1.0 1.0 2657.779236278935 2657.7802028579076 2658.365183118166 2657.018271985051 2659.9293988616896 2658.005349097896 1.0 2658.2636923260466 1.0 2
525 0.0 nan 0.8 -1.0 -1.0 2661.1947930648857 2661.195892965096 2719.2027302213105 2660.699104703507 2721.761146062795 2662.017718403942 1.0 2719.1658668991154 1.0 7
526 1.0 nan 0.8 -1.0 -1.0 2723.295458903317 2723.2963588216708 2731.6603666531323 2722.5719578771973 2734.211255999595 2731.4830160768215 1.0 2731.4830160768215 1.0 1
527 0.0 nan 0.8 -1.0 -1.0 2735.695633881735 2735.69703375473 2768.745135423845 2734.9668666667303 2771.2944870391866 2765.9077595150347 1.0 2768.558619012449 1.0 2
528 nan 0.25 0.8 0.0 -1.0 2772.6617800812974 2772.6628133208887 2832.664936218953 2772.0903985872737 2835.164059661382 nan 0.0 nan 0.0 0
529 1.0 nan 0.8 0.0 -1.0 2836.0283310706945 2836.478290247578 2896.480079842548 2835.96537011624 2898.979434647523 2852.7705121151125 1.0 2852.7705121151125 1.0 1
530 0.25 nan 0.8 -1.0 -1.0 2899.844974558213 2900.378059526737 2954.26587048683 2899.7890462990417 2956.809921897859 2954.0393243738463 1.0 2954.0393243738463 1.0 1
531 0.0 nan 0.8 -1.0 -1.0 2958.0778913030795 2958.079191185146 2969.0632279778283 2957.6119335776843 2971.611249740808 2962.174719613142 1.0 2969.0304976139987 1.0 7
532 nan 0.25 0.8 -1.0 1.0 2973.0099699046677 2973.010903153331 2978.815276544203 2972.378460532489 2980.359919601936 2973.208818530541 1.0 2978.6353928643775 1.0 3
533 1.0 nan 0.8 1.0 1.0 2981.811338056061 2981.8122379744145 2982.239132577194 2981.124133736876 2983.794379061365 2982.016752752885 -1.0 2982.016752752885 -1.0 1
534 0.125 nan 0.8 -1.0 -1.0 2985.293288818334 2985.2942553973066 2989.7419185441004 2984.552489361636 2992.2944073290146 2985.5453992786265 -1.0 2989.574333748443 1.0 2
535 1.0 nan 0.8 1.0 1.0 2993.759787351197 2993.7606206089317 2994.2174458295517 2993.0667168975583 2995.7597598050083 2993.946737056615 -1.0 2993.946737056615 -1.0 1
536 0.25 nan 0.8 1.0 1.0 2997.1611787556535 2997.1619453527696 2998.6094140293403 2996.528569483264 3000.1598554278658 2997.350128279635 -1.0 2998.528154735026 -1.0 2
537 1.0 nan 0.8 1.0 1.0 3001.5277825899893 3001.5286158477243 3002.258382972011 3000.9205710133624 3003.8110016773517 3001.678935543113 -1.0 3002.2184865916606 -1.0 4
538 1.0 nan 0.8 1.0 1.0 3006.243121451565 3006.2440213699188 3006.941158121304 3004.563807142816 3008.493096649489 3006.3803756656694 -1.0 3006.8237021109826 -1.0 2
539 1.0 nan 0.8 1.0 1.0 3009.9606175103595 3009.961650749951 3010.2477247955208 3009.2837122567794 3011.7930406983733 3010.1036711982993 -1.0 3010.1036711982993 -1.0 1
540 nan 1.0 0.8 -1.0 1.0 3013.1443953247513 3013.145295243105 3013.451267483386 3012.5625481135767 3014.9930076041283 3013.320379358377 1.0 3013.320379358377 1.0 1
541 nan 0.25 0.8 -1.0 1.0 3016.4607611099314 3016.461661028285 3016.7968306195994 3015.7682239412434 3018.344447854915 3016.6401115048066 1.0 3016.6401115048066 1.0 1
542 nan 0.0 0.8 1.0 -1.0 3019.576411771912 3019.5773116902656 3021.488005006861 3019.114253701788 3024.0275584029023 3019.773293909531 -1.0 3021.2671583767847 -1.0 3
543 0.25 nan 0.8 1.0 1.0 3025.493108305458 3025.4940082238118 3026.2075768177306 3024.796771481498 3027.776221598749 3025.675158455394 -1.0 3026.084354663883 -1.0 2
544 1.0 nan 0.8 1.0 1.0 3029.1941391914092 3029.195005779454 3029.6508310907916 3028.541831706166 3031.194277139554 3029.350325021252 -1.0 3029.350325021252 -1.0 1
545 0.25 nan 0.8 1.0 1.0 3032.4762080882183 3032.4773413187377 3033.1910099035845 3031.9653877663723 3034.744124147598 3032.656458401447 -1.0 3033.0588552268187 -1.0 2
546 1.0 nan 0.8 1.0 1.0 3036.642963387399 3036.6440299572996 3036.947369103138 3035.521831770152 3038.4928797871567 3036.8254468313576 -1.0 3036.8254468313576 -1.0 1
547 0.0625 nan 0.8 -1.0 -1.0 3039.894135087395 3039.895035005749 3046.2137284009536 3039.2758911783567 3048.7776776164815 3040.0711856909215 -1.0 3046.03097831452 1.0 4
548 0.125 nan 0.8 -1.0 -1.0 3050.8261099367965 3050.8270431854594 3076.834783600267 3049.5660909202843 3079.394069534528 3054.688459520238 1.0 3076.717694223349 1.0 3
549 0.0625 nan 0.8 -1.0 -1.0 3081.1259609444337 3081.1267942021686 3090.2684648125232 3080.1800800940055 3092.827115132316 3088.791132178731 -1.0 3090.1415429943327 1.0 3
550 nan 0.25 0.2 -1.0 1.0 3094.142779977039 3094.1438132166304 3109.6757040661596 3093.6169276856544 3111.2260145065407 3094.2978325763625 1.0 3109.5886119677 1.0 5
551 nan 0.0 0.2 -1.0 1.0 3112.527145365536 3112.5281786051273 3147.301823722127 3112.0140252523415 3148.8591639390456 3147.1515706873574 1.0 3147.1515706873574 1.0 1
552 nan 0.25 0.2 -1.0 1.0 3150.410208376659 3150.41127494656 3170.168215806408 3149.6566767417708 3171.725657503562 3170.0288617828114 1.0 3170.0288617828114 1.0 1
553 nan 0.125 0.2 -1.0 1.0 3173.4100550197722 3173.410954938126 3174.029165516855 3172.5193691617083 3175.5759124508995 3173.661832176971 1.0 3173.661832176971 1.0 1
554 0.0625 nan 0.2 1.0 1.0 3177.0270268654203 3177.0279601140833 3180.8201827265502 3176.359320777234 3182.376825023535 3177.5658113168515 -1.0 3180.7494891403153 -1.0 3
555 0.25 nan 0.2 1.0 1.0 3183.692222157135 3183.692988754251 3184.55624376768 3183.1672364537944 3186.109085636861 3183.8958036869426 -1.0 3184.183710899529 -1.0 2
556 0.25 nan 0.2 1.0 1.0 3187.5603045537932 3187.5613377933846 3188.041527560893 3186.9018976219295 3189.592140503308 3187.7410214913534 -1.0 3187.7410214913534 -1.0 1
557 0.25 nan 0.2 1.0 1.0 3191.0267233918867 3191.0276566405496 3193.1244997351373 3190.363550225779 3194.677540682868 3191.199074421788 -1.0 3192.8966870703966 -1.0 6
558 nan 0.0 0.2 -1.0 1.0 3195.9425107341867 3195.9433439919217 3237.227631755954 3195.458054687075 3238.776770854604 3196.233650986785 -1.0 3237.0288497906995 1.0 3
559 0.125 nan 0.2 0.0 -1.0 3240.0755067122245 3240.0764066305783 3300.0785295286423 3239.5975834057554 3302.577645493325 nan 0.0 nan 0.0 0
560 nan 0.125 0.2 -1.0 1.0 3303.4917531929354 3303.94387883993 3312.138802011812 3303.429458844669 3313.693043036498 3307.290975170376 -1.0 3311.8360628115424 1.0 3
561 nan 0.25 0.2 -1.0 1.0 3315.0251401451287 3315.026240045339 3315.7955702468817 3314.4916552128916 3317.359810938528 3315.1717935064835 1.0 3315.6962792551826 1.0 3
562 nan 0.125 0.2 -1.0 1.0 3318.875090853474 3318.875924111209 3319.3511476626168 3318.146023665685 3320.9085593036307 3319.0667734628264 1.0 3319.0667734628264 1.0 1
563 nan 0.25 0.2 -1.0 1.0 3322.159626193178 3322.1605927721507 3322.916490859006 3321.696768186557 3324.4749210347286 3322.3690071968213 1.0 3322.802034576531 1.0 2
564 nan 0.25 0.2 -1.0 1.0 3326.2262572429254 3326.227257152207 3336.8473269662545 3325.6712409308166 3338.4094668583725 3326.416773291449 1.0 3336.789032255116 1.0 2
565 nan 0.125 0.2 -1.0 1.0 3339.6747704428635 3339.675637030908 3353.214608690555 3339.2033798770367 3354.77571760296 3351.6842808648184 1.0 3353.172245867309 1.0 2
566 nan 0.0625 0.2 0.0 -1.0 3356.2581325629963 3356.258999151041 3416.26082207632 3355.5766277267194 3418.760206594593 nan 0.0 nan 0.0 0
567 nan 0.0 0.2 0.0 -1.0 3419.657813879936 3420.060144044689 3480.062300273062 3419.6020189420024 3482.561383151062 nan 0.0 nan 0.0 0
568 nan 1.0 0.2 -1.0 1.0 3483.458958773584 3484.091968009686 3484.4488356324186 3483.410496503718 3486.008843680872 3484.2778178148938 1.0 3484.2778178148938 1.0 1
569 nan 0.0 0.2 -1.0 1.0 3487.307609599863 3487.308642839454 3498.1203619325447 3486.811254632296 3499.6909688241863 3497.92881264443 1.0 3497.92881264443 1.0 1
570 0.0 nan 0.2 -1.0 -1.0 3501.191983255809 3501.1930164954006 3504.2543387530613 3500.4932799798826 3506.825487704759 3503.152905348669 -1.0 3504.1738793861728 1.0 4
571 nan 0.125 0.2 -1.0 1.0 3508.090957337647 3508.092023907548 3525.42661787122 3507.630199140518 3526.9917250283356 3520.877497262616 -1.0 3525.159575432317 1.0 3
572 nan 0.125 0.2 -1.0 1.0 3528.2740928637777 3528.2750594427503 3528.5270699121147 3527.7937364447225 3530.090977842963 3528.4147134391314 1.0 3528.4147134391314 1.0 1
573 nan 0.25 0.2 -1.0 1.0 3531.6083236947957 3531.609423595006 3531.895031016244 3530.8836894381566 3533.4587369219653 3531.7636762669035 1.0 3531.7636762669035 1.0 1
574 nan 1.0 0.2 -1.0 1.0 3534.80746678182 3534.8084333607926 3535.087774683864 3534.2665491905873 3536.6575076539866 3534.9564199345236 1.0 3534.9564199345236 1.0 1
575 nan 0.0625 0.2 1.0 -1.0 3538.1084006337487 3538.10943387334 3539.649760791896 3537.461625979865 3542.2072091438617 3538.374776466464 1.0 3539.385584759601 -1.0 2
576 1.0 nan 0.2 1.0 1.0 3543.5919364663478 3543.5927697240827 3544.7400323038987 3543.0151221318924 3546.3073723860343 3543.82908161772 -1.0 3544.6212764115107 -1.0 3
577 nan 0.0 0.2 0.0 -1.0 3547.658434194857 3547.659434104139 3607.661290359728 3547.115283472894 3610.1606398786507 3569.9706765550736 1.0 3569.9706765550736 1.0 1
578 0.25 nan 0.2 0.0 -1.0 3611.074913987734 3611.557936831541 3671.559726426511 3611.0110531149257 3674.059110117299 nan 0.0 nan 0.0 0
579 nan 0.25 0.2 -1.0 1.0 3674.9565849088895 3675.5923938909805 5077.626325919921 3674.901623228691 3731.757676520166 3675.81417376972 1.0 5075.107587768964 1.0 837
