CSHL060 f10efe41-0dc0-44d0-8f26-5ff68dca23e9 churchlandlab 2020-03-12 _iblrig_tasks_ephysChoiceWorld6.4.0 M 296 663
0 1.0 nan 0.5 1.0 1.0 45.95823333333333 45.959266666666664 46.2811 45.4407 47.858130599846206 46.0813 -1.0 46.0813 -1.0 1
1 nan 0.125 0.5 -1.0 1.0 49.5068 49.507866666666665 49.88203333333333 48.25823333333334 51.45826363576177 49.74863333333333 1.0 49.74863333333333 1.0 1
2 0.25 nan 0.5 1.0 1.0 56.823166666666665 56.82416666666666 57.2206 51.898466666666664 58.80783164884118 56.990233333333336 -1.0 56.990233333333336 -1.0 1
3 nan 1.0 0.5 -1.0 1.0 60.4232 60.424166666666665 60.68963333333333 59.21203333333333 62.273264828944455 60.5696 1.0 60.5696 1.0 1
4 0.0 nan 0.5 -1.0 -1.0 64.1081 64.10913333333333 64.3218 62.67156666666666 66.90649906295444 64.23263333333334 1.0 64.23263333333334 1.0 1
5 nan 0.0 0.5 -1.0 1.0 68.2412 68.24213333333333 68.3298 67.3157 69.90783098178647 68.21293333333334 1.0 68.21293333333334 1.0 1
6 nan 1.0 0.5 -1.0 1.0 71.60653333333333 71.60746666666667 71.86543333333333 70.29703333333333 73.43996384164718 71.7486 1.0 71.7486 1.0 1
7 nan 0.125 0.5 -1.0 1.0 80.89113333333333 80.8921 81.23383333333334 73.84736666666667 82.8063319900833 81.16206666666666 1.0 81.16206666666666 1.0 1
8 1.0 nan 0.5 1.0 1.0 83.79123333333334 83.7921 84.07316666666667 83.27933333333333 85.65636402445442 83.92043333333334 -1.0 83.92043333333334 -1.0 1
9 nan 0.125 0.5 -1.0 1.0 86.54086666666667 86.54173333333334 86.84796666666666 86.04096666666666 88.42299734648124 86.49756666666667 -1.0 86.49756666666667 -1.0 1
10 nan 0.25 0.5 -1.0 1.0 92.47423333333333 92.4754 92.71563333333333 88.8095 94.29126410645456 92.4396 1.0 92.55773333333333 1.0 2
11 0.0 nan 0.5 -1.0 -1.0 101.63946666666666 101.64036666666667 101.97436666666667 94.69376666666666 104.55763241844082 101.8641 1.0 101.8641 1.0 1
12 0.0 nan 0.5 -1.0 -1.0 107.13943333333333 107.14033333333333 109.102 105.00863333333334 111.6723982186173 108.61146666666667 -1.0 108.95203333333333 1.0 2
13 1.0 nan 0.5 1.0 1.0 112.6574 112.6584 112.98033333333333 112.0731 114.55603026618851 112.79953333333333 -1.0 112.79953333333333 -1.0 1
14 nan 0.0 0.5 -1.0 1.0 117.1741 117.175 118.81956666666666 115.00113333333333 120.40579634505963 117.18566666666666 -1.0 118.67753333333333 1.0 4
15 0.125 nan 0.5 1.0 1.0 121.79053333333333 121.79163333333334 122.9816 120.8115 124.55583121376293 121.71316666666667 -1.0 122.94496666666667 -1.0 3
16 0.25 nan 0.5 -1.0 -1.0 125.59026666666666 125.5913 127.0313 124.94243333333333 129.6072660559683 125.73406666666666 -1.0 126.3668 1.0 2
17 nan 0.125 0.5 -1.0 1.0 131.0056 131.0066 131.7527 130.00366666666667 133.32389842078 131.35106666666667 1.0 131.6084 1.0 3
18 1.0 nan 0.5 1.0 1.0 134.45563333333334 134.4566 134.67293333333333 133.7233 136.23903082863495 134.5867 -1.0 134.5867 -1.0 1
19 nan 0.0625 0.5 -1.0 1.0 137.62373333333332 137.6246 138.23376666666667 136.63213333333334 139.78926500673904 137.7351 -1.0 138.07426666666666 -1.0 2
20 nan 0.25 0.5 -1.0 1.0 143.40683333333334 143.4079 143.8629 140.17866666666666 145.4236288120836 143.4507 -1.0 143.75413333333333 1.0 3
21 nan 0.25 0.5 -1.0 1.0 146.6389 146.63993333333335 146.99873333333332 145.89723333333333 148.55703433333332 146.83166666666668 1.0 146.83166666666668 1.0 1
22 nan 0.125 0.5 -1.0 1.0 149.90546666666665 149.90656666666666 150.33776666666665 148.96113333333332 151.9056646484872 150.12533333333334 1.0 150.12533333333334 1.0 1
23 nan 0.0 0.5 -1.0 1.0 152.9734 152.97456666666668 154.4975 152.30926666666667 156.05709878763912 153.1128 -1.0 154.31263333333334 1.0 3
24 0.0625 nan 0.5 -1.0 -1.0 158.17203333333333 158.17286666666666 159.11453333333333 156.4568 161.67356376937877 158.3055 -1.0 158.87346666666667 -1.0 3
25 0.25 nan 0.5 1.0 1.0 162.92206666666667 162.9232 163.20186666666666 162.08716666666666 164.7566975855487 163.0786 -1.0 163.0786 -1.0 1
26 nan 0.0625 0.5 -1.0 1.0 166.30533333333332 166.30616666666666 167.50643333333332 165.1642 169.0733311767871 166.6322 -1.0 167.3719 1.0 4
27 nan 0.0625 0.5 1.0 -1.0 170.50533333333334 170.5065 171.0445 169.48223333333334 173.60526442801148 170.61926666666668 1.0 170.61926666666668 1.0 1
28 nan 1.0 0.5 -1.0 1.0 174.58983333333333 174.59083333333334 174.9805 174.04896666666667 176.53979749939805 174.74826666666667 1.0 174.8887 1.0 2
29 0.25 nan 0.5 1.0 1.0 177.50533333333334 177.50653333333332 180.30713333333333 176.9286 181.87186370479523 177.67346666666666 -1.0 180.23953333333333 -1.0 4
30 nan 0.0625 0.5 -1.0 1.0 182.7731 182.77413333333334 183.31376666666668 182.26936666666666 184.87326866666666 183.12756666666667 1.0 183.12756666666667 1.0 1
31 nan 0.0625 0.5 -1.0 1.0 188.10483333333335 188.1058 188.7974 185.26226666666668 190.356529338309 188.6204 -1.0 188.6204 -1.0 1
32 nan 1.0 0.5 -1.0 1.0 191.30496666666667 191.30576666666667 191.59443333333334 190.76913333333334 193.15636304981356 191.42516666666666 1.0 191.42516666666666 1.0 1
33 nan 1.0 0.5 -1.0 1.0 194.18826666666666 194.18943333333334 194.59116666666668 193.54016666666666 196.1565676666667 194.44186666666667 -1.0 194.44186666666667 -1.0 1
34 1.0 nan 0.5 1.0 1.0 197.105 197.1061 197.4462 196.54796666666667 199.00499729204384 197.2247 -1.0 197.4024 -1.0 2
35 nan 0.25 0.5 -1.0 1.0 199.97326666666666 199.9741 200.34563333333332 199.4091 201.90503014599054 199.96446666666668 1.0 200.19846666666666 1.0 2
36 nan 0.125 0.5 -1.0 1.0 206.57296666666667 206.57406666666665 207.04556666666667 202.36503333333334 208.6063977245164 206.77593333333334 1.0 206.77593333333334 1.0 1
37 0.0 nan 0.5 1.0 1.0 211.37156666666667 211.37236666666666 212.61433333333332 209.0341 214.171531849147 212.47266666666667 1.0 212.47266666666667 1.0 1
38 0.0625 nan 0.5 1.0 1.0 218.7228 218.7237 219.7374 214.58523333333332 221.3047970272347 219.14233333333334 -1.0 219.62073333333333 -1.0 2
39 0.25 nan 0.5 1.0 1.0 222.2391 222.24 222.55383333333333 221.7306 224.1214304314663 222.1924 -1.0 222.42116666666666 1.0 2
40 0.0625 nan 0.5 1.0 1.0 225.28916666666666 225.29 225.96706666666665 224.53363333333334 227.5212647142843 225.8282 -1.0 225.8282 -1.0 1
41 nan 0.125 0.5 -1.0 1.0 231.93936666666667 231.9403 232.3215 227.92316666666667 233.9058303970696 231.93666666666667 1.0 232.13856666666666 1.0 2
42 0.0625 nan 0.5 -1.0 -1.0 238.38786666666667 238.38863333333333 246.40863333333334 234.38423333333333 248.98766480556074 238.45676666666665 1.0 246.20666666666668 1.0 11
43 0.0 nan 0.5 -1.0 -1.0 249.95586666666668 249.9569 285.5895 249.42316666666667 288.1705299380661 252.92566666666667 -1.0 285.42746666666665 1.0 18
44 1.0 nan 0.5 1.0 1.0 289.25536666666665 289.2565 289.66633333333334 288.6406333333333 291.23873533333335 289.4341 -1.0 289.4341 -1.0 1
45 1.0 nan 0.5 1.0 1.0 292.4872 292.48813333333334 292.8346666666667 291.6519333333333 294.40526432247805 292.62443333333334 -1.0 292.62443333333334 -1.0 1
46 0.25 nan 0.5 1.0 1.0 295.48703333333333 295.48813333333334 295.8898 294.81786666666665 297.470597478462 295.6544666666667 -1.0 295.7987 -1.0 2
47 nan 0.0 0.5 1.0 -1.0 301.0052 301.0061333333333 311.1051 297.8869 313.68676257690794 301.693 1.0 311.08773333333335 -1.0 13
48 nan 1.0 0.5 -1.0 1.0 314.8882 314.8891 315.4617666666667 314.18446666666665 317.03676866666666 315.26963333333333 -1.0 315.26963333333333 -1.0 1
49 0.0625 nan 0.5 1.0 1.0 318.05466666666666 318.0557333333333 323.10093333333333 317.45456666666666 324.6702632355002 318.65996666666666 -1.0 323.06283333333334 -1.0 7
50 0.125 nan 0.5 1.0 1.0 325.8213666666667 325.8224 326.16636666666665 325.0846666666667 327.7366686666667 325.9893666666667 -1.0 325.9893666666667 -1.0 1
51 0.0625 nan 0.5 1.0 1.0 331.20483333333334 331.2057 331.6597 328.1521666666667 333.23652911356845 331.40316666666666 -1.0 331.40316666666666 -1.0 1
52 0.125 nan 0.5 1.0 1.0 334.20486666666665 334.2057 334.5645333333333 333.6684333333333 336.13806289783355 334.3744 -1.0 334.3744 -1.0 1
53 nan 0.25 0.5 -1.0 1.0 337.08663333333334 337.0877 337.4943666666667 336.55036666666666 339.06986866666665 337.1879 -1.0 337.422 1.0 2
54 0.125 nan 0.5 -1.0 -1.0 340.98783333333336 340.9886666666667 350.46296666666666 339.48816666666664 353.0363972553341 342.27656666666667 -1.0 350.3164 1.0 4
55 nan 0.0625 0.5 -1.0 1.0 354.52093333333335 354.5219666666667 355.28753333333333 353.5363 356.8697305600752 355.1394 1.0 355.1394 1.0 1
56 0.125 nan 0.5 1.0 1.0 358.2046 358.2056333333333 363.2536 357.29523333333333 364.81989841367806 358.41543333333334 -1.0 362.86446666666666 1.0 4
57 0.25 nan 0.5 1.0 1.0 367.38783333333333 367.389 367.87193333333335 365.2477 369.454362549299 367.55236666666667 -1.0 367.7149 -1.0 2
58 0.125 nan 0.5 -1.0 -1.0 370.703 370.70393333333334 372.05223333333333 369.87936666666667 374.6207992881639 371.00576666666666 -1.0 371.6399666666667 1.0 3
59 nan 0.0625 0.5 -1.0 1.0 376.4696666666667 376.4705666666667 377.4058333333333 375.0407 378.98753115288065 377.12916666666666 1.0 377.2446 1.0 2
60 1.0 nan 0.5 1.0 1.0 380.08616666666666 380.0872 380.4374666666667 379.40383333333335 382.0208630521372 380.2263 -1.0 380.3699 -1.0 2
61 0.0625 nan 0.5 -1.0 -1.0 383.1028333333333 383.10386666666665 383.47253333333333 382.4413666666667 386.05399808548924 383.3458 1.0 383.3458 1.0 1
62 nan 0.0 0.5 -1.0 1.0 387.98606666666666 387.9872 389.25733333333335 386.5347 390.83716268225186 389.0609666666667 -1.0 389.0609666666667 -1.0 1
63 1.0 nan 0.5 1.0 1.0 392.03613333333334 392.0371666666667 392.5237666666667 391.26146666666665 394.1041686666666 392.1126 -1.0 392.1126 -1.0 1
64 0.0625 nan 0.5 -1.0 -1.0 395.60266666666666 395.6035 397.82183333333336 394.52226666666667 400.4026297373899 397.0757 -1.0 397.48466666666667 1.0 3
65 0.0625 nan 0.5 -1.0 -1.0 401.47063333333335 401.4718 407.4961333333333 400.8380333333333 410.069330891463 401.60813333333334 -1.0 407.3018333333333 -1.0 5
66 nan 0.0625 0.5 -1.0 1.0 411.12056666666666 411.12143333333336 411.76773333333335 410.4984333333333 413.3372643875669 411.50736666666666 -1.0 411.50736666666666 -1.0 1
67 nan 0.25 0.5 -1.0 1.0 414.40233333333333 414.40343333333334 414.7438666666667 413.75536666666665 416.32039728402003 414.5991333333333 1.0 414.5991333333333 1.0 1
68 nan 0.25 0.5 -1.0 1.0 417.3857 417.3867666666667 417.5984 416.7431 419.16900200000003 417.4451 1.0 417.52213333333333 1.0 2
69 0.125 nan 0.5 -1.0 -1.0 420.1536 420.1544 421.4514 419.586 424.0204608907504 421.24896666666666 -1.0 421.24896666666666 -1.0 1
70 nan 0.125 0.5 -1.0 1.0 425.20216666666664 425.20306666666664 425.5371666666667 424.5221666666667 427.1034676666667 425.43396666666666 1.0 425.43396666666666 1.0 1
71 nan 0.25 0.5 -1.0 1.0 428.05216666666666 428.05306666666667 428.3869 427.52226666666667 429.9521960686233 428.234 1.0 428.234 1.0 1
72 nan 0.25 0.5 -1.0 1.0 431.5534666666667 431.5543666666667 431.8451333333333 430.3741 433.4203312277328 431.7232666666667 1.0 431.7232666666667 1.0 1
73 0.25 nan 0.5 -1.0 -1.0 435.80196666666666 435.80306666666667 435.9297 433.8482333333333 438.5031963408235 435.7875666666667 1.0 435.7875666666667 1.0 1
74 nan 0.125 0.5 -1.0 1.0 439.61856666666665 439.6193666666667 439.9691 438.935 441.535302 439.8765333333333 1.0 439.8765333333333 1.0 1
75 0.25 nan 0.5 -1.0 -1.0 442.53653333333335 442.53766666666667 447.98133333333334 441.954 450.5352961363208 442.6953 -1.0 447.84136666666666 1.0 5
76 nan 0.125 0.5 -1.0 1.0 451.65343333333334 451.6543 452.4514 450.974 454.02003126709326 451.9956 -1.0 452.21143333333333 -1.0 2
77 nan 1.0 0.5 -1.0 1.0 454.98516666666666 454.9863 455.31853333333333 454.44323333333335 456.8866629414596 455.15976666666666 1.0 455.15976666666666 1.0 1
78 0.125 nan 0.5 -1.0 -1.0 457.96836666666667 457.9693 461.5576 457.3933666666667 464.1518314126571 458.0074 -1.0 461.4463 1.0 7
79 nan 1.0 0.5 -1.0 1.0 465.1533 465.1542666666667 465.6023333333333 464.57413333333335 467.1849353333333 465.39046666666667 -1.0 465.39046666666667 -1.0 1
80 0.25 nan 0.5 1.0 1.0 468.2696 468.2706333333333 468.7527666666667 467.60783333333336 470.3351630351181 468.4431666666667 -1.0 468.69603333333333 -1.0 3
81 nan 0.0625 0.5 -1.0 1.0 471.30283333333335 471.30393333333336 471.6538 470.77526666666665 473.23629570076093 471.5462333333333 1.0 471.5462333333333 1.0 1
82 nan 1.0 0.5 -1.0 1.0 474.98493333333334 474.9859 475.3790333333333 473.7015 476.96973136073376 475.0068 -1.0 475.0068 -1.0 1
83 nan 1.0 0.5 -1.0 1.0 479.25166666666667 479.25256666666667 479.5663666666667 477.4119333333333 481.15176514561756 479.40676666666667 1.0 479.40676666666667 1.0 1
84 0.125 nan 0.5 -1.0 -1.0 482.1695 482.1705333333333 482.7495333333333 481.59346666666664 485.3348984617786 482.5819666666667 -1.0 482.5819666666667 -1.0 1
85 nan 0.0625 0.5 -1.0 1.0 486.3695666666667 486.37053333333336 486.7971333333333 485.7792 488.3848304924056 486.66876666666667 1.0 486.66876666666667 1.0 1
86 0.125 nan 0.5 -1.0 -1.0 491.13623333333334 491.13716666666664 494.2871666666667 488.82753333333335 496.86952804212405 491.33953333333335 -1.0 494.1818666666667 1.0 3
87 1.0 nan 0.5 1.0 1.0 497.8847333333333 497.8858333333333 498.3009333333333 497.4094333333333 499.8696343333333 498.0989 -1.0 498.0989 -1.0 1
88 nan 0.25 0.5 -1.0 1.0 500.8179333333333 500.8192 501.18836666666664 500.3113333333333 502.7529637266955 501.00176666666664 1.0 501.00176666666664 1.0 1
89 0.0625 nan 0.5 -1.0 -1.0 503.9513333333333 503.95216666666664 507.71546666666666 503.1777666666667 510.2859314305329 503.98673333333335 1.0 507.45893333333333 1.0 6
90 0.25 nan 0.2 1.0 1.0 511.3845 511.3854666666667 511.81756666666666 510.72793333333334 513.3859638523621 511.56936666666667 -1.0 511.7162 -1.0 2
91 nan 0.0625 0.2 -1.0 1.0 514.3345 514.3354333333333 514.5131666666666 513.8346666666666 516.0845964875418 514.3646666666667 1.0 514.3646666666667 1.0 1
92 nan 0.0 0.2 -1.0 1.0 518.7357666666667 518.7367666666667 525.6786666666667 516.5304 527.2520978835439 520.0455666666667 -1.0 525.5093333333333 1.0 7
93 nan 1.0 0.2 -1.0 1.0 528.3341666666666 528.3350666666666 528.6314 527.7124 530.2024303151047 528.5057666666667 1.0 528.5057666666667 1.0 1
94 nan 1.0 0.2 -1.0 1.0 532.8341333333333 532.8350333333333 533.2972666666667 530.6437333333333 534.8690654538209 533.1251666666667 -1.0 533.1251666666667 -1.0 1
95 nan 0.0625 0.2 -1.0 1.0 536.0674666666666 536.0683666666666 536.6309666666667 535.3197666666666 538.202196844292 536.4519333333334 -1.0 536.4519333333334 -1.0 1
96 nan 0.125 0.2 -1.0 1.0 543.7842 543.785 544.2379666666667 538.7296 545.8018635495929 544.0437666666667 -1.0 544.0437666666667 -1.0 1
97 nan 1.0 0.2 -1.0 1.0 546.8341666666666 546.8353333333333 547.2228666666666 546.2673666666667 548.8023972207392 547.0807 -1.0 547.0807 -1.0 1
98 nan 1.0 0.2 -1.0 1.0 549.8008333333333 549.8016666666666 550.0111 549.2267 551.5842300064863 549.9152666666666 1.0 549.9152666666666 1.0 1
99 nan 0.25 0.2 -1.0 1.0 553.7854666666667 553.7863 554.1925333333334 552.0326333333334 555.7673651348957 553.968 -1.0 554.1082 1.0 2
100 nan 0.0 0.2 -1.0 1.0 557.7853333333334 557.7863 558.2782666666667 556.2099666666667 559.8519983321522 558.1217 -1.0 558.1217 -1.0 1
101 nan 1.0 0.2 -1.0 1.0 561.0172 561.0182666666667 561.1729 560.3023 562.7506303024334 561.0124333333333 1.0 561.0124333333333 1.0 1
102 nan 0.125 0.2 -1.0 1.0 567.0851333333334 567.0863333333333 567.3472666666667 563.1858333333333 568.9183651130189 567.2661 1.0 567.2661 1.0 1
103 nan 0.125 0.2 -1.0 1.0 571.0003 571.0012666666667 571.3781 569.3939666666666 572.9519280853561 571.2960333333333 1.0 571.2960333333333 1.0 1
104 nan 0.0 0.2 -1.0 1.0 577.3671333333333 577.3682333333334 578.5901666666666 573.3859333333334 580.1671967990212 578.367 1.0 578.367 1.0 1
105 nan 0.25 0.2 -1.0 1.0 581.4682333333334 581.4692 581.8314 580.741 583.401902 581.6478333333333 1.0 581.6478333333333 1.0 1
106 0.0625 nan 0.2 -1.0 -1.0 587.1669 587.1678666666667 590.0001666666667 583.8448 592.5668958466273 587.1714333333333 -1.0 589.8363333333333 1.0 4
107 nan 1.0 0.2 -1.0 1.0 593.8016666666666 593.8025 594.1591 593.0408 595.7335306891049 594.0092666666667 1.0 594.0092666666667 1.0 1
108 nan 0.0625 0.2 -1.0 1.0 596.8013333333333 596.8025 597.2777333333333 596.1694333333334 598.8502639111794 597.1109666666666 -1.0 597.1109666666666 -1.0 1
109 1.0 nan 0.2 1.0 1.0 600.0516666666666 600.0528 600.4990666666666 599.2963666666667 602.0666973251608 600.1868666666667 -1.0 600.1868666666667 -1.0 1
110 nan 0.25 0.2 -1.0 1.0 603.2016 603.2028333333334 603.4729 602.5186 605.050202 603.3678666666667 1.0 603.3678666666667 1.0 1
111 nan 0.125 0.2 -1.0 1.0 612.7182 612.7191 615.8893 605.5035 617.4512290948736 614.7712666666666 1.0 615.6020333333333 1.0 4
112 nan 1.0 0.2 -1.0 1.0 623.4332 623.4340666666667 623.7992666666667 617.9398333333334 625.36639800979 623.6029666666667 1.0 623.6814666666667 1.0 2
113 nan 0.25 0.2 -1.0 1.0 628.0512333333334 628.0523666666667 628.4097333333333 625.8392 629.982832015009 628.2647666666667 1.0 628.2647666666667 1.0 1
114 nan 0.25 0.2 -1.0 1.0 631.5177333333334 631.5187 631.6903666666667 630.4409333333333 633.2664630751301 631.515 1.0 631.515 1.0 1
115 nan 0.0 0.2 -1.0 1.0 634.3176333333333 634.3187 635.089 633.8359666666666 636.6497964676759 634.5832333333333 -1.0 634.5832333333333 -1.0 1
116 nan 1.0 0.2 -1.0 1.0 637.7344666666667 637.7354 637.996 637.0926 639.567829219961 637.8915 1.0 637.8915 1.0 1
117 nan 0.25 0.2 -1.0 1.0 642.1663333333333 642.1673333333333 642.6142666666667 640.0163333333334 644.1828654129054 642.3924666666667 1.0 642.4564 -1.0 2
118 nan 0.0625 0.2 -1.0 1.0 645.3675 645.3686333333334 646.0354 644.6335666666666 647.5996975735072 645.7323333333334 1.0 645.9397666666666 1.0 2
119 nan 0.125 0.2 -1.0 1.0 648.5341333333333 648.5349666666667 648.8202 648.0539 650.3841299531435 648.5392 1.0 648.7066333333333 1.0 2
120 0.0 nan 0.2 -1.0 -1.0 651.6160666666667 651.6169666666667 655.0966333333333 650.8326333333333 657.6660968741843 652.8671666666667 -1.0 655.0241333333333 1.0 4
121 nan 0.0 0.2 -1.0 1.0 658.6174333333333 658.6182666666666 663.7950333333333 658.1169 665.3659636471958 663.5977666666666 -1.0 663.5977666666666 -1.0 1
122 nan 1.0 0.2 -1.0 1.0 666.4007666666666 666.4019333333333 666.7824666666667 665.8310666666666 668.3508969444163 666.7118 1.0 666.7118 1.0 1
123 0.0625 nan 0.8 -1.0 -1.0 669.5327 669.5339 669.8362333333333 668.8014 672.3839315915583 669.5918333333333 1.0 669.7081333333333 1.0 2
124 0.25 nan 0.8 -1.0 -1.0 675.0992 675.1002333333333 675.2589 672.8369333333334 677.8158658598292 675.0979333333333 1.0 675.0979333333333 1.0 1
125 0.0 nan 0.8 -1.0 -1.0 680.4339 680.4348666666667 682.1852 678.2736666666667 684.7505298730191 681.3534333333333 1.0 682.0590333333333 1.0 2
126 0.125 nan 0.8 1.0 1.0 685.8656666666667 685.8665333333333 686.3401666666666 685.2149333333333 687.9322629226585 686.0874666666666 -1.0 686.0874666666666 -1.0 1
127 nan 0.0 0.8 -1.0 1.0 688.9001 688.9011666666667 689.2649666666666 688.3831666666666 690.8489968228054 689.0111666666667 1.0 689.0111666666667 1.0 1
128 0.0625 nan 0.8 -1.0 -1.0 692.3171666666667 692.3181666666667 692.4701666666666 691.3024 695.0489316860798 692.3053 -1.0 692.3053 -1.0 1
129 0.0625 nan 0.8 -1.0 -1.0 696.0001666666667 696.0011333333333 700.4374666666666 695.5092333333333 703.0169970716071 696.4786666666666 -1.0 700.2482666666667 1.0 6
130 0.25 nan 0.8 1.0 1.0 704.5154 704.5164666666667 704.9962333333333 703.4871 706.5836299179111 704.7119666666666 -1.0 704.9896666666667 -1.0 2
131 1.0 nan 0.8 1.0 1.0 707.7321666666667 707.7331 708.0805666666666 707.0564333333333 709.6653627137807 707.8629666666667 -1.0 708.0000666666666 -1.0 2
132 1.0 nan 0.8 1.0 1.0 711.5170333333333 711.5181 711.8792 710.1206666666667 713.4665978683704 711.6614666666667 -1.0 711.8086333333333 -1.0 2
133 1.0 nan 0.8 1.0 1.0 716.4320666666666 716.4330666666667 716.5980333333333 713.94 718.1819619888561 716.5089333333333 -1.0 716.5089333333333 -1.0 1
134 0.125 nan 0.8 1.0 1.0 719.35 719.3510666666666 720.9722666666667 718.6541666666667 722.5487984815734 719.5224 -1.0 720.8602 -1.0 2
135 nan 0.0625 0.8 -1.0 1.0 723.5500333333333 723.5510666666667 724.359 723.0084 725.9484308116855 723.8411 -1.0 723.8411 -1.0 1
136 0.25 nan 0.8 1.0 1.0 726.9833333333333 726.9843666666667 727.2350333333334 726.4098333333334 728.8165343333333 727.1523666666667 -1.0 727.1523666666667 -1.0 1
137 1.0 nan 0.8 1.0 1.0 729.9151 729.9160333333333 730.2645666666666 729.2723333333333 731.848462687315 729.8841 -1.0 730.0322 -1.0 2
138 0.125 nan 0.8 1.0 1.0 732.9330333333334 732.9343666666666 734.8563 732.3008666666667 736.4331285133209 733.1051333333334 -1.0 734.7966 -1.0 3
139 0.25 nan 0.8 1.0 1.0 738.4984666666667 738.4993333333333 738.7409333333334 736.9040333333334 740.3318645865315 738.6356 -1.0 738.6356 -1.0 1
140 0.25 nan 0.8 1.0 1.0 741.9498666666667 741.951 742.1749666666667 740.8099666666667 743.7650975059336 742.0848333333333 -1.0 742.0848333333333 -1.0 1
141 1.0 nan 0.8 1.0 1.0 745.2331 745.2340333333333 745.3982 744.2256 746.9816304919931 745.2603666666666 -1.0 745.2603666666666 -1.0 1
142 0.25 nan 0.8 1.0 1.0 748.0331666666667 748.034 748.4501333333334 747.4499333333333 750.0329343333334 748.2162 -1.0 748.2162 -1.0 1
143 nan 0.125 0.8 -1.0 1.0 751.1316 751.1326333333334 751.7536666666666 750.4915333333333 753.3328630403026 751.1776333333333 1.0 751.4907666666667 -1.0 2
144 0.0 nan 0.8 -1.0 -1.0 756.1815 756.1826333333333 759.0039666666667 753.7907666666666 761.5826627319296 758.6287666666667 1.0 758.6287666666667 1.0 1
145 nan 0.25 0.8 -1.0 1.0 764.4315 764.4326 764.8578666666667 762.0742666666666 766.4328987081731 764.6287666666667 1.0 764.6287666666667 1.0 1
146 0.25 nan 0.8 1.0 1.0 769.348 769.3489333333333 769.6667333333334 766.9105 771.2480321052346 769.5116 -1.0 769.5116 -1.0 1
147 0.125 nan 0.8 1.0 1.0 773.0826333333333 773.0835666666667 775.9859666666666 771.7131333333333 777.5646960131338 773.2628333333333 -1.0 775.9667 -1.0 5
148 0.125 nan 0.8 1.0 1.0 778.5326333333334 778.5336 778.9764 778.0378 780.5657291497183 778.7250666666666 -1.0 778.9322 -1.0 2
149 0.0625 nan 0.8 1.0 1.0 781.7147 781.7156 781.8581333333333 781.0312333333334 783.449263159083 781.7160666666666 1.0 781.7160666666666 1.0 1
150 0.0625 nan 0.8 1.0 1.0 788.2478666666667 788.2488666666667 788.7375 783.9278666666667 790.3146294976141 788.5639666666667 -1.0 788.5639666666667 -1.0 1
151 1.0 nan 0.8 1.0 1.0 792.1991333333333 792.2002 792.4287333333333 790.9273333333333 794.0159642943167 792.3132666666667 -1.0 792.3132666666667 -1.0 1
152 0.125 nan 0.8 1.0 1.0 795.1310666666667 795.1321666666666 795.4277666666667 794.4822666666666 797.0155676666666 795.2917666666667 -1.0 795.2917666666667 -1.0 1
153 1.0 nan 0.8 1.0 1.0 798.1977 798.1988333333334 798.4477 797.4823666666666 800.032395789093 798.3115333333334 -1.0 798.3115333333334 -1.0 1
154 0.0625 nan 0.8 1.0 1.0 807.3808 807.3818 809.0692 800.5049 810.648997370633 807.7679 -1.0 809.003 -1.0 4
155 0.25 nan 0.8 1.0 1.0 813.1307 813.1318 813.3795333333334 811.1414 814.9657316464413 813.0772 -1.0 813.0772 -1.0 1
156 1.0 nan 0.8 1.0 1.0 815.9808333333333 815.9818 816.2507666666667 815.4413333333333 817.8308630859698 816.1428333333333 -1.0 816.1428333333333 -1.0 1
157 0.125 nan 0.8 1.0 1.0 818.8657 818.8667666666666 819.3395666666667 818.3113666666667 820.9141958950817 819.0630666666667 -1.0 819.0630666666667 -1.0 1
158 nan 0.0625 0.8 -1.0 1.0 821.9488 821.9497666666666 823.1151333333333 821.3849 824.6974300815159 821.9571 -1.0 822.9696333333334 1.0 3
159 0.125 nan 0.8 1.0 1.0 825.9485 825.9494333333333 826.4233333333333 825.1817333333333 827.9986638041439 826.1440666666666 -1.0 826.1440666666666 -1.0 1
160 1.0 nan 0.8 1.0 1.0 829.8805333333333 829.8814 830.2458666666666 828.4797666666667 831.8306978059586 830.0094333333333 -1.0 830.0094333333333 -1.0 1
161 nan 0.125 0.8 -1.0 1.0 834.9321 834.9330666666667 835.8347333333334 832.313 837.4138629032805 834.8880333333333 -1.0 835.7299333333333 1.0 4
162 0.125 nan 0.8 1.0 1.0 838.4150666666667 838.4160666666667 838.7251666666667 837.8965666666667 840.3153686666667 838.6354 -1.0 838.6354 -1.0 1
163 0.0 nan 0.8 1.0 1.0 845.3805333333333 845.3817 846.3587333333334 840.7915666666667 847.9304594391893 846.0986666666666 -1.0 846.3377666666667 -1.0 2
164 0.125 nan 0.8 1.0 1.0 850.3316 850.3326666666667 850.6606666666667 848.5704666666667 852.2302971037997 850.4558666666667 -1.0 850.4558666666667 -1.0 1
165 0.25 nan 0.8 1.0 1.0 854.1981333333333 854.199 854.5194 852.7147 856.0802311362751 854.3379333333334 -1.0 854.3379333333334 -1.0 1
166 0.125 nan 0.8 1.0 1.0 857.0983333333334 857.0993333333333 857.4980333333333 856.5650333333333 859.063763241813 857.2811 -1.0 857.4217666666667 -1.0 2
167 nan 0.125 0.8 1.0 -1.0 860.4150666666667 860.4159666666667 860.6806333333334 859.5494666666667 863.2469981072521 860.4325 -1.0 860.5806333333334 -1.0 2
168 0.25 nan 0.8 1.0 1.0 866.6651 866.6659666666667 867.3744333333333 863.7359 868.9304314455678 867.2258 -1.0 867.2258 -1.0 1
169 0.0 nan 0.8 -1.0 -1.0 872.8313 872.8322666666667 874.2232666666666 869.4231333333333 876.7815290040354 874.0623333333333 -1.0 874.0623333333333 -1.0 1
170 0.0 nan 0.8 1.0 1.0 877.8633333333333 877.8642666666667 879.6430333333333 877.2787333333333 881.2133650430172 878.2707666666666 -1.0 879.5207666666666 1.0 3
171 nan 0.125 0.8 -1.0 1.0 883.3481666666667 883.3492333333334 884.2923 881.6932666666667 885.8481984624442 883.6034 -1.0 884.0616666666666 -1.0 2
172 0.0625 nan 0.8 1.0 1.0 888.5133 888.5142333333333 889.0567333333333 886.3415 890.6133309643034 888.9312333333334 -1.0 888.9312333333334 -1.0 1
173 nan 0.125 0.8 -1.0 1.0 892.6478333333333 892.6489 892.9464666666667 891.0936333333333 894.4966635130851 892.8438666666667 1.0 892.8438666666667 1.0 1
174 0.125 nan 0.8 1.0 1.0 895.4810666666667 895.4822666666666 896.9669 894.9810666666667 898.5131259880452 895.5875666666667 1.0 896.9243333333334 -1.0 3
175 1.0 nan 0.8 1.0 1.0 899.4978333333333 899.4988666666667 899.7215333333334 899.0185333333334 901.2632353333333 899.4873666666666 -1.0 899.4873666666666 -1.0 1
176 nan 0.0 0.8 -1.0 1.0 904.4311 904.4321666666667 906.3504 901.7482333333334 907.8965968105131 904.5333666666667 -1.0 906.1508 1.0 4
177 nan 1.0 0.8 -1.0 1.0 911.1645 911.1655 911.6346333333333 908.4156 913.1976595814161 911.4068333333333 -1.0 911.4068333333333 -1.0 1
178 1.0 nan 0.8 1.0 1.0 914.4631 914.4641666666666 914.7876666666667 913.8576666666667 916.3476955433488 914.5705333333333 -1.0 914.5705333333333 -1.0 1
179 1.0 nan 0.8 1.0 1.0 917.313 917.3141333333333 917.6462 916.8351 919.2145009999999 917.4367333333333 -1.0 917.5838666666667 -1.0 2
180 0.0 nan 0.8 1.0 1.0 922.9962333333333 922.9971333333333 923.3870333333333 919.7179 924.9462627892614 923.1750666666667 -1.0 923.1750666666667 -1.0 1
181 0.0625 nan 0.8 -1.0 -1.0 927.5308666666666 927.5318 927.6118 925.4517666666667 930.1627987687236 927.4847666666667 1.0 927.4847666666667 1.0 1
182 0.0625 nan 0.8 1.0 1.0 931.3472 931.3481 950.4226 930.6685 951.9805971987947 933.5191 -1.0 950.2506666666667 -1.0 16
183 0.0625 nan 0.8 1.0 1.0 953.1458 953.1470333333333 968.0988666666667 952.5048 969.6622637401871 953.4296 1.0 968.0932666666666 -1.0 11
184 nan 1.0 0.8 -1.0 1.0 974.5800333333333 974.581 975.0395333333333 970.1848666666667 976.5956303047725 974.895 1.0 974.895 1.0 1
185 1.0 nan 0.8 1.0 1.0 977.8301333333334 977.8309666666667 978.1555666666667 977.1186333333334 979.712063312339 977.9199333333333 1.0 977.9199333333333 1.0 1
186 0.0625 nan 0.8 1.0 1.0 980.8969666666667 980.8979666666667 986.3181333333333 980.2083666666666 987.878830171717 981.4043 1.0 986.2512666666667 -1.0 5
187 0.0625 nan 0.8 -1.0 -1.0 988.8634 988.8643 989.2663 988.3895333333334 991.8301936283664 988.9524666666666 1.0 989.0838666666667 1.0 2
188 0.25 nan 0.8 1.0 1.0 993.8786 993.8796 994.2508 992.3243 995.8120312175755 994.0597 -1.0 994.0597 -1.0 1
189 1.0 nan 0.8 1.0 1.0 996.7631 996.7639333333333 997.1129333333333 996.3033333333333 998.6801627892294 996.9035 -1.0 996.9035 -1.0 1
190 nan 1.0 0.8 -1.0 1.0 1000.2952666666666 1000.2962666666666 1000.6403666666666 999.1889666666667 1002.1952971572892 1000.4802333333333 1.0 1000.4802333333333 1.0 1
191 0.25 nan 0.8 1.0 1.0 1005.2963 1005.2972666666667 1005.7155 1002.7063 1007.278630041546 1005.4969333333333 -1.0 1005.6425333333333 -1.0 2
192 1.0 nan 0.8 1.0 1.0 1008.7129666666667 1008.7139 1009.0673333333333 1007.9543333333334 1010.6286623473388 1008.8824333333333 -1.0 1008.8824333333333 -1.0 1
193 nan 0.0 0.8 -1.0 1.0 1011.6463333333334 1011.6472333333334 1013.4022 1011.1364666666667 1014.9617981637673 1012.2806666666667 -1.0 1013.2817 1.0 4
194 nan 1.0 0.8 -1.0 1.0 1016.0629 1016.0639 1016.5144 1015.4593 1018.07962991505 1016.3626666666667 -1.0 1016.3626666666667 -1.0 1
195 0.125 nan 0.8 1.0 1.0 1021.7450666666666 1021.7462333333333 1022.2179666666667 1018.5882333333333 1023.7783959671368 1021.9921 -1.0 1021.9921 -1.0 1
196 0.25 nan 0.8 1.0 1.0 1024.9130666666667 1024.9138666666668 1025.2936 1024.2948 1026.861602 1025.0571666666667 -1.0 1025.1889 -1.0 2
197 1.0 nan 0.8 1.0 1.0 1028.0130333333334 1028.0138666666667 1028.3555333333334 1027.3748 1029.9116297573748 1028.1547 -1.0 1028.3168 -1.0 2
198 0.25 nan 0.8 1.0 1.0 1030.9129333333333 1030.9138666666668 1031.2680333333333 1030.4212333333332 1032.8296619001328 1031.0908666666667 1.0 1031.0908666666667 1.0 1
199 0.0625 nan 0.8 1.0 1.0 1034.0781666666667 1034.0792 1034.2388666666666 1033.3334666666667 1035.7947953344799 1034.0912333333333 -1.0 1034.0912333333333 -1.0 1
200 0.0625 nan 0.8 1.0 1.0 1038.1625 1038.1635 1039.2250333333334 1036.2988 1040.7782318262919 1038.1823333333334 1.0 1039.1023666666667 -1.0 4
201 0.125 nan 0.8 1.0 1.0 1042.2125 1042.2135 1042.3923666666667 1041.3049333333333 1043.9448633675916 1042.1527333333333 -1.0 1042.1527333333333 -1.0 1
202 1.0 nan 0.8 1.0 1.0 1045.4962 1045.4971666666668 1045.7401 1044.4438666666667 1047.2955969388497 1045.6403333333333 -1.0 1045.6403333333333 -1.0 1
203 0.125 nan 0.8 1.0 1.0 1050.6112666666668 1050.6121333333333 1050.9814333333334 1047.8061 1052.5445620603593 1050.7887 -1.0 1050.909 -1.0 2
204 0.125 nan 0.8 1.0 1.0 1054.7124666666666 1054.7134666666666 1055.0464666666667 1053.0657666666666 1056.6126967458229 1054.8516666666667 -1.0 1054.8516666666667 -1.0 1
205 0.25 nan 0.8 1.0 1.0 1059.3113 1059.3124666666668 1059.682 1057.1316 1061.2446305837632 1059.4563333333333 -1.0 1059.6276 -1.0 2
206 1.0 nan 0.8 1.0 1.0 1062.4959333333334 1062.4971666666668 1062.8134333333333 1061.7659333333334 1064.3776631718897 1062.6284666666666 -1.0 1062.6284666666666 -1.0 1
207 1.0 nan 0.8 1.0 1.0 1065.3793 1065.3801333333333 1065.6884666666667 1064.8931666666667 1067.2456944574028 1065.4924333333333 -1.0 1065.6221666666668 -1.0 2
208 0.0625 nan 0.8 1.0 1.0 1068.4778 1068.4787666666666 1069.1109 1067.9337 1070.677730062445 1068.5648666666666 -1.0 1068.7982333333334 -1.0 2
209 nan 0.25 0.2 -1.0 1.0 1075.2790333333332 1075.2801 1075.6875666666667 1071.1931333333334 1077.2457659479521 1075.4523333333334 -1.0 1075.4523333333334 -1.0 1
210 nan 0.25 0.2 -1.0 1.0 1080.2607666666668 1080.2617333333333 1080.7981 1077.7832666666666 1082.3624275794098 1080.6298 -1.0 1080.6298 -1.0 1
211 nan 0.0625 0.2 -1.0 1.0 1083.9778 1083.9787333333334 1085.2351666666666 1082.8786333333333 1086.794264868106 1084.0878333333333 1.0 1085.0867666666666 -1.0 4
212 nan 0.0 0.2 -1.0 1.0 1087.9454333333333 1087.9464 1089.0 1087.2978666666668 1090.5606974269974 1088.4451333333334 -1.0 1088.9311333333333 1.0 2
213 nan 0.125 0.2 -1.0 1.0 1092.7955 1092.7963666666667 1093.1192333333333 1091.0795 1094.6775310585615 1092.9443666666666 1.0 1092.9443666666666 1.0 1
214 nan 0.25 0.2 -1.0 1.0 1095.812 1095.8130333333334 1096.1184666666666 1095.2068333333334 1097.6787629064463 1095.9455 -1.0 1095.9455 -1.0 1
215 nan 0.125 0.2 -1.0 1.0 1100.3274333333334 1100.3283666666666 1100.7533 1098.1951666666666 1102.3118972330217 1100.3230666666666 -1.0 1100.3230666666666 -1.0 1
216 nan 0.0625 0.2 -1.0 1.0 1103.3773 1103.3783666666666 1104.1630333333333 1102.8364 1105.7273292831046 1103.8927666666666 -1.0 1103.8927666666666 -1.0 1
217 0.125 nan 0.2 1.0 1.0 1107.3954666666666 1107.3963333333334 1107.8518666666666 1106.2435333333333 1109.4105629174069 1107.5240333333334 1.0 1107.5240333333334 1.0 1
218 nan 1.0 0.2 -1.0 1.0 1110.4453 1110.4463333333333 1110.7189 1109.9367666666667 1112.2771958338906 1110.4301 1.0 1110.5379 -1.0 2
219 nan 0.0 0.2 -1.0 1.0 1123.0615666666667 1123.0626333333332 1123.3874 1112.8084 1124.961929204145 1123.2848 1.0 1123.2848 1.0 1
220 0.0625 nan 0.2 -1.0 -1.0 1126.2937666666667 1126.2946333333334 1127.9496333333334 1125.5475333333334 1130.5103644613112 1126.4707 1.0 1127.4670666666666 1.0 4
221 nan 0.0625 0.2 -1.0 1.0 1131.5281333333332 1131.5289666666667 1135.8196333333333 1131.0383666666667 1137.3769301747668 1131.5520333333334 -1.0 1135.7631666666666 1.0 3
222 nan 0.125 0.2 -1.0 1.0 1139.0280666666667 1139.0289333333333 1139.3489666666667 1137.9085333333333 1140.926763632603 1138.9641333333334 1.0 1139.2211666666667 1.0 3
223 nan 0.0625 0.2 -1.0 1.0 1142.0449666666666 1142.0459333333333 1142.3066 1141.4636666666668 1143.8768943762252 1142.0860333333333 1.0 1142.0860333333333 1.0 1
224 0.125 nan 0.2 1.0 1.0 1145.8446 1145.8456 1146.1792333333333 1144.5925 1147.7602295001034 1145.8567333333333 1.0 1145.9624333333334 1.0 2
225 nan 0.125 0.2 -1.0 1.0 1148.9781 1148.9792666666667 1149.4520666666667 1148.2974333333334 1151.0283622583695 1148.9843 -1.0 1149.1438 -1.0 2
226 nan 0.125 0.2 -1.0 1.0 1153.0600333333334 1153.0609 1153.4569 1151.5572666666667 1155.026696518474 1153.2586333333334 1.0 1153.2586333333334 1.0 1
227 nan 0.125 0.2 -1.0 1.0 1156.0781666666667 1156.0792333333334 1156.4176333333332 1155.5656 1157.9945293072954 1156.2626333333333 1.0 1156.3508 1.0 2
228 nan 0.125 0.2 -1.0 1.0 1159.9766333333334 1159.9775666666667 1160.0512666666666 1158.5305333333333 1161.6267637086587 1159.9202 1.0 1159.9202 1.0 1
229 1.0 nan 0.2 1.0 1.0 1163.5109333333332 1163.5119333333334 1163.8347 1162.1677666666667 1165.4101973450086 1163.6403666666668 -1.0 1163.6403666666668 -1.0 1
230 nan 0.25 0.2 -1.0 1.0 1166.5945 1166.5955333333334 1166.9284 1165.9365 1168.5111297196597 1166.7658333333334 1.0 1166.7658333333334 1.0 1
231 nan 0.25 0.2 -1.0 1.0 1169.5930666666666 1169.5942 1169.9694333333334 1169.0325333333333 1171.5445618926155 1169.8913 1.0 1169.8913 1.0 1
232 nan 0.125 0.2 -1.0 1.0 1174.3764333333334 1174.3775333333333 1174.7038 1172.0708666666667 1176.2763971733636 1174.3585 -1.0 1174.3585 -1.0 1
233 nan 0.25 0.2 -1.0 1.0 1188.1942666666666 1188.1951333333334 1188.8093333333334 1176.8218 1190.377529598611 1188.7134666666666 1.0 1188.7134666666666 1.0 1
234 0.25 nan 0.8 1.0 1.0 1195.7426666666668 1195.7438 1196.0262 1190.9820333333332 1197.594395837675 1195.9137333333333 -1.0 1195.9137333333333 -1.0 1
235 nan 0.0625 0.8 -1.0 1.0 1198.7760333333333 1198.7775333333334 1199.1794333333332 1198.1494 1200.759528633275 1199.0777333333333 1.0 1199.0777333333333 1.0 1
236 0.0 nan 0.8 -1.0 -1.0 1203.5941 1203.5951 1208.8251 1201.2979333333333 1211.3927300738992 1203.5537333333334 -1.0 1208.6867666666667 1.0 5
237 nan 0.125 0.8 -1.0 1.0 1212.4440666666667 1212.4451 1212.8955333333333 1211.9531333333334 1214.4760628536992 1212.6878666666667 1.0 1212.6878666666667 1.0 1
238 nan 0.0625 0.8 -1.0 1.0 1215.6774666666668 1215.6784 1216.6503666666667 1215.0089666666668 1218.2271971877237 1215.6330666666668 -1.0 1216.4692333333332 -1.0 2
239 0.0625 nan 0.8 1.0 1.0 1219.6258 1219.6267333333333 1220.1964 1218.7702 1221.777330247635 1220.021 -1.0 1220.1026333333334 -1.0 2
240 1.0 nan 0.8 1.0 1.0 1225.1756 1225.1767333333332 1225.4359666666667 1222.3187333333333 1227.0105929612052 1225.3011 -1.0 1225.3011 -1.0 1
241 0.25 nan 0.8 1.0 1.0 1229.6924333333334 1229.6933666666666 1230.0946 1227.7465 1231.6437312787157 1229.8699 -1.0 1229.9984333333334 -1.0 2
242 nan 0.125 0.8 -1.0 1.0 1232.709 1232.7101 1233.0392333333334 1232.1834333333334 1234.5938626370794 1232.9198 1.0 1232.9198 1.0 1
243 0.0 nan 0.8 -1.0 -1.0 1235.6423333333332 1235.6433666666667 1236.9807 1235.1261666666667 1239.5437973998048 1236.1521 -1.0 1236.8355 1.0 3
244 0.0625 nan 0.8 -1.0 -1.0 1240.9758333333334 1240.9767 1247.678 1240.0787 1250.2269966634142 1245.4787333333334 -1.0 1247.5773 1.0 6
245 0.0 nan 0.8 -1.0 -1.0 1252.2587666666666 1252.2596333333333 1268.7799333333332 1250.7991 1271.343096519633 1252.2461 -1.0 1268.2946666666667 -1.0 6
246 0.25 nan 0.8 1.0 1.0 1272.3752666666667 1272.3762666666667 1272.7221 1271.9219 1274.2766291160322 1272.5384 -1.0 1272.5384 -1.0 1
247 0.0625 nan 0.8 1.0 1.0 1276.5919666666666 1276.5929333333333 1277.0504333333333 1274.8165333333334 1278.6098644275348 1276.8440333333333 -1.0 1276.8440333333333 -1.0 1
248 0.25 nan 0.8 1.0 1.0 1281.4584 1281.4592333333333 1281.7421 1279.1625666666666 1283.2918980864506 1281.6128666666666 -1.0 1281.6128666666666 -1.0 1
249 1.0 nan 0.8 1.0 1.0 1284.6263333333334 1284.6272333333334 1284.8775333333333 1283.8412 1286.425129612871 1284.7575666666667 -1.0 1284.7575666666667 -1.0 1
250 nan 0.0625 0.8 -1.0 1.0 1287.6763666666666 1287.6772333333333 1288.7577666666666 1286.9604333333334 1290.3085629451793 1287.9878333333334 1.0 1288.6134 1.0 3
251 0.125 nan 0.8 1.0 1.0 1291.5098 1291.5109 1291.89 1290.8610666666666 1293.4428951917844 1291.7012666666667 -1.0 1291.7012666666667 -1.0 1
252 nan 0.0625 0.8 -1.0 1.0 1297.2748666666666 1297.2758666666666 1297.9717333333333 1293.9877 1299.5249626690334 1297.6090333333334 -1.0 1297.9255333333333 1.0 2
253 0.0625 nan 0.8 1.0 1.0 1300.5762666666667 1300.5772 1301.6971666666666 1300.0723666666668 1303.2581971115812 1300.852 -1.0 1301.6104333333333 -1.0 2
254 0.25 nan 0.8 1.0 1.0 1304.4261 1304.4272333333333 1304.8213 1303.8057 1306.375129417483 1304.6022 -1.0 1304.6022 -1.0 1
255 nan 0.25 0.8 -1.0 1.0 1307.5759666666668 1307.5772 1307.8489333333334 1306.9295333333334 1309.4096614178382 1307.7541 1.0 1307.7541 1.0 1
256 0.125 nan 0.8 1.0 1.0 1311.0747333333334 1311.0758333333333 1311.3922666666667 1309.9818666666667 1312.942895770321 1311.2627333333332 -1.0 1311.2627333333332 -1.0 1
257 0.25 nan 0.8 1.0 1.0 1316.1912333333332 1316.1921333333332 1316.4728 1313.4939 1318.026130717207 1316.3580333333334 -1.0 1316.3580333333334 -1.0 1
258 0.25 nan 0.8 1.0 1.0 1320.6245333333334 1320.6254666666666 1320.9471666666666 1318.5776333333333 1322.5092645687046 1320.7885333333334 -1.0 1320.7885333333334 -1.0 1
259 nan 0.125 0.8 -1.0 1.0 1323.5744333333334 1323.5754333333334 1323.8404 1323.0603666666666 1325.3912955923436 1323.6155333333334 1.0 1323.7568333333334 1.0 2
260 1.0 nan 0.8 1.0 1.0 1327.0927 1327.0937666666666 1327.5368333333333 1325.946 1329.0913303444809 1327.3431333333333 -1.0 1327.4163666666666 -1.0 2
261 0.125 nan 0.8 1.0 1.0 1330.7424 1330.7434333333333 1331.2502666666667 1329.6449333333333 1332.809462791588 1330.9311 -1.0 1331.0149 -1.0 2
262 0.25 nan 0.8 1.0 1.0 1334.0413666666666 1334.0424 1334.4008666666666 1333.3515666666667 1335.9592951871248 1334.2045333333333 -1.0 1334.3217 -1.0 2
263 0.125 nan 0.8 1.0 1.0 1337.5909333333334 1337.5924 1337.9211 1336.5101 1339.4758290476368 1337.7549333333334 -1.0 1337.7549333333334 -1.0 1
264 nan 0.0 0.8 1.0 -1.0 1341.1411 1341.1420666666668 1341.6607333333334 1340.0347333333334 1344.2091647313587 1341.4645333333333 -1.0 1341.4645333333333 -1.0 1
265 1.0 nan 0.8 1.0 1.0 1345.2910333333334 1345.2920333333334 1345.5611 1344.7679666666668 1347.1076956696675 1345.4139 -1.0 1345.4139 -1.0 1
266 0.25 nan 0.8 1.0 1.0 1348.2257 1348.2267 1348.5742 1347.6562 1350.124429223917 1348.2566666666667 1.0 1348.2566666666667 1.0 1
267 0.0 nan 0.8 1.0 1.0 1351.5256333333334 1351.5267 1352.1977666666667 1350.6783333333333 1353.759063521658 1352.1204333333333 -1.0 1352.1204333333333 -1.0 1
268 0.125 nan 0.8 1.0 1.0 1356.7407333333333 1356.7416666666666 1357.0198 1354.3213666666666 1358.5757970781535 1356.8621333333333 -1.0 1356.8621333333333 -1.0 1
269 nan 0.125 0.8 -1.0 1.0 1360.2573333333332 1360.2583333333334 1360.6313333333333 1359.1431 1362.1922290454468 1360.2001333333333 1.0 1360.4695 1.0 2
270 0.0625 nan 0.8 1.0 1.0 1363.6575333333333 1363.6583 1363.9730666666667 1362.7671333333333 1365.5406620486654 1363.5953333333334 1.0 1363.8383 -1.0 2
271 nan 0.0625 0.8 -1.0 1.0 1369.6084666666666 1369.6093 1370.4684333333332 1366.1028666666666 1372.0420293852997 1370.0477333333333 1.0 1370.3148666666666 1.0 2
272 1.0 nan 0.8 -1.0 -1.0 1375.2238666666667 1375.2249333333334 1435.2238666666667 1372.6238333333333 1377.8919954879646 1375.1649333333332 1.0 1377.2352 -1.0 3
273 0.25 nan 0.8 1.0 1.0 1379.1072333333334 1379.1082666666666 1379.4497 1378.4623 1381.023828321803 1379.2470666666666 -1.0 1379.3666 -1.0 2
274 1.0 nan 0.8 -1.0 -1.0 1382.192 1382.1929333333333 1382.3086 1381.5874333333334 1384.8740627047443 1382.0591 1.0 1382.136 -1.0 2
275 1.0 nan 0.8 1.0 1.0 1386.0086 1386.0095666666666 1386.3253666666667 1385.4488666666666 1387.8919957878354 1386.164 -1.0 1386.164 -1.0 1
276 nan 0.125 0.8 -1.0 1.0 1389.0238333333334 1389.0249 1389.3981 1388.4516 1390.9753291953577 1389.2471 1.0 1389.2471 1.0 1
277 0.25 nan 0.8 1.0 1.0 1394.0737333333334 1394.0749 1394.5482333333334 1391.5449333333333 1396.1238650088467 1394.2369 -1.0 1394.5008333333333 -1.0 2
278 0.25 nan 0.8 1.0 1.0 1397.5416666666667 1397.5425333333333 1397.9138666666668 1396.6882666666668 1399.4917946084447 1397.7093666666667 -1.0 1397.7093666666667 -1.0 1
279 1.0 nan 0.8 1.0 1.0 1402.1404 1402.1415333333334 1402.4455333333333 1400.2906 1404.0081299518235 1402.2689 -1.0 1402.2689 -1.0 1
280 0.0625 nan 0.8 -1.0 -1.0 1407.8737666666666 1407.8748333333333 1409.1658333333332 1404.5707333333332 1411.7250969138565 1408.0533333333333 1.0 1408.9145333333333 1.0 3
281 1.0 nan 0.8 1.0 1.0 1414.4235333333334 1414.4245 1414.7778333333333 1412.316 1416.340060284659 1414.5915 -1.0 1414.7028333333333 -1.0 2
282 0.125 nan 0.8 1.0 1.0 1418.6079333333332 1418.6088333333332 1419.0838666666666 1416.9187666666667 1420.6581975488257 1418.8236 -1.0 1419.0059333333334 -1.0 2
283 1.0 nan 0.8 1.0 1.0 1423.4401 1423.4411333333333 1423.7420333333334 1421.2345 1425.308031191942 1423.5324666666668 -1.0 1423.6781666666666 -1.0 2
284 1.0 nan 0.8 1.0 1.0 1428.6565666666668 1428.6574666666668 1428.8710666666666 1425.8859333333332 1430.4413935305186 1428.7629 -1.0 1428.7629 -1.0 1
285 0.125 nan 0.8 1.0 1.0 1431.5400333333334 1431.5411 1431.8525 1431.0162 1433.423101 1431.6570666666667 -1.0 1431.7668 -1.0 2
286 0.25 nan 0.8 1.0 1.0 1434.9248333333333 1434.9257666666667 1435.2017333333333 1434.0027 1436.7732295943665 1434.9384333333333 1.0 1435.1094666666668 -1.0 2
287 1.0 nan 0.8 1.0 1.0 1439.0746666666666 1439.0757333333333 1439.3138666666666 1437.3494333333333 1440.891292637091 1439.2107 -1.0 1439.2107 -1.0 1
288 0.0625 nan 0.8 1.0 1.0 1442.6731 1442.6740666666667 1443.1179 1441.47 1444.6897302563843 1443.0006 -1.0 1443.0006 -1.0 1
289 0.0625 nan 0.8 1.0 1.0 1445.8245333333334 1445.8254 1446.2676333333334 1445.2682333333332 1447.8397625242778 1446.0713666666666 -1.0 1446.0713666666666 -1.0 1
290 0.125 nan 0.8 1.0 1.0 1449.141 1449.1420333333333 1449.4175666666667 1448.4206666666666 1450.9896676666667 1449.3144333333332 -1.0 1449.3144333333332 -1.0 1
291 0.25 nan 0.8 1.0 1.0 1454.5243333333333 1454.5253666666667 1454.7818 1451.5697666666667 1456.3562269545653 1454.6669333333334 -1.0 1454.6669333333334 -1.0 1
292 0.0625 nan 0.8 1.0 1.0 1457.5243333333333 1457.5253666666667 1457.8178333333333 1456.9519333333333 1459.391062270152 1457.6900666666668 -1.0 1457.6900666666668 -1.0 1
293 nan 1.0 0.8 -1.0 1.0 1463.1563 1463.1573333333333 1463.5326 1459.9702666666667 1465.106298571653 1463.2788333333333 1.0 1463.2788333333333 1.0 1
294 0.125 nan 0.8 1.0 1.0 1466.3075666666666 1466.3086666666666 1466.9915333333333 1465.6951 1468.5576298337076 1466.5262666666667 -1.0 1466.8982333333333 -1.0 2
295 nan 0.125 0.8 -1.0 1.0 1472.306 1472.3069666666668 1473.1009 1469.1232333333332 1474.6562945505748 1472.5283 1.0 1472.8752333333334 1.0 2
296 0.125 nan 0.8 1.0 1.0 1476.1742 1476.1753 1477.1742333333334 1475.2489 1478.7406296258969 1476.1252666666667 -1.0 1477.0286333333333 -1.0 3
297 1.0 nan 0.8 1.0 1.0 1480.6894666666667 1480.6906 1480.9224666666667 1479.3148333333334 1482.489262475186 1480.5998666666667 1.0 1480.7273666666667 -1.0 2
298 0.125 nan 0.8 1.0 1.0 1483.7408 1483.742 1484.5412 1483.0748666666666 1486.1059966701957 1484.0065333333334 -1.0 1484.3011333333334 1.0 2
299 nan 0.25 0.8 -1.0 1.0 1489.1741 1489.1749333333332 1489.5281333333332 1486.6829 1491.0892579860997 1489.2204333333334 -1.0 1489.2204333333334 -1.0 1
300 nan 0.25 0.8 -1.0 1.0 1494.3573333333334 1494.3582333333334 1494.7127 1491.9298666666666 1496.2725979815175 1494.5589 1.0 1494.5589 1.0 1
301 1.0 nan 0.8 1.0 1.0 1498.1571666666666 1498.1582333333333 1498.4909333333333 1496.8679 1500.0556291541825 1498.3099666666667 -1.0 1498.3099666666667 -1.0 1
302 0.0 nan 0.8 -1.0 -1.0 1501.2069 1501.2079 1502.0832 1500.6420333333333 1504.6557925168265 1501.7394333333334 1.0 1501.8822 1.0 2
303 nan 0.0 0.8 -1.0 1.0 1506.0903666666666 1506.0912 1506.4894 1505.241 1508.0569295955197 1506.2861666666668 1.0 1506.2861666666668 1.0 1
304 0.0625 nan 0.8 1.0 1.0 1509.1723666666667 1509.1732 1510.5567333333333 1508.6424333333334 1512.1237638585417 1509.7028333333333 1.0 1510.4062333333334 -1.0 2
305 1.0 nan 0.8 1.0 1.0 1513.1890333333333 1513.1898333333334 1513.5992666666666 1512.7105666666666 1515.172395606938 1513.4083333333333 -1.0 1513.4083333333333 -1.0 1
306 0.25 nan 0.8 1.0 1.0 1516.2902666666666 1516.2915333333333 1516.6282 1515.7566 1518.190202 1516.3421666666666 1.0 1516.3421666666666 1.0 1
307 1.0 nan 0.8 1.0 1.0 1520.5724 1520.5735 1520.8272333333334 1518.7797 1522.3900581553119 1520.6713666666667 -1.0 1520.6713666666667 -1.0 1
308 nan 0.125 0.8 -1.0 1.0 1523.6886666666667 1523.6898 1524.1151666666667 1522.9908666666668 1525.6887950201458 1523.8288333333333 -1.0 1523.8288333333333 -1.0 1
309 1.0 nan 0.8 1.0 1.0 1526.9234333333334 1526.9244666666666 1527.1302 1526.2786 1528.6888010000002 1526.8644 -1.0 1526.8644 -1.0 1
310 nan 0.25 0.8 -1.0 1.0 1533.2068333333334 1533.2077666666667 1533.6388666666667 1529.2858 1535.2067624963831 1533.3090666666667 -1.0 1533.3819 1.0 2
311 0.125 nan 0.8 1.0 1.0 1536.2718333333332 1536.2727666666667 1536.7058666666667 1535.8106666666667 1538.2733954637115 1536.5063 -1.0 1536.5063 -1.0 1
312 nan 0.25 0.8 -1.0 1.0 1545.9717333333333 1545.9727333333333 1546.2379666666666 1538.8741 1547.806694466511 1545.9050333333332 -1.0 1546.0638333333334 -1.0 2
313 nan 0.0625 0.8 -1.0 1.0 1549.0386333333333 1549.0397 1549.4159 1548.4311 1550.9899290832884 1549.2664333333332 1.0 1549.2664333333332 1.0 1
314 1.0 nan 0.8 1.0 1.0 1554.3884 1554.3893666666668 1554.6995666666667 1551.5804333333333 1556.2729648542795 1554.5183 -1.0 1554.5183 -1.0 1
315 0.25 nan 0.8 1.0 1.0 1560.0049333333334 1560.006 1560.3882 1556.8789666666667 1561.9562281284286 1560.1962333333333 -1.0 1560.3191666666667 -1.0 2
316 0.0625 nan 0.8 1.0 1.0 1565.1716333333334 1565.1726666666666 1567.8710666666666 1562.5714333333333 1569.4396955488828 1565.5551666666668 -1.0 1567.6324333333334 -1.0 3
317 0.0625 nan 0.8 1.0 1.0 1570.5716 1570.5726333333334 1570.7889 1570.0513 1572.3549274754337 1570.5661333333333 -1.0 1570.5661333333333 -1.0 1
318 0.0 nan 0.8 1.0 1.0 1574.9563333333333 1574.9573 1580.3017 1572.9516333333333 1581.888097757774 1576.0504333333333 1.0 1580.0891333333334 -1.0 3
319 0.125 nan 0.8 1.0 1.0 1583.1229 1583.1239333333333 1583.5037333333332 1582.4954 1585.0548290715872 1583.3175 -1.0 1583.3175 -1.0 1
320 0.0625 nan 0.8 1.0 1.0 1586.1062333333334 1586.1072333333334 1587.4748666666667 1585.6468333333332 1589.0214636868063 1586.3803666666668 -1.0 1587.4436 -1.0 4
321 0.25 nan 0.8 1.0 1.0 1591.6061333333334 1591.6072333333334 1591.979 1589.6141666666667 1593.539322258159 1591.3630333333333 -1.0 1591.8832 -1.0 3
322 0.0 nan 0.8 1.0 1.0 1594.8879333333334 1594.8888666666667 1595.4044333333334 1594.4075333333333 1596.971361387065 1595.2607 -1.0 1595.2607 -1.0 1
323 1.0 nan 0.8 1.0 1.0 1600.3226333333334 1600.3235333333334 1600.4371666666666 1597.5664666666667 1602.0059979743728 1600.2487666666666 -1.0 1600.3386 -1.0 2
324 0.25 nan 0.8 1.0 1.0 1604.5212 1604.5222 1604.9398333333334 1602.6158 1606.5059308341524 1604.7344333333333 1.0 1604.7344333333333 1.0 1
325 0.0625 nan 0.8 -1.0 -1.0 1612.5877 1612.5888333333332 1616.1935 1607.1129333333333 1618.7558606483342 1612.6435333333334 -1.0 1616.1431666666667 1.0 5
326 0.0 nan 0.8 -1.0 -1.0 1626.2043666666666 1626.2054666666668 1630.9681 1619.4027666666666 1633.5389960352884 1626.7339 -1.0 1630.8984 1.0 4
327 0.125 nan 0.8 1.0 1.0 1634.7708333333333 1634.7717666666667 1635.1981 1634.201 1636.7542288959119 1634.8417666666667 1.0 1634.9799333333333 -1.0 2
328 1.0 nan 0.8 1.0 1.0 1639.3554666666666 1639.3564333333334 1639.6935666666666 1637.3653333333334 1641.254063122532 1639.4937666666667 -1.0 1639.4937666666667 -1.0 1
329 1.0 nan 0.8 1.0 1.0 1642.8386 1642.8397333333332 1643.0969 1641.8678666666667 1644.6539950127499 1642.8693666666666 -1.0 1642.8693666666666 -1.0 1
330 nan 0.125 0.2 -1.0 1.0 1646.1721333333332 1646.1730666666667 1646.6780333333334 1645.264 1648.2386296655693 1646.2581333333333 1.0 1646.2581333333333 1.0 1
331 nan 0.0 0.2 -1.0 1.0 1649.6705 1649.6714 1650.9176666666667 1648.8480333333334 1652.488563848717 1650.3998 -1.0 1650.7514333333334 1.0 2
332 nan 0.25 0.2 -1.0 1.0 1655.0371666666667 1655.0380333333333 1655.4459 1653.1036666666666 1657.005326317006 1655.2922666666666 -1.0 1655.2922666666666 -1.0 1
333 nan 0.0625 0.2 -1.0 1.0 1658.2036666666668 1658.2047 1659.0989333333334 1657.6155333333334 1660.6719621026405 1658.3058666666666 -1.0 1658.9972666666667 1.0 3
334 nan 0.125 0.2 -1.0 1.0 1662.1704333333332 1662.1713666666667 1662.7924666666668 1661.2843666666668 1664.3536954539597 1662.4747 -1.0 1662.4747 -1.0 1
335 nan 0.25 0.2 -1.0 1.0 1665.5549 1665.556 1665.9709 1664.9663 1667.5384279087627 1665.7795333333333 1.0 1665.7795333333333 1.0 1
336 nan 1.0 0.2 -1.0 1.0 1668.7703666666666 1668.7713333333334 1669.1715333333334 1668.1525333333334 1670.7371353333333 1669.0033 -1.0 1669.0033 -1.0 1
337 nan 1.0 0.2 -1.0 1.0 1671.9885333333334 1671.9896666666666 1672.2055666666668 1671.3500333333334 1673.771961726921 1672.1274 1.0 1672.1274 1.0 1
338 nan 0.0625 0.2 -1.0 1.0 1675.4868666666666 1675.4876333333334 1675.9708 1674.4087666666667 1677.5368965418918 1675.7308666666668 1.0 1675.8665333333333 1.0 2
339 nan 0.125 0.2 -1.0 1.0 1680.7882333333334 1680.7893 1681.2389333333333 1678.1494 1682.8036607852175 1681.0623 -1.0 1681.0623 -1.0 1
340 0.125 nan 0.2 1.0 1.0 1684.0047666666667 1684.0056333333334 1684.3608666666667 1683.4276666666667 1685.9200953513414 1684.1143666666667 -1.0 1684.1943666666666 -1.0 2
341 nan 0.25 0.2 -1.0 1.0 1689.0881 1689.0889333333334 1689.4119333333333 1686.5411 1690.9700301511232 1689.0925666666667 -1.0 1689.0925666666667 -1.0 1
342 0.125 nan 0.2 1.0 1.0 1695.388 1695.3889333333334 1695.7310666666667 1691.6054333333334 1697.2867953662171 1695.5925666666667 -1.0 1695.5925666666667 -1.0 1
343 nan 0.0625 0.2 -1.0 1.0 1698.6378 1698.6385666666667 1699.1511 1697.9146 1700.7216292797264 1698.6585333333333 1.0 1699.0382333333334 1.0 2
344 nan 1.0 0.2 -1.0 1.0 1703.6531 1703.6539 1703.9404666666667 1701.3445333333334 1705.504562747036 1703.8041 1.0 1703.8041 1.0 1
345 nan 0.0 0.2 -1.0 1.0 1707.6197333333334 1707.6205666666667 1708.4186 1706.4028666666666 1709.988024371863 1707.7086333333334 -1.0 1707.8128666666667 -1.0 2
346 nan 0.125 0.2 -1.0 1.0 1711.2030666666667 1711.2038666666667 1711.4778333333334 1710.6178333333332 1713.0378343333332 1711.4004333333332 1.0 1711.4004333333332 1.0 1
347 nan 0.0 0.2 -1.0 1.0 1714.403 1714.4038666666668 1714.6610666666666 1713.6554333333333 1716.2211621877937 1714.4817 -1.0 1714.4817 -1.0 1
348 0.125 nan 0.2 1.0 1.0 1718.3864333333333 1718.3875333333333 1718.7413 1716.8401666666666 1720.3031251379207 1718.5841666666668 -1.0 1718.5841666666668 -1.0 1
349 0.0625 nan 0.2 1.0 1.0 1722.2208666666668 1722.2218333333333 1725.1299666666666 1720.9283333333333 1726.6863654136382 1722.3437333333334 -1.0 1724.9634 -1.0 2
350 nan 0.125 0.2 -1.0 1.0 1727.8378 1727.8388333333332 1728.2588 1727.3090666666667 1729.8209943187019 1728.0123666666666 1.0 1728.1963333333333 1.0 2
351 nan 0.125 0.2 -1.0 1.0 1732.5862 1732.5871666666667 1732.8923333333332 1730.4507 1734.452958434808 1732.7512 -1.0 1732.7512 -1.0 1
352 nan 1.0 0.2 -1.0 1.0 1736.1709666666666 1736.1718 1736.4645666666668 1735.0962666666667 1738.0210960524532 1736.3367333333333 1.0 1736.3367333333333 1.0 1
353 nan 0.125 0.2 -1.0 1.0 1739.7029333333332 1739.7038 1740.0723 1738.6563 1741.6374295019557 1739.8516666666667 -1.0 1739.8516666666667 -1.0 1
354 nan 0.0 0.2 -1.0 1.0 1742.8197333333333 1742.8208 1743.4097333333334 1742.2695333333334 1744.9706623665204 1743.2733666666666 1.0 1743.2733666666666 1.0 1
355 nan 0.25 0.2 -1.0 1.0 1748.7528 1748.7537666666667 1749.0151 1745.6001666666666 1750.5705981759847 1748.9249333333332 1.0 1748.9249333333332 1.0 1
356 nan 1.0 0.2 -1.0 1.0 1751.8192333333334 1751.8204666666666 1752.0587 1751.2147 1753.6208283255432 1751.7721666666666 1.0 1751.7721666666666 1.0 1
357 nan 0.25 0.2 -1.0 1.0 1755.0528 1755.0537666666667 1755.4079333333334 1754.2613333333334 1756.9705614085567 1755.2688 1.0 1755.2688 1.0 1
358 nan 0.125 0.2 -1.0 1.0 1758.3192333333334 1758.3200666666667 1758.6413666666667 1757.5967666666666 1760.2025945275486 1758.5319333333334 1.0 1758.5319333333334 1.0 1
359 0.25 nan 0.2 1.0 1.0 1764.8039 1764.8047333333334 1765.2715333333333 1760.8305 1766.836062206439 1765.0197 -1.0 1765.2372333333333 -1.0 2
360 0.0625 nan 0.2 1.0 1.0 1767.9539333333332 1767.9547333333333 1768.3683666666666 1767.4804666666666 1769.9372952355923 1768.2837 -1.0 1768.2837 -1.0 1
361 1.0 nan 0.2 1.0 1.0 1771.1191333333334 1771.1200333333334 1771.4575 1770.5628 1773.0204019999999 1771.3477666666668 -1.0 1771.3477666666668 -1.0 1
362 nan 1.0 0.2 -1.0 1.0 1776.319 1776.3200333333334 1776.6032333333333 1773.6425 1778.1704592763942 1776.4510333333333 1.0 1776.4510333333333 1.0 1
363 0.25 nan 0.2 1.0 1.0 1780.0854 1780.0863666666667 1783.3634 1778.8223666666668 1784.9204289206264 1780.0882 1.0 1783.1438 -1.0 6
364 nan 0.0625 0.2 -1.0 1.0 1786.2189666666666 1786.2200333333333 1786.9504333333334 1785.5694333333333 1788.5189626936976 1786.6629 1.0 1786.6629 1.0 1
365 0.125 nan 0.2 1.0 1.0 1789.6535666666666 1789.6546666666666 1790.0025666666668 1789.1628666666666 1791.5520950139942 1789.8329666666666 -1.0 1789.8329666666666 -1.0 1
366 nan 1.0 0.2 -1.0 1.0 1792.7866666666666 1792.7876666666666 1793.2037 1792.1856 1794.7686286745359 1792.877 1.0 1793.0575666666666 -1.0 2
367 0.25 nan 0.2 1.0 1.0 1795.8703333333333 1795.8713 1796.3285333333333 1795.4134333333334 1797.8865618949824 1796.0714333333333 -1.0 1796.0714333333333 -1.0 1
368 nan 0.0 0.2 -1.0 1.0 1799.0354666666667 1799.0363 1799.2389666666666 1798.5170666666668 1800.8020686666669 1799.0855666666666 1.0 1799.0855666666666 1.0 1
369 nan 0.0625 0.2 -1.0 1.0 1803.9701333333333 1803.9709666666668 1805.0009 1801.4474666666667 1806.5702237803355 1804.8557333333333 1.0 1804.8557333333333 1.0 1
370 nan 1.0 0.2 -1.0 1.0 1808.0187 1808.0196 1808.3619333333334 1807.5336333333332 1809.92006169164 1808.1980333333333 1.0 1808.1980333333333 1.0 1
371 nan 0.0625 0.2 -1.0 1.0 1811.0354 1811.0362666666667 1811.5722666666666 1810.5515666666668 1813.151695420816 1811.4614666666666 1.0 1811.4614666666666 1.0 1
372 0.0625 nan 0.2 -1.0 -1.0 1814.4198 1814.4209333333333 1815.0889333333334 1813.7911 1817.6700305625018 1814.6763333333333 -1.0 1814.6763333333333 -1.0 1
373 nan 0.0 0.2 1.0 -1.0 1820.8182666666667 1820.8192333333334 1822.3939 1818.3179333333333 1824.9698951212577 1822.2611 -1.0 1822.2611 -1.0 1
374 nan 0.125 0.2 -1.0 1.0 1826.1185666666668 1826.1195333333333 1827.4369333333334 1825.6132 1829.0196289843993 1826.9785666666667 1.0 1827.4191666666666 1.0 2
375 nan 0.25 0.2 -1.0 1.0 1830.4017333333334 1830.4028666666666 1831.1017666666667 1829.6707333333334 1832.6864627912412 1830.81 1.0 1830.81 1.0 1
376 0.0625 nan 0.2 -1.0 -1.0 1833.9682 1833.9691666666668 1834.6345 1833.3317666666667 1837.218325812704 1834.3422 1.0 1834.4128 -1.0 2
377 0.125 nan 0.2 1.0 1.0 1838.6362666666666 1838.6371666666666 1839.9398333333334 1837.8658333333333 1841.5182635017545 1838.8618 -1.0 1839.7761666666668 -1.0 2
378 nan 1.0 0.2 -1.0 1.0 1843.9858666666667 1843.9868 1844.0915 1842.1879666666666 1845.6697967963032 1843.9285333333332 1.0 1843.9285333333332 1.0 1
379 nan 0.0 0.2 -1.0 1.0 1848.3516333333334 1848.3528 1848.6097333333332 1846.3139 1850.1863294511525 1848.4189 -1.0 1848.4189 -1.0 1
380 nan 0.0 0.2 -1.0 1.0 1852.0182666666667 1852.0191333333332 1859.5728333333334 1850.8508333333334 1861.1526605599133 1854.2378 1.0 1859.3185 1.0 8
381 0.0625 nan 0.2 -1.0 -1.0 1862.3346333333334 1862.3354333333334 1863.8231 1861.8195666666666 1866.4012977612715 1862.7928333333334 1.0 1863.3561 -1.0 3
382 nan 1.0 0.2 -1.0 1.0 1867.8359666666668 1867.8370666666667 1867.9191 1867.0688 1869.5028271678332 1867.7593666666667 1.0 1867.7593666666667 1.0 1
383 nan 0.25 0.2 -1.0 1.0 1871.1179333333334 1871.1187333333332 1871.4438333333333 1870.1693333333333 1873.0178614851873 1871.3335666666667 1.0 1871.3335666666667 1.0 1
384 nan 0.0625 0.2 -1.0 1.0 1874.1690666666666 1874.1700666666666 1875.0923666666667 1873.6663666666666 1876.6676950735557 1874.9658666666667 1.0 1874.9658666666667 1.0 1
385 nan 0.0625 0.2 -1.0 1.0 1877.8024333333333 1877.8034 1878.2245 1877.3167 1879.8013283859011 1878.1133 1.0 1878.1133 1.0 1
386 nan 0.25 0.2 -1.0 1.0 1882.4857333333334 1882.4867333333334 1882.6990333333333 1880.4555333333333 1884.2691637077148 1882.4261666666666 1.0 1882.4261666666666 1.0 1
387 0.0625 nan 0.2 -1.0 -1.0 1885.6343333333334 1885.6353666666666 1885.8810333333333 1884.9356666666667 1888.4521967418582 1885.7708333333333 1.0 1885.7708333333333 1.0 1
388 nan 0.25 0.2 -1.0 1.0 1890.1011333333333 1890.1020333333333 1890.4412333333332 1889.1108 1892.0191291306953 1890.3163333333334 1.0 1890.3163333333334 1.0 1
389 nan 0.125 0.2 -1.0 1.0 1893.2008333333333 1893.2016666666666 1893.5284666666666 1892.6840333333334 1895.100860579516 1893.2778333333333 1.0 1893.4271666666666 1.0 2
390 0.25 nan 0.2 1.0 1.0 1896.4857 1896.4866666666667 1896.7671666666668 1895.7534666666666 1898.335794121687 1896.6493 -1.0 1896.6493 -1.0 1
391 nan 0.25 0.2 -1.0 1.0 1901.2508 1901.2516666666668 1901.6789333333334 1899.0072 1903.2509297572067 1901.4861 1.0 1901.4861 1.0 1
392 nan 0.0625 0.2 -1.0 1.0 1904.5352333333333 1904.5363 1905.2437666666667 1903.9262333333334 1906.8190624896736 1904.7048333333332 1.0 1905.1502 1.0 2
393 0.125 nan 0.2 1.0 1.0 1909.4173666666666 1909.4183666666668 1912.6900333333333 1907.4770666666666 1914.2689596071896 1909.6539666666667 -1.0 1912.5896666666667 -1.0 5
394 0.25 nan 0.8 1.0 1.0 1915.4672666666668 1915.4683 1915.6600666666666 1914.9455666666668 1917.2354676666666 1915.4429333333333 -1.0 1915.4429333333333 -1.0 1
395 nan 0.0 0.8 -1.0 1.0 1918.9672 1918.9682666666668 1920.0177 1917.8957666666668 1921.5854240399162 1919.8672333333334 1.0 1919.8672333333334 1.0 1
396 1.0 nan 0.8 1.0 1.0 1922.8506 1922.8516 1923.1189333333334 1922.2591333333332 1924.7005580620578 1922.9330333333332 1.0 1922.9330333333332 1.0 1
397 0.125 nan 0.8 -1.0 -1.0 1927.4852333333333 1927.4862666666668 1928.0155666666667 1925.6887666666667 1930.5838979437674 1927.4507 1.0 1927.7765 1.0 2
398 0.0625 nan 0.8 1.0 1.0 1933.6852666666666 1933.6862333333333 1935.4233333333334 1931.2621 1937.0004617469062 1935.2375333333334 -1.0 1935.3359 -1.0 2
399 0.25 nan 0.8 1.0 1.0 1938.4182 1938.4192333333333 1938.7282666666667 1937.6650666666667 1940.3015953262754 1938.5406 -1.0 1938.5406 -1.0 1
400 1.0 nan 0.8 1.0 1.0 1941.4672333333333 1941.4685333333334 1941.7574 1940.9616 1943.333627013917 1941.5567333333333 1.0 1941.6552666666666 -1.0 2
401 0.125 nan 0.8 1.0 1.0 1944.7185333333334 1944.7195333333334 1945.0663333333334 1944.0010333333332 1946.618360868011 1944.8904 -1.0 1944.8904 -1.0 1
402 0.0625 nan 0.8 1.0 1.0 1948.4503333333334 1948.4512 1948.6730666666667 1947.2889666666667 1950.2335957748746 1948.4606 -1.0 1948.4606 -1.0 1
403 0.0625 nan 0.8 1.0 1.0 1951.485 1951.4861666666666 1952.419 1950.9098 1953.9849294036626 1951.4164666666666 1.0 1952.2547666666667 -1.0 3
404 0.0 nan 0.8 1.0 1.0 1956.9667 1956.9678333333334 1958.3553666666667 1954.6503333333333 1959.9182943663748 1957.1893666666667 -1.0 1958.2951666666668 -1.0 4
405 0.0 nan 0.8 1.0 1.0 1961.0667333333333 1961.0678 1962.5046 1960.5995 1964.0667298449862 1961.0582333333334 1.0 1962.3983 -1.0 2
406 0.0 nan 0.8 1.0 1.0 1967.2515666666666 1967.2524666666666 1969.2027666666668 1964.7501333333332 1970.7680942040095 1968.2552666666666 -1.0 1969.0896 -1.0 3
407 1.0 nan 0.8 1.0 1.0 1971.9832 1971.9841 1972.2458 1971.4512 1973.8015279020697 1972.1534666666666 -1.0 1972.1534666666666 -1.0 1
408 0.25 nan 0.8 1.0 1.0 1975.2333 1975.2341 1975.3215333333333 1974.4758333333334 1976.8846353333333 1975.1697666666666 -1.0 1975.1697666666666 -1.0 1
409 nan 0.25 0.8 -1.0 1.0 1979.8498333333334 1979.8507333333334 1980.1212666666668 1977.5679333333333 1981.6829923329524 1979.8031666666666 -1.0 1979.8031666666666 -1.0 1
410 1.0 nan 0.8 1.0 1.0 1983.8013666666666 1983.8024 1984.0908 1982.3809 1985.651229617062 1983.9093666666668 -1.0 1983.9093666666668 -1.0 1
411 0.0625 nan 0.8 1.0 1.0 1986.9665 1986.9674 1987.7944333333332 1986.3281333333334 1989.3508625832953 1987.6077333333333 -1.0 1987.6077333333333 -1.0 1
412 0.125 nan 0.8 1.0 1.0 1990.6330333333333 1990.6340333333333 1991.3153666666667 1990.0256666666667 1992.8678944968424 1990.6369 -1.0 1991.2155 -1.0 2
413 0.0625 nan 0.8 1.0 1.0 1995.7660333333333 1995.7670333333333 1996.4868333333334 1993.5568 1998.0510308556002 1996.3794 -1.0 1996.3794 -1.0 1
414 1.0 nan 0.8 1.0 1.0 1999.333 1999.334 1999.6990666666666 1998.7484333333334 2001.2497615780162 1999.3401333333334 1.0 1999.6234666666667 -1.0 2
415 0.0 nan 0.8 -1.0 -1.0 2003.4511 2003.452 2004.308 2001.9253666666666 2006.866327201571 2003.7791666666667 1.0 2004.2084333333332 1.0 2
416 0.25 nan 0.8 1.0 1.0 2008.6343 2008.6353 2009.1547333333333 2007.5527333333334 2010.7159627410083 2008.9172666666666 -1.0 2008.9172666666666 -1.0 1
417 0.125 nan 0.8 1.0 1.0 2011.9509 2011.952 2012.3487666666667 2011.3998666666666 2013.8996938223263 2012.0940666666668 1.0 2012.0940666666668 1.0 1
418 0.0 nan 0.8 -1.0 -1.0 2019.5009666666667 2019.5019333333332 2028.2729 2014.5857 2030.8339614583278 2027.8829666666666 1.0 2027.8829666666666 1.0 1
419 0.0625 nan 0.8 1.0 1.0 2035.1324333333334 2035.1335333333334 2040.3918333333334 2031.5684666666666 2041.950462233562 2038.7757 -1.0 2040.0509 -1.0 6
420 0.0 nan 0.8 1.0 1.0 2045.1824 2045.1835666666666 2050.226633333333 2042.6642666666667 2051.800361482974 2045.1737 1.0 2049.9821333333334 -1.0 4
421 nan 0.25 0.8 -1.0 1.0 2053.0990333333334 2053.1001333333334 2053.5491666666667 2052.5074666666665 2055.1157950035745 2053.3561666666665 -1.0 2053.3561666666665 -1.0 1
422 0.25 nan 0.8 1.0 1.0 2056.5170333333335 2056.5181333333335 2056.8679 2055.8087 2058.432127395816 2056.5896333333335 -1.0 2056.8135333333335 -1.0 3
423 1.0 nan 0.8 1.0 1.0 2060.2003 2060.2011 2060.5401333333334 2059.121633333333 2062.1164590533144 2060.3316666666665 -1.0 2060.3316666666665 -1.0 1
424 0.25 nan 0.8 1.0 1.0 2065.0489333333335 2065.0497333333333 2065.1302666666666 2063.1599666666666 2066.6988955098855 2064.9697 1.0 2064.9697 1.0 1
425 0.25 nan 0.8 1.0 1.0 2072.350266666667 2072.3514 2072.7598666666668 2067.3967 2074.3333624212573 2072.541166666667 -1.0 2072.541166666667 -1.0 1
426 0.125 nan 0.8 1.0 1.0 2075.6320333333333 2075.6330333333335 2076.032166666667 2075.050366666667 2077.598594834278 2075.8794666666668 1.0 2075.8794666666668 1.0 1
427 1.0 nan 0.8 1.0 1.0 2080.1830666666665 2080.1840333333334 2080.5287333333335 2078.2964 2082.0999291440608 2080.338366666667 -1.0 2080.338366666667 -1.0 1
428 nan 0.25 0.8 -1.0 1.0 2083.432 2083.4330666666665 2083.7694666666666 2082.801233333333 2085.3500605393892 2083.618933333333 1.0 2083.618933333333 1.0 1
429 0.0 nan 0.8 -1.0 -1.0 2086.5154333333335 2086.5163333333335 2087.2536666666665 2086.0432666666666 2089.8319237293053 2086.9216666666666 1.0 2087.0844666666667 -1.0 2
430 0.125 nan 0.8 1.0 1.0 2092.3498 2092.3506333333335 2092.9013333333332 2090.548533333333 2094.4653635162254 2092.6187333333332 -1.0 2092.6187333333332 -1.0 1
431 1.0 nan 0.8 1.0 1.0 2095.6494666666667 2095.650633333333 2095.9789666666666 2095.1811666666667 2097.5496944387064 2095.8050333333335 -1.0 2095.8050333333335 -1.0 1
432 0.125 nan 0.8 1.0 1.0 2099.0651333333335 2099.0659666666666 2099.4184 2098.2446 2100.981628498998 2099.2361 -1.0 2099.2361 -1.0 1
433 0.0625 nan 0.8 1.0 1.0 2102.2995666666666 2102.3006 2103.3998333333334 2101.6875333333332 2104.966261882433 2102.3487 -1.0 2103.3121 -1.0 2
434 0.125 nan 0.8 1.0 1.0 2107.6484 2107.649266666667 2108.3065 2105.654666666667 2109.8815971105414 2107.9655 -1.0 2108.1929666666665 -1.0 3
435 0.125 nan 0.8 1.0 1.0 2111.2496666666666 2111.2505666666666 2113.2017333333333 2110.6082 2114.765058776442 2112.3468333333335 1.0 2113.0597333333335 1.0 2
436 0.25 nan 0.8 1.0 1.0 2116.0162666666665 2116.0172333333335 2116.522066666667 2115.4891666666667 2118.098094875461 2116.281933333333 -1.0 2116.4351333333334 -1.0 2
437 nan 0.25 0.2 -1.0 1.0 2121.8660666666665 2121.8668666666667 2122.244133333333 2118.8073 2123.814831140491 2122.0675333333334 -1.0 2122.0675333333334 -1.0 1
438 nan 0.0625 0.2 -1.0 1.0 2125.1159 2125.1168666666667 2126.219666666667 2124.5353333333333 2127.7814627342295 2125.816766666667 1.0 2125.816766666667 1.0 1
439 nan 1.0 0.2 -1.0 1.0 2129.0992 2129.1002 2129.5418 2128.484266666667 2131.116193981203 2129.2801 1.0 2129.2801 1.0 1
440 nan 1.0 0.2 -1.0 1.0 2132.531233333333 2132.532166666667 2133.1794333333332 2131.8182 2134.74922798896 2132.8307 -1.0 2132.8307 -1.0 1
441 nan 0.125 0.2 -1.0 1.0 2136.0978 2136.0988333333335 2136.5869666666667 2135.4382333333333 2138.1659617853156 2136.3375666666666 1.0 2136.3375666666666 1.0 1
442 nan 1.0 0.2 -1.0 1.0 2139.5813 2139.5821666666666 2139.9202 2138.8755666666666 2141.4979949461367 2139.7666 -1.0 2139.7666 -1.0 1
443 nan 0.125 0.2 -1.0 1.0 2144.7491666666665 2144.7501333333335 2145.0718333333334 2142.2019 2146.6325592939957 2144.835666666667 1.0 2144.9272333333333 1.0 2
444 0.25 nan 0.2 1.0 1.0 2148.3312666666666 2148.3322 2148.7397666666666 2147.3573666666666 2150.3158955208814 2148.5115 -1.0 2148.5115 -1.0 1
445 nan 1.0 0.2 -1.0 1.0 2151.5978666666665 2151.5988 2151.8052 2151.0297 2153.3659265247193 2151.6099 1.0 2151.6099 1.0 1
446 nan 0.25 0.2 -1.0 1.0 2154.8975 2154.8984333333333 2155.2793333333334 2154.0806333333335 2156.8478609062863 2155.0973 1.0 2155.0973 1.0 1
447 0.0625 nan 0.2 -1.0 -1.0 2158.115533333333 2158.1167666666665 2158.952766666667 2157.5518666666667 2161.5143969324977 2158.4906333333333 1.0 2158.4906333333333 1.0 1
448 nan 0.25 0.2 -1.0 1.0 2164.7322 2164.7330666666667 2165.0383333333334 2162.2248 2166.615730626298 2164.9200333333333 1.0 2164.9200333333333 1.0 1
449 nan 0.0625 0.2 -1.0 1.0 2167.8309 2167.8317333333334 2170.465166666667 2167.3377333333333 2172.0321932299453 2169.6591 -1.0 2170.265766666667 1.0 2
450 0.25 nan 0.2 1.0 1.0 2173.264 2173.265033333333 2173.7639 2172.7433 2175.332127175681 2173.5612333333333 -1.0 2173.5612333333333 -1.0 1
451 nan 0.0625 0.2 -1.0 1.0 2176.7305 2176.731366666667 2178.675566666667 2176.040033333333 2180.2487628059002 2176.6651666666667 1.0 2178.3578666666667 1.0 5
452 0.0625 nan 0.2 1.0 1.0 2181.5142 2181.5153333333333 2182.4198 2180.9672666666665 2183.9805946038496 2182.2589333333335 -1.0 2182.3456 -1.0 2
453 nan 1.0 0.2 -1.0 1.0 2185.3823 2185.3833 2185.9420333333333 2184.6961 2187.514228508094 2185.8117666666667 1.0 2185.8117666666667 1.0 1
454 nan 1.0 0.2 -1.0 1.0 2188.9321333333332 2188.9333 2189.2451666666666 2188.2398333333335 2190.8139587903443 2189.1031 1.0 2189.1031 1.0 1
455 nan 0.0625 0.2 -1.0 1.0 2193.098233333333 2193.0992666666666 2193.6587 2191.8977666666665 2195.2303234388182 2193.536666666667 1.0 2193.536666666667 1.0 1
456 nan 0.25 0.2 1.0 -1.0 2197.1820666666667 2197.1829333333335 2197.3846 2195.9540333333334 2199.9482626086606 2197.268466666667 -1.0 2197.268466666667 -1.0 1
457 nan 1.0 0.2 -1.0 1.0 2201.2637666666665 2201.2649 2201.5643666666665 2200.662766666667 2203.130293519263 2201.4353333333333 1.0 2201.4353333333333 1.0 1
458 nan 0.125 0.2 -1.0 1.0 2204.4818 2204.4829 2204.7867 2203.8443 2206.3471269274323 2204.5206333333335 1.0 2204.6954333333333 1.0 2
459 nan 0.0 0.2 -1.0 1.0 2207.8152333333333 2207.8162333333335 2213.0842 2207.062033333333 2214.648496160559 2209.4810666666667 -1.0 2212.955066666667 1.0 2
460 nan 0.25 0.2 -1.0 1.0 2215.9803333333334 2215.9812 2216.2815 2215.3768 2217.847127770969 2216.1553 1.0 2216.1553 1.0 1
461 nan 0.25 0.2 -1.0 1.0 2219.2151 2219.2161666666666 2219.713333333333 2218.5720333333334 2221.2814606445836 2219.5623333333333 1.0 2219.5623333333333 1.0 1
462 nan 1.0 0.2 -1.0 1.0 2224.2468 2224.2478333333333 2224.5305 2222.0045666666665 2226.096995935352 2224.4206 1.0 2224.4206 1.0 1
463 nan 0.25 0.2 -1.0 1.0 2227.5648666666666 2227.5658 2228.1687333333334 2226.8302 2229.7300276229744 2227.5410666666667 1.0 2227.9675333333334 1.0 2
464 nan 1.0 0.2 -1.0 1.0 2231.9648 2231.9658 2232.1709666666666 2230.4609333333333 2233.746589806023 2232.0794333333333 1.0 2232.0794333333333 1.0 1
465 nan 1.0 0.2 -1.0 1.0 2237.031466666667 2237.0324333333333 2237.2892 2234.4821 2238.863330546868 2236.9726666666666 -1.0 2237.1340666666665 -1.0 2
466 0.0625 nan 0.2 -1.0 -1.0 2240.0812 2240.0821 2241.0864333333334 2239.5979333333335 2243.6465635899076 2240.9311333333335 1.0 2240.9311333333335 1.0 1
467 0.0625 nan 0.8 -1.0 -1.0 2245.0312 2245.0320666666667 2246.5877333333333 2244.3739666666665 2249.147725471904 2245.842833333333 -1.0 2246.475066666667 1.0 4
468 0.125 nan 0.8 1.0 1.0 2250.5132 2250.5140333333334 2251.2431333333334 2249.8795333333333 2252.813261085545 2250.8830666666668 -1.0 2251.1484 -1.0 3
469 0.125 nan 0.8 1.0 1.0 2254.8313 2254.8323666666665 2255.5605 2253.5349666666666 2257.1296964067756 2255.2804333333333 -1.0 2255.4728333333333 -1.0 2
470 0.0625 nan 0.8 1.0 1.0 2258.4477333333334 2258.4486666666667 2259.3688333333334 2257.8545 2260.929628973869 2259.1309333333334 -1.0 2259.1309333333334 -1.0 1
471 1.0 nan 0.8 1.0 1.0 2262.314533333333 2262.316 2262.629066666667 2261.6546333333335 2264.1964612033016 2262.513966666667 -1.0 2262.513966666667 -1.0 1
472 0.0625 nan 0.8 1.0 1.0 2266.0977333333335 2266.0986666666668 2267.4091 2264.9297666666666 2268.9811241016896 2266.1808666666666 1.0 2267.1691333333333 -1.0 3
473 0.0625 nan 0.8 -1.0 -1.0 2270.263066666667 2270.263966666667 2271.0029666666665 2269.7156333333332 2273.564363297861 2270.8447666666666 1.0 2270.8447666666666 1.0 1
474 1.0 nan 0.8 1.0 1.0 2274.9463333333333 2274.9472666666666 2275.3841666666667 2274.303266666667 2276.946293742566 2275.1522 -1.0 2275.1522 -1.0 1
475 0.125 nan 0.8 1.0 1.0 2279.264366666667 2279.265266666667 2280.9522333333334 2277.6819 2282.5296597499255 2279.7245333333335 1.0 2280.8002 -1.0 3
476 0.125 nan 0.8 1.0 1.0 2283.8641666666667 2283.8652666666667 2284.264866666667 2283.2781666666665 2285.847794621456 2283.8152666666665 -1.0 2284.1057666666666 -1.0 2
477 nan 1.0 0.8 -1.0 1.0 2287.1794666666665 2287.1802333333335 2287.4328 2286.5783 2289.0142020000003 2287.3390666666664 1.0 2287.3390666666664 1.0 1
478 0.125 nan 0.8 1.0 1.0 2291.6792333333333 2291.6802333333335 2291.9952333333335 2289.7707 2293.5807566078697 2291.8913 -1.0 2291.8913 -1.0 1
479 0.0625 nan 0.8 1.0 1.0 2295.2627 2295.2635333333333 2295.6585666666665 2294.3384666666666 2297.245894246674 2295.5288333333333 -1.0 2295.5288333333333 -1.0 1
480 0.0625 nan 0.8 1.0 1.0 2298.746866666667 2298.7478666666666 2299.3815 2297.9846 2300.9640287028938 2299.1684 -1.0 2299.1684 -1.0 1
481 nan 1.0 0.8 -1.0 1.0 2302.4789666666666 2302.4798666666666 2302.7535333333335 2301.7038333333335 2304.3292613333333 2302.634633333333 1.0 2302.634633333333 1.0 1
482 0.125 nan 0.8 1.0 1.0 2305.6639333333333 2305.6651666666667 2306.2610666666665 2305.0697666666665 2307.8304949245567 2305.9427 -1.0 2306.1694333333335 -1.0 2
483 0.0 nan 0.8 -1.0 -1.0 2309.579133333333 2309.5801666666666 2310.3418333333334 2308.5744 2312.913730470308 2309.9712 -1.0 2309.9712 -1.0 1
484 0.125 nan 0.8 1.0 1.0 2314.1289333333334 2314.1298 2314.567466666667 2313.6549333333332 2316.1289599807487 2314.4051 -1.0 2314.4051 -1.0 1
485 1.0 nan 0.8 1.0 1.0 2317.5970666666667 2317.5981333333334 2318.0586 2316.8703666666665 2319.630393804525 2317.908733333333 -1.0 2317.908733333333 -1.0 1
486 nan 1.0 0.8 -1.0 1.0 2322.678933333333 2322.6797666666666 2322.954833333333 2320.3902 2324.5122540316834 2322.8083666666666 1.0 2322.8083666666666 1.0 1
487 0.25 nan 0.8 1.0 1.0 2326.2469 2326.247766666667 2326.6804666666667 2325.6716666666666 2328.2457944009957 2326.4421 -1.0 2326.4421 -1.0 1
488 0.0 nan 0.8 -1.0 -1.0 2329.830233333333 2329.8310666666666 2339.8153666666667 2329.0059 2342.3803271836623 2329.810033333333 1.0 2339.775633333333 1.0 6
489 0.0 nan 0.8 -1.0 -1.0 2343.6287333333335 2343.6296666666667 2347.568 2343.1381333333334 2350.1284955294313 2345.0524333333333 -1.0 2347.4774333333335 1.0 3
490 nan 0.125 0.8 -1.0 1.0 2353.263266666667 2353.2643 2353.601133333333 2350.8799 2355.1619302198937 2353.4996666666666 1.0 2353.4996666666666 1.0 1
491 1.0 nan 0.8 1.0 1.0 2360.5630333333334 2360.5639333333334 2370.5664 2355.9378333333334 2372.129794219488 2362.0057 -1.0 2370.2127 -1.0 6
492 0.25 nan 0.8 1.0 1.0 2373.444933333333 2373.4459 2374.6757333333335 2372.9227 2376.2464292191403 2374.3807666666667 -1.0 2374.3807666666667 -1.0 1
493 0.0625 nan 0.8 1.0 1.0 2377.528333333333 2377.529233333333 2380.1588666666667 2376.993033333333 2381.7284929426814 2378.6359666666667 1.0 2380.0520666666666 -1.0 5
494 nan 0.0625 0.8 1.0 -1.0 2383.0628333333334 2383.063833333333 2389.2091333333333 2382.473 2391.779594335569 2383.6070666666665 -1.0 2389.1884 -1.0 5
495 0.25 nan 0.8 1.0 1.0 2393.1116333333334 2393.1124666666665 2393.7936 2392.5521 2395.36292831911 2393.6504666666665 -1.0 2393.6504666666665 -1.0 1
496 nan 1.0 0.8 -1.0 1.0 2396.9281666666666 2396.9291 2397.2724333333335 2396.1120333333333 2398.82806144472 2397.1055 1.0 2397.1055 1.0 1
497 0.25 nan 0.8 1.0 1.0 2400.2461 2400.2471 2400.654466666667 2399.5792666666666 2402.2130945163854 2400.513266666667 -1.0 2400.513266666667 -1.0 1
498 1.0 nan 0.8 1.0 1.0 2404.1779666666666 2404.178733333333 2404.3853 2402.9756 2405.945628534459 2404.3022 -1.0 2404.3022 -1.0 1
499 0.125 nan 0.8 1.0 1.0 2407.9778666666666 2407.9787333333334 2411.8785666666668 2406.7066333333332 2413.4447941988296 2408.3238333333334 -1.0 2411.8187 -1.0 2
500 0.25 nan 0.8 1.0 1.0 2415.2124 2415.213366666667 2415.4899 2414.2103 2417.0614272003972 2415.3728 -1.0 2415.3728 -1.0 1
501 0.25 nan 0.8 1.0 1.0 2418.4793 2418.4803666666667 2418.8809333333334 2417.8376333333335 2420.4457611367093 2418.6797666666666 -1.0 2418.6797666666666 -1.0 1
502 0.0 nan 0.8 1.0 1.0 2421.9277 2421.9286666666667 2427.4091333333336 2421.206866666667 2428.978829346489 2423.3280666666665 1.0 2427.2400333333335 -1.0 4
503 0.125 nan 0.8 1.0 1.0 2430.8607333333334 2430.8616333333334 2431.235866666667 2429.7456333333334 2432.795687738124 2431.0795333333335 -1.0 2431.0795333333335 -1.0 1
504 0.0 nan 0.8 1.0 1.0 2434.1776666666665 2434.1786333333334 2438.0236333333332 2433.5531 2439.5957315918763 2434.648366666667 -1.0 2437.9688666666666 -1.0 4
505 0.25 nan 0.8 1.0 1.0 2446.394 2446.3949 2446.7093 2440.359733333333 2448.2787262381685 2446.6032 -1.0 2446.6032 -1.0 1
506 0.0 nan 0.8 1.0 1.0 2449.6275 2449.6285666666668 2451.330066666667 2449.071033333333 2452.89546308319 2450.0170333333335 -1.0 2451.3027333333334 -1.0 2
507 0.0 nan 0.8 1.0 1.0 2455.1273 2455.1282666666666 2456.8171 2453.6649666666667 2458.378724846101 2456.7065666666667 -1.0 2456.7065666666667 -1.0 1
508 0.0625 nan 0.8 1.0 1.0 2459.7773333333334 2459.7782333333334 2461.0315333333333 2459.1608333333334 2462.5939615983434 2460.3467333333333 -1.0 2460.972 -1.0 2
509 nan 0.0625 0.8 -1.0 1.0 2464.4452333333334 2464.4461666666666 2465.6101 2463.3580666666667 2467.1787964817086 2465.1640666666667 1.0 2465.5034666666666 1.0 3
510 1.0 nan 0.8 1.0 1.0 2468.427133333333 2468.4281666666666 2468.7316333333333 2467.9368 2470.2953271944407 2468.6170333333334 -1.0 2468.6170333333334 -1.0 1
511 1.0 nan 0.8 1.0 1.0 2471.6437666666666 2471.6448 2471.9254666666666 2471.0572333333334 2473.493960701376 2471.8179 -1.0 2471.8179 -1.0 1
512 1.0 nan 0.8 1.0 1.0 2474.7954666666665 2474.7964666666667 2475.0655666666667 2474.2590666666665 2476.6271938683562 2474.943 -1.0 2474.943 -1.0 1
513 1.0 nan 0.8 1.0 1.0 2479.728433333333 2479.7294333333334 2480.009633333333 2477.3913 2481.578557230835 2479.8846 -1.0 2479.8846 -1.0 1
514 1.0 nan 0.8 1.0 1.0 2483.026966666667 2483.0281 2483.2741666666666 2482.355666666667 2484.843867666667 2483.1659666666665 -1.0 2483.1659666666665 -1.0 1
515 nan 0.25 0.8 -1.0 1.0 2486.4617333333335 2486.4631 2487.7757 2485.6206666666667 2489.3437238799193 2486.7058 1.0 2487.6968333333334 1.0 4
516 nan 0.125 0.8 -1.0 1.0 2491.4781333333335 2491.4790666666668 2496.3876 2490.1160333333332 2497.944895861251 2492.4459 1.0 2496.0836 1.0 4
517 nan 1.0 0.8 -1.0 1.0 2499.3436 2499.3443666666667 2499.6109333333334 2498.7389 2501.1768272598306 2499.5124666666666 1.0 2499.5124666666666 1.0 1
518 nan 1.0 0.2 -1.0 1.0 2502.661433333333 2502.6623666666665 2502.9782333333333 2501.9560333333334 2504.5601599639963 2502.868 1.0 2502.868 1.0 1
519 nan 0.25 0.2 -1.0 1.0 2505.9282 2505.9293333333335 2506.2586666666666 2505.3427666666666 2507.8432902596496 2506.127933333333 1.0 2506.127933333333 1.0 1
520 1.0 nan 0.2 1.0 1.0 2509.8280666666665 2509.829 2510.1592333333333 2509.032 2511.7444278930634 2509.9974 -1.0 2509.9974 -1.0 1
521 nan 0.125 0.2 -1.0 1.0 2513.0265666666664 2513.027666666667 2513.4497333333334 2512.523833333333 2515.026460648196 2513.2591666666667 1.0 2513.2591666666667 1.0 1
522 nan 0.25 0.2 -1.0 1.0 2516.3446 2516.3456333333334 2516.745066666667 2515.8191666666667 2518.3279940011917 2516.5429 1.0 2516.5429 1.0 1
523 0.25 nan 0.2 -1.0 -1.0 2525.876566666667 2525.8776 2526.3242666666665 2519.1201 2528.894593064548 2525.9681333333333 1.0 2526.268666666667 1.0 2
524 nan 0.0625 0.2 -1.0 1.0 2531.8594 2531.8603 2532.9960333333333 2529.7371 2534.57785910631 2532.4247333333333 1.0 2532.8575333333333 1.0 2
525 nan 0.25 0.2 -1.0 1.0 2546.0594666666666 2546.0605 2552.686133333333 2535.388266666667 2554.259427141711 2552.5397333333335 1.0 2552.5397333333335 1.0 1
526 nan 0.125 0.2 -1.0 1.0 2557.8777333333333 2557.8788 2559.3325 2555.1104333333333 2560.9095939723143 2559.1266 1.0 2559.1266 1.0 1
527 1.0 nan 0.2 1.0 1.0 2563.4937333333332 2563.4947666666667 2563.7690333333335 2561.7035 2565.342856916282 2563.6615 -1.0 2563.6615 -1.0 1
528 nan 0.0625 0.2 -1.0 1.0 2566.8441 2566.8451 2566.9322666666667 2566.1215666666667 2568.510968666667 2566.7709 1.0 2566.7709 1.0 1
529 nan 0.125 0.2 -1.0 1.0 2571.5758333333333 2571.5768333333335 2572.0524 2569.317666666667 2573.6274239750255 2571.9466666666667 1.0 2571.9466666666667 1.0 1
530 nan 0.25 0.2 -1.0 1.0 2575.4592 2575.4600666666665 2575.7107333333333 2574.4202333333333 2577.2925604406514 2575.6021 1.0 2575.6021 1.0 1
531 nan 1.0 0.2 -1.0 1.0 2578.8104333333335 2578.8114 2579.1246666666666 2578.0875666666666 2580.710594283672 2579.0154666666667 1.0 2579.0154666666667 1.0 1
532 nan 0.0 0.2 1.0 -1.0 2582.075766666667 2582.0767333333333 2613.0609 2581.5007 2615.6435272819285 2583.5936333333334 -1.0 2612.7943666666665 -1.0 26
533 nan 0.25 0.2 -1.0 1.0 2618.4587 2618.459566666667 2618.8692666666666 2616.4886333333334 2620.441862038349 2618.6853333333333 1.0 2618.6853333333333 1.0 1
534 nan 0.125 0.2 -1.0 1.0 2622.0098666666668 2622.0108666666665 2622.4514 2621.2449666666666 2624.026793573769 2622.3038666666666 1.0 2622.3038666666666 1.0 1
535 0.25 nan 0.2 1.0 1.0 2625.3587333333335 2625.3598666666667 2625.8119333333334 2624.8242 2627.392127482044 2625.5556666666666 -1.0 2625.5556666666666 -1.0 1
536 1.0 nan 0.2 1.0 1.0 2629.7763666666665 2629.7775 2630.0352666666668 2628.1833333333334 2631.6083894613125 2629.9122333333335 -1.0 2629.9122333333335 -1.0 1
537 0.0 nan 0.2 1.0 1.0 2632.91 2632.9111666666668 2637.7584333333334 2632.4018 2639.341961769984 2632.8272666666667 -1.0 2637.6079 -1.0 4
538 nan 0.25 0.2 -1.0 1.0 2641.5929 2641.5941333333335 2641.9241666666667 2640.142766666667 2643.4931955937473 2641.6798 -1.0 2641.6798 -1.0 1
539 nan 1.0 0.2 -1.0 1.0 2645.1082666666666 2645.1091 2645.3748 2644.2903 2646.9596266409617 2645.272233333333 1.0 2645.272233333333 1.0 1
540 0.125 nan 0.2 1.0 1.0 2648.524933333333 2648.5261 2648.8841333333335 2647.7604333333334 2650.4595610979572 2648.7308 -1.0 2648.7308 -1.0 1
541 0.0 nan 0.2 -1.0 -1.0 2652.3749333333335 2652.3757666666666 2654.3424 2651.252466666667 2656.9262271490948 2653.147233333333 -1.0 2653.6547 -1.0 3
542 nan 0.125 0.2 -1.0 1.0 2658.4413 2658.4423666666667 2658.8261333333335 2657.7202333333335 2660.4093609401707 2658.3814666666667 -1.0 2658.7144333333335 1.0 2
543 nan 0.0625 0.2 -1.0 1.0 2663.691533333333 2663.6923666666667 2664.1103 2661.220766666667 2665.692795875489 2663.9847666666665 1.0 2663.9847666666665 1.0 1
544 nan 0.25 0.2 -1.0 1.0 2670.058 2670.059 2670.4257666666667 2666.5052 2672.0092592517185 2670.316533333333 1.0 2670.316533333333 1.0 1
545 nan 0.125 0.2 -1.0 1.0 2673.291333333333 2673.2923 2673.417266666667 2672.8043666666667 2674.9914931030144 2673.2737666666667 1.0 2673.2737666666667 1.0 1
546 nan 0.125 0.2 -1.0 1.0 2676.3425 2676.3436333333334 2676.7442 2675.7878 2678.3094272549124 2676.6493666666665 1.0 2676.6493666666665 1.0 1
547 nan 0.25 0.2 -1.0 1.0 2679.674466666667 2679.6753 2679.957933333333 2679.1160333333332 2681.5262603255774 2679.8338 1.0 2679.8338 1.0 1
548 nan 0.0 0.2 1.0 -1.0 2683.7413 2683.7422666666666 2687.3209333333334 2682.3306666666667 2689.876127884869 2684.2649666666666 -1.0 2687.0851333333335 -1.0 2
549 nan 0.0625 0.2 -1.0 1.0 2691.2575333333334 2691.258566666667 2694.1603666666665 2690.684133333333 2695.7256928128763 2693.7826 -1.0 2693.9038333333333 -1.0 2
550 nan 0.0 0.2 -1.0 1.0 2698.757666666667 2698.758533333333 2699.7148333333334 2696.5315 2701.2758588912316 2699.4877666666666 1.0 2699.4877666666666 1.0 1
551 nan 0.25 0.2 -1.0 1.0 2703.3408 2703.3418666666666 2703.638066666667 2702.091066666667 2705.191195048268 2703.5379 1.0 2703.5379 1.0 1
552 nan 0.125 0.2 -1.0 1.0 2707.7587 2707.7595 2707.9389 2706.0081 2709.4908290347844 2707.796566666667 1.0 2707.796566666667 1.0 1
553 1.0 nan 0.8 1.0 1.0 2710.859 2710.8598333333334 2711.1563333333334 2710.3022333333333 2712.7073562923115 2711.0216666666665 -1.0 2711.0216666666665 -1.0 1
554 0.125 nan 0.8 1.0 1.0 2716.8587666666667 2716.860133333333 2717.9851 2713.9531666666667 2719.5424267025314 2716.8541333333333 1.0 2717.8489666666665 -1.0 4
555 0.25 nan 0.8 1.0 1.0 2723.8906666666667 2723.8917666666666 2724.2547666666665 2720.373633333333 2725.8073930490295 2724.1281 -1.0 2724.1281 -1.0 1
556 0.0 nan 0.8 -1.0 -1.0 2729.725 2729.7260666666666 2736.6487 2726.6501 2739.223894823787 2731.1433666666667 -1.0 2736.5299666666665 1.0 4
557 1.0 nan 0.8 1.0 1.0 2740.7748 2740.7757 2741.0787333333333 2740.0516 2742.6571264304384 2740.9749 -1.0 2740.9749 -1.0 1
558 0.0625 nan 0.8 -1.0 -1.0 2744.808433333333 2744.809333333333 2747.681 2743.4668333333334 2750.2571245196737 2744.7536333333333 1.0 2747.4793 1.0 5
559 1.0 nan 0.8 1.0 1.0 2751.7584333333334 2751.7593333333334 2752.0882333333334 2751.0804333333335 2753.658060674748 2751.9021333333335 -1.0 2751.9021333333335 -1.0 1
560 0.25 nan 0.8 1.0 1.0 2755.1069 2755.1079666666665 2755.7444666666665 2754.4709666666668 2757.323794636408 2755.5992666666666 -1.0 2755.5992666666666 -1.0 1
561 nan 0.0 0.8 -1.0 1.0 2759.7084333333332 2759.7092666666667 2773.1847333333335 2758.1327 2774.756760621992 2762.4747666666667 -1.0 2773.080466666667 1.0 14
562 0.0625 nan 0.8 -1.0 -1.0 2776.2080666666666 2776.2092666666667 2777.4908666666665 2775.5998666666665 2780.0566968853477 2777.2757666666666 1.0 2777.2757666666666 1.0 1
563 nan 0.25 0.8 -1.0 1.0 2781.708166666667 2781.709533333333 2782.0478333333335 2780.8645 2783.624726721031 2781.931633333333 1.0 2781.931633333333 1.0 1
564 0.25 nan 0.8 -1.0 -1.0 2785.640033333333 2785.6408333333334 2787.8045 2784.4416333333334 2790.373192847576 2785.6062 1.0 2787.7346 1.0 4
565 1.0 nan 0.8 1.0 1.0 2792.1579666666667 2792.1588 2792.5631333333336 2791.1996 2794.1412281468756 2792.3927 -1.0 2792.3927 -1.0 1
566 0.0 nan 0.8 -1.0 -1.0 2795.856333333333 2795.857466666667 2798.7581 2794.9497333333334 2801.324494276486 2795.966066666667 1.0 2798.6901666666668 1.0 3
567 1.0 nan 0.8 1.0 1.0 2803.2732666666666 2803.2741 2803.5162333333333 2802.1598 2805.089728030385 2803.4164 -1.0 2803.4164 -1.0 1
568 1.0 nan 0.8 -1.0 -1.0 2817.6242666666667 2817.6253666666667 2824.6377 2805.9117333333334 2827.207558096463 2822.267333333333 1.0 2824.5693 1.0 4
569 0.25 nan 0.8 -1.0 -1.0 2828.656266666667 2828.6573333333336 2837.0563 2828.1183666666666 2839.6225619094002 2829.0470333333333 1.0 2836.9449 1.0 5
570 0.0 nan 0.8 -1.0 -1.0 2841.1405 2841.1416 2852.863566666667 2840.4562666666666 2855.4225254011585 2842.6214333333332 1.0 2852.7836 1.0 7
571 nan 0.125 0.8 -1.0 1.0 2856.790466666667 2856.7915333333335 2859.3361666666665 2856.2700333333332 2860.905663605233 2857.2725666666665 -1.0 2859.1633333333334 1.0 2
572 0.125 nan 0.8 -1.0 -1.0 2862.423766666667 2862.4248666666667 2871.9698 2861.7355666666667 2874.540192688951 2863.6157 1.0 2871.8488333333335 1.0 8
573 0.25 nan 0.8 -1.0 -1.0 2876.6221666666665 2876.6231333333335 2892.4114 2875.3914 2894.9719931280715 2877.8512666666666 1.0 2892.2721666666666 1.0 7
574 nan 0.125 0.8 -1.0 1.0 2896.3899666666666 2896.3910333333333 2900.4068666666667 2895.8809 2901.9732596884473 2896.6790666666666 -1.0 2900.2103333333334 1.0 4
575 nan 0.125 0.8 -1.0 1.0 2904.921766666667 2904.922666666667 2905.5759 2902.801466666667 2907.139824617323 2904.8208 -1.0 2905.4122666666667 1.0 3
576 0.125 nan 0.8 -1.0 -1.0 2908.4552 2908.456 2908.9643333333333 2907.9707333333336 2911.5381622703367 2908.4836666666665 -1.0 2908.8191666666667 1.0 3
577 nan 0.0 0.8 1.0 -1.0 2916.7232 2916.7239666666665 2917.4746333333333 2912.3852666666667 2920.0383583916414 2917.205933333333 -1.0 2917.205933333333 -1.0 1
578 0.125 nan 0.8 -1.0 -1.0 2927.256066666667 2927.256933333333 2927.854566666667 2920.9147666666668 2930.422760232313 2927.4735 -1.0 2927.8181 1.0 2
579 nan 0.0625 0.8 -1.0 1.0 2931.8214666666668 2931.8225666666667 2937.9428 2931.298566666667 2939.504929141635 2936.3791 1.0 2937.9236666666666 1.0 3
580 1.0 nan 0.8 -1.0 -1.0 2943.2061 2943.2072333333335 2945.2285 2940.3451333333333 2947.80622423791 2943.5271666666667 1.0 2945.157366666667 1.0 6
581 0.0625 nan 0.8 -1.0 -1.0 2949.2712333333334 2949.2721666666666 2952.8654666666666 2948.6440333333335 2955.42139469275 2950.1911 1.0 2952.761 1.0 2
582 0.25 nan 0.8 -1.0 -1.0 2956.8224 2956.8234666666667 2969.0221 2956.2557 2971.6058272976966 2957.6058333333335 1.0 2968.9895666666666 1.0 3
583 nan 1.0 0.8 -1.0 1.0 2972.9874 2972.9884 2973.262366666667 2972.4609333333333 2974.8391589531557 2973.0713 -1.0 2973.0713 -1.0 1
584 0.125 nan 0.8 -1.0 -1.0 2976.2709333333332 2976.272066666667 2981.9497 2975.6808666666666 2984.5390600165006 2979.4513666666667 1.0 2981.6819666666665 1.0 2
585 0.0625 nan 0.8 -1.0 -1.0 2985.954166666667 2985.955 3000.2063 2985.3778666666667 3002.789027445046 2999.1463 1.0 3000.1123666666667 1.0 2
586 1.0 nan 0.8 1.0 1.0 3004.1871666666666 3004.1882666666666 3004.670866666667 3003.6540333333332 3006.2552603237455 3004.3518 -1.0 3004.3518 -1.0 1
587 1.0 nan 0.8 1.0 1.0 3007.720566666667 3007.7216 3008.1965 3007.123666666667 3009.7718939591796 3007.9204666666665 -1.0 3008.1399333333334 -1.0 2
588 0.125 nan 0.8 -1.0 -1.0 3014.9203666666667 3014.9212333333335 3017.718533333333 3010.6138 3020.3036926527247 3014.9936 -1.0 3017.4945 1.0 4
589 nan 0.0625 0.8 -1.0 1.0 3022.2218 3022.2228666666665 3022.5441333333333 3021.1862 3024.120446996379 3022.4727666666668 1.0 3022.4727666666668 1.0 1
590 0.125 nan 0.8 -1.0 -1.0 3028.6718 3028.6728333333335 3034.2164666666667 3025.439066666667 3036.8049615700666 3028.6954333333333 1.0 3034.1120333333333 1.0 8
591 0.0625 nan 0.8 -1.0 -1.0 3039.1534666666666 3039.154466666667 3060.9337 3037.6731666666665 3063.504825634033 3040.301 -1.0 3060.9034333333334 1.0 9
592 0.25 nan 0.8 -1.0 -1.0 3064.8531333333335 3064.8540333333335 3067.804 3064.3759333333333 3070.371193661214 3066.099333333333 1.0 3067.4502 1.0 2
593 0.25 nan 0.8 -1.0 -1.0 3071.9698333333336 3071.9707 3072.893 3071.2283 3075.454129732727 3072.5654 1.0 3072.7693 1.0 2
594 1.0 nan 0.8 1.0 1.0 3081.2529666666665 3081.2539666666667 3081.5971 3076.307533333333 3083.169924057759 3081.438866666667 -1.0 3081.438866666667 -1.0 1
595 1.0 nan 0.8 1.0 1.0 3088.0709 3088.071933333333 3088.362866666667 3084.042033333333 3089.9193924341175 3088.2465 -1.0 3088.2465 -1.0 1
596 nan 1.0 0.8 -1.0 1.0 3091.4874333333332 3091.4882333333335 3091.7576 3090.7859 3093.3195260054385 3091.6438 1.0 3091.6438 1.0 1
597 0.25 nan 0.8 -1.0 -1.0 3094.771 3094.7719 3103.643866666667 3094.1633333333334 3106.204228611421 3103.1163 1.0 3103.2851666666666 -1.0 2
598 0.0625 nan 0.8 -1.0 -1.0 3108.0023666666666 3108.0035 3123.757433333333 3107.071933333333 3126.3205266313057 3115.923333333333 -1.0 3123.4624 1.0 6
599 0.0625 nan 0.8 -1.0 -1.0 3127.9524666666666 3127.953433333333 3158.125 3127.1961333333334 3160.685458824064 3131.9493333333335 -1.0 3158.0801666666666 1.0 9
600 1.0 nan 0.8 -1.0 -1.0 3162.52 3162.521 3170.9493 3161.5980666666665 3173.50189281681 3164.164133333333 -1.0 3170.9434333333334 1.0 8
601 0.0 nan 0.8 -1.0 -1.0 3180.303266666667 3180.3042666666665 3181.5009333333333 3174.3824 3184.06959256829 3181.1771 -1.0 3181.3124 1.0 2
602 1.0 nan 0.8 -1.0 -1.0 3186.484933333333 3186.4859 3188.7019 3184.9616 3191.2697606568286 3186.7807333333335 -1.0 3188.4724333333334 -1.0 4
603 nan 0.25 0.8 -1.0 1.0 3193.335 3193.335866666667 3209.0093333333334 3192.1311666666666 3210.584726554852 3196.4488666666666 1.0 3208.872 1.0 7
604 0.25 nan 0.8 -1.0 -1.0 3216.0190666666667 3216.0201333333334 3219.9664333333335 3211.4881333333333 3222.551358714226 3218.8412333333335 1.0 3219.8712333333333 1.0 2
605 0.0625 nan 0.8 -1.0 -1.0 3224.3523333333333 3224.353433333333 3260.1593 3223.4437666666668 3262.7339268291153 3224.533966666667 1.0 3260.0709333333334 1.0 18
606 0.25 nan 0.8 -1.0 -1.0 3264.3521 3264.3533333333335 3265.1256 3263.666833333333 3267.7020902519735 3264.9833 1.0 3264.9833 1.0 1
607 0.125 nan 0.8 -1.0 -1.0 3269.1673666666666 3269.1683 3271.0749 3268.5653 3273.6520579842713 3270.808466666667 1.0 3270.808466666667 1.0 1
608 0.25 nan 0.8 -1.0 -1.0 3275.0506666666665 3275.0515666666665 3280.5825333333332 3274.5163666666667 3283.15052921097 3277.3847666666666 -1.0 3280.4454 1.0 5
609 nan 0.0625 0.8 -1.0 1.0 3284.5351666666666 3284.5362 3289.5086 3284.0236333333332 3291.0837242099383 3288.532 -1.0 3289.369833333333 1.0 2
610 0.0625 nan 0.8 -1.0 -1.0 3293.6516 3293.6525 3298.7528333333335 3291.9673333333335 3301.3337257118797 3294.353433333333 1.0 3298.6496666666667 1.0 3
611 0.0 nan 0.8 -1.0 -1.0 3302.9517333333333 3302.9528666666665 3304.878133333333 3302.2174333333332 3307.4502639475813 3304.3439 1.0 3304.7299666666668 -1.0 2
612 1.0 nan 0.8 -1.0 -1.0 3310.4515 3310.4524333333334 3315.1631 3308.3132666666666 3317.7333600928173 3310.444433333333 -1.0 3315.0586333333335 1.0 6
613 0.0625 nan 0.8 -1.0 -1.0 3320.0014 3320.0024 3324.3200666666667 3318.6167666666665 3326.8999580392706 3321.5603333333333 1.0 3323.7008 1.0 2
614 1.0 nan 0.8 -1.0 -1.0 3334.400866666667 3334.4017 3334.9880333333335 3327.782366666667 3337.566560296984 3334.6788666666666 1.0 3334.8432333333335 1.0 2
615 nan 0.125 0.8 1.0 -1.0 3350.8341333333333 3350.835 3353.7366666666667 3338.4602666666665 3356.3178581341176 3352.4753666666666 -1.0 3353.3804666666665 -1.0 2
616 0.25 nan 0.8 -1.0 -1.0 3358.5496 3358.5506333333333 3371.9716 3357.3105666666665 3374.5506270485716 3364.7272666666668 -1.0 3371.8130666666666 1.0 4
617 nan 1.0 0.8 -1.0 1.0 3378.766 3378.7669333333333 3379.0878666666667 3375.4524333333334 3380.6671923339563 3378.9832333333334 1.0 3378.9832333333334 1.0 1
618 0.0 nan 0.8 -1.0 -1.0 3382.2326333333335 3382.233566666667 3389.1288666666665 3381.5515 3391.7002928409547 3388.9300333333335 1.0 3388.9300333333335 1.0 1
619 0.0 nan 0.8 -1.0 -1.0 3393.0824333333335 3393.0835333333334 3396.7605 3392.6019 3399.332361012214 3396.365533333333 1.0 3396.6639333333333 1.0 2
620 0.125 nan 0.8 -1.0 -1.0 3421.2501333333335 3421.2511 3457.7076333333334 3400.2053666666666 3460.264755898859 3424.101166666667 1.0 3457.5675 1.0 3
621 0.0625 nan 0.8 -1.0 -1.0 3463.1997666666666 3463.2006333333334 3479.759233333333 3461.466266666667 3482.3147612078765 3464.9283 1.0 3479.5679333333333 1.0 2
622 1.0 nan 0.8 1.0 1.0 3483.8326666666667 3483.8335333333334 3484.5598 3483.2354666666665 3486.114693061149 3484.2745666666665 -1.0 3484.4524666666666 -1.0 2
623 nan 1.0 0.8 -1.0 1.0 3493.415933333333 3493.416833333333 3495.4511 3487.0148 3496.9992933786975 3494.2097 -1.0 3495.3519333333334 1.0 3
624 nan 1.0 0.8 -1.0 1.0 3501.4145 3501.415466666667 3501.694033333333 3497.9413 3503.2491589766473 3501.5881 1.0 3501.5881 1.0 1
625 nan 0.0 0.8 -1.0 1.0 3505.3644 3505.3654666666666 3505.4503 3504.1518666666666 3506.9976930765115 3505.3379333333332 1.0 3505.3379333333332 1.0 1
626 0.25 nan 0.8 -1.0 -1.0 3510.099133333333 3510.1001333333334 3512.0981 3507.8851 3514.6489905337576 3510.3802 -1.0 3511.9491666666668 1.0 2
627 0.0625 nan 0.8 -1.0 -1.0 3516.0810333333334 3516.0821 3516.797433333333 3515.525 3519.347529103023 3516.6593 1.0 3516.6593 1.0 1
628 0.0625 nan 0.8 -1.0 -1.0 3520.7991666666667 3520.8001 3520.9341 3520.2262333333333 3523.497661607755 3520.7564 1.0 3520.7564 1.0 1
629 0.0 nan 0.8 -1.0 -1.0 3525.032133333333 3525.033066666667 3525.1630666666665 3524.376566666667 3527.713995005359 3524.9512666666665 1.0 3524.9512666666665 1.0 1
630 nan 0.0625 0.2 -1.0 1.0 3529.2821 3529.283066666667 3533.122066666667 3528.6003 3534.6809592751215 3529.3268 1.0 3533.0504666666666 1.0 3
631 nan 0.125 0.2 -1.0 1.0 3536.2154666666665 3536.2163666666665 3536.7137 3535.5565666666666 3538.264193832125 3536.5956666666666 1.0 3536.5956666666666 1.0 1
632 nan 0.125 0.2 -1.0 1.0 3539.6154 3539.6163333333334 3540.2725333333333 3539.143 3541.8319270994302 3539.9641 1.0 3539.9641 1.0 1
633 0.0625 nan 0.2 -1.0 -1.0 3543.3472666666667 3543.3483333333334 3543.611 3542.714033333333 3546.1641884428736 3543.471 1.0 3543.471 1.0 1
634 nan 0.125 0.2 -1.0 1.0 3547.4987 3547.4996333333333 3553.0940333333333 3547.0449 3554.6471606686287 3552.9013333333332 1.0 3552.9013333333332 1.0 1
635 nan 0.125 0.2 -1.0 1.0 3556.1152333333334 3556.116266666667 3556.5574666666666 3555.5387666666666 3558.1138924170195 3556.3729333333335 1.0 3556.3729333333335 1.0 1
636 1.0 nan 0.2 1.0 1.0 3563.7318333333333 3563.7329 3564.0707666666667 3559.0069 3565.6316607616654 3563.9734333333336 -1.0 3563.9734333333336 -1.0 1
637 0.25 nan 0.2 -1.0 -1.0 3567.0302666666666 3567.031233333333 3571.3605333333335 3566.5228666666667 3573.9149579938367 3567.8305333333333 1.0 3571.2484 1.0 3
638 0.0625 nan 0.2 -1.0 -1.0 3575.847 3575.8482 3627.9553333333333 3574.7981666666665 3630.5144927442543 3575.8942333333334 -1.0 3627.9542 1.0 21
639 nan 1.0 0.2 -1.0 1.0 3632.3294666666666 3632.3303333333333 3632.6259333333333 3631.4985 3634.1796270231184 3632.4989 1.0 3632.4989 1.0 1
640 nan 0.0625 0.2 -1.0 1.0 3635.6641 3635.665 3642.3067 3635.0700333333334 3643.8639261249327 3637.1985 1.0 3642.1414 1.0 3
641 nan 0.25 0.2 -1.0 1.0 3645.3959 3645.3973 3645.9055333333336 3644.755833333333 3647.4642594515885 3645.7015333333334 1.0 3645.7015333333334 1.0 1
642 nan 0.0625 0.2 -1.0 1.0 3648.8292333333334 3648.830266666667 3669.1035666666667 3648.350066666667 3670.680591686219 3653.9043333333334 -1.0 3669.0477666666666 1.0 6
643 nan 0.0 0.2 0.0 -1.0 3672.2456333333334 3672.2465333333334 3732.248 3671.609 3734.747291856099 3678.5091666666667 -1.0 3728.294766666667 -1.0 21
644 nan 0.0 0.2 -1.0 1.0 3735.7282 3740.129 3743.9135 3735.7244 3745.478122987105 3735.726166666667 1.0 3743.859466666667 1.0 8
645 nan 0.25 0.2 -1.0 1.0 3747.7296 3747.730666666667 3767.0849333333335 3746.385333333333 3768.6626261961956 3748.7065 1.0 3767.005866666667 1.0 10
646 0.25 nan 0.2 -1.0 -1.0 3771.3112 3771.3122333333336 3771.8969 3769.607433333333 3774.460991537398 3771.5133 1.0 3771.753133333333 1.0 3
647 nan 1.0 0.2 -1.0 1.0 3796.8955666666666 3796.8965 3802.3026666666665 3775.3645 3803.8774911901414 3801.6476333333335 -1.0 3802.2038 1.0 2
648 nan 1.0 0.2 -1.0 1.0 3805.4618 3805.4628 3805.775 3804.9433 3807.345126293017 3805.6518 1.0 3805.6518 1.0 1
649 nan 0.0625 0.2 -1.0 1.0 3810.8439333333336 3810.8448 3817.706 3808.2389333333335 3819.2772276221335 3817.6058666666668 1.0 3817.6058666666668 1.0 1
650 nan 0.25 0.2 -1.0 1.0 3820.9119666666666 3820.9131 3828.3797 3820.1995333333334 3829.9271267873078 3828.249566666667 1.0 3828.249566666667 1.0 1
651 nan 0.0 0.8 -1.0 1.0 3831.2951 3831.296066666667 3842.0960333333333 3830.8361333333332 3843.6451596900956 3835.600066666667 1.0 3841.9236666666666 1.0 2
652 0.125 nan 0.8 1.0 1.0 3845.4602333333332 3845.4610333333335 3846.2743 3844.5697666666665 3847.8280947203684 3845.4241 -1.0 3846.1857 -1.0 2
653 1.0 nan 0.8 1.0 1.0 3854.6769 3854.678 3863.1819666666665 3848.7385 3864.7278589720268 3854.976133333333 -1.0 3863.028766666667 -1.0 4
654 0.25 nan 0.8 -1.0 -1.0 3866.41 3866.4113 3882.0206 3865.715366666667 3884.576459216436 3874.1887333333334 1.0 3882.0172 1.0 4
655 nan 1.0 0.8 -1.0 1.0 3886.2612 3886.2622666666666 3893.070333333333 3885.5118666666667 3894.642759473433 3891.933 1.0 3892.9722 1.0 3
656 0.125 nan 0.8 -1.0 -1.0 3896.1607 3896.1615666666667 3909.4515333333334 3895.5671666666667 3912.010826374501 3900.6852 -1.0 3909.302 1.0 7
657 1.0 nan 0.8 -1.0 -1.0 3913.4926333333333 3913.4935333333333 3932.485133333333 3912.944933333333 3935.0425580915344 3916.1419 -1.0 3932.2822333333334 1.0 7
658 0.0625 nan 0.8 -1.0 -1.0 3936.4937333333332 3936.4948 3941.1948 3935.9881666666665 3943.760528287584 3939.886233333333 1.0 3941.190633333333 1.0 2
659 nan 0.25 0.8 -1.0 1.0 3945.2425 3945.2434333333335 3945.8024666666665 3944.6790333333333 3947.358860189122 3945.5135333333333 1.0 3945.5135333333333 1.0 1
660 0.125 nan 0.8 -1.0 -1.0 3948.9603333333334 3948.9614333333334 3949.4354333333335 3948.2728666666667 3951.993820808351 3949.139366666667 -1.0 3949.139366666667 -1.0 1
661 0.25 nan 0.8 -1.0 -1.0 3953.492 3953.4931 3955.6417666666666 3952.9408333333336 3958.2100921334195 3955.3182333333334 -1.0 3955.5166 1.0 2
662 0.0625 nan 0.8 -1.0 -1.0 3963.208866666667 3963.209733333333 3964.0140666666666 3959.1254 3966.5769823244887 3963.8176333333336 1.0 3963.8176333333336 1.0 1
