DY_014 ee8b36de-779f-4dea-901f-e0141c95722b danlab 2020-07-18 _iblrig_tasks_ephysChoiceWorld6.4.0 M 294 553
0 0.25 nan 0.5 1.0 1.0 11.307602460011308 11.30850237001131 11.626670550011626 10.825184040010825 13.174280432989804 11.515614990011516 -1.0 11.515614990011516 -1.0 1
1 0.125 nan 0.5 1.0 1.0 15.32976687001533 15.33076677001533 15.668299680015668 13.556777520013556 17.241403099009 15.510982080015511 -1.0 15.510982080015511 -1.0 1
2 0.125 nan 0.5 1.0 1.0 18.27987183001828 18.28070508001828 18.403292820018404 17.62910358001763 19.980400304331376 18.284571360018283 -1.0 18.284571360018283 -1.0 1
3 nan 0.25 0.5 -1.0 1.0 21.341132340021343 21.341998920021343 21.682531530021684 20.356697460020357 23.263328929446928 21.54061239002154 -1.0 21.54061239002154 -1.0 1
4 0.0625 nan 0.5 -1.0 -1.0 24.224510640024224 24.225643860024228 24.972269190024974 23.685531210023687 27.541041815612072 24.48891753002449 1.0 24.867046380024867 1.0 3
5 nan 1.0 0.5 -1.0 1.0 28.43032335002843 28.431223260028432 28.737259320028738 27.923840670027925 30.307663147738626 28.60850553002861 1.0 28.60850553002861 1.0 1
6 nan 0.125 0.5 -1.0 1.0 31.712628420031713 31.713495000031713 32.248574820032246 30.686264400030687 33.82388029221789 31.928640150031928 1.0 31.928640150031928 1.0 1
7 nan 0.125 0.5 1.0 -1.0 34.946405010034944 34.94747157003495 38.35573071003836 34.20787887003421 40.929602115792996 38.2041125400382 -1.0 38.2041125400382 -1.0 1
8 nan 0.0625 0.5 1.0 -1.0 41.80728552004181 41.80835208004181 42.54101214004254 41.326100310041326 45.107417553276946 42.001566090042004 1.0 42.001566090042004 1.0 1
9 nan 0.0625 0.5 1.0 -1.0 46.14565164004615 46.14661821004615 46.57294224004657 45.49111710004549 49.145916256705675 46.323333870046326 1.0 46.323333870046326 1.0 1
10 0.125 nan 0.5 1.0 1.0 50.073925440050076 50.07489201005008 50.42242392005042 49.52311386004953 51.9959241875189 50.29470336005029 -1.0 50.29470336005029 -1.0 1
11 nan 0.0625 0.5 1.0 -1.0 53.07415872005308 53.075158620053074 57.49278348005749 52.423423800052426 60.057453769873305 53.26173996005326 1.0 57.34519824005734 -1.0 2
12 0.125 nan 0.5 1.0 1.0 61.1956131600612 61.1967130500612 61.44685470006145 60.461453250060465 63.01236199776851 61.35899682006136 -1.0 61.35899682006136 -1.0 1
13 nan 0.0625 0.5 1.0 -1.0 63.923940300063926 63.925006860063924 64.18401429006418 63.3950598600634 66.75708409417834 64.06559280006407 -1.0 64.06559280006407 -1.0 1
14 nan 0.125 0.5 -1.0 1.0 67.6960297200677 67.6969296300677 80.28153771008029 67.14658467006714 81.84543845392633 73.01343126007302 -1.0 80.12925294008014 1.0 4
15 0.25 nan 0.5 1.0 1.0 82.77325518008277 82.77438840008277 83.03316252008304 82.27863798008228 84.60676598497446 82.94073843008294 -1.0 82.94073843008294 -1.0 1
16 nan 1.0 0.5 -1.0 1.0 85.46231958008546 85.46335281008547 85.73365911008574 84.97696812008498 87.31216619899722 85.62953619008563 1.0 85.62953619008563 1.0 1
17 nan 0.125 0.5 1.0 -1.0 88.25697342008826 88.25793999008826 118.37416140011838 87.7007623800877 120.9615865793034 99.00906477009902 1.0 118.35443004011836 -1.0 6
18 nan 0.125 0.5 -1.0 1.0 121.95580320012196 121.95710307012196 122.3078013301223 121.45718640012146 123.89520427546054 122.2092778501222 1.0 122.2092778501222 1.0 1
19 1.0 nan 0.5 1.0 1.0 125.35589649012536 125.35669641012535 125.58780663012558 124.28440365012429 127.17291145842702 125.50321509012551 -1.0 125.50321509012551 -1.0 1
20 nan 0.25 0.5 -1.0 1.0 128.14475091012815 128.14565082012814 128.4886165201285 127.55171022012755 130.07272086018796 128.35326339012835 1.0 128.35326339012835 1.0 1
21 0.125 nan 0.5 1.0 1.0 131.07779091013109 131.07862416013108 131.3947258801314 130.45202016013044 132.97853049237386 131.26380564013127 -1.0 131.26380564013127 -1.0 1
22 1.0 nan 0.5 1.0 1.0 134.1059214001341 134.1068879701341 134.36882844013437 133.36712862013337 135.9614334263462 134.23930806013425 -1.0 134.23930806013425 -1.0 1
23 0.25 nan 0.5 1.0 1.0 136.8224830501368 136.82351628013683 137.0794573501371 136.33473183013635 138.65545340141458 136.97680095013698 -1.0 136.97680095013698 -1.0 1
24 nan 0.25 0.5 -1.0 1.0 139.72765917013973 139.72882572013972 140.37036156014037 139.10115516013911 141.96126573337725 139.91953998013992 1.0 140.2835369101403 1.0 2
25 nan 0.0625 0.5 1.0 -1.0 142.9060079701429 142.9071078601429 143.34476409014334 142.33716486014234 145.92206756063783 143.14091781014315 -1.0 143.14091781014315 -1.0 1
26 nan 0.25 0.5 -1.0 1.0 146.84381415014684 146.84471406014686 158.57274114015857 146.32896564014632 160.14404280171158 147.01859667014702 1.0 158.13598482015814 -1.0 2
27 nan 0.0 0.5 1.0 -1.0 161.2052778601612 161.2061444401612 161.53781127016154 160.55364303016054 164.1053506042203 161.3946922501614 -1.0 161.3946922501614 -1.0 1
28 0.0 nan 0.5 1.0 1.0 165.06052563016507 165.06142554016506 165.31153386016533 164.4914492101645 166.87724297730557 165.2197430401652 -1.0 165.2197430401652 -1.0 1
29 nan 0.125 0.5 -1.0 1.0 167.83871445016783 167.83971435016784 168.2998683301683 167.25313968016727 169.87777074470293 168.0859897201681 1.0 168.0859897201681 1.0 1
30 nan 1.0 0.5 -1.0 1.0 170.7884527801708 170.7893193601708 171.17128116017116 170.25517278017026 172.73888034476224 170.98203342017098 1.0 170.98203342017098 1.0 1
31 nan 0.25 0.5 -1.0 1.0 173.7937188901738 173.7946188001738 174.2053777201742 173.1873795301732 175.7722848691791 173.97636729017398 1.0 173.97636729017398 1.0 1
32 0.25 nan 0.5 1.0 1.0 176.8105838401768 176.81158374017681 181.42752210018142 176.16018222017615 183.0050245656199 181.2806367901813 -1.0 181.2806367901813 -1.0 1
33 0.0625 nan 0.5 1.0 1.0 184.12738542018414 184.12845198018414 184.3854262801844 183.4094238901834 185.96002908424975 184.26323850018426 -1.0 184.26323850018426 -1.0 1
34 0.0625 nan 0.5 1.0 1.0 186.92130600018692 186.92207259018693 192.7142599801927 186.37202760018639 194.29356208851326 192.55587582019257 -1.0 192.55587582019257 -1.0 1
35 0.125 nan 0.5 1.0 1.0 195.4216892101954 195.42262245019543 195.8164497301958 194.7065607301947 197.38785782944254 195.6939953101957 -1.0 195.6939953101957 -1.0 1
36 0.25 nan 0.5 1.0 1.0 198.46011867019845 198.46121856019846 198.75145620019876 197.77375398019777 200.3267892531229 198.62253576019862 -1.0 198.62253576019862 -1.0 1
37 0.0625 nan 0.5 1.0 1.0 201.35476251020137 201.35586240020135 206.4070905602064 200.72249241020072 207.97701907262658 206.2943685002063 -1.0 206.2943685002063 -1.0 1
38 0.125 nan 0.5 1.0 1.0 209.18764581020918 209.18874570020918 209.47101747020946 208.45871871020847 211.0433228122903 209.37599364020937 -1.0 209.37599364020937 -1.0 1
39 0.0625 nan 0.5 1.0 1.0 212.07155739021206 212.07269061021208 217.2867358202173 211.43422113021143 218.8596388079422 217.12608522021713 -1.0 217.12608522021713 -1.0 1
40 nan 0.25 0.5 -1.0 1.0 219.93743739021994 219.93823731021993 220.90984014022092 219.26803767021926 222.49347093172946 219.92030577021993 -1.0 220.73112468022074 -1.0 3
41 nan 1.0 0.5 -1.0 1.0 223.42065570022342 223.42152228022343 223.78505259022378 222.91427301022293 225.3543600059728 223.64133363022364 1.0 223.64133363022364 1.0 1
42 0.0 nan 0.5 1.0 1.0 226.5099800702265 226.51114662022653 237.39202509023738 225.75535554022576 238.959424183029 231.57620673023158 1.0 237.07165713023707 1.0 5
43 0.125 nan 0.5 1.0 1.0 240.00409719024 240.00493044024 240.7145261402407 239.3987244002394 242.28752443217647 240.24347325024024 1.0 240.5761733102406 -1.0 3
44 0.0 nan 0.5 1.0 1.0 243.47568333024347 243.47654991024348 256.2683706002563 242.76632094024276 257.84290280340537 248.02859466024802 1.0 256.003530420256 -1.0 3
45 nan 0.125 0.5 -1.0 1.0 258.7537887002588 258.75462195025875 259.4015905802594 258.27650310025825 260.97049818518343 258.96056802025896 1.0 259.2574716602593 1.0 2
46 nan 0.25 0.5 -1.0 1.0 262.0759564502621 262.0769230202621 263.1012205802631 261.36699402026136 264.6539247897062 262.8113495702628 1.0 263.018362200263 1.0 2
47 1.0 nan 0.5 1.0 1.0 265.5591081002656 265.5605412902656 265.8982075202659 265.044726210265 267.4758152950381 265.7933846702658 -1.0 265.7933846702658 -1.0 1
48 nan 0.125 0.5 1.0 -1.0 268.4367203102684 268.4374869002684 273.03876006027303 267.86071125026785 275.6091607045764 272.9447028002729 -1.0 272.9447028002729 -1.0 1
49 nan 0.0625 0.5 1.0 -1.0 276.72049185027674 276.7213584302767 277.031027460277 276.02646126027605 279.6035664272939 276.8733765602769 -1.0 276.8733765602769 -1.0 1
50 0.0625 nan 0.5 -1.0 -1.0 280.5089796302805 280.50997953028053 280.85697816028085 279.99096477028 283.42577460539843 280.71085944028073 1.0 280.71085944028073 1.0 1
51 1.0 nan 0.5 1.0 1.0 285.019761840285 285.02059509028504 285.23457369028523 283.9013736902839 286.803709306963 285.14778237028514 -1.0 285.14778237028514 -1.0 1
52 nan 0.0625 0.5 -1.0 1.0 287.6924612102877 287.6935611002877 301.2196416903012 287.1973107302872 302.7864427237884 301.012762380301 1.0 301.012762380301 1.0 1
53 nan 1.0 0.5 -1.0 1.0 303.7250911203037 303.7259910303037 304.11505212030414 303.23084055030324 305.6863547902842 304.011195840304 1.0 304.011195840304 1.0 1
54 nan 0.0 0.5 1.0 -1.0 308.0753560503081 308.07625596030806 308.3982570903084 306.0992536803061 310.9695920668337 308.2609708203083 -1.0 308.2609708203083 -1.0 1
55 nan 0.0625 0.5 -1.0 1.0 312.6253010103126 312.6261675903126 312.92240463031294 311.3815920603114 314.4919075738899 312.8211814203128 1.0 312.8211814203128 1.0 1
56 nan 1.0 0.5 -1.0 1.0 315.65316486031566 315.65413143031566 315.9338034603159 314.9061062403149 317.5033090240425 315.8187483003158 1.0 315.8187483003158 1.0 1
57 1.0 nan 0.5 1.0 1.0 318.60800268031863 318.6091025703186 321.5962371603216 317.9083059903179 323.1692293996975 321.36622683032135 -1.0 321.36622683032135 -1.0 1
58 0.25 nan 0.5 1.0 1.0 324.2582709303243 324.25933749032424 324.56933982032456 323.6731294503237 326.1361440843265 324.45618447032444 -1.0 324.45618447032444 -1.0 1
59 1.0 nan 0.5 1.0 1.0 327.05829090032705 327.05932413032707 327.34032936032736 326.5375429803265 328.90823576003027 327.21970809032723 -1.0 327.21970809032723 -1.0 1
60 nan 1.0 0.5 -1.0 1.0 330.03629307033003 330.03725964033003 330.3010665903303 329.3118321903293 331.87456638638537 330.1888111503302 1.0 330.1888111503302 1.0 1
61 1.0 nan 0.5 1.0 1.0 333.036259710333 333.037226280333 333.2727693903333 332.2728693903323 334.8359753812412 333.1806452703332 -1.0 333.1806452703332 -1.0 1
62 0.125 nan 0.5 1.0 1.0 336.008095830336 336.00919572033604 337.7015931303377 335.23797285033527 339.2580965909288 337.5818051103376 -1.0 337.5818051103376 -1.0 1
63 nan 0.25 0.5 -1.0 1.0 340.25253801034023 340.2534379203403 340.7745858003408 339.66479679033966 342.3248928429774 340.42965363034045 1.0 340.7085924003407 1.0 2
64 nan 0.0 0.5 -1.0 1.0 343.31936463034333 343.32039786034335 344.05139142034403 342.7330899303427 345.607895114267 343.82331423034384 1.0 343.82331423034384 1.0 1
65 0.25 nan 0.5 1.0 1.0 346.63579962034663 346.6366995303466 346.97189934034697 346.019694570346 348.5189248663513 346.86301023034684 -1.0 346.86301023034684 -1.0 1
66 0.0625 nan 0.5 1.0 1.0 349.77465237034977 349.7756522703498 359.54167557035953 349.02272757034905 361.12427190870784 355.5890375403556 1.0 359.3332964103593 -1.0 3
67 nan 0.25 0.5 -1.0 1.0 362.23520619036225 362.23613943036224 362.55537417036254 361.5820715103616 364.1186775482633 362.42128758036245 1.0 362.42128758036245 1.0 1
68 nan 0.0625 0.5 -1.0 1.0 365.1906106203652 365.1914438703652 365.7939836103658 364.54627506036456 367.36858604497803 365.3508612603654 1.0 365.76375330036575 1.0 2
69 nan 0.25 0.5 -1.0 1.0 368.37372561036835 368.37472551036836 368.64329865036865 367.78758423036777 370.2242982221146 368.5467749703686 1.0 368.5467749703686 1.0 1
70 nan 0.0 0.5 -1.0 1.0 371.1856777203712 371.1866776203712 371.5158113703715 370.64659830037067 373.0856126606027 371.3770252503714 1.0 371.3770252503714 1.0 1
71 nan 0.125 0.5 -1.0 1.0 374.1072522003741 374.1083187603741 374.65693056037463 373.5128116503735 376.2186305012721 374.56060686037455 1.0 374.56060686037455 1.0 1
72 0.125 nan 0.5 1.0 1.0 378.7073588103787 378.7082253903787 379.02432711037903 376.65043119037665 380.59052865109254 378.9078387603789 -1.0 378.9078387603789 -1.0 1
73 0.25 nan 0.5 1.0 1.0 381.6853276503817 381.6861942303817 381.995929920382 381.03382614038105 383.5685596093642 381.8783416803819 -1.0 381.8783416803819 -1.0 1
74 nan 1.0 0.5 -1.0 1.0 384.4906137603845 384.4918136403845 384.8437451103849 383.998762950384 386.4186502783718 384.7107917403847 1.0 384.7107917403847 1.0 1
75 nan 0.0625 0.5 -1.0 1.0 387.57387207038755 387.5747719803876 387.91257153038794 386.83724574038683 389.490570600649 387.77818497038777 1.0 387.77818497038777 1.0 1
76 0.0 nan 0.5 1.0 1.0 390.41852091039044 390.4193874903904 395.54900781039555 389.9165711103899 397.11790869884254 395.3817912003954 -1.0 395.3817912003954 -1.0 1
77 nan 0.0 0.5 1.0 -1.0 398.1071519703981 398.1079518903981 402.7045588504027 397.5492077703976 405.26822695846647 402.5788047604026 -1.0 402.5788047604026 -1.0 1
78 0.0625 nan 0.5 -1.0 -1.0 407.1071185504071 407.1081517804071 416.0906867704161 405.7002259204057 418.650984411683 412.8025822804128 1.0 415.998795960416 1.0 3
79 nan 1.0 0.5 -1.0 1.0 420.34036176042036 420.34129500042036 420.6608963704207 419.1137844304191 422.24019725485306 420.53540892042054 1.0 420.53540892042054 1.0 1
80 1.0 nan 0.5 -1.0 -1.0 424.75145394042477 424.75255383042474 433.972098450434 422.6683956004227 436.53432992592343 433.7731183504338 1.0 433.7731183504338 1.0 1
81 nan 1.0 0.5 -1.0 1.0 437.65626333043764 437.6573632204377 447.4096878904474 436.999529010437 448.9889821034538 447.1160172604471 1.0 447.1160172604471 1.0 1
82 0.0625 nan 0.5 1.0 1.0 450.0674887504501 450.0685219804501 450.3858902404504 449.4669821404495 451.95600994615836 450.24630420045025 -1.0 450.24630420045025 -1.0 1
83 nan 0.125 0.5 -1.0 1.0 453.2007087304532 453.2018086204532 453.5201101204535 452.4869134504525 455.08951344448 453.3726582004534 1.0 453.3726582004534 1.0 1
84 0.25 nan 0.5 1.0 1.0 455.983863720456 455.984763630456 456.3010986604563 455.5099111204555 457.8734314690993 456.1957758604562 -1.0 456.1957758604562 -1.0 1
85 0.25 nan 0.5 1.0 1.0 458.93430198045894 458.9354018704589 459.2010086404592 458.2935327304583 460.7672431466754 459.0960858004591 -1.0 459.0960858004591 -1.0 1
86 1.0 nan 0.5 1.0 1.0 461.7056248204617 461.7070246804617 461.965832130462 461.1945426004612 463.53423667401194 461.86017603046184 -1.0 461.86017603046184 -1.0 1
87 1.0 nan 0.5 1.0 1.0 464.6726280904647 464.6736613204647 464.9077379104649 463.954433250464 466.4887381299668 464.8025151004648 -1.0 464.8025151004648 -1.0 1
88 0.0 nan 0.5 1.0 1.0 467.45065026046746 467.45161683046746 480.3102975004803 466.92043662046694 481.888593462579 467.85857613046784 -1.0 480.22170636048025 -1.0 6
89 0.0625 nan 0.5 1.0 1.0 483.017126790483 483.018026700483 483.36042579048336 482.36339217048237 484.9336228902204 483.22173966048325 -1.0 483.22173966048325 -1.0 1
90 0.0 nan 0.8 1.0 1.0 485.93886792048596 485.93996781048594 486.3163301704863 485.36142567048535 487.88393170307364 486.15211326048615 -1.0 486.15211326048615 -1.0 1
91 nan 1.0 0.8 -1.0 1.0 488.9055045604889 488.9066044504889 489.41242053048944 488.31393039048834 490.9892418563944 489.0795538204891 1.0 489.0795538204891 1.0 1
92 1.0 nan 0.8 1.0 1.0 492.0832534204921 492.0842199904921 492.3039313504923 491.53304178049154 493.8725645837066 492.2087408704922 -1.0 492.2087408704922 -1.0 1
93 1.0 nan 0.8 1.0 1.0 494.90020503049493 494.90117160049493 495.1040513104951 494.2986651904943 496.672057003281 495.01689336049503 -1.0 495.01689336049503 -1.0 1
94 0.125 nan 0.8 1.0 1.0 497.6835933304977 497.6844599104977 497.9039712904979 497.0969520004971 499.4666714922679 497.8135470004978 -1.0 497.8135470004978 -1.0 1
95 nan 1.0 0.8 -1.0 1.0 500.42175282050044 500.4227860505004 500.70899076050074 499.8904726204999 502.2886896947692 500.5926357305006 1.0 500.5926357305006 1.0 1
96 0.125 nan 0.8 1.0 1.0 503.40002163050343 503.4010548605034 503.75208642050376 502.7127903605027 505.316689382803 503.6467302905036 -1.0 503.6467302905036 -1.0 1
97 1.0 nan 0.8 1.0 1.0 506.3882561105064 506.3893226705064 506.6220993905066 505.74718689050576 508.1833008971813 506.51081052050654 -1.0 506.51081052050654 -1.0 1
98 0.0 nan 0.8 1.0 1.0 509.2555360205093 509.25663591050926 509.5989016805096 508.6060009805086 511.16670432779745 509.4313184405094 -1.0 509.4313184405094 -1.0 1
99 1.0 nan 0.8 1.0 1.0 512.1884760305122 512.1899092205122 512.4606154805125 511.5900025505116 514.0332151653718 512.3285953505124 -1.0 512.3285953505124 -1.0 1
100 nan 0.0 0.8 1.0 -1.0 515.038824300515 515.0398575305151 515.3995548905154 514.4648150405145 517.9719517886102 515.1823099505152 -1.0 515.1823099505152 -1.0 1
101 0.0 nan 0.8 1.0 1.0 519.049289880519 519.050523090519 519.3496598405194 518.4071541005184 520.8998619431899 519.1757105705192 -1.0 519.1757105705192 -1.0 1
102 0.0 nan 0.8 1.0 1.0 521.9215026305219 521.922469200522 528.0663880805281 521.3381609705214 529.616487823171 527.8530094205279 1.0 527.8530094205279 1.0 1
103 nan 0.25 0.8 -1.0 1.0 530.6051341805306 530.6063673905306 531.0846862205311 530.06528817053 532.632890361856 530.8304783105308 1.0 531.035091180531 1.0 2
104 0.0625 nan 0.8 1.0 1.0 533.7383208305338 533.7393207305338 536.3618917805363 533.0610885605331 537.9213234081556 536.2451367905362 -1.0 536.2451367905362 -1.0 1
105 0.25 nan 0.8 1.0 1.0 538.8323447105388 538.8331779605388 539.1453134105392 538.3685244305384 540.7052186180442 539.0429569805391 -1.0 539.0429569805391 -1.0 1
106 nan 1.0 0.8 -1.0 1.0 541.6824596705417 541.6834595705417 541.995628350542 541.1394139805411 543.5542295843769 541.9017377405419 1.0 541.9017377405419 1.0 1
107 nan 0.25 0.8 -1.0 1.0 544.6488963305446 544.6497629105446 544.891338750545 543.990328860544 546.4324423333372 544.7999145605448 1.0 544.7999145605448 1.0 1
108 nan 0.125 0.8 -1.0 1.0 547.6048007105476 547.6060339205476 547.8528425705479 546.8554423205469 549.3994462862177 547.7574521105478 1.0 547.7574521105478 1.0 1
109 0.125 nan 0.8 1.0 1.0 550.3542924005503 550.3553256305504 550.6840594205507 549.8321446205498 552.238160616239 550.5639714305506 -1.0 550.5639714305506 -1.0 1
110 0.0 nan 0.8 -1.0 -1.0 553.1820762605532 553.1829428405532 553.5849359705536 552.6669611105526 556.1326717337379 553.4008210505534 1.0 553.4008210505534 1.0 1
111 0.0625 nan 0.8 1.0 1.0 557.1542790005572 557.1552455705572 568.3134296405683 556.5694708205566 569.8655283477706 557.4156861905574 -1.0 568.0427900405681 1.0 5
112 0.0625 nan 0.8 1.0 1.0 570.8869722605709 570.8880388205708 577.0899519005771 570.3368272805703 578.6541500165232 571.1423133905712 1.0 576.7328876105768 1.0 3
113 nan 0.0625 0.8 -1.0 1.0 579.7322543105797 579.7332208805798 580.2498692105803 579.1170491705791 581.7983692554589 580.0748867105801 1.0 580.0748867105801 1.0 1
114 1.0 nan 0.8 1.0 1.0 582.9204354605829 582.9215020205829 583.2101731505832 582.2394702305822 584.7710747621868 583.0962845405832 -1.0 583.0962845405832 -1.0 1
115 nan 0.0625 0.2 1.0 -1.0 585.7487859305858 585.7498191605857 589.8867387605899 585.2094732005852 592.4321048474948 585.9500324705859 1.0 589.6778263205897 -1.0 2
116 0.25 nan 0.2 1.0 1.0 594.3712902605944 594.3723568205944 594.6537286805947 592.893304740593 596.2039279024524 594.5283745505945 -1.0 594.5283745505945 -1.0 1
117 nan 0.0625 0.2 1.0 -1.0 597.2817325205973 597.2826324305972 600.929234400601 596.6526287705966 603.4872667660202 600.1892750706002 -1.0 600.6858920706007 1.0 2
118 1.0 nan 0.2 1.0 1.0 604.8148124706048 604.8158457006048 605.055855030605 603.945166110604 606.5986604341625 604.950265590605 -1.0 604.950265590605 -1.0 1
119 nan 1.0 0.2 -1.0 1.0 607.5706035306076 607.5714701106076 607.924668120608 607.046255970607 609.481468511989 607.8208118406078 1.0 607.8208118406078 1.0 1
120 nan 0.0625 0.2 1.0 -1.0 610.6034002206106 610.6047667506106 615.8196785406159 609.9328672806099 618.3696100312233 613.1729432406132 -1.0 615.7508854206158 -1.0 2
121 nan 1.0 0.2 -1.0 1.0 619.3314939906194 619.3322939106193 619.5595045206196 618.8353102806188 621.1199070318378 619.4710133706195 1.0 619.4710133706195 1.0 1
122 nan 0.0625 0.2 -1.0 1.0 622.1979406506222 622.1989072206222 622.7494188306227 621.5644040106216 624.3031189168543 622.6388632206226 1.0 622.6388632206226 1.0 1
123 nan 0.0 0.2 -1.0 1.0 625.3315939206253 625.3325271606253 635.7808822206358 624.7474190106248 637.3482763563675 629.0892847806291 1.0 635.6960907006358 1.0 5
124 nan 1.0 0.2 -1.0 1.0 638.3864883006383 638.3873548806384 638.6780924706387 637.8477755106378 640.2476776226991 638.5887014106386 1.0 638.5887014106386 1.0 1
125 nan 0.0625 0.2 -1.0 1.0 641.6030332806416 641.6039665206416 641.8851050706419 640.8460756506408 643.4534019644807 641.7337535406417 1.0 641.7337535406417 1.0 1
126 nan 0.0625 0.2 -1.0 1.0 645.8976704406459 645.8985370206459 646.2447024006462 643.8948040806439 647.814731218081 646.1067828606461 1.0 646.1067828606461 1.0 1
127 nan 0.0 0.2 -1.0 1.0 648.9526982406489 648.9534981606489 649.2298371906493 648.2798322006483 650.8032368700179 649.1336801406492 1.0 649.1336801406492 1.0 1
128 nan 1.0 0.2 -1.0 1.0 651.7975803906518 651.7984469706518 652.0719196206521 651.2481353406513 653.6310514245358 651.953031510652 1.0 651.953031510652 1.0 1
129 nan 0.25 0.2 -1.0 1.0 654.7860148506547 654.7870814106548 655.030257090655 654.0804520806541 656.6030562078777 654.9398994606549 1.0 654.9398994606549 1.0 1
130 nan 0.0 0.2 -1.0 1.0 657.5811019806575 657.5820352206576 663.2902643406633 657.056854410657 664.8694924436147 657.7431524406577 1.0 663.1966737006632 1.0 4
131 nan 0.125 0.2 -1.0 1.0 665.9309002506659 665.9319001506659 679.6880244006798 665.3501916606654 681.2470511828649 666.1080158706661 1.0 679.6074324606797 1.0 8
132 nan 0.125 0.2 -1.0 1.0 683.6688262806837 683.6699595006837 683.988660960684 681.7549510206818 685.5523590918233 683.8946037006839 1.0 683.8946037006839 1.0 1
133 0.0625 nan 0.2 -1.0 -1.0 686.5800684606866 686.5809017106866 686.8209110406868 686.030756730686 689.3857749371966 686.7205877406867 1.0 686.7205877406867 1.0 1
134 nan 0.25 0.2 -1.0 1.0 690.5135417406905 690.5145083106905 691.0765854306911 689.8460751606899 692.6471841464356 690.7651832406908 1.0 691.003359420691 1.0 2
135 nan 1.0 0.2 -1.0 1.0 693.5851012206936 693.5861677806936 693.9030027606939 693.0979832706931 695.4639006329319 693.7568840406938 1.0 693.7568840406938 1.0 1
136 1.0 nan 0.2 1.0 1.0 697.3855544706973 697.3864210506974 697.7060890806977 695.9148015606959 699.2634062784737 697.6071656406976 -1.0 697.6071656406976 -1.0 1
137 nan 0.125 0.2 -1.0 1.0 701.8354427707019 701.8363426807018 702.2323030807022 699.8822047806999 703.7967337729402 702.1360793707022 1.0 702.1360793707022 1.0 1
138 nan 0.25 0.2 -1.0 1.0 705.001959420705 705.002959320705 705.2876308507053 704.2474348807043 706.8465321359903 705.1849411207052 1.0 705.1849411207052 1.0 1
139 nan 0.0625 0.2 -1.0 1.0 707.8683394207079 707.8692393307078 710.7273534907107 707.3149281007073 712.2968500196778 710.6036325307106 1.0 710.6036325307106 1.0 1
140 nan 0.0625 0.2 -1.0 1.0 713.4854109907135 713.4864775507135 713.7954466507138 712.7737488307127 715.3686741384216 713.6781250507137 1.0 713.6781250507137 1.0 1
141 nan 1.0 0.2 -1.0 1.0 716.5795015507166 716.5804347907166 716.8146780307168 715.8320763007158 718.3847767360445 716.7208207507167 1.0 716.7208207507167 1.0 1
142 1.0 nan 0.2 1.0 1.0 719.4963098407195 719.4974097307195 719.7495845107197 718.8502744507189 721.3131829572288 719.6406287407196 -1.0 719.6406287407196 -1.0 1
143 nan 0.125 0.2 -1.0 1.0 722.3187942307223 722.3196941407223 722.6657928607227 721.7843810107217 724.2299906965895 722.5379056507226 1.0 722.5379056507226 1.0 1
144 0.0625 nan 0.2 1.0 1.0 725.3183609107253 725.3192941507253 729.8716055407299 724.6926901507247 731.4297342528743 729.6168976807296 1.0 729.6168976807296 1.0 1
145 nan 0.25 0.2 -1.0 1.0 732.5683358407326 732.5692024207326 732.8749385107329 731.917834230732 734.451836104085 732.7467846607327 1.0 732.7467846607327 1.0 1
146 1.0 nan 0.2 1.0 1.0 735.3797546707353 735.3808212307354 735.7031556607357 734.919034080735 737.2631514432983 735.5912668507356 -1.0 735.5912668507356 -1.0 1
147 nan 0.25 0.2 -1.0 1.0 738.3178608307384 738.3187607407383 738.6628596607387 737.7342525307378 740.2294571451059 738.5221404007385 1.0 738.5221404007385 1.0 1
148 nan 0.125 0.2 -1.0 1.0 741.2351357407413 741.2360689807413 741.5777681407416 740.6929566307407 743.146164924545 741.4277831407414 1.0 741.4277831407414 1.0 1
149 nan 1.0 0.2 -1.0 1.0 744.1850073907442 744.1860072907442 744.5084750407445 743.6157643207437 746.0850721208865 744.3963862507444 1.0 744.3963862507444 1.0 1
150 nan 0.25 0.2 -1.0 1.0 747.2790979507473 747.2799645307473 776.062186020776 746.5582700407466 777.6289044702046 771.1797076507712 1.0 771.3633559507714 -1.0 2
151 nan 0.125 0.2 1.0 -1.0 778.934498760779 778.935498660779 779.2254696607793 778.2062049307782 781.7955016789311 779.0883833707791 -1.0 779.0883833707791 -1.0 1
152 0.0625 nan 0.2 1.0 1.0 782.9004354607829 782.9014353607829 783.1198135207832 782.2766978407823 784.6842098208472 783.018756960783 -1.0 783.018756960783 -1.0 1
153 nan 0.25 0.2 1.0 -1.0 785.8123109107859 785.8133774707858 786.0793842007861 785.1570097807852 788.6455433340192 785.9370317707859 -1.0 785.9370317707859 -1.0 1
154 nan 0.0625 0.2 1.0 -1.0 790.1177803207901 790.1186469007902 792.1222798507921 789.1305457207891 794.6785747510536 790.2822305407902 -1.0 792.1077813007921 -1.0 3
155 0.25 nan 0.2 1.0 1.0 795.9174336307959 795.9182335507959 796.1467773607961 795.1690751407951 797.7121757328345 796.0635190207961 -1.0 796.0635190207961 -1.0 1
156 0.25 nan 0.2 1.0 1.0 798.7668486607988 798.7678485607988 798.978060870799 798.1854734707982 800.5504887710722 798.8892364207989 -1.0 798.8892364207989 -1.0 1
157 nan 0.0 0.2 1.0 -1.0 801.7614158408018 801.7624824008018 802.2258027308022 801.036888300801 804.800896024416 802.0663520108021 -1.0 802.0663520108021 -1.0 1
158 nan 0.0625 0.2 1.0 -1.0 806.8119774008068 806.8130772908069 807.0487537208071 805.3048947908053 809.6169141332005 806.9509301708069 -1.0 806.9509301708069 -1.0 1
159 1.0 nan 0.2 1.0 1.0 810.7285190408107 810.7296855908107 810.950030220811 810.1111141208102 812.5116266547526 810.8649720608108 -1.0 810.8649720608108 -1.0 1
160 nan 0.0 0.2 1.0 -1.0 813.7008217808137 813.7019550008137 825.7065210908257 812.984726730813 828.2836784349953 818.6655252608186 -1.0 825.5615689208256 -1.0 5
161 nan 1.0 0.2 -1.0 1.0 829.3611222608293 829.3620888308294 829.7042879408297 828.8025781208288 831.2613830655539 829.5682348808296 1.0 829.5682348808296 1.0 1
162 nan 0.125 0.2 -1.0 1.0 832.5333050108326 832.5344382308325 832.8800036708329 831.7667816708317 834.4449989849444 832.7687148008328 1.0 832.7687148008328 1.0 1
163 nan 1.0 0.2 -1.0 1.0 835.6501599608357 835.6513265108357 835.8649051508359 834.9306985808349 837.4278160542696 835.7786137808358 1.0 835.7786137808358 1.0 1
164 nan 0.25 0.2 -1.0 1.0 839.0835832508391 839.0845831508391 839.3875195208394 838.081116840838 840.9446177283028 839.2735309208393 1.0 839.2735309208393 1.0 1
165 nan 0.25 0.2 -1.0 1.0 842.1161133008421 842.1172131908421 842.4299485808424 841.4271155408414 843.9946413822947 842.2956620108423 1.0 842.2956620108423 1.0 1
166 nan 1.0 0.2 -1.0 1.0 845.0334215408451 845.0345214308451 845.3839531508454 844.4769438608445 846.9443493392331 845.2451337008453 1.0 845.2451337008453 1.0 1
167 nan 1.0 0.2 -1.0 1.0 847.982726580848 847.983793140848 848.2889626208483 847.4349480308474 849.8662566071109 848.1970051508482 1.0 848.1970051508482 1.0 1
168 nan 0.25 0.2 -1.0 1.0 851.5774004108516 851.5784003108516 851.8822699208519 850.3556559308504 853.4440665374071 851.7417839708518 1.0 851.7417839708518 1.0 1
169 nan 1.0 0.2 -1.0 1.0 854.4493798508545 854.4503797508545 854.8745706608548 853.922565870854 856.4495942831189 854.6062641608546 1.0 854.6062641608546 1.0 1
170 nan 1.0 0.2 -1.0 1.0 857.6776903208577 857.6786568908577 857.9089005308579 856.940197410857 859.4664979206133 857.8195761308579 1.0 857.8195761308579 1.0 1
171 0.125 nan 0.2 1.0 1.0 860.6607586508607 860.6615919008607 863.7255188108637 859.9576956308599 865.2778153887517 863.5704676508636 -1.0 863.5704676508636 -1.0 1
172 nan 0.25 0.2 -1.0 1.0 866.4164163608664 866.4171829508664 866.6590254308667 865.7642149208658 868.2162217681035 866.5720674608666 1.0 866.5720674608666 1.0 1
173 1.0 nan 0.2 1.0 1.0 869.1772402508692 869.1781401608691 869.4737439308694 868.7038209308687 871.0326380522104 869.3692877108693 -1.0 869.3692877108693 -1.0 1
174 nan 1.0 0.2 -1.0 1.0 872.1109468508721 872.1121134008721 872.4203492408724 871.5206392208715 873.9662465098778 872.2718974208723 1.0 872.2718974208723 1.0 1
175 nan 1.0 0.2 -1.0 1.0 875.0607851708751 875.0617184108751 875.6518593908756 874.4568455708745 877.1992563247595 875.2367675708753 1.0 875.5854327008756 1.0 2
176 nan 0.25 0.2 -1.0 1.0 878.2940618108782 878.2949950508784 878.5980647408786 877.6867558808777 880.1442899656981 878.4851427008784 1.0 878.4851427008784 1.0 1
177 nan 0.25 0.2 -1.0 1.0 881.0823829508811 881.0833161908811 904.5494693409046 880.6348943708806 906.1153883884048 881.2438001408813 1.0 904.4536122609045 1.0 8
178 nan 1.0 0.2 -1.0 1.0 907.2270015609072 907.2279348009073 907.4678774709075 906.7011874809067 909.0271762049799 907.2114697809072 1.0 907.3717204209074 1.0 2
179 nan 0.125 0.2 -1.0 1.0 910.2149027409102 910.2159026409103 910.4288813409105 909.5289713409095 911.9935055643845 910.3333908909103 1.0 910.3333908909103 1.0 1
180 nan 1.0 0.2 -1.0 1.0 913.1484093609132 913.1495092509132 913.3793862609134 912.4766098809125 914.9437149114051 913.2843957609133 1.0 913.2843957609133 1.0 1
181 nan 0.25 0.2 -1.0 1.0 915.9821259609159 915.983125860916 916.2404001309162 915.4399135209154 917.8102266650602 916.1258115909161 1.0 916.1258115909161 1.0 1
182 0.0625 nan 0.2 -1.0 -1.0 918.7817126409188 918.7827792009188 919.99409139092 918.3049269909183 922.5601517949744 918.972026940919 1.0 919.4110497009194 1.0 2
183 nan 0.125 0.2 -1.0 1.0 923.6320275609237 923.6330274609236 929.0541519609291 923.050152420923 930.6098779967601 923.8140093609238 1.0 928.985825460929 1.0 4
184 nan 0.25 0.2 -1.0 1.0 931.7985441609318 931.7996107209318 932.1868719909322 931.1306776209311 933.7430709028215 931.981925820932 1.0 931.981925820932 1.0 1
185 nan 0.25 0.2 -1.0 1.0 934.7986441209348 934.7995440309348 935.0714835009351 934.2462660309343 936.6266775119472 934.9381635009349 1.0 934.9381635009349 1.0 1
186 nan 0.25 0.2 -1.0 1.0 937.7482824609377 937.7491823709378 938.0814824709381 937.1310775209372 939.6481068471194 937.985625390938 1.0 937.985625390938 1.0 1
187 0.0625 nan 0.8 1.0 1.0 940.6932546009407 940.6941211809407 945.5484357009456 940.1485090809401 947.1153300314999 945.4298142309455 -1.0 945.4298142309455 -1.0 1
188 0.25 nan 0.8 1.0 1.0 948.1924379409483 948.1933711809482 948.4694435709484 947.6114293809476 950.0309379167863 948.3722866209483 -1.0 948.3722866209483 -1.0 1
189 0.25 nan 0.8 1.0 1.0 951.0927478809512 951.0936477909511 951.3574547409513 950.5322372709505 952.9260477827631 951.2556982509512 -1.0 951.2556982509512 -1.0 1
190 0.25 nan 0.8 1.0 1.0 953.981525640954 953.982625530954 954.3392565309543 953.4289475709535 955.8977509447656 954.1889049009542 -1.0 954.1889049009542 -1.0 1
191 0.0 nan 0.8 1.0 1.0 957.1260111609571 957.1269110709571 957.3955508709574 956.4120492309564 958.9596753599437 957.2867284209573 -1.0 957.2867284209573 -1.0 1
192 0.0625 nan 0.8 1.0 1.0 960.0315205809601 960.03252048096 963.7591811109638 959.4475789809594 965.3259060629974 960.2358668109603 -1.0 963.6737563209637 -1.0 3
193 0.25 nan 0.8 1.0 1.0 966.3480555309663 966.3490887609663 966.6144955509666 965.8504053009658 968.1757951429219 966.5135056509665 -1.0 966.5135056509665 -1.0 1
194 0.0625 nan 0.8 1.0 1.0 969.4141488909694 969.4150488009694 982.0773491109821 968.6638905909687 983.6425697218297 970.1304105909701 -1.0 981.988358010982 -1.0 6
195 1.0 nan 0.8 1.0 1.0 984.6981203409847 984.6991202409847 984.944762340985 984.1958705709842 986.5092710996785 984.8476053909849 -1.0 984.8476053909849 -1.0 1
196 0.125 nan 0.8 1.0 1.0 987.8140753809878 987.8150752809878 988.054484670988 987.2147686509873 989.6089782438906 987.9389628909879 -1.0 987.9389628909879 -1.0 1
197 1.0 nan 0.8 1.0 1.0 990.7807786809908 990.7817119209908 991.003989690991 990.1125788409901 992.5643852274638 990.9158985009909 -1.0 990.9158985009909 -1.0 1
198 0.25 nan 0.8 1.0 1.0 993.6419925309937 993.6429924309937 993.8978002809939 993.0575843109931 995.4638950954359 993.7919442009938 -1.0 993.7919442009938 -1.0 1
199 nan 0.0625 0.8 1.0 -1.0 996.5417691909965 996.5426357709965 996.8516048709969 995.963293710996 999.4141282075618 996.7081858809967 -1.0 996.7081858809967 -1.0 1
200 nan 1.0 0.8 -1.0 1.0 1000.7751124810007 1000.7762123710008 1001.035319791001 999.9338299509999 1002.5969455915679 1000.952528071001 1.0 1000.952528071001 1.0 1
201 1.0 nan 0.8 1.0 1.0 1003.8585707710039 1003.8595040110039 1004.076948931004 1003.1044461910031 1005.6419443421403 1003.986991261004 -1.0 1003.986991261004 -1.0 1
202 0.125 nan 0.8 1.0 1.0 1006.7807451910068 1006.7818117510068 1007.0755490410071 1006.1503415710062 1008.6472713791202 1006.9638602110069 -1.0 1006.9638602110069 -1.0 1
203 0.25 nan 0.8 1.0 1.0 1009.8416057410099 1009.8424056610098 1010.1019797010101 1009.1493749710091 1011.663975431763 1009.99399050101 -1.0 1009.99399050101 -1.0 1
204 nan 0.125 0.8 1.0 -1.0 1012.941829021013 1012.9426956010129 1013.1753723310131 1012.1796719110122 1015.741697435755 1013.068749661013 -1.0 1013.068749661013 -1.0 1
205 1.0 nan 0.8 1.0 1.0 1016.7302168110167 1016.7313167010168 1016.923097521017 1016.2548976810162 1018.4920939351513 1016.8439721010169 -1.0 1016.8439721010169 -1.0 1
206 0.0625 nan 0.8 -1.0 -1.0 1019.4972400810195 1019.4982733110195 1032.3113918710324 1019.004189391019 1034.8806470463007 1019.8917339610199 -1.0 1032.1771053010323 1.0 6
207 nan 1.0 0.8 -1.0 1.0 1035.941162191036 1035.941995441036 1036.3104585910364 1035.4368459610355 1037.8806792032008 1036.174938811036 1.0 1036.174938811036 1.0 1
208 0.0 nan 0.8 -1.0 -1.0 1039.091480461039 1039.0926136810392 1039.5506345410395 1038.3920837410385 1042.1133944734834 1039.3328896510393 1.0 1039.3328896510393 1.0 1
209 0.125 nan 0.8 1.0 1.0 1043.941462081044 1043.942528641044 1044.2213007610442 1042.6367925610427 1045.774896945174 1044.107512141044 -1.0 1044.107512141044 -1.0 1
210 0.125 nan 0.8 1.0 1.0 1046.913464851047 1046.914498081047 1052.8115083210528 1046.2869941710462 1054.379930158544 1047.1502411710471 1.0 1052.7096518410526 -1.0 4
211 nan 0.0 0.2 1.0 -1.0 1055.4079153210555 1055.4086819110555 1055.6560238410557 1054.923430441055 1058.22454808814 1055.5613333110555 -1.0 1055.5613333110555 -1.0 1
212 nan 0.0625 0.2 1.0 -1.0 1059.2962597810592 1059.2972930110593 1059.5662994410595 1058.7420485410587 1062.1241691302641 1059.4596767710595 -1.0 1059.4596767710595 -1.0 1
213 nan 0.125 0.2 -1.0 1.0 1063.3292564410633 1063.3302230110633 1063.5803646610636 1062.860769961063 1065.1405623704131 1063.4913402310635 1.0 1063.4913402310635 1.0 1
214 nan 0.0625 0.2 -1.0 1.0 1066.2628297210663 1066.2638296210662 1076.3047254310763 1065.6570569710657 1077.8795118923847 1069.3993160410694 -1.0 1076.126243281076 1.0 3
215 0.0 nan 0.2 1.0 1.0 1078.974325111079 1078.975325011079 1093.3760847910935 1078.4358123010784 1094.9405712008625 1079.2181007310792 -1.0 1093.044317971093 1.0 10
216 nan 0.0625 0.2 -1.0 1.0 1096.045717801096 1096.046684371096 1096.3941829510964 1095.5120711710956 1097.9574042179586 1096.2628294210963 1.0 1096.2628294210963 1.0 1
217 nan 0.0625 0.2 -1.0 1.0 1099.012654411099 1099.0136543110991 1099.5494007310995 1098.4696087210984 1101.112497554354 1099.3574199310995 1.0 1099.3574199310995 1.0 1
218 nan 1.0 0.2 -1.0 1.0 1102.1906365811021 1102.1916031511023 1102.4295126911024 1101.6391917311016 1103.995704567939 1102.3332556511023 1.0 1102.3332556511023 1.0 1
219 0.125 nan 0.2 1.0 1.0 1105.173638251105 1105.1745381611051 1105.6993190111057 1104.5187037511046 1107.2572398815787 1105.6006622111056 -1.0 1105.6006622111056 -1.0 1
220 nan 1.0 0.2 -1.0 1.0 1108.3288560311084 1108.3298226011084 1108.6721217011086 1107.7787443811078 1110.2455485544012 1108.5645991211086 1.0 1108.5645991211086 1.0 1
221 nan 0.25 0.2 -1.0 1.0 1111.5237698411115 1111.5248030711116 1111.7848437311118 1110.7642458011107 1113.3404396992737 1111.6902531911117 1.0 1111.6902531911117 1.0 1
222 nan 1.0 0.2 -1.0 1.0 1114.3784843411145 1114.3797508811144 1114.6632558611147 1113.861336061114 1116.2285463599233 1114.5872301311147 1.0 1114.5872301311147 1.0 1
223 nan 1.0 0.2 -1.0 1.0 1117.2736614611172 1117.2746946911172 1117.5262695311176 1116.7594462211168 1119.0955586267773 1117.4270794511174 1.0 1117.4270794511174 1.0 1
224 nan 0.0625 0.2 -1.0 1.0 1120.1731048211202 1120.1739714011203 1120.5047716511206 1119.6430578311197 1122.0734903742875 1120.3599194711203 1.0 1120.3599194711203 1.0 1
225 nan 0.0 0.2 -1.0 1.0 1123.1122775411231 1123.113277441123 1123.7038850411236 1122.6039950411225 1125.2568098133504 1123.3055915411232 1.0 1123.3055915411232 1.0 1
226 nan 0.0625 0.2 -1.0 1.0 1126.3948492511265 1126.3958824811264 1139.90276499114 1125.7839103511258 1141.4567521001632 1130.05784958113 1.0 1139.8102409111398 1.0 5
227 nan 0.125 0.2 -1.0 1.0 1142.7619790411427 1142.7629789411428 1145.3663852411453 1142.036751571142 1146.928274882726 1143.1882364111432 -1.0 1145.1234762011452 1.0 2
228 0.0625 nan 0.2 -1.0 -1.0 1148.906564521149 1148.907564421149 1149.5788639511495 1147.4769741611474 1152.15588640354 1149.2829602111492 -1.0 1149.2829602111492 -1.0 1
229 0.0625 nan 0.2 1.0 1.0 1153.2612956711532 1153.2621622511533 1180.1466068711802 1152.7064844911527 1181.7223916703842 1164.8628020711649 1.0 1180.0953453311802 -1.0 3
230 nan 1.0 0.2 -1.0 1.0 1183.2446637011833 1183.2456969311831 1183.5676980611836 1182.6191929211827 1185.144517513777 1183.4221126211835 1.0 1183.4221126211835 1.0 1
231 nan 0.0625 0.2 -1.0 1.0 1186.3720842611863 1186.3729841711863 1187.010320431187 1185.6785202911856 1188.594339132698 1186.5578656811865 1.0 1186.8348713111868 1.0 2
232 nan 0.25 0.2 -1.0 1.0 1189.85590251119 1189.8569024111898 1190.1027444911902 1189.144640311189 1191.6719365641422 1190.0167530911901 1.0 1190.0167530911901 1.0 1
233 nan 0.125 0.2 -1.0 1.0 1192.777543651193 1192.7785435511928 1193.1370410311931 1192.2141333311922 1194.7278598804057 1192.982423161193 1.0 1192.982423161193 1.0 1
234 nan 0.0 0.2 -1.0 1.0 1195.838904151196 1195.839837391196 1196.2793601011963 1195.2616618811953 1197.8555804221662 1196.0690144711962 1.0 1196.0690144711962 1.0 1
235 nan 0.25 0.2 -1.0 1.0 1198.944126931199 1198.945093501199 1199.4663747011996 1198.3948818611984 1201.043969120419 1199.2035676511991 1.0 1199.2035676511991 1.0 1
236 nan 0.25 0.2 -1.0 1.0 1203.2886257712032 1203.2897256612032 1210.6754203512107 1201.5840629112015 1212.2552035564918 1210.5326346312106 1.0 1210.5326346312106 1.0 1
237 nan 0.0 0.2 1.0 -1.0 1213.4606751312135 1213.4616083712135 1217.1928352112172 1212.841903681213 1219.777452218899 1216.7630781912167 -1.0 1216.7630781912167 -1.0 1
238 nan 0.25 0.2 -1.0 1.0 1220.905330591221 1220.9064971412208 1221.1826361912213 1220.3381539812203 1222.755259239631 1221.063348121221 1.0 1221.063348121221 1.0 1
239 nan 1.0 0.2 -1.0 1.0 1223.7940416912238 1223.7950749212239 1224.055148911224 1223.2979579712232 1225.6217705998756 1223.950159411224 1.0 1223.950159411224 1.0 1
240 0.0625 nan 0.2 -1.0 -1.0 1226.927061691227 1226.928028261227 1227.1860024612272 1226.1664710912262 1229.7548906110953 1227.0821795112272 1.0 1227.0821795112272 1.0 1
241 nan 0.25 0.2 -1.0 1.0 1231.026885001231 1231.027951561231 1231.2549955212312 1230.2976912612303 1232.8435859763329 1231.1625381012311 1.0 1231.1625381012311 1.0 1
242 0.0 nan 0.2 -1.0 -1.0 1234.7216488212348 1234.7225820612348 1235.074580191235 1233.3982811712335 1237.6549992159269 1234.900530931235 1.0 1234.900530931235 1.0 1
243 nan 0.0625 0.2 -1.0 1.0 1238.8268715912388 1238.8278381612388 1239.181536121239 1238.2161993312382 1240.743121919355 1239.003120631239 1.0 1239.003120631239 1.0 1
244 nan 1.0 0.2 -1.0 1.0 1241.8377371412419 1241.8388037012419 1242.1000442412421 1241.2981244412413 1243.6607343532132 1241.997187861242 1.0 1241.997187861242 1.0 1
245 nan 1.0 0.2 -1.0 1.0 1244.6543887812447 1244.6557553112448 1244.891631721245 1244.2006341612441 1246.4600524832777 1244.796841201245 1.0 1244.796841201245 1.0 1
246 0.25 nan 0.2 1.0 1.0 1247.6215587012475 1247.6230252212476 1247.9253616512478 1246.998254371247 1249.4877533703677 1247.8106731212479 -1.0 1247.8106731212479 -1.0 1
247 0.25 nan 0.2 1.0 1.0 1250.6599215012507 1250.6609880612507 1250.970557101251 1250.03455071125 1252.5432760786312 1250.8360372212508 -1.0 1250.8360372212508 -1.0 1
248 0.125 nan 0.2 1.0 1.0 1253.6215253112537 1253.6225918712537 1253.970290431254 1253.0835791112531 1255.5214808433543 1253.8682339712539 -1.0 1253.8682339712539 -1.0 1
249 nan 0.25 0.2 -1.0 1.0 1256.5932947712565 1256.5942280112565 1256.882599171257 1256.086578781256 1258.4427937829998 1256.7573117012569 1.0 1256.7573117012569 1.0 1
250 nan 1.0 0.2 -1.0 1.0 1259.7044169612598 1259.7055168512597 1259.97748965126 1259.2452962112593 1261.537812034365 1259.86016805126 1.0 1259.86016805126 1.0 1
251 nan 0.0625 0.2 1.0 -1.0 1262.7268146912627 1262.7277812612626 1274.2735932312744 1262.0861121012622 1276.8432763165852 1274.007353191274 -1.0 1274.007353191274 -1.0 1
252 nan 0.25 0.2 -1.0 1.0 1277.954291791278 1277.955191701278 1278.2426629512784 1277.4373768212774 1279.8091858888897 1278.1431395712782 1.0 1278.1431395712782 1.0 1
253 nan 0.125 0.2 -1.0 1.0 1281.0204851412811 1281.021485041281 1281.3673837812814 1280.3502855012803 1282.926377085132 1281.2444627412813 1.0 1281.2444627412813 1.0 1
254 nan 0.25 0.2 -1.0 1.0 1284.0374167512841 1284.038449981284 1284.3399864912844 1283.4763728612834 1285.9041039565147 1284.2211317112842 1.0 1284.2211317112842 1.0 1
255 0.0625 nan 0.2 -1.0 -1.0 1286.976222841287 1286.977056091287 1287.4924045512876 1286.4527085312864 1290.0543258253608 1287.2312973312874 1.0 1287.2312973312874 1.0 1
256 nan 0.0 0.2 -1.0 1.0 1291.126174471291 1291.1270077212912 1291.4068130712915 1290.6091261812905 1292.975634092292 1291.3140890112913 1.0 1291.3140890112913 1.0 1
257 nan 0.125 0.2 -1.0 1.0 1295.3539516512953 1295.3549515512955 1295.6592211212956 1293.5357334912935 1297.2264425664303 1295.5416662112955 1.0 1295.5416662112955 1.0 1
258 nan 0.125 0.2 -1.0 1.0 1298.3202216612983 1298.3212215612984 1298.6851518312988 1297.7871416412977 1300.2369443949594 1298.4989371212985 1.0 1298.4989371212985 1.0 1
259 nan 0.0625 0.2 -1.0 1.0 1301.4428760313015 1301.4438426013014 1301.7353467813018 1300.7776425613008 1303.2925668038627 1301.5887281113016 1.0 1301.5887281113016 1.0 1
260 nan 1.0 0.2 -1.0 1.0 1304.3374532113044 1304.3384531113043 1304.5654637413045 1303.851068521304 1306.1256842716843 1304.4841052113045 1.0 1304.4841052113045 1.0 1
261 nan 0.0625 0.2 -1.0 1.0 1307.4039132013074 1307.4047464513073 1307.6948841013077 1306.6797856213068 1309.259177465533 1307.5680301213076 1.0 1307.5680301213076 1.0 1
262 0.25 nan 0.2 1.0 1.0 1310.4369432013104 1310.4380430913104 1310.8028732713108 1309.8150720613098 1312.353692895468 1310.6455223413107 -1.0 1310.6455223413107 -1.0 1
263 nan 1.0 0.2 -1.0 1.0 1313.6085593413136 1313.6096592313136 1313.8877980813138 1312.917895081313 1315.4533166486995 1313.7797755513138 1.0 1313.7797755513138 1.0 1
264 0.25 nan 0.8 1.0 1.0 1316.6591542513167 1316.6603208013166 1317.001320031317 1316.012118961316 1318.5537136983423 1316.890997731317 -1.0 1316.890997731317 -1.0 1
265 0.25 nan 0.8 1.0 1.0 1319.7422792413197 1319.7433124713198 1320.02251788132 1319.1126088813191 1321.5871347131153 1319.9226945313198 -1.0 1319.9226945313198 -1.0 1
266 0.0625 nan 0.8 1.0 1.0 1322.6922508813227 1322.6932507813226 1329.90026334133 1322.1528381613223 1331.458881877892 1329.7831750513299 -1.0 1329.7831750513299 -1.0 1
267 0.125 nan 0.8 1.0 1.0 1332.7702429813328 1332.7710429013327 1333.108175851333 1332.041882491332 1334.670169398173 1332.983088361333 -1.0 1332.983088361333 -1.0 1
268 0.0 nan 0.8 -1.0 -1.0 1335.7251141313357 1335.7260140413357 1346.864166781347 1335.2265639913353 1349.4194473789787 1335.6437889313356 1.0 1346.7339131413466 1.0 5
269 0.125 nan 0.8 -1.0 -1.0 1350.5085023113504 1350.5094355513506 1350.900763081351 1350.04174899135 1353.4529524388468 1350.6819183013506 1.0 1350.6819183013506 1.0 1
270 0.25 nan 0.8 1.0 1.0 1354.4920372513545 1354.4930371513544 1354.8252705913549 1354.024450681354 1356.3865620230858 1354.6973167213548 -1.0 1354.6973167213548 -1.0 1
271 0.0625 nan 0.8 -1.0 -1.0 1357.6917839113578 1357.6926504913577 1360.3056225013604 1357.2306633613573 1362.869675089871 1358.006052481358 -1.0 1360.1466050713602 1.0 2
272 0.0625 nan 0.8 -1.0 -1.0 1364.4080455513645 1364.4089121313643 1364.7365793613646 1363.4559741013634 1367.2863009404866 1364.5824947713645 1.0 1364.5824947713645 1.0 1
273 1.0 nan 0.8 1.0 1.0 1370.05821381137 1370.05914705137 1370.3151214513703 1367.8488014413679 1371.8695100094294 1370.2225307113702 -1.0 1370.2225307113702 -1.0 1
274 0.125 nan 0.8 1.0 1.0 1372.9082287813728 1372.9091286913729 1388.5864941313887 1372.4400089413725 1390.1410757290682 1376.894863411377 1.0 1388.4864374713884 -1.0 7
275 0.25 nan 0.8 1.0 1.0 1391.2694924713912 1391.2708256713913 1391.5587968713917 1390.7673760213909 1393.1192844904529 1391.4479079613914 -1.0 1391.4479079613914 -1.0 1
276 0.25 nan 0.8 1.0 1.0 1394.2411286113943 1394.2421285113942 1394.4730054213944 1393.6867840513937 1396.0356201752872 1394.3847475813943 -1.0 1394.3847475813943 -1.0 1
277 1.0 nan 0.8 1.0 1.0 1397.2909902613974 1397.2920568213974 1397.5600300213976 1396.5970263313966 1399.1243198234724 1397.4406752913974 -1.0 1397.4406752913974 -1.0 1
278 0.125 nan 0.8 -1.0 -1.0 1400.7353791214007 1400.7363456914009 1410.4122113414105 1399.7012158813998 1412.9688610381108 1406.4942698414065 -1.0 1410.2784580514103 1.0 3
279 0.0625 nan 0.8 -1.0 -1.0 1414.2572268014142 1414.2581600414144 1414.6501541714147 1413.5816610314137 1417.2021035917228 1414.4597065514145 1.0 1414.4597065514145 1.0 1
280 0.0625 nan 0.8 1.0 1.0 1418.4075783914184 1418.4084449714185 1418.6635861214186 1417.7778080414178 1420.240907656324 1418.5440980714186 -1.0 1418.5440980714186 -1.0 1
281 0.0625 nan 0.8 1.0 1.0 1421.5188005714215 1421.5197338114215 1442.977987771443 1420.8193038614208 1444.551697151878 1421.7297794714218 1.0 1442.8584330614428 -1.0 8
282 1.0 nan 0.8 1.0 1.0 1446.5737948214467 1446.5746614014465 1446.8526002714468 1445.2118976914453 1448.4237166775497 1446.768875311447 -1.0 1446.768875311447 -1.0 1
283 0.25 nan 0.8 1.0 1.0 1449.6848503514498 1449.6859502414497 1449.96162267145 1449.0106177814491 1451.5347120251474 1449.8538334514499 -1.0 1449.8538334514499 -1.0 1
284 0.125 nan 0.8 1.0 1.0 1452.6900164714527 1452.6909163814528 1461.961355911462 1452.105408271452 1463.5345698879382 1456.3102544114563 1.0 1461.835768471462 -1.0 2
285 1.0 nan 0.8 1.0 1.0 1464.7729747214648 1464.7740746114648 1465.017183631465 1464.142971061464 1466.589872231734 1464.9230930414649 -1.0 1464.9230930414649 -1.0 1
286 1.0 nan 0.8 1.0 1.0 1468.3508835614684 1468.3520167814684 1468.5997920014686 1467.1652688014672 1470.1734042099702 1468.4913028514686 -1.0 1468.4913028514686 -1.0 1
287 0.125 nan 0.8 1.0 1.0 1471.3512168314714 1471.3523167214714 1493.5095674414936 1470.7651087814709 1495.0895768259697 1474.5917594114746 -1.0 1493.3175866414933 -1.0 5
288 0.125 nan 0.8 1.0 1.0 1496.3670150014964 1496.3679149114964 1496.6059911014966 1495.7508766214958 1498.1898053899708 1496.5055011514964 -1.0 1496.5055011514964 -1.0 1
289 0.125 nan 0.8 1.0 1.0 1499.2503266414992 1499.2511932214993 1499.5163000414996 1498.7654084714989 1501.084018699341 1499.3804136314993 -1.0 1499.3804136314993 -1.0 1
290 nan 0.125 0.8 -1.0 1.0 1502.4391077315024 1502.4401409615025 1502.959522351503 1501.6623187515017 1504.5390372180063 1502.6967153015028 1.0 1502.6967153015028 1.0 1
291 0.0625 nan 0.8 -1.0 -1.0 1505.6175898515057 1505.6184231015056 1505.926092331506 1505.1301386015052 1508.5058464991773 1505.7866396115057 1.0 1505.7866396115057 1.0 1
292 0.0625 nan 0.8 1.0 1.0 1509.9169265415098 1509.9176931315098 1510.1853330315103 1509.3886460415094 1511.7508529858799 1510.06384518151 -1.0 1510.06384518151 -1.0 1
293 nan 1.0 0.8 -1.0 1.0 1513.072744261513 1513.073644171513 1513.3795469115134 1512.3268521915124 1514.9558647390415 1513.2532262115133 1.0 1513.2532262115133 1.0 1
294 nan 0.25 0.8 -1.0 1.0 1516.1173064415161 1516.118273011516 1516.4265755115164 1515.5430638715156 1517.9999632879794 1516.3003881315162 1.0 1516.3003881315162 1.0 1
295 0.25 nan 0.8 1.0 1.0 1519.1226058815191 1519.123572451519 1519.5925922115196 1518.5871594315186 1521.172374456664 1519.4749373115194 -1.0 1519.4749373115194 -1.0 1
296 nan 0.0625 0.8 1.0 -1.0 1522.3167531015224 1522.3178529915224 1526.1234390615261 1521.7624752015217 1528.7053182431782 1522.5190328715225 -1.0 1525.8085372215257 1.0 2
297 1.0 nan 0.8 1.0 1.0 1529.86716465153 1529.86806456153 1530.11080695153 1529.3144199315293 1531.6889245161651 1530.01328337153 -1.0 1530.01328337153 -1.0 1
298 nan 0.0625 0.8 1.0 -1.0 1532.8167363315329 1532.8176695715329 1533.1036743015331 1532.2818231615322 1535.6834550156727 1532.960188651533 -1.0 1532.960188651533 -1.0 1
299 nan 0.0625 0.8 1.0 -1.0 1537.2390273915373 1537.2399606315373 1537.6776168615377 1536.2759570415362 1540.2554658038412 1537.4364409815375 -1.0 1537.4364409815375 -1.0 1
300 0.25 nan 0.8 1.0 1.0 1542.4167095715425 1542.4175428215424 1542.6516527415426 1540.8543658215408 1544.2217700862561 1542.5531625915426 -1.0 1542.5531625915426 -1.0 1
301 0.25 nan 0.8 1.0 1.0 1545.5669278515456 1545.5678277615457 1546.6918820115468 1544.8254686715447 1548.266594667547 1546.3906788015463 -1.0 1546.6022243115467 -1.0 2
302 1.0 nan 0.8 1.0 1.0 1549.7548756815497 1549.7557422615498 1550.03328117155 1548.866597851549 1551.6056997123321 1549.93062477155 -1.0 1549.93062477155 -1.0 1
303 1.0 nan 0.8 1.0 1.0 1552.7999378115528 1552.8010377015528 1553.1006077415532 1552.2112966815523 1554.6715208758408 1552.970020801553 -1.0 1552.970020801553 -1.0 1
304 0.0625 nan 0.8 1.0 1.0 1555.8830294715558 1555.883996041556 1595.7501756915958 1555.2685242615553 1597.3042800674118 1572.5841591915726 -1.0 1595.5947912315955 -1.0 5
305 1.0 nan 0.8 1.0 1.0 1599.5823591015996 1599.5833256715996 1599.9301909816 1598.0426797515981 1601.4825060247576 1599.8234349916 -1.0 1599.8234349916 -1.0 1
306 0.25 nan 0.8 1.0 1.0 1602.7711735216028 1602.7719401116028 1603.074609841603 1602.090008311602 1604.632499688405 1602.938823421603 -1.0 1602.938823421603 -1.0 1
307 0.125 nan 0.8 1.0 1.0 1605.904160191606 1605.9052267516058 1606.140903181606 1605.2204952316051 1607.7044169821484 1606.033913881606 -1.0 1606.033913881606 -1.0 1
308 0.0625 nan 0.8 1.0 1.0 1608.8154023716088 1608.8165355916087 1616.0780427016161 1608.3080197816084 1617.632358529714 1612.8169355116129 -1.0 1615.991051401616 -1.0 3
309 0.0 nan 0.8 -1.0 -1.0 1618.7707400716188 1618.7717066416187 1653.7088792416537 1618.2588579316182 1656.2647163896906 1638.6787824016387 -1.0 1653.6141220516536 1.0 7
310 0.125 nan 0.8 1.0 1.0 1657.4864347816574 1657.4875013416574 1677.3618803716774 1657.003516411657 1678.9146904650809 1664.6030563816646 1.0 1677.033946501677 -1.0 5
311 0.125 nan 0.8 -1.0 -1.0 1680.1694995816802 1680.1704994816803 1680.5121319816806 1679.5917906916795 1683.0645138019975 1680.3596472316804 1.0 1680.3596472316804 1.0 1
312 1.0 nan 0.8 1.0 1.0 1684.8364661716848 1684.8374327416848 1685.1405024316853 1683.6764155216838 1686.720119028943 1685.014015081685 -1.0 1685.014015081685 -1.0 1
313 nan 0.125 0.8 -1.0 1.0 1687.963920061688 1687.964719981688 1688.799736471689 1687.3366161316874 1690.364220520413 1688.4075090316885 1.0 1688.4075090316885 1.0 1
314 1.0 nan 0.8 1.0 1.0 1691.5196977816915 1691.5206643516915 1691.781338281692 1690.974219001691 1693.3476496964306 1691.6668497316916 -1.0 1691.6668497316916 -1.0 1
315 1.0 nan 0.8 1.0 1.0 1694.5030327516945 1694.5039326616945 1694.7414422416948 1693.947754951694 1696.319160331164 1694.6444186116946 -1.0 1694.6444186116946 -1.0 1
316 0.25 nan 0.8 1.0 1.0 1697.5143649216975 1697.5152315016976 1697.859463741698 1696.917657931697 1699.4305768549805 1697.7387091516978 -1.0 1697.7387091516978 -1.0 1
317 0.125 nan 0.8 1.0 1.0 1700.769339391701 1700.7701726417008 1738.6645161617387 1700.0403789617 1740.2299165435675 1702.4857677317025 1.0 1738.5360623417384 -1.0 8
318 1.0 nan 0.8 1.0 1.0 1741.5187973717416 1741.5195972917415 1741.7807378417417 1740.988217101741 1743.3467208501354 1741.6784480717417 -1.0 1741.6784480717417 -1.0 1
319 1.0 nan 0.8 1.0 1.0 1744.6849807217448 1744.6858806317448 1744.977351481745 1743.955920301744 1746.5523328196803 1744.8528972617448 -1.0 1744.8528972617448 -1.0 1
320 0.25 nan 0.8 1.0 1.0 1747.7136778217478 1747.7148110417477 1756.7879036417569 1747.156933501747 1758.3686811247821 1747.9328559017479 -1.0 1756.7222768717568 -1.0 5
321 0.0 nan 0.8 1.0 1.0 1759.5795911117596 1759.5806576717596 1759.90289211176 1759.006881721759 1761.485502549119 1759.7179439417598 -1.0 1759.7179439417598 -1.0 1
322 0.0625 nan 0.8 1.0 1.0 1763.2459577717632 1763.2469243417634 1770.3880434917703 1762.1046052517622 1771.9681531933504 1764.1881968717641 1.0 1770.1760980217703 -1.0 5
323 0.0625 nan 0.8 1.0 1.0 1773.1794309917732 1773.180430891773 1773.4783677617736 1772.6140542017727 1775.0460531047297 1773.3452477417734 -1.0 1773.3452477417734 -1.0 1
324 0.125 nan 0.8 1.0 1.0 1776.2015620817763 1776.2027286317762 1779.2892866117793 1775.6651490617758 1780.863067314439 1779.105638311779 -1.0 1779.105638311779 -1.0 1
325 0.0625 nan 0.8 -1.0 -1.0 1782.0514103717821 1782.0523102817822 1791.931855561792 1781.4826672517815 1794.496230429058 1784.6948460017848 1.0 1791.786236791792 1.0 5
326 1.0 nan 0.8 1.0 1.0 1797.951386881798 1797.952420111798 1798.2259594217983 1795.1711316017952 1799.8012391992927 1798.104471571798 -1.0 1798.104471571798 -1.0 1
327 0.0625 nan 0.8 -1.0 -1.0 1801.1461340418011 1801.1470672818011 1816.2971521218162 1800.4402379718006 1818.8679263074928 1811.3161169418113 1.0 1816.2710214018164 1.0 4
328 0.25 nan 0.8 1.0 1.0 1820.04541059182 1820.04644382182 1820.3473470618203 1819.5433274718196 1821.9173299953063 1820.2280256618203 -1.0 1820.2280256618203 -1.0 1
329 0.25 nan 0.8 1.0 1.0 1823.3952089118234 1823.3963754618235 1823.6886462318237 1822.5364281318225 1825.2675557667176 1823.5690581918236 -1.0 1823.5690581918236 -1.0 1
330 0.25 nan 0.8 1.0 1.0 1826.3785438818263 1826.3797437618264 1835.1610988718353 1825.8881595918258 1836.7289098975111 1826.5698914118266 -1.0 1835.0773739118351 -1.0 4
331 0.25 nan 0.8 1.0 1.0 1838.0837399118382 1838.0848398018381 1838.3756107218385 1837.3853097618373 1839.9455973517845 1838.2535562618382 -1.0 1838.2535562618382 -1.0 1
332 0.0625 nan 0.8 1.0 1.0 1841.1170365518412 1841.1181364418412 1845.7216427118458 1840.5638918718405 1847.3003204252605 1845.5710244418456 -1.0 1845.5710244418456 -1.0 1
333 0.0625 nan 0.8 -1.0 -1.0 1849.3947420318493 1849.3956752718493 1868.5903889418687 1847.940020851848 1871.1615279333332 1860.6240523218607 1.0 1861.912390141862 1.0 3
334 0.25 nan 0.8 1.0 1.0 1872.3501795918723 1872.3510128418723 1872.7788367218727 1871.8551291018719 1874.3450487925884 1872.5109635118724 -1.0 1872.5109635118724 -1.0 1
335 1.0 nan 0.8 1.0 1.0 1875.6664479318756 1875.6676144818757 1875.957252181876 1874.967051211875 1877.5337631026255 1875.841463761876 -1.0 1875.841463761876 -1.0 1
336 0.25 nan 0.8 1.0 1.0 1878.911323411879 1878.9122233218789 1879.3216490418793 1878.1667645418781 1880.8999644831315 1879.0888056618792 -1.0 1879.0888056618792 -1.0 1
337 0.125 nan 0.8 0.0 -1.0 1881.994415071882 1881.995514961882 1941.996614251942 1881.5227622418815 1944.4959144163001 1882.2878857218823 -1.0 1918.958818261919 -1.0 3
338 nan 1.0 0.8 -1.0 1.0 1945.3820090119455 1946.028211051946 1946.4693002719464 1945.3154156719454 1948.0655135993488 1946.3831755519464 1.0 1946.3831755519464 1.0 1
339 1.0 nan 0.8 1.0 1.0 1949.5435261519497 1949.5444927219496 1949.8047333619497 1948.6985106619488 1951.3934395220572 1949.7001438219497 -1.0 1949.7001438219497 -1.0 1
340 nan 1.0 0.8 -1.0 1.0 1952.6152856119527 1952.6161188619526 1952.941153021953 1952.032543891952 1954.5265360299782 1952.7920346019528 1.0 1952.7920346019528 1.0 1
341 nan 1.0 0.8 -1.0 1.0 1955.815665541956 1955.816732101956 1956.1201684219561 1955.1557315419552 1957.709845424459 1955.990281411956 1.0 1955.990281411956 1.0 1
342 0.125 nan 0.8 -1.0 -1.0 1959.048875521959 1959.0500087419591 1985.7269741119858 1958.3429461219584 1988.2928757685506 1959.5291941519595 1.0 1985.6423825719858 1.0 7
343 0.0625 nan 0.8 -1.0 -1.0 1989.5148619519896 1989.5158951819894 1989.8345633119898 1989.031676941989 1992.4148055469693 1989.6989435419898 1.0 1989.6989435419898 1.0 1
344 0.25 nan 0.8 1.0 1.0 1993.6761124519937 1993.6771790119938 1994.047508641994 1993.048708531993 1995.6148212725495 1993.901589901994 -1.0 1993.901589901994 -1.0 1
345 0.125 nan 0.8 -1.0 -1.0 1996.992880741997 1996.993780651997 1997.3841082819974 1996.2478219219963 1999.9428232920202 1997.2286904919972 1.0 1997.2286904919972 1.0 1
346 nan 0.125 0.2 -1.0 1.0 2001.1647301820012 2001.1657300820011 2001.5229276920015 2000.5881211820006 2003.0979369810284 2001.3600106520014 1.0 2001.3600106520014 1.0 1
347 nan 0.0625 0.2 -1.0 1.0 2004.3095823320043 2004.3106822220043 2004.6287504120046 2003.7474385520038 2006.192333022405 2004.4575675320045 1.0 2004.4575675320045 1.0 1
348 nan 0.0 0.2 -1.0 1.0 2007.3314134520074 2007.3323133620074 2007.6105522020077 2006.832130052007 2009.1760593303186 2007.5029629620076 1.0 2007.5029629620076 1.0 1
349 nan 0.125 0.2 -1.0 1.0 2010.3312134420103 2010.3322800020103 2010.6500482220106 2009.8152650420097 2012.2146647289 2010.5086290320105 1.0 2010.5086290320105 1.0 1
350 nan 0.0625 0.2 -1.0 1.0 2013.4425689420134 2013.4435688420135 2013.8601605120139 2012.8569608420128 2015.4252727662736 2013.5994199220136 1.0 2013.5994199220136 1.0 1
351 0.0625 nan 0.2 -1.0 -1.0 2016.7806017720168 2016.7815016820168 2017.074839012017 2016.065973242016 2019.6477850338863 2016.949251572017 1.0 2016.949251572017 1.0 1
352 nan 0.0625 0.2 -1.0 1.0 2020.8921572420209 2020.8931238120208 2021.1861945020212 2020.2835847720203 2022.7426054163395 2021.033376452021 1.0 2021.033376452021 1.0 1
353 nan 1.0 0.2 -1.0 1.0 2024.1306333620241 2024.131733252024 2024.2854178820244 2023.3817082620235 2025.8637273510112 2024.1477983120242 1.0 2024.1477983120242 1.0 1
354 nan 0.25 0.2 -1.0 1.0 2027.058973832027 2027.0600070620271 2027.3123151620273 2026.5000297320266 2028.8803305156298 2027.2156581620272 1.0 2027.2156581620272 1.0 1
355 nan 1.0 0.2 -1.0 1.0 2030.2418555120303 2030.2429554020302 2030.4620334920305 2029.5178279220295 2032.025745948602 2030.3736423320304 1.0 2030.3736423320304 1.0 1
356 nan 0.125 0.2 -1.0 1.0 2033.2800849920334 2033.2809182420333 2033.5857544220337 2032.6600470020326 2035.1589637799327 2033.4394690520335 1.0 2033.4394690520335 1.0 1
357 0.0625 nan 0.2 -1.0 -1.0 2036.2972832420364 2036.2982164820364 2036.6412155120368 2035.8069656120358 2039.213962493901 2036.4575005520364 1.0 2036.4575005520364 1.0 1
358 0.0625 nan 0.2 -1.0 -1.0 2040.3919070720403 2040.3928069820404 2047.7137081520477 2039.8675595120399 2050.2752167479425 2044.940218862045 1.0 2047.6195175720477 1.0 2
359 nan 1.0 0.2 -1.0 1.0 2052.130599752052 2052.131632982052 2052.3542107220524 2050.955317292051 2053.90822420496 2052.2608533920525 1.0 2052.2608533920525 1.0 1
360 nan 0.0625 0.2 -1.0 1.0 2055.313781402055 2055.3145813220553 2055.5878206620555 2054.5616232920547 2057.163831519563 2055.4813646420557 1.0 2055.4813646420557 1.0 1
361 nan 0.0 0.2 -1.0 1.0 2058.3417452420586 2058.3428784620583 2058.628849862059 2057.8167310820577 2060.1970564020567 2058.4947966020586 1.0 2058.4947966020586 1.0 1
362 0.25 nan 0.2 -1.0 -1.0 2061.4750318820616 2061.4758318020613 2061.8428284320617 2060.8523608220607 2064.4084742466544 2061.6368823620614 1.0 2061.6368823620614 1.0 1
363 nan 0.125 0.2 -1.0 1.0 2065.696809662066 2065.697742902066 2065.946684672066 2065.0618731620652 2067.5084931189967 2065.841795162066 1.0 2065.841795162066 1.0 1
364 nan 0.0 0.2 -1.0 1.0 2069.2300563020694 2069.2310228720694 2069.5729886720696 2068.166995952068 2071.1411000268927 2069.4144378620695 1.0 2069.4144378620695 1.0 1
365 nan 0.25 0.2 -1.0 1.0 2072.3802745820726 2072.3813078120725 2072.642615012073 2071.8078984920717 2074.2081168855398 2072.5391586920728 1.0 2072.5391586920728 1.0 1
366 1.0 nan 0.2 1.0 1.0 2075.7803345420757 2075.7812677820757 2076.2778181220765 2075.2398219320753 2077.841730478448 2076.041441762076 -1.0 2076.041441762076 -1.0 1
367 nan 0.125 0.2 -1.0 1.0 2079.0635395220793 2079.064539422079 2079.69844269208 2078.4910301120785 2081.2582252305083 2079.6133512020797 1.0 2079.6133512020797 1.0 1
368 nan 1.0 0.2 -1.0 1.0 2082.5300595020826 2082.5311260620824 2082.7999325120827 2081.909021612082 2084.363042039659 2082.7111080620825 1.0 2082.7111080620825 1.0 1
369 nan 0.125 0.8 -1.0 1.0 2085.624483362086 2085.625416602086 2086.006345172086 2085.009244892085 2087.5797549495137 2085.901555652086 1.0 2085.901555652086 1.0 1
370 1.0 nan 0.8 1.0 1.0 2088.9081216320888 2088.909021542089 2089.192359872089 2088.240955022088 2090.7630691567324 2089.092669842089 -1.0 2089.092669842089 -1.0 1
371 0.125 nan 0.8 -1.0 -1.0 2092.008011612092 2092.008978182092 2092.3623095120925 2091.4209703220913 2094.9240868117085 2092.1693621420923 1.0 2092.1693621420923 1.0 1
372 1.0 nan 0.8 1.0 1.0 2096.3295460820964 2096.3305793120962 2096.5655891420965 2095.5817875320954 2098.129501320157 2096.4589998020965 -1.0 2096.4589998020965 -1.0 1
373 0.25 nan 0.8 1.0 1.0 2099.3911398920995 2099.3922064520993 2099.7391050920996 2098.7794010720986 2101.3077149701803 2099.5944862220995 -1.0 2099.5944862220995 -1.0 1
374 0.125 nan 0.8 -1.0 -1.0 2102.629282712103 2102.6301826221024 2127.596419082128 2101.962616052102 2130.157319132409 2111.925319682112 1.0 2127.5342586321276 1.0 3
375 0.25 nan 0.8 1.0 1.0 2131.4622657921313 2131.4633323521316 2131.800631952132 2130.921519872131 2133.3625413799805 2131.678577492132 -1.0 2131.678577492132 -1.0 1
376 0.25 nan 0.8 1.0 1.0 2134.7404379421346 2134.7413045221347 2135.026542662135 2134.019643362134 2136.5955520300354 2134.922386412135 -1.0 2134.922386412135 -1.0 1
377 nan 0.0 0.8 1.0 -1.0 2137.740637892138 2137.741571132138 2138.0765709621382 2137.2685517721375 2140.64584975055 2137.892156072138 -1.0 2137.892156072138 -1.0 1
378 1.0 nan 0.8 1.0 1.0 2141.907354512142 2141.908521062142 2142.134465132142 2141.3163469521414 2143.7121711815707 2142.041474432142 -1.0 2142.041474432142 -1.0 1
379 0.0625 nan 0.8 -1.0 -1.0 2144.890056212145 2144.891122772145 2145.2104575021453 2144.3780740821444 2147.779097844956 2145.030375512145 1.0 2145.030375512145 1.0 1
380 1.0 nan 0.8 1.0 1.0 2149.057106132149 2149.0580727021493 2149.59848532215 2148.4616990121485 2151.1564982671716 2149.5189932721496 -1.0 2149.5189932721496 -1.0 1
381 0.25 nan 0.8 1.0 1.0 2152.3120472721525 2152.3130138421525 2159.196125462159 2151.828995582152 2160.7565325031983 2156.413337102156 -1.0 2159.123799362159 -1.0 2
382 0.25 nan 0.8 1.0 1.0 2161.979113802162 2161.980180362162 2162.2880495721624 2161.4516332221615 2163.85655642532 2162.160895622162 -1.0 2162.160895622162 -1.0 1
383 0.0625 nan 0.8 1.0 1.0 2165.078537162165 2165.079470402165 2169.4458670521694 2164.5263590521645 2171.0065757755888 2165.3648418621656 1.0 2169.1779271821692 -1.0 2
384 0.25 nan 0.8 1.0 1.0 2172.3451104321725 2172.3460103421726 2177.5865195721776 2171.6960753421718 2179.1564249467087 2172.6344481621727 -1.0 2177.145363692177 -1.0 2
385 0.25 nan 0.8 1.0 1.0 2180.611850342181 2180.6128835721806 2180.9986116621812 2179.8421273221797 2182.55662486824 2180.837694422181 -1.0 2180.837694422181 -1.0 1
386 0.0625 nan 0.8 1.0 1.0 2183.777967032184 2183.778833612184 2189.4665647821894 2183.2307217621833 2191.0279701675504 2189.2657515321894 1.0 2189.3175796821893 -1.0 2
387 1.0 nan 0.8 1.0 1.0 2192.3895724521926 2192.3907056721923 2192.5820532021926 2191.724372312192 2194.1444681638473 2192.4548992521923 -1.0 2192.4548992521923 -1.0 1
388 0.125 nan 0.8 1.0 1.0 2195.3894391021954 2195.3903056821955 2195.880589982196 2194.8153631821947 2197.4447669599394 2195.6517462021957 -1.0 2195.6517462021957 -1.0 1
389 0.25 nan 0.8 1.0 1.0 2198.6393474121987 2198.640247322199 2202.3166129822025 2198.1285651621984 2203.894914999979 2202.073603952202 -1.0 2202.073603952202 -1.0 1
390 nan 0.0625 0.8 -1.0 1.0 2205.156162332205 2205.1571622322053 2205.5399239522058 2204.5906188922045 2207.1278295027637 2205.3973715422053 1.0 2205.3973715422053 1.0 1
391 0.0 nan 0.8 1.0 1.0 2208.5393239822088 2208.5404238722085 2221.922885492222 2207.8142298322077 2223.505886908916 2208.687375842209 -1.0 2221.7805663922218 -1.0 7
392 1.0 nan 0.8 1.0 1.0 2224.977813302225 2224.978846532225 2225.2329877822253 2224.236187472224 2226.8274942306143 2225.139297152225 -1.0 2225.139297152225 -1.0 1
393 0.125 nan 0.8 -1.0 -1.0 2228.4057038122282 2228.4067703722285 2228.809763402229 2227.5090934822274 2231.389103026586 2228.6038173322286 1.0 2228.6038173322286 1.0 1
394 1.0 nan 0.8 1.0 1.0 2233.5443898922335 2233.5453564622335 2233.787332262234 2232.086302382232 2235.372234436924 2233.684509212234 -1.0 2233.684509212234 -1.0 1
395 nan 0.25 0.8 -1.0 1.0 2236.611149852237 2236.6119831022365 2236.973746922237 2236.056138692236 2238.555253227907 2236.838927072237 1.0 2236.838927072237 1.0 1
396 0.0625 nan 0.8 -1.0 -1.0 2239.82796147224 2239.82892804224 2240.2545854722403 2239.2299546122395 2242.843860005056 2239.97771316224 1.0 2239.97771316224 1.0 1
397 0.25 nan 0.8 1.0 1.0 2244.1216653922443 2244.1225319722444 2244.4462662622445 2243.5343574622434 2246.0219727493745 2244.3168458722444 -1.0 2244.3168458722444 -1.0 1
398 nan 0.125 0.8 -1.0 1.0 2247.410869772247 2247.411803012247 2247.7167725122476 2246.698374362247 2249.305480348984 2247.6068168422476 1.0 2247.6068168422476 1.0 1
399 0.25 nan 0.8 -1.0 -1.0 2250.6437464522505 2250.644746352251 2250.925084982251 2249.98117938225 2253.504893359234 2250.8211953722507 1.0 2250.8211953722507 1.0 1
400 1.0 nan 0.8 1.0 1.0 2255.2772163922555 2255.278349612255 2255.5310910022554 2254.183192472254 2257.1103980659095 2255.4220685722553 -1.0 2255.4220685722553 -1.0 1
401 0.125 nan 0.8 1.0 1.0 2258.4215352622587 2258.4226351522584 2259.5073266722598 2257.8172956922576 2261.088530347729 2259.3813392722595 -1.0 2259.3813392722595 -1.0 1
402 nan 0.25 0.8 -1.0 1.0 2262.3274779622625 2262.3285778522622 2263.027241312263 2261.767933922262 2264.610247471051 2262.858358202263 1.0 2262.858358202263 1.0 1
403 0.0 nan 0.8 1.0 1.0 2265.904853522266 2265.905853422266 2273.8762896322737 2265.3030470422655 2275.4547936950657 2268.5392567222684 -1.0 2273.865624032274 -1.0 2
404 0.0625 nan 0.8 1.0 1.0 2276.6601445522765 2276.6610111322766 2277.6994739422776 2276.1680937622764 2279.2766844622834 2277.4604978422776 -1.0 2277.4604978422776 -1.0 1
405 0.25 nan 0.8 -1.0 -1.0 2280.637680092281 2280.638613332281 2296.840692962297 2279.97267993228 2299.42655736425 2284.013209172284 1.0 2296.7387364922965 1.0 5
406 0.125 nan 0.8 1.0 1.0 2301.271416512301 2301.272283092301 2301.6143822123017 2300.1868583123 2303.1879855187294 2301.4488987623013 -1.0 2301.4488987623013 -1.0 1
407 0.25 nan 0.8 1.0 1.0 2304.4266342923042 2304.4275675323042 2304.7288040723047 2303.8765893023037 2306.3045074561055 2304.6074162123045 -1.0 2304.6074162123045 -1.0 1
408 nan 1.0 0.8 -1.0 1.0 2307.776499272308 2307.7774991723077 2308.3898046023082 2306.992311032307 2309.9764119187134 2308.1959906523084 1.0 2308.3057796723083 1.0 2
409 0.125 nan 0.8 -1.0 -1.0 2311.3377097823113 2311.3387763423116 2320.7769657623207 2310.6700098923106 2323.3427683453074 2320.4409660323204 1.0 2320.4409660323204 1.0 1
410 0.0625 nan 0.8 -1.0 -1.0 2324.770466372325 2324.771566262325 2325.3618738923255 2324.0716695923243 2327.9258809148273 2325.1137987023253 1.0 2325.1137987023253 1.0 1
411 nan 0.125 0.8 -1.0 1.0 2329.2374196323294 2329.238486192329 2329.64127924233 2328.6276806123287 2331.2039873030994 2329.4867946923296 1.0 2329.4867946923296 1.0 1
412 0.125 nan 0.8 1.0 1.0 2332.5424224323324 2332.5434223323327 2338.4496316523387 2331.901086572332 2340.009135413428 2332.911552182333 -1.0 2338.2319867523383 -1.0 2
413 nan 0.125 0.2 -1.0 1.0 2341.4373661823415 2341.4382994223415 2341.966246622342 2340.723837542341 2343.5373512942488 2341.855357712342 1.0 2341.855357712342 1.0 1
414 nan 0.0625 0.2 -1.0 1.0 2344.959147302345 2344.960213862345 2345.3231442323454 2344.2431522423444 2346.8924538428582 2345.210588822345 1.0 2345.210588822345 1.0 1
415 nan 0.0 0.2 -1.0 1.0 2348.786764502349 2348.7878310623487 2349.2196545423494 2347.5938504723476 2350.78686116021 2348.980778432349 1.0 2348.980778432349 1.0 1
416 nan 0.0625 0.2 -1.0 1.0 2351.958380642352 2351.959447202352 2352.4763621723523 2351.4896608523513 2354.041969042821 2352.253317812352 1.0 2352.253317812352 1.0 1
417 0.0625 nan 0.2 -1.0 -1.0 2355.253684412355 2355.2550509423554 2355.5627201723555 2354.7410690123547 2358.120292504607 2355.4329331523554 1.0 2355.4329331523554 1.0 1
418 0.0 nan 0.2 -1.0 -1.0 2359.4252672123594 2359.4263337723596 2359.75766730236 2358.8148949223587 2362.319806948492 2359.6157481623595 1.0 2359.6157481623595 1.0 1
419 nan 0.125 0.2 -1.0 1.0 2363.775498812364 2363.7762654023636 2364.169826042364 2363.027306972363 2365.741828062794 2364.0259071023643 1.0 2364.0259071023643 1.0 1
420 0.0 nan 0.2 1.0 1.0 2366.9364160223668 2366.937549242367 2369.67664197237 2366.4527310623666 2371.236748209998 2369.3827380323696 -1.0 2369.3827380323696 -1.0 1
421 nan 0.125 0.2 -1.0 1.0 2372.4750287723723 2372.4761286623725 2372.858557082373 2371.944948452372 2374.4198615247305 2372.7184044323726 1.0 2372.7184044323726 1.0 1
422 nan 0.125 0.2 -1.0 1.0 2375.6586770423755 2375.659743602376 2376.000276212376 2375.125663682375 2377.56947945806 2375.8912871123757 1.0 2375.8912871123757 1.0 1
423 nan 1.0 0.2 -1.0 1.0 2378.958580352379 2378.959680242379 2379.204989042379 2378.278081742378 2380.769494081053 2379.1047990623792 1.0 2379.1047990623792 1.0 1
424 nan 0.25 0.2 -1.0 1.0 2381.991577022382 2381.9926435823822 2382.262283282382 2381.4782950223816 2383.8195931309597 2382.163859792382 1.0 2382.163859792382 1.0 1
425 nan 1.0 0.2 -1.0 1.0 2385.108098672385 2385.109265222385 2385.4414986623856 2384.5286899523844 2387.0081050042277 2385.2912803523855 1.0 2385.2912803523855 1.0 1
426 nan 1.0 0.2 -1.0 1.0 2388.2358858623884 2388.2368524323883 2388.5412219923887 2387.707205402388 2390.1032251205297 2388.4303997423885 1.0 2388.4303997423885 1.0 1
427 0.0625 nan 0.2 -1.0 -1.0 2391.3080786123915 2391.309478472391 2394.814094642395 2390.810728352391 2397.374954136416 2394.6886071923946 1.0 2394.6886071923946 1.0 1
428 nan 1.0 0.2 -1.0 1.0 2399.8530573624 2399.8540239323997 2400.1201639824003 2398.5302563223986 2401.6915691594504 2400.0129413724 1.0 2400.0129413724 1.0 1
429 nan 0.0625 0.2 -1.0 1.0 2403.003009002403 2403.003975572403 2403.4131679824036 2402.4091683924025 2404.9748746177147 2403.270015632403 1.0 2403.270015632403 1.0 1
430 nan 0.0625 0.2 1.0 -1.0 2406.2357523624064 2406.236585612406 2407.8095616324076 2405.688173792406 2410.3749996421693 2407.6165142724076 -1.0 2407.6165142724076 -1.0 1
431 0.25 nan 0.2 1.0 1.0 2411.5694189424116 2411.5704855024114 2411.820193862412 2411.090900132411 2413.3862009789573 2411.723836832412 -1.0 2411.723836832412 -1.0 1
432 0.0625 nan 0.2 1.0 1.0 2414.774165102415 2414.775098342415 2423.5637527224235 2414.095699622414 2425.1193540865947 2418.059903162418 1.0 2423.4338990424235 -1.0 2
433 nan 1.0 0.2 -1.0 1.0 2426.5075916424266 2426.5085915424265 2426.875854812427 2425.866955712426 2428.435862341788 2426.781297602427 1.0 2426.781297602427 1.0 1
434 nan 0.0625 0.2 1.0 -1.0 2429.80742829243 2429.8085281824297 2431.731835832432 2429.1409616124292 2434.26867668083 2431.109131442431 -1.0 2431.702738742432 -1.0 2
435 nan 0.0 0.2 -1.0 1.0 2435.7580998324356 2435.759099732436 2436.1805909124364 2434.991276522435 2437.735894333233 2436.007941512436 1.0 2436.007941512436 1.0 1
436 nan 0.125 0.2 -1.0 1.0 2439.090666542439 2439.0917331024393 2439.63741186244 2438.4578964924385 2441.1853161560384 2439.5071248924396 1.0 2439.5071248924396 1.0 1
437 nan 1.0 0.2 -1.0 1.0 2442.590683172443 2442.5916830724427 2442.8721216924428 2441.901218792442 2444.4240275541133 2442.7646657724426 1.0 2442.7646657724426 1.0 1
438 nan 0.0625 0.2 -1.0 1.0 2445.7356019824456 2445.736668542446 2446.070835122446 2445.1472274924454 2447.623940279376 2445.965912282446 1.0 2445.965912282446 1.0 1
439 0.0 nan 0.2 -1.0 -1.0 2448.901851992449 2448.902918552449 2449.207921382449 2448.3535401624486 2451.76875891998 2449.109397902449 1.0 2449.109397902449 1.0 1
440 nan 0.125 0.2 -1.0 1.0 2453.057369732453 2453.058569612453 2453.3623725624534 2452.4953592724523 2454.9188753762714 2453.2613160024534 1.0 2453.2613160024534 1.0 1
441 nan 1.0 0.2 -1.0 1.0 2456.1906897024564 2456.191789592456 2456.3834704224564 2455.645077602456 2457.957176650029 2456.2889465424564 1.0 2456.2889465424564 1.0 1
442 0.125 nan 0.2 1.0 1.0 2459.3687052024593 2459.3697384324596 2459.65867620246 2458.6835737224587 2461.2185812639163 2459.5451208924596 -1.0 2459.5451208924596 -1.0 1
443 nan 0.25 0.2 -1.0 1.0 2462.6402446824627 2462.641377902463 2462.997808922463 2461.945280852462 2464.568107727847 2462.8887531624628 1.0 2462.8887531624628 1.0 1
444 nan 0.125 0.2 -1.0 1.0 2465.940814592466 2465.941981142466 2466.2550165024663 2465.2940126124654 2467.840319396025 2466.143327672466 1.0 2466.143327672466 1.0 1
445 nan 0.0625 0.2 -1.0 1.0 2469.184823492469 2469.1859233824694 2469.5541198924698 2468.5782174924684 2471.1405242839683 2469.4242662124693 1.0 2469.4242662124693 1.0 1
446 nan 0.125 0.2 -1.0 1.0 2472.5015917824726 2472.5025583524725 2472.7662319824726 2471.862622352472 2474.357132402744 2472.6547764624725 1.0 2472.6547764624725 1.0 1
447 nan 0.125 0.2 -1.0 1.0 2475.7011051324757 2475.7021716924755 2475.964545452476 2475.091432772475 2477.5404472812684 2475.855023072476 1.0 2475.855023072476 1.0 1
448 nan 0.25 0.2 -1.0 1.0 2478.935015042479 2478.936114932479 2479.2911460924793 2478.2748477324785 2480.873575548072 2479.164758732479 1.0 2479.164758732479 1.0 1
449 nan 0.0625 0.2 -1.0 1.0 2482.234918352482 2482.236051572482 2483.052169952483 2481.6098808624815 2484.639875356114 2482.826825822483 1.0 2482.826825822483 1.0 1
450 nan 0.0625 0.2 -1.0 1.0 2485.901684972486 2485.902684872486 2486.2774807224864 2485.382070272485 2487.8513841882013 2486.136061532486 1.0 2486.136061532486 1.0 1
451 nan 0.125 0.2 -1.0 1.0 2489.2397511324893 2489.2406177124894 2489.5215896124896 2488.5739843824886 2491.1067181725484 2489.3991685224896 1.0 2489.3991685224896 1.0 1
452 nan 0.125 0.2 -1.0 1.0 2492.4014349324925 2492.402568152492 2492.607314342493 2491.8429241224917 2494.19022074325 2492.4933257424927 1.0 2492.4933257424927 1.0 1
453 1.0 nan 0.2 1.0 1.0 2495.6010149424956 2495.6018481924957 2495.886819692496 2494.926415742495 2497.4729215703564 2495.787729602496 -1.0 2495.787729602496 -1.0 1
454 1.0 nan 0.2 1.0 1.0 2498.751133232499 2498.752133132499 2502.972144422503 2498.207220962498 2504.5560736713574 2502.5950821325027 1.0 2502.819559682503 -1.0 2
455 nan 0.0625 0.2 -1.0 1.0 2506.050769862506 2506.051669772506 2506.4247657925066 2505.3061776625054 2508.0066702172408 2506.2811801525063 1.0 2506.2811801525063 1.0 1
456 nan 0.125 0.2 -1.0 1.0 2509.3339081825093 2509.3349747425095 2509.74226734251 2508.759965582509 2511.323396191701 2509.61371353251 1.0 2509.61371353251 1.0 1
457 nan 1.0 0.2 -1.0 1.0 2513.2677814225135 2513.2685813425132 2513.5857829525135 2512.058202392512 2515.1730135228127 2513.4375311125136 1.0 2513.4375311125136 1.0 1
458 nan 0.0 0.2 1.0 -1.0 2516.5844163925167 2516.5855162825164 2545.3277417725453 2515.943913782516 2547.900332162642 2527.002674462527 -1.0 2545.2365175625455 -1.0 10
459 0.0625 nan 0.2 -1.0 -1.0 2549.3889356125496 2549.3900355025494 2549.80836033255 2548.746033242549 2552.383759853003 2549.5971481225497 1.0 2549.5971481225497 1.0 1
460 nan 0.25 0.2 -1.0 1.0 2553.7719639325537 2553.7729638325536 2554.030438082554 2553.127861682553 2555.605871450034 2553.925115282554 1.0 2553.925115282554 1.0 1
461 nan 0.0625 0.2 -1.0 1.0 2556.883652732557 2556.884585972557 2557.1645579725573 2556.359571812556 2558.7503790128867 2557.070134082557 1.0 2557.070134082557 1.0 1
462 0.0 nan 0.2 -1.0 -1.0 2560.5721171825608 2560.5731837425606 2560.841523572561 2559.96257814256 2563.4166924715405 2560.7441333125607 1.0 2560.7441333125607 1.0 1
463 nan 0.125 0.2 -1.0 1.0 2564.805427142565 2564.8064603725647 2565.2900786725654 2564.157891902564 2566.866710978967 2565.071167232565 1.0 2565.071167232565 1.0 1
464 nan 0.125 0.2 -1.0 1.0 2568.172257092568 2568.1730570125683 2568.4217988025684 2567.6188124425676 2570.0002046967675 2568.3050104825684 1.0 2568.3050104825684 1.0 1
465 nan 0.0625 0.2 -1.0 1.0 2571.4054337425714 2571.4063669825714 2571.7307012125716 2570.7464996425706 2573.304929036641 2571.6119464225717 1.0 2571.6119464225717 1.0 1
466 nan 1.0 0.2 -1.0 1.0 2574.733600892575 2574.7349674225748 2575.034137502575 2574.058235102574 2576.61693864722 2574.889052012575 1.0 2574.889052012575 1.0 1
467 nan 0.25 0.2 -1.0 1.0 2577.872220332578 2577.8732535625777 2578.173656852578 2577.371237102577 2579.7552545237713 2578.0529022625783 1.0 2578.0529022625783 1.0 1
468 nan 0.0625 0.2 -1.0 1.0 2581.2001541725813 2581.201220732581 2581.714469402582 2580.5017573525806 2583.29996789419 2581.5662175625816 1.0 2581.5662175625816 1.0 1
469 nan 1.0 0.2 -1.0 1.0 2584.5720502825848 2584.5731501725845 2584.749265892585 2584.0594682125843 2586.3218688109528 2584.6667741425845 1.0 2584.6667741425845 1.0 1
470 0.0625 nan 0.8 -1.0 -1.0 2588.116695782588 2588.1177623425883 2588.3651042725883 2587.077866342587 2590.949498690085 2588.2788795625884 1.0 2588.2788795625884 1.0 1
471 1.0 nan 0.8 1.0 1.0 2592.4715935825925 2592.4727268025927 2592.791094962593 2591.714002682592 2594.371298279176 2592.668807192593 -1.0 2592.668807192593 -1.0 1
472 nan 0.0 0.8 -1.0 1.0 2596.2662474125964 2596.267313972596 2596.7417998525966 2595.1292944525953 2598.3165274368184 2596.4545619125965 1.0 2596.4545619125965 1.0 1
473 nan 0.0 0.8 1.0 -1.0 2599.8551218226 2599.8562550426 2626.4944909526266 2599.078332842599 2629.0713472255907 2605.2712801526054 1.0 2626.4468290526265 -1.0 9
474 1.0 nan 0.8 1.0 1.0 2630.5654838126306 2630.5664170526306 2630.842956062631 2629.9295474126297 2632.4205548511654 2630.746899002631 -1.0 2630.746899002631 -1.0 1
475 0.0 nan 0.8 -1.0 -1.0 2633.865987062634 2633.867053622634 2634.2447158526343 2633.181555512633 2636.8160794766923 2634.092597732634 1.0 2634.092597732634 1.0 1
476 0.125 nan 0.8 1.0 1.0 2639.154124862639 2639.154958112639 2639.99777382264 2637.5798823026375 2641.5655770568255 2639.8370565626396 -1.0 2639.8370565626396 -1.0 1
477 nan 0.0625 0.8 -1.0 1.0 2642.8208914826428 2642.8218913826427 2643.2742794726432 2642.3324736626423 2644.854205396215 2643.094330802643 1.0 2643.094330802643 1.0 1
478 nan 0.25 0.8 -1.0 1.0 2646.1821886526463 2646.1831885526462 2646.5220213326465 2645.6121123326457 2648.0991215977756 2646.390534482646 1.0 2646.390534482646 1.0 1
479 0.0 nan 0.8 1.0 1.0 2649.4041330926493 2649.405132992649 2658.142459172658 2648.863220522649 2659.720756327572 2658.0423025226582 -1.0 2658.0423025226582 -1.0 1
480 1.0 nan 0.8 1.0 1.0 2661.148791842661 2661.149625092661 2661.4180649126615 2660.5101557126604 2663.0036636251375 2661.310175702661 -1.0 2661.310175702661 -1.0 1
481 0.125 nan 0.8 -1.0 -1.0 2664.5150551826646 2664.5158884326647 2664.9212145626648 2663.7659634326637 2667.5037784211045 2664.7179682226647 1.0 2664.7179682226647 1.0 1
482 nan 0.25 0.8 -1.0 1.0 2668.8648534926688 2668.8658200626687 2669.2396826726695 2668.275479102668 2670.820707518978 2669.072999342669 1.0 2669.072999342669 1.0 1
483 0.125 nan 0.8 1.0 1.0 2672.314875122672 2672.3157750326723 2672.6111121626727 2671.5880144826715 2674.1871134768376 2672.5032896126727 -1.0 2672.5032896126727 -1.0 1
484 0.0625 nan 0.8 -1.0 -1.0 2676.6815717426766 2676.682704962677 2677.3073424926774 2674.957010882675 2679.8815391770354 2676.8826516326767 1.0 2677.116961532677 1.0 2
485 0.0 nan 0.8 -1.0 -1.0 2681.4868578326814 2681.4879577226816 2683.5245873726835 2680.6633401926806 2686.0979528592347 2681.6862378926817 1.0 2681.6862378926817 1.0 1
486 0.0625 nan 0.8 -1.0 -1.0 2687.6206110626877 2687.6215443026877 2688.1278270026883 2686.874152382687 2690.703586728391 2687.613078482688 1.0 2687.8623202226877 1.0 2
487 0.125 nan 0.8 1.0 1.0 2692.1476583126923 2692.148458232692 2692.5478849526926 2691.4842913226917 2694.131286460927 2692.4168980526924 -1.0 2692.4168980526924 -1.0 1
488 0.0625 nan 0.8 -1.0 -1.0 2695.5026894426956 2695.5037226726954 2695.825723802696 2694.905982452695 2698.3815907409416 2695.707002342696 1.0 2695.707002342696 1.0 1
489 1.0 nan 0.8 1.0 1.0 2699.8532210127 2699.8543875626997 2700.0584004927 2699.161890152699 2701.603224743649 2699.9776419027 -1.0 2699.9776419027 -1.0 1
490 0.0625 nan 0.8 1.0 1.0 2704.180854872704 2704.1819214327043 2712.171655712712 2702.3964333327026 2713.7308526044503 2709.98574099271 -1.0 2712.036535892712 -1.0 2
491 nan 1.0 0.8 -1.0 1.0 2715.7528975527157 2715.753730802716 2758.3494374727584 2714.5434518427146 2759.9356518119835 2758.3469710527584 1.0 2758.3469710527584 1.0 1
492 0.25 nan 0.8 1.0 1.0 2761.4468610327613 2761.4479942527614 2761.7147342427616 2760.862252832761 2763.28536434505 2761.608544862762 -1.0 2761.608544862762 -1.0 1
493 0.125 nan 0.8 1.0 1.0 2764.680104342765 2764.6809709227646 2764.968375512765 2764.069365422764 2766.5515725536393 2764.868218862765 -1.0 2764.868218862765 -1.0 1
494 nan 0.0625 0.8 -1.0 1.0 2767.8300226527676 2767.8308892327677 2769.213084332769 2767.3348721727675 2770.7857820168406 2769.018637112769 1.0 2769.018637112769 1.0 1
495 nan 0.25 0.8 -1.0 1.0 2772.3300726027724 2772.3311724927726 2778.3654023427785 2771.571481802772 2779.946325746392 2777.4982224027776 -1.0 2778.2588796627783 1.0 3
496 0.25 nan 0.8 1.0 1.0 2781.285343652781 2781.2863768827815 2781.971341712782 2780.7762279027806 2783.546826745734 2781.5124876027817 -1.0 2781.924213092782 -1.0 2
497 0.125 nan 0.8 1.0 1.0 2785.4684919627857 2785.4692918827855 2785.7639290827856 2784.821923292785 2787.3469529976496 2785.6319422827855 -1.0 2785.6319422827855 -1.0 1
498 0.0625 nan 0.8 0.0 -1.0 2788.6678386627887 2788.668905222789 2848.6699378528488 2788.1257595427883 2851.1692851656458 2806.4384947528065 -1.0 2845.5548827228454 1.0 6
499 0.0625 nan 0.8 -1.0 -1.0 2852.7341647228527 2852.735231282853 2853.5058875428535 2852.1805867528524 2856.084115464145 2853.029635172853 -1.0 2853.279343532853 1.0 2
500 0.25 nan 0.8 1.0 1.0 2857.8950485828577 2857.896148472858 2858.153222762858 2856.859918772857 2859.7340218350687 2858.046466772858 -1.0 2858.046466772858 -1.0 1
501 0.125 nan 0.8 1.0 1.0 2861.028835172861 2861.029768412861 2861.3727341128615 2860.5127201228606 2862.94493190754 2861.208683852861 -1.0 2861.208683852861 -1.0 1
502 1.0 nan 0.8 1.0 1.0 2864.4171963028643 2864.4180295528645 2864.6540392828647 2863.716833012864 2866.228538094709 2864.5607486128647 -1.0 2864.5607486128647 -1.0 1
503 nan 0.125 0.8 -1.0 1.0 2867.6339412628677 2867.6350078228675 2876.8738838428767 2867.009437052867 2878.4447084676935 2867.879116742868 1.0 2876.6514727528765 1.0 3
504 0.125 nan 0.8 1.0 1.0 2879.75012952288 2879.75112942288 2888.086929092888 2879.2643114428793 2889.666553773063 2880.06636456288 1.0 2887.982539532888 -1.0 4
505 nan 0.125 0.8 -1.0 1.0 2891.011503272891 2891.012303192891 2891.3848326028915 2890.4944549828906 2892.9614629178873 2891.2711773028914 1.0 2891.2711773028914 1.0 1
506 nan 1.0 0.8 -1.0 1.0 2894.4833893828945 2894.4842559628946 2894.724565262895 2893.7491628128937 2896.300165224914 2894.6226087928944 1.0 2894.6226087928944 1.0 1
507 0.0625 nan 0.8 -1.0 -1.0 2897.694834872898 2897.6958681028977 2898.033867632898 2897.089862042897 2900.6112939156947 2897.8322544628977 1.0 2897.8322544628977 1.0 1
508 0.125 nan 0.8 1.0 1.0 2901.899914322902 2901.900814232902 2922.4712569829226 2901.4024974029016 2924.049877553848 2916.3105064529163 -1.0 2922.3849989429223 -1.0 2
509 0.0625 nan 0.8 -1.0 -1.0 2925.4278612929256 2925.4287612029257 2925.965107562926 2924.921878562925 2928.5496000001185 2925.8415532529257 1.0 2925.8415532529257 1.0 1
510 0.25 nan 0.8 1.0 1.0 2930.960707952931 2930.961707852931 2931.3307042829315 2929.3508022929295 2932.911102437417 2931.148089212931 -1.0 2931.148089212931 -1.0 1
511 1.0 nan 0.8 1.0 1.0 2934.4494257129345 2934.4502922929346 2934.7003006229347 2933.706400022934 2936.282824683714 2934.5978108729346 -1.0 2934.5978108729346 -1.0 1
512 0.0625 nan 0.8 1.0 1.0 2937.7772595629376 2937.778259462938 2943.4649574029436 2937.076329662937 2945.027153153958 2943.219215312943 -1.0 2943.219215312943 -1.0 1
513 nan 0.25 0.8 -1.0 1.0 2946.349368932946 2946.3504688229464 2946.6310740929466 2945.849352272946 2948.1989686628467 2946.5326506029464 1.0 2946.5326506029464 1.0 1
514 1.0 nan 0.8 1.0 1.0 2949.5103194729495 2949.5114193629497 2949.77215995295 2949.002670242949 2951.349285513534 2949.6589046129498 -1.0 2949.6589046129498 -1.0 1
515 0.0625 nan 0.8 -1.0 -1.0 2952.743796092953 2952.744696002953 2953.081029032953 2952.157288082952 2955.6658935538026 2952.957908012953 1.0 2952.957908012953 1.0 1
516 1.0 nan 0.8 1.0 1.0 2957.1773526929574 2957.1782859329574 2957.4671903729577 2956.4598911129565 2959.0328160006907 2957.3283375929573 -1.0 2957.3283375929573 -1.0 1
517 nan 1.0 0.8 -1.0 1.0 2960.3768327129605 2960.3779326029603 2960.6752028729607 2959.8267210629597 2962.231832201002 2960.5656471629604 1.0 2960.5656471629604 1.0 1
518 0.0625 nan 0.8 -1.0 -1.0 2963.6437393229635 2963.6448725429636 2963.924211272964 2963.0377332629632 2966.482342884954 2963.821354892964 1.0 2963.821354892964 1.0 1
519 nan 1.0 0.8 -1.0 1.0 2967.877149272968 2967.878149172968 2968.2006502529684 2967.2768426429675 2969.7601479268624 2968.114058912968 1.0 2968.114058912968 1.0 1
520 nan 0.0625 0.8 -1.0 1.0 2971.2155820629714 2971.216415312971 2971.4757560429716 2970.5663469929705 2973.027054241023 2971.3656337229713 1.0 2971.3656337229713 1.0 1
521 0.0625 nan 0.8 1.0 1.0 2974.315538702974 2974.3167052529743 3007.672802643008 2973.829753952974 3009.247815241957 2974.5623806829744 1.0 3007.5787787130075 -1.0 6
522 1.0 nan 0.8 1.0 1.0 3010.759793913011 3010.760827143011 3011.013401883011 3010.19081748301 3012.5818300056685 3010.9177114530107 -1.0 3010.9177114530107 -1.0 1
523 0.125 nan 0.8 1.0 1.0 3014.093027223014 3014.094127113014 3044.891947023045 3013.3833315330135 3046.4644636356234 3014.6783353530145 -1.0 3044.8064889030447 -1.0 2
524 nan 1.0 0.8 -1.0 1.0 3048.025533633048 3048.026600193048 3048.2744420730482 3047.3862642330473 3049.842672464243 3048.186150903048 1.0 3048.186150903048 1.0 1
525 0.25 nan 0.8 -1.0 -1.0 3051.3474680730515 3051.348567963051 3051.5822112630517 3050.6497711830507 3054.1641728103455 3051.4892872230516 1.0 3051.4892872230516 1.0 1
526 0.0625 nan 0.8 -1.0 -1.0 3055.6257735330555 3055.6268400930558 3055.976871753056 3054.987270723055 3058.5418956559747 3055.818254283056 1.0 3055.818254283056 1.0 1
527 1.0 nan 0.8 1.0 1.0 3059.88078132306 3059.88181455306 3060.10829190306 3059.3706990030596 3061.6808160326764 3060.0111349530603 -1.0 3060.0111349530603 -1.0 1
528 0.0625 nan 0.8 1.0 1.0 3062.991803523063 3062.992770093063 3065.727629913066 3062.5001193630624 3067.2972242332885 3065.4893204130653 -1.0 3065.4893204130653 -1.0 1
529 0.25 nan 0.8 1.0 1.0 3068.7754584330687 3068.776624983069 3072.128156463072 3068.132522733068 3073.697447825828 3071.9409418530718 -1.0 3071.9409418530718 -1.0 1
530 0.0 nan 0.8 1.0 1.0 3075.224913423075 3075.225879993075 3122.4936527431223 3074.5233502530746 3124.0411297400583 3075.5642128230756 1.0 3122.3776976731224 -1.0 6
531 0.0 nan 0.8 -1.0 -1.0 3125.5129841131256 3125.5140840031254 3125.7617592331258 3125.040731343125 3128.307953739608 3125.6735680531256 1.0 3125.6735680531256 1.0 1
532 0.0625 nan 0.8 1.0 1.0 3129.7628590831296 3129.7640256331297 3132.8631823531327 3129.1190568031293 3134.407986449885 3132.7105309531325 -1.0 3132.7105309531325 -1.0 1
533 0.0625 nan 0.8 -1.0 -1.0 3136.4294256931366 3136.4302589431363 3136.872581373137 3135.770691573136 3139.429207034632 3136.645304103137 1.0 3136.645304103137 1.0 1
534 nan 0.0625 0.8 1.0 -1.0 3140.824119513141 3140.8251860731407 3144.1594526131444 3140.2713081331403 3146.7125453406084 3143.971271433144 -1.0 3143.971271433144 -1.0 1
535 0.0625 nan 0.8 1.0 1.0 3148.156819503148 3148.1577194131482 3151.4929525231514 3147.5399478631475 3153.0409498892145 3151.2218796331513 -1.0 3151.374097743151 -1.0 2
536 0.0625 nan 0.8 1.0 1.0 3154.4126271931545 3154.4136270931544 3155.0471637331552 3153.872347893154 3156.5959598633817 3154.808687583155 -1.0 3154.808687583155 -1.0 1
537 0.125 nan 0.8 1.0 1.0 3158.040497703158 3158.0415975931583 3158.5973753431585 3157.4217595831574 3160.1624690628983 3158.2302120631584 1.0 3158.4821202031585 -1.0 2
538 nan 1.0 0.8 -1.0 1.0 3161.4907193131617 3161.4915525631613 3161.742194163162 3160.990669323161 3163.2901858385358 3161.6484702031617 1.0 3161.6484702031617 1.0 1
539 1.0 nan 0.8 1.0 1.0 3164.6628020731646 3164.6638019731645 3164.893412343165 3164.125789113164 3166.4458045716556 3164.800854933165 -1.0 3164.800854933165 -1.0 1
540 1.0 nan 0.8 1.0 1.0 3167.823485973168 3167.824452543168 3168.111523833168 3167.2666083331674 3169.6624179529776 3168.013566963168 -1.0 3168.013566963168 -1.0 1
541 0.0 nan 0.8 -1.0 -1.0 3171.223779243171 3171.224712483171 3171.720029613172 3170.4935189431703 3174.2790250682797 3171.4946854831715 1.0 3171.4946854831715 1.0 1
542 0.25 nan 0.8 1.0 1.0 3175.6071075331756 3175.6079741131757 3175.826652243176 3175.109423973175 3177.3783430186686 3175.7446937731756 -1.0 3175.7446937731756 -1.0 1
543 0.25 nan 0.8 1.0 1.0 3178.740227523179 3178.7412940831787 3179.067761433179 3178.209547263178 3180.6288546668625 3178.955206023179 -1.0 3178.955206023179 -1.0 1
544 0.25 nan 0.8 1.0 1.0 3181.956372543182 3181.957272453182 3182.3798635231824 3181.4599555231816 3183.9455822648647 3182.1576857431824 -1.0 3182.1576857431824 -1.0 1
545 0.125 nan 0.8 1.0 1.0 3185.2569091231853 3185.2578423631853 3193.398694863193 3184.7912890231846 3194.956119882196 3193.2696411031934 -1.0 3193.2696411031934 -1.0 1
546 0.0 nan 0.8 -1.0 -1.0 3196.4620551631965 3196.4629884031965 3197.3439669631975 3195.821219253196 3199.8949287852315 3196.777290303197 1.0 3196.777290303197 1.0 1
547 0.125 nan 0.8 1.0 1.0 3201.2733739832015 3201.274240563201 3214.2890056232145 3200.7418271432007 3215.8446929866086 3201.6309048932017 -1.0 3213.8559822632137 1.0 2
548 1.0 nan 0.8 1.0 1.0 3217.4391572432173 3217.4399904932175 3217.6912986932175 3216.730994733217 3219.239520885886 3217.5997745132177 -1.0 3217.5997745132177 -1.0 1
549 0.125 nan 0.8 1.0 1.0 3220.7448266432207 3220.745959863221 3221.055528903221 3220.07532693322 3222.60592596187 3220.925008623221 -1.0 3220.925008623221 -1.0 1
550 1.0 nan 0.8 1.0 1.0 3224.077959963224 3224.078893203224 3224.323435413224 3223.4479229732233 3225.872729652421 3224.2219788932243 -1.0 3224.2219788932243 -1.0 1
551 1.0 nan 0.8 1.0 1.0 3227.1947482532273 3227.195848143227 3227.4653545232277 3226.717829283227 3229.0227459526573 3227.3368673732275 -1.0 3227.3368673732275 -1.0 1
552 0.125 nan 0.8 1.0 1.0 3230.4608882732305 3230.4618215132305 3241.5793096532416 3229.86424794323 3243.155828769657 3230.9038773032307 -1.0 3241.5484460732414 -1.0 3
