SWC_042 66d98e6e-bcd9-4e78-8fbb-636f7e808b29 hoferlab 2020-07-13 _iblrig_tasks_ephysChoiceWorld6.4.0 M 288 564
0 1.0 nan 0.5 1.0 1.0 653.0271907506531 653.028290640653 677.3375261406774 647.4109857606475 678.9050418165924 677.2189380006772 -1.0 677.2189380006772 -1.0 1
1 0.125 nan 0.5 -1.0 -1.0 683.043888780683 683.0449886706831 715.2846977107152 679.4869445106795 717.8594390868838 715.001159400715 -1.0 715.001159400715 -1.0 1
2 1.0 nan 0.5 0.0 -1.0 719.4876440407195 719.4886439407195 779.4900432007795 718.5078420307185 781.9892420778258 nan 0.0 nan 0.0 0
3 nan 0.0625 0.5 0.0 -1.0 782.8421746207829 783.4043517307834 843.4057509908434 782.7913463707828 845.9049847177672 nan 0.0 nan 0.0 0
4 0.25 nan 0.5 1.0 1.0 846.7582157108468 847.4200495208474 861.079483440861 846.6975884408467 862.6578097935037 860.9209326308609 -1.0 860.9209326308609 -1.0 1
5 0.0 nan 0.5 1.0 1.0 865.3856194508654 865.3865860208654 865.6810232408657 863.1335113508632 867.2577576483901 865.5591021008655 -1.0 865.5591021008655 -1.0 1
6 0.125 nan 0.5 -1.0 -1.0 868.3855860908684 868.3865526608683 872.9151664208729 867.6580588508676 875.4853007786052 868.5501696308686 -1.0 872.7214524608727 1.0 3
7 nan 0.125 0.5 1.0 -1.0 876.4577454608765 876.4588120208765 877.1307781508772 875.9033009108759 879.7022427685996 876.6514594208767 -1.0 876.958995330877 1.0 2
8 0.0625 nan 0.5 1.0 1.0 882.2743970708823 882.2753969708823 882.6001644908827 880.1365442108802 884.1742684226458 882.4573121108824 -1.0 882.4573121108824 -1.0 1
9 0.125 nan 0.5 1.0 1.0 888.4689108908884 888.4700107808885 889.0767167708891 884.5698675008846 890.6577173657191 888.6974547008887 -1.0 888.6974547008887 -1.0 1
10 1.0 nan 0.5 1.0 1.0 893.4352808708934 893.4366474008934 893.7456498308937 891.0590185208911 895.3242817136535 893.6034307208936 -1.0 893.6034307208936 -1.0 1
11 0.0625 nan 0.5 1.0 1.0 897.4687108208975 897.4696107308974 897.7430833808977 895.7227854308958 899.3246174654288 897.6229287308977 -1.0 897.6229287308977 -1.0 1
12 nan 0.25 0.5 -1.0 1.0 901.5352374609015 901.5362373609015 902.1850391409022 899.7222187808998 903.7571425438933 901.7589817509017 1.0 902.1203456109022 1.0 3
13 nan 0.25 0.5 -1.0 1.0 904.7018207709048 904.7028873309047 910.2419000409102 904.1496426609042 911.8074010543265 904.914899460905 1.0 909.9605281809099 1.0 5
14 nan 0.25 0.5 -1.0 1.0 912.968094060913 912.969127290913 913.5250050309136 912.2211021009123 915.0903411476397 913.1881720509132 1.0 913.4887753209135 1.0 2
15 0.0 nan 0.5 1.0 1.0 916.8014440209168 916.8024439209169 918.8537721009188 915.4782430209154 920.4238749376055 918.3628878609184 1.0 918.3628878609184 1.0 1
16 0.25 nan 0.5 1.0 1.0 922.5513023109226 922.5524022009225 923.0485859109231 920.8211753409208 924.6182212628252 922.932130890923 -1.0 922.932130890923 -1.0 1
17 0.0 nan 0.5 1.0 1.0 925.7405500209258 925.7413499409257 928.6652241909287 925.003623720925 930.2409597771998 928.5094064409285 -1.0 928.5094064409285 -1.0 1
18 nan 1.0 0.5 -1.0 1.0 932.5681005309326 932.5689671109326 933.4324807509335 930.6367603509307 935.0013848707464 932.7621477909328 1.0 933.0217218309331 -1.0 2
19 nan 0.125 0.5 -1.0 1.0 936.057018270936 936.057951510936 939.4330139709394 935.3909848809354 941.0011426155779 939.2516654409393 1.0 939.2516654409393 1.0 1
20 0.125 nan 0.5 1.0 1.0 942.1738731909422 942.1748730909421 942.7049534109427 941.4546451209414 944.2680598507843 942.3863186109423 -1.0 942.6181287609427 -1.0 2
21 nan 1.0 0.5 -1.0 1.0 945.8904015009459 945.8915013909459 946.2033702009462 944.6542584609447 947.77340506539 946.075716300946 1.0 946.075716300946 1.0 1
22 0.25 nan 0.5 -1.0 -1.0 948.6846220509487 948.6854886309487 952.5427695309526 948.1535085009482 955.1065399606647 952.3967174709524 1.0 952.3967174709524 1.0 1
23 0.25 nan 0.5 1.0 1.0 958.7342503209587 958.7350502409588 959.017488660959 955.5078396609555 960.5896891778101 958.900667010959 -1.0 958.900667010959 -1.0 1
24 1.0 nan 0.5 1.0 1.0 961.5842986209616 961.5853651809616 961.950195360962 960.994290960961 963.5232297611116 961.8085428609618 -1.0 961.8085428609618 -1.0 1
25 nan 0.25 0.5 -1.0 1.0 965.4843419109654 965.4853084809655 965.8459390809659 963.9039333009639 967.4178678472708 965.6931876909657 1.0 965.6931876909657 1.0 1
26 nan 0.25 0.5 -1.0 1.0 968.4570446109685 968.4579445209685 968.7817788009688 967.8695700309679 970.3567852164907 968.6774892309687 1.0 968.6774892309687 1.0 1
27 nan 0.0625 0.5 1.0 -1.0 972.050918520972 972.051918420972 976.6105291809766 970.7291840409707 979.1843608162706 976.4964739209765 -1.0 976.4964739209765 -1.0 1
28 1.0 nan 0.5 1.0 1.0 982.4896745409825 982.4908077609825 982.7489819409827 979.6192616109796 984.3232849767451 982.6682233509827 -1.0 982.6682233509827 -1.0 1
29 0.0625 nan 0.5 1.0 1.0 985.3674200709854 985.3684533009854 989.8681366209898 984.7307837409847 991.4393381455563 985.5178716909855 -1.0 989.7574143609897 -1.0 2
30 1.0 nan 0.5 1.0 1.0 993.017188350993 993.018054930993 993.3968503809934 991.8511383009918 994.9728819496377 993.2248009209933 -1.0 993.2248009209933 -1.0 1
31 nan 0.125 0.5 1.0 -1.0 996.0839483109961 996.0850148709961 999.7206512709997 995.3799853809954 1002.2837432218263 999.5942639109996 -1.0 999.5942639109996 -1.0 1
32 nan 0.0625 0.5 1.0 -1.0 1003.4896410010035 1003.4906075710035 1003.7696130010038 1002.7806452410028 1006.3338822874217 1003.6583574610037 -1.0 1003.6583574610037 -1.0 1
33 nan 0.125 0.5 -1.0 1.0 1007.2896609610073 1007.2905942010073 1007.6837882110077 1006.7245841410067 1009.2558930322671 1007.5874978410076 1.0 1007.5874978410076 1.0 1
34 1.0 nan 0.5 -1.0 -1.0 1010.4838081810105 1010.4848747410105 1012.1198778910122 1009.6447920910097 1014.6897462940107 1010.6905208410107 -1.0 1011.927097171012 1.0 5
35 nan 1.0 0.5 -1.0 1.0 1015.6500581710156 1015.6511580610156 1016.5805651110165 1015.0914473710151 1018.150269360053 1015.8454719610158 1.0 1016.087914381016 1.0 2
36 1.0 nan 0.5 1.0 1.0 1019.2887276010193 1019.2897941610192 1019.5605670810196 1018.5434688010185 1021.1394013661371 1019.4835414510195 -1.0 1019.4835414510195 -1.0 1
37 nan 0.0625 0.5 -1.0 1.0 1022.5001397610225 1022.5011063310225 1028.065349851028 1021.5254039110215 1029.6391496494593 1027.890733981028 1.0 1027.890733981028 1.0 1
38 nan 0.125 0.5 -1.0 1.0 1030.6500913510306 1030.6510245910306 1030.981758181031 1030.06424994103 1032.5550920292353 1030.7989764610309 1.0 1030.882101481031 1.0 2
39 nan 0.25 0.5 -1.0 1.0 1033.8498380110339 1033.8506712610338 1034.3213908510343 1032.945195151033 1035.888198504656 1034.0817481510342 1.0 1034.2843278910343 1.0 2
40 nan 1.0 0.5 -1.0 1.0 1036.7664129910368 1036.7673129010368 1037.1024127210371 1036.2741955510362 1038.6728163766236 1036.955960701037 1.0 1036.955960701037 1.0 1
41 nan 1.0 0.5 -1.0 1.0 1039.7167845910396 1039.7176178410398 1040.2927269910404 1039.0556173810392 1041.8553602982824 1039.91553138104 1.0 1040.2458316810403 1.0 2
42 0.25 nan 0.5 1.0 1.0 1043.1831379210432 1043.1842711410432 1049.1112117210491 1042.2544641310424 1050.688840592141 1043.3034592210433 -1.0 1048.970725771049 -1.0 4
43 0.125 nan 0.5 -1.0 -1.0 1051.6333261510517 1051.6341594010516 1052.3461548610524 1051.1361425410512 1054.9221576308353 1051.9383289810519 1.0 1052.2751619610524 1.0 4
44 0.125 nan 0.5 -1.0 -1.0 1055.933062801056 1055.934129361056 1056.6711223210566 1055.3242570210552 1059.238291211084 1056.4091485210565 1.0 1056.4091485210565 1.0 1
45 nan 0.25 0.5 -1.0 1.0 1060.1495411110602 1060.15040769106 1067.6954531110678 1059.6358924810597 1069.2716807728718 1060.3799514010605 1.0 1067.6091284110676 1.0 4
46 0.25 nan 0.5 1.0 1.0 1072.099279351072 1072.100312581072 1072.6086950710726 1069.7312828410697 1074.1717212905992 1072.2545638210722 -1.0 1072.5991626910727 -1.0 2
47 nan 0.0 0.5 1.0 -1.0 1075.2328659610753 1075.2339325210753 1078.7792446210788 1074.6688223710746 1081.3493777550214 1078.4752416910785 -1.0 1078.7118180310788 -1.0 2
48 0.0625 nan 0.5 1.0 1.0 1082.4545103910825 1082.4555436210824 1082.7275830810827 1081.7773781110818 1084.3216861451974 1082.6330258710827 -1.0 1082.6330258710827 -1.0 1
49 0.25 nan 0.5 1.0 1.0 1085.2325325610852 1085.2334991310852 1085.5450013110856 1084.7188839310847 1087.1160031227719 1085.4580100110854 -1.0 1085.4580100110854 -1.0 1
50 0.0 nan 0.5 1.0 1.0 1089.6882202810898 1089.6891535210898 1095.1906699810952 1087.5288029110875 1096.7492996318517 1095.074914891095 -1.0 1095.074914891095 -1.0 1
51 nan 0.125 0.5 1.0 -1.0 1098.2874602710983 1098.2883601810984 1104.102978661104 1097.2009022710972 1106.6823757438976 1099.013054371099 -1.0 1103.917897171104 -1.0 2
52 0.0625 nan 0.5 1.0 1.0 1107.8047417811079 1107.8056083611077 1108.094179501108 1107.1286760611072 1109.6875119786966 1108.0092546611081 -1.0 1108.0092546611081 -1.0 1
53 nan 0.25 0.5 -1.0 1.0 1110.8490706511109 1110.8499039011108 1111.3035252011114 1110.08181405111 1112.8876286944676 1111.0986456911112 1.0 1111.0986456911112 1.0 1
54 nan 0.125 0.5 1.0 -1.0 1113.932062321114 1113.933195541114 1114.4431778711144 1113.2820273311133 1117.0210668021166 1114.1578397411142 -1.0 1114.3773511211143 -1.0 2
55 0.25 nan 0.5 1.0 1.0 1118.4823072511185 1118.4835404611185 1119.075281281119 1117.5335688011176 1120.6545827417463 1118.7985756211187 -1.0 1118.999022241119 -1.0 2
56 1.0 nan 0.5 1.0 1.0 1122.982223881123 1122.983090461123 1129.0401513611291 1121.064782311121 1130.6153784365636 1128.8584028711289 -1.0 1128.8584028711289 -1.0 1
57 nan 1.0 0.5 -1.0 1.0 1132.6874199311328 1132.6883531711328 1132.999088761133 1131.086580031131 1134.5706900151638 1132.902065131133 1.0 1132.902065131133 1.0 1
58 0.125 nan 0.5 -1.0 -1.0 1135.7318487911357 1135.7329820111358 1139.7552797411397 1134.996588991135 1142.3151756916207 1139.1703382411392 1.0 1139.1703382411392 1.0 1
59 nan 1.0 0.5 -1.0 1.0 1143.4376448011435 1143.4385780411435 1144.2772941611443 1142.7635788811428 1145.8371969266116 1143.5459673011435 1.0 1143.8146071011438 1.0 2
60 nan 0.0625 0.5 -1.0 1.0 1147.065048691147 1147.065848611147 1152.7025515511527 1146.2479970711463 1154.270749821472 1152.4536764411525 -1.0 1152.4536764411525 -1.0 1
61 nan 0.0 0.5 1.0 -1.0 1155.3483536111553 1155.3494535011553 1155.6987852311556 1154.7117506111547 1158.2651862098642 1155.4848399611556 1.0 1155.4848399611556 1.0 1
62 0.0625 nan 0.5 -1.0 -1.0 1159.3875163211594 1159.3884162311595 1161.999721741162 1158.6703880411587 1164.5703518300163 1159.6647219311596 -1.0 1161.7267490411618 1.0 3
63 nan 0.25 0.5 -1.0 1.0 1165.7649118511658 1165.7660117411658 1166.1595390511661 1165.015953421165 1167.71506790312 1166.004654541166 1.0 1166.004654541166 1.0 1
64 nan 0.125 0.5 -1.0 1.0 1168.7040845711688 1168.7049844811688 1169.4963720011694 1168.2129670211682 1171.0707052335772 1169.1641718911692 1.0 1169.3650518011693 1.0 2
65 nan 0.0 0.5 -1.0 1.0 1172.2813601411724 1172.2822933811724 1177.5912624311777 1171.4771072411716 1179.1480611353268 1172.2573958711723 -1.0 1177.4522430011775 1.0 4
66 0.0625 nan 0.5 -1.0 -1.0 1180.1869361711802 1180.1878694111801 1183.993522141184 1179.5938621511796 1186.5536220442514 1183.864535041184 1.0 1183.864535041184 1.0 1
67 nan 0.125 0.5 -1.0 1.0 1187.4980716511875 1187.4991382111875 1194.4568757011946 1186.978823581187 1196.0143056726902 1187.6898858011878 1.0 1194.3730507511943 1.0 4
68 nan 0.125 0.5 -1.0 1.0 1198.1034443411982 1198.1043775811982 1198.7949085211987 1196.4699077111966 1200.347743755872 1198.4363777111985 1.0 1198.6094270711985 1.0 2
69 0.25 nan 0.5 1.0 1.0 1201.3862826912014 1201.3873492512014 1205.3100569412054 1200.7595453712008 1206.8642922446695 1204.5000046212044 1.0 1205.2434302712052 -1.0 3
70 nan 0.0625 0.5 1.0 -1.0 1208.4198459312083 1208.4209458212085 1212.7425469512127 1207.2895923012072 1215.3036439206203 1212.5968948512127 -1.0 1212.5968948512127 -1.0 1
71 nan 0.0625 0.5 1.0 -1.0 1216.4808064212166 1216.4818396512164 1216.6851859812166 1215.7640447712158 1219.2531857488977 1216.4522759412164 1.0 1216.5554322912167 -1.0 2
72 nan 0.0625 0.5 -1.0 1.0 1220.2973580612204 1220.2981246512204 1220.990888701221 1219.6615883112197 1222.5472223316901 1220.6779533312206 1.0 1220.974990291221 1.0 2
73 0.0 nan 0.5 -1.0 -1.0 1224.8360041512249 1224.8371040412248 1229.7810429312299 1222.961724931223 1232.3473740381114 1229.4542422812294 1.0 1229.4542422812294 1.0 1
74 1.0 nan 0.5 1.0 1.0 1233.3524190912333 1233.3533523312333 1233.5961947112337 1232.800274311233 1235.1640949645519 1233.4286448012335 1.0 1233.4286448012335 1.0 1
75 nan 0.0625 0.5 -1.0 1.0 1236.136607311236 1236.1376405412361 1236.771810451237 1235.5805962512356 1238.3359419068836 1236.3985144512365 1.0 1236.5399003112366 1.0 2
76 nan 0.0 0.5 1.0 -1.0 1240.880599531241 1240.8815994312408 1245.5571984912456 1238.7554454012388 1248.1139284524177 1245.3696172512455 1.0 1245.3696172512455 1.0 1
77 nan 0.25 0.5 -1.0 1.0 1249.0525489212491 1249.053515491249 1249.3944147312493 1248.5710304112486 1250.9471510142198 1249.2589282812494 1.0 1249.2589282812494 1.0 1
78 0.0625 nan 0.5 1.0 1.0 1252.6527888612527 1252.6538220912528 1258.102910461258 1251.3638511012514 1259.6636071038545 1253.080046131253 1.0 1257.941126641258 -1.0 3
79 nan 1.0 0.5 -1.0 1.0 1261.1019438612611 1261.103043751261 1261.4758064712614 1260.1361071212602 1263.0353408449437 1261.2853255212613 1.0 1261.2853255212613 1.0 1
80 0.0625 nan 0.5 -1.0 -1.0 1264.063347691264 1264.064347591264 1267.5436662912675 1263.4511422512635 1270.0967979276465 1267.2594613812673 1.0 1267.2594613812673 1.0 1
81 nan 0.0 0.5 1.0 -1.0 1271.052548701271 1271.053615261271 1271.3499522912714 1270.5441995412705 1273.9133191446324 1271.2458293712712 -1.0 1271.2458293712712 -1.0 1
82 0.125 nan 0.5 1.0 1.0 1276.5521986812766 1276.5532319112765 1276.8325373112768 1274.3452194012743 1278.3966677765554 1276.7389466712768 -1.0 1276.7389466712768 -1.0 1
83 0.25 nan 0.5 1.0 1.0 1279.86903363128 1279.8702335112798 1287.3694168512873 1278.831270751279 1288.9298447218387 1287.141472981287 -1.0 1287.141472981287 -1.0 1
84 0.125 nan 0.5 1.0 1.0 1290.5355668712905 1290.5364334512906 1295.5953941712955 1289.4096461412894 1297.1464235467563 1290.4921712112905 -1.0 1295.5254345012956 -1.0 3
85 0.125 nan 0.5 1.0 1.0 1298.2184651712982 1298.2193650812983 1298.8611342312988 1297.6096260612976 1300.4348360448312 1298.6452891512986 1.0 1298.6452891512986 1.0 1
86 nan 1.0 0.5 -1.0 1.0 1302.0630140113021 1302.063980581302 1310.7816087313108 1300.8622341013008 1312.3518352272458 1302.2501286313022 1.0 1310.3923809913103 1.0 8
87 nan 0.0625 0.5 -1.0 1.0 1313.5459656013136 1313.5468655113136 1314.1554379813142 1312.8382363813128 1315.7129706005096 1313.8739661313139 1.0 1314.118475011314 1.0 2
88 nan 1.0 0.5 -1.0 1.0 1316.6517216613167 1316.6528215513167 1317.116375191317 1316.135073331316 1318.6851771550218 1316.8249376713168 1.0 1317.002453251317 1.0 2
89 0.0625 nan 0.5 -1.0 -1.0 1319.7793088713197 1319.7804754213198 1323.9204280513238 1319.1134754613192 1326.4792589740546 1323.6960838213238 1.0 1323.6960838213238 1.0 1
90 nan 1.0 0.8 -1.0 1.0 1327.4681732413276 1327.4690398213274 1327.7367463813277 1326.925460851327 1329.3124799566554 1327.6405893313276 1.0 1327.6405893313276 1.0 1
91 0.0625 nan 0.8 1.0 1.0 1330.7016498613307 1330.7026830913308 1334.1140085913341 1329.7355798113297 1335.68490641228 1333.926027391334 -1.0 1333.926027391334 -1.0 1
92 0.25 nan 0.8 1.0 1.0 1336.8789987313369 1336.8799653013368 1337.1851347813372 1336.1369062813362 1338.7683334617989 1337.083378291337 -1.0 1337.083378291337 -1.0 1
93 0.0 nan 0.8 1.0 1.0 1341.995787001342 1341.996986881342 1348.6072257913486 1339.1894343313393 1350.1845498739324 1348.3140217813484 -1.0 1348.3140217813484 -1.0 1
94 0.0625 nan 0.8 1.0 1.0 1351.3791152413514 1351.3801484713515 1351.881864961352 1350.6694528813507 1353.4621657985858 1351.7396458513517 -1.0 1351.7396458513517 -1.0 1
95 0.25 nan 0.8 1.0 1.0 1355.0846446513551 1355.085444571355 1360.6035260413605 1353.8881643113539 1362.1787206978215 1360.2519612013602 -1.0 1360.5061691113606 -1.0 2
96 nan 0.0625 0.8 1.0 -1.0 1363.6343895913637 1363.6353561613637 1367.2173312613672 1362.6560207713626 1369.8014901069944 1367.042348761367 -1.0 1367.042348761367 -1.0 1
97 0.25 nan 0.8 1.0 1.0 1370.8953634213708 1370.896363321371 1371.2002995913713 1370.2709925313702 1372.783830112647 1371.096043351371 -1.0 1371.096043351371 -1.0 1
98 1.0 nan 0.8 1.0 1.0 1374.8619333913748 1374.862933291375 1375.5538308613757 1373.2008328513732 1377.1336624792152 1375.0409821513751 -1.0 1375.5359326513756 -1.0 4
99 0.0625 nan 0.8 1.0 1.0 1378.8785650213788 1378.879564921379 1384.154704021384 1377.5711624413775 1385.7285322840605 1383.998786281384 -1.0 1383.998786281384 -1.0 1
100 1.0 nan 0.8 1.0 1.0 1386.8005394113868 1386.8014726513868 1387.060546741387 1386.1968331213861 1388.6338459572228 1386.977821681387 -1.0 1386.977821681387 -1.0 1
101 1.0 nan 0.8 1.0 1.0 1390.2449949313902 1390.2461281513902 1398.3158211013983 1389.0688458913892 1399.9006460171474 1391.4980029513915 -1.0 1398.1865673613981 -1.0 2
102 0.25 nan 0.8 1.0 1.0 1400.944858171401 1400.9459913914009 1412.2533272114122 1400.3862473714005 1413.8281519717607 1407.2439948614071 -1.0 1412.1993659414122 -1.0 3
103 0.125 nan 0.8 1.0 1.0 1414.933525831415 1414.9345257314149 1415.4147443714155 1414.3308527714144 1416.994674765183 1415.2552603214153 -1.0 1415.2552603214153 -1.0 1
104 0.125 nan 0.8 1.0 1.0 1418.2838907614182 1418.2848240014182 1421.979921121422 1417.4311760414175 1423.5666167517015 1421.6328891614216 1.0 1421.6328891614216 1.0 1
105 nan 0.0625 0.8 -1.0 1.0 1424.6946496214248 1424.6957828414247 1425.7367454014257 1424.015117581424 1427.3167411629395 1425.3242866514254 1.0 1425.5959928114255 1.0 2
106 0.0625 nan 0.8 1.0 1.0 1428.6612195914286 1428.6620528414287 1432.8151041614328 1427.7693421214278 1434.3833017914242 1432.6860837314327 -1.0 1432.6860837314327 -1.0 1
107 0.0625 nan 0.8 -1.0 -1.0 1435.3276195514354 1435.3286527814353 1435.934058901436 1434.8303026214348 1438.51655539428 1435.8053384414359 1.0 1435.8053384414359 1.0 1
108 0.25 nan 0.8 1.0 1.0 1439.4440412014394 1439.4449744414394 1439.7483441014397 1438.941458131439 1441.3165785262029 1439.6556867014397 -1.0 1439.6556867014397 -1.0 1
109 0.25 nan 0.8 1.0 1.0 1443.2443611314432 1443.2452610414432 1443.8504005214438 1441.7364786014418 1445.4276980337322 1443.5006355014434 -1.0 1443.8155706714438 -1.0 2
110 0.125 nan 0.8 -1.0 -1.0 1446.4331755514465 1446.4342087814464 1447.2472274714473 1445.8739981414458 1449.8110277977248 1447.106708191447 1.0 1447.106708191447 1.0 1
111 0.25 nan 0.8 1.0 1.0 1450.865732251451 1450.866498841451 1451.115140641451 1450.2443277314503 1452.694069963878 1451.025749581451 -1.0 1451.025749581451 -1.0 1
112 0.25 nan 0.8 1.0 1.0 1454.8329688214549 1454.8338020714548 1455.1729681514553 1453.1172737414531 1456.7500982311215 1455.0698451314552 -1.0 1455.0698451314552 -1.0 1
113 nan 1.0 0.8 -1.0 1.0 1457.7772743614578 1457.7781076114577 1458.2868900614583 1457.1975990014573 1459.8666225999318 1458.1045416314582 1.0 1458.1045416314582 1.0 1
114 0.0625 nan 0.8 1.0 1.0 1460.9439909914609 1460.945090881461 1470.2736912614703 1460.2918228814603 1471.8496157385161 1463.3756144714635 1.0 1470.15666963147 -1.0 3
115 0.25 nan 0.8 1.0 1.0 1479.3270191714794 1479.3279190814794 1479.6653853314797 1472.3529166514725 1481.2438725786044 1479.5173334714796 -1.0 1479.5173334714796 -1.0 1
116 0.125 nan 0.8 1.0 1.0 1482.4324419314823 1482.4335751514825 1483.5838934414835 1481.7801738314818 1485.166420985569 1482.8580993614828 -1.0 1483.5497301914836 -1.0 2
117 0.125 nan 0.8 1.0 1.0 1486.1102741114862 1486.1112073514862 1490.6493534914907 1485.6033248114857 1492.232679891862 1490.4837033914905 -1.0 1490.4837033914905 -1.0 1
118 nan 0.25 0.8 -1.0 1.0 1493.2271290214933 1493.2281289214932 1493.5606956614936 1492.7009816414927 1495.1328098719446 1493.4628387814935 1.0 1493.4628387814935 1.0 1
119 0.0625 nan 0.8 1.0 1.0 1496.7100806914966 1496.7110805914967 1503.0407475615032 1495.7207129714957 1504.6100738572277 1502.6620521015027 -1.0 1502.6620521015027 -1.0 1
120 nan 0.0625 0.8 1.0 -1.0 1505.6325216915056 1505.6333216115056 1511.025282361511 1505.099075041505 1513.5991426277672 1510.899361621511 -1.0 1510.899361621511 -1.0 1
121 nan 0.0625 0.8 1.0 -1.0 1514.6931155415148 1514.6939154615147 1514.994918691515 1514.071944331514 1517.5599841892813 1514.8914290415148 -1.0 1514.8914290415148 -1.0 1
122 0.0 nan 0.8 1.0 1.0 1518.5658282315185 1518.5668614615186 1519.0588789215192 1517.990785741518 1520.6099118089444 1518.918759601519 -1.0 1518.918759601519 -1.0 1
123 nan 0.25 0.2 -1.0 1.0 1521.6823498815218 1521.6831831315217 1522.012316881522 1521.043313791521 1523.5653209622426 1521.8516662815218 -1.0 1521.8516662815218 -1.0 1
124 0.125 nan 0.2 1.0 1.0 1524.5430637815246 1524.5441303415246 1527.6932487315278 1523.994218671524 1529.243277496447 1527.5897924115277 -1.0 1527.5897924115277 -1.0 1
125 nan 0.125 0.2 -1.0 1.0 1530.6991147815306 1530.7000813515308 1533.058312171533 1529.7083805315297 1534.6154098876434 1530.9216258615309 1.0 1532.6819831415328 1.0 2
126 nan 0.0 0.2 -1.0 1.0 1535.776307011536 1535.7773735715357 1536.130738231536 1535.0753104515352 1537.67623744442 1535.975720401536 1.0 1535.975720401536 1.0 1
127 1.0 nan 0.2 1.0 1.0 1539.2152297515393 1539.2159963415393 1539.6328546515397 1538.1161396715381 1541.1929831267933 1539.4771035615395 -1.0 1539.4771035615395 -1.0 1
128 nan 0.25 0.2 -1.0 1.0 1542.7151463915427 1542.7159463115427 1543.172600641543 1541.6408871615417 1544.7261015213319 1542.940923811543 1.0 1542.940923811543 1.0 1
129 nan 0.0 0.2 -1.0 1.0 1545.6988479915458 1545.6999145515458 1546.4322079815465 1545.1770001815453 1547.9927363540685 1546.091342071546 1.0 1546.2567255315462 1.0 2
130 nan 0.0625 0.2 1.0 -1.0 1548.931658011549 1548.932557921549 1556.6704840515567 1548.4465398615484 1559.2487095813303 1556.5415302815566 -1.0 1556.5415302815566 -1.0 1
131 nan 0.0625 0.2 -1.0 1.0 1560.4760034615606 1560.4767700515604 1560.882329491561 1559.7474096615597 1562.4593273726605 1560.6994811115608 1.0 1560.6994811115608 1.0 1
132 0.0625 nan 0.2 -1.0 -1.0 1564.2151628415643 1564.2160627515643 1564.7534090115648 1562.9089268115629 1567.3314703124033 1564.6500860115646 1.0 1564.6500860115646 1.0 1
133 nan 0.25 0.2 1.0 -1.0 1568.4425400615685 1568.4434399715685 1573.996984561574 1567.7943715515678 1576.5590433651762 1568.6384538015686 1.0 1573.866230971574 -1.0 3
134 nan 0.0 0.2 1.0 -1.0 1577.5807594815776 1577.5815927315775 1577.8679307615778 1577.055745321577 1580.4478903928798 1577.7817393815778 -1.0 1577.7817393815778 -1.0 1
135 nan 0.0625 0.2 1.0 -1.0 1581.5087666415816 1581.5095665615816 1588.7581416315888 1580.910593131581 1591.3256652364623 1581.7497092115818 -1.0 1588.1926648515882 -1.0 2
136 nan 0.125 0.2 -1.0 1.0 1592.4481725915925 1592.4491058315925 1593.968987161594 1591.8601647315918 1595.547708190279 1593.7987041915937 1.0 1593.7987041915937 1.0 1
137 1.0 nan 0.2 1.0 1.0 1597.058578171597 1597.0594114215971 1597.3338173115974 1596.054811891596 1598.9087432522006 1597.2575916015974 -1.0 1597.2575916015974 -1.0 1
138 1.0 nan 0.2 1.0 1.0 1600.3137859516003 1600.3146858616003 1600.6471526116006 1599.3791460915993 1602.2143513465949 1600.5202986316006 -1.0 1600.5202986316006 -1.0 1
139 0.0 nan 0.2 1.0 1.0 1603.1587014316033 1603.1597346616031 1611.0293476216111 1602.6858487216027 1612.597234249894 1610.914425781611 -1.0 1610.914425781611 -1.0 1
140 nan 0.125 0.2 1.0 -1.0 1613.7084796816137 1613.7095462416137 1619.4778360216194 1613.1373368016132 1622.0465274549667 1618.986218521619 1.0 1618.986218521619 1.0 1
141 nan 0.0 0.2 1.0 -1.0 1623.008482921623 1623.009449491623 1623.3377833216234 1622.5442293516226 1625.9085481783559 1623.2438593816232 -1.0 1623.2438593816232 -1.0 1
142 nan 0.25 0.2 -1.0 1.0 1627.063777351627 1627.064743921627 1627.4216748916274 1626.3641473216264 1628.9917700219892 1627.2864884116273 1.0 1627.2864884116273 1.0 1
143 nan 0.125 0.2 -1.0 1.0 1630.2302940016302 1630.2313938916302 1631.086808341631 1629.4537716616294 1632.6642025622489 1630.955621461631 1.0 1630.955621461631 1.0 1
144 nan 0.25 0.2 -1.0 1.0 1634.4580711816345 1634.4590044216345 1634.7815388316349 1633.133603641633 1636.3476353537235 1634.6699166616347 1.0 1634.6699166616347 1.0 1
145 nan 1.0 0.2 -1.0 1.0 1637.3245845016374 1637.3256510616372 1637.7117457816378 1636.805236441637 1639.2749744777402 1637.4999336316375 1.0 1637.4999336316375 1.0 1
146 nan 0.0625 0.2 1.0 -1.0 1641.130570531641 1641.1316037616411 1641.960954151642 1639.7345768116397 1644.5306164958056 1641.7275774916418 1.0 1641.7275774916418 1.0 1
147 nan 0.25 0.2 -1.0 1.0 1645.6747827316458 1645.6755493216458 1646.0941074616462 1644.998117071645 1647.6581365226486 1645.929690571646 1.0 1645.929690571646 1.0 1
148 0.0 nan 0.2 -1.0 -1.0 1649.3466488416493 1649.3475154216494 1659.033746701659 1648.1259375916482 1661.6079468738703 1658.877362341659 1.0 1658.877362341659 1.0 1
149 nan 0.25 0.2 -1.0 1.0 1662.863263711663 1662.864396931663 1663.3975436116634 1662.3277506016623 1664.958074488714 1663.112705431663 1.0 1663.3600473616634 1.0 2
150 nan 0.125 0.2 1.0 -1.0 1666.4630703616665 1666.4640036016665 1667.036013061667 1665.4155751216654 1669.608008848498 1666.7050128316666 -1.0 1667.0093157316671 -1.0 2
151 nan 0.25 0.2 -1.0 1.0 1670.5466286316705 1670.5479951616705 1670.832100081671 1670.07370926167 1672.396928965117 1670.7083791216708 1.0 1670.7083791216708 1.0 1
152 nan 1.0 0.2 -1.0 1.0 1674.007515841674 1674.008282431674 1674.3425490016743 1672.861030501673 1675.9133466853323 1674.1716327616741 1.0 1674.1716327616741 1.0 1
153 nan 1.0 0.2 -1.0 1.0 1677.1244041216771 1677.1252707016772 1677.5570608516775 1676.3755456816764 1679.1302879867449 1677.2935538716772 1.0 1677.5441288116776 1.0 2
154 nan 0.125 0.2 -1.0 1.0 1680.2408591116803 1680.2418923416803 1687.2784552816872 1679.5840914616797 1688.8468477920585 1680.6315867016806 1.0 1687.2495248416872 1.0 4
155 0.25 nan 0.2 1.0 1.0 1689.8741623516898 1689.8751289216898 1690.1951635816902 1689.3539477116894 1691.7629899553854 1690.0888408816902 -1.0 1690.0888408816902 -1.0 1
156 nan 1.0 0.2 -1.0 1.0 1693.0738756816932 1693.0747755916932 1693.3943103016934 1692.2200944016922 1694.962807765346 1693.2366927316932 1.0 1693.2366927316932 1.0 1
157 nan 0.0625 0.2 -1.0 1.0 1695.8907939616959 1695.8917272016959 1700.1345362117002 1695.4205076616954 1701.7127614845542 1696.0737423316962 1.0 1700.0544775517 1.0 4
158 nan 0.0625 0.2 -1.0 1.0 1702.8072022517028 1702.8083354717028 1705.7866042817059 1702.2051624617022 1707.36239793637 1705.6378858217056 1.0 1705.6378858217056 1.0 1
159 0.25 nan 0.2 1.0 1.0 1708.7571405317087 1708.7583070817088 1709.1683327417093 1707.849198001708 1710.7462264956828 1709.0426119817091 -1.0 1709.0426119817091 -1.0 1
160 nan 0.125 0.2 1.0 -1.0 1712.3735788517124 1712.3745787517123 1718.3852109617185 1711.2083287217113 1720.963031485339 1718.2663561817183 -1.0 1718.2663561817183 -1.0 1
161 0.25 nan 0.2 1.0 1.0 1721.990183761722 1721.991183661722 1722.3068187617223 1721.4796348217214 1723.8737479815586 1722.2207273717222 -1.0 1722.2207273717222 -1.0 1
162 nan 0.0625 0.2 1.0 -1.0 1724.845364881725 1724.8464647717249 1729.0801080317292 1724.3457481817243 1731.6461019512924 1728.6623498117287 1.0 1729.0511775917291 -1.0 2
163 nan 0.25 0.2 -1.0 1.0 1732.7566070117327 1732.7577402317327 1733.072508751733 1732.1365023617323 1734.6403367797532 1732.976351701733 1.0 1732.976351701733 1.0 1
164 nan 0.0625 0.2 -1.0 1.0 1735.6621830917356 1735.6630496717357 1736.090840221736 1735.097939521735 1737.6567398542954 1735.826233351736 1.0 1735.826233351736 1.0 1
165 nan 0.125 0.2 -1.0 1.0 1739.3793113417394 1739.3803445717394 1755.1399017917552 1738.129236361738 1756.7292131567347 1739.7649061117397 1.0 1755.042878161755 1.0 8
166 nan 0.0625 0.2 1.0 -1.0 1759.4398384217595 1759.4407716617595 1764.3337489817643 1757.3235167417574 1766.9230708156115 1759.86819558176 1.0 1764.2049618617643 -1.0 4
167 nan 0.0625 0.2 -1.0 1.0 1768.029179401768 1768.030412611768 1768.6153874417687 1767.4403716217676 1770.1895125598523 1768.3540802417683 1.0 1768.3540802417683 1.0 1
168 nan 1.0 0.2 -1.0 1.0 1772.094906121772 1772.095972681772 1772.4697353017725 1770.6621160817706 1774.0564304487425 1772.2700219417723 1.0 1772.2700219417723 1.0 1
169 0.0 nan 0.2 -1.0 -1.0 1775.2114277717753 1775.2122943517752 1781.065575631781 1774.5321290417746 1783.6392287157391 1775.4077081417754 1.0 1780.995282661781 -1.0 3
170 nan 1.0 0.2 1.0 -1.0 1784.7453409517848 1784.7462075317849 1785.1538667617851 1784.164732351784 1787.7454584156421 1784.911024381785 1.0 1784.911024381785 1.0 1
171 nan 0.0625 0.2 -1.0 1.0 1788.8392981817888 1788.8401647617889 1789.2289592117893 1788.2354585717883 1790.8058855507522 1789.041344641789 1.0 1789.041344641789 1.0 1
172 nan 0.25 0.2 -1.0 1.0 1791.8112342917918 1791.8121342017919 1800.1475672418 1791.2840870117914 1801.7226539387825 1792.000282051792 1.0 1800.0777075618 1.0 5
173 nan 0.125 0.2 1.0 -1.0 1804.010980861804 1804.012014091804 1809.1712981118092 1802.2665553218023 1811.7610501602185 1808.8374648318088 1.0 1809.0560429718091 -1.0 2
174 nan 0.0625 0.2 1.0 -1.0 1812.989116291813 1812.989916211813 1829.82239946183 1812.2858532918124 1832.405411595797 1818.8435641218189 1.0 1829.5454938218295 -1.0 8
175 nan 0.0625 0.2 1.0 -1.0 1833.5446605318336 1833.5456937618335 1872.831998071873 1833.0073142718331 1875.3881613469707 1833.8316651618338 1.0 1872.4152064218724 -1.0 9
176 nan 1.0 0.2 -1.0 1.0 1876.8767602218768 1876.8776268018769 1877.4039741618774 1876.1563656018761 1878.977000044678 1877.100971131877 1.0 1877.100971131877 1.0 1
177 nan 0.0 0.2 -1.0 1.0 1879.9212224118799 1879.92225564188 1880.7076104318808 1879.4445034218795 1882.271207188411 1880.3874091218804 1.0 1880.7073771218807 1.0 3
178 nan 0.0625 0.2 -1.0 1.0 1883.9271551118838 1883.9282216718839 1884.3914420118845 1882.7568054918827 1885.9605365899583 1884.1162362018842 1.0 1884.3144497118844 1.0 2
179 0.0625 nan 0.2 -1.0 -1.0 1887.6879456618876 1887.6888455718877 1888.5024975318886 1886.4339377418864 1891.071488477308 1887.880459741888 1.0 1887.880459741888 1.0 1
180 nan 0.0625 0.2 -1.0 1.0 1892.1771966918923 1892.1781632618922 1893.0676076418931 1891.5712906218916 1894.6378023916175 1892.4212389518925 1.0 1892.5806896718925 1.0 2
181 0.125 nan 0.2 -1.0 -1.0 1896.3600117018964 1896.3607782918964 1901.4214055119014 1895.124401941895 1903.9877926891136 1900.7750368219008 1.0 1901.0064803419011 -1.0 2
182 nan 0.0625 0.2 -1.0 1.0 1906.4770665619064 1906.4780331319064 1912.8781597219129 1904.5163959819045 1914.437580410438 1912.6986776719127 -1.0 1912.7511390919128 1.0 2
183 nan 0.0 0.2 -1.0 1.0 1917.043309831917 1917.044243071917 1922.075439901922 1914.979382911915 1923.643061239564 1917.2543887219172 1.0 1921.8534954319218 1.0 4
184 0.125 nan 0.2 -1.0 -1.0 1924.8871587019248 1924.888191931925 1929.3981408919294 1924.1688638719243 1931.9597300807573 1929.115735801929 1.0 1929.3415132219293 1.0 2
185 0.0 nan 0.2 -1.0 -1.0 1933.053975271933 1933.055175151933 1941.2683537519413 1932.4828323919326 1943.8264095001202 1933.1831956819333 1.0 1940.6668472419408 -1.0 4
186 nan 0.25 0.2 -1.0 1.0 1944.903890161945 1944.9049900519449 1945.2926179519452 1944.3716100619445 1946.8536437825812 1945.1582313919453 1.0 1945.1582313919453 1.0 1
187 nan 0.0 0.2 -1.0 1.0 1948.1920279819483 1948.1929612219483 1955.1035034319552 1947.3375467719472 1956.6754246843357 1954.7950009519548 1.0 1954.7950009519548 1.0 1
188 nan 1.0 0.2 -1.0 1.0 1958.6701467319588 1958.6711799619586 1959.1919278819591 1957.2111259819571 1960.7537544385673 1958.8252312219588 1.0 1958.8252312219588 1.0 1
189 nan 0.125 0.2 -1.0 1.0 1961.7759027919617 1961.7768360319617 1962.3744762619624 1961.2429560919613 1963.9369717033526 1962.053175061962 1.0 1962.2687868319622 -1.0 2
190 nan 1.0 0.2 -1.0 1.0 1964.9595843919649 1964.960484301965 1965.2700866719654 1964.4156721219645 1966.8369831098737 1965.1039366219652 1.0 1965.1039366219652 1.0 1
191 0.0625 nan 0.2 -1.0 -1.0 1967.909056081968 1967.910122641968 1968.5380931719685 1967.3195817019673 1971.1083162929563 1968.2222914219683 1.0 1968.2222914219683 1.0 1
192 nan 0.0625 0.2 -1.0 1.0 1972.2200249419723 1972.2210581719723 1979.3244810919794 1971.6162186619717 1980.8924019387662 1972.4546348119725 1.0 1979.1934941919792 1.0 5
193 nan 1.0 0.8 -1.0 1.0 1982.1366331819822 1982.1376330819821 1982.5027299019825 1981.4324036119815 1984.075420984324 1982.2789856119823 1.0 1982.2789856119823 1.0 1
194 0.0625 nan 0.8 1.0 1.0 1986.4031398219863 1986.4042730419865 1992.2871846919923 1984.5822219319846 1993.8758026508897 1992.1513649419921 -1.0 1992.1513649419921 -1.0 1
195 1.0 nan 0.8 1.0 1.0 1994.9698164019949 1994.970849631995 1995.3904410019954 1994.4248042419945 1996.9753280555008 1995.2702530219954 -1.0 1995.2702530219954 -1.0 1
196 0.0 nan 0.8 1.0 1.0 1998.1364997019982 1998.1374996019981 2004.3747091520045 1997.4952305019974 2005.9528969895293 2004.2330233220043 -1.0 2004.2330233220043 -1.0 1
197 0.0 nan 0.8 1.0 1.0 2007.6590140220076 2007.6600805820076 2014.1677630820143 2006.4860979920065 2015.7360840818817 2007.8706595220078 1.0 2014.0735058420141 -1.0 3
198 nan 0.125 0.8 1.0 -1.0 2019.2420222720193 2019.2429555120193 2023.2782519420232 2016.2726859020163 2025.8527696433348 2023.1801284220232 -1.0 2023.1801284220232 -1.0 1
199 nan 0.0625 0.8 1.0 -1.0 2027.041275602027 2027.042542142027 2027.5332264020276 2026.4069723720265 2030.1080954301688 2027.3396790920274 -1.0 2027.3396790920274 -1.0 1
200 0.25 nan 0.8 1.0 1.0 2031.3026494220314 2031.3035160020313 2031.7348062020317 2030.8219974920307 2033.302629439466 2031.5384591720315 -1.0 2031.5384591720315 -1.0 1
201 nan 0.25 0.8 -1.0 1.0 2035.0919704520352 2035.092803702035 2035.5458583920356 2033.806732322034 2037.1193501690668 2035.4349694820355 1.0 2035.4349694820355 1.0 1
202 0.125 nan 0.8 1.0 1.0 2038.3249137920384 2038.3257803720383 2038.7877675020388 2037.6237505820377 2040.3747877438875 2038.5836545820387 1.0 2038.5836545820387 1.0 1
203 0.0 nan 0.8 1.0 1.0 2041.919154332042 2041.920087572042 2046.7814347220467 2040.8745921320408 2048.3523548089624 2046.6974764520467 -1.0 2046.6974764520467 -1.0 1
204 nan 1.0 0.8 -1.0 1.0 2050.5079953620507 2050.5089952620506 2051.066472842051 2048.8900571720487 2052.6354956281325 2050.7079087020506 1.0 2050.898223002051 1.0 2
205 0.25 nan 0.8 1.0 1.0 2053.857760352054 2053.858626932054 2061.640648652062 2053.142398562053 2063.218766720367 2061.5088618320615 -1.0 2061.5088618320615 -1.0 1
206 nan 0.125 0.8 1.0 -1.0 2065.6579468820655 2065.6588467920656 2071.802799002072 2063.7764683820637 2074.391348897634 2071.6439482220717 -1.0 2071.6439482220717 -1.0 1
207 nan 0.0625 0.8 -1.0 1.0 2075.4353690420753 2075.4364356020756 2075.978181422076 2074.948951022075 2077.5518715963062 2075.850327542076 1.0 2075.850327542076 1.0 1
208 1.0 nan 0.8 1.0 1.0 2078.924286782079 2078.9253866720787 2085.0825375620852 2078.059973222078 2086.6575553757 2084.958083342085 -1.0 2084.958083342085 -1.0 1
209 0.125 nan 0.8 -1.0 -1.0 2088.001645622088 2088.002645522088 2094.3679755920944 2087.206358492087 2096.9350285159403 2088.3914733020883 -1.0 2094.164462612094 1.0 5
210 0.125 nan 0.8 1.0 1.0 2098.0903699820983 2098.091203232098 2098.4181705320984 2097.4865303720976 2099.9850599205397 2098.317947222098 -1.0 2098.317947222098 -1.0 1
211 0.25 nan 0.8 1.0 1.0 2101.7069749521015 2101.7078415321016 2102.010077972102 2100.4885634721004 2103.5904986587557 2101.882657382102 -1.0 2101.882657382102 -1.0 1
212 nan 0.125 0.8 1.0 -1.0 2104.685043782105 2104.6861436721047 2109.89075649211 2104.112201072104 2112.4732751171555 2109.75327024211 -1.0 2109.75327024211 -1.0 1
213 0.25 nan 0.8 1.0 1.0 2113.5681220521137 2113.5690552921137 2113.909887872114 2113.011177752113 2115.484808539286 2113.810564472114 -1.0 2113.810564472114 -1.0 1
214 nan 0.25 0.2 -1.0 1.0 2116.923853112117 2116.924686362117 2117.2578197121175 2116.007611412116 2118.8404131064763 2117.157629732117 1.0 2117.157629732117 1.0 1
215 nan 0.125 0.2 1.0 -1.0 2119.85099370212 2119.85199360212 2126.5635890421268 2119.3442110521196 2129.1346058985387 2126.4593328021265 -1.0 2126.4593328021265 -1.0 1
216 nan 0.0625 0.2 1.0 -1.0 2130.4734313521303 2130.4745312421305 2130.7732347021306 2129.69490921213 2133.356425883569 2130.677910902131 -1.0 2130.677910902131 -1.0 1
217 nan 0.0625 0.2 1.0 -1.0 2134.3507769121343 2134.3518101421346 2137.4951291121374 2133.862225772134 2140.0673840631775 2137.3706082321373 -1.0 2137.3706082321373 -1.0 1
218 nan 0.0 0.2 1.0 -1.0 2141.306881232141 2141.3077478121413 2146.122699602146 2140.5941858421406 2148.684252926753 2145.852759932146 -1.0 2146.080903782146 -1.0 2
219 0.0 nan 0.2 -1.0 -1.0 2149.7898328521496 2149.7906661021498 2164.5088274721647 2149.241654342149 2167.0900059507007 2155.567255052156 -1.0 2164.344010622164 -1.0 5
220 0.125 nan 0.2 1.0 1.0 2168.3838732621684 2168.3847731721685 2168.724105902169 2167.7027080521675 2170.3063290264668 2168.6156167521685 -1.0 2168.6156167521685 -1.0 1
221 nan 0.125 0.2 -1.0 1.0 2173.3504098921735 2173.3514097921734 2178.205091042178 2170.809330692171 2179.783807856962 2177.4689313321774 1.0 2177.923285892178 1.0 4
222 0.0625 nan 0.2 -1.0 -1.0 2181.5553893121814 2181.5563225521814 2182.2836498121824 2180.3432105421803 2184.8394419392566 2181.788166032182 1.0 2182.125165662182 -1.0 2
223 nan 1.0 0.2 -1.0 1.0 2186.116966442186 2186.1179330121863 2186.5251589521868 2185.3592422221855 2188.100480059205 2186.309847152186 1.0 2186.309847152186 1.0 1
224 nan 0.125 0.2 -1.0 1.0 2189.1730941321894 2189.174227352189 2191.119799442191 2188.6121835621884 2192.6886227947157 2189.3225458521893 1.0 2190.956682422191 1.0 2
225 nan 0.0625 0.2 -1.0 1.0 2194.4836963521943 2194.4845296021945 2201.6465799922016 2193.203624372193 2203.2002992286016 2201.4122367622012 1.0 2201.4122367622012 1.0 1
226 0.0 nan 0.2 -1.0 -1.0 2204.872257392205 2204.8730906422047 2210.810030222211 2203.766101352204 2213.3833827059925 2205.042906992205 1.0 2210.5902855322106 1.0 4
227 1.0 nan 0.2 1.0 1.0 2214.4890289522145 2214.4899955222145 2214.7552023322146 2213.936484212214 2216.3498191339704 2214.6630782122147 -1.0 2214.6630782122147 -1.0 1
228 0.0625 nan 0.2 1.0 1.0 2217.4883623222177 2217.4892955622176 2225.5467897322255 2216.869424222217 2227.1330037811776 2225.4556988422255 -1.0 2225.4556988422255 -1.0 1
229 nan 0.25 0.2 -1.0 1.0 2229.4054371622296 2229.4065370522294 2229.74210349223 2227.7154061822275 2231.3384268618333 2229.6126831022298 1.0 2229.6126831022298 1.0 1
230 1.0 nan 0.2 1.0 1.0 2232.5162927122324 2232.5171926222324 2233.0983345022332 2231.8467263422317 2234.6829547139077 2232.7520024722326 -1.0 2233.034207582233 -1.0 2
231 nan 0.25 0.2 -1.0 1.0 2236.088802092236 2236.089801992236 2236.4179691722366 2235.2011575322354 2237.9995892250513 2236.2956147422365 1.0 2236.2956147422365 1.0 1
232 1.0 nan 0.2 1.0 1.0 2239.95484878224 2239.95574869224 2240.3594083222406 2238.5157927022387 2241.9495265057203 2240.20909002224 -1.0 2240.20909002224 -1.0 1
233 nan 0.25 0.2 -1.0 1.0 2243.2053570322432 2243.206723562243 2243.7514357522437 2242.4814294322423 2245.3329564390388 2243.6151493822435 1.0 2243.6151493822435 1.0 1
234 1.0 nan 0.2 1.0 1.0 2246.5551553522464 2246.5553553322466 2255.2837157422555 2245.8521589922457 2256.854932624852 2255.1319309222554 -1.0 2255.1319309222554 -1.0 1
235 nan 0.0 0.2 1.0 -1.0 2258.015709182258 2258.016575762258 2262.303180392262 2257.4305343722576 2264.87179943172 2262.1711269322623 -1.0 2262.1711269322623 -1.0 1
236 nan 0.25 0.2 -1.0 1.0 2265.998944112266 2265.9998106922662 2266.6159157422667 2265.4194020722653 2268.188534678839 2266.2601179922663 1.0 2266.6028503822668 1.0 2
237 nan 0.0625 0.2 1.0 -1.0 2269.249085732269 2269.2501189622694 2274.023074952274 2268.720838562269 2276.6047929725437 2273.908119782274 -1.0 2273.908119782274 -1.0 1
238 nan 0.0625 0.2 1.0 -1.0 2277.832160672278 2277.833027252278 2280.5430228922805 2277.1690936522773 2283.115541319948 2280.4258679422805 -1.0 2280.4258679422805 -1.0 1
239 nan 0.0625 0.2 -1.0 1.0 2284.2045233722843 2284.2053232922844 2291.4983272522913 2283.669243572284 2293.070811278994 2291.2736830522913 1.0 2291.2736830522913 1.0 1
240 nan 0.0625 0.2 1.0 -1.0 2297.065337162297 2297.066170412297 2297.3558747722973 2293.6481122522937 2299.9319913942663 2297.2709832622972 -1.0 2297.2709832622972 -1.0 1
241 nan 0.25 0.2 -1.0 1.0 2301.037306592301 2301.038139842301 2307.777632492308 2300.4855951023005 2309.348450012177 2301.2810822123015 1.0 2307.7334702423077 1.0 3
242 nan 0.25 0.2 -1.0 1.0 2311.2041231423113 2311.2050563823113 2311.5807854723116 2309.92135143231 2313.154776960336 2311.4227012823117 1.0 2311.4227012823117 1.0 1
243 nan 0.25 0.2 -1.0 1.0 2314.4485653323145 2314.4493319223143 2319.4759292123194 2313.960380822314 2321.0540448278102 2318.7662001923186 1.0 2318.900320112319 1.0 2
244 1.0 nan 0.8 1.0 1.0 2322.2484519323225 2322.249585152322 2322.697873652323 2321.6231478023215 2324.2711632724213 2322.5265241223224 -1.0 2322.5265241223224 -1.0 1
245 1.0 nan 0.8 1.0 1.0 2325.3982369223254 2325.3992368223253 2325.7829984423256 2324.806262792325 2327.3536879129592 2325.661977212326 -1.0 2325.661977212326 -1.0 1
246 0.25 nan 0.8 1.0 1.0 2328.3815718923283 2328.3825384623283 2334.5001599723346 2327.872989422328 2336.064677838491 2334.4034029823342 -1.0 2334.4034029823342 -1.0 1
247 0.25 nan 0.8 -1.0 -1.0 2337.6200812823377 2337.6211145123375 2338.4477651723387 2336.6260806923365 2341.02001667185 2338.2168216023383 1.0 2338.2168216023383 1.0 1
248 1.0 nan 0.8 1.0 1.0 2342.2313867723424 2342.2323866723423 2342.4758289923425 2341.5761189723416 2344.048347993283 2342.402869622342 -1.0 2342.402869622342 -1.0 1
249 1.0 nan 0.8 1.0 1.0 2346.119764562346 2346.120697802346 2346.4498648823464 2344.5807518123447 2348.0202568452023 2346.3416423723465 -1.0 2346.3416423723465 -1.0 1
250 1.0 nan 0.8 1.0 1.0 2349.264450062349 2349.2653166423493 2349.6015830123497 2348.5568541623484 2351.1648016808217 2349.4889942723494 -1.0 2349.4889942723494 -1.0 1
251 1.0 nan 0.8 1.0 1.0 2352.4530645023524 2352.4539644123524 2359.6461451223595 2351.688607622352 2361.2201622121047 2359.5020262023595 -1.0 2359.5020262023595 -1.0 1
252 0.125 nan 0.8 -1.0 -1.0 2362.3477082723625 2362.3486081823626 2363.861856842364 2361.796563392362 2366.4309096655415 2363.646578372364 1.0 2363.646578372364 1.0 1
253 0.25 nan 0.8 1.0 1.0 2367.636712652368 2367.6374792423676 2367.912018452368 2366.968612802367 2369.4808398885925 2367.838725782368 -1.0 2367.838725782368 -1.0 1
254 nan 0.0 0.8 1.0 -1.0 2370.5203575923706 2370.5214574823704 2375.5073921723756 2370.01004196237 2378.0810086137394 2375.3764052723755 -1.0 2375.3764052723755 -1.0 1
255 1.0 nan 0.8 1.0 1.0 2379.2698492223794 2379.270682472379 2379.5301231923795 2378.660310182379 2381.0976405424667 2379.4474981223793 -1.0 2379.4474981223793 -1.0 1
256 nan 0.25 0.8 -1.0 1.0 2382.936782492383 2382.937649072383 2390.8405920323908 2381.6459449223817 2392.414137064261 2383.158793622383 1.0 2390.7674660123907 1.0 6
257 0.0625 nan 0.8 1.0 1.0 2393.5534873823935 2393.554553942394 2400.5358890724006 2393.025540182393 2402.0973051473397 2400.0958330824 1.0 2400.3852708024006 -1.0 2
258 0.125 nan 0.8 1.0 1.0 2403.2859807024033 2403.2867806224035 2403.843724922404 2402.6873072424028 2405.4197147930768 2403.5786514324036 -1.0 2403.5786514324036 -1.0 1
259 1.0 nan 0.8 1.0 1.0 2406.713904542407 2406.7147377924066 2407.002242372407 2405.965712702406 2408.568958325379 2406.8605898724068 -1.0 2406.8605898724068 -1.0 1
260 0.125 nan 0.8 1.0 1.0 2409.5806511724095 2409.58168440241 2413.930482812414 2409.105865322409 2415.4804042773835 2409.56928564241 -1.0 2413.815594302414 -1.0 3
261 0.0625 nan 0.8 1.0 1.0 2416.6351456524167 2416.636278872417 2417.069602202417 2416.036705502416 2418.613626015408 2416.864556042417 -1.0 2416.864556042417 -1.0 1
262 1.0 nan 0.8 1.0 1.0 2419.6197138324196 2419.6205804124197 2419.97054541242 2419.1463278424194 2421.5138662479985 2419.81666080242 -1.0 2419.81666080242 -1.0 1
263 0.25 nan 0.8 1.0 1.0 2422.8025955124226 2422.803562082423 2423.1275630124233 2422.045771202422 2424.685285580402 2423.000709032423 -1.0 2423.000709032423 -1.0 1
264 nan 1.0 0.8 -1.0 1.0 2425.963512722426 2425.964512622426 2426.4947929224263 2425.2294861324253 2428.047013150487 2426.189290142426 1.0 2426.4764280924264 1.0 2
265 nan 0.125 0.2 1.0 -1.0 2429.2356854724294 2429.236485392429 2434.758766442435 2428.5968160324287 2437.313583581881 2434.576651322435 -1.0 2434.576651322435 -1.0 1
266 nan 0.0625 0.2 1.0 -1.0 2438.5192236924386 2438.5200569424387 2438.8727216724387 2437.9064849724377 2441.45230806864 2438.7516671124386 -1.0 2438.7516671124386 -1.0 1
267 nan 0.25 0.2 -1.0 1.0 2442.5130909324425 2442.5140241724425 2442.981310772443 2442.007008212442 2444.5520329331184 2442.845624342443 1.0 2442.845624342443 1.0 1
268 nan 0.25 0.2 -1.0 1.0 2445.996442562446 2445.997309142446 2446.6519436724466 2445.385037042445 2448.218863864157 2446.1642924424464 1.0 2446.5146574024466 1.0 3
269 nan 0.0625 0.2 -1.0 1.0 2449.72993584245 2449.7309357424497 2455.356639782455 2448.767065472449 2456.9355516070627 2454.9525135324548 1.0 2454.9525135324548 1.0 1
270 0.125 nan 0.2 1.0 1.0 2458.1297291124583 2458.130529032458 2459.2322521824594 2457.5302557324576 2460.8021731229924 2458.6944726324587 -1.0 2459.125662842459 -1.0 2
271 nan 1.0 0.2 -1.0 1.0 2462.0796007524623 2462.080467332462 2462.6399780424626 2461.361372582461 2464.2130974033466 2462.2906129824623 1.0 2462.4409646124623 1.0 2
272 nan 1.0 0.2 -1.0 1.0 2465.2688817924654 2465.2697817024655 2465.976411032466 2464.7670986424646 2467.5462298927846 2465.4235329924654 1.0 2465.9095510524658 -1.0 3
273 nan 0.125 0.2 -1.0 1.0 2468.5849834824685 2468.5860833724687 2469.3784374624693 2468.0951324724683 2470.952156424495 2468.8640889024687 1.0 2469.2373182424694 -1.0 2
274 nan 1.0 0.2 -1.0 1.0 2472.029605652472 2472.030705542472 2472.4075678524723 2471.5109575224715 2473.9794852781242 2472.2032882824724 1.0 2472.2032882824724 1.0 1
275 nan 0.0625 0.2 -1.0 1.0 2475.2849134224753 2475.2860133124755 2480.1588259824803 2474.5290890124747 2481.729539952181 2475.710370872476 1.0 2480.07433443248 1.0 3
276 nan 1.0 0.2 -1.0 1.0 2483.1181966824834 2483.119263242483 2483.4230661924835 2482.3313420424824 2485.0021509644725 2483.2873464324834 1.0 2483.2873464324834 1.0 1
277 nan 0.0625 0.2 -1.0 1.0 2486.079300542486 2486.080233782486 2486.4922592424864 2485.5801504624856 2488.0683767013884 2486.3708380524863 1.0 2486.3708380524863 1.0 1
278 nan 0.0625 0.2 -1.0 1.0 2489.1793571724893 2489.1801904224894 2494.4439306624945 2488.6284789324886 2496.0124435565035 2494.2143202924944 1.0 2494.274614262494 1.0 2
279 nan 1.0 0.2 -1.0 1.0 2497.151993162497 2497.1531263824972 2497.5481535424974 2496.6168466824965 2499.112872985296 2497.2863130624974 1.0 2497.2863130624974 1.0 1
280 nan 0.0 0.2 -1.0 1.0 2500.1676249025004 2500.1687581225 2504.957712512505 2499.6652751424995 2506.5291286719325 2504.6070142525045 1.0 2504.6070142525045 1.0 1
281 nan 1.0 0.2 -1.0 1.0 2507.9183830825077 2507.919349652508 2508.197655152508 2507.1160299925073 2509.768570348917 2508.079266992508 1.0 2508.079266992508 1.0 1
282 nan 0.0625 0.2 -1.0 1.0 2510.995608662511 2510.996641892511 2515.6134135025154 2510.3297752525104 2517.1789293850024 2511.2650817125113 1.0 2515.5873161125155 1.0 3
283 nan 0.125 0.2 -1.0 1.0 2518.5841164025187 2518.5848829925185 2518.985942882519 2517.773330822518 2520.5455606050878 2518.8025945525187 1.0 2518.8025945525187 1.0 1
284 nan 0.125 0.2 -1.0 1.0 2521.867488032522 2521.868521262522 2527.011306932527 2521.116663122521 2528.5790224563757 2526.4182662425264 1.0 2526.5808499825266 1.0 2
285 nan 0.25 0.2 -1.0 1.0 2529.7010379325297 2529.7021044925295 2530.1497263925303 2529.1642249525294 2531.712046031467 2529.85522251253 1.0 2529.85522251253 1.0 1
286 nan 0.25 0.2 -1.0 1.0 2532.917582912533 2532.918416162533 2537.829591662538 2532.2650481725323 2539.3951051101612 2533.111263542533 1.0 2537.760798542538 1.0 3
287 nan 0.25 0.2 -1.0 1.0 2540.5670512225406 2540.5679844625406 2540.8719207325407 2540.00150778254 2542.434338690617 2540.705104082541 1.0 2540.705104082541 1.0 1
288 nan 0.125 0.2 -1.0 1.0 2543.662108352544 2543.662974932544 2548.226585192548 2542.991542082543 2549.784297777626 2547.994041782548 1.0 2547.994041782548 1.0 1
289 nan 0.25 0.2 1.0 -1.0 2550.878586632551 2550.879553202551 2551.5275550625515 2550.4048006825506 2554.1004087245756 2551.0232055025513 1.0 2551.4960582125514 -1.0 2
290 0.125 nan 0.2 -1.0 -1.0 2555.3951016025553 2555.3961681625556 2556.2828461525564 2554.6680076525545 2558.84526128346 2555.6707073725556 1.0 2556.254882282556 1.0 2
291 nan 0.125 0.2 -1.0 1.0 2559.90028437256 2559.90111762256 2564.813193032565 2559.4243653025596 2566.383806712059 2560.4581619125606 1.0 2564.7517325125646 1.0 5
292 nan 1.0 0.2 -1.0 1.0 2567.761464842568 2567.762431412568 2568.1938216025683 2566.994908172567 2569.7615367649682 2567.9310812125677 1.0 2568.1546921825684 1.0 2
293 nan 0.0625 0.2 -1.0 1.0 2571.066534302571 2571.0674008825713 2575.3145761225755 2570.3397403225704 2576.8838915726756 2571.367137572571 1.0 2575.2599149225753 1.0 3
294 nan 1.0 0.2 -1.0 1.0 2578.061234762578 2578.062267992578 2578.3417067125783 2577.4792929625773 2579.911423599929 2578.2040538125784 1.0 2578.2040538125784 1.0 1
295 nan 1.0 0.2 -1.0 1.0 2581.0505024725812 2581.051569032581 2581.7249350225816 2580.4722269725803 2583.2779519656615 2581.227484772581 1.0 2581.5093565825814 1.0 3
296 1.0 nan 0.2 1.0 1.0 2584.4167324825844 2584.4175324025846 2588.7311010025887 2583.860854742584 2590.2947159097407 2588.1146959825883 1.0 2588.1146959825883 1.0 1
297 nan 0.0625 0.2 1.0 -1.0 2591.7504657025916 2591.751465602592 2601.968743772602 2590.891218302591 2604.5325188825536 2601.750365612602 -1.0 2601.750365612602 -1.0 1
298 nan 1.0 0.2 -1.0 1.0 2606.811192812607 2606.812292702607 2607.1619577326073 2605.1898216326053 2608.7325721648645 2607.001973732607 -1.0 2607.001973732607 -1.0 1
299 0.0625 nan 0.8 -1.0 -1.0 2609.89448445261 2609.89561767261 2610.5742498026107 2609.3040768326096 2613.133203054068 2610.23741682261 1.0 2610.23741682261 1.0 1
300 0.25 nan 0.8 1.0 1.0 2614.3775694326146 2614.3785693326145 2614.724101442615 2613.7035035126137 2616.2940195997153 2614.6226115926147 -1.0 2614.6226115926147 -1.0 1
301 1.0 nan 0.8 1.0 1.0 2618.382502232618 2618.3835021326186 2618.6568414626186 2616.864620702617 2620.216358817734 2618.5610843726186 -1.0 2618.5610843726186 -1.0 1
302 0.25 nan 0.8 1.0 1.0 2621.4439627226216 2621.4448293026217 2621.793861062622 2620.7866617926206 2623.366378485161 2621.682738842622 -1.0 2621.682738842622 -1.0 1
303 1.0 nan 0.8 1.0 1.0 2624.4771927026245 2624.4781259426245 2624.827491002625 2623.940079752624 2626.38330749485 2624.6794058126247 -1.0 2624.6794058126247 -1.0 1
304 0.0625 nan 0.8 1.0 1.0 2627.6439093326276 2627.6450758826277 2628.7170353426286 2626.955411522627 2630.260722207402 2627.8111592726277 1.0 2628.663907322629 -1.0 4
305 0.125 nan 0.8 1.0 1.0 2631.4825254326315 2631.4833920126316 2631.855254822632 2630.852621762631 2633.394042889255 2631.709736042632 -1.0 2631.709736042632 -1.0 1
306 nan 0.0625 0.8 1.0 -1.0 2634.4830253526343 2634.4840252526346 2642.292944282642 2633.963743952634 2644.8436554908785 2642.061400772642 -1.0 2642.061400772642 -1.0 1
307 0.25 nan 0.8 1.0 1.0 2645.949411932646 2645.950211852646 2646.3786690026463 2645.4803588426457 2647.9330868424277 2646.209052632646 -1.0 2646.209052632646 -1.0 1
308 0.0 nan 0.8 1.0 1.0 2648.993507492649 2648.994540722649 2656.4362298126566 2648.5050896726484 2657.9825436375254 2656.3354065626563 -1.0 2656.3354065626563 -1.0 1
309 nan 0.125 0.8 1.0 -1.0 2659.260214052659 2659.2610806326593 2659.61707836266 2658.6163451126586 2662.160392531289 2659.4683265726594 -1.0 2659.4683265726594 -1.0 1
310 0.25 nan 0.8 1.0 1.0 2663.2660800926633 2663.2670466626632 2663.5664833826636 2662.7628970826627 2665.1154054653616 2663.4639603026635 -1.0 2663.4639603026635 -1.0 1
311 1.0 nan 0.8 1.0 1.0 2666.193420662666 2666.194320572666 2667.905049482668 2665.695503792666 2669.4662330613037 2666.4300636626663 -1.0 2667.7102689626677 1.0 4
312 0.0625 nan 0.8 1.0 1.0 2670.7267672826706 2670.7276338626707 2678.5491183026784 2670.05783418267 2680.115326862556 2678.375702312678 -1.0 2678.375702312678 -1.0 1
313 nan 1.0 0.8 -1.0 1.0 2682.7764288626827 2682.777495422683 2683.8907507526837 2680.758630662681 2685.4489661652665 2682.973609142683 1.0 2683.730466782684 -1.0 3
314 1.0 nan 0.8 1.0 1.0 2686.5931804826864 2686.5941137226864 2686.880485082687 2686.057567382686 2688.4488985645426 2686.7826615326867 -1.0 2686.7826615326867 -1.0 1
315 0.125 nan 0.8 1.0 1.0 2689.75989711269 2689.7610636626896 2697.756564032698 2689.028103632689 2699.3152753253826 2697.6096120626976 -1.0 2697.6096120626976 -1.0 1
316 0.0625 nan 0.8 1.0 1.0 2701.5262203627017 2701.5272869227015 2701.867819532702 2699.9628767127 2703.4262290847596 2701.763163332702 -1.0 2701.763163332702 -1.0 1
317 0.0 nan 0.8 1.0 1.0 2704.7319997527047 2704.7329329927047 2712.5546840727125 2704.036635962704 2714.109496908981 2704.983407942705 -1.0 2712.121460732712 -1.0 2
318 0.25 nan 0.8 1.0 1.0 2715.832122962716 2715.8331228627158 2716.185520952716 2714.7423986127146 2717.7483350803145 2716.071132392716 -1.0 2716.071132392716 -1.0 1
319 nan 1.0 0.8 -1.0 1.0 2719.026103532719 2719.027103432719 2719.4091318927194 2718.3413386827183 2720.975950114822 2719.2312830127194 1.0 2719.2312830127194 1.0 1
320 0.125 nan 0.8 1.0 1.0 2722.264612982722 2722.2657462027223 2729.2676126127294 2721.5591502027214 2730.831322305242 2728.998372872729 -1.0 2728.998372872729 -1.0 1
321 nan 0.25 0.8 -1.0 1.0 2732.009271752732 2732.010304982732 2732.4400620027322 2731.4751251727316 2733.992373146728 2732.2017525027322 1.0 2732.4071652927323 1.0 2
322 0.0625 nan 0.8 1.0 1.0 2735.0982294927353 2735.099262722735 2736.2112848427364 2734.5752817927346 2737.7815004650893 2735.2779115227354 1.0 2736.203718932736 -1.0 5
323 1.0 nan 0.8 1.0 1.0 2738.958910052739 2738.959909952739 2739.306308642739 2738.3772015627383 2740.8591254915345 2739.178021472739 -1.0 2739.178021472739 -1.0 1
324 nan 0.0625 0.8 1.0 -1.0 2741.997372842742 2741.998206092742 2748.683137532749 2741.4510274827417 2751.247914226377 2748.5953129827485 -1.0 2748.5953129827485 -1.0 1
325 1.0 nan 0.8 1.0 1.0 2752.375534922752 2752.3764348327522 2752.6539070827525 2751.890916722752 2754.2146264336375 2752.5454179327526 -1.0 2752.5454179327526 -1.0 1
326 0.0625 nan 0.8 1.0 1.0 2755.6752715827556 2755.6764048027558 2759.65407366276 2754.806425142755 2761.2143862903786 2759.5538170227596 -1.0 2759.5538170227596 -1.0 1
327 0.125 nan 0.8 1.0 1.0 2762.791926512763 2762.792993072763 2763.1152941727632 2761.824589922762 2764.680910716209 2762.800958942763 -1.0 2762.986940342763 -1.0 2
328 0.25 nan 0.8 1.0 1.0 2765.842088132766 2765.8429547127657 2766.2996090427664 2765.275911422765 2767.858628252263 2766.085430462766 -1.0 2766.2847438627664 -1.0 2
329 1.0 nan 0.8 1.0 1.0 2768.964175892769 2768.965275782769 2769.2540469027695 2768.4395283627687 2770.814058882969 2769.152557052769 -1.0 2769.152557052769 -1.0 1
330 nan 0.25 0.8 -1.0 1.0 2772.191686442772 2772.1925530227722 2772.991773092773 2771.4151641027715 2774.547488616667 2772.732032402773 1.0 2772.732032402773 1.0 1
331 0.125 nan 0.8 1.0 1.0 2775.7916597427757 2775.7925263227758 2782.286943482782 2775.146590922775 2783.8473541625367 2782.1715216927823 -1.0 2782.1715216927823 -1.0 1
332 0.0 nan 0.8 1.0 1.0 2785.741731302786 2785.7427645327857 2786.044767662786 2784.4881566727845 2787.608483794076 2785.935145292786 -1.0 2785.935145292786 -1.0 1
333 0.125 nan 0.8 1.0 1.0 2789.031069002789 2789.032068902789 2789.346804092789 2788.2007853727882 2790.913818423201 2789.235915182789 -1.0 2789.235915182789 -1.0 1
334 0.25 nan 0.8 1.0 1.0 2792.2582795827925 2792.2593461427923 2793.6526401327937 2791.5015219327915 2795.2142542809665 2792.5860801327926 -1.0 2793.5976456327935 -1.0 3
335 0.25 nan 0.8 1.0 1.0 2796.5084211927965 2796.5093211027965 2802.089896322802 2795.815157192796 2803.647610566661 2801.997305582802 -1.0 2801.997305582802 -1.0 1
336 1.0 nan 0.8 1.0 1.0 2804.941511132805 2804.942910992805 2805.5074545328057 2804.2705115728045 2807.057936674234 2805.2529466528053 -1.0 2805.2529466528053 -1.0 1
337 1.0 nan 0.8 1.0 1.0 2808.1971855328084 2808.1981854328083 2808.5132539228084 2807.6562396328077 2810.080366005901 2808.4027649728087 -1.0 2808.4027649728087 -1.0 1
338 0.25 nan 0.8 1.0 1.0 2811.4745577628114 2811.4754910028114 2811.842587622812 2810.6847700828107 2813.396901340373 2811.6755376628116 -1.0 2811.6755376628116 -1.0 1
339 0.25 nan 0.8 1.0 1.0 2814.5247193828145 2814.5257859428148 2820.5894461828207 2813.994105782814 2822.147487299458 2820.4853565928206 -1.0 2820.4853565928206 -1.0 1
340 nan 0.0 0.8 1.0 -1.0 2823.4913226328235 2823.4926891628234 2823.792359192824 2822.800991672823 2826.3410102031953 2823.6923691928237 -1.0 2823.6923691928237 -1.0 1
341 1.0 nan 0.8 1.0 1.0 2827.6137770128275 2827.6146769228276 2827.931311922828 2826.951809882827 2829.491026659974 2827.833221732828 -1.0 2827.833221732828 -1.0 1
342 0.0 nan 0.8 1.0 1.0 2830.912880402831 2830.913946962831 2839.5004215628396 2830.10152821283 2841.057828908046 2831.133724982831 -1.0 2839.3642685128393 -1.0 3
343 1.0 nan 0.8 1.0 1.0 2842.7796602728426 2842.780493522843 2843.092329002843 2841.7301319028415 2844.6577452794313 2842.988106092843 -1.0 2842.988106092843 -1.0 1
344 0.0625 nan 0.8 1.0 1.0 2845.896681872846 2845.897815092846 2853.054632672853 2845.2709444528455 2854.607440012062 2852.908413962853 -1.0 2852.908413962853 -1.0 1
345 0.125 nan 0.8 1.0 1.0 2855.829255182856 2855.830355072856 2856.1335580828563 2855.268144632855 2857.696770355798 2856.022802492856 -1.0 2856.022802492856 -1.0 1
346 0.125 nan 0.8 1.0 1.0 2859.3238056928594 2859.3246722728595 2859.80535753286 2858.3045742928584 2861.3630768528124 2859.5688145228596 -1.0 2859.7677279628597 -1.0 2
347 0.125 nan 0.8 1.0 1.0 2862.690435662863 2862.6913022428625 2863.180186682863 2861.964174962862 2864.7461986995563 2862.896748362863 -1.0 2863.1627550928633 -1.0 2
348 0.25 nan 0.8 1.0 1.0 2865.957175622866 2865.958242182866 2871.2077505128714 2865.3648015328654 2872.762363154595 2870.999304692871 -1.0 2870.999304692871 -1.0 1
349 1.0 nan 0.8 1.0 1.0 2873.957075552874 2873.958175442874 2874.2374808428744 2873.3943651628733 2875.7962928199872 2874.136990892874 -1.0 2874.136990892874 -1.0 1
350 0.125 nan 0.8 1.0 1.0 2877.007103852877 2877.008137082877 2883.3300714928832 2876.4170961928767 2884.8961785306306 2883.2261818828833 -1.0 2883.2261818828833 -1.0 1
351 nan 1.0 0.8 -1.0 1.0 2887.190385422887 2887.191385322887 2887.553482442888 2885.5507827328856 2889.106898173355 2887.3938984028873 1.0 2887.3938984028873 1.0 1
352 0.125 nan 0.8 1.0 1.0 2890.2458465128902 2890.2466797628904 2896.3421701528964 2889.7258985128897 2897.895780529158 2896.2167160328963 -1.0 2896.2167160328963 -1.0 1
353 0.125 nan 0.8 1.0 1.0 2899.056831992899 2899.057898552899 2901.1206922529013 2898.5392837528984 2902.689905376491 2901.020702252901 -1.0 2901.020702252901 -1.0 1
354 0.25 nan 0.8 1.0 1.0 2903.945643062904 2903.946542972904 2904.2616447929045 2903.3131063229034 2905.840150078193 2904.141390152904 -1.0 2904.141390152904 -1.0 1
355 0.125 nan 0.8 1.0 1.0 2906.995671362907 2906.996504612907 2907.3376704929074 2906.4595583129067 2908.9115770035082 2907.190685192907 -1.0 2907.190685192907 -1.0 1
356 nan 0.0625 0.2 1.0 -1.0 2910.4232619029103 2910.4241284829104 2910.8007908129107 2909.90538036291 2913.373403564133 2910.685702322911 -1.0 2910.685702322911 -1.0 1
357 nan 0.25 0.2 -1.0 1.0 2914.612609592915 2914.6137428129146 2922.5788795529224 2913.999804212914 2924.145385250212 2914.903747142915 -1.0 2922.4877220029225 1.0 6
358 nan 0.0 0.2 1.0 -1.0 2925.7562951129257 2925.7573283429256 2930.3215718729302 2924.8321875329248 2932.8894459302987 2925.974439962926 -1.0 2930.19025167293 -1.0 4
359 0.0625 nan 0.2 -1.0 -1.0 2934.128724452934 2934.129557702934 2934.7505289329347 2933.5541485829335 2937.3280029815132 2934.4957544129347 1.0 2934.678202832935 1.0 2
360 nan 1.0 0.2 -1.0 1.0 2938.4395599929385 2938.4404932329385 2938.7908915229386 2937.954408512938 2940.361834412281 2938.6195086629386 1.0 2938.6195086629386 1.0 1
361 nan 0.0625 0.2 -1.0 1.0 2941.5396832829415 2941.5404832029417 2942.1685203929424 2940.986438612941 2943.7453364871476 2941.791991382942 1.0 2942.0956943429424 -1.0 2
362 nan 0.25 0.2 -1.0 1.0 2945.139589922945 2945.140456502945 2945.7558616229458 2944.3700335529443 2947.3227692417145 2945.3709334529453 1.0 2945.7317307029457 1.0 2
363 nan 1.0 0.2 -1.0 1.0 2949.4620909629493 2949.4630575329493 2950.18148568295 2947.960074512948 2951.761196499798 2949.6460059029496 1.0 2949.96860697295 1.0 2
364 0.125 nan 0.2 1.0 1.0 2953.089394862953 2953.090361432953 2953.4648239829535 2952.3931978229525 2955.0447328251557 2953.3103394329532 -1.0 2953.3103394329532 -1.0 1
365 0.0625 nan 0.2 -1.0 -1.0 2956.755961502957 2956.7569947329566 2957.089328162957 2955.6757362029557 2959.6558710458676 2956.935376892957 1.0 2956.935376892957 1.0 1
366 nan 0.125 0.2 -1.0 1.0 2960.811955862961 2960.812955762961 2964.7551281729648 2960.2941743129604 2966.3283351937475 2964.5307506129648 1.0 2964.5307506129648 1.0 1
367 nan 0.0625 0.2 -1.0 1.0 2967.7226647229677 2967.7235646329677 2972.848785392973 2966.985038492967 2974.4225911800886 2967.942576062968 -1.0 2972.775626042973 -1.0 4
368 0.0625 nan 0.2 -1.0 -1.0 2976.3610674629763 2976.3621340229765 2979.3967638629792 2975.097993782975 2981.978337859595 2979.260144192979 1.0 2979.260144192979 1.0 1
369 nan 0.25 0.2 -1.0 1.0 2983.3722662729833 2983.3733994929835 2983.9855716029842 2982.636239882983 2985.555678209309 2983.6063761929836 1.0 2983.858151012984 -1.0 2
370 nan 0.125 0.2 -1.0 1.0 2986.944075722987 2986.945042292987 2987.3623005629875 2986.193284142986 2988.9387091160115 2987.159787482987 1.0 2987.159787482987 1.0 1
371 0.25 nan 0.2 1.0 1.0 2990.3941640129906 2990.3950639229906 2991.118324922991 2989.5765124529894 2992.6945360645914 2990.6479719629906 -1.0 2990.9041463429908 1.0 2
372 nan 0.125 0.2 -1.0 1.0 2994.222181172994 2994.2232810629944 3002.6772022530026 2993.328137252993 3004.2442381458745 3002.4763890030026 1.0 3002.4763890030026 1.0 1
373 nan 0.25 0.2 -1.0 1.0 3006.038566083006 3006.039499323006 3006.3153384030065 3004.941542463005 3007.8885530906805 3006.091827423006 1.0 3006.1759523430064 1.0 2
374 nan 0.125 0.2 -1.0 1.0 3009.1778854530094 3009.1788186930094 3009.7027662930095 3008.5153517130084 3011.2777759728765 3009.5376494730094 1.0 3009.5376494730094 1.0 1
375 nan 0.0625 0.2 1.0 -1.0 3012.7219976730125 3012.7230975630127 3021.011035353021 3011.919677913012 3023.571872716541 3020.6603370930206 1.0 3020.828720253021 1.0 2
376 nan 0.0625 0.2 -1.0 1.0 3024.926877063025 3024.927643653025 3026.201216283026 3024.2682762630243 3027.755124325664 3025.8946136130257 -1.0 3025.8946136130257 -1.0 1
377 nan 0.0625 0.2 -1.0 1.0 3029.6269070130297 3029.6279402430296 3031.3033393530313 3028.3900307130284 3032.854951070543 3029.98967073303 1.0 3030.9801716730312 1.0 4
378 nan 0.125 0.2 -1.0 1.0 3034.010501943034 3034.011568503034 3039.2266136130393 3033.5122517730338 3040.777321242805 3039.125757033039 1.0 3039.125757033039 1.0 1
379 nan 1.0 0.2 -1.0 1.0 3042.6714357630426 3042.672468993043 3043.062629973043 3041.4417254130417 3044.6268425433686 3042.8266202430427 1.0 3042.8266202430427 1.0 1
380 nan 0.25 0.2 -1.0 1.0 3046.837885743047 3046.8387856530467 3047.5696792230474 3045.2714424030455 3049.1266883767225 3047.022567273047 1.0 3047.3707991130473 1.0 2
381 nan 1.0 0.2 -1.0 1.0 3050.4713890230505 3050.4724222530504 3050.830219803051 3049.76959254305 3052.3881290113677 3050.651504343051 1.0 3050.651504343051 1.0 1
382 nan 0.125 0.2 -1.0 1.0 3053.660236773054 3053.6613699930535 3057.5910436530576 3053.020434093053 3059.1378855624976 3057.092060223057 1.0 3057.2651095830574 1.0 2
383 nan 0.25 0.2 -1.0 1.0 3060.743695023061 3060.744628263061 3062.5766117130624 3059.8044889530597 3064.121323511461 3062.4676559430627 1.0 3062.4676559430627 1.0 1
384 nan 0.0625 0.2 -1.0 1.0 3065.4099616830654 3065.4109282530653 3065.867615913066 3064.774025283065 3067.4264300329205 3065.758626813066 1.0 3065.758626813066 1.0 1
385 nan 1.0 0.2 -1.0 1.0 3068.587577223069 3068.5885771230687 3079.174118463079 3068.072828703068 3080.7270531425947 3079.0773614730792 1.0 3079.0773614730792 1.0 1
386 nan 1.0 0.2 -1.0 1.0 3081.970805433082 3081.971772003082 3082.3071717930825 3081.4443580830816 3083.8598820120096 3082.214781033082 1.0 3082.214781033082 1.0 1
387 nan 0.0625 0.2 1.0 -1.0 3085.054097073085 3085.0550636430853 3104.150220603104 3084.4999858230844 3106.7088510613967 3104.0447311531043 -1.0 3104.0447311531043 -1.0 1
388 nan 0.0625 0.2 1.0 -1.0 3107.953773543108 3107.954840103108 3116.531082393117 3107.4852537331076 3119.092042313109 3116.4039284431165 -1.0 3116.4039284431165 -1.0 1
389 0.25 nan 0.2 1.0 1.0 3120.836951763121 3120.837718353121 3132.784056933133 3120.2020485931203 3134.353388423343 3132.549513723133 1.0 3132.549513723133 1.0 1
390 nan 1.0 0.2 -1.0 1.0 3137.042364393137 3137.043197643137 3137.886313323138 3135.0843935431353 3139.4532219901866 3137.174117883137 1.0 3137.370231603137 1.0 2
391 nan 0.125 0.2 -1.0 1.0 3140.5918094131407 3140.5928426431406 3150.17681748315 3140.11282398314 3151.742619191522 3149.98250358315 1.0 3149.98250358315 1.0 1
392 nan 0.125 0.2 -1.0 1.0 3155.2531098031554 3155.2540430431554 3161.753093073162 3152.4655219231527 3163.319693999499 3155.5723112131554 1.0 3161.592275823162 1.0 5
393 0.0625 nan 0.2 -1.0 -1.0 3164.6252391631647 3164.6262723931645 3165.017599923165 3164.049796713164 3167.5860404579744 3164.792155803165 1.0 3164.792155803165 1.0 1
394 nan 0.0625 0.2 -1.0 1.0 3168.725495763169 3168.7265623231688 3172.7501932531727 3168.233944923168 3174.325499071412 3172.5853097431727 -1.0 3172.5853097431727 -1.0 1
395 nan 0.0625 0.2 1.0 -1.0 3175.5195162931755 3175.520849493176 3176.021166123176 3174.998601723175 3178.591639899964 3175.6784004031756 1.0 3175.7948554231757 -1.0 2
396 nan 0.0625 0.2 1.0 -1.0 3179.88594627318 3179.88714615318 3190.3986948931906 3179.2487433331794 3192.9693590739626 3189.95330610319 -1.0 3189.95330610319 -1.0 1
397 nan 0.25 0.2 1.0 -1.0 3194.4240256531943 3194.4249922231943 3212.179849893212 3193.7147632531937 3214.752512151753 3212.023465533212 -1.0 3212.023465533212 -1.0 1
398 nan 0.25 0.2 1.0 -1.0 3216.1912820432162 3216.1921486232163 3240.4675875032403 3215.5328145632157 3243.0411378237263 3239.83445082324 1.0 3239.83445082324 1.0 1
399 nan 0.0625 0.2 1.0 -1.0 3244.4349240632446 3244.4358906332445 3275.6069398832756 3243.913842843244 3278.1680224601437 3275.4046601132754 -1.0 3275.4046601132754 -1.0 1
400 nan 0.25 0.2 1.0 -1.0 3279.62357151328 3279.6245714132797 3307.824317823308 3279.0617277032793 3310.3843038993814 3307.686731583308 -1.0 3307.686731583308 -1.0 1
401 1.0 nan 0.2 1.0 1.0 3311.922707943312 3311.923641183312 3325.250108403325 3311.2415094033113 3326.823138361947 3325.072592823325 -1.0 3325.072592823325 -1.0 1
402 1.0 nan 0.2 1.0 1.0 3328.9340066433288 3328.934806563329 3329.2881378933293 3327.5756424933275 3330.8562500337853 3329.1570510033293 -1.0 3329.1570510033293 -1.0 1
403 nan 0.0 0.2 1.0 -1.0 3334.2005466033343 3334.2014131833344 3334.969069743335 3331.5206479533317 3337.539905725225 3334.5658100733344 1.0 3334.5658100733344 1.0 1
404 nan 1.0 0.2 -1.0 1.0 3338.8005532233387 3338.801386473339 3339.249008373339 3338.2315101333384 3340.8172454219034 3339.103356273339 1.0 3339.103356273339 1.0 1
405 nan 1.0 0.2 -1.0 1.0 3342.4061926233426 3342.4069925433423 3343.3749624033435 3341.4908508333415 3344.933771738747 3342.5727426333424 1.0 3343.049794923343 -1.0 2
406 nan 0.125 0.2 -1.0 1.0 3346.3056693033463 3346.3066358733463 3346.7885876733467 3345.6095722533455 3348.3727942293776 3346.636969503347 1.0 3346.636969503347 1.0 1
407 nan 1.0 0.2 -1.0 1.0 3349.6002398133496 3349.6012730433495 3349.87731210335 3349.040295813349 3351.4391201546805 3349.7607237633497 1.0 3349.7607237633497 1.0 1
408 nan 0.25 0.2 -1.0 1.0 3352.7669897733526 3352.7678896833527 3353.320734393353 3352.101023043352 3354.900241648668 3352.963970073353 1.0 3353.279205213353 1.0 3
409 nan 0.25 0.2 -1.0 1.0 3358.206212463358 3358.2071790333584 3365.1614168733654 3355.5737424033555 3366.733346949271 3358.3791951633584 1.0 3365.0991564333654 1.0 4
410 nan 0.0625 0.2 1.0 -1.0 3368.4725523933685 3368.4734189733686 3376.018997673376 3367.4694527133674 3378.604829308397 3368.922740703369 1.0 3375.855847323376 -1.0 5
411 nan 1.0 0.2 -1.0 1.0 3379.88321121338 3379.88431110338 3380.2846377333804 3379.3391322933794 3381.8665710590385 3380.07312555338 1.0 3380.07312555338 1.0 1
412 nan 1.0 0.2 1.0 -1.0 3383.6722322733835 3383.673265503384 3384.0399288333842 3382.5398788533826 3386.6223011059815 3383.8490812533837 -1.0 3383.8490812533837 -1.0 1
413 nan 1.0 0.2 -1.0 1.0 3388.033196133388 3388.034229363388 3388.6986295833885 3387.303102483387 3390.283131441367 3388.213544763388 1.0 3388.3675960233886 1.0 2
414 nan 0.125 0.2 -1.0 1.0 3391.6556005233915 3391.6565004333916 3392.254240653392 3390.970935663391 3393.8164509200483 3391.942271853392 1.0 3392.206245453392 1.0 2
415 nan 0.125 0.2 -1.0 1.0 3395.4045589233956 3395.4054921633956 3395.887477293396 3394.4858508033944 3397.44968369268 3395.5921734933954 1.0 3395.5921734933954 1.0 1
416 nan 0.0 0.2 -1.0 1.0 3398.772255453399 3398.773122033399 3399.5635096533997 3398.1190874433983 3401.1218141172453 3399.0570936333993 1.0 3399.3374655933994 1.0 2
417 0.25 nan 0.2 -1.0 -1.0 3402.4327227034023 3402.4337559334026 3410.07165873341 3401.815017813402 3412.6386236186354 3409.75802343341 1.0 3410.03246265341 1.0 3
418 nan 1.0 0.2 -1.0 1.0 3413.899442583414 3413.900309163414 3414.3700288534146 3413.3721286534133 3415.932839549438 3414.093089883414 1.0 3414.093089883414 1.0 1
419 nan 0.0 0.2 1.0 -1.0 3417.2378753734174 3417.238941933417 3432.0044652334323 3416.605438623417 3434.5710921684617 3431.8266830134316 -1.0 3431.8266830134316 -1.0 1
420 nan 0.0 0.2 -1.0 1.0 3435.932505723436 3435.933438963436 3436.761189513437 3435.3552967834353 3438.3157285397833 3436.4379885034364 1.0 3436.4379885034364 1.0 1
421 nan 0.0 0.2 1.0 -1.0 3439.78788681344 3439.78905336344 3445.787686773446 3438.989633313439 3448.354708451216 3445.633668843446 -1.0 3445.633668843446 -1.0 1
422 1.0 nan 0.2 1.0 1.0 3450.06555894345 3450.0666255034503 3450.3705284434504 3449.5010154034494 3451.932135154206 3450.2847370234504 -1.0 3450.2847370234504 -1.0 1
423 nan 0.125 0.2 1.0 -1.0 3453.737758353454 3453.7385916034536 3454.004265033454 3452.6072380834526 3456.5653720629584 3453.910107783454 -1.0 3453.910107783454 -1.0 1
424 0.0625 nan 0.8 1.0 1.0 3459.7541899834596 3459.75522321346 3460.08629010346 3457.2438743734574 3461.6488955976083 3459.98300043346 -1.0 3459.98300043346 -1.0 1
425 0.125 nan 0.8 1.0 1.0 3463.037361633463 3463.038194883463 3468.8307489034687 3462.3536966734623 3470.3986830223507 3468.726559323469 -1.0 3468.726559323469 -1.0 1
426 0.125 nan 0.8 1.0 1.0 3471.7210265134718 3471.722126403472 3471.981600453472 3471.1120874134713 3473.5545076994754 3471.895275753472 -1.0 3471.895275753472 -1.0 1
427 nan 1.0 0.8 -1.0 1.0 3475.3150670734753 3475.316100303475 3475.622502993476 3474.2248094434744 3477.1818417037875 3475.4956823434754 1.0 3475.4956823434754 1.0 1
428 0.25 nan 0.8 1.0 1.0 3479.1208531234793 3479.1217197034794 3479.4618523534796 3477.8531465734777 3481.02036110446 3479.330398833479 -1.0 3479.330398833479 -1.0 1
429 0.25 nan 0.8 1.0 1.0 3482.248307013482 3482.2493735734824 3484.121086383484 3481.7122606234816 3485.6869914400268 3483.1598491834834 1.0 3484.045960563484 -1.0 3
430 0.0625 nan 0.8 1.0 1.0 3486.915006963487 3486.916306833487 3494.824282623495 3486.3847933234865 3496.381382466546 3494.6718312034945 -1.0 3494.6718312034945 -1.0 1
431 0.0 nan 0.8 1.0 1.0 3497.787119643498 3497.788219533498 3501.2487067835013 3497.124885873497 3502.814840629502 3498.2474402734983 1.0 3501.118119843501 -1.0 2
432 0.25 nan 0.8 1.0 1.0 3504.5540762135047 3504.5551427735045 3504.877743843505 3503.5303452635035 3506.4314554230195 3504.7654550735047 -1.0 3504.7654550735047 -1.0 1
433 0.25 nan 0.8 1.0 1.0 3507.787252863508 3507.7881194435076 3508.3038678635085 3507.108354093507 3509.864702211231 3508.125285723508 -1.0 3508.125285723508 -1.0 1
434 0.0625 nan 0.8 1.0 1.0 3511.3036345235114 3511.3047677435115 3513.3579290735133 3510.5454103535108 3514.919835375444 3513.2135768435132 -1.0 3513.2135768435132 -1.0 1
435 0.0 nan 0.8 1.0 1.0 3516.297968373516 3516.2990349335164 3516.889642533517 3515.6226359135158 3518.447851342867 3516.5457769235168 -1.0 3516.768887943517 -1.0 2
436 nan 0.125 0.8 1.0 -1.0 3519.70352778352 3519.70436103352 3525.869977743526 3519.134451363519 3528.437342543204 3525.7678879535256 -1.0 3525.7678879535256 -1.0 1
437 0.25 nan 0.8 1.0 1.0 3529.79755161353 3529.7985848435296 3530.14635006353 3529.1811465935293 3531.7034584937496 3530.03622774353 -1.0 3530.03622774353 -1.0 1
438 0.0 nan 0.8 1.0 1.0 3533.014329903533 3533.015229813533 3533.260371963533 3532.4005579535324 3534.8200773107137 3533.1510828935334 -1.0 3533.1510828935334 -1.0 1
439 0.0625 nan 0.8 1.0 1.0 3536.180679903536 3536.1815464835363 3538.6715307935388 3535.5104802635356 3540.236630852883 3538.5861726635385 -1.0 3538.5861726635385 -1.0 1
440 0.0 nan 0.8 1.0 1.0 3541.5142798235415 3541.5151797335416 3541.8528459635418 3540.950636193541 3543.4141533151374 3541.741790403542 -1.0 3541.741790403542 -1.0 1
441 1.0 nan 0.8 1.0 1.0 3544.7029609235447 3544.703794173545 3545.092888593545 3544.1029542635442 3546.6526913820676 3544.931304753545 -1.0 3544.931304753545 -1.0 1
442 nan 1.0 0.8 -1.0 1.0 3547.8306814535476 3547.831781343548 3548.2702041635484 3547.3365975335473 3549.8307125417 3548.040793773548 1.0 3548.237507433548 1.0 2
443 0.0625 nan 0.8 1.0 1.0 3551.168814273551 3551.169747513551 3555.0989545535554 3550.5165128435506 3556.6697572822163 3554.955902193555 -1.0 3554.955902193555 -1.0 1
444 0.0625 nan 0.8 1.0 1.0 3557.864011353558 3557.865011253558 3558.181979553558 3557.3760601535573 3559.7531833748385 3558.066991053558 -1.0 3558.066991053558 -1.0 1
445 nan 0.0 0.8 1.0 -1.0 3561.1805796635613 3561.181679553561 3561.5513425835616 3560.4477862835606 3564.1194132300766 3561.3777932735616 -1.0 3561.3777932735616 -1.0 1
446 0.125 nan 0.8 1.0 1.0 3565.5637746335656 3565.5646412135657 3565.892341773566 3564.8283148535647 3567.45274439393 3565.7759867435657 -1.0 3565.7759867435657 -1.0 1
447 0.0625 nan 0.8 1.0 1.0 3568.830481263569 3568.831614483569 3569.2084767935694 3568.146449673568 3570.7695795553477 3569.048259483569 -1.0 3569.048259483569 -1.0 1
448 0.25 nan 0.8 1.0 1.0 3572.146949583572 3572.147916153572 3579.2368405235793 3571.4719837535713 3580.802471062759 3579.1097532335793 -1.0 3579.1097532335793 -1.0 1
449 1.0 nan 0.8 1.0 1.0 3582.0800561735823 3582.080822763582 3582.4278880535826 3581.5495758935817 3584.0023919538353 3582.3115663535823 -1.0 3582.3115663535823 -1.0 1
450 1.0 nan 0.8 1.0 1.0 3585.3302311235852 3585.3311310335853 3585.6773964035856 3584.7018939635846 3587.2527025262466 3585.5466761435855 -1.0 3585.5466761435855 -1.0 1
451 0.125 nan 0.8 1.0 1.0 3588.5802060935885 3588.5811060035885 3588.910839693589 3587.951302323588 3590.480039116777 3588.7552219235886 -1.0 3588.7552219235886 -1.0 1
452 1.0 nan 0.8 1.0 1.0 3591.819415473592 3591.820415373592 3592.164947583592 3591.1854455435914 3593.7302541952886 3591.990665013592 -1.0 3591.990665013592 -1.0 1
453 0.25 nan 0.8 1.0 1.0 3594.985698813595 3594.986698713595 3602.041626483602 3594.4335540335946 3603.6190541406295 3601.930704243602 -1.0 3601.930704243602 -1.0 1
454 1.0 nan 0.8 1.0 1.0 3606.1301842536063 3606.131317473606 3606.5057800236063 3604.3711601736045 3608.0855815811387 3606.3823923636064 -1.0 3606.3823923636064 -1.0 1
455 0.25 nan 0.8 1.0 1.0 3609.2798692536094 3609.280902483609 3609.6178021236096 3608.805683343609 3611.1800059442753 3609.4903148736093 -1.0 3609.4903148736093 -1.0 1
456 0.0 nan 0.8 1.0 1.0 3612.5857386336124 3612.5869051836125 3618.879175893619 3611.872609953612 3620.446473441213 3618.6444660336188 -1.0 3618.6444660336188 -1.0 1
457 1.0 nan 0.8 1.0 1.0 3621.7018935936217 3621.7027935036217 3621.971100003622 3621.2025768636213 3623.546400283943 3621.867610353622 -1.0 3621.867610353622 -1.0 1
458 nan 0.0625 0.8 1.0 -1.0 3624.935303553625 3624.936436773625 3631.900040343632 3624.2565047736243 3634.485701492889 3631.729424073632 -1.0 3631.729424073632 -1.0 1
459 0.25 nan 0.8 1.0 1.0 3635.912839023636 3635.913705603636 3636.129817323636 3635.238506463635 3637.7017224237698 3636.043959243636 -1.0 3636.043959243636 -1.0 1
460 nan 0.125 0.8 1.0 -1.0 3639.046192323639 3639.046992243639 3639.3246644736396 3638.4049231236386 3641.901963456747 3639.2250744336393 -1.0 3639.2250744336393 -1.0 1
461 nan 0.25 0.2 1.0 -1.0 3643.0961539536434 3643.097287173643 3643.3639605036433 3642.6210681336424 3645.9293958486087 3643.2801688836435 -1.0 3643.2801688836435 -1.0 1
462 nan 0.0625 0.2 1.0 -1.0 3647.3351300136474 3647.3362299036476 3656.0984869236563 3646.6414993836465 3658.6626980788155 3655.998596913656 -1.0 3655.998596913656 -1.0 1
463 nan 0.25 0.2 -1.0 1.0 3660.3841583136605 3660.3851248836604 3661.3386961836613 3659.90650608366 3662.918230843239 3660.888074583661 1.0 3661.050125043661 1.0 2
464 0.25 nan 0.2 1.0 1.0 3664.962567093665 3664.963400343665 3665.325530793665 3663.6366330336637 3666.9014658594706 3665.186378043665 -1.0 3665.186378043665 -1.0 1
465 nan 0.25 0.2 -1.0 1.0 3668.129117073668 3668.130050313668 3668.5455754236687 3667.6068693036677 3670.1180814962368 3668.371726143668 1.0 3668.371726143668 1.0 1
466 nan 0.25 0.2 -1.0 1.0 3671.2956337236715 3671.2967002836713 3671.7820850736716 3670.822181073671 3673.3456164490876 3671.4801152736713 1.0 3671.7237909036717 1.0 2
467 0.125 nan 0.2 1.0 1.0 3674.5510748136744 3674.5520080536744 3681.132283293681 3674.071622763674 3682.6955818515694 3679.133216553679 1.0 3680.952267963681 1.0 7
468 nan 0.125 0.2 -1.0 1.0 3684.034759683684 3684.0355929336843 3684.5386092936847 3683.4600838236834 3686.112208501023 3684.1938771036844 1.0 3684.4400524836847 1.0 2
469 nan 0.0 0.2 -1.0 1.0 3687.3843913536875 3687.385224603687 3688.112618523688 3686.837612703687 3689.6848497872284 3687.6855279036877 1.0 3687.8349129636877 1.0 2
470 0.25 nan 0.2 1.0 1.0 3690.8953402236907 3690.896173473691 3692.0638566936923 3690.4096554636903 3693.628761687552 3691.178011953691 1.0 3692.017561323692 -1.0 3
471 nan 0.125 0.2 -1.0 1.0 3695.084187963695 3695.085154533695 3695.6437986636956 3694.3574606436946 3697.21209588789 3695.2917005436952 1.0 3695.2917005436952 1.0 1
472 0.125 nan 0.2 -1.0 -1.0 3698.633766303699 3698.6347995336987 3699.344461893699 3697.939902363698 3701.9118309001155 3698.807948883699 1.0 3699.145248483699 1.0 3
473 nan 0.25 0.2 -1.0 1.0 3703.2341395537032 3703.2350727937032 3703.7777518537036 3702.6263336737024 3705.3508548418145 3703.5616734637038 1.0 3703.777585203704 1.0 2
474 nan 1.0 0.2 -1.0 1.0 3706.5454083937066 3706.5463749637065 3706.910071923707 3706.063456593706 3708.4840976794603 3706.700726193707 1.0 3706.700726193707 1.0 1
475 nan 0.25 0.2 -1.0 1.0 3709.6950933937096 3709.6960266337096 3710.19271029371 3709.2201075637095 3711.7668145098987 3709.87150908371 1.0 3710.11571799371 1.0 2
476 1.0 nan 0.2 1.0 1.0 3713.111851683713 3713.1129849037134 3713.4571171537136 3712.4896139137127 3715.028647934915 3713.338395693713 -1.0 3713.338395693713 -1.0 1
477 nan 0.125 0.2 1.0 -1.0 3716.5506744337167 3716.5516076737167 3725.3331960937253 3715.7453549737156 3727.894955149058 3725.210575023725 -1.0 3725.210575023725 -1.0 1
478 0.25 nan 0.2 1.0 1.0 3729.216841023729 3729.2178409237295 3733.916704323734 3728.6974596337286 3735.5006004846146 3733.5103782937335 -1.0 3733.799549373734 -1.0 2
479 nan 0.25 0.2 -1.0 1.0 3736.894706493737 3736.895773053737 3737.5024123837375 3736.275101793736 3739.0780409962217 3737.1300496237372 1.0 3737.1300496237372 1.0 1
480 nan 0.0625 0.2 -1.0 1.0 3740.950700853741 3740.951734083741 3746.183577513746 3739.81724754374 3747.766406106453 3741.1560469837414 1.0 3746.0542237837462 1.0 6
481 nan 0.0625 0.2 1.0 -1.0 3749.1778447237493 3749.178977943749 3749.93433573375 3748.5400085137485 3752.5173353873524 3749.6332658437495 1.0 3749.6332658437495 1.0 1
482 nan 0.0625 0.2 -1.0 1.0 3753.877841343754 3753.8786079337538 3754.371358653754 3753.256436823753 3755.9443583915586 3754.195676223754 1.0 3754.195676223754 1.0 1
483 nan 1.0 0.2 -1.0 1.0 3757.5833040937578 3757.5842373337578 3758.3223968437583 3756.685860513757 3759.894493706019 3757.753920363758 1.0 3757.753920363758 1.0 1
484 nan 0.0 0.2 -1.0 1.0 3761.2666690537612 3761.2675356337613 3761.822413473762 3760.6348989037606 3763.394216550301 3761.4067883737616 1.0 3761.5075449637616 1.0 2
485 nan 1.0 0.2 -1.0 1.0 3764.6504639737645 3764.651497203765 3764.995629453765 3764.116417383764 3766.5669579468404 3764.828746143765 1.0 3764.828746143765 1.0 1
486 nan 0.25 0.2 -1.0 1.0 3767.844144573768 3767.845111143768 3776.164045833776 3767.2954661137674 3777.7160403152184 3768.032859033768 1.0 3775.907704803776 1.0 3
487 0.25 nan 0.2 1.0 1.0 3779.043924483779 3779.045024373779 3787.3523268937874 3778.5168438637784 3788.9104204392897 3787.1106843937873 1.0 3787.1106843937873 1.0 1
488 0.0625 nan 0.2 1.0 1.0 3790.582670493791 3790.5835704037904 3794.4542832937946 3789.71242419379 3796.010579277799 3794.175944463794 -1.0 3794.175944463794 -1.0 1
489 nan 0.0 0.2 1.0 -1.0 3797.3326954237973 3797.3335286737974 3797.6371983037975 3796.782483783797 3800.1939295682673 3797.5213765537974 -1.0 3797.5213765537974 -1.0 1
490 nan 0.0625 0.2 1.0 -1.0 3801.5994020438015 3801.600468603802 3810.6753943538106 3800.928735783801 3813.233022583078 3810.12358287381 1.0 3810.4715814038104 -1.0 2
491 nan 1.0 0.2 -1.0 1.0 3814.6602291638146 3814.661029083815 3815.1683450138153 3814.034825043814 3816.7489441932157 3814.870841433815 1.0 3814.870841433815 1.0 1
492 nan 1.0 0.2 -1.0 1.0 3817.993562463818 3817.994329053818 3818.5138770938183 3817.4952456338174 3820.076674955228 3818.159812503818 1.0 3818.4923792438185 1.0 2
493 nan 1.0 0.2 -1.0 1.0 3821.5324752038214 3821.5333084538215 3821.910404073822 3820.810680723821 3823.4770031091853 3821.6807270438217 1.0 3821.6807270438217 1.0 1
494 nan 1.0 0.2 -1.0 1.0 3824.815713513825 3824.816613423825 3825.4210196438253 3824.216606763824 3826.9994464269025 3824.981830233825 1.0 3825.3677916338256 1.0 3
495 nan 0.0 0.2 1.0 -1.0 3828.2435040338282 3828.2445705938285 3846.780050193847 3827.750653323828 3849.3489032449897 3846.2705678138464 -1.0 3846.7600521938466 -1.0 3
496 0.0625 nan 0.8 1.0 1.0 3850.926502173851 3850.927368753851 3861.3708243038614 3850.2102071438503 3862.94301423591 3861.153979323861 -1.0 3861.153979323861 -1.0 1
497 0.0625 nan 0.8 -1.0 -1.0 3865.4321847938654 3865.4332180238653 3876.2964649238766 3863.767217973864 3878.8594524524697 3876.103384233876 -1.0 3876.103384233876 -1.0 1
498 nan 1.0 0.8 1.0 -1.0 3880.28216631388 3880.28309955388 3881.2107401138815 3879.70035783388 3883.7759027352386 3880.4945784038805 1.0 3881.058788643881 -1.0 2
499 0.125 nan 0.8 -1.0 -1.0 3885.1315813238853 3885.132714543885 3918.1554119439184 3884.5253086238845 3920.725384684728 3918.0330575139183 1.0 3918.0330575139183 1.0 1
500 0.0 nan 0.8 1.0 1.0 3922.4314509639225 3922.4327175039225 3929.94466623393 3921.706690113922 3931.5083894187537 3924.5345406339247 -1.0 3929.82817788393 -1.0 6
501 0.125 nan 0.8 1.0 1.0 3934.4145525339345 3934.4156190939343 3944.2491689739445 3932.3187954639325 3945.8140896348327 3934.8706069239347 1.0 3944.0596879239442 -1.0 2
502 0.0625 nan 0.8 1.0 1.0 3947.941466373948 3947.942499603948 3958.297897293958 3946.6704934839468 3959.8583179964926 3958.1748096039582 -1.0 3958.1748096039582 -1.0 1
503 nan 0.0 0.8 1.0 -1.0 3961.5638040039616 3961.5646705839617 3961.943666013962 3960.708922833961 3964.514132665585 3961.8287108439617 -1.0 3961.8287108439617 -1.0 1
504 1.0 nan 0.8 1.0 1.0 3965.974529553966 3965.975296143966 3966.2868649839666 3965.2810322439655 3967.8582670580718 3966.1860417339662 -1.0 3966.1860417339662 -1.0 1
505 0.0 nan 0.8 1.0 1.0 3969.6308305539696 3969.63193044397 3969.93310032397 3969.137879853969 3971.491299926651 3969.83341029397 -1.0 3969.83341029397 -1.0 1
506 1.0 nan 0.8 1.0 1.0 3972.9970605639733 3972.997893813973 3973.3306272039736 3972.2332036239723 3974.8972261433873 3973.203606573973 -1.0 3973.203606573973 -1.0 1
507 nan 0.0 0.8 1.0 -1.0 3976.1578777839763 3976.1588776839762 3985.701789963986 3975.6373298439757 3988.257745652898 3985.6031664939856 -1.0 3985.6031664939856 -1.0 1
508 0.0625 nan 0.8 1.0 1.0 3989.77961547399 3989.7804487239896 3990.3969537339904 3989.0895511539893 3991.963256067678 3990.2695664739904 -1.0 3990.2695664739904 -1.0 1
509 1.0 nan 0.8 1.0 1.0 3993.3409259739933 3993.3420258639935 3993.657261003994 3992.7190548339927 3995.224487955618 3993.5326068039935 -1.0 3993.5326068039935 -1.0 1
510 0.25 nan 0.8 1.0 1.0 3996.5630703939964 3996.5640036339964 4003.2002399440034 3995.980295343996 4004.75766707165 4003.063320304003 -1.0 4003.063320304003 -1.0 1
511 0.25 nan 0.8 1.0 1.0 4007.4802452340077 4007.4812451340076 4007.800879834008 4005.5522713840055 4009.3574093184466 4007.681925064008 -1.0 4007.681925064008 -1.0 1
512 1.0 nan 0.8 1.0 1.0 4011.029956894011 4011.030856804011 4011.4275171340114 4010.1204145240104 4012.990746027945 4011.1882743940114 -1.0 4011.1882743940114 -1.0 1
513 0.0 nan 0.8 1.0 1.0 4014.2630335540143 4014.2641667740145 4022.7151215940225 4013.747251804014 4024.274014771949 4022.6142983440227 -1.0 4022.6142983440227 -1.0 1
514 0.0625 nan 0.8 1.0 1.0 4027.179675094027 4027.1810416240273 4030.4300833540306 4025.099416474025 4031.9904762426427 4030.3329264040303 -1.0 4030.3329264040303 -1.0 1
515 1.0 nan 0.8 1.0 1.0 4033.3626900640334 4033.3636566340333 4033.6151981440335 4032.787480924033 4035.1737969477285 4033.5124084240338 -1.0 4033.5124084240338 -1.0 1
516 0.0 nan 0.8 1.0 1.0 4036.5460383640366 4036.5469382740366 4041.7542508240417 4035.935499424036 4043.3458722917776 4041.6189310240416 -1.0 4041.6189310240416 -1.0 1
517 1.0 nan 0.8 1.0 1.0 4045.073818834045 4045.074885394045 4045.3789883140453 4044.149177974044 4046.945914400464 4045.2719323540455 -1.0 4045.2719323540455 -1.0 1
518 0.0625 nan 0.8 1.0 1.0 4048.3070621440484 4048.3082286940485 4057.002492514057 4047.7218206740476 4058.5952111164743 4056.874438654057 -1.0 4056.874438654057 -1.0 1
519 0.25 nan 0.8 1.0 1.0 4060.2566670640604 4060.25773362406 4060.6040323240604 4059.4346159440593 4062.190129038312 4060.4550138940604 -1.0 4060.4550138940604 -1.0 1
520 1.0 nan 0.8 1.0 1.0 4063.4457481240634 4063.4466813640634 4071.904902124072 4062.959030134063 4073.4953233047318 4071.7830809740717 -1.0 4071.7830809740717 -1.0 1
521 1.0 nan 0.8 1.0 1.0 4074.939931924075 4074.940931824075 4075.238035444075 4074.3190273540745 4076.8288609691112 4075.1276131540753 -1.0 4075.1276131540753 -1.0 1
522 1.0 nan 0.8 1.0 1.0 4078.223170234078 4078.224536764078 4078.5891669640787 4077.5867672140776 4080.1733689014754 4078.4123513140785 -1.0 4078.4123513140785 -1.0 1
523 0.125 nan 0.8 1.0 1.0 4081.5620696440815 4081.5632028640816 4090.3275596740905 4080.936765514081 4091.9117790740784 4090.13504559409 -1.0 4090.13504559409 -1.0 1
524 nan 0.125 0.8 1.0 -1.0 4093.5062084440938 4093.5070750240934 4093.872738454094 4092.7361854540927 4096.462100207287 4093.706621734094 -1.0 4093.706621734094 -1.0 1
525 0.0 nan 0.8 1.0 1.0 4097.756083414098 4097.757016654098 4098.122413444098 4097.238301864098 4099.711835205561 4098.024789874098 -1.0 4098.024789874098 -1.0 1
526 1.0 nan 0.8 1.0 1.0 4101.2393350541015 4101.240334954101 4101.534338884102 4100.4895433741 4103.111968561698 4101.427549564101 -1.0 4101.427549564101 -1.0 1
527 0.0 nan 0.8 1.0 1.0 4104.639495004105 4104.640628224105 4110.950530504111 4103.869871974104 4112.528323688148 4110.760316194111 -1.0 4110.760316194111 -1.0 1
528 nan 0.25 0.8 -1.0 1.0 4113.939364924114 4113.940198174114 4114.382453944115 4113.336325234113 4115.961847540076 4114.201772014114 1.0 4114.201772014114 1.0 1
529 1.0 nan 0.8 1.0 1.0 4117.372588234118 4117.373521474117 4123.2885299141235 4116.739451554116 4124.878419677353 4123.183240444123 -1.0 4123.183240444123 -1.0 1
530 0.25 nan 0.8 1.0 1.0 4126.305828154126 4126.306761394127 4126.7190534941265 4125.689123164126 4128.295248800366 4126.5913329341265 -1.0 4126.5913329341265 -1.0 1
531 0.0 nan 0.8 -1.0 -1.0 4129.555603144129 4129.556736364129 4129.89173619413 4129.062452464129 4132.477894199035 4129.51314072413 1.0 4129.60809789413 1.0 2
532 nan 0.25 0.8 -1.0 1.0 4133.922266434134 4133.923366324134 4134.780313954135 4133.253399994133 4136.361637757097 4134.216670324135 1.0 4134.615463774135 1.0 3
533 1.0 nan 0.8 1.0 1.0 4137.855706384138 4137.856639624138 4138.137444874138 4137.139244704137 4139.722346477727 4138.046787274138 -1.0 4138.046787274138 -1.0 1
534 0.125 nan 0.8 1.0 1.0 4141.261399114142 4141.262332354141 4141.591566094142 4140.48814311414 4143.172186292165 4141.475977654141 -1.0 4141.475977654141 -1.0 1
535 1.0 nan 0.8 1.0 1.0 4144.660759144144 4144.6615923941445 4145.065385344145 4143.955796314144 4146.628114534281 4144.920499834145 -1.0 4144.920499834145 -1.0 1
536 0.25 nan 0.8 1.0 1.0 4148.055286324148 4148.056219564148 4159.049220154159 4147.412317294147 4160.605107435057 4158.927432334159 -1.0 4158.927432334159 -1.0 1
537 1.0 nan 0.8 1.0 1.0 4162.0939823141625 4162.095082204162 4162.405351174162 4161.471611224161 4163.977741939122 4162.282296814163 -1.0 4162.282296814163 -1.0 1
538 1.0 nan 0.8 1.0 1.0 4165.221802834165 4165.222702744165 4165.5275722541655 4164.761048914164 4167.088569585699 4165.410183994166 -1.0 4165.410183994166 -1.0 1
539 1.0 nan 0.8 1.0 1.0 4168.560635584168 4168.561668814169 4168.889469364169 4167.858872434168 4170.461095187412 4168.757715874169 -1.0 4168.757715874169 -1.0 1
540 nan 1.0 0.8 1.0 -1.0 4171.8385077641715 4171.839640984172 4179.6008981141795 4171.254399514171 4182.155086927027 4172.087249554173 1.0 4179.46811139418 -1.0 5
541 nan 0.25 0.8 1.0 -1.0 4183.710720424184 4183.7118869741835 4209.85730550421 4182.999591544183 4212.421244655669 4209.7313514342095 -1.0 4209.7313514342095 -1.0 1
542 nan 0.0 0.8 0.0 -1.0 4213.876803514214 4213.877603434214 4273.879002694274 4213.401751024214 4276.37825673811 nan 0.0 nan 0.0 0
543 0.25 nan 0.8 1.0 1.0 4277.676056284277 4278.304293454278 4279.071183424279 4277.594264464277 4280.65367806357 4278.938363374279 -1.0 4278.938363374279 -1.0 1
544 1.0 nan 0.8 1.0 1.0 4282.659357904283 4282.660257814283 4283.027287774283 4281.447779074281 4284.609312422603 4282.869303574283 -1.0 4282.869303574283 -1.0 1
545 0.25 nan 0.8 1.0 1.0 4286.770046794287 4286.770880044287 4287.954428344288 4285.401217024286 4289.5257533884815 4287.006856444287 -1.0 4287.840906364288 -1.0 2
546 1.0 nan 0.8 1.0 1.0 4290.8202084042905 4290.82117497429 4294.491907864294 4290.33495693429 4296.074799278625 4294.369520104295 -1.0 4294.369520104295 -1.0 1
547 0.0625 nan 0.8 1.0 1.0 4297.503473344297 4297.5044732442975 4297.797910564298 4296.885301834297 4299.369935244349 4297.687454944297 -1.0 4297.687454944297 -1.0 1
548 0.125 nan 0.8 1.0 1.0 4300.6588577743005 4300.6597576843005 4307.911299124308 4300.1518418143005 4309.49222476574 4307.801276794308 -1.0 4307.801276794308 -1.0 1
549 0.0625 nan 0.8 1.0 1.0 4311.469909894312 4311.471009784312 4314.833740144315 4310.8870348543105 4316.403066087689 4314.716151904315 -1.0 4314.716151904315 -1.0 1
550 nan 0.25 0.2 -1.0 1.0 4317.775379284318 4317.776279194318 4318.1808720643185 4317.217568404317 4319.7530961448 4317.969526534318 1.0 4317.969526534318 1.0 1
551 nan 0.0 0.2 1.0 -1.0 4321.075615894321 4321.076582464321 4321.627893994321 4320.546002194321 4324.208822145814 4321.295793874321 -1.0 4321.5230378143215 -1.0 2
552 nan 0.25 0.2 1.0 -1.0 4325.769546454326 4325.770513024326 4326.084848254326 4325.005822834325 4328.652871145081 4325.986124794326 -1.0 4325.986124794326 -1.0 1
553 nan 0.125 0.2 1.0 -1.0 4330.19193750433 4330.19280408433 4330.615161844331 4329.452878084329 4333.186191444836 4330.476375724331 -1.0 4330.476375724331 -1.0 1
554 0.0625 nan 0.2 1.0 1.0 4334.591830804335 4334.592764044334 4335.032720044335 4333.981291864334 4336.602838641902 4334.9024664043345 -1.0 4334.9024664043345 -1.0 1
555 0.25 nan 0.2 1.0 1.0 4337.992124074338 4337.993090644338 4352.229066904352 4337.397450214337 4353.80808029574 4352.082848194352 -1.0 4352.082848194352 -1.0 1
556 0.25 nan 0.2 1.0 1.0 4355.402382874356 4355.403249454355 4360.670522674361 4354.720884364355 4362.235945123007 4360.413581704361 -1.0 4360.5256038343605 -1.0 2
557 0.25 nan 0.2 1.0 1.0 4363.758213874364 4363.759147114364 4364.319957694364 4363.067449624363 4365.891856063055 4364.129243434364 -1.0 4364.129243434364 -1.0 1
558 nan 0.0 0.2 1.0 -1.0 4367.7023194243675 4367.703119344368 4373.526736924374 4366.689654034367 4376.102254850907 4373.384651134374 -1.0 4373.384651134374 -1.0 1
559 0.125 nan 0.2 1.0 1.0 4377.458077084378 4377.459043654378 4383.188803954383 4376.955160714377 4384.769023637022 4383.073715464383 -1.0 4383.073715464383 -1.0 1
560 nan 0.125 0.2 -1.0 1.0 4386.3244236943865 4386.325290274386 4433.4724084244335 4385.612628214386 4435.034726086102 4386.739548844387 1.0 4433.296959304434 1.0 7
561 nan 0.25 0.2 1.0 -1.0 4436.774044894437 4436.775144784437 4447.718383684448 4436.220533584436 4450.284734433416 4447.497439114448 -1.0 4447.497439114448 -1.0 1
562 nan 0.125 0.2 1.0 -1.0 4451.790309784452 4451.791343014452 4472.774477824473 4451.168438644451 4475.350951966133 4472.074414504472 1.0 4472.686619944473 -1.0 4
563 nan 0.25 0.2 1.0 -1.0 4476.789476284477 4476.790442854477 6097.821890166098 4476.302858284476 4490.205981778525 4487.488839574487 -1.0 6090.344404656091 1.0 298
