SWC_014 614e1937-4b24-4ad3-9055-c8253d089919 hoferlab 2019-12-10 _iblrig_tasks_ephysChoiceWorld6.2.4 M 315 195
0 1.0 nan 0.5 -1.0 -1.0 103.18571373010319 103.18658031010318 110.13248565011013 102.50474850010251 112.63182367976374 109.9007088301099 1.0 109.9007088301099 1.0 1
1 0.125 nan 0.5 -1.0 -1.0 113.75235696011376 113.75312355011376 123.22071003012323 113.07332487011307 125.72001620398123 123.06065937012306 1.0 123.06065937012306 1.0 1
2 1.0 nan 0.5 1.0 1.0 126.83501523012684 126.83564850012684 127.71242748012772 126.14841723012616 129.21243997625493 127.56110928012757 -1.0 127.56110928012757 -1.0 1
3 nan 0.0625 0.5 -1.0 1.0 132.86881179013287 132.86957838013288 142.94373753014295 129.58224048012957 144.4437718150947 142.53904467014254 -1.0 142.53904467014254 -1.0 1
4 0.25 nan 0.5 -1.0 -1.0 147.83491503014784 147.83578161014785 150.94240425015096 144.91317390014493 153.44194012539356 150.83644818015082 1.0 150.83644818015082 1.0 1
5 0.0 nan 0.5 -1.0 -1.0 154.61810331015462 154.61906988015463 163.25623941016326 153.9020415901539 165.75561049623963 163.14805023016314 1.0 163.14805023016314 1.0 1
6 0.125 nan 0.5 -1.0 -1.0 166.73502483016674 166.73585808016674 212.72499204021273 166.2063110401662 215.2243726804274 212.07665688021208 -1.0 212.54261028021256 1.0 2
7 nan 0.125 0.5 -1.0 1.0 216.41745609021643 216.4183226702164 238.1010541802381 215.88947556021589 239.60105200053826 231.4974479402315 1.0 231.4974479402315 1.0 1
8 0.0625 nan 0.5 -1.0 -1.0 242.53401084024253 242.53467744024255 256.5778729802566 240.1150527602401 259.0773045523488 256.46178459025646 1.0 256.46178459025646 1.0 1
9 0.125 nan 0.5 1.0 1.0 260.1002540402601 260.1011539502601 288.2702034302883 259.5758064902596 289.7702274986556 288.14864892028817 -1.0 288.14864892028817 -1.0 1
10 1.0 nan 0.5 1.0 1.0 291.18304545029116 291.18377871029116 291.64223286029164 290.34122964029035 293.1422427132129 291.4971140402915 -1.0 291.4971140402915 -1.0 1
11 0.0625 nan 0.5 -1.0 -1.0 295.73272377029576 295.73335704029574 301.57030662030155 293.5585412102936 304.06981315236516 301.43098722030146 1.0 301.43098722030146 1.0 1
12 nan 0.25 0.5 -1.0 1.0 305.2330069803052 305.23360692030525 347.25503769034725 304.4963139903045 348.7550490233423 347.12801706034713 1.0 347.12801706034713 1.0 1
13 nan 0.25 0.5 -1.0 1.0 351.06578991035104 351.0664565103511 351.8205810903518 349.4430522003494 353.320589613608 351.41858796035143 -1.0 351.63010014035166 1.0 2
14 nan 0.25 0.5 -1.0 1.0 356.98223154035696 356.983031460357 412.0949863804121 353.7187912503537 413.5950195073159 411.946301250412 1.0 411.946301250412 1.0 1
15 0.0 nan 0.5 0.0 -1.0 415.24827102041525 415.2491042704153 475.25040354047525 414.3933231904144 477.7496749721619 nan 0.0 nan 0.0 0
16 0.25 nan 0.5 1.0 1.0 478.5973354804786 479.1143837704791 479.96859834047996 478.5117773704785 481.46860223875706 479.40802107047944 -1.0 479.6669285104797 -1.0 3
17 0.0 nan 0.5 -1.0 -1.0 483.94700046048393 483.947667060484 499.61816652049964 481.91490369048194 502.11756524892877 499.4630820304995 1.0 499.4630820304995 1.0 1
18 nan 1.0 0.5 -1.0 1.0 503.1136169405031 503.11445019050313 508.28180007050827 502.6115671505026 509.7818093253348 508.1006515205081 1.0 508.1006515205081 1.0 1
19 nan 0.125 0.5 -1.0 1.0 512.3966885405124 512.3973551405124 568.5792363905686 510.1964085905102 570.0792389037916 525.039357480525 1.0 568.5590717405686 1.0 2
20 0.125 nan 0.5 0.0 -1.0 572.1790763705721 572.1799762805722 632.1790763705721 570.8519424305708 634.6806093568009 nan 0.0 nan 0.0 0
21 nan 1.0 0.5 -1.0 1.0 635.5286074506355 nan 660.7783822206608 635.4719131206355 662.278410948595 660.6780589206606 1.0 660.6780589206606 1.0 1
22 0.25 nan 0.5 1.0 1.0 665.928233850666 665.928933780666 667.1089491006671 662.8057128006628 668.6089556829886 666.8669733006669 -1.0 667.0296570306671 -1.0 2
23 0.25 nan 0.5 1.0 1.0 670.977962160671 670.978828740671 690.0583872606901 669.033056670669 691.5584160704908 689.93303313069 -1.0 689.93303313069 -1.0 1
24 1.0 nan 0.5 1.0 1.0 693.1442453106931 693.1449119106932 693.5599370706935 692.0865177606921 695.0599476989981 693.4270836906934 -1.0 693.4270836906934 -1.0 1
25 nan 0.25 0.5 -1.0 1.0 696.3278602506963 696.3285601806963 751.6167308107516 695.4379492506954 753.1167664787259 711.1543441207111 1.0 751.4890769107515 1.0 2
26 nan 0.25 0.5 -1.0 1.0 756.7098547807567 756.7105213807567 770.7795810007708 753.8907700507539 772.2796104612984 770.6674588807707 1.0 770.6674588807707 1.0 1
27 nan 0.0625 0.5 -1.0 1.0 774.2098712707742 774.2107378507742 815.7133205108157 772.7990123707729 817.2133342283585 815.4746443808154 1.0 815.4746443808154 1.0 1
28 1.0 nan 0.5 1.0 1.0 818.992859190819 818.993792430819 819.3366248108193 817.8906360908179 820.836637297463 819.2288022608193 -1.0 819.2288022608193 -1.0 1
29 0.0625 nan 0.5 -1.0 -1.0 822.1594425008221 822.1600757708221 825.8470403708259 821.2326351908213 828.3465139577273 825.7280189408258 1.0 825.7280189408258 1.0 1
30 1.0 nan 0.5 1.0 1.0 829.2426007808292 829.2433340408293 829.6432940408297 828.7536163508288 831.1433302780127 829.4689114808294 -1.0 829.4689114808294 -1.0 1
31 nan 0.125 0.5 0.0 -1.0 834.9258990608349 834.9265989908349 894.9258990608349 831.6107306108316 897.4271953941673 844.4279487608444 1.0 844.4279487608444 1.0 1
32 nan 0.0625 0.5 1.0 -1.0 898.3417568408984 nan 952.3699201509523 898.2515991908982 954.8694256337612 952.1299441509522 -1.0 952.1299441509522 -1.0 1
33 nan 0.125 0.5 -1.0 1.0 956.1745063209562 956.1752062509562 968.6720231109687 955.6218282609557 970.1720260607066 968.1804722709682 1.0 968.4827087109685 1.0 2
34 1.0 nan 0.5 1.0 1.0 973.1405095509732 973.1414094609731 973.4650437609735 970.6417261209707 974.9650523869208 973.2277008309733 -1.0 973.2277008309733 -1.0 1
35 nan 1.0 0.5 0.0 -1.0 975.940729500976 975.941662740976 1035.942995341036 975.3755526909754 1038.4423228388368 nan 0.0 nan 0.0 0
36 1.0 nan 0.5 1.0 1.0 1039.3564872910395 1040.02398720104 1056.5471347210566 1039.2913271410393 1058.0471654219 1056.2602634110563 1.0 1056.2602634110563 1.0 1
37 nan 0.0625 0.5 1.0 -1.0 1062.006088771062 1062.0067553710621 1085.922796861086 1058.5562671210585 1088.422186603173 1085.7360822010858 -1.0 1085.7360822010858 -1.0 1
38 nan 0.125 0.5 -1.0 1.0 1089.5890968610895 1089.5898301210896 1094.6592231310947 1089.002788831089 1096.1592321264986 1094.4446779210944 1.0 1094.4446779210944 1.0 1
39 nan 0.25 0.5 -1.0 1.0 1097.988990121098 1097.989990021098 1102.4416781411026 1096.5756314710966 1103.9416859332123 1102.3138575911023 1.0 1102.3138575911023 1.0 1
40 nan 1.0 0.5 -1.0 1.0 1105.7555133911058 1105.7562466511058 1115.6520903011155 1104.3541868711043 1117.1520920119644 1115.4259462511154 1.0 1115.4259462511154 1.0 1
41 nan 1.0 0.5 -1.0 1.0 1119.2387982611192 1119.2397315011192 1132.5219031511326 1117.6172937611177 1134.0219036337246 1132.3521534611323 1.0 1132.3521534611323 1.0 1
42 0.25 nan 0.5 -1.0 -1.0 1136.5553331011365 1136.5562330111366 1176.3497865911763 1134.5051048111345 1178.8490329547146 1176.1946354411762 1.0 1176.1946354411762 1.0 1
43 0.125 nan 0.5 1.0 1.0 1180.0209861011801 1180.02175269118 1197.939260761198 1179.5229359111795 1199.4392884729616 1196.6623884611968 1.0 1197.8848662011978 -1.0 6
44 0.125 nan 0.5 1.0 1.0 1202.8210725312028 1202.8218391212029 1226.010386701226 1199.9747905212 1227.510373501416 1225.4003810412255 1.0 1225.7554455312259 1.0 3
45 nan 0.25 0.5 -1.0 1.0 1229.6207589612297 1229.6215255512295 1236.7176492012368 1228.121975521228 1238.2176538750136 1236.4573752312365 -1.0 1236.4573752312365 -1.0 1
46 0.25 nan 0.5 1.0 1.0 1240.00382055124 1240.00475379124 1259.4654075312594 1238.6574552012387 1260.9654361808432 1258.994487961259 -1.0 1258.994487961259 -1.0 1
47 nan 0.0 0.5 1.0 -1.0 1263.3702503412633 1263.3711835812635 1271.3827490112715 1261.4994374412615 1273.8821202571612 1271.2545951612713 -1.0 1271.2545951612713 -1.0 1
48 0.0625 nan 0.5 1.0 1.0 1275.020151901275 1275.0210518112751 1275.8900315712758 1274.3373201912743 1277.3900412927835 1275.6452893812757 -1.0 1275.8302708812757 -1.0 2
49 0.25 nan 0.5 -1.0 -1.0 1280.10327687128 1280.1039768012802 1294.3234880412942 1277.7877417812779 1296.8228857092424 1294.2173653212942 1.0 1294.2173653212942 1.0 1
50 0.0 nan 0.5 -1.0 -1.0 1297.7864417112978 1297.7871083112977 1314.2355966313141 1297.3287874812972 1316.7350278582448 1306.818071791307 1.0 1314.1687699813142 1.0 2
51 nan 0.125 0.5 -1.0 1.0 1317.952858201318 1317.953591461318 1333.4716395013336 1317.2403294613173 1334.9716696428286 1320.3692165413204 1.0 1333.2977902213333 1.0 9
52 0.0625 nan 0.5 1.0 1.0 1338.2526280213383 1338.2533279513382 1369.7488114213697 1335.4834716313355 1371.248824719694 1369.4800049713695 -1.0 1369.4800049713695 -1.0 1
53 nan 0.25 0.5 -1.0 1.0 1374.2019660613742 1374.2026326613743 1379.2325629513794 1371.931226491372 1380.7326025718246 1378.7412787513788 -1.0 1379.069779231379 1.0 2
54 nan 0.125 0.5 -1.0 1.0 1381.7851743313818 1381.7859075913818 1432.955356801433 1381.1637031513812 1434.45536029994 1431.6768513314316 -1.0 1432.8287361314328 1.0 3
55 0.25 nan 0.5 -1.0 -1.0 1436.2010988614363 1436.2019654414362 1465.4356751114653 1435.2223634114353 1467.9349274067044 1465.2064313714652 -1.0 1465.2064313714652 -1.0 1
56 1.0 nan 0.5 1.0 1.0 1469.1841335614693 1469.1849334814692 1476.4808704814766 1468.5498303314685 1477.9808769555898 1469.4474405614694 -1.0 1476.3843134714764 -1.0 2
57 nan 1.0 0.5 -1.0 1.0 1478.984086801479 1478.984820061479 1484.957522731485 1478.4153770114785 1486.4575587969134 1484.846100541485 1.0 1484.846100541485 1.0 1
58 0.125 nan 0.5 -1.0 -1.0 1490.6504533814907 1490.6510866514907 1500.8345682015008 1486.905561241487 1503.3338650508165 1500.7293453915008 1.0 1500.7293453915008 1.0 1
59 nan 1.0 0.5 -1.0 1.0 1504.966854931505 1504.967554861505 1517.037147781517 1503.853566271504 1518.5371811850396 1516.8855296115169 1.0 1516.8855296115169 1.0 1
60 nan 0.0625 0.5 -1.0 1.0 1520.949823141521 1520.950756381521 1550.06631120155 1519.019182891519 1551.5662982153767 1548.4508394315485 -1.0 1549.8968614815499 1.0 2
61 nan 0.0 0.5 -1.0 1.0 1554.2828228415542 1554.2836894215543 1567.5025340715674 1552.1760002115523 1569.0025304229832 1555.2584252715553 1.0 1567.3668476415673 1.0 2
62 0.0625 nan 0.5 -1.0 -1.0 1571.965921021572 1571.9668209315719 1605.0424463716051 1569.5194323615694 1607.541926671499 1584.7478427015847 -1.0 1604.9270245816049 1.0 2
63 nan 0.25 0.5 -1.0 1.0 1609.99905066161 1609.99975059161 1610.7969375316109 1608.2079297916082 1612.2969448495073 1610.4550717216105 -1.0 1610.4550717216105 -1.0 1
64 nan 0.125 0.5 -1.0 1.0 1617.0156156016171 1617.016715491617 1624.4493388216245 1612.7297442316128 1625.9493364419334 1624.2527584816244 1.0 1624.2527584816244 1.0 1
65 nan 0.0 0.5 -1.0 1.0 1628.5320638416285 1628.5328637616285 1637.3610141916374 1626.4679369416265 1638.8610472836554 1637.2380264916374 1.0 1637.2380264916374 1.0 1
66 0.0625 nan 0.5 -1.0 -1.0 1639.8651637516398 1639.8660969916398 1659.092207521659 1639.3412494816394 1661.5916041525145 1658.993450731659 1.0 1658.993450731659 1.0 1
67 nan 0.125 0.5 -1.0 1.0 1662.6649502116627 1662.6658501216627 1684.5101654716846 1662.119604751662 1686.0101903068073 1663.2739559716633 -1.0 1684.3855112716844 1.0 2
68 nan 0.125 0.5 -1.0 1.0 1687.4980333216874 1687.4988999016875 1693.002516151693 1686.5717926216867 1694.502553436003 1692.5166980716926 1.0 1692.5166980716926 1.0 1
69 0.25 nan 0.5 -1.0 -1.0 1696.1478349216961 1696.148801491696 1700.1490680917002 1694.9496547516949 1702.6484061490207 1699.9582871717 1.0 1699.9582871717 1.0 1
70 nan 0.0625 0.5 -1.0 1.0 1704.5143981817046 1704.5150314517045 1725.1972630217251 1703.0930070017032 1726.6972574047222 1724.8614966017249 1.0 1725.1771650317253 1.0 2
71 nan 0.0625 0.5 -1.0 1.0 1729.030512991729 1729.031446231729 1734.9146245217348 1727.2391588117273 1736.4146286268567 1734.7850041517347 1.0 1734.7850041517347 1.0 1
72 nan 0.0625 0.5 -1.0 1.0 1738.147067911738 1738.1480344817383 1743.7185773717438 1736.8604299217368 1745.218597992702 1743.5868572117436 1.0 1743.5868572117436 1.0 1
73 0.0 nan 0.5 1.0 1.0 1748.830399471749 1748.8312327217488 1758.5610929717586 1745.8181007317457 1760.0611234683656 1758.1421015417582 1.0 1758.4327391417585 -1.0 2
74 1.0 nan 0.5 -1.0 -1.0 1763.2136276717633 1763.2144275917633 1823.2136276717633 1760.5664257517606 1769.145986252468 1766.5166973317666 1.0 1768.1975292317682 1.0 2
75 nan 0.0625 0.5 -1.0 1.0 1771.013480941771 nan 1800.5090977518005 1769.6151874517695 1802.0091165966585 1800.4125074118003 1.0 1800.4125074118003 1.0 1
76 nan 0.0 0.5 -1.0 1.0 1804.2127273518042 1804.2133606218042 1806.1294356618062 1802.6302189518026 1807.6294437078884 1806.033611911806 1.0 1806.033611911806 1.0 1
77 nan 0.25 0.5 -1.0 1.0 1809.87969393181 1809.88062717181 1826.6710812918268 1808.0600425818081 1828.1711073985007 1826.5453272018265 1.0 1826.5453272018265 1.0 1
78 0.0625 nan 0.5 1.0 1.0 1830.6623821218307 1830.6630487218306 1841.8224993318418 1828.7283088818288 1843.322499044265 1841.3354813718413 -1.0 1841.7177098118418 -1.0 3
79 nan 1.0 0.5 -1.0 1.0 1844.3291486418443 1844.3299152318443 1855.3064841318553 1843.8154000218437 1856.806518774864 1844.3419140318445 1.0 1855.2110603418553 1.0 3
80 0.0625 nan 0.5 -1.0 -1.0 1861.6789801518617 1861.6797134118617 1864.950686281865 1857.2809200018573 1867.4500820649735 1864.7986348218649 1.0 1864.7986348218649 1.0 1
81 nan 0.0 0.5 -1.0 1.0 1874.3787433818743 1874.3795766318744 1877.7086436918778 1867.981183201868 1879.2086691351303 1877.3884757118774 1.0 1877.6454166818776 1.0 2
82 0.125 nan 0.5 -1.0 -1.0 1883.6617149918836 1883.6624815818836 1890.3134164218902 1879.7754703218798 1892.8126780083849 1890.2245253118901 1.0 1890.2245253118901 1.0 1
83 0.25 nan 0.5 -1.0 -1.0 1898.7950015118988 1898.7959680818988 1908.893524891909 1893.3410802918934 1911.3930145550175 1908.8002008919088 1.0 1908.8002008919088 1.0 1
84 0.125 nan 0.5 -1.0 -1.0 1912.4781330619126 1912.4788329919124 1927.026011461927 1911.974016811912 1929.5251400102916 1926.850529011927 1.0 1926.850529011927 1.0 1
85 0.125 nan 0.5 -1.0 -1.0 1933.078006201933 1933.078639471933 1947.3438128119474 1930.05684168193 1949.8431720077965 1947.165797281947 1.0 1947.165797281947 1.0 1
86 nan 1.0 0.5 -1.0 1.0 1950.911056051951 1950.9117559819508 1954.1156022319542 1950.4019736319503 1955.6156085794537 1953.852061921954 1.0 1954.039043221954 1.0 2
87 nan 0.0625 0.5 -1.0 1.0 1957.8276643219579 1957.8283642519577 1974.936053311975 1956.055008271956 1976.4360790457981 1960.5709566319606 -1.0 1974.5964206119745 1.0 2
88 nan 1.0 0.5 -1.0 1.0 1982.5105624519824 1982.5114290319825 1988.3090492119884 1976.986281601977 1989.8090781096294 1987.967350051988 -1.0 1988.2123588819882 1.0 3
89 0.0625 nan 0.5 -1.0 -1.0 1991.010445711991 1991.011345621991 1993.042009201993 1990.3344799819904 1995.5414152407218 1992.6482485819927 1.0 1992.955151221993 1.0 2
90 nan 1.0 0.8 -1.0 1.0 1999.7104756219996 1999.7112755419998 2007.8868912320079 1995.973716001996 2009.3869213068053 2007.7678698020077 1.0 2007.7678698020077 1.0 1
91 0.0625 nan 0.8 -1.0 -1.0 2011.5771888320116 2011.5777887720117 2028.3843079520284 2009.9094222920098 2030.8835667828246 2028.2787185120283 1.0 2028.2787185120283 1.0 1
92 0.25 nan 0.8 -1.0 -1.0 2032.7099086820326 2032.7105752820328 2052.751437662053 2031.4442685920314 2055.250626756525 2052.611118362053 1.0 2052.611118362053 1.0 1
93 0.0 nan 0.8 -1.0 -1.0 2058.859126832059 2058.859960082059 2077.317747452077 2055.841428632056 2079.8172023275647 2077.1726286320772 -1.0 2077.1726286320772 -1.0 1
94 0.0625 nan 0.8 -1.0 -1.0 2081.942784902082 2081.943418172082 2097.7192071020977 2080.4127045920804 2100.218467048115 2097.6133176920976 1.0 2097.6133176920976 1.0 1
95 0.25 nan 0.8 -1.0 -1.0 2101.242388082101 2101.2431546721014 2109.129066002109 2100.7620694521006 2111.628334893962 2108.6322823521086 -1.0 2109.101835392109 1.0 3
96 nan 0.0625 0.8 -1.0 1.0 2112.808764662113 2112.809697902113 2119.138398302119 2112.099035642112 2120.638402059566 2118.700108802119 1.0 2119.018376972119 1.0 3
97 0.25 nan 0.8 -1.0 -1.0 2121.7088745621218 2121.7096078221216 2125.035241892125 2121.086803442121 2127.5346453708767 2124.5521568721247 -1.0 2125.007478002125 1.0 2
98 1.0 nan 0.8 -1.0 -1.0 2128.5752211921285 2128.5758544621285 2131.1721614721314 2127.991846202128 2133.6714985014137 2130.906821342131 1.0 2130.906821342131 1.0 1
99 0.0625 nan 0.8 -1.0 -1.0 2138.4919960821385 2138.4927293421383 2147.4783640221476 2134.1254994421342 2149.977705637917 2147.040874442147 1.0 2147.040874442147 1.0 1
100 1.0 nan 0.8 1.0 1.0 2151.975214292152 2151.975914222152 2165.9399176821657 2150.701008392151 2167.439944980701 2165.3943722421654 -1.0 2165.6558460921656 1.0 2
101 1.0 nan 0.8 -1.0 -1.0 2169.6580125021696 2169.6587124321695 2182.4082373521824 2167.986446342168 2184.907464470486 2182.2374544321824 1.0 2182.2374544321824 1.0 1
102 0.25 nan 0.8 -1.0 -1.0 2191.7076073221915 2191.7084405721916 2212.909186952213 2185.4526662121852 2215.4085676703976 2192.5239256821924 1.0 2212.832494622213 1.0 3
103 0.125 nan 0.8 -1.0 -1.0 2218.290715412218 2218.2914820022183 2220.4064371522204 2216.077170122216 2222.9058377116835 2220.30808032222 1.0 2220.30808032222 1.0 1
104 0.125 nan 0.8 -1.0 -1.0 2224.1072003722243 2224.108066952224 2248.3558086022485 2223.3754402222235 2250.8552307815703 2248.1399968522483 1.0 2248.1399968522483 1.0 1
105 nan 0.0625 0.8 -1.0 1.0 2252.2735501222523 2252.2743833722525 2259.3079132822595 2251.4560318822514 2260.807913552843 2258.852825462259 -1.0 2259.156995042259 1.0 2
106 0.0625 nan 0.8 -1.0 -1.0 2263.3567750222633 2263.3576082722634 2267.2095563722673 2261.2844156122615 2269.709058830523 2267.104100252267 1.0 2267.104100252267 1.0 1
107 0.0625 nan 0.8 -1.0 -1.0 2270.6566449622705 2270.6575115422706 2287.4606643922875 2270.18155914227 2289.9600229332823 2287.289514842287 1.0 2287.289514842287 1.0 1
108 0.25 nan 0.8 1.0 1.0 2298.2065230322983 2298.207222962298 2301.980612252302 2290.5161254822906 2303.480607412611 2301.5654204423017 1.0 2301.6306139223016 -1.0 2
109 0.25 nan 0.8 -1.0 -1.0 2307.3564412823075 2307.3571412123074 2322.2296204823224 2304.015808712304 2324.7290766973174 2313.923751152314 1.0 2322.0998667923222 1.0 2
110 0.125 nan 0.8 -1.0 -1.0 2328.3394094423284 2328.3402426923285 2345.774365772346 2325.3074793323253 2348.2736208790534 2345.637379472346 1.0 2345.637379472346 1.0 1
111 0.25 nan 0.8 -1.0 -1.0 2355.255517562355 2355.256217492355 2366.4990930923664 2348.873222522349 2368.998577715001 2365.227720242365 -1.0 2365.7077389023657 1.0 3
112 0.25 nan 0.8 -1.0 -1.0 2372.4552640823727 2372.4560306723724 2392.5654861923927 2369.6248804823695 2395.0647749409964 2392.1271633623924 1.0 2392.4993928023923 1.0 2
113 nan 1.0 0.8 -1.0 1.0 2396.221887182396 2396.223087062396 2407.2885470724073 2395.6531773923957 2408.788576888007 2407.177391522407 1.0 2407.177391522407 1.0 1
114 0.0625 nan 0.8 -1.0 -1.0 2412.5880170724126 2412.5888836524127 2416.2418516524162 2409.3051787224094 2418.741351368602 2416.111764662416 -1.0 2416.111764662416 -1.0 1
115 0.25 nan 0.8 -1.0 -1.0 2419.7548003224197 2419.7554669224196 2431.5070249824316 2419.2377520324194 2434.0065554973153 2431.201255562431 1.0 2431.4448312024315 1.0 2
116 0.125 nan 0.8 -1.0 -1.0 2441.3378751324412 2441.3385750624416 2459.83902483246 2434.5196570224343 2462.3385668220426 2459.74296777246 1.0 2459.74296777246 1.0 1
117 0.125 nan 0.8 -1.0 -1.0 2464.187356622464 2464.187956562464 2474.5094909724744 2463.052170152463 2477.0089546318295 2474.3275425024744 1.0 2474.3275425024744 1.0 1
118 nan 0.25 0.8 -1.0 1.0 2478.037304822478 2478.038138072478 2489.186256482489 2477.5285557024777 2490.686251821328 2488.566685112489 1.0 2489.045270582489 1.0 2
119 0.0625 nan 0.8 -1.0 -1.0 2494.103564702494 2494.104264632494 2502.5598189925026 2491.214853602491 2505.0590474407613 2502.3144435325025 1.0 2502.5152234525026 1.0 2
120 nan 0.0625 0.8 -1.0 1.0 2510.25338289251 2510.25408282251 2523.082799822523 2505.5929489825057 2524.5827864820717 2522.768664572523 -1.0 2522.768664572523 -1.0 1
121 nan 0.0625 0.8 1.0 -1.0 2528.3532060625284 2528.3538726625284 2533.7067706525336 2525.192488832525 2536.2060663980837 2533.019872682533 1.0 2533.019872682533 1.0 1
122 0.0 nan 0.8 -1.0 -1.0 2537.3031109825374 2537.3041108825373 2546.4683277025465 2536.732868012537 2548.967660905007 2546.3798032225463 1.0 2546.3798032225463 1.0 1
123 nan 0.25 0.2 -1.0 1.0 2550.06983418255 2550.0706007725503 2564.671873832565 2549.4532625125494 2566.171899967495 2564.5201556725647 1.0 2564.5201556725647 1.0 1
124 0.125 nan 0.2 -1.0 -1.0 2569.96947735257 2569.97041059257 2582.016572522582 2566.719302402567 2584.5159299550805 2581.756331882582 -1.0 2581.845289652582 1.0 2
125 nan 0.125 0.2 1.0 -1.0 2596.1190621325964 2596.1197287325963 2638.5752160926386 2585.088231992585 2641.0747342022237 2638.4215314626385 -1.0 2638.4215314626385 -1.0 1
126 nan 0.0 0.2 -1.0 1.0 2646.8184916826467 2646.8194249226467 2660.08606479266 2642.022837962642 2661.586083258891 2659.97884218266 1.0 2659.97884218266 1.0 1
127 1.0 nan 0.2 -1.0 -1.0 2663.784794882664 2663.785594802664 2677.611412082678 2662.199586752662 2680.1107062793285 2664.590814272665 1.0 2676.846021962677 -1.0 3
128 nan 0.25 0.2 -1.0 1.0 2685.218051342685 2685.219017912685 2702.6564739927026 2680.662906902681 2704.156493362283 2701.3084421427016 -1.0 2702.4452617827023 -1.0 3
129 nan 0.0 0.2 -1.0 1.0 2707.7175345027076 nan 2712.6156446427126 2704.767896162705 2714.115644810038 2712.061400072712 1.0 2712.5621499927124 1.0 3
130 nan 0.0625 0.2 -1.0 1.0 2715.100962752715 nan 2725.3273400127255 2714.6091452727146 2726.82733657823 2724.952277522725 -1.0 2725.2087518727253 1.0 2
131 nan 0.0625 0.2 -1.0 1.0 2732.1837209727323 2732.184454232732 2734.4817911427344 2727.3437383527275 2735.981823125038 2734.3525374027345 1.0 2734.3525374027345 1.0 1
132 0.0625 nan 0.2 -1.0 -1.0 2738.717067572739 2738.717734172739 2755.153190462755 2736.7726287027367 2757.6524778358576 2754.926246492755 1.0 2755.013537762755 1.0 2
133 nan 0.25 0.2 -1.0 1.0 2761.033502372761 2761.034435612761 2772.975874682773 2758.256580092758 2774.4758984740383 2772.7928596527727 1.0 2772.7928596527727 1.0 1
134 nan 0.0 0.2 -1.0 1.0 2775.816657242776 2775.817290512776 2794.843721012795 2775.049900592775 2796.3437457494324 2794.747064012795 1.0 2794.747064012795 1.0 1
135 nan 0.0625 0.2 -1.0 1.0 2798.7163337127986 2798.7170003127985 2822.4589258828223 2796.920946602797 2823.958942271764 2822.3334051028223 1.0 2822.3334051028223 1.0 1
136 nan 0.125 0.2 -1.0 1.0 2826.132858452826 2826.133691702826 2827.270677992827 2824.6116439228244 2828.77067729785 2826.917613302827 -1.0 2827.0864964128273 1.0 2
137 1.0 nan 0.2 -1.0 -1.0 2831.0824967728313 2831.083330022831 2838.3495699928385 2829.260478992829 2840.8488653362606 2838.012670352838 -1.0 2838.185853032838 1.0 2
138 1.0 nan 0.2 -1.0 -1.0 2845.865751632846 2845.866484892846 2846.187819422846 2841.377367182841 2848.687317638018 2846.040634142846 1.0 2846.040634142846 1.0 1
139 0.0 nan 0.2 -1.0 -1.0 2850.932244932851 2850.9330781828507 2881.818356012882 2849.191918982849 2884.3177692623754 2878.4162962528785 -1.0 2881.788325682882 1.0 4
140 nan 0.125 0.2 -1.0 1.0 2885.5485829528857 2885.5493162128855 2895.326538392895 2884.991272022885 2896.826567457442 2895.120492332895 1.0 2895.120492332895 1.0 1
141 nan 0.0 0.2 -1.0 1.0 2899.9650078329 2899.9658410829 2912.5630812329127 2897.3478695728973 2914.063072741767 2912.2488459929123 1.0 2912.4852556829123 1.0 2
142 nan 0.25 0.2 -1.0 1.0 2916.097994372916 2916.098994272916 2938.203350282938 2914.6332741929145 2939.703368639764 2938.090628222938 1.0 2938.090628222938 1.0 1
143 nan 0.125 0.2 -1.0 1.0 2942.3310708029426 2942.3317040729426 2963.1563214029634 2940.3251714129406 2964.656340425133 2962.988304872963 1.0 2962.988304872963 1.0 1
144 nan 0.25 0.2 -1.0 1.0 2969.3974305629695 2969.3983638029695 2986.4239944029864 2965.2766426829653 2987.9240130361027 2986.2040830629862 1.0 2986.2040830629862 1.0 1
145 nan 1.0 0.2 -1.0 1.0 2989.2972737129894 2989.2981069629896 2998.0872946229983 2988.554214692989 2999.5872905155206 2997.861417212998 1.0 2997.861417212998 1.0 1
146 nan 0.0625 0.2 1.0 -1.0 3011.5635468630117 3011.5641801330116 3024.808688883025 3000.112992033 3027.308099051864 3024.4483582530243 1.0 3024.619974423025 -1.0 2
147 nan 0.25 0.2 -1.0 1.0 3030.16338669303 3030.16428660303 3056.150687703056 3028.007302323028 3057.6507024941457 3055.127723343055 -1.0 3055.961873253056 1.0 5
148 0.0 nan 0.2 -1.0 -1.0 3060.829519773061 3060.830286363061 3065.3138712930654 3058.3117049130583 3067.8133689815454 3064.986537363065 1.0 3064.986537363065 1.0 1
149 nan 0.25 0.2 -1.0 1.0 3068.846184693069 3068.846817963069 3071.292406713071 3068.323370313068 3072.7924083759067 3071.175285093071 1.0 3071.175285093071 1.0 1
150 nan 0.125 0.2 -1.0 1.0 3073.7625596730736 3073.7634262530737 3079.3571668230793 3073.258010133073 3080.8571646826063 3079.187150493079 1.0 3079.187150493079 1.0 1
151 nan 0.25 0.2 -1.0 1.0 3083.4791545830835 3083.4799878330837 3098.4503906430987 3081.3633661830813 3099.950410310202 3098.2829740530983 1.0 3098.2829740530983 1.0 1
152 nan 1.0 0.2 -1.0 1.0 3103.595676063104 3103.5964093231037 3116.166718833116 3100.5602129731005 3117.666739258281 3115.9321089631158 1.0 3115.9321089631158 1.0 1
153 nan 1.0 0.2 -1.0 1.0 3119.66216925312 3119.6629025131197 3120.6384716131206 3118.2716416531184 3122.138472684511 3120.1000254631203 1.0 3120.33506862312 1.0 3
154 nan 0.125 0.2 -1.0 1.0 3127.5285158731276 3127.5294824431276 3142.0863266131423 3122.6224731931225 3143.58631156934 3141.8139871831418 -1.0 3141.980470533142 1.0 2
155 0.25 nan 0.2 -1.0 -1.0 3145.3616990431456 3145.3625989531456 3205.3616990431456 3144.2156136631443 3154.26418978555 3151.4304254431513 -1.0 3153.6763674931535 1.0 5
156 nan 1.0 0.2 -1.0 1.0 3156.7946889631567 nan 3182.6614020331826 3154.7791905331546 3184.1614164641123 3182.2602088231824 -1.0 3182.4252589831826 -1.0 3
157 nan 0.0625 0.2 -1.0 1.0 3186.044430363186 3186.045096963186 3194.748093243195 3184.829518533185 3196.248088243527 3187.563411783188 1.0 3194.672900763195 1.0 2
158 nan 0.0625 0.2 -1.0 1.0 3198.160885263198 3198.1616185231983 3207.853282593208 3196.785989433197 3209.3532784077497 3207.7666912532077 1.0 3207.7666912532077 1.0 1
159 0.25 nan 0.2 1.0 1.0 3210.5108501432105 3210.5114834132105 3213.4620216632134 3209.8785800432097 3214.9620226156 3213.107457123213 -1.0 3213.107457123213 -1.0 1
160 nan 0.125 0.2 1.0 -1.0 3216.177416763216 3216.178083363216 3216.6923985932167 3215.4447233732153 3219.1917651491412 3216.5928085532164 -1.0 3216.5928085532164 -1.0 1
161 0.25 nan 0.2 1.0 1.0 3222.843750063223 3222.844683303223 3239.025898353239 3219.66316815322 3240.5259188927707 3238.906543623239 -1.0 3238.906543623239 -1.0 1
162 nan 0.0625 0.2 -1.0 1.0 3241.627138203242 3241.628104773242 3242.5106165132424 3241.130521203241 3244.01065070737 3242.2983377432424 -1.0 3242.2983377432424 -1.0 1
163 nan 0.25 0.2 -1.0 1.0 3245.993701503246 3245.994368103246 3246.2079467432463 3244.4772531632443 3247.707979988038 3246.0598282232463 1.0 3246.0598282232463 1.0 1
164 nan 0.0625 0.2 -1.0 1.0 3251.160351453251 3251.160984723251 3256.194514653256 3248.1914817032484 3257.6945441252174 3255.883145793256 1.0 3255.971803593256 1.0 2
165 nan 0.125 0.2 -1.0 1.0 3260.0435963732602 3260.0445296132602 3269.89501113327 3258.2195454632583 3271.3950376626867 3269.73552708327 1.0 3269.73552708327 1.0 1
166 nan 0.0625 0.2 -1.0 1.0 3273.026631273273 3273.027397863273 3324.7158285033247 3271.954938453272 3326.215824076415 3324.3451655733243 -1.0 3324.5506450233247 1.0 2
167 nan 0.0625 0.2 -1.0 1.0 3329.075859123329 3329.076759033329 3340.6860313233406 3327.063427053327 3342.186055577199 3340.3716960933402 1.0 3340.6030729533404 1.0 2
168 nan 1.0 0.2 -1.0 1.0 3343.359063993343 3343.3599305733433 3346.7755889733467 3342.7590573333428 3348.2755891180336 3346.3950270333467 1.0 3346.6610004333465 1.0 2
169 0.0 nan 0.2 -1.0 -1.0 3349.4255572833495 3349.4261905533494 3360.1920805233603 3348.767389773349 3362.691604829148 3359.7118952133596 -1.0 3360.02433063336 1.0 3
170 nan 1.0 0.2 -1.0 1.0 3363.8089188033637 3363.809685393364 3365.044595223365 3363.2562074133634 3366.5446290244226 3364.7710559133648 1.0 3364.7710559133648 1.0 1
171 nan 0.0625 0.2 -1.0 1.0 3367.6087721133676 3367.6096386933677 3381.3237338133813 3367.0307299233673 3382.8237271176854 3370.0676262033703 1.0 3381.2009794233813 1.0 3
172 nan 0.25 0.2 -1.0 1.0 3383.874978663384 3383.875778583384 3396.3175342833965 3383.377128453383 3397.817527718882 3388.027363383388 -1.0 3396.2219105133963 1.0 6
173 nan 0.125 0.2 -1.0 1.0 3398.925206823399 3398.925940083399 3402.6318694534025 3398.3660294133983 3404.1318980376723 3402.4644195334026 1.0 3402.4644195334026 1.0 1
174 nan 0.0625 0.2 -1.0 1.0 3407.5414451134075 3407.5421783734078 3422.818717233423 3404.6404019134047 3424.318735790854 3422.5026155134224 1.0 3422.752323873423 1.0 2
175 nan 0.0625 0.2 -1.0 1.0 3427.224476613427 3427.2253098634274 3437.4658190434375 3424.944337983425 3438.9658409657955 3436.820916873437 1.0 3437.3831606434373 1.0 4
176 nan 1.0 0.2 -1.0 1.0 3442.274271483442 3442.2751047334423 3466.3530300334664 3439.86804546344 3467.853040754468 3466.1628157234663 1.0 3466.1628157234663 1.0 1
177 nan 0.0 0.2 -1.0 1.0 3469.0240629034693 3469.024829493469 3476.6888963434767 3468.5507435734685 3478.188926791336 3475.7586227134757 1.0 3476.5261126234764 1.0 4
178 nan 0.0625 0.2 -1.0 1.0 3479.3071011634793 3479.3077011034793 3493.710627333494 3478.704628083479 3495.210649959247 3493.5909059734936 1.0 3493.5909059734936 1.0 1
179 0.0625 nan 0.2 -1.0 -1.0 3501.873277653502 3501.874110903502 3507.5174465135074 3495.7950522034957 3510.016733305583 3507.336264633507 1.0 3507.336264633507 1.0 1
180 nan 0.0625 0.2 -1.0 1.0 3514.873577493515 3514.8743107535147 3515.953802793516 3510.6348347435105 3517.4537975585936 3515.6199361835156 1.0 3515.6199361835156 1.0 1
181 0.125 nan 0.2 1.0 1.0 3521.756489133522 3521.7572223935217 3551.243840103551 3517.979100243518 3552.743846723307 3528.800951283529 1.0 3551.1194192135513 -1.0 2
182 nan 0.0625 0.2 -1.0 1.0 3556.3560621635565 3556.3568620835563 3568.4646511835685 3553.4790498935536 3569.9646720765354 3568.2985677935685 1.0 3568.2985677935685 1.0 1
183 nan 0.0 0.2 -1.0 1.0 3574.989132003575 3574.989965253575 3581.4531522035813 3570.5650744535706 3582.953171838282 3581.2588049735814 1.0 3581.2588049735814 1.0 1
184 0.125 nan 0.2 -1.0 -1.0 3594.055825143594 3594.056758383594 3623.956734753624 3583.5629745335837 3626.456094252276 3623.858111283624 1.0 3623.858111283624 1.0 1
185 0.0 nan 0.2 -1.0 -1.0 3627.905273193628 3627.906039783628 3636.4109558736363 3627.3175986336273 3638.91048548658 3636.2228413536363 1.0 3636.2228413536363 1.0 1
186 nan 0.25 0.2 -1.0 1.0 3639.98846475364 3639.98923134364 3649.006229553649 3639.4395863136397 3650.506256495887 3648.747922053649 1.0 3648.990664443649 1.0 2
187 nan 0.0 0.2 -1.0 1.0 3652.3383296436523 3652.3390962336525 3654.6077693436546 3651.065956893651 3656.107800865973 3654.4957805436547 1.0 3654.4957805436547 1.0 1
188 nan 1.0 0.2 -1.0 1.0 3657.904772943658 3657.905772843658 3662.6509316136626 3656.6145019836567 3664.1509618394134 3662.0678565936623 -1.0 3662.564640243663 1.0 4
189 nan 0.125 0.2 -1.0 1.0 3665.221374543665 3665.2222744536652 3675.870842823676 3664.672462773665 3677.370836182643 3675.5116787436755 1.0 3675.7591206636757 1.0 3
190 nan 1.0 0.2 -1.0 1.0 3682.5045460536826 3682.5054459636826 3696.5011795836967 3677.925837303678 3698.0011521966976 3696.2604036636963 1.0 3696.4141882836966 1.0 2
191 0.0625 nan 0.2 -1.0 -1.0 3701.5041792337015 3701.5049124937013 3761.5041792337015 3698.64625382441 3711.9870308459285 3709.3168978837093 1.0 3758.284333983758 -1.0 15
192 nan 0.0625 0.2 -1.0 1.0 nan nan nan 3712.582832196402 3720.0686762928544 nan 0.0 nan 0.0 0
193 nan 1.0 0.8 -1.0 1.0 nan nan nan 3720.5942772485582 3728.274022435409 nan 0.0 nan 0.0 0
194 0.0625 nan 0.8 1.0 1.0 nan nan nan 3728.815723481651 3747.2640292252267 nan 0.0 nan 0.0 0
