DY_013 9a629642-3a9c-42ed-b70a-532db0e86199 danlab 2020-03-07 _iblrig_tasks_ephysChoiceWorld6.4.0 M 295 401
0 1.0 nan 0.5 1.0 1.0 10.7994866100108 10.8003198600108 11.136752880011137 9.059127330009058 12.704956800802384 11.00896566001101 -1.0 11.00896566001101 -1.0 1
1 nan 0.125 0.5 -1.0 1.0 13.983168210013984 13.984268100013985 14.408359020014409 13.098756660013098 15.98316387586907 14.26857300001427 1.0 14.26857300001427 1.0 1
2 0.25 nan 0.5 1.0 1.0 16.88791104001689 16.88891094001689 17.364063420017363 16.37256258001637 18.938270150438573 17.115354960017115 -1.0 17.115354960017115 -1.0 1
3 nan 1.0 0.5 -1.0 1.0 19.833116490019833 19.834183050019835 20.121087690020122 19.31976783001932 21.666265850553593 19.995266940019995 1.0 19.995266940019995 1.0 1
4 0.0 nan 0.5 -1.0 -1.0 22.57100934002257 22.572142560022574 22.843482090022842 22.032163230022032 25.399485030600477 22.70932884002271 1.0 22.70932884002271 1.0 1
5 nan 0.0 0.5 1.0 -1.0 26.82165090002682 26.822750790026824 27.442755450027445 25.82028438002582 29.999627032898477 27.286071120027287 -1.0 27.286071120027287 -1.0 1
6 nan 1.0 0.5 -1.0 1.0 31.587874230031588 31.58870748003159 31.877111970031876 30.376628700030377 33.43802098807311 31.773722310031776 1.0 31.773722310031776 1.0 1
7 nan 0.125 0.5 -1.0 1.0 34.365863070034365 34.366996290034365 34.68003165003468 33.81881778003382 36.238137886829655 34.56334332003456 1.0 34.56334332003456 1.0 1
8 1.0 nan 0.5 1.0 1.0 37.0993230300371 37.1006229000371 37.39132716003739 36.62043759003662 38.93273791982302 37.25927370003726 -1.0 37.25927370003726 -1.0 1
9 nan 0.125 0.5 -1.0 1.0 39.77115582003977 39.77225571003977 40.080658200040084 39.306235650039305 41.632763704173236 39.95950365003996 1.0 39.95950365003996 1.0 1
10 nan 0.25 0.5 -1.0 1.0 42.5047824300425 42.50588232004251 42.77325558004277 42.003865860042005 44.354263023363536 42.655700670042656 1.0 42.655700670042656 1.0 1
11 0.0 nan 0.5 1.0 1.0 45.38229465004538 45.38316123004538 45.73269294004573 44.73815907004474 47.298790644790444 45.585740970045585 -1.0 45.585740970045585 -1.0 1
12 0.0 nan 0.5 1.0 1.0 48.204679050048206 48.205445640048204 48.47048580004847 47.726093580047724 50.03229452109291 48.18654753004819 -1.0 48.18654753004819 -1.0 1
13 1.0 nan 0.5 1.0 1.0 51.58737408005159 51.588407310051586 52.4030925000524 50.40479235005041 53.96539874808418 52.05932688005206 -1.0 52.28643750005229 -1.0 3
14 nan 0.0 0.5 1.0 -1.0 55.13758569005514 55.13868558005514 56.176348470056176 54.35559723005436 58.75431904444589 55.43912220005544 1.0 56.09045706005609 -1.0 2
15 0.125 nan 0.5 1.0 1.0 59.781654570059786 59.78262114005978 60.15545052006016 59.13961878005914 61.720853336155464 60.017530980060016 -1.0 60.017530980060016 -1.0 1
16 0.25 nan 0.5 1.0 1.0 62.73202617006273 62.73295941006273 63.032662770063034 62.0993561100621 64.60416968090742 62.9024757900629 -1.0 62.9024757900629 -1.0 1
17 nan 0.125 0.5 -1.0 1.0 65.4981828600655 65.4992160900655 65.96286972006597 64.98866715006498 67.53737544477119 65.82211713006582 1.0 65.82211713006582 1.0 1
18 1.0 nan 0.5 1.0 1.0 68.64856779006865 68.64950103006865 68.77975467006878 67.91607438006791 70.35438703560536 68.62637001006863 -1.0 68.62637001006863 -1.0 1
19 nan 0.0625 0.5 1.0 -1.0 72.78178776007279 72.78275433007278 72.996432960073 70.7901869400708 75.56550281758861 72.81005160007281 -1.0 72.81005160007281 -1.0 1
20 nan 0.25 0.5 -1.0 1.0 76.62040386007662 76.62137043007662 76.96670256007697 75.97240200007597 78.53220982138073 76.84478142007684 1.0 76.84478142007684 1.0 1
21 nan 0.25 0.5 -1.0 1.0 81.8040187800818 81.80498535008181 82.07242527008208 78.90540867007891 83.6316286556498 81.96436941008197 1.0 81.96436941008197 1.0 1
22 nan 0.125 0.5 -1.0 1.0 84.55367712008456 84.55461036008455 84.87394509008487 84.04272822008404 86.4485492702023 84.75958986008476 1.0 84.75958986008476 1.0 1
23 nan 0.0 0.5 1.0 -1.0 87.48711708008749 87.48788367008748 88.04322813008804 86.82235023008683 90.6206656534805 87.85664679008785 -1.0 87.85664679008785 -1.0 1
24 0.0625 nan 0.5 1.0 1.0 91.61473761009161 91.61583750009162 92.46545253009246 91.00736502009102 94.03695948597554 92.01283113009201 -1.0 92.3948595900924 -1.0 3
25 0.25 nan 0.5 1.0 1.0 95.03162922009503 95.03246247009503 95.38509387009539 94.42535652009443 96.94809008900054 95.28700368009528 -1.0 95.28700368009528 -1.0 1
26 nan 0.0625 0.5 -1.0 1.0 99.18678033009918 99.18771357009919 100.2063117001002 97.38769359009738 101.76441643634384 99.78548712009979 -1.0 100.06462587010006 1.0 2
27 nan 0.0625 0.5 1.0 -1.0 102.87007863010287 102.87101187010288 103.07132517010307 102.15991632010216 105.63693032651435 102.92620635010293 -1.0 102.92620635010293 -1.0 1
28 nan 1.0 0.5 -1.0 1.0 106.58107416010658 106.58197407010658 106.87381155010688 106.02602967010603 108.44814751635914 106.76508909010677 1.0 106.76508909010677 1.0 1
29 0.25 nan 0.5 1.0 1.0 109.43685522010944 109.43792178010943 109.75962294010976 108.84154809010884 111.3369601101381 109.65336690010966 -1.0 109.65336690010966 -1.0 1
30 nan 0.0625 0.5 1.0 -1.0 113.31456741011331 113.31553398011332 113.93453874011394 111.72545967011173 116.50347676340844 113.71222764011371 -1.0 113.71222764011371 -1.0 1
31 nan 0.0625 0.5 -1.0 1.0 117.48078408011749 117.48181731011748 117.92107338011792 116.8949760001169 119.4812795265242 117.73505865011774 -1.0 117.73505865011774 -1.0 1
32 nan 1.0 0.5 -1.0 1.0 120.41985681012042 120.42079005012042 120.65846628012066 119.87707776011987 122.23140089461413 120.55877625012056 1.0 120.55877625012056 1.0 1
33 nan 1.0 0.5 -1.0 1.0 123.28660344012329 123.28773666012329 123.5020818901235 122.62970247012264 125.06979003945686 123.4051582501234 1.0 123.4051582501234 1.0 1
34 1.0 nan 0.5 1.0 1.0 126.01446396012602 126.01536387012602 126.23850822012623 125.47608447012547 127.79781048567322 126.11452062012611 -1.0 126.11452062012611 -1.0 1
35 nan 0.25 0.5 -1.0 1.0 130.16994837013016 130.17098160013018 130.51331403013052 128.1946125901282 132.08621767712447 130.4019585001304 1.0 130.4019585001304 1.0 1
36 nan 0.125 0.5 -1.0 1.0 132.96423558013296 132.96526881013295 133.24824051013326 132.4934160001325 134.81394180562287 133.13038563013313 1.0 133.13038563013313 1.0 1
37 0.0 nan 0.5 -1.0 -1.0 135.78638667013578 135.7872532501358 136.43088888013642 135.21404391013522 138.99735984290226 135.6999953101357 -1.0 136.25647299013625 1.0 3
38 0.0625 nan 0.5 1.0 1.0 140.8859433301409 140.88684324014088 142.3949590801424 139.39305930013938 143.96416434668626 142.12898568014214 -1.0 142.12898568014214 -1.0 1
39 0.25 nan 0.5 1.0 1.0 144.8868098701449 144.88777644014488 145.14178437014513 144.35946261014436 146.7195860117916 145.04719383014506 -1.0 145.04719383014506 -1.0 1
40 0.0625 nan 0.5 1.0 1.0 147.86404545014787 147.86507868014786 148.42038981014844 147.1097875501471 149.98599422440574 148.14345084014815 -1.0 148.14345084014815 -1.0 1
41 nan 0.125 0.5 -1.0 1.0 151.93047210015195 151.93133868015192 152.23370844015224 150.38949288015039 153.8026110581107 152.13665148015212 1.0 152.13665148015212 1.0 1
42 0.0625 nan 0.5 1.0 1.0 154.94713707015495 154.94797032015495 158.43432165015844 154.2081109801542 159.99752657553304 155.26790499015527 -1.0 155.26790499015527 -1.0 1
43 0.0 nan 0.5 1.0 1.0 160.91897316016093 160.91990640016093 161.37896049016138 160.3955255101604 162.94746045605723 161.2084108801612 -1.0 161.2084108801612 -1.0 1
44 1.0 nan 0.5 1.0 1.0 163.95243645016396 163.95350301016396 164.1737476501642 163.34746362016335 165.73025641060505 163.93167186016393 -1.0 163.93167186016393 -1.0 1
45 1.0 nan 0.5 1.0 1.0 167.05282638016706 167.05382628016704 167.63376828016763 166.12105290016612 169.19667103968536 167.21977635016722 -1.0 167.21977635016722 -1.0 1
46 0.25 nan 0.5 1.0 1.0 170.26903806017026 170.27010462017026 170.6073708901706 169.60457118016961 172.18570305915824 170.45105319017046 -1.0 170.45105319017046 -1.0 1
47 nan 0.0 0.5 -1.0 1.0 173.34719688017336 173.34806346017334 174.68869605017468 172.5918057601726 176.25250192380457 174.5207461801745 1.0 174.5207461801745 1.0 1
48 nan 1.0 0.5 -1.0 1.0 177.34716351017735 177.34799676017735 177.64870002017764 176.65619928017665 179.2187040258096 177.54904332017756 1.0 177.54904332017756 1.0 1
49 0.0625 nan 0.5 1.0 1.0 180.21311022018023 180.21431010018023 180.86151204018086 179.6241024601796 182.4302155487619 180.54527700018053 -1.0 180.54527700018053 -1.0 1
50 0.125 nan 0.5 1.0 1.0 183.56894127018356 183.56990784018356 184.51204695018453 182.83041513018284 186.080247390853 183.77395410018377 -1.0 184.42535562018443 -1.0 3
51 0.0625 nan 0.5 -1.0 -1.0 186.98519961018698 186.986199510187 187.35219624018737 186.4893492001865 189.91346726946074 187.24254054018724 1.0 187.24254054018724 1.0 1
52 0.125 nan 0.5 1.0 1.0 190.85204622019086 190.85281281019084 191.2060774801912 190.3203660601903 192.7684805760692 191.03656110019105 -1.0 191.03656110019105 -1.0 1
53 nan 0.25 0.5 -1.0 1.0 193.77968676019378 193.7807866501938 194.06909115019408 193.17418065019316 195.63499480570525 193.975467180194 1.0 193.975467180194 1.0 1
54 0.125 nan 0.5 1.0 1.0 196.54604343019656 196.54707666019655 198.36509484019837 196.03269477019603 199.9352917994687 196.9021411501969 -1.0 198.2845695601983 -1.0 2
55 nan 0.0625 0.5 -1.0 1.0 201.04679331020105 201.04765989020106 201.43242141020144 200.4214891802004 203.00192218609496 201.31953270020134 1.0 201.31953270020134 1.0 1
56 0.125 nan 0.5 1.0 1.0 203.96316831020397 203.96396823020396 204.27670362020427 203.4073239002034 205.84664015335187 204.14901639020414 -1.0 204.14901639020414 -1.0 1
57 0.25 nan 0.5 1.0 1.0 206.8019844002068 206.8029176402068 207.022728990207 206.24144046020623 208.5800351613708 206.92280565020693 -1.0 206.92280565020693 -1.0 1
58 0.125 nan 0.5 1.0 1.0 210.35142942021037 210.35222934021036 210.97753347021097 208.993731870209 212.5461661184355 210.54184371021054 -1.0 210.96853437021096 -1.0 2
59 nan 0.0625 0.5 -1.0 1.0 213.985099350214 213.986165910214 214.54307688021456 212.96606793021297 216.11808073451715 214.42848834021444 1.0 214.42848834021444 1.0 1
60 1.0 nan 0.5 1.0 1.0 217.1963448602172 217.1971114502172 222.06169161022206 216.52177899021652 223.62939374102075 221.8844426702219 -1.0 221.8844426702219 -1.0 1
61 0.0625 nan 0.5 1.0 1.0 226.03489425022605 226.03599414022605 227.6852292002277 224.05259250022405 229.2463213304566 227.1908786402272 -1.0 227.1908786402272 -1.0 1
62 nan 0.0 0.5 -1.0 1.0 230.25110592023026 230.25193917023026 235.46915073023547 229.75732197022975 237.02925210905687 235.37289369023537 1.0 235.37289369023537 1.0 1
63 1.0 nan 0.5 -1.0 -1.0 240.36809412024036 240.36912735024038 243.93607062024392 237.45855177023745 246.5013041422039 243.84001356024385 1.0 243.84001356024385 1.0 1
64 0.0625 nan 0.5 -1.0 -1.0 247.3959246002474 247.3970244902474 247.63370082024764 246.93000453024692 250.19590604993124 247.32393180024732 -1.0 247.46958390024747 1.0 2
65 0.0625 nan 0.5 -1.0 -1.0 252.56784069025258 252.56897391025257 255.77062038025576 250.6017039902506 258.32902325495326 255.66883056025569 1.0 255.66883056025569 1.0 1
66 nan 0.0625 0.5 -1.0 1.0 259.3676939702594 259.36856055025936 263.1335506802631 258.7521222002588 264.69575068829914 263.04429294026306 1.0 263.04429294026306 1.0 1
67 nan 0.25 0.5 -1.0 1.0 265.76762058026577 265.76848716026575 266.6851621502667 265.13375064026513 268.25146569049565 266.5789727702666 1.0 266.5789727702666 1.0 1
68 nan 0.25 0.5 -1.0 1.0 269.2950011402693 269.2960677002693 271.30440018027133 268.65276537026864 272.86749197841505 271.22337495027125 1.0 271.22337495027125 1.0 1
69 0.125 nan 0.5 -1.0 -1.0 274.74548937027475 274.74638928027474 275.025661350275 273.37649295027336 277.6007276296983 274.7822190302748 -1.0 274.7822190302748 -1.0 1
70 nan 0.125 0.5 -1.0 1.0 279.99526434028 279.99629757028 280.27443642028027 278.017028850278 281.8450383630567 280.1895449102802 1.0 280.1895449102802 1.0 1
71 nan 0.25 0.5 -1.0 1.0 282.8006171102828 282.8015170202828 283.0842220802831 282.2665371902823 284.64515785889824 282.98313219028296 1.0 282.98313219028296 1.0 1
72 nan 0.25 0.5 -1.0 1.0 285.7174254002857 285.71849196028575 285.92703777028595 285.0479590202851 287.5005721039976 285.8250146402858 1.0 285.8250146402858 1.0 1
73 0.25 nan 0.5 1.0 1.0 292.0946876102921 292.0957208402921 292.64676573029266 287.9179719902879 294.21679885435566 292.34509590029234 -1.0 292.55197521029254 -1.0 2
74 nan 0.125 0.5 -1.0 1.0 295.1951442002952 295.1960107802952 295.5863050802956 294.6514985702947 297.14460899920897 295.46231748029544 1.0 295.46231748029544 1.0 1
75 0.25 nan 0.5 1.0 1.0 298.1337503102981 298.1349501902981 298.5073129502985 297.55310838029754 300.06171597149967 298.3730930402984 -1.0 298.3730930402984 -1.0 1
76 nan 0.125 0.5 -1.0 1.0 301.1667136503012 301.16758023030116 301.4845152003015 300.48741492030047 303.05040993868465 301.3932243303014 1.0 301.3932243303014 1.0 1
77 nan 1.0 0.5 -1.0 1.0 304.11118584030413 304.11218574030414 304.4184217803044 303.5711065203036 305.9835223822416 304.3112991603043 1.0 304.3112991603043 1.0 1
78 0.125 nan 0.5 1.0 1.0 306.977699160307 306.97849908030696 307.45825110030745 306.4078228203064 309.0281492741689 307.34892870030734 -1.0 307.34892870030734 -1.0 1
79 nan 1.0 0.5 -1.0 1.0 309.96686688030996 309.96776679030995 310.26293727031026 309.4563512703095 311.8284704792469 310.13598330031016 1.0 310.13598330031016 1.0 1
80 0.25 nan 0.5 1.0 1.0 312.9001401903129 312.9010734303129 313.3802588403134 312.25317156031224 314.9498633287612 313.1889779703132 -1.0 313.1889779703132 -1.0 1
81 nan 0.0625 0.5 -1.0 1.0 315.8776757403159 315.87867564031586 316.2855682803163 315.37115973031536 317.8495702951008 316.1841450903162 1.0 316.1841450903162 1.0 1
82 nan 1.0 0.5 -1.0 1.0 318.978099000319 318.97896558031897 319.2953006103193 318.2706697503183 320.8609993275824 319.14928188031917 1.0 319.14928188031917 1.0 1
83 nan 1.0 0.5 -1.0 1.0 321.9162718203219 321.9172383903219 322.1029864803221 321.28300182032126 323.6665915267229 321.999863460322 1.0 321.999863460322 1.0 1
84 0.125 nan 0.5 1.0 1.0 324.77741901032476 324.7785522303248 325.6686965403257 324.0943873203241 327.2332172861266 325.2568377303253 1.0 325.5013132803255 -1.0 2
85 nan 0.0625 0.5 -1.0 1.0 328.3276306203283 328.32849720032834 328.70852586032873 327.7668200403278 330.27742689466135 328.5969036903286 1.0 328.5969036903286 1.0 1
86 0.125 nan 0.5 1.0 1.0 331.26633672033125 331.2674366103313 339.1702795803392 330.7096257303307 340.72737915031206 338.6816951103387 -1.0 338.967666510339 -1.0 2
87 1.0 nan 0.5 1.0 1.0 341.64926499034163 341.65026489034165 346.4793819303465 341.1715794303412 348.0498141196889 346.0435588503461 -1.0 346.0435588503461 -1.0 1
88 nan 0.25 0.5 -1.0 1.0 348.977598750349 348.978498660349 349.3262972103493 348.4897142103485 350.89400213531127 349.2224742603492 1.0 349.2224742603492 1.0 1
89 0.0625 nan 0.5 -1.0 -1.0 352.51591155035254 352.5167781303525 359.5003463703595 351.3218976303513 362.0661452359993 354.93266985035496 -1.0 359.3930237703594 1.0 2
90 0.25 nan 0.2 1.0 1.0 363.16031367036317 363.1613135703632 363.9135716703639 362.52244413036254 365.4830699397686 363.4147882203634 -1.0 363.4147882203634 -1.0 1
91 nan 0.0625 0.2 -1.0 1.0 366.37679199036637 366.3778918803664 366.9319698003669 365.91587142036593 368.49927222879404 366.75862047036674 1.0 366.75862047036674 1.0 1
92 nan 0.0 0.2 -1.0 1.0 369.6607635603697 369.66186345036965 370.00539576037 368.9294700303689 371.5825928112443 369.86247672036984 1.0 369.86247672036984 1.0 1
93 nan 1.0 0.2 -1.0 1.0 372.5436752403725 372.54447516037254 372.7817181003728 372.020394240372 374.34921709986264 372.5635399203726 1.0 372.5635399203726 1.0 1
94 nan 1.0 0.2 -1.0 1.0 375.3272635203753 375.32813010037535 375.54480843037555 374.77351890037477 377.1105311386871 375.45868371037545 1.0 375.45868371037545 1.0 1
95 nan 0.0625 0.2 -1.0 1.0 378.3988563303784 378.3997229103784 378.96263328037895 377.64733149037767 380.53223611945043 378.63413280037867 1.0 378.8837745003789 1.0 2
96 nan 0.125 0.2 -1.0 1.0 381.67712847038166 381.67806171038166 381.92653686038193 380.95023450038093 383.49354024281075 381.8164145403818 1.0 381.8164145403818 1.0 1
97 nan 1.0 0.2 -1.0 1.0 384.48178131038446 384.4830145203845 384.72195729038475 383.9064388503839 386.29375777652876 384.6199008303846 1.0 384.6199008303846 1.0 1
98 nan 1.0 0.2 -1.0 1.0 387.2828011803873 387.2839677303873 387.5067787803875 386.7075587103867 389.0819770106123 387.41632116038744 1.0 387.41632116038744 1.0 1
99 nan 0.25 0.2 -1.0 1.0 391.1935100703912 391.1945433003912 391.44088533039144 389.5145779803895 393.01548650713573 391.34116197039134 1.0 391.34116197039134 1.0 1
100 nan 0.0 0.2 -1.0 1.0 394.0933867203941 394.0944866103941 395.2007093103952 393.44098530039344 396.7603084333391 394.2860674503943 1.0 395.0951198703951 1.0 2
101 nan 1.0 0.2 -1.0 1.0 398.8819078203989 398.8827410703989 399.0949198503991 397.2012092403972 400.6654207507131 399.00776190039903 1.0 399.00776190039903 1.0 1
102 nan 0.125 0.2 -1.0 1.0 402.009828330402 402.01069491040204 402.26943570040225 401.1049188304011 403.8266371917803 402.1813445104022 1.0 402.1813445104022 1.0 1
103 nan 0.125 0.2 -1.0 1.0 404.96529942040496 404.966332650405 405.1964429704052 404.24893773040424 406.76554360642706 405.1189507204051 1.0 405.1189507204051 1.0 1
104 nan 0.0 0.2 -1.0 1.0 407.70989160040773 407.7109581604077 407.93733552040794 407.20314228040723 409.4933568780106 407.8028823004078 1.0 407.8028823004078 1.0 1
105 nan 0.25 0.2 -1.0 1.0 411.61493439041163 411.61590096041164 411.8384453704118 410.04645792041003 413.39298028707805 411.74692119041174 1.0 411.74692119041174 1.0 1
106 0.0625 nan 0.2 1.0 1.0 415.2817010104153 415.2828342304153 417.7119912904177 413.8272798004138 419.2766919718862 415.74962088041576 -1.0 416.6673291004167 -1.0 2
107 nan 1.0 0.2 -1.0 1.0 420.7314226504207 420.7324225504207 420.93730206042096 419.72738973041976 422.49860222360815 420.86360943042087 1.0 420.86360943042087 1.0 1
108 nan 0.0625 0.2 -1.0 1.0 423.55987311042355 423.56103966042355 423.8236134004238 422.93880189042295 425.3983127414048 423.7090248604237 1.0 423.7090248604237 1.0 1
109 1.0 nan 0.2 1.0 1.0 427.22643975042723 427.2273396604272 427.6174339804276 425.83431231042584 429.1821328435671 427.41852054042744 1.0 427.41852054042744 1.0 1
110 nan 0.25 0.2 -1.0 1.0 430.3096647304303 430.3106313004303 430.5559401004306 429.62413329042965 432.1257396516688 430.4698153804305 1.0 430.4698153804305 1.0 1
111 nan 0.125 0.2 -1.0 1.0 433.1645458804332 433.16557911043316 433.46314935043347 432.57243843043256 435.02584855915114 433.3562933704334 1.0 433.3562933704334 1.0 1
112 nan 1.0 0.2 -1.0 1.0 435.96446586043595 435.965532420436 436.2029753404362 435.4759480504355 437.75967307183004 436.1011188604361 1.0 436.1011188604361 1.0 1
113 nan 0.25 0.2 -1.0 1.0 440.61480078044065 440.6158006804406 440.83007925044086 438.2009755204382 442.39288022384534 440.74845408044075 1.0 440.74845408044075 1.0 1
114 nan 0.25 0.2 -1.0 1.0 443.34746082044336 443.34842739044336 443.5975024804436 442.83727851044284 445.1640881700392 443.5132442404435 1.0 443.5132442404435 1.0 1
115 nan 0.0 0.2 1.0 -1.0 446.22600627044625 446.2270395004462 448.1743447504482 445.74138807044574 450.7478083884545 446.46894864044646 1.0 447.83487870044786 -1.0 3
116 nan 1.0 0.2 -1.0 1.0 452.35932621045237 452.36029278045237 452.6095345204526 451.20750807045124 454.17573117712885 452.5150773004525 1.0 452.5150773004525 1.0 1
117 nan 0.25 0.2 -1.0 1.0 455.2975323604553 455.2985655904553 455.54724072045553 454.63043241045466 457.10914035886805 455.46024942045545 1.0 455.46024942045545 1.0 1
118 nan 0.0625 0.2 -1.0 1.0 458.06405568045807 458.06518890045805 458.81334741045885 457.55983944045755 460.3753469877384 458.3147306104583 1.0 458.3147306104583 1.0 1
119 nan 0.125 0.2 -1.0 1.0 461.3143306204613 461.31516387046133 461.43455193046145 460.82844588046083 462.99758009558917 461.2576362904613 1.0 461.2576362904613 1.0 1
120 0.0 nan 0.2 1.0 1.0 464.0923861204641 464.0934526804641 464.2930660504643 463.4402846704634 465.8642973251416 464.04345768046403 -1.0 464.04345768046403 -1.0 1
121 nan 0.0 0.2 -1.0 1.0 466.8091477504668 466.8100809904668 467.1467806504672 466.31369730046634 468.7144837554652 467.009061090467 1.0 467.009061090467 1.0 1
122 nan 1.0 0.2 -1.0 1.0 469.92523611046994 469.9263693304699 470.1561130204702 469.16467884046915 471.7310075695961 470.0685551104701 1.0 470.0685551104701 1.0 1
123 0.0625 nan 0.8 1.0 1.0 473.30889771047333 473.3099642704733 473.77601766047377 472.1833102804722 475.3421158892855 473.5815037804736 -1.0 473.5815037804736 -1.0 1
124 0.25 nan 0.8 1.0 1.0 476.54734050047654 476.54827374047653 476.9075378104769 475.7983154104758 478.48053468146816 476.7317220604767 -1.0 476.7317220604767 -1.0 1
125 0.0 nan 0.8 -1.0 -1.0 479.82507936047983 479.82587928047985 539.8250793604798 478.9281357304789 482.49726544390666 479.7678184204798 1.0 481.989029610482 -1.0 2
126 0.125 nan 0.8 1.0 1.0 483.5748043504836 483.5758375804836 484.0997518504841 482.94886695048297 485.65837152736844 483.74498733048375 -1.0 483.92650251048394 -1.0 2
127 nan 0.0 0.8 -1.0 1.0 486.74738706048674 486.74845362048677 487.03975782048707 486.25047009048626 488.59709012636915 486.94570056048696 1.0 486.94570056048696 1.0 1
128 0.0625 nan 0.8 1.0 1.0 489.8253459004898 489.82641246048985 494.45991573049446 489.036091500489 496.03031188115705 490.38145695049036 -1.0 494.3148635704943 -1.0 2
129 0.0625 nan 0.8 1.0 1.0 496.975297500497 496.976297400497 498.9082041904989 496.50571113049654 500.47513507002395 498.6083675104986 -1.0 498.6083675104986 -1.0 1
130 0.25 nan 0.8 1.0 1.0 501.51397692050153 501.5148768305015 504.990329250505 500.92753557050094 506.5419617626227 504.77068455050477 -1.0 504.77068455050477 -1.0 1
131 1.0 nan 0.8 1.0 1.0 507.66379521050766 507.66479511050767 511.56567165051155 506.998661730507 513.1246715956985 507.993662220508 -1.0 511.4973784805115 -1.0 4
132 1.0 nan 0.8 1.0 1.0 514.1631118805142 514.1640451205142 514.5901691705146 513.5801701805136 516.1632961020475 514.3799568605144 -1.0 514.3799568605144 -1.0 1
133 1.0 nan 0.8 1.0 1.0 517.3749906605174 517.3759905605174 517.6528962005176 516.6306984305166 519.2135970400143 517.5414406805176 -1.0 517.5414406805176 -1.0 1
134 0.125 nan 0.8 -1.0 -1.0 520.4578490105205 520.4589489005205 520.8882726305209 519.6702944405197 523.4461055342182 520.7491865405208 1.0 520.7491865405208 1.0 1
135 nan 0.0625 0.8 1.0 -1.0 524.4245856305245 524.4255522005244 525.951866220526 523.9013046305239 528.5079314277458 525.7512862805257 -1.0 525.7512862805257 -1.0 1
136 0.25 nan 0.8 1.0 1.0 529.5131100605295 529.5141432905295 529.8694410905299 528.961731870529 531.4297398881985 529.7387541605298 -1.0 529.7387541605298 -1.0 1
137 1.0 nan 0.8 1.0 1.0 532.5080438705326 532.5091104305325 532.8118468205328 531.890039010532 534.3802609519636 532.6974582605327 -1.0 532.6974582605327 -1.0 1
138 0.125 nan 0.8 1.0 1.0 535.6078338605356 535.6087004405356 535.933068000536 534.987462570535 537.4967674216325 535.8105802505358 -1.0 535.8105802505358 -1.0 1
139 0.25 nan 0.8 1.0 1.0 539.5413071405395 539.5423070405395 540.01649295054 537.953465940538 541.5745901882176 539.7684177605398 -1.0 539.7684177605398 -1.0 1
140 0.25 nan 0.8 1.0 1.0 542.6292983105426 542.6302648805427 542.8923053405429 542.035591020542 544.4579030882371 542.5691043305426 -1.0 542.5691043305426 -1.0 1
141 1.0 nan 0.8 1.0 1.0 547.1298815405471 547.1308814405471 547.5252086705475 544.9156029905449 549.0910352178802 547.3351610105474 -1.0 547.4291182805474 -1.0 2
142 0.25 nan 0.8 1.0 1.0 552.7128898505528 552.7137897605527 553.2780333305533 549.5776367405496 554.845761886873 552.9012376805529 -1.0 552.9012376805529 -1.0 1
143 nan 0.125 0.8 -1.0 1.0 555.8575420205559 555.8584086005559 556.3017642605563 555.3245619905554 557.8631637031467 555.953032470556 -1.0 555.953032470556 -1.0 1
144 0.0 nan 0.8 1.0 1.0 560.1075503105601 560.1083502305601 560.2454698505602 558.3276616505583 561.8129670381089 560.1232820705601 -1.0 560.1232820705601 -1.0 1
145 nan 0.25 0.8 -1.0 1.0 563.8573086305638 563.8583085305638 564.4430833805644 562.2887655005622 566.0128777903365 564.1517791805642 1.0 564.1517791805642 1.0 1
146 0.25 nan 0.8 1.0 1.0 567.1740435905672 567.1749101705672 567.3594917105673 566.5051771505665 568.9243889519076 567.2201389805672 -1.0 567.2201389805672 -1.0 1
147 0.125 nan 0.8 1.0 1.0 571.4123530505714 571.4131863005714 571.8637079105719 569.3880888305694 573.4458324272455 571.4551821005715 -1.0 571.8026140205718 -1.0 2
148 0.125 nan 0.8 1.0 1.0 574.4234852405745 574.4244851405745 574.7914151105748 573.932934300574 576.3737435996856 574.6759599905747 -1.0 574.6759599905747 -1.0 1
149 0.0625 nan 0.8 1.0 1.0 578.7621180005788 578.7630845705787 579.0372571505791 576.8455430105769 580.6120541814471 578.9172358205789 -1.0 578.9172358205789 -1.0 1
150 0.0625 nan 0.8 1.0 1.0 583.5066768305835 583.5076767305835 584.3307610805844 581.0864522105811 585.9122711823575 583.6888252805837 -1.0 584.3217286505843 -1.0 2
151 1.0 nan 0.8 1.0 1.0 588.089985120588 588.0909516905881 588.2874987005883 586.5600714605865 589.8568936965132 588.1157158805881 -1.0 588.1157158805881 -1.0 1
152 0.125 nan 0.8 1.0 1.0 590.978729550591 590.979896100591 591.061287960591 590.3283945905903 592.6455141044906 590.936433780591 -1.0 590.936433780591 -1.0 1
153 1.0 nan 0.8 1.0 1.0 595.890005040596 595.891171590596 596.3015305505963 593.1173156705931 597.8788241872521 596.064420930596 -1.0 596.3013305705963 -1.0 2
154 0.0625 nan 0.8 1.0 1.0 599.5235749805995 599.5244748905995 599.7782161805998 598.3781228705984 601.3570434369499 599.4405832805994 -1.0 599.4405832805994 -1.0 1
155 0.25 nan 0.8 1.0 1.0 603.2623677306033 603.2634342906033 603.8855387406039 601.8293443806018 605.4622653669452 603.5090763906035 -1.0 603.8066133006038 -1.0 2
156 1.0 nan 0.8 1.0 1.0 606.4902115806065 606.4914114606065 607.032557340607 605.9470659006059 608.6119554109974 606.7005905406068 -1.0 606.7005905406068 -1.0 1
157 0.125 nan 0.8 1.0 1.0 609.6398965806096 609.6409964706096 609.8807724906098 609.0942511506091 611.461566991894 609.7623176706097 -1.0 609.7623176706097 -1.0 1
158 nan 0.0625 0.8 1.0 -1.0 613.6230982206137 613.6242981006136 613.8639074706139 611.928267720612 616.4396007286038 613.7357869506137 -1.0 613.7357869506137 -1.0 1
159 0.125 nan 0.8 1.0 1.0 618.2949976506183 618.2962641906183 618.898303980619 616.928500980617 620.4783291978997 618.5135424606185 1.0 618.5135424606185 1.0 1
160 1.0 nan 0.8 1.0 1.0 621.4566147906214 621.4574813706215 621.7803157506218 620.963430780621 623.3617414800295 621.6579279906217 -1.0 621.6579279906217 -1.0 1
161 nan 0.125 0.8 -1.0 1.0 624.4895114706245 624.4904447106245 624.8470423806249 623.8581412806238 626.4232398801787 624.7320538806248 1.0 624.7320538806248 1.0 1
162 0.125 nan 0.8 1.0 1.0 628.094884230628 628.0957174806281 632.2294707306322 626.8981372506269 633.8120626161598 631.6015668606316 -1.0 631.995427470632 -1.0 2
163 0.0 nan 0.8 1.0 1.0 635.006226360635 635.007292920635 637.3379931606373 634.3134623106343 638.9117995672583 637.1782091406371 -1.0 637.1782091406371 -1.0 1
164 0.125 nan 0.8 1.0 1.0 640.0895513106401 640.0905512106401 640.5330069606406 639.5761026606395 642.105904332162 640.4039198706404 -1.0 640.4039198706404 -1.0 1
165 0.25 nan 0.8 1.0 1.0 643.1946741006432 643.1954740206432 649.8915376806499 642.5797022706425 651.4776295137334 648.2532681906482 -1.0 649.8472087806499 -1.0 4
166 0.125 nan 0.8 1.0 1.0 652.5221412606526 652.5230078406526 656.9022698706569 651.979328880652 658.4723630827699 656.007059400656 -1.0 656.007059400656 -1.0 1
167 nan 0.125 0.8 -1.0 1.0 659.4779456106595 659.4789121806594 659.8163784306598 658.964763600659 661.3948729795306 659.7148219206597 1.0 659.7148219206597 1.0 1
168 0.25 nan 0.8 1.0 1.0 664.4891444406645 664.4905109706644 664.8057127806649 661.8760724406619 666.388702979572 664.6877579106647 -1.0 664.6877579106647 -1.0 1
169 0.0 nan 0.8 1.0 1.0 667.5611372106675 667.5621371106675 667.7929140306678 666.8917041606669 669.3775098355525 667.6904242806677 -1.0 667.6904242806677 -1.0 1
170 0.0 nan 0.8 1.0 1.0 670.4218844406704 670.4227510206704 670.8078125106708 669.8477085306698 672.377736364434 670.6559610306707 -1.0 670.6559610306707 -1.0 1
171 nan 0.125 0.8 1.0 -1.0 673.3892543406733 673.3903875606734 673.6470285606737 672.8719394106729 676.2058582315232 673.4709461706735 -1.0 673.4709461706735 -1.0 1
172 0.0625 nan 0.8 1.0 1.0 678.5604371706786 678.5613037506786 678.8123453106788 676.6903575306767 680.3773733559448 678.7213210806788 -1.0 678.7213210806788 -1.0 1
173 nan 0.125 0.8 -1.0 1.0 681.3552576606813 681.3562575606813 681.7929805506818 680.8666731906809 683.3552762320439 681.5725026006816 -1.0 681.5725026006816 -1.0 1
174 0.125 nan 0.8 1.0 1.0 685.6775920506857 685.6785252906857 686.1649766406862 683.8538744406839 687.7221016506238 685.9276337106859 -1.0 685.9276337106859 -1.0 1
175 1.0 nan 0.8 1.0 1.0 688.7441520306887 688.7451519306887 689.1260138406891 688.2346029906882 690.6884099138151 688.970296080689 -1.0 688.970296080689 -1.0 1
176 nan 0.0 0.8 1.0 -1.0 691.8104453706918 691.8114452706918 692.2637667006923 691.1753088906912 694.8218272187094 692.0055925206921 -1.0 692.0055925206921 -1.0 1
177 nan 1.0 0.8 -1.0 1.0 696.0435220206961 696.044388600696 696.3257271306964 695.3225274606954 697.8931354994221 696.2167713606963 1.0 696.2167713606963 1.0 1
178 1.0 nan 0.8 1.0 1.0 699.1881075306992 699.1890074406992 699.4030527006994 698.5790351106986 700.9607472338037 699.2744322306993 -1.0 699.2744322306993 -1.0 1
179 1.0 nan 0.8 1.0 1.0 701.9382991507019 701.939299050702 702.4023527407024 701.4564473407015 703.9607502876526 702.1175478907021 -1.0 702.1175478907021 -1.0 1
180 0.0 nan 0.8 1.0 1.0 705.0552874207051 705.056253990705 705.4259503507054 704.4448484707044 706.988374976208 705.2712658207053 -1.0 705.2712658207053 -1.0 1
181 0.0625 nan 0.8 1.0 1.0 709.1769085507092 709.1778751207091 709.4016860707094 707.4849777607075 710.9606814723633 709.1161812907092 -1.0 709.1161812907092 -1.0 1
182 0.0625 nan 0.8 1.0 1.0 712.1382457207121 712.1391456307122 712.2806981407123 711.4649797207114 713.8382930091277 712.0946500807121 -1.0 712.0946500807121 -1.0 1
183 0.0625 nan 0.8 1.0 1.0 718.6096318507186 718.6107317407186 718.921733970719 714.3284933407143 720.4929228012327 718.8011127007188 -1.0 718.8011127007188 -1.0 1
184 nan 1.0 0.8 -1.0 1.0 721.6543940107217 721.6553605807217 722.0780183107221 721.029323190721 723.6378449866764 721.6000327807216 -1.0 721.6000327807216 -1.0 1
185 1.0 nan 0.8 1.0 1.0 724.8436417207248 724.8446416207248 724.9659628207249 724.1272467007242 726.5267586538482 724.8247102807248 -1.0 724.8247102807248 -1.0 1
186 0.0625 nan 0.8 1.0 1.0 728.7382855507287 728.7392521207288 728.8721721607288 727.019057490727 730.4382673092563 728.7446849107288 -1.0 728.7446849107288 -1.0 1
187 0.0625 nan 0.8 -1.0 -1.0 731.4101516707315 731.4112182307314 732.0358890907321 730.9404653107309 734.5930832633725 731.6911569007317 1.0 731.6911569007317 1.0 1
188 0.25 nan 0.8 1.0 1.0 736.954497180737 736.955463750737 737.3076951907373 735.1029823507351 738.8711892846703 737.2013391607372 -1.0 737.2013391607372 -1.0 1
189 1.0 nan 0.8 1.0 1.0 739.8429083107399 739.8437748907398 740.3219937307404 739.3798879507394 741.8880178928832 740.1318794107401 -1.0 740.1318794107401 -1.0 1
190 nan 1.0 0.8 -1.0 1.0 742.893236580743 742.8943698007429 743.1609098107432 742.3788213607423 744.7210364183168 743.0627529607431 1.0 743.0627529607431 1.0 1
191 0.25 nan 0.8 1.0 1.0 745.8264765607458 745.8277097707459 745.999225950746 745.2201372007452 747.5547530690172 745.8301095307459 -1.0 745.8301095307459 -1.0 1
192 1.0 nan 0.8 1.0 1.0 748.5760349107486 748.5769681507486 748.7678490607487 748.0516540207481 750.3260476487688 748.5193405807486 -1.0 748.5193405807486 -1.0 1
193 nan 0.0 0.8 1.0 -1.0 752.6043653707526 752.6055652507526 752.7832141507528 750.8199438307508 755.3430620220286 752.5817676307526 -1.0 752.5817676307526 -1.0 1
194 nan 1.0 0.8 -1.0 1.0 756.5711353207565 756.5721685507566 756.8565734407568 755.9684622607559 758.4212949176788 756.7615162807567 1.0 756.7615162807567 1.0 1
195 0.125 nan 0.8 1.0 1.0 759.99275979076 759.99379302076 762.7815142207628 758.931199290759 764.337608523409 762.5941329607626 -1.0 762.5941329607626 -1.0 1
196 0.25 nan 0.8 1.0 1.0 765.4763113807655 765.4773779407655 766.7402183107667 764.8514072107648 768.2871141602426 766.1235466507661 -1.0 766.6266963307667 -1.0 2
197 1.0 nan 0.8 1.0 1.0 769.3758547207694 769.3769879407694 774.7049550907747 768.7942128907688 776.2543470153939 774.5149407607745 -1.0 774.5149407607745 -1.0 1
198 0.25 nan 0.8 1.0 1.0 777.2930629207773 777.2942294707773 781.1596762207812 776.7827472907768 782.7256983760482 780.970228500781 -1.0 780.970228500781 -1.0 1
199 0.0625 nan 0.8 1.0 1.0 783.8208434107838 783.8217766507838 785.951696970786 783.2481006907833 787.5093918159421 785.5473374107855 -1.0 785.5473374107855 -1.0 1
200 0.0625 nan 0.8 1.0 1.0 788.5205733907885 788.5213733107885 792.1249129207921 788.0364884707881 793.6921353024552 792.002925120792 -1.0 792.002925120792 -1.0 1
201 0.125 nan 0.8 1.0 1.0 794.7537500107948 794.7546165907947 799.4941425907995 794.2129374307942 801.0533689483593 799.0889497807991 -1.0 799.0889497807991 -1.0 1
202 1.0 nan 0.8 1.0 1.0 802.3086277808023 802.3095276908023 808.7830802708088 801.5720681108015 810.3422048029829 808.2642988208082 -1.0 808.6767909008087 -1.0 2
203 0.125 nan 0.8 -1.0 -1.0 811.4703448508114 811.4713780808115 814.0310220908141 810.8700048908108 816.5920138598337 813.8931358808139 1.0 813.8931358808139 1.0 1
204 0.125 nan 0.8 1.0 1.0 817.7695815308177 817.7706480908178 818.3331251708183 817.1265125108172 819.9029458813558 818.1555429308181 -1.0 818.1555429308181 -1.0 1
205 0.25 nan 0.8 1.0 1.0 821.0586859208211 821.0595858308211 821.4933424508215 820.4206497308204 823.0751665383178 821.3176600208213 -1.0 821.3176600208213 -1.0 1
206 1.0 nan 0.8 1.0 1.0 824.3199264308244 824.3208596708243 830.938597830831 823.5775673408236 832.5253865604826 830.5886994908305 -1.0 830.5886994908305 -1.0 1
207 1.0 nan 0.8 1.0 1.0 833.5531363508336 833.5540695908336 834.4026847208344 833.0607855908331 835.9699079680498 833.7795803708337 -1.0 833.7795803708337 -1.0 1
208 0.0625 nan 0.8 -1.0 -1.0 837.0583524608371 837.0593523608371 837.3490233908374 836.4871095908364 839.9251158022009 837.2245691708372 1.0 837.2245691708372 1.0 1
209 nan 0.25 0.2 -1.0 1.0 841.1194463108411 841.1203128908411 841.3905192008414 840.4383144308405 842.9698218298912 841.2971618708413 1.0 841.2971618708413 1.0 1
210 nan 0.25 0.2 -1.0 1.0 844.3247257508443 844.3255923308443 844.6508264708447 843.7017213908437 846.2194485479466 844.2868295408443 1.0 844.4492133008445 -1.0 2
211 nan 0.0625 0.2 -1.0 1.0 847.2582323708473 847.2592322708473 847.6663582208477 846.7429505708468 849.2415489022279 847.5374377808475 1.0 847.5374377808475 1.0 1
212 nan 0.0 0.2 -1.0 1.0 851.0697511808511 851.0708177408511 851.3444570408514 849.7873461008498 852.9193785643164 851.2266354908512 1.0 851.2266354908512 1.0 1
213 nan 0.125 0.2 -1.0 1.0 854.0914489808541 854.0924488808541 854.1789735608542 853.4430804908535 855.7581967764411 854.016289830854 1.0 854.016289830854 1.0 1
214 nan 0.25 0.2 -1.0 1.0 857.2859961608573 857.2870627208573 857.5298051108575 856.2799967708563 859.1026973552106 857.4063507908575 1.0 857.4063507908575 1.0 1
215 nan 0.125 0.2 -1.0 1.0 860.1414439208602 860.1423771608602 860.4270153608604 859.6297950908596 862.0029063803804 860.3268587108603 1.0 860.3268587108603 1.0 1
216 nan 0.0625 0.2 -1.0 1.0 863.0745839108631 863.0756504708631 863.3294250908633 862.5165063908626 864.9027151223527 863.2256021408632 1.0 863.2256021408632 1.0 1
217 0.125 nan 0.2 1.0 1.0 866.5580355308666 866.5589354408665 866.970427620867 865.4339146208655 868.5358480909251 866.6824897508667 1.0 866.6824897508667 1.0 1
218 nan 1.0 0.2 -1.0 1.0 869.5911988508695 869.5922320808696 869.8356410708699 869.0651514608691 871.4026657130132 869.7392507108698 1.0 869.7392507108698 1.0 1
219 nan 0.0 0.2 -1.0 1.0 872.4580788008725 872.4592120208724 872.7374508608727 871.9154664008719 874.3244738624395 872.5847328008726 1.0 872.5847328008726 1.0 1
220 0.0625 nan 0.2 -1.0 -1.0 876.035321040876 876.0361542908761 876.4194826208765 874.8486730508748 878.9913735647078 876.2301682208763 1.0 876.2301682208763 1.0 1
221 nan 0.0625 0.2 1.0 -1.0 881.3518893308814 881.3527225808814 881.972393940882 879.5316713708795 884.5524120180145 881.5832328608816 1.0 881.7598152008818 -1.0 2
222 nan 0.125 0.2 -1.0 1.0 885.7073204108857 885.7083536408857 885.940197120886 885.1023142508851 887.5184201965462 885.8556055808858 1.0 885.8556055808858 1.0 1
223 nan 0.0625 0.2 -1.0 1.0 889.6741903508897 889.6752902408897 894.966161100895 888.053819070888 896.5408481153447 889.9078003208899 1.0 894.8644046108949 1.0 2
224 0.125 nan 0.2 1.0 1.0 897.6682575308977 897.6691574408977 898.2900620108983 897.0980478908971 899.868880423084 898.052085810898 -1.0 898.052085810898 -1.0 1
225 nan 0.125 0.2 -1.0 1.0 900.8908019109009 900.8918351409009 901.4010842109014 900.4004842809004 902.973877938638 901.2996276909013 1.0 901.2996276909013 1.0 1
226 nan 0.125 0.2 -1.0 1.0 904.0521524109041 904.0530856509041 904.3011941709043 903.5006742309035 905.8686916694617 904.2178358409042 1.0 904.2178358409042 1.0 1
227 nan 0.125 0.2 -1.0 1.0 907.1571085509072 907.1580417909072 907.5210054909076 906.6296946309067 909.1071960047989 907.3951180809074 1.0 907.3951180809074 1.0 1
228 nan 0.125 0.2 -1.0 1.0 910.1186790309101 910.1196456009101 910.3768198809104 909.6369938709097 911.9515084133899 910.2557986509103 1.0 910.2557986509103 1.0 1
229 1.0 nan 0.2 1.0 1.0 914.1234785109141 914.1246117309141 914.4146160609145 912.4825092909125 915.9899372081727 914.3159925909143 -1.0 914.3159925909143 -1.0 1
230 nan 0.25 0.2 -1.0 1.0 917.1848723409172 917.1859055709172 917.4702438009175 916.5280380309165 919.0571353147607 917.3912850309174 1.0 917.3912850309174 1.0 1
231 nan 0.25 0.2 -1.0 1.0 920.5019072709205 920.5028405109205 920.7929448309208 919.5847323309196 922.3683633288724 920.7014206509207 1.0 920.7014206509207 1.0 1
232 nan 0.125 0.2 -1.0 1.0 923.5906983609236 923.5917982509236 923.8259748309239 922.905166920923 925.4018659763717 923.7348172809237 1.0 923.7348172809237 1.0 1
233 nan 0.25 0.2 -1.0 1.0 927.5734667109276 927.5744332809276 927.8122761609278 925.940663340926 929.3843955744751 927.7328174409278 1.0 927.7328174409278 1.0 1
234 0.25 nan 0.8 -1.0 -1.0 930.5069733309305 930.5080398909305 930.7467160209308 929.92389831093 933.3231053653165 930.6408932709306 1.0 930.6408932709306 1.0 1
235 nan 0.0625 0.8 -1.0 1.0 934.5012405309345 934.5023070909346 934.8165090009348 933.8649041709339 936.3850295812684 934.6618578009346 1.0 934.6618578009346 1.0 1
236 0.0 nan 0.8 1.0 1.0 937.4900082909375 937.4909415309374 948.5578680609485 936.9146325009369 950.1397852661166 939.5736332409396 -1.0 948.3378900609483 -1.0 4
237 nan 0.125 0.8 -1.0 1.0 951.2180353509513 951.2190685809512 951.5018736309515 950.7167854809508 953.0734962490156 951.4120159509514 1.0 951.4120159509514 1.0 1
238 nan 0.0625 0.8 -1.0 1.0 954.2842620309543 954.2850286209543 957.1142123409571 953.6088962409536 958.6899022356988 957.021988230957 1.0 957.021988230957 1.0 1
239 0.0625 nan 0.8 -1.0 -1.0 959.7845119509598 959.7856451709598 964.3058931009643 959.2308006609593 966.8897440113433 959.95986108096 1.0 964.2472656309643 1.0 2
240 1.0 nan 0.8 1.0 1.0 968.034120240968 968.0351868009681 968.3395563609683 967.4527450509675 969.9175464280692 968.2243012209682 -1.0 968.2243012209682 -1.0 1
241 0.25 nan 0.8 1.0 1.0 971.0729163309711 971.073816240971 971.4732762909715 970.4600442909705 973.0507623198481 971.1312438309711 -1.0 971.3441892009713 -1.0 2
242 nan 0.125 0.8 -1.0 1.0 974.1559080009741 974.1567745809741 974.5843651509746 973.5988637109737 976.1560858514457 974.4933075909745 1.0 974.4933075909745 1.0 1
243 0.0 nan 0.8 -1.0 -1.0 977.2340668209772 977.2350667209772 985.1742727209852 976.6997869209767 987.7507248475929 985.025020980985 1.0 985.025020980985 1.0 1
244 0.0625 nan 0.8 -1.0 -1.0 988.8394728309888 988.8405727209888 989.047885320989 988.3208247009883 991.6167401851629 988.8343400109889 1.0 988.8343400109889 1.0 1
245 0.0 nan 0.8 -1.0 -1.0 992.9052995409929 992.9061661209929 995.6807886309957 992.1632404209922 998.2550801826536 995.5477019409956 1.0 995.5477019409956 1.0 1
246 0.25 nan 0.8 1.0 1.0 999.5503016409996 999.5514015309996 1000.1365763410001 999.0678832209991 1001.7051959507127 999.982725061 -1.0 999.982725061 -1.0 1
247 0.0625 nan 0.8 -1.0 -1.0 1003.000289941003 1003.001356501003 1007.982958291008 1002.2705962510023 1010.5504133339823 1004.6938539010047 -1.0 1007.8792686610079 1.0 3
248 0.25 nan 0.8 1.0 1.0 1013.7889443010138 1013.7898775410138 1019.006955781019 1011.1087123510111 1020.5889700039902 1018.4932071610185 -1.0 1018.4932071610185 -1.0 1
249 1.0 nan 0.8 1.0 1.0 1021.6831881310217 1021.6841213710217 1022.023387441022 1021.1829714910212 1023.6003760976504 1021.8868011010219 -1.0 1021.8868011010219 -1.0 1
250 nan 0.0625 0.8 -1.0 1.0 1024.888600891025 1024.8897341110248 1025.3465884210254 1024.150674691024 1026.921805900098 1025.1694728010252 1.0 1025.1694728010252 1.0 1
251 0.125 nan 0.8 1.0 1.0 1028.1333097210281 1028.1343429510282 1028.8517045410288 1027.4674096510275 1030.421925053781 1028.6156948110286 -1.0 1028.6156948110286 -1.0 1
252 nan 0.0625 0.8 -1.0 1.0 1033.049451391033 1033.0502846410332 1033.4821081210334 1030.974625561031 1035.0552283144957 1033.3207909210332 1.0 1033.3207909210332 1.0 1
253 0.0625 nan 0.8 1.0 1.0 1036.149374701036 1036.1502412810362 1038.066549631038 1035.6322264210357 1039.616441965637 1037.7602469310377 -1.0 1037.7602469310377 -1.0 1
254 0.25 nan 0.8 1.0 1.0 1040.7884440810408 1040.7895106410408 1041.2530642810414 1040.1670395610402 1042.8053521834197 1041.080648191041 -1.0 1041.080648191041 -1.0 1
255 nan 0.25 0.8 -1.0 1.0 1044.016354591044 1044.017121181044 1044.3008594710443 1043.3710524610433 1045.8551789508085 1044.1932035710443 1.0 1044.1932035710443 1.0 1
256 0.125 nan 0.8 1.0 1.0 1046.899332931047 1046.900432821047 1047.4482780310475 1046.4049823710463 1049.0045992989665 1047.3254569810474 -1.0 1047.3254569810474 -1.0 1
257 0.25 nan 0.8 -1.0 -1.0 1050.1830711910502 1050.1840377610501 1050.3650529910503 1049.5570004710496 1052.9162081941504 1050.2749286710502 1.0 1050.2749286710502 1.0 1
258 0.25 nan 0.8 -1.0 -1.0 1054.070915701054 1054.071982261054 1058.3322561910584 1053.4896071710534 1060.8880426078067 1058.1707723410582 1.0 1058.1707723410582 1.0 1
259 nan 0.125 0.8 -1.0 1.0 1061.982524461062 1061.983557691062 1062.998856151063 1061.4618432010616 1064.5548457250013 1062.8500377010628 1.0 1062.8500377010628 1.0 1
260 1.0 nan 0.8 1.0 1.0 1065.6161277310657 1065.6171609610656 1066.077848221066 1065.121943821065 1067.6326671610946 1065.8122414510658 -1.0 1065.8122414510658 -1.0 1
261 0.125 nan 0.8 1.0 1.0 1068.7046188510687 1068.7054521010687 1074.067882471074 1068.193869931068 1075.6161015061405 1073.9027656510739 -1.0 1073.9027656510739 -1.0 1
262 0.25 nan 0.8 1.0 1.0 1076.9043654610768 1076.905332031077 1077.3377887810773 1076.2071018610761 1078.9209084817962 1077.1961696110773 -1.0 1077.1961696110773 -1.0 1
263 0.125 nan 0.8 1.0 1.0 1079.98225764108 1079.98329087108 1081.1898035410811 1079.4843074410794 1082.765822590984 1081.005455311081 -1.0 1081.005455311081 -1.0 1
264 nan 0.0 0.8 -1.0 1.0 1083.8211070510838 1083.8219069710838 1084.1951363110843 1083.3298228510832 1085.7711515072535 1084.007388421084 1.0 1084.007388421084 1.0 1
265 1.0 nan 0.8 1.0 1.0 1086.8659025410868 1086.8668691110868 1087.2192338710872 1086.3347556610863 1088.7990616620468 1087.030652731087 -1.0 1087.030652731087 -1.0 1
266 0.25 nan 0.8 1.0 1.0 1090.2207003610902 1090.2215002810901 1090.4262464710905 1089.6276596710895 1091.9990666511976 1090.2589298710902 -1.0 1090.2589298710902 -1.0 1
267 0.0 nan 0.8 1.0 1.0 1093.0709153110931 1093.071781891093 1093.3163574310934 1092.5656658410926 1094.8819775604072 1093.132775791093 -1.0 1093.132775791093 -1.0 1
268 0.125 nan 0.8 1.0 1.0 1096.004055301096 1096.005088531096 1096.3182905410963 1095.4445779210955 1097.887578988097 1096.1813375710963 -1.0 1096.1813375710963 -1.0 1
269 nan 0.125 0.8 -1.0 1.0 1098.932129131099 1098.933062371099 1099.2988924510994 1098.4557767710985 1100.8702073893567 1099.1928363910993 1.0 1099.1928363910993 1.0 1
270 0.0625 nan 0.8 1.0 1.0 1102.0819807811022 1102.083014011102 1102.7241165611028 1101.4356120911013 1104.3042057189173 1102.2952927811023 1.0 1102.2952927811023 1.0 1
271 nan 0.0625 0.8 1.0 -1.0 1105.4483441111054 1105.4493106811055 1110.978891001111 1104.868802071105 1113.5539399151935 1105.970058601106 -1.0 1110.889633261111 -1.0 2
272 1.0 nan 0.8 1.0 1.0 1114.8655356311149 1114.8665022011148 1116.8376717311169 1114.151440381114 1118.414984900082 1116.6171937811166 -1.0 1116.6171937811166 -1.0 1
273 0.25 nan 0.8 1.0 1.0 1119.6532568111197 1119.6541567211198 1120.6645890011207 1119.0006887411191 1122.2316068193118 1120.4634757811205 -1.0 1120.4634757811205 -1.0 1
274 1.0 nan 0.8 1.0 1.0 1123.4201800811234 1123.4210133311235 1123.7095844711237 1122.8107077011227 1125.2818073370904 1123.5798307811235 -1.0 1123.5798307811235 -1.0 1
275 1.0 nan 0.8 1.0 1.0 1126.3370217011263 1126.3379882711263 1126.7377149611268 1125.851803561126 1128.3203281034555 1126.5916629011267 -1.0 1126.5916629011267 -1.0 1
276 nan 0.125 0.8 -1.0 1.0 1129.4813739011295 1129.4822738111295 1129.97792424113 1128.905931451129 1131.5539417092407 1129.80197517113 1.0 1129.80197517113 1.0 1
277 0.25 nan 0.8 1.0 1.0 1132.898198851133 1132.8992320811328 1133.085946741133 1132.138141531132 1134.6480369715896 1132.871068231133 -1.0 1132.871068231133 -1.0 1
278 0.25 nan 0.8 1.0 1.0 1135.836904951136 1135.837838191136 1136.1114441611362 1135.2183334811352 1137.6818582950802 1136.021253181136 -1.0 1136.021253181136 -1.0 1
279 1.0 nan 0.8 1.0 1.0 1139.036884921139 1139.037784831139 1139.2402645811392 1138.2688617311383 1140.8205802371192 1139.088179791139 -1.0 1139.088179791139 -1.0 1
280 0.0625 nan 0.8 1.0 1.0 1141.914430471142 1141.9154303711418 1142.3022583511424 1141.3993819811415 1143.8649807846475 1142.148473731142 -1.0 1142.148473731142 -1.0 1
281 1.0 nan 0.8 1.0 1.0 1146.5697315611467 1146.5706981311466 1146.8318053511468 1144.4384780411444 1148.3977906356663 1146.7308154511468 -1.0 1146.7308154511468 -1.0 1
282 0.125 nan 0.8 1.0 1.0 1149.5699981711496 1149.5709647411495 1150.2537964511503 1148.994289081149 1151.8314118248393 1149.92676249115 -1.0 1150.1681716811502 -1.0 2
283 1.0 nan 0.8 1.0 1.0 1156.3529531411564 1156.3538863811564 1156.8906327011568 1152.4108140611525 1158.4700469303364 1156.5806637011565 -1.0 1156.859569141157 -1.0 2
284 1.0 nan 0.8 1.0 1.0 1159.6642553111596 1159.6651552211597 1160.1487401911602 1159.070847991159 1161.7143606680286 1159.91969643116 -1.0 1159.91969643116 -1.0 1
285 0.125 nan 0.8 1.0 1.0 1162.8192731111628 1162.8201063611627 1163.007354301163 1162.2861597611623 1164.5811729155503 1162.8047412311628 -1.0 1162.8047412311628 -1.0 1
286 0.25 nan 0.8 1.0 1.0 1165.7365146911657 1165.7377479011657 1166.0866796711662 1165.158772471165 1167.664671176857 1165.956426031166 -1.0 1165.956426031166 -1.0 1
287 1.0 nan 0.8 1.0 1.0 1169.86963467117 1169.87070123117 1170.3347881511704 1168.5361680311685 1171.8978021885084 1170.1422074111701 -1.0 1170.1422074111701 -1.0 1
288 0.0625 nan 0.8 1.0 1.0 1173.953159611174 1173.953959531174 1174.4286120611744 1172.4908058611725 1175.99712769736 1174.3079241311743 -1.0 1174.3079241311743 -1.0 1
289 0.0625 nan 0.8 1.0 1.0 1177.1528396111771 1177.1539061711771 1177.7411141111777 1176.5917290611767 1179.3195329483328 1177.4307451511775 -1.0 1177.4307451511775 -1.0 1
290 0.125 nan 0.8 1.0 1.0 1180.4306451311804 1180.4315450411805 1181.067848071181 1179.90183135118 1182.6359345623841 1180.6890859511807 -1.0 1180.936961161181 -1.0 2
291 0.25 nan 0.8 1.0 1.0 1183.980523441184 1183.981490011184 1184.2332648311842 1183.2201328211831 1185.8027476134298 1184.1180430211841 -1.0 1184.1180430211841 -1.0 1
292 0.0625 nan 0.8 1.0 1.0 1186.963691761187 1186.964791651187 1187.3433537911874 1186.3958485511864 1188.9190678200985 1187.2084672811873 -1.0 1187.2084672811873 -1.0 1
293 nan 1.0 0.8 -1.0 1.0 1190.0141200211901 1190.0150532611901 1190.3510863211905 1189.5153699011896 1191.9136735514737 1190.2145333111903 1.0 1190.2145333111903 1.0 1
294 0.125 nan 0.8 1.0 1.0 1194.036451081194 1194.037350991194 1194.3190894811944 1192.4945719511925 1195.880604094758 1194.1900357211941 -1.0 1194.1900357211941 -1.0 1
295 nan 0.125 0.8 -1.0 1.0 1197.069381091197 1197.070314331197 1197.3870159911974 1196.4733073711966 1198.969202265687 1197.2576955911973 1.0 1197.2576955911973 1.0 1
296 0.125 nan 0.8 1.0 1.0 1201.1969016312012 1201.1979015312013 1201.4753071212015 1199.5608985811996 1203.0472222365265 1201.1580055212012 -1.0 1201.2513961812012 -1.0 2
297 1.0 nan 0.8 1.0 1.0 1204.152672691204 1204.1535392712042 1204.914429841205 1203.6404239212036 1206.4803454239586 1204.3745171712044 -1.0 1204.3745171712044 -1.0 1
298 0.125 nan 0.8 1.0 1.0 1207.7520793812077 1207.7531459412078 1208.2050340812082 1207.0711474812072 1209.7804533896683 1208.013586561208 -1.0 1208.013586561208 -1.0 1
299 nan 0.25 0.8 -1.0 1.0 1211.035151041211 1211.036117611211 1211.5944617712116 1210.3687510212103 1213.1691759797989 1211.043750181211 -1.0 1211.043750181211 -1.0 1
300 nan 0.25 0.8 -1.0 1.0 1214.3801165112143 1214.3810497512145 1214.6957849412147 1213.7572788012137 1216.2687719094429 1214.5789299612145 1.0 1214.5789299612145 1.0 1
301 1.0 nan 0.8 1.0 1.0 1217.5466998212175 1217.5476663912175 1217.8231055112178 1216.8670677912169 1219.4024863125344 1217.7130831812178 -1.0 1217.7130831812178 -1.0 1
302 0.0 nan 0.8 1.0 1.0 1220.5636647612205 1220.5646313312207 1221.1645046712213 1219.99618818122 1222.7349185140308 1221.033751081221 -1.0 1221.033751081221 -1.0 1
303 nan 0.0 0.8 1.0 -1.0 1223.8631347812238 1223.8642346712238 1224.4255785312243 1223.3298214512233 1226.9964292536285 1224.3060904812244 -1.0 1224.3060904812244 -1.0 1
304 0.0625 nan 0.8 1.0 1.0 1228.1351742012282 1228.136174101228 1228.4379439212285 1227.5952282012277 1230.0189276350702 1228.154005651228 -1.0 1228.154005651228 -1.0 1
305 1.0 nan 0.8 1.0 1.0 1231.1133430212312 1231.1144762412312 1231.5097367112314 1230.6270249912307 1233.0801487894607 1231.3677842412314 -1.0 1231.3677842412314 -1.0 1
306 0.25 nan 0.8 1.0 1.0 1234.2352974612343 1234.2364306812342 1234.5609648912346 1233.6880521912337 1236.1302766156218 1234.4372772612344 -1.0 1234.4372772612344 -1.0 1
307 1.0 nan 0.8 1.0 1.0 1238.6683541112386 1238.6693540112387 1238.7964746312389 1236.7407802212367 1240.3679911854492 1238.6658210312387 -1.0 1238.6658210312387 -1.0 1
308 nan 0.125 0.8 1.0 -1.0 1241.5293679812416 1241.5303345512416 1242.1449730812421 1240.969190671241 1244.7187908027295 1241.8788330312418 -1.0 1241.8788330312418 -1.0 1
309 1.0 nan 0.8 1.0 1.0 1247.3294212512474 1247.3306211312474 1247.5916283612476 1245.3237885012454 1249.1686085441384 1247.4872054712475 -1.0 1247.4872054712475 -1.0 1
310 nan 0.25 0.8 -1.0 1.0 1250.6294578812506 1250.6305577712506 1250.9630245212509 1250.09921091125 1252.52973828689 1250.8388369412507 1.0 1250.8388369412507 1.0 1
311 0.125 nan 0.8 1.0 1.0 1253.6015273112537 1253.6025272112536 1254.4685406012545 1253.1284412912532 1256.02985689205 1254.058414951254 -1.0 1254.3609180312544 -1.0 2
312 nan 0.25 0.8 -1.0 1.0 1257.3016572612573 1257.3027571512573 1257.5674640112575 1256.6421565512567 1259.1298504557572 1257.4597081212576 1.0 1257.4597081212576 1.0 1
313 nan 0.0625 0.8 1.0 -1.0 1260.3514855812605 1260.3524188212605 1262.3210219412624 1259.7427464612597 1264.9016982717228 1260.6425231412607 1.0 1262.1409732812622 -1.0 3
314 1.0 nan 0.8 1.0 1.0 1266.0961110612661 1266.0973442712661 1266.6158924112667 1265.5179022212656 1268.1849091518604 1266.2973576012664 -1.0 1266.4541752512664 -1.0 2
315 0.25 nan 0.8 1.0 1.0 1269.5461993512695 1269.5473325712696 1270.0484157912701 1268.790408271269 1271.6123295625328 1269.8660673612699 -1.0 1269.8660673612699 -1.0 1
316 0.0625 nan 0.8 1.0 1.0 1272.817405531273 1272.8185387512729 1274.136040321274 1272.2221317312722 1275.7127241155495 1273.8780327912739 -1.0 1273.8780327912739 -1.0 1
317 0.0625 nan 0.8 1.0 1.0 1276.8672338412769 1276.868233741277 1278.8358369612788 1276.3350204012763 1280.4178494275316 1278.6571548312786 -1.0 1278.6571548312786 -1.0 1
318 0.0 nan 0.8 1.0 1.0 1281.7794092412819 1281.7804091412818 1283.5912613712835 1281.034950361281 1285.1621731637845 1283.4308107512834 -1.0 1283.4308107512834 -1.0 1
319 0.125 nan 0.8 1.0 1.0 1286.4344103612864 1286.4353436012864 1287.2897914812872 1285.7945743512857 1288.8679745263469 1287.1268077812872 -1.0 1287.1268077812872 -1.0 1
320 0.0625 nan 0.8 1.0 1.0 1289.96239086129 1289.96329077129 1290.6972840312908 1289.4827721612894 1292.2621951217598 1290.4285442412904 -1.0 1290.4285442412904 -1.0 1
321 0.25 nan 0.8 1.0 1.0 1293.5171353512935 1293.5182685712934 1294.1703033612941 1292.891997871293 1295.750414181726 1294.035216871294 -1.0 1294.035216871294 -1.0 1
322 0.0 nan 0.8 1.0 1.0 1296.8625341112968 1296.863534011297 1297.2404296512973 1296.3835153512964 1298.8124413241744 1297.1399730312971 -1.0 1297.1399730312971 -1.0 1
323 1.0 nan 0.8 1.0 1.0 1300.0673802613 1300.0684801513 1300.5332336713006 1299.4285441512995 1302.1004501214873 1300.3485854713003 -1.0 1300.3485854713003 -1.0 1
324 0.25 nan 0.8 1.0 1.0 1303.4789390713036 1303.4797723213035 1303.7262476713038 1302.7127490313028 1305.3006606131453 1303.5753960913037 -1.0 1303.5753960913037 -1.0 1
325 0.0625 nan 0.8 1.0 1.0 1306.5119690713066 1306.5130689613065 1307.0709465013072 1305.926760931306 1308.6451635280052 1306.838369761307 -1.0 1306.838369761307 -1.0 1
326 0.0 nan 0.8 1.0 1.0 1309.7344801213098 1309.7353467013097 1310.1124756513102 1309.2524616613093 1311.6786863385516 1309.9253610313099 -1.0 1309.9253610313099 -1.0 1
327 0.125 nan 0.8 1.0 1.0 1312.8842317813128 1312.885331671313 1313.2238978113132 1312.3005901513122 1314.8008087244116 1313.0976771013131 -1.0 1313.0976771013131 -1.0 1
328 1.0 nan 0.8 1.0 1.0 1316.0953439713162 1316.0962772113162 1316.6689866013166 1315.4264108713155 1318.2340054334734 1316.3707164313164 -1.0 1316.3707164313164 -1.0 1
329 1.0 nan 0.8 1.0 1.0 1319.3786822713193 1319.3795488513194 1319.5169017813196 1318.850101801319 1321.0839149339781 1319.3339200813193 -1.0 1319.3339200813193 -1.0 1
330 nan 0.125 0.2 -1.0 1.0 1322.3447189713224 1322.3458521913224 1322.7054162313227 1321.7074160413217 1324.2789274048891 1322.5932607813227 1.0 1322.5932607813227 1.0 1
331 nan 0.0 0.2 1.0 -1.0 1326.3833484013264 1326.3844482913264 1326.6801187213266 1324.923327751325 1329.2505602764584 1326.5610972913266 -1.0 1326.5610972913266 -1.0 1
332 nan 0.25 0.2 -1.0 1.0 1330.6950505213308 1330.6960837513307 1331.045848771331 1329.90476289133 1332.6117641138776 1330.918028221331 1.0 1330.918028221331 1.0 1
333 nan 0.0625 0.2 -1.0 1.0 1333.8339032713338 1333.8350364913338 1334.7049828213346 1333.2473619313332 1336.295091049312 1334.3330200213343 -1.0 1334.5951938013345 1.0 2
334 nan 0.125 0.2 -1.0 1.0 1337.5503982513376 1337.5512981613376 1338.0952770913382 1336.920194611337 1339.6832887112405 1337.981588461338 1.0 1337.981588461338 1.0 1
335 nan 0.25 0.2 -1.0 1.0 1340.961690421341 1340.962590331341 1341.2406958513413 1340.3512848013404 1342.8332042303628 1341.1477051513411 1.0 1341.1477051513411 1.0 1
336 nan 1.0 0.2 -1.0 1.0 1344.1115754013442 1344.1125419713442 1344.3740158213443 1343.4656066713435 1345.9668244853767 1344.2726592913443 1.0 1344.2726592913443 1.0 1
337 nan 1.0 0.2 -1.0 1.0 1348.6444220713486 1348.6454886313486 1348.8585339913488 1346.6004264913465 1350.450244527895 1348.7770088113489 1.0 1348.7770088113489 1.0 1
338 nan 0.0625 0.2 -1.0 1.0 1351.7778420313518 1351.7787752713518 1353.4472417413535 1351.080045151351 1355.0329542484521 1352.1570374413523 -1.0 1353.3612503413533 1.0 2
339 nan 0.125 0.2 -1.0 1.0 1356.3781152913564 1356.3790485313564 1357.9275603313579 1355.6639533813557 1359.5115710869081 1357.033183111357 1.0 1357.8143716513578 1.0 2
340 0.125 nan 0.2 1.0 1.0 1360.7496447613607 1360.7506446613609 1364.3656164613644 1360.14717168136 1365.9502228085935 1364.065146511364 -1.0 1364.065146511364 -1.0 1
341 nan 0.25 0.2 -1.0 1.0 1367.2109985613672 1367.2118984713672 1367.8220041213679 1366.6002263113667 1369.4167199807634 1367.6584538113677 1.0 1367.6584538113677 1.0 1
342 0.125 nan 0.2 1.0 1.0 1370.7447451513708 1370.7458450413708 1372.983921211373 1370.04741489137 1374.5607338478944 1372.5301332613726 1.0 1372.6499212813726 -1.0 2
343 nan 0.0625 0.2 -1.0 1.0 1375.9497579313759 1375.950757831376 1376.7149480713767 1375.198133101375 1378.2994570987248 1376.6222906713767 1.0 1376.6222906713767 1.0 1
344 nan 1.0 0.2 -1.0 1.0 1379.4438751513794 1379.4447417313795 1379.8275701113798 1378.932859591379 1381.4105786507605 1379.6892839413797 1.0 1379.6892839413797 1.0 1
345 nan 0.0 0.2 -1.0 1.0 1382.6495878813826 1382.6506877713828 1383.032982871383 1382.051181061382 1384.6159945461513 1382.839135591383 1.0 1382.839135591383 1.0 1
346 nan 0.125 0.2 -1.0 1.0 1385.7444783613857 1385.7453116113857 1386.0948766513861 1385.2532941513853 1387.6776907850785 1385.973955411386 1.0 1385.973955411386 1.0 1
347 nan 0.0 0.2 -1.0 1.0 1389.5657961913896 1389.5669294113895 1389.95722371139 1388.3208873613883 1391.5439019657385 1389.7224471913898 1.0 1389.7224471913898 1.0 1
348 0.125 nan 0.2 1.0 1.0 1392.8161377913927 1392.8172043513928 1394.4955365013946 1392.1815012613922 1396.0825414703977 1394.2209306313941 -1.0 1394.2209306313941 -1.0 1
349 0.0625 nan 0.2 1.0 1.0 1397.2771249813973 1397.2781248813974 1421.4966361214215 1396.7350458613967 1423.076938620716 1415.8155709514158 -1.0 1420.986787111421 1.0 2
350 nan 0.125 0.2 -1.0 1.0 1424.3486175614244 1424.3494508114243 1424.7182472614247 1423.7998391114238 1426.2932553876853 1424.5976926514247 1.0 1424.5976926514247 1.0 1
351 nan 0.125 0.2 -1.0 1.0 1427.4822708314275 1427.4834040514274 1427.897862601428 1426.952357161427 1429.4820726902738 1427.7161807714278 1.0 1427.7161807714278 1.0 1
352 nan 1.0 0.2 -1.0 1.0 1430.6262897314307 1430.6273562914307 1430.9439912914308 1430.11617408143 1432.5151995586054 1430.841034921431 1.0 1430.841034921431 1.0 1
353 nan 0.125 0.2 -1.0 1.0 1433.7103146314337 1433.7113145314338 1439.2733249414393 1433.152103791433 1440.8437344609426 1439.1348721214392 1.0 1439.1348721214392 1.0 1
354 nan 0.0 0.2 -1.0 1.0 1442.065279051442 1442.066212291442 1444.5921263414446 1441.5065349314416 1446.159739211224 1444.3902465314445 1.0 1444.3902465314445 1.0 1
355 nan 0.25 0.2 -1.0 1.0 1447.3148873714474 1447.3157539514473 1447.7179470614478 1446.813337531447 1449.2816558594147 1447.5948260414475 1.0 1447.5948260414475 1.0 1
356 nan 1.0 0.2 -1.0 1.0 1450.5431645114506 1450.5440644214505 1450.8383683214508 1449.93955821145 1452.409876561073 1450.7251463114508 1.0 1450.7251463114508 1.0 1
357 nan 0.25 0.2 -1.0 1.0 1453.5648623114537 1453.5656622314536 1457.1190068614571 1453.065678901453 1458.698684113007 1456.917960301457 1.0 1456.917960301457 1.0 1
358 nan 0.125 0.2 -1.0 1.0 1460.07591114146 1460.07691104146 1460.3716149014604 1459.3624824914593 1461.9432186271836 1460.2077979514602 1.0 1460.2077979514602 1.0 1
359 0.25 nan 0.2 0.0 -1.0 1463.3483172014633 1463.3492171114633 1523.3504163915234 1462.6005253214626 1525.849677450402 nan 0.0 nan 0.0 0
360 0.0625 nan 0.2 -1.0 -1.0 1526.797438321527 1527.1983648915273 1566.8324677515668 1526.7248789115267 1569.3964646361114 1539.9525560115399 1.0 1566.6659844015667 1.0 4
361 1.0 nan 0.2 0.0 -1.0 1570.7411101815708 1570.7420767515707 1630.7436093316308 1570.1827660215702 1633.2425352582613 1574.8523656815748 1.0 1610.0833755616102 -1.0 4
362 nan 1.0 0.2 -1.0 1.0 1634.206396351634 1634.7795390316348 1635.4461390316355 1634.1329370316341 1637.0289480228523 1635.2584911316353 1.0 1635.2584911316353 1.0 1
363 0.25 nan 0.2 0.0 -1.0 1638.3901446016384 1638.3911778316385 1698.3923771116984 1637.6888480716377 1700.8916040154763 1650.09887361165 -1.0 1692.934489621693 1.0 4
364 nan 0.0625 0.2 0.0 -1.0 1701.8555974217018 1702.4453384417025 1762.4465043917626 1701.7742055617018 1764.94579894672 1721.1631331417211 1.0 1745.6249200517457 -1.0 3
365 0.125 nan 0.2 0.0 -1.0 1765.9099913417658 1766.3391817517663 1826.3403143718263 1765.823599981766 1828.8396434815636 1808.3877764718084 1.0 1808.4990320118086 -1.0 2
366 nan 1.0 0.2 -1.0 1.0 1829.7757707918297 1830.3215828718303 1830.851363221831 1829.7122438118297 1832.4090705801023 1830.7458404418308 1.0 1830.7458404418308 1.0 1
367 0.25 nan 0.2 0.0 -1.0 1833.5368279818335 1833.5378612118336 1893.5390604918935 1833.070174651833 1896.0383542640743 1839.116636611839 1.0 1849.3645450518493 -1.0 2
368 nan 0.0 0.2 0.0 -1.0 1896.9914152218971 1897.4370039918974 1957.4382032719575 1896.9156561318969 1959.9373981073181 1905.8669942419058 1.0 1906.3232486119064 -1.0 2
369 nan 0.0625 0.2 -1.0 1.0 1960.8905913319609 1961.5188285019615 1974.5232612619745 1960.8094994419607 1976.1072657104792 1973.3246144719733 1.0 1973.7887347219737 -1.0 2
370 nan 1.0 0.2 -1.0 1.0 1977.3012167719774 1977.3022833319774 1977.6726796219777 1976.8026666319768 1979.251184662067 1977.5291939719775 1.0 1977.5291939719775 1.0 1
371 nan 0.0625 0.2 -1.0 1.0 1981.3564112119814 1981.3575444319813 1986.090504421986 1979.93088711198 1987.6677121612236 1981.7528382319817 -1.0 1985.8572610819858 1.0 3
372 0.0625 nan 0.2 1.0 1.0 1989.2732861119894 1989.2740860319893 1990.5160284919905 1988.3460121819883 1992.0900337708347 1990.04757534199 -1.0 1990.4845316419905 -1.0 2
373 nan 0.0 0.2 -1.0 1.0 1993.2673200019933 1993.2683865619933 1997.153464681997 1992.7802353819927 1998.7397710235505 1997.029677061997 1.0 1997.029677061997 1.0 1
374 nan 0.125 0.2 -1.0 1.0 1999.901156552 1999.901956472 2000.2897843520002 1999.4055727819994 2001.86769116135 2000.1712962020001 1.0 2000.1712962020001 1.0 1
375 nan 0.25 0.2 -1.0 1.0 2004.7896676520047 2004.7905675620048 2005.1342998520051 2002.5306935720025 2006.7004093807016 2004.993213962005 1.0 2004.993213962005 1.0 1
376 0.0625 nan 0.2 -1.0 -1.0 2008.022810972008 2008.0238442020081 2017.1763621920172 2007.3812084720073 2019.7561665886146 2010.7414057520107 1.0 2017.1239007720171 1.0 5
377 0.125 nan 0.2 -1.0 -1.0 2021.2171580720212 2021.2183246220213 2026.5102287120264 2020.4537677520204 2029.0838011101334 2021.5107953720214 -1.0 2026.4051725520264 1.0 3
378 nan 1.0 0.2 -1.0 1.0 2031.5392257620315 2031.5401590020315 2031.8002996520318 2029.7806016420298 2033.3725322906753 2031.6978765620318 1.0 2031.6978765620318 1.0 1
379 nan 0.0 0.2 0.0 -1.0 2034.967249592035 2034.968116172035 2094.969282122095 2034.4108385720344 2097.468607306927 2045.3154813320452 -1.0 2092.984613942093 1.0 14
380 nan 0.0 0.2 -1.0 1.0 2098.4209702520984 2098.967215622099 2129.4863300721295 2098.3658091020984 2131.0709260664235 2128.5289258221287 -1.0 2129.3990721321293 1.0 3
381 0.0625 nan 0.2 -1.0 -1.0 2132.3655754521324 2132.3664087021325 2171.880856862172 2131.852026812132 2174.453316799052 2141.3616090921414 1.0 2171.727038912172 1.0 2
382 nan 1.0 0.2 -1.0 1.0 2176.8982217421767 2176.8991216521767 2185.1705610921854 2175.2653183821753 2186.753165271802 2184.914620022185 -1.0 2184.914620022185 -1.0 1
383 nan 0.25 0.2 -1.0 1.0 2187.964381682188 2187.965314922188 2232.8693574022327 2187.4544660121874 2234.4308815819513 2232.751169222233 1.0 2232.751169222233 1.0 1
384 nan 0.0625 0.2 0.0 -1.0 2235.7690674022356 2235.7699339822357 2295.771066602296 2235.2755834222353 2298.2703590850706 2235.801930782236 -1.0 2269.4294676922696 -1.0 3
385 nan 0.0625 0.2 0.0 -1.0 2299.212489092299 2299.6360134023 2359.6371793523595 2299.160560952299 2362.136405724867 nan 0.0 nan 0.0 0
386 nan 0.25 0.2 -1.0 1.0 2363.084101292363 2363.5627867523635 2391.926650082392 2363.025507152363 2393.4950482056543 2391.6554438723915 1.0 2391.6554438723915 1.0 1
387 0.0625 nan 0.2 0.0 -1.0 2394.966512732395 2394.967345982395 2454.968511932455 2394.2634497123945 2457.4678060935594 nan 0.0 nan 0.0 0
388 nan 0.25 0.2 1.0 -1.0 2458.4155671924586 2458.894152662459 2469.6790407324697 2458.344607622458 2472.2435774512132 2468.4701616324687 1.0 2469.3683051424696 -1.0 3
389 nan 0.125 0.2 -1.0 1.0 2473.4650954224735 2473.4659953324735 2496.4194664224965 2472.963078962473 2497.993100055846 2496.2844799224963 1.0 2496.2844799224963 1.0 1
390 0.25 nan 0.2 1.0 1.0 2499.4482301824996 2499.4492300824995 2532.6213125425325 2498.7343015824986 2534.1924385566717 2509.136394602509 1.0 2532.3499063525323 -1.0 10
391 nan 0.25 0.2 -1.0 1.0 2535.7142032225356 2535.7150698025357 2536.7204359225366 2535.0162396925352 2538.2921451774523 2536.4139665725365 1.0 2536.4139665725365 1.0 1
392 nan 0.0625 0.2 -1.0 1.0 2540.0803998925403 2540.0813331325403 2548.2202858225482 2538.973743902539 2549.792289704166 2548.105463972548 1.0 2548.105463972548 1.0 1
393 0.125 nan 0.2 0.0 -1.0 2551.2806464225514 2551.2815130025515 2611.2826122926112 2550.5056905925503 2613.7819710819253 2560.09123194256 1.0 2599.215685772599 -1.0 11
394 0.25 nan 0.8 -1.0 -1.0 2614.729034282615 2615.175556292615 2658.710635682659 2614.6750730126146 2661.278953394077 2648.7794955626487 -1.0 2658.6101124026586 1.0 3
395 nan 0.0 0.8 -1.0 1.0 2662.8567543626627 2662.857554282663 2664.034269932664 2662.1851548626623 2665.590276495177 2663.8211912426636 1.0 2663.8211912426636 1.0 1
396 1.0 nan 0.8 1.0 1.0 2667.1957204226674 2667.196820312667 2675.6994366326758 2666.2818784826663 2677.2563402473384 2675.5721160326757 -1.0 2675.5721160326757 -1.0 1
397 0.125 nan 0.8 0.0 -1.0 2678.628777002679 2678.629676912679 2738.6308761927385 2677.977142172678 2741.1300925483006 2737.6229436627377 1.0 2737.6229436627377 1.0 1
398 0.0625 nan 0.8 -1.0 -1.0 2742.5051220627424 2743.006838552743 2777.3499372327774 2742.4355956827426 2779.921562420592 2777.1816873927773 1.0 2777.1816873927773 1.0 1
399 0.25 nan 0.8 0.0 -1.0 2781.4935894927817 2781.4945227327817 2841.4956886828413 2780.7480640527806 2843.994948037766 2815.164022112815 1.0 2815.626775832816 1.0 2
400 1.0 nan 0.8 -1.0 -1.0 2844.953776172845 2845.3939321528455 4203.139877314203 2844.891949022845 2904.1031140784658 2849.107294112849 1.0 4198.541670514199 1.0 280
