DY_016 d23a44ef-1402-4ed7-97f5-47e9a7a504d9 danlab 2020-09-12 _iblrig_tasks_ephysChoiceWorld6.4.2 M 266 410
0 nan 0.25 0.5 -1.0 1.0 17.561676990017563 17.562810210017563 17.863080180017864 16.92817368001693 19.41688634810997 17.74875828001775 1.0 17.74875828001775 1.0 1
1 1.0 nan 0.5 1.0 1.0 20.87814531002088 20.87907855002088 21.213878400021215 19.804586010019804 22.761288846254523 21.02989680002103 -1.0 21.02989680002103 -1.0 1
2 1.0 nan 0.5 1.0 1.0 27.66683304002767 27.66796626002767 28.255107540028256 23.128186950023128 29.79461190649066 28.05036135002805 -1.0 28.05036135002805 -1.0 1
3 nan 1.0 0.5 -1.0 1.0 31.14951807003115 31.15058463003115 31.387527600031387 30.216711360030217 32.92740626713349 31.274805540031274 1.0 31.274805540031274 1.0 1
4 nan 0.0625 0.5 -1.0 1.0 34.4000263200344 34.4011595400344 34.717427910034715 33.297003300033296 36.261233947250496 34.544678520034545 1.0 34.544678520034545 1.0 1
5 1.0 nan 0.5 1.0 1.0 37.14955134003715 37.15045125003715 37.41072522003741 36.64023561003664 38.96103355228487 37.287570870037285 -1.0 37.287570870037285 -1.0 1
6 0.125 nan 0.5 1.0 1.0 40.44958797004045 40.45038789004045 41.42142411004142 39.34223205003934 42.96122909690713 40.877878470040876 1.0 40.877878470040876 1.0 1
7 nan 0.25 0.5 -1.0 1.0 44.08325790004408 44.08432446004409 44.32743348004433 43.3973265000434 45.877240489423485 44.1988130100442 1.0 44.1988130100442 1.0 1
8 0.0625 nan 0.5 1.0 1.0 47.68279791004768 47.68359783004768 48.84394845004884 46.24774143004625 50.39915681989226 47.601572700047605 1.0 48.66399978004866 1.0 3
9 1.0 nan 0.5 1.0 1.0 51.37766172005138 51.37852830005138 51.72326049005172 50.76815601005077 53.260868010248174 51.55934355005156 1.0 51.55934355005156 1.0 1
10 nan 0.0 0.5 -1.0 1.0 54.1992128700542 54.2001461100542 54.44715474005445 53.65216758005365 55.993965235723664 54.31576788005432 1.0 54.31576788005432 1.0 1
11 0.25 nan 0.5 1.0 1.0 58.38262782005838 58.38376104005838 58.93267281005893 56.36896254005637 60.482879591924515 58.53744567005854 -1.0 58.71799428005872 -1.0 2
12 nan 1.0 0.5 -1.0 1.0 61.32733332006133 61.32833322006133 61.56037668006156 60.87047901006087 63.11598515267595 61.426990020061425 1.0 61.426990020061425 1.0 1
13 0.0625 nan 0.5 -1.0 -1.0 64.86054663006486 64.86164652006487 65.18994702006519 63.48858384006349 67.73261346134193 65.01743094006501 1.0 65.01743094006501 1.0 1
14 nan 0.0 0.5 -1.0 1.0 69.56050992006956 69.56157648006956 76.35253065007635 68.18261439006818 77.89333622290762 69.73102620006973 1.0 76.25047419007625 1.0 4
15 nan 0.0625 0.5 -1.0 1.0 79.53257928007953 79.53367917007954 79.77782142007977 78.30813507007831 81.3324300590826 79.66669920007966 1.0 79.66669920007966 1.0 1
16 nan 1.0 0.5 -1.0 1.0 82.22677650008222 82.22764308008223 82.42122372008242 81.72022716008172 83.96583054322633 82.34009850008233 1.0 82.34009850008233 1.0 1
17 nan 0.125 0.5 -1.0 1.0 84.87631152008488 84.87727809008487 85.12265355008512 84.35862996008436 86.68245788822654 85.01619753008502 1.0 85.01619753008502 1.0 1
18 nan 0.125 0.5 -1.0 1.0 87.52684644008752 87.52787967008753 88.1012556600881 87.05726007008705 89.66026100711076 87.65096736008765 1.0 88.07572488008807 1.0 2
19 1.0 nan 0.5 1.0 1.0 91.5987058800916 91.5998057700916 92.12365338009212 90.06925884009007 93.68176095447589 91.75785663009177 -1.0 91.93160592009193 -1.0 2
20 0.0625 nan 0.5 -1.0 -1.0 94.62663639009463 94.62743631009462 94.94073831009494 94.05656007009405 97.49887130530477 94.78205418009479 1.0 94.78205418009479 1.0 1
21 0.25 nan 0.5 1.0 1.0 98.45951973009846 98.46035298009846 98.77728795009878 97.95167052009795 100.34839267595706 98.61717063009861 -1.0 98.61717063009861 -1.0 1
22 nan 0.0625 0.5 -1.0 1.0 101.75992299010176 101.76095622010176 102.7884867901028 100.71869379010072 104.34859405590214 102.30206877010231 -1.0 102.65190045010266 1.0 2
23 nan 0.125 0.5 -1.0 1.0 105.82608300010583 105.82688292010583 106.04539440010605 104.73749187010473 107.61479951222141 105.93677193010593 1.0 105.93677193010593 1.0 1
24 nan 0.0625 0.5 -1.0 1.0 108.60980460010862 108.61083783010861 108.85221369010885 108.006398280108 110.40991925603622 108.73562535010873 1.0 108.73562535010873 1.0 1
25 0.125 nan 0.5 -1.0 -1.0 113.21514402011321 113.21611059011322 113.57210832011357 110.78662023011078 116.13161409235825 113.42875599011343 1.0 113.42875599011343 1.0 1
26 0.25 nan 0.5 -1.0 -1.0 117.10955454011712 117.11068776011712 117.38569359011738 116.54031147011654 119.94263052972714 117.23780838011724 1.0 117.23780838011724 1.0 1
27 nan 0.0625 0.5 -1.0 1.0 121.13131899012113 121.13228556012113 121.38432702012139 120.33833163012034 122.9482265955715 121.29020310012129 1.0 121.29020310012129 1.0 1
28 nan 1.0 0.5 -1.0 1.0 124.27617114012428 124.27723770012427 124.53734502012453 123.4090245301234 126.09814908286928 124.3872600301244 1.0 124.3872600301244 1.0 1
29 nan 1.0 0.5 -1.0 1.0 128.65909947012867 128.66016603012866 128.87934411012887 126.48415032012649 130.44274963417928 128.76708867012877 1.0 128.76708867012877 1.0 1
30 nan 0.125 0.5 -1.0 1.0 131.3980922101314 131.3991254401314 131.65506651013166 130.84664736013085 133.23137002380713 131.52637938013152 1.0 131.52637938013152 1.0 1
31 0.0625 nan 0.5 -1.0 -1.0 134.92587273013493 134.92673931013493 135.07305801013507 133.6071712801336 137.6474649423687 134.9063080201349 1.0 134.9063080201349 1.0 1
32 nan 0.0625 0.5 -1.0 1.0 138.7089610501387 138.70999428013872 139.1042881801391 138.03136215013802 140.67579012451336 138.8983754401389 1.0 138.8983754401389 1.0 1
33 0.0625 nan 0.5 -1.0 -1.0 142.9144071301429 142.9152403801429 143.15491641014316 141.06629196014106 145.72588910879549 143.05006023014306 1.0 143.05006023014306 1.0 1
34 0.0625 nan 0.5 -1.0 -1.0 146.73112542014672 146.73219198014672 146.993832480147 146.11838670014612 149.56439673215115 146.88517668014688 1.0 146.88517668014688 1.0 1
35 1.0 nan 0.5 1.0 1.0 150.62546928015064 150.6264358501506 150.91890660015093 150.02689581015002 152.47541121492608 150.7917859801508 -1.0 150.7917859801508 -1.0 1
36 0.0625 nan 0.5 -1.0 -1.0 154.2976686901543 154.2987019201543 154.62070305015462 152.87091138015288 157.17534106270168 154.44668712015445 1.0 154.44668712015445 1.0 1
37 nan 0.0625 0.5 1.0 -1.0 158.24734035015825 158.24830692015826 162.8058844501628 157.56834159015756 165.3751543805717 158.6058711601586 -1.0 162.5154135001625 -1.0 3
38 nan 1.0 0.5 -1.0 1.0 167.61357030016762 167.6144702101676 167.84594706016784 165.7872529501658 169.40875124507522 167.75478951016777 1.0 167.75478951016777 1.0 1
39 nan 0.125 0.5 -1.0 1.0 171.0971885701711 171.0980884801711 171.33396489017133 169.81694994016982 172.89206914344888 171.22860876017123 1.0 171.22860876017123 1.0 1
40 nan 1.0 0.5 -1.0 1.0 173.81405019017382 173.81538339017382 174.02116281017402 173.27837043017328 175.57536823612094 173.77068786017378 1.0 173.77068786017378 1.0 1
41 0.0 nan 0.5 -1.0 -1.0 176.5139135101765 176.5149800701765 176.77965360017677 175.982366670176 179.34758295827604 176.65436613017667 1.0 176.65436613017667 1.0 1
42 nan 0.0625 0.5 -1.0 1.0 180.3751606801804 180.37592727018037 180.63146838018062 179.81908296017983 182.1920758129819 180.51444675018053 1.0 180.51444675018053 1.0 1
43 nan 0.125 0.5 -1.0 1.0 183.980200140184 183.98120004018398 184.2169764601842 182.58027348018257 185.7752829628976 184.1131868401841 1.0 184.1131868401841 1.0 1
44 0.125 nan 0.5 -1.0 -1.0 187.04706009018705 187.04815998018705 187.3974583801874 186.16268187018616 189.96349591568608 187.1892458701872 1.0 187.1892458701872 1.0 1
45 0.125 nan 0.5 -1.0 -1.0 190.92487227019092 190.92577218019093 195.5043476101955 190.36249518019036 198.04721816982476 191.04236052019104 1.0 195.4857494701955 1.0 4
46 0.125 nan 0.5 1.0 1.0 199.27490385019928 199.27593708019927 200.11182015020012 198.46321836019845 201.65832717817568 199.45405260019945 1.0 199.45405260019945 1.0 1
47 nan 1.0 0.5 -1.0 1.0 203.2799366402033 203.28086988020328 203.62013595020363 202.05292602020205 205.1743417805079 203.4099569702034 1.0 203.4099569702034 1.0 1
48 0.25 nan 0.5 1.0 1.0 206.62976829020664 206.63080152020663 206.8917420902069 205.56444150020556 208.46324625321486 206.7866859302068 -1.0 206.7866859302068 -1.0 1
49 0.0625 nan 0.5 1.0 1.0 209.32453212020934 209.32543203020933 210.51204669021052 208.85484576020886 212.0582748069932 210.35679555021036 -1.0 210.35679555021036 -1.0 1
50 nan 0.125 0.5 -1.0 1.0 213.26323821021327 213.26440476021327 214.04855967021405 212.54307690021255 215.59656760728708 213.43742079021345 1.0 213.95930193021397 1.0 2
51 0.25 nan 0.5 1.0 1.0 216.5909720702166 216.5919719702166 223.66499793022368 216.004064100216 225.21310168502572 216.93023814021694 -1.0 223.5093135002235 -1.0 3
52 0.125 nan 0.5 -1.0 -1.0 226.1079869402261 226.1091201602261 226.44345339022644 225.63110130022562 229.01329277896338 226.27550352022627 1.0 226.27550352022627 1.0 1
53 0.0625 nan 0.5 -1.0 -1.0 229.92413862022994 229.92503853022993 231.2917018502313 229.4035906802294 233.857405323781 230.40945675023042 1.0 231.2107432802312 1.0 2
54 nan 0.25 0.5 -1.0 1.0 237.0955214102371 237.0965879702371 237.34672962023734 234.25450554023425 238.91263140510338 237.22540842023722 1.0 237.22540842023722 1.0 1
55 nan 0.125 0.5 -1.0 1.0 239.8073835302398 239.8082167802398 240.13831710024013 239.32743153023932 241.6961246135196 239.99913102024001 1.0 239.99913102024001 1.0 1
56 0.125 nan 0.5 -1.0 -1.0 242.64100014024265 242.64183339024265 242.973166920243 242.0981211002421 245.52433716941283 242.78078616024277 1.0 242.78078616024277 1.0 1
57 0.25 nan 0.5 1.0 1.0 246.62933460024664 246.63043449024664 254.67046374025466 245.92923795024592 256.2242654158406 246.8024172902468 -1.0 254.46225123025445 -1.0 5
58 0.25 nan 0.5 1.0 1.0 257.2791695102573 257.2802360702573 257.5878719702576 256.66266450025665 259.14067640573796 257.4314876102574 -1.0 257.4314876102574 -1.0 1
59 1.0 nan 0.5 1.0 1.0 260.2954345202603 260.2965344102603 260.53347738026054 259.5470760302596 262.0957808826776 260.3904250202604 -1.0 260.3904250202604 -1.0 1
60 nan 0.0625 0.5 -1.0 1.0 263.1072199802631 263.1081532202631 263.67269676026365 262.5135793502625 265.2234997948972 263.4098563802634 1.0 263.4098563802634 1.0 1
61 0.25 nan 0.5 1.0 1.0 267.1791794102672 267.18007932026717 267.93980334026793 265.63420059026566 269.4903083255596 267.3366303302673 -1.0 267.5245448702675 1.0 2
62 0.0625 nan 0.5 -1.0 -1.0 271.07862276027106 271.0796893202711 281.7901515002818 269.9036069402699 284.34505121026154 279.7004604902797 1.0 281.73692349028175 1.0 2
63 0.0 nan 0.5 1.0 1.0 285.50681313028554 285.50774637028553 289.016562120289 284.7994505402848 290.59506257304673 288.55254186028856 -1.0 288.95026875028896 -1.0 3
64 nan 0.125 0.5 -1.0 1.0 291.65679807029164 291.65763132029167 291.88597515029187 291.013862370291 293.4620771123121 291.78021906029176 1.0 291.78021906029176 1.0 1
65 nan 0.0 0.5 -1.0 1.0 295.35662805029534 295.35759462029534 295.7776526102958 293.8651772102939 297.3565782266567 295.3860584402954 1.0 295.7131923902957 1.0 2
66 0.25 nan 0.5 -1.0 -1.0 298.6447992002986 298.64586576029865 299.0915211902991 297.8760760802979 301.6566898621102 298.8490121102989 -1.0 298.8490121102989 -1.0 1
67 0.0 nan 0.5 -1.0 -1.0 302.6117358003026 302.6128023603026 302.8027833603028 302.06729025030205 305.37838544742715 302.56070757030255 1.0 302.56070757030255 1.0 1
68 nan 0.25 0.5 -1.0 1.0 306.3727929903064 306.3737262303064 306.6430992903066 305.7989837103058 308.2228996473602 306.52457781030654 1.0 306.52457781030654 1.0 1
69 1.0 nan 0.5 1.0 1.0 309.7615207503098 309.76265397030977 309.99409749031 308.63560002030863 311.5565023537078 309.89030787030987 -1.0 309.89030787030987 -1.0 1
70 nan 0.25 0.5 -1.0 1.0 312.6943941003127 312.6952606803127 312.9194049303129 311.96480040031196 314.48970778177465 312.82028151031284 1.0 312.82028151031284 1.0 1
71 nan 0.25 0.5 -1.0 1.0 316.54484235031657 316.54587558031653 316.76861997031676 314.9019066603149 318.344919365151 316.6758959103167 1.0 316.6758959103167 1.0 1
72 0.25 nan 0.5 1.0 1.0 320.33902956032034 320.3401294503203 321.5770390803216 318.7700198103188 323.1615386911615 321.43295349032144 -1.0 321.43295349032144 -1.0 1
73 0.125 nan 0.5 -1.0 -1.0 324.7059594903247 324.7070593803247 325.0983869103251 323.57393937032356 327.6725558948309 324.8717429103249 1.0 324.8717429103249 1.0 1
74 nan 0.0625 0.5 -1.0 1.0 329.8777089303299 329.8786755003299 330.1486485003301 328.08045534032806 331.72787038389396 330.05549115033006 1.0 330.05549115033006 1.0 1
75 0.0 nan 0.5 -1.0 -1.0 332.8054494603328 332.8066160103328 333.2939006103333 332.2637703003323 335.8780707526862 333.022194450333 1.0 333.022194450333 1.0 1
76 1.0 nan 0.5 1.0 1.0 336.7724860503368 336.7735859403368 337.2895676703373 336.2805685803363 338.8612708599253 336.9152051103369 -1.0 337.24777185033724 -1.0 2
77 0.125 nan 0.5 1.0 1.0 339.83911269033985 339.84014592033986 344.5699062303446 339.2654700603393 346.13940716781997 344.4192546303444 -1.0 344.4192546303444 -1.0 1
78 nan 0.125 0.5 -1.0 1.0 348.4109887503484 348.4119886503484 349.75208796034974 346.55890731034657 351.322622389124 349.65459771034966 1.0 349.65459771034966 1.0 1
79 0.125 nan 0.5 -1.0 -1.0 352.3105987503523 352.3115986503523 352.81558158035284 351.74922156035177 355.3891181364971 352.5440087403525 1.0 352.5440087403525 1.0 1
80 nan 0.25 0.5 -1.0 1.0 356.2936337403563 356.2945336503563 356.5719059103566 355.8093155103558 358.139138406468 356.4480516303565 1.0 356.4480516303565 1.0 1
81 nan 0.25 0.5 -1.0 1.0 359.1942436503592 359.1951435603592 359.4046226103594 358.56214020035856 360.9717296914045 359.23633944035925 1.0 359.23633944035925 1.0 1
82 nan 0.25 0.5 -1.0 1.0 362.02719366036206 362.02809357036205 362.54044233036257 361.3745256003614 364.10534311687496 362.42818689036244 1.0 362.42818689036244 1.0 1
83 nan 0.0 0.5 -1.0 1.0 365.8604769603659 365.86137687036586 374.05855707037404 364.52834352036456 375.62715572698727 370.36785951037035 1.0 374.05839042037405 1.0 2
84 nan 0.0 0.5 -1.0 1.0 377.45498406037746 377.45585064037743 377.88377451037786 376.0875541503761 379.46046375609495 377.6153680203776 1.0 377.6153680203776 1.0 1
85 nan 1.0 0.5 -1.0 1.0 380.53834236038057 380.5391089503805 380.958766980381 379.99896297038 382.52146990889975 380.7026925903807 1.0 380.85994353038086 1.0 2
86 nan 0.25 0.5 -1.0 1.0 383.5603734603836 383.5614066903836 384.13528263038415 382.94106873038294 385.7106829463241 383.94970119038396 1.0 383.94970119038396 1.0 1
87 nan 1.0 0.5 -1.0 1.0 386.7881839803868 386.7893505303868 387.03629250038705 386.1222839103861 388.60529409492574 386.9161711803869 1.0 386.9161711803869 1.0 1
88 0.0 nan 0.5 -1.0 -1.0 389.65989678038966 389.6609633403897 389.96763267038995 389.014994610389 392.54360032186923 389.8116482703898 1.0 389.8116482703898 1.0 1
89 1.0 nan 0.5 1.0 1.0 393.45485058039344 393.45591714039347 393.7226238003937 392.961899880393 395.28852249019167 393.60413565039363 -1.0 393.60413565039363 -1.0 1
90 nan 1.0 0.2 -1.0 1.0 396.4433850303964 396.44418495039645 396.6841276203967 395.7175242903957 398.25492905027386 396.57480522039657 1.0 396.57480522039657 1.0 1
91 nan 0.0625 0.2 -1.0 1.0 399.1769783103992 399.17781156039916 400.74672132040075 398.67342867039866 402.3267223045513 399.74288838039973 1.0 400.6067353204006 1.0 2
92 nan 0.0625 0.2 -1.0 1.0 403.30429887040333 403.3053987604033 410.63226600041065 402.7553204404028 412.2042654668929 403.5120447604035 1.0 410.4321860104104 1.0 2
93 nan 0.0625 0.2 -1.0 1.0 413.2929999004133 413.2938998104133 413.66886231041366 412.63766544041266 415.2429653981563 413.4807477904135 1.0 413.4807477904135 1.0 1
94 0.125 nan 0.2 -1.0 -1.0 416.17074543041616 416.1715120204162 416.4991792504165 415.66106307041565 419.0540818337879 416.36752575041635 1.0 416.36752575041635 1.0 1
95 nan 0.25 0.2 -1.0 1.0 420.8926731904209 420.8937730804209 421.14238155042113 419.47238190041946 422.70978308129554 421.04575788042104 1.0 421.04575788042104 1.0 1
96 1.0 nan 0.2 1.0 1.0 423.65463030042366 423.65573019042364 423.9190038604239 423.14798097042313 425.4932015862206 423.7941496804238 -1.0 423.7941496804238 -1.0 1
97 nan 0.125 0.2 -1.0 1.0 426.58743699042657 426.5883369004266 426.8946062704269 425.92710303042594 428.4596072970683 426.7861504504268 1.0 426.7861504504268 1.0 1
98 nan 1.0 0.2 -1.0 1.0 429.43778526042945 429.4386185104294 429.6819941704297 428.8886068504289 431.2538972828043 429.5679389104296 1.0 429.5679389104296 1.0 1
99 nan 1.0 0.2 -1.0 1.0 433.1759114104332 433.1768779804332 433.63769856043365 431.67969438043167 435.2096286183635 433.4853138004335 1.0 433.4853138004335 1.0 1
100 nan 0.0 0.2 -1.0 1.0 436.22107353043623 436.2221734204362 439.56073953043955 435.65003064043566 441.12604099919326 436.2537702604363 -1.0 439.33789515043935 1.0 2
101 nan 0.125 0.2 -1.0 1.0 443.93763513044394 443.93870169044396 444.11875035044415 441.55923966044156 445.68724986177415 443.9103378604439 1.0 443.9103378604439 1.0 1
102 nan 1.0 0.2 -1.0 1.0 446.6927595904467 446.6936595004467 446.87074179044686 446.13454875044613 448.43744464940625 446.76501903044675 1.0 446.76501903044675 1.0 1
103 nan 1.0 0.2 -1.0 1.0 449.3926895704494 449.3936228104494 449.6408647504496 448.86134271044887 451.20916308271916 449.52660951044953 1.0 449.52660951044953 1.0 1
104 nan 0.0625 0.2 -1.0 1.0 452.13734841045215 452.13824832045213 452.3831571604524 451.6433644804516 453.95926106859594 452.27193495045225 1.0 452.27193495045225 1.0 1
105 nan 1.0 0.2 -1.0 1.0 459.3371950204593 459.33812826045937 459.5416745704595 454.3735581004544 461.1091712783724 459.44588415045945 1.0 459.44588415045945 1.0 1
106 0.0625 nan 0.2 -1.0 -1.0 462.1035850204621 462.1047182404621 465.7883498404658 461.5864700704616 468.3588993663116 462.25406997046224 1.0 465.64926375046565 1.0 3
107 0.0625 nan 0.2 -1.0 -1.0 469.6197333304696 469.62059991046965 469.9002719404699 468.95539977046894 472.47530621747126 469.7813171704698 1.0 469.7813171704698 1.0 1
108 nan 0.125 0.2 -1.0 1.0 473.46984828047346 473.47084818047347 473.94370089047396 472.9051047604729 475.49210586665737 473.83817811047385 1.0 473.83817811047385 1.0 1
109 nan 0.0625 0.2 -1.0 1.0 476.47018155047647 476.47114812047647 476.76911832047676 475.9152037204759 478.32541907656923 476.6749944004767 1.0 476.6749944004767 1.0 1
110 nan 1.0 0.2 -1.0 1.0 479.2033748704792 479.20447476047923 479.3866232104794 478.75741947047874 480.9369261311958 479.23753812047926 1.0 479.23753812047926 1.0 1
111 nan 0.125 0.2 -1.0 1.0 483.44155101048347 483.44268423048345 483.8479437004838 481.3563262204814 485.386445693302 483.5980020304836 1.0 483.5980020304836 1.0 1
112 nan 0.0625 0.2 -1.0 1.0 486.5924025604866 486.5933024704866 486.8429441704869 485.8286456104858 488.3870475934318 486.74295417048677 1.0 486.74295417048677 1.0 1
113 nan 0.25 0.2 -1.0 1.0 489.4085209204894 489.4095874804894 489.71135730048974 488.82854559048883 491.2531591202457 489.5583726004896 1.0 489.5583726004896 1.0 1
114 nan 0.0625 0.2 -1.0 1.0 492.70852422049273 492.7095241204927 493.05155658049307 491.68086033049167 494.5862612869157 492.8915059204929 1.0 492.8915059204929 1.0 1
115 0.25 nan 0.2 -1.0 -1.0 498.37495752049836 498.3760907404984 498.7970819704988 495.014360280495 501.35318010166066 498.6024681004986 1.0 498.6024681004986 1.0 1
116 nan 0.25 0.2 -1.0 1.0 503.2748674805033 503.2760007005033 503.5264756505035 501.82227942050184 505.08660742389344 503.4286187705034 1.0 503.4286187705034 1.0 1
117 nan 0.25 0.2 -1.0 1.0 507.20817411050723 507.2092406705072 507.3756906905074 505.5268089305055 508.9360943010619 507.1523463605072 1.0 507.1523463605072 1.0 1
118 nan 0.0625 0.2 -1.0 1.0 509.97453078050995 509.97553068050996 510.06062217051004 509.3810901305094 511.62511882449246 509.9092373105099 1.0 509.9092373105099 1.0 1
119 nan 0.0625 0.2 -1.0 1.0 513.9861629105139 513.987129480514 514.3268288405143 512.061922020512 515.8917288168551 514.1652116705142 1.0 514.1652116705142 1.0 1
120 0.125 nan 0.2 1.0 1.0 516.8194462205169 516.8204127905168 523.050056430523 516.3302284805163 524.6080549966329 522.3879226505223 1.0 522.3879226505223 1.0 1
121 0.125 nan 0.2 -1.0 -1.0 526.8694077905269 526.8702410405268 527.3875559705274 525.0602553905251 529.9579557338291 527.0606553305271 1.0 527.0606553305271 1.0 1
122 nan 0.0 0.2 -1.0 1.0 531.018926130531 531.0201926705311 531.3335613305313 530.4111535805304 532.886061796967 531.1814432105311 1.0 531.1814432105311 1.0 1
123 nan 1.0 0.2 -1.0 1.0 535.2741005705353 535.2751004705353 535.7159563805358 533.3373609305334 537.2694889014012 535.5561390305355 1.0 535.5561390305355 1.0 1
124 1.0 nan 0.2 1.0 1.0 538.3079304905383 538.3090303805383 538.7205892205387 537.7144898405377 540.2742908149422 538.4477165105385 -1.0 538.4477165105385 -1.0 1
125 nan 0.25 0.2 -1.0 1.0 541.2356710205412 541.2366709205412 541.5333745805416 540.7144898105407 543.085906386358 541.4150530805414 1.0 541.4150530805414 1.0 1
126 0.0625 nan 0.2 -1.0 -1.0 544.024458780544 544.025292030544 544.3292616305444 543.5405071805435 546.8905971181007 544.1987080205442 1.0 544.1987080205442 1.0 1
127 nan 0.125 0.2 -1.0 1.0 547.8188793005478 547.8198792005478 548.1143164205481 547.3319946605474 549.6691147770988 547.996228230548 1.0 547.996228230548 1.0 1
128 nan 1.0 0.2 -1.0 1.0 550.8079137005508 550.8088136105508 551.066821140551 550.1159162405502 552.6239225523769 550.945699920551 1.0 550.945699920551 1.0 1
129 nan 1.0 0.2 -1.0 1.0 553.8189125705538 553.8197791505538 554.0868191105541 553.064921310553 555.6408192893691 553.966431150554 1.0 553.966431150554 1.0 1
130 1.0 nan 0.2 1.0 1.0 556.6017342605566 556.6027341605566 557.1053172305571 556.1002177505561 558.6740184444502 556.8030141305568 -1.0 556.957432020557 -1.0 2
131 nan 0.125 0.2 -1.0 1.0 559.8019475405598 559.8030141005598 560.1002177105601 559.1152162205591 561.6571463039462 559.99259514056 1.0 559.99259514056 1.0 1
132 nan 1.0 0.2 -1.0 1.0 563.6522958005637 563.6532623705637 563.956832010564 562.1166493805621 565.5189494100061 563.8179792305639 1.0 563.8179792305639 1.0 1
133 nan 0.0625 0.2 -1.0 1.0 566.9071036205669 566.9082035105669 567.1177492205671 566.1395470505662 568.6686510475413 567.012726390567 1.0 567.012726390567 1.0 1
134 0.25 nan 0.2 -1.0 -1.0 570.2738335805702 570.2748334805702 570.8638079105708 569.1157494005691 573.418573858637 570.7062903305707 1.0 570.7062903305707 1.0 1
135 nan 0.125 0.2 -1.0 1.0 574.5405735305745 574.5414067805746 575.0637878705751 573.8672742005739 576.6186877346355 574.8783730805749 1.0 574.8783730805749 1.0 1
136 nan 1.0 0.2 -1.0 1.0 577.5568385405776 577.5577051205776 577.7910817805778 577.0661876105771 579.3516836826681 577.6814260805777 1.0 577.6814260805777 1.0 1
137 nan 0.0625 0.2 -1.0 1.0 581.6403968105816 581.6412967205816 582.002093970582 579.8035805105798 583.5684910320399 581.8301778305819 1.0 581.8301778305819 1.0 1
138 0.25 nan 0.2 -1.0 -1.0 584.6068668005846 584.6079666905846 584.8409433905848 584.040590100584 587.4015041202836 584.6860922105847 1.0 584.6860922105847 1.0 1
139 nan 0.0 0.2 1.0 -1.0 589.8566417705898 589.8578749805898 600.4829457006005 587.9021039105879 603.0402411353066 600.3337606206003 -1.0 600.3337606206003 -1.0 1
140 0.25 nan 0.2 1.0 1.0 604.001560470604 604.002560370604 604.2320374206042 603.5367402906036 605.7899390753157 604.1182488006041 -1.0 604.1182488006041 -1.0 1
141 nan 1.0 0.8 -1.0 1.0 608.6013004506086 608.6024670006086 609.2151723906093 606.2417364306062 610.7734674776405 608.931900720609 1.0 609.1291143306091 1.0 2
142 nan 0.125 0.8 -1.0 1.0 614.6840254506147 614.6850253506146 615.008459670615 611.2429695906112 616.5678894228465 614.8816056906148 1.0 614.8816056906148 1.0 1
143 0.25 nan 0.8 1.0 1.0 617.8231448406178 617.8239780906179 623.6978906406237 617.047989030617 625.256488498977 618.1076830506181 1.0 623.5433061006236 -1.0 2
144 0.125 nan 0.8 1.0 1.0 626.2176053106263 626.2185052206262 632.2474022706323 625.7299874106258 633.8060317712506 631.984361910632 -1.0 631.984361910632 -1.0 1
145 0.0625 nan 0.8 -1.0 -1.0 635.6675935506357 635.6686601106356 638.1462789906382 634.2806322606343 640.7061249959811 638.0239245606381 1.0 638.0239245606381 1.0 1
146 0.25 nan 0.8 -1.0 -1.0 642.1172818506421 642.1182150906421 645.3484920306454 641.3711231406414 647.9058543174145 644.5947674106446 1.0 645.2911644306453 1.0 4
147 nan 0.25 0.8 -1.0 1.0 649.017591750649 649.018425000649 650.4656469306505 648.3903544806484 652.01747764613 650.2511017206502 1.0 650.2511017206502 1.0 1
148 nan 1.0 0.8 -1.0 1.0 654.0559878606541 654.0570210906541 654.3410593506543 652.4843783706525 655.8840922375485 654.2159052006542 1.0 654.2159052006542 1.0 1
149 nan 0.125 0.8 -1.0 1.0 657.1390795206571 657.1399794306571 657.5385729006575 656.3490918606564 659.0893753713777 657.3144619806574 1.0 657.3144619806574 1.0 1
150 1.0 nan 0.8 1.0 1.0 660.3505583406603 660.3515915706604 660.6017998806606 659.5532714106596 662.1556955668765 660.4856448306605 -1.0 660.4856448306605 -1.0 1
151 0.25 nan 0.8 1.0 1.0 663.2835650106633 663.2845315806633 664.005292830664 662.6247975606626 665.5501936248819 663.2769990006633 1.0 663.4816785306635 -1.0 2
152 0.25 nan 0.8 -1.0 -1.0 666.6387294606667 666.6398293506667 672.4377161706724 666.014991840666 674.9883120072095 672.1819417506722 1.0 672.1819417506722 1.0 1
153 1.0 nan 0.8 1.0 1.0 676.017091530676 676.017991440676 677.003926170677 675.4889110206755 678.5503234454972 676.6669932006766 -1.0 676.9418657106769 -1.0 2
154 0.25 nan 0.8 1.0 1.0 679.7387526606798 679.7395859106797 687.5407723806876 679.023324210679 689.0832686079035 679.8961369206799 -1.0 687.2886642606873 -1.0 3
155 nan 0.0 0.8 -1.0 1.0 690.2886975606903 690.2897307906903 690.7394524806907 689.5774686906896 692.2883843784917 690.5190411906905 1.0 690.5190411906905 1.0 1
156 0.0625 nan 0.8 -1.0 -1.0 693.3999864006934 693.4010196306934 693.6156648306936 692.7502847106928 696.1666667194456 693.5141749806935 1.0 693.5141749806935 1.0 1
157 0.0 nan 0.8 -1.0 -1.0 697.5548375406976 697.5559374306976 698.1189477906981 696.6323631306966 700.6715781293951 697.903302690698 1.0 697.903302690698 1.0 1
158 nan 0.0625 0.8 -1.0 1.0 701.6832246607017 701.6841912307017 702.0571872607021 701.1422787607012 703.6049856248247 701.9065023307019 1.0 701.9065023307019 1.0 1
159 0.125 nan 0.8 -1.0 -1.0 705.6991896907057 705.7001562607057 705.955797360706 704.0838845707041 708.5047244915856 705.8463416407059 1.0 705.8463416407059 1.0 1
160 0.0 nan 0.8 -1.0 -1.0 709.5159413107095 709.5170745307096 709.7440851607098 708.995426700709 712.3051316484779 709.6103318707096 1.0 709.6103318707096 1.0 1
161 0.0625 nan 0.8 -1.0 -1.0 713.5830012307135 713.5840344607136 713.8236771607138 712.971629040713 716.3660433715232 713.7155879707137 1.0 713.7155879707137 1.0 1
162 0.125 nan 0.8 1.0 1.0 717.5877007207176 717.5886006307176 717.973228830718 716.8310430607169 719.5161314639756 717.7575504007177 -1.0 717.7575504007177 -1.0 1
163 0.125 nan 0.8 1.0 1.0 720.6879240007207 720.6889239007207 721.0778516707211 719.99072706072 722.637545587524 720.8579070007208 -1.0 720.8579070007208 -1.0 1
164 nan 1.0 0.8 -1.0 1.0 726.1491444907261 726.1501110607262 726.4738453507265 723.1167477607231 728.0212727480134 726.3257934907264 1.0 726.3257934907264 1.0 1
165 0.25 nan 0.8 1.0 1.0 729.1994394307292 729.2003726707292 729.8715722107298 728.5186741807286 731.4156719834193 729.3619231807294 -1.0 729.8109116107298 -1.0 3
166 0.125 nan 0.8 1.0 1.0 732.8879372107328 732.8889704407329 742.1618097307422 731.9006692807319 743.7043036586834 733.1013825307331 -1.0 742.089950250742 -1.0 2
167 nan 0.0 0.8 -1.0 1.0 744.8156109907449 744.8167775407449 745.1175141307451 744.2178041107442 746.687510058924 744.9787280107449 1.0 744.9787280107449 1.0 1
168 0.0 nan 0.8 -1.0 -1.0 749.1488109607492 749.1496775407492 749.4716786707495 747.1703088307472 752.0155094857428 749.3168941507494 1.0 749.3168941507494 1.0 1
169 0.125 nan 0.8 1.0 1.0 753.0539537407531 753.0549536407531 753.8189105707538 752.5069084507525 755.3710365043167 753.2391685507532 -1.0 753.7308193807537 -1.0 3
170 0.0 nan 0.8 -1.0 -1.0 758.032122540758 758.033189100758 758.3941863307584 755.8675390207559 760.954249945601 758.2193704807582 1.0 758.2193704807582 1.0 1
171 0.25 nan 0.8 1.0 1.0 761.882204160762 761.8831374007619 762.3038619907624 761.4359487907615 763.8540589919577 762.0703853407621 -1.0 762.0703853407621 -1.0 1
172 nan 0.0625 0.8 -1.0 1.0 765.8153441407658 765.8163773707658 766.1047485307661 764.3372586307644 767.6648758475844 765.991226550766 1.0 765.991226550766 1.0 1
173 1.0 nan 0.8 -1.0 -1.0 768.7868136307688 768.7876802107688 768.8940029107689 768.1619761207681 771.4486680208275 768.7328190307687 1.0 768.7328190307687 1.0 1
174 1.0 nan 0.8 1.0 1.0 772.6036985707726 772.6045984807727 772.8620727307729 771.932665680772 774.4152684226289 772.7530503007728 -1.0 772.7530503007728 -1.0 1
175 0.125 nan 0.8 -1.0 -1.0 776.0705185207761 776.071551750776 776.4298825807764 774.911467770775 778.9978757901887 776.2392683107762 1.0 776.2392683107762 1.0 1
176 0.125 nan 0.8 1.0 1.0 780.1039818007802 780.1051150207801 780.8197102207808 779.4988756507795 782.3818828766122 780.6654589807807 -1.0 780.6654589807807 -1.0 1
177 0.0625 nan 0.8 1.0 1.0 783.7704817807838 783.7713816907838 784.5915996607846 783.0876834007831 786.1535945110918 784.3368251407843 -1.0 784.3368251407843 -1.0 1
178 0.125 nan 0.8 -1.0 -1.0 787.2316689607873 787.2326688607873 787.7463174907878 786.6481939807867 790.3202104265088 787.5014753107876 1.0 787.5014753107876 1.0 1
179 1.0 nan 0.8 1.0 1.0 791.4651122407914 791.4666120907915 791.7555165307917 790.8062114707908 793.3200133618982 791.6055315307916 -1.0 791.6055315307916 -1.0 1
180 0.0 nan 0.8 1.0 1.0 794.5482039007945 794.5492038007945 799.1932393507992 793.8072113407939 800.7532331537699 798.9086344807989 -1.0 799.1026150807991 -1.0 2
181 0.0625 nan 0.8 1.0 1.0 802.0315221608021 802.032388740802 802.6364616608026 801.2605326008013 804.2034540062461 802.4728446908025 -1.0 802.4728446908025 -1.0 1
182 0.0625 nan 0.8 1.0 1.0 805.2644655008053 805.2653320808053 805.7477505008058 804.7000552808047 807.320075553633 805.6043648408056 -1.0 805.6043648408056 -1.0 1
183 0.125 nan 0.8 1.0 1.0 808.3148937608083 808.3159603208084 808.8409744808089 807.8157770108078 810.402972036745 808.6747911008086 -1.0 808.6747911008086 -1.0 1
184 0.25 nan 0.8 1.0 1.0 811.6312954208116 811.6322286608116 812.7157869608127 810.8985687008109 814.2860807381802 811.8511401008119 -1.0 812.6264292308126 -1.0 2
185 0.125 nan 0.8 1.0 1.0 816.5312053808166 816.5321386208166 824.8327084808249 814.7830802108148 826.4027996454482 824.6530931108247 -1.0 824.6530931108247 -1.0 1
186 0.25 nan 0.8 1.0 1.0 827.6473936508277 827.6482602308276 828.020423010828 826.932898440827 829.5805156177379 827.8237093508278 -1.0 827.8237093508278 -1.0 1
187 1.0 nan 0.8 1.0 1.0 831.052853070831 831.0538863008311 831.3442239308314 830.08521651083 832.8977198674813 831.1983385208312 -1.0 831.1983385208312 -1.0 1
188 nan 0.0625 0.8 -1.0 1.0 833.9192997308339 833.9201663108339 834.3777205508344 833.4022181108334 835.9303447782914 834.1642419008342 1.0 834.1642419008342 1.0 1
189 nan 0.0 0.8 -1.0 1.0 836.969328030837 836.970427920837 837.2586324308372 836.4389477408364 838.8192322554039 837.1119804308371 1.0 837.1119804308371 1.0 1
190 nan 0.0625 0.8 -1.0 1.0 840.01395687084 840.01505676084 840.3038612108403 839.3167266008393 841.8643526139919 840.1606755308402 1.0 840.1606755308402 1.0 1
191 0.0625 nan 0.8 -1.0 -1.0 845.1857396408452 845.1866062208452 845.5089406508455 842.3626553108423 848.0689657508788 845.3635551908453 1.0 845.3635551908453 1.0 1
192 nan 0.125 0.8 -1.0 1.0 849.1974384308492 849.1985383208493 849.5676680708495 848.6030645408487 851.1303637001564 849.4144167308494 1.0 849.4144167308494 1.0 1
193 0.0625 nan 0.8 -1.0 -1.0 852.1192128908522 852.1201461308522 852.3518229608524 851.6368611308517 854.913890430329 852.1724742308522 1.0 852.1724742308522 1.0 1
194 0.0625 nan 0.8 -1.0 -1.0 856.1858728508562 856.1870727308562 856.7567490908567 855.6365944508557 859.3139108711326 856.3472233808563 1.0 856.5949986008566 1.0 2
195 nan 0.0625 0.8 -1.0 1.0 860.3854195208604 860.3863527608604 860.7778136108608 859.8060108008598 862.3306090043505 860.5939986608606 1.0 860.5939986608606 1.0 1
196 0.0 nan 0.8 -1.0 -1.0 864.035454480864 864.036287730864 864.3482898608644 862.8393074408629 866.9186168917688 864.2221024808642 1.0 864.2221024808642 1.0 1
197 0.125 nan 0.8 -1.0 -1.0 868.1137799408681 868.1148798308682 868.5858660608686 867.4218158108674 871.1469266382521 868.4313815108684 1.0 868.4313815108684 1.0 1
198 1.0 nan 0.8 1.0 1.0 872.1353110808722 872.1364776308722 872.4090170408724 871.6544258408717 873.9634427900083 872.2674645308723 -1.0 872.2674645308723 -1.0 1
199 0.0625 nan 0.8 1.0 1.0 875.1519760508752 875.1530759408752 882.0927485708821 874.4717440808745 883.6465709404088 881.924432070882 -1.0 881.924432070882 -1.0 1
200 0.25 nan 0.8 1.0 1.0 884.984925990885 884.985925890885 890.2567654208902 884.1966714908842 891.8184894410466 885.1403437808851 -1.0 890.1164794508901 -1.0 3
201 0.0625 nan 0.8 1.0 1.0 893.2793631308933 893.2804296908932 902.2436999409023 892.3583885708923 903.7965216178007 895.7141196308958 1.0 901.5786331209016 -1.0 3
202 0.0 nan 0.8 -1.0 -1.0 905.2012041609053 905.2022040609052 905.6788897209057 904.3544221809044 908.2292187841743 905.4643111809055 1.0 905.4643111809055 1.0 1
203 nan 0.0625 0.8 1.0 -1.0 909.7846457709098 909.7854790209097 916.0513523709161 908.7485160609087 918.617743343204 915.952195620916 -1.0 915.952195620916 -1.0 1
204 0.25 nan 0.8 1.0 1.0 919.6961545209197 919.6972877409197 920.2136694309203 919.1477427009191 921.7629603510765 920.0469194409201 -1.0 920.0469194409201 -1.0 1
205 nan 0.0 0.8 -1.0 1.0 923.4511789809235 923.4522122109234 923.8161758109238 922.2812626509223 925.3842672121812 923.6487258909236 1.0 923.6487258909236 1.0 1
206 0.25 nan 0.8 1.0 1.0 926.4624778209264 926.4635110509265 929.4759764409295 925.9059668109259 931.0293724260146 928.8637376709289 1.0 929.4235150209295 -1.0 3
207 nan 0.25 0.2 -1.0 1.0 932.5176722409325 932.5187388009325 932.8273746009328 931.5323707809315 934.3841966707633 932.6798560209327 1.0 932.6798560209327 1.0 1
208 nan 1.0 0.2 -1.0 1.0 935.4626777109355 935.4636776109355 935.7373835709358 934.9044002109349 937.2960101008603 935.6175955509357 1.0 935.6175955509357 1.0 1
209 nan 1.0 0.2 -1.0 1.0 938.3503889109384 938.3512888209384 938.7883117809388 937.8083097909379 940.3458074270821 938.5310375109385 1.0 938.5310375109385 1.0 1
210 0.25 nan 0.2 1.0 1.0 941.4505122009415 941.4515787609415 950.1007137609502 940.8483057609409 951.645446867508 941.7085530609418 1.0 949.6575580809497 1.0 2
211 nan 1.0 0.2 -1.0 1.0 953.000590410953 953.001690300953 953.3715533109533 952.4277477009524 954.9291486877373 953.1759395409532 1.0 953.2618642809533 1.0 2
212 0.0625 nan 0.2 1.0 1.0 956.034020370956 956.034953610956 971.4793756809715 955.4396464809555 973.0333975063118 956.2751295909563 1.0 971.3096593209713 -1.0 3
213 nan 0.125 0.2 -1.0 1.0 974.1785057409742 974.1796389609742 981.4732095309815 973.5984970809736 983.0336026328208 981.2085693309812 1.0 981.2085693309812 1.0 1
214 0.0 nan 0.2 1.0 1.0 984.0783156609841 984.079448880984 996.9077659209969 983.5600008309835 998.4614525595409 996.6769556709967 -1.0 996.6769556709967 -1.0 1
215 nan 0.125 0.2 -1.0 1.0 999.8665700109999 999.8675032509999 1000.2815618410003 999.031753500999 1001.8330572771898 1000.1163450310002 1.0 1000.1163450310002 1.0 1
216 1.0 nan 0.2 1.0 1.0 1002.944795491003 1002.946128691003 1003.2413658310032 1002.3437556010024 1004.7998600550395 1003.0812818410031 -1.0 1003.0812818410031 -1.0 1
217 nan 0.0 0.2 -1.0 1.0 1005.7778454910058 1005.7787454010058 1009.8734692210098 1005.3018597610053 1011.4328927611849 1009.6065959110097 1.0 1009.6065959110097 1.0 1
218 0.125 nan 0.2 -1.0 -1.0 1012.6279270810127 1012.6289603110126 1013.0712827410131 1011.9539944810119 1015.6328084111756 1012.7975434510128 1.0 1012.7975434510128 1.0 1
219 nan 1.0 0.2 -1.0 1.0 1016.894533711017 1016.8956002710169 1017.5247040210176 1016.1508080910162 1019.0776014910505 1017.2803284610172 1.0 1017.2803284610172 1.0 1
220 0.125 nan 0.2 -1.0 -1.0 1020.1994698510202 1020.2005364110203 1020.6748223110206 1019.5846980010195 1023.2278160478425 1020.3510213610203 1.0 1020.3510213610203 1.0 1
221 nan 0.25 0.2 -1.0 1.0 1024.2324331810241 1024.2334330810243 1024.8525378310248 1023.7348162810238 1026.3995291826059 1024.7716792510248 1.0 1024.7716792510248 1.0 1
222 0.25 nan 0.2 1.0 1.0 1027.5936970210275 1027.5946969210277 1028.078215231028 1026.925330531027 1029.6273417621849 1027.7976099610278 -1.0 1027.7976099610278 -1.0 1
223 nan 0.25 0.2 -1.0 1.0 1030.6657897810308 1030.6666563610306 1031.013754981031 1030.1367426910301 1032.56104860835 1030.8438053110308 1.0 1030.8438053110308 1.0 1
224 1.0 nan 0.2 1.0 1.0 1033.7823780910337 1033.7832780010338 1034.4772419310345 1033.088747461033 1036.0494644707276 1033.949828011034 -1.0 1034.2604969410343 1.0 2
225 nan 0.25 0.2 -1.0 1.0 1038.3608868610384 1038.3618534310383 1038.7258503610387 1036.5781651510365 1040.2773744970063 1038.6056957110386 1.0 1038.6056957110386 1.0 1
226 nan 0.25 0.2 -1.0 1.0 1041.2826946510413 1041.2837945410413 1041.5476681510415 1040.815474711041 1043.0940662892647 1041.4285800610414 1.0 1041.4285800610414 1.0 1
227 nan 0.0625 0.2 -1.0 1.0 1044.3659196310443 1044.3667528810445 1044.5584670410447 1043.6096619310435 1046.1106887052003 1044.3634865410443 1.0 1044.3634865410443 1.0 1
228 nan 0.25 0.2 -1.0 1.0 1049.96535963105 1049.96632620105 1050.18190464105 1046.6422919710467 1051.7489962721913 1050.1017793210501 1.0 1050.1017793210501 1.0 1
229 0.125 nan 0.2 -1.0 -1.0 1052.860036801053 1052.8609367110528 1053.1766051410532 1052.2939934110523 1055.7489021004276 1053.000722731053 1.0 1053.000722731053 1.0 1
230 nan 1.0 0.2 -1.0 1.0 1057.5602000710576 1057.5611666410575 1057.7950099210577 1056.5446016410565 1059.3605037255702 1057.6919535610577 1.0 1057.6919535610577 1.0 1
231 1.0 nan 0.2 1.0 1.0 1062.1652728510621 1062.1661061010623 1062.5917302010625 1059.8766017410599 1064.165718930801 1062.3104916610623 -1.0 1062.5059387810625 -1.0 2
232 nan 1.0 0.2 -1.0 1.0 1065.2104683010652 1065.2113682110653 1065.4687424710655 1064.7051188410646 1067.0319328053802 1065.3533873410654 1.0 1065.3533873410654 1.0 1
233 nan 0.125 0.2 -1.0 1.0 1068.076415011068 1068.0773149210681 1068.3966496510684 1067.5581335110676 1069.960439222585 1068.2412985210683 1.0 1068.2412985210683 1.0 1
234 nan 0.125 0.2 -1.0 1.0 1071.2652960910714 1071.2662626610713 1071.7532472910718 1070.5001392810705 1073.315639735294 1071.4264799710713 1.0 1071.4264799710713 1.0 1
235 nan 0.125 0.2 1.0 -1.0 1074.6100615810747 1074.6111948010746 1075.4138478610755 1073.8515374410738 1077.9821668384634 1074.8442048310749 1.0 1075.2104348710752 -1.0 2
236 nan 0.0625 0.2 -1.0 1.0 1079.010254851079 1079.0111214310791 1085.2006690810852 1078.5294696010785 1086.7600903433656 1082.4599765110825 1.0 1085.1713386810852 1.0 2
237 0.125 nan 0.2 -1.0 -1.0 1088.865102601089 1088.8659358510888 1089.1686055810892 1087.3177906810872 1091.731797212207 1088.925929851089 1.0 1088.925929851089 1.0 1
238 nan 0.0625 0.2 -1.0 1.0 1092.892866451093 1092.8938663510928 1093.2547969210932 1092.2664957610923 1094.809417096393 1093.1308426510932 1.0 1093.1308426510932 1.0 1
239 nan 0.0 0.2 -1.0 1.0 1095.8314392310958 1095.8325057910959 1096.1138109910962 1095.3527204410955 1097.6814063667853 1095.858636511096 1.0 1095.858636511096 1.0 1
240 nan 0.0625 0.2 -1.0 1.0 1099.3765180210994 1099.3774179310994 1099.7188171210996 1098.2168006710983 1101.281407523283 1099.5891300910996 1.0 1099.5891300910996 1.0 1
241 nan 1.0 0.2 -1.0 1.0 1103.2762280111033 1103.2773612311032 1103.870835211104 1101.814407541102 1105.43152310434 1103.7149841311036 1.0 1103.7149841311036 1.0 1
242 0.0625 nan 0.2 -1.0 -1.0 1106.4764079611066 1106.4773078711064 1106.7849771011067 1105.979624311106 1109.3478345325484 1106.6319924011066 1.0 1106.6319924011066 1.0 1
243 nan 0.0 0.2 -1.0 1.0 1110.3757846511103 1110.3769178711104 1110.6861536111107 1109.8839338411099 1112.2483431041965 1110.5599662311106 1.0 1110.5599662311106 1.0 1
244 nan 0.0625 0.2 -1.0 1.0 1114.5427679111147 1114.5438344711145 1114.947760741115 1112.7942427811129 1116.5093511475204 1114.7906431211147 1.0 1114.7906431211147 1.0 1
245 0.125 nan 0.2 -1.0 -1.0 1119.5143373711196 1119.5154039311196 1120.05808299112 1117.054150081117 1122.6140728558441 1119.6966524711197 1.0 1119.6966524711197 1.0 1
246 nan 0.125 0.2 -1.0 1.0 1123.842637831124 1123.8436710611238 1124.1788708711242 1123.1587728911231 1125.7477908044182 1124.048183941124 1.0 1124.048183941124 1.0 1
247 nan 0.0625 0.2 -1.0 1.0 1128.2587628411284 1128.2595960911283 1128.6679885811286 1126.2987921911263 1130.2257112806537 1128.4544099411285 1.0 1128.4544099411285 1.0 1
248 nan 0.25 0.2 -1.0 1.0 1131.4142472611313 1131.4152138311315 1131.6667886711316 1130.7704116511309 1133.2308132335331 1131.4584428411315 1.0 1131.4584428411315 1.0 1
249 nan 0.0 0.2 -1.0 1.0 1135.1759043911352 1135.1768376311352 1135.4614091711355 1133.7752111411337 1137.0144034310729 1135.3240562411354 1.0 1135.3240562411354 1.0 1
250 nan 1.0 0.2 -1.0 1.0 1138.4755410611385 1138.4764076411384 1138.6979188211387 1137.5547998111376 1140.2641085018436 1138.5959623511385 1.0 1138.5959623511385 1.0 1
251 nan 1.0 0.2 -1.0 1.0 1141.2588293711412 1141.2597626111412 1141.4570428811414 1140.7958090111408 1143.0141310829538 1141.3225230011412 1.0 1141.3225230011412 1.0 1
252 nan 1.0 0.2 -1.0 1.0 1144.3423209911443 1144.3433208911445 1144.5914294111446 1143.5466339011437 1146.141951284074 1144.4668085411445 1.0 1144.4668085411445 1.0 1
253 nan 0.25 0.2 -1.0 1.0 1149.030485461149 1149.031552021149 1149.3036581411493 1146.6931525511468 1150.8587493759974 1149.1936691411493 1.0 1149.1936691411493 1.0 1
254 nan 0.0625 0.2 -1.0 1.0 1152.964125391153 1152.965158621153 1153.6755542411536 1151.4180466811515 1155.24177459833 1153.5015049811534 1.0 1153.5015049811534 1.0 1
255 0.125 nan 0.2 -1.0 -1.0 1156.4808070211566 1156.4817735911565 1156.866101821157 1155.7880763011558 1159.4303914076643 1156.6691548511567 1.0 1156.6691548511567 1.0 1
256 1.0 nan 0.8 1.0 1.0 1160.5253691911605 1160.5263690911606 1160.976190771161 1159.97049135116 1162.5251850535722 1160.7088175111608 -1.0 1160.7088175111608 -1.0 1
257 0.25 nan 0.8 -1.0 -1.0 1163.6301920111637 1163.6313252311636 1164.1983018611643 1163.070881281163 1166.7585915033221 1164.046883671164 1.0 1164.046883671164 1.0 1
258 0.25 nan 0.8 1.0 1.0 1168.030551931168 1168.031585161168 1171.5422007311715 1167.3092907311673 1173.0971214569272 1171.4400109511714 -1.0 1171.4400109511714 -1.0 1
259 0.25 nan 0.8 1.0 1.0 1174.2245991311743 1174.2254657111741 1183.4117469911835 1173.6601222511736 1184.95843632806 1174.6894526411747 1.0 1183.1528062211833 -1.0 3
260 nan 0.25 0.8 -1.0 1.0 1186.0961785211862 1186.0972450811862 1186.3635517811863 1185.5320349411857 1187.9300407499895 1186.2634951211862 1.0 1186.2634951211862 1.0 1
261 1.0 nan 0.8 1.0 1.0 1188.941360641189 1188.942227221189 1189.3322548811893 1188.4848396311886 1190.896944462354 1189.098278281189 -1.0 1189.098278281189 -1.0 1
262 0.25 nan 0.8 1.0 1.0 1192.1584055711921 1192.1594721311922 1192.5881625911927 1191.4497431111915 1194.1410519079548 1192.3465867511923 -1.0 1192.3465867511923 -1.0 1
263 nan 0.0625 0.8 -1.0 1.0 1195.4130467411953 1195.4141133011954 1195.836771031196 1194.7006513211948 1197.3909615310977 1195.6345579211957 1.0 1195.6345579211957 1.0 1
264 1.0 nan 0.8 1.0 1.0 1198.6132600211986 1198.6140266111986 1199.1069773111992 1197.934961191198 1200.6579952148 1198.8720008111989 1.0 1198.8720008111989 1.0 1
265 0.0625 nan 0.8 -1.0 -1.0 1201.8466366512018 1201.847636551202 1202.2926587112022 1201.2154997712012 1204.846385420789 1202.071480831202 1.0 1202.071480831202 1.0 1
266 0.25 nan 0.8 1.0 1.0 1205.874467161206 1205.875267081206 1206.3429869712063 1205.4036809112054 1207.890906892224 1206.052282711206 -1.0 1206.052282711206 -1.0 1
267 0.125 nan 0.8 1.0 1.0 1209.063148261209 1209.0641814912092 1216.4030142012164 1208.4436102212085 1217.9579338247265 1212.144240121212 1.0 1216.017352771216 -1.0 2
268 0.125 nan 0.8 1.0 1.0 1219.1629715112192 1219.1640380712192 1228.8721671612288 1218.5465331612186 1230.4288495180008 1228.7713105812288 -1.0 1228.7713105812288 -1.0 1
269 nan 1.0 0.8 -1.0 1.0 1232.3075902512323 1232.3084568312324 1232.5843625712325 1231.0503493212311 1234.1458789048445 1232.4629747112324 1.0 1232.4629747112324 1.0 1
270 nan 0.125 0.8 -1.0 1.0 1235.3908818912355 1235.3917484712354 1235.7176825412357 1234.7118831312348 1237.2788728803562 1235.5757634012357 1.0 1235.5757634012357 1.0 1
271 1.0 nan 0.8 1.0 1.0 1238.5574985312385 1238.5583651112386 1239.1763699712392 1237.8490693812378 1240.7239916409012 1239.014919451239 -1.0 1239.014919451239 -1.0 1
272 0.0625 nan 0.8 1.0 1.0 1242.2454297012423 1242.2462962812422 1249.1824026012491 1241.5853957112415 1250.7405217954638 1242.5943614712426 1.0 1248.980789431249 -1.0 2
273 1.0 nan 0.8 1.0 1.0 1252.028884591252 1252.0297845012522 1252.6608213912527 1251.3281213412513 1254.2124124063373 1252.1792362212523 -1.0 1252.1792362212523 -1.0 1
274 0.0625 nan 0.8 -1.0 -1.0 1256.3400534312564 1256.3410533312563 1256.952692161257 1254.7800094512547 1259.506843454349 1256.5826625012567 1.0 1256.819872111257 1.0 2
275 0.25 nan 0.8 1.0 1.0 1260.6952178712606 1260.6963177612606 1267.4397433512675 1260.08684538126 1268.9954610237737 1261.1974676412613 -1.0 1261.1974676412613 -1.0 1
276 0.125 nan 0.8 1.0 1.0 1270.2901249512704 1270.2911248512703 1279.86380082128 1269.5962610112697 1281.4281837497322 1279.7119826712797 -1.0 1279.7119826712797 -1.0 1
277 1.0 nan 0.8 1.0 1.0 1282.5062365512824 1282.5072697812825 1282.932293941283 1282.033183861282 1284.4950078889253 1282.6776860712828 -1.0 1282.6776860712828 -1.0 1
278 0.125 nan 0.8 1.0 1.0 1285.6561548612856 1285.6572214212856 1291.8951309012919 1285.0811123712851 1293.4567149658467 1291.6142923212917 -1.0 1291.6142923212917 -1.0 1
279 0.25 nan 0.8 -1.0 -1.0 1294.7444792712947 1294.7454458412947 1295.1977006112952 1294.063114081294 1297.7561506312484 1294.8874316412948 1.0 1294.8874316412948 1.0 1
280 0.0625 nan 0.8 -1.0 -1.0 1298.844769201299 1298.8456357812988 1307.4981704413076 1298.3301540012983 1310.0564863620712 1304.6364566413047 1.0 1307.2775925013073 1.0 3
281 nan 1.0 0.8 -1.0 1.0 1311.3274874713113 1311.3284207113113 1311.5795622613116 1310.6656869913106 1313.1444840632919 1311.4732062313115 1.0 1311.4732062313115 1.0 1
282 0.0 nan 0.8 -1.0 -1.0 1314.2560612513143 1314.2570611513142 1319.4826052113194 1313.7136821613137 1322.0395917234493 1319.053014841319 -1.0 1319.053014841319 -1.0 1
283 nan 1.0 0.8 -1.0 1.0 1323.094277341323 1323.095210581323 1323.3997134613235 1322.6317902613227 1324.9555998201604 1323.3153552313233 1.0 1323.3153552313233 1.0 1
284 0.25 nan 0.8 1.0 1.0 1326.7446456013267 1326.7454788513267 1327.2860247913272 1325.5369997113255 1328.8394104406673 1326.9170283613269 -1.0 1327.2210312913273 -1.0 2
285 0.0625 nan 0.8 -1.0 -1.0 1330.3937806513304 1330.3947472213304 1330.8507349513309 1329.4336100113294 1333.4054222263348 1330.5892611013305 1.0 1330.5892611013305 1.0 1
286 0.125 nan 0.8 1.0 1.0 1334.5607305813346 1334.5616971513346 1334.963523631335 1333.982821711334 1336.5223413181377 1334.828737111335 -1.0 1334.828737111335 -1.0 1
287 1.0 nan 0.8 1.0 1.0 1337.7773088913377 1337.778275461338 1338.3197546413382 1337.0997433213372 1339.8890424719016 1337.935059781338 -1.0 1337.935059781338 -1.0 1
288 0.0625 nan 0.8 1.0 1.0 1340.944025521341 1340.9448921013409 1369.2324297313692 1340.4671398813405 1370.7937374179273 1355.3275536913554 1.0 1369.0646131813692 -1.0 2
289 0.0625 nan 0.8 -1.0 -1.0 1373.055280741373 1373.0562806413732 1399.9401586514 1371.4868376013715 1402.487502237192 1380.4723056313806 1.0 1399.8245368813998 1.0 4
290 0.25 nan 0.8 -1.0 -1.0 1403.8262700014038 1403.8271032514037 1404.3490843814043 1403.1667026314033 1406.9094337752208 1404.1734686114041 1.0 1404.1734686114041 1.0 1
291 0.25 nan 0.8 -1.0 -1.0 1410.2711921114103 1410.2719920314103 1410.6199905614105 1407.4958363414075 1413.1708416856945 1410.5078684414104 1.0 1410.5078684414104 1.0 1
292 0.0625 nan 0.8 -1.0 -1.0 1415.3597165414153 1415.3606164514154 1420.870532071421 1413.7914400514137 1423.4261806438014 1420.0681123214201 -1.0 1420.7025155414208 1.0 3
293 0.25 nan 0.8 -1.0 -1.0 1426.070745331426 1426.0717119014262 1435.1785677914352 1424.3667824114243 1437.7376174701415 1434.8589997514348 1.0 1434.8589997514348 1.0 1
294 nan 0.0625 0.2 -1.0 1.0 1438.908994711439 1438.909861291439 1439.2332289514393 1438.3529169914384 1440.7871179652038 1439.109607981439 1.0 1439.109607981439 1.0 1
295 1.0 nan 0.2 -1.0 -1.0 1444.8422346614448 1444.843067911445 1445.050413841445 1441.3653157214414 1447.603529740002 1444.952723611445 1.0 1444.952723611445 1.0 1
296 nan 0.0 0.2 -1.0 1.0 1448.7756746114487 1448.7766745114488 1457.7533767514578 1448.2323289514482 1459.3084597529046 1457.6043916514577 1.0 1457.6043916514577 1.0 1
297 nan 1.0 0.2 -1.0 1.0 1465.9036283114658 1465.9046948714658 1466.131872151466 1459.92705936146 1467.6869863289844 1466.0352818114661 1.0 1466.0352818114661 1.0 1
298 nan 0.0625 0.2 -1.0 1.0 1468.8418011314689 1468.8426343814688 1469.055679741469 1468.3122874214682 1470.6032968491902 1468.974187891469 1.0 1468.974187891469 1.0 1
299 nan 0.0625 0.2 -1.0 1.0 1472.091976081472 1472.092909321472 1472.2964889614723 1471.2177968414712 1473.853206135977 1472.1911661614722 1.0 1472.1911661614722 1.0 1
300 0.25 nan 0.2 -1.0 -1.0 1476.8252027114768 1476.826169281477 1477.0931759114771 1474.4491070114746 1479.6582244746608 1476.990586171477 1.0 1476.990586171477 1.0 1
301 nan 1.0 0.2 -1.0 1.0 1480.7864065514807 1480.7874397814808 1481.046813841481 1480.2647253914802 1482.6031338728012 1480.924626061481 1.0 1480.924626061481 1.0 1
302 nan 0.25 0.2 -1.0 1.0 1485.2081643314852 1485.2090309114851 1485.5154336014855 1483.1835334814832 1487.06934940692 1485.3690482414854 1.0 1485.3690482414854 1.0 1
303 0.0625 nan 0.2 -1.0 -1.0 1489.2914226314892 1489.2926225114893 1489.7066144414898 1487.6771507414876 1492.2583629281858 1489.5226995014896 1.0 1489.5226995014896 1.0 1
304 nan 0.0625 0.2 -1.0 1.0 1493.4859364714935 1493.4868697114935 1502.3229860115023 1492.8939623414929 1503.8743706178045 1501.961888791502 1.0 1501.961888791502 1.0 1
305 nan 0.0 0.2 -1.0 1.0 1505.1362379915051 1505.1373378815051 1505.3785804215054 1504.4931689715045 1506.9523931480023 1505.2688580615052 1.0 1505.2688580615052 1.0 1
306 nan 0.125 0.2 -1.0 1.0 1510.1909991315101 1510.1919323715101 1510.7627086215107 1507.5504965415075 1512.319292682163 1510.6254556815106 1.0 1510.6254556815106 1.0 1
307 nan 0.125 0.2 -1.0 1.0 1513.3911124215133 1513.3922123115135 1513.8235025115139 1512.938191051513 1515.3689170588445 1513.6279887315136 1.0 1513.6279887315136 1.0 1
308 nan 0.25 0.2 -1.0 1.0 1516.5244657215164 1516.5254656215166 1517.5949253315175 1515.971621011516 1519.1523134441695 1516.904661031517 1.0 1517.5329315315175 1.0 2
309 nan 1.0 0.2 -1.0 1.0 1521.1576356915211 1521.1587355815211 1521.5063341515215 1519.7516096415197 1523.0527463660344 1521.4172430615215 1.0 1521.4172430615215 1.0 1
310 1.0 nan 0.2 1.0 1.0 1524.2409606615242 1524.2420272215243 1524.7993381515248 1523.6721508815237 1526.369256522934 1524.5970917115246 -1.0 1524.6663514515246 -1.0 2
311 nan 0.25 0.2 -1.0 1.0 1527.6409872915276 1527.6419871915277 1527.937157671528 1526.960755321527 1529.5023456023737 1527.7959717915278 1.0 1527.7959717915278 1.0 1
312 0.0625 nan 0.2 -1.0 -1.0 1530.6075572715306 1530.6085571715307 1530.883563001531 1530.10544082153 1533.4578741790115 1530.7474099515307 1.0 1530.7474099515307 1.0 1
313 nan 1.0 0.2 -1.0 1.0 1534.6353544515346 1534.6361543715348 1534.931458171535 1534.056978961534 1536.5076765096524 1534.802771041535 1.0 1534.802771041535 1.0 1
314 nan 0.0625 0.2 -1.0 1.0 1537.901794441538 1537.9028276715378 1538.2868892615384 1537.112173411537 1539.8572742714725 1538.153035981538 1.0 1538.153035981538 1.0 1
315 nan 0.0625 0.2 -1.0 1.0 1543.135571011543 1543.1367375615432 1543.4109768015435 1540.4590720215406 1544.9742911859041 1543.2966215715433 1.0 1543.2966215715433 1.0 1
316 nan 1.0 0.2 -1.0 1.0 1546.918759321547 1546.919592571547 1547.1911987415472 1545.5965915515455 1548.7571126929004 1547.0784100215471 1.0 1547.0784100215471 1.0 1
317 1.0 nan 0.2 1.0 1.0 1549.83530097155 1549.83623421155 1550.5781933415506 1549.3678143915495 1552.135512851624 1550.3959782315503 -1.0 1550.3959782315503 -1.0 1
318 nan 0.125 0.2 -1.0 1.0 1553.6070570915535 1553.6081569815535 1553.891428651554 1553.081609641553 1555.4516122002958 1553.7542090415538 1.0 1553.7542090415538 1.0 1
319 nan 0.125 0.2 -1.0 1.0 1557.2570920515573 1557.2580919515572 1557.5033340915575 1556.061711601556 1559.068343945914 1557.2920885515573 1.0 1557.2920885515573 1.0 1
320 nan 0.0625 0.2 -1.0 1.0 1560.3904120215605 1560.3913452615604 1560.7383438915608 1559.6837493615596 1562.301931618452 1560.5593284615607 1.0 1560.5593284615607 1.0 1
321 nan 0.0 0.2 -1.0 1.0 1565.106573691565 1565.107606921565 1565.4015441915653 1562.914726231563 1566.9683549514584 1565.1311045715652 1.0 1565.1311045715652 1.0 1
322 1.0 nan 0.2 1.0 1.0 1568.3900786415684 1568.3912118615683 1568.9128596915689 1567.5942582315677 1570.4847728272273 1568.5460297115685 -1.0 1568.8084701315688 -1.0 2
323 nan 0.0625 0.2 -1.0 1.0 1572.056745271572 1572.057811831572 1572.4518724215725 1571.0958747015711 1574.0179879929622 1572.2171958915721 1.0 1572.2171958915721 1.0 1
324 0.125 nan 0.2 -1.0 -1.0 1576.1067402315762 1576.107740131576 1576.3680807615765 1574.6257883415747 1578.9350944663122 1576.2417933915763 1.0 1576.2417933915763 1.0 1
325 nan 0.25 0.2 -1.0 1.0 1580.1064402215802 1580.10734013158 1580.3979777315803 1579.5778930815795 1581.9732936291016 1580.2647243915803 1.0 1580.2647243915803 1.0 1
326 nan 1.0 0.2 -1.0 1.0 1583.1182723415832 1583.119305571583 1583.4082100115834 1582.5958912515825 1584.973393632633 1583.2755899415833 1.0 1583.2755899415833 1.0 1
327 nan 0.0 0.2 -1.0 1.0 1586.3516823015864 1586.3525822115864 1593.0378136215932 1585.5907917315856 1594.6066237916168 1586.5778596815867 1.0 1592.8875953115928 1.0 2
328 nan 1.0 0.2 -1.0 1.0 1595.817502291596 1595.818435531596 1596.072343471596 1595.2568250315953 1597.6397271746719 1595.957421631596 1.0 1595.957421631596 1.0 1
329 0.0625 nan 0.2 -1.0 -1.0 1598.8343005815989 1598.835367141599 1599.106706671599 1598.2547252115983 1601.6674525368917 1598.992284781599 1.0 1598.992284781599 1.0 1
330 nan 0.25 0.2 -1.0 1.0 1602.8061700216028 1602.8073032416028 1603.1381368216032 1602.2773562416023 1604.7008548952167 1603.029681001603 1.0 1603.029681001603 1.0 1
331 nan 0.0625 0.2 -1.0 1.0 1605.8562983116058 1605.8572315516058 1606.1240715316062 1605.3190520416053 1607.6841558850604 1606.001283811606 1.0 1606.001283811606 1.0 1
332 nan 0.0625 0.2 -1.0 1.0 1609.0891416616091 1609.0902082216091 1609.4117760616093 1608.2955543616083 1610.9676592301341 1609.2441261616093 1.0 1609.2441261616093 1.0 1
333 0.0625 nan 0.2 -1.0 -1.0 1612.1725332916121 1612.1734665316121 1612.4114760616123 1611.5931579016117 1614.9675873967446 1612.2980207416124 1.0 1612.2980207416124 1.0 1
334 nan 0.25 0.2 -1.0 1.0 1617.1561015516172 1617.1570681216172 1617.4475057416175 1615.5886916416157 1619.017087215468 1617.3342504016173 1.0 1617.3342504016173 1.0 1
335 nan 0.25 0.2 -1.0 1.0 1620.6061565116206 1620.6069897616205 1620.8679969916209 1619.6646840016197 1622.434307878699 1620.7288775716208 1.0 1620.7288775716208 1.0 1
336 nan 0.25 0.2 -1.0 1.0 1623.7394431516238 1623.7402764016238 1624.017615331624 1623.0626108416232 1625.5894006859064 1623.902960131624 1.0 1623.902960131624 1.0 1
337 nan 0.125 0.2 -1.0 1.0 1626.917158681627 1626.918225241627 1627.1919312016273 1626.2138956816261 1628.756110930707 1627.050078721627 1.0 1627.050078721627 1.0 1
338 nan 0.0625 0.2 -1.0 1.0 1631.150901931631 1631.1518018416311 1631.4929343916315 1629.3818121916295 1633.050745585225 1631.3075529316313 1.0 1631.3075529316313 1.0 1
339 0.25 nan 0.2 -1.0 -1.0 1634.1721331116341 1634.173099681634 1634.5233979816346 1633.6802489716338 1637.0837483539485 1634.3696800216344 1.0 1634.3696800216344 1.0 1
340 0.125 nan 0.2 -1.0 -1.0 1638.2557247116383 1638.2566912816383 1638.7546748116388 1637.7108458716377 1641.322554717423 1638.6252210916387 1.0 1638.6252210916387 1.0 1
341 nan 0.125 0.2 -1.0 1.0 1642.6340535016427 1642.6349534116428 1642.936456591643 1641.963153931642 1644.5055683484354 1642.837966441643 1.0 1642.837966441643 1.0 1
342 nan 0.125 0.2 -1.0 1.0 1645.6666835416456 1645.6675501216457 1646.014182121646 1645.140969451645 1647.5721662150236 1645.8695299216458 1.0 1645.8695299216458 1.0 1
343 nan 0.25 0.2 -1.0 1.0 1648.917091801649 1648.918158361649 1649.3009867416492 1648.1938641316483 1650.8720679193298 1649.1008400916492 1.0 1649.1008400916492 1.0 1
344 1.0 nan 0.2 1.0 1.0 1652.033613451652 1652.034446701652 1652.4948006616526 1651.5047663416515 1654.0552795456988 1652.3590475716524 -1.0 1652.3590475716524 -1.0 1
345 nan 1.0 0.2 -1.0 1.0 1655.3001534316554 1655.3010533416552 1655.5764924616556 1654.6855815616548 1657.1334027430228 1655.4453722416554 1.0 1655.4453722416554 1.0 1
346 0.0 nan 0.2 -1.0 -1.0 1658.6051895616586 1658.6059894816585 1675.020381211675 1657.7764057816578 1677.5882561774063 1658.8070360416589 1.0 1658.8070360416589 1.0 1
347 nan 0.0625 0.2 1.0 -1.0 1678.7999032216787 1678.8010031116787 1716.945654931717 1678.2736558516783 1719.499354059051 1700.5756254317007 1.0 1716.7399088417167 -1.0 2
348 nan 1.0 0.2 -1.0 1.0 1720.804402351721 1720.8052689317208 1721.1593668517212 1720.2889539017203 1722.7208775981032 1720.969719151721 1.0 1720.969719151721 1.0 1
349 nan 0.25 0.2 -1.0 1.0 1724.0825411717242 1724.083541071724 1724.3807780117245 1723.3489812017233 1725.9320917824605 1724.2509576617242 1.0 1724.2509576617242 1.0 1
350 nan 0.25 0.2 -1.0 1.0 1727.6706823217278 1727.6714822417277 1728.0652761917281 1726.5627931217266 1729.615593054164 1727.858563531728 1.0 1727.858563531728 1.0 1
351 nan 0.125 0.2 -1.0 1.0 1730.7708389417307 1730.7717721817307 1731.1385021717313 1730.2540906217303 1732.7041122570015 1730.987917231731 1.0 1730.987917231731 1.0 1
352 0.125 nan 0.2 -1.0 -1.0 1735.1656660817353 1735.1666659817352 1735.4380055117354 1733.3398153517333 1738.0037195925154 1735.3181841617354 1.0 1735.3181841617354 1.0 1
353 nan 0.0625 0.2 -1.0 1.0 1739.2487577317393 1739.2496243117394 1750.5308627417505 1738.6358190317387 1752.0873393488273 1750.3186173017502 1.0 1750.3186173017502 1.0 1
354 nan 0.0625 0.2 -1.0 1.0 1753.2655225817532 1753.2663891617533 1783.3346487017834 1752.7648393217528 1784.9032482405664 1753.8444646817538 1.0 1783.2393582317832 1.0 6
355 0.25 nan 0.8 -1.0 -1.0 1786.2648889817863 1786.2657888917863 1786.8101344517868 1785.6570497717858 1789.380848914805 1786.6363851617866 1.0 1786.6363851617866 1.0 1
356 0.125 nan 0.8 -1.0 -1.0 1790.6197201217906 1790.6207200217907 1796.5629590717965 1790.0234464217901 1799.131369808066 1793.029579111793 1.0 1796.3004519917963 1.0 4
357 1.0 nan 0.8 1.0 1.0 1800.4864000218006 1800.4872332718005 1800.7492737318007 1799.7930693617998 1802.3144850395008 1800.6121874418006 -1.0 1800.6121874418006 -1.0 1
358 0.125 nan 0.8 -1.0 -1.0 1803.4360716918034 1803.4368382818034 1818.950586751819 1802.954586511803 1821.5195254884386 1809.2337918618093 1.0 1818.7584059718188 1.0 2
359 0.0625 nan 0.8 -1.0 -1.0 1822.963752061823 1822.964851951823 1843.973484211844 1822.2251259318223 1846.5471192607993 1833.911557171834 1.0 1843.9450203918439 1.0 2
360 0.25 nan 0.8 1.0 1.0 1847.7852363318477 1847.7861362418478 1848.3035178318482 1847.2718210118474 1849.8637300701964 1847.982983221848 -1.0 1847.982983221848 -1.0 1
361 0.0 nan 0.8 -1.0 -1.0 1851.2183596518512 1851.2193595518513 1851.5026978818514 1850.5043310618505 1854.0692420942976 1851.3490799118513 1.0 1851.3490799118513 1.0 1
362 0.0625 nan 0.8 -1.0 -1.0 1855.2801867618552 1855.2812866518552 1876.3996079418764 1854.7186429218548 1878.96301249427 1864.990848931865 1.0 1876.2757536618763 1.0 2
363 1.0 nan 0.8 1.0 1.0 1880.6683143618807 1880.6691809418808 1880.947186471881 1879.6869125118797 1882.5131025269543 1880.8148663718807 -1.0 1880.8148663718807 -1.0 1
364 0.25 nan 0.8 1.0 1.0 1885.068340981885 1885.069440871885 1885.6860125418857 1883.1674977518833 1887.2517201484525 1885.2569221218853 -1.0 1885.4769334518855 -1.0 2
365 0.25 nan 0.8 -1.0 -1.0 1888.4965647918884 1888.4973980418886 1889.7243753318896 1887.929221531888 1892.2796223405398 1888.7003777418888 -1.0 1889.5293948318895 1.0 3
366 nan 0.25 0.8 -1.0 1.0 1893.6346176018938 1893.6356175018936 1893.950752651894 1892.930921311893 1895.5126306518284 1893.8103333618938 1.0 1893.8103333618938 1.0 1
367 0.0 nan 0.8 -1.0 -1.0 1896.7345075818967 1896.7355741418967 1897.1782298718972 1896.1596317418962 1899.7513407306005 1896.969617401897 1.0 1896.969617401897 1.0 1
368 0.125 nan 0.8 -1.0 -1.0 1901.1122364319012 1901.1131696719012 1927.091738221927 1900.4098400119005 1929.650740801388 1903.1639312419031 1.0 1927.036577071927 1.0 2
369 0.25 nan 0.8 1.0 1.0 1930.928921131931 1930.929987691931 1931.2125261019312 1930.3938413119304 1932.7785380412693 1931.093604661931 -1.0 1931.093604661931 -1.0 1
370 0.125 nan 0.8 1.0 1.0 1934.867027281935 1934.867927191935 1945.794967711946 1933.4482358419334 1947.3669674360863 1945.5550250419456 -1.0 1945.5550250419456 -1.0 1
371 nan 0.25 0.8 -1.0 1.0 1950.2120926219502 1950.2129925319502 1950.5244947119506 1948.4608677619485 1952.0788013322926 1950.3990072619504 1.0 1950.3990072619504 1.0 1
372 nan 1.0 0.8 -1.0 1.0 1953.8502287719539 1953.851262001954 1954.101603631954 1952.7526052119529 1955.6619157559935 1954.002313561954 1.0 1954.002313561954 1.0 1
373 0.0 nan 0.8 -1.0 -1.0 1956.999913771957 1957.000880341957 2009.89799010201 1956.3143156719564 2012.46624738335 1966.7140755919668 1.0 2009.7122753420097 1.0 11
374 nan 0.0625 0.8 -1.0 1.0 2013.860727122014 2013.8615937020138 2014.1944604120142 2013.3248473820133 2015.7439691144655 2014.045675292014 1.0 2014.045675292014 1.0 1
375 nan 0.125 0.8 -1.0 1.0 2016.882091622017 2016.883224842017 2017.4916639920175 2016.3947736920163 2019.049275923185 2017.3158482420174 1.0 2017.3158482420174 1.0 1
376 1.0 nan 0.8 1.0 1.0 2020.2771854120203 2020.2781519820203 2020.821297662021 2019.7248739820197 2022.3774777606789 2020.4523345620205 -1.0 2020.6637800820206 -1.0 2
377 1.0 nan 0.8 1.0 1.0 2023.5658231820237 2023.5667564220237 2024.2775853320243 2023.035676202023 2025.8324940920345 2023.7202744020237 -1.0 2024.1741290120242 -1.0 3
378 0.25 nan 0.8 1.0 1.0 2027.1940269920271 2027.1950268920273 2035.5914205020356 2026.4931970820264 2037.1435294154899 2027.3901407120275 -1.0 2035.4520344420355 -1.0 2
379 0.125 nan 0.8 -1.0 -1.0 2038.4822980520385 2038.4831979620385 2039.028176792039 2037.8564273120378 2041.577251178254 2038.7045424920386 1.0 2038.7045424920386 1.0 1
380 0.125 nan 0.8 -1.0 -1.0 2042.7487713620428 2042.7497712620427 2046.7100751920468 2042.2636532120423 2049.276649992773 2042.980314872043 -1.0 2046.4593336020464 1.0 2
381 nan 0.125 0.8 -1.0 1.0 2050.7488712720506 2050.749937832051 2051.1410653820512 2049.97594857205 2052.7103716423712 2050.965549602051 1.0 2050.965549602051 1.0 1
382 0.25 nan 0.8 1.0 1.0 2054.0819046020542 2054.082904502054 2059.4124048320596 2053.3799748020533 2060.976781425029 2059.0326761420592 1.0 2059.0326761420592 1.0 1
383 0.125 nan 0.8 -1.0 -1.0 2062.4152711820625 2062.4160711020622 2062.7427384320627 2061.6620798420618 2065.309811293356 2062.618350872063 1.0 2062.618350872063 1.0 1
384 0.125 nan 0.8 -1.0 -1.0 2066.5652561420666 2066.566356032067 2066.993679962067 2065.979714702066 2069.5648210939567 2066.834962502067 1.0 2066.834962502067 1.0 1
385 0.125 nan 0.8 -1.0 -1.0 2070.7593033620706 2070.760269932071 2079.009444932079 2070.2484211220703 2081.581651978354 2071.1942598620712 1.0 2078.9074218020787 1.0 2
386 0.0 nan 0.8 -1.0 -1.0 2082.842794892083 2082.843728132083 2091.041908232091 2082.274351742082 2093.6095805964746 2085.2631861620853 1.0 2090.8941896720908 1.0 2
387 0.125 nan 0.8 1.0 1.0 2094.964149302095 2094.965182532095 2099.018610482099 2094.3210802820945 2100.592915554212 2095.575021542096 1.0 2098.8233633420987 -1.0 2
388 0.0625 nan 0.8 1.0 1.0 2105.8640258721057 2105.864992442106 2115.5878533921154 2101.2843172221014 2117.16424863322 2115.4026385821153 -1.0 2115.4026385821153 -1.0 1
389 0.125 nan 0.8 -1.0 -1.0 2118.6089512521185 2118.6100844721186 2137.791432812138 2117.973548132118 2140.358802188274 2118.844161062119 1.0 2137.653479942138 1.0 4
390 nan 0.0625 0.8 1.0 -1.0 2141.5970855421415 2141.5980521121414 2148.738238022149 2141.1001019121413 2151.313642484728 2148.3689082921483 -1.0 2148.3689082921483 -1.0 1
391 0.25 nan 0.8 1.0 1.0 2153.291549312153 2153.292515882153 2166.942384092167 2152.019943152152 2168.5081894623067 2156.3928391521563 1.0 2166.749236742167 -1.0 3
392 nan 0.125 0.8 -1.0 1.0 2169.73003863217 2169.7308718821696 2171.079103712171 2169.222589382169 2172.6467115579144 2170.813163642171 1.0 2170.813163642171 1.0 1
393 0.125 nan 0.8 1.0 1.0 2174.041540772174 2174.042474012174 2174.5722876921745 2173.314413492173 2176.1249028643265 2174.381606762174 -1.0 2174.381606762174 -1.0 1
394 0.0625 nan 0.8 1.0 1.0 2177.3959386321776 2177.3967718821773 2184.2608187421843 2176.804197812177 2185.8242245778465 2177.8024646421777 1.0 2183.9208860721837 -1.0 2
395 1.0 nan 0.8 1.0 1.0 2187.012776852187 2187.013576772187 2187.4419339321876 2186.5360245321867 2189.013040142607 2187.268951232187 -1.0 2187.268951232187 -1.0 1
396 0.0625 nan 0.8 1.0 1.0 2190.3075140121905 2190.3085472421903 2203.913086652204 2189.6954418921896 2205.4737885533605 2203.791532142204 -1.0 2203.791532142204 -1.0 1
397 nan 0.0 0.8 -1.0 1.0 2206.978846712207 2206.979913272207 2225.168927522225 2206.2258886822065 2226.728952939531 2212.8642247822127 1.0 2225.135897492225 1.0 2
398 nan 1.0 0.8 -1.0 1.0 2228.656912022229 2228.657878592229 2229.2959481122293 2227.898954492228 2230.8623564409477 2229.082236152229 1.0 2229.082236152229 1.0 1
399 0.25 nan 0.8 -1.0 -1.0 2232.173793632232 2232.1747935322323 2237.082402722237 2231.5535556622317 2239.6403719343475 2232.5581218622324 1.0 2232.5581218622324 1.0 1
400 0.0 nan 0.8 1.0 1.0 2241.079003022241 2241.079969592241 2252.3924049022526 2240.3858723422404 2253.956831889429 2252.032107602252 -1.0 2252.032107602252 -1.0 1
401 0.25 nan 0.8 1.0 1.0 2255.2620179122555 2255.2630844722553 2276.1033669022763 2254.764134372255 2277.6559996931137 2255.4491991922555 -1.0 2276.016175622276 -1.0 3
402 1.0 nan 0.8 1.0 1.0 2280.0610044322802 2280.06197100228 2280.5204918122804 2278.4401998622784 2282.07290083397 2280.2121559822804 -1.0 2280.2121559822804 -1.0 1
403 1.0 nan 0.8 1.0 1.0 2283.5110927222836 2283.5119259722837 2283.7991972422838 2282.785398632283 2285.3615043467285 2283.6526785622837 -1.0 2283.6526785622837 -1.0 1
404 0.0625 nan 0.8 1.0 1.0 2286.5392898722866 2286.5401897822867 2292.700040402293 2286.058504622286 2294.2446450361153 2292.6010169722927 -1.0 2292.6010169722927 -1.0 1
405 0.0 nan 0.8 -1.0 -1.0 2295.4728297622955 2295.4737296722956 2298.789664712299 2294.972646452295 2301.3444408516175 2295.845625812296 1.0 2298.5360234122986 1.0 2
406 0.0625 nan 0.8 -1.0 -1.0 2302.7055397523027 2302.706606312303 2303.2232546423033 2302.056438002302 2305.7777609972904 2302.948648772303 1.0 2302.948648772303 1.0 1
407 nan 1.0 0.8 -1.0 1.0 2306.971979732307 2306.972846312307 2307.323477912307 2306.4734629223067 2308.8720828257865 2307.129197342307 1.0 2307.129197342307 1.0 1
408 0.25 nan 0.8 -1.0 -1.0 2310.2441191523103 2310.24515238231 2310.6947740823107 2309.5749860723095 2313.272281303797 2310.4025033123103 1.0 2310.4025033123103 1.0 1
409 0.0 nan 0.8 -1.0 -1.0 2314.4775291023143 2314.4783956823144 2327.5398227423275 2313.988677992314 2330.105349488072 2317.868556632318 1.0 2327.5134920423275 1.0 4
