DY_011 36280321-555b-446d-9b7d-c2e17991e090 danlab 2020-02-01 _iblrig_tasks_ephysChoiceWorld6.2.5 M 305 556
0 nan 1.0 0.5 -1.0 1.0 13.78905429001379 13.701229740013702 13.956770850013957 9.05096148000905 15.522877692138064 13.852647930013854 1.0 13.852647930013854 1.0 1
1 0.125 nan 0.5 1.0 1.0 19.985134620019984 19.986067860019986 20.263606770020264 15.8998765200159 21.818612418153307 20.155984200020157 -1.0 20.155984200020157 -1.0 1
2 1.0 nan 0.5 1.0 1.0 23.622670830023623 23.623370760023622 23.85951381002386 22.204812630022204 25.417921632744864 23.755857510023755 -1.0 23.755857510023755 -1.0 1
3 0.125 nan 0.5 1.0 1.0 27.68903082002769 27.689997390027692 27.962136840027963 25.792920450025793 29.518243978838484 27.84281544002784 -1.0 27.84281544002784 -1.0 1
4 nan 0.125 0.5 -1.0 1.0 30.53927910003054 30.53994570003054 31.047761580031047 29.8995430800299 32.60176851615037 30.894510240030893 1.0 30.894510240030893 1.0 1
5 nan 0.25 0.5 -1.0 1.0 33.638469150033636 33.63923574003364 33.930673260033934 32.96656968003297 35.484882046583586 33.82921674003383 1.0 33.82921674003383 1.0 1
6 nan 0.25 0.5 -1.0 1.0 38.30606901003831 38.306835600038305 38.62037091003862 35.84768154003585 40.18917857327802 38.47165245003847 1.0 38.47165245003847 1.0 1
7 nan 1.0 0.5 -1.0 1.0 41.601539430041605 41.6024726700416 41.89351023004189 40.56787614004057 43.456114485358356 41.75049120004175 1.0 41.75049120004175 1.0 1
8 nan 0.25 0.5 -1.0 1.0 44.4012927600444 44.402059350044404 44.71169505004471 43.824417120043826 46.27190637309319 44.571442410044575 1.0 44.571442410044575 1.0 1
9 0.125 nan 0.5 1.0 1.0 47.6013393900476 47.6020393200476 47.98693416004799 46.637302470046635 49.55133865056304 47.82071745004782 -1.0 47.82071745004782 -1.0 1
10 0.0 nan 0.5 -1.0 -1.0 50.52198063005052 50.522647230050524 50.86034679005086 49.91874096004992 53.42195564493929 50.72869329005073 1.0 50.72869329005073 1.0 1
11 nan 0.0625 0.5 1.0 -1.0 54.817817670054815 54.81861759005482 55.104588990055106 53.78925387005379 57.66746297950222 54.97893489005498 -1.0 54.97893489005498 -1.0 1
12 nan 0.25 0.5 -1.0 1.0 58.68896385005869 58.68989709005869 58.94567151005894 58.044161670058045 60.50077906516089 58.83118296005883 1.0 58.83118296005883 1.0 1
13 nan 0.0625 0.5 -1.0 1.0 62.57190885006257 62.57280876006257 63.0985895100631 60.86697936006087 64.65509144850596 62.96766927006297 1.0 62.96766927006297 1.0 1
14 0.0625 nan 0.5 -1.0 -1.0 65.63423592006563 65.63510250006564 66.81541779006682 65.0874906000651 69.37192459679049 66.5994060600666 1.0 66.5994060600666 1.0 1
15 0.0 nan 0.5 -1.0 -1.0 71.41765752007142 71.41835745007143 71.58667395007159 69.74972433006975 74.15484547189864 71.45462049007145 1.0 71.45462049007145 1.0 1
16 1.0 nan 0.5 1.0 1.0 76.13378586007613 76.13461911007613 76.35403050007635 74.54104515007454 77.91733870999633 76.25867337007627 -1.0 76.25867337007627 -1.0 1
17 0.0 nan 0.5 -1.0 -1.0 78.78862035007879 nan 138.7886203500788 78.30133575007831 82.40025492913577 79.42612326007942 -1.0 81.98120106008199 -1.0 3
18 nan 0.0625 0.5 1.0 -1.0 83.37172866008338 83.37252858008337 83.66316618008366 82.77985452008278 86.2169740193334 83.54917758008355 -1.0 83.54917758008355 -1.0 1
19 0.25 nan 0.5 1.0 1.0 88.00509861008801 88.005765210088 88.34789766008835 86.5962728400866 89.90040299959169 88.16971548008817 -1.0 88.16971548008817 -1.0 1
20 0.0625 nan 0.5 1.0 1.0 90.8048186100908 90.8057518500908 91.57750800009158 90.28180425009029 93.15471346018123 91.36256283009136 -1.0 91.36256283009136 -1.0 1
21 0.25 nan 0.5 1.0 1.0 94.25070732009425 94.25137392009425 94.85571348009486 93.53321241009354 96.43362015963571 94.48255080009449 -1.0 94.48255080009449 -1.0 1
22 0.125 nan 0.5 1.0 1.0 97.3045685700973 97.3053018300973 97.67363166009767 96.81251778009681 99.2543363493102 97.51771392009752 -1.0 97.51771392009752 -1.0 1
23 0.0625 nan 0.5 1.0 1.0 101.63360229010163 101.63423556010163 102.07895775010208 99.63243576009964 103.65466051044464 101.95547010010196 -1.0 101.95547010010196 -1.0 1
24 nan 0.0625 0.5 1.0 -1.0 104.56714224010457 104.56787550010456 105.01019793010501 104.04886074010405 107.5876706039513 104.84348127010485 -1.0 104.84348127010485 -1.0 1
25 nan 0.125 0.5 1.0 -1.0 108.56704221010857 108.56780880010857 108.93910500010894 107.97236835010797 111.52107652459303 108.78368721010878 -1.0 108.78368721010878 -1.0 1
26 0.25 nan 0.5 1.0 1.0 112.49974890011251 112.5004155001125 112.76918862011277 111.90357519011191 114.33359308804964 112.66446576011266 -1.0 112.66446576011266 -1.0 1
27 nan 0.125 0.5 -1.0 1.0 115.2044784001152 115.20537831011521 115.62250326011562 114.71909361011473 117.2001020245268 115.48928325011549 1.0 115.48928325011549 1.0 1
28 nan 1.0 0.5 -1.0 1.0 118.17094839011817 118.17164832011817 118.54861062011855 117.64320117011765 120.12101491932616 118.33036578011833 1.0 118.33036578011833 1.0 1
29 nan 0.0625 0.5 -1.0 1.0 121.04952717012105 121.05026043012106 122.00213190012201 120.50711475012051 123.58753595650929 121.86821196012187 1.0 121.86821196012187 1.0 1
30 0.25 nan 0.5 1.0 1.0 124.55027706012456 124.55094366012455 125.12325309012512 123.96883521012397 126.70435604450054 124.7956191901248 -1.0 124.7956191901248 -1.0 1
31 0.25 nan 0.5 1.0 1.0 127.83278211012784 127.83351537012784 128.17384800012817 127.0871566801271 129.74985439192886 128.03036235012803 -1.0 128.03036235012803 -1.0 1
32 0.125 nan 0.5 -1.0 -1.0 130.77025500013076 130.77115491013078 131.4921494701315 130.13595177013013 134.07058396785942 131.2949358601313 1.0 131.2949358601313 1.0 1
33 nan 0.25 0.5 -1.0 1.0 134.999732010135 135.000398610135 135.3843935401354 134.46958503013448 136.96629715447665 135.1978122001352 1.0 135.1978122001352 1.0 1
34 nan 0.125 0.5 -1.0 1.0 137.8873432201379 137.8880431501379 138.22860909013824 137.35239672013736 139.80000723963207 138.0974888701381 1.0 138.0974888701381 1.0 1
35 nan 1.0 0.5 -1.0 1.0 140.9039748601409 140.90467479014092 141.1922127001412 140.25120681014025 142.7709168987815 141.03612831014104 1.0 141.03612831014104 1.0 1
36 nan 0.125 0.5 -1.0 1.0 143.73319191014374 143.73395850014373 144.03392850014404 143.15761614014315 145.6208313333988 143.9007084901439 1.0 143.9007084901439 1.0 1
37 1.0 nan 0.5 1.0 1.0 146.64980022014666 146.65060014014665 146.990932770147 146.004831390146 148.57073750977582 146.81391714014683 -1.0 146.81391714014683 -1.0 1
38 nan 1.0 0.5 -1.0 1.0 150.24977352015026 150.25057344015025 150.5008484101505 148.95713613014897 152.0871508523651 150.37322784015038 1.0 150.37322784015038 1.0 1
39 0.25 nan 0.5 1.0 1.0 153.016030200153 153.01683012015303 153.68786301015368 152.48025045015248 155.26626660018906 153.53067873015354 -1.0 153.53067873015354 -1.0 1
40 0.125 nan 0.5 -1.0 -1.0 156.21990978015623 156.22077636015624 156.7044946501567 155.65216656015565 159.26589423258432 156.54351075015654 1.0 156.54351075015654 1.0 1
41 nan 1.0 0.5 -1.0 1.0 161.42048967016143 161.42142291016143 161.64840021016164 159.6976953001597 163.21979834236203 161.55024336016155 1.0 161.55024336016155 1.0 1
42 1.0 nan 0.5 1.0 1.0 164.24940675016424 164.25037332016424 164.54141088016453 163.6854964801637 166.10381506334986 164.4008916001644 -1.0 164.4008916001644 -1.0 1
43 nan 0.125 0.5 -1.0 1.0 167.13271839016713 167.13365163016712 167.52411258016753 166.49271573016648 169.08701907765524 167.36529513016737 1.0 167.36529513016737 1.0 1
44 nan 0.0625 0.5 -1.0 1.0 170.03282835017004 170.03356161017004 170.45321964017046 169.4769172801695 172.01565503070972 170.26977132017026 1.0 170.26977132017026 1.0 1
45 0.25 nan 0.5 1.0 1.0 173.05322628017305 173.05425951017307 173.3948587801734 172.40865741017242 174.94896496586864 173.28613632017328 -1.0 173.28613632017328 -1.0 1
46 nan 1.0 0.5 -1.0 1.0 175.8199829101758 175.8208161601758 176.08575633017608 175.34416383017535 177.6532621906422 175.97430081017598 1.0 175.97430081017598 1.0 1
47 nan 0.0 0.5 -1.0 1.0 178.68266328017867 178.6834632001787 179.8001848501798 178.05325956017805 181.370087200492 179.6069041801796 1.0 179.6069041801796 1.0 1
48 nan 0.0625 0.5 1.0 -1.0 182.46515166018247 182.46608490018247 182.92807203018293 181.76588826018175 185.4863027008648 182.72599224018273 -1.0 182.72599224018273 -1.0 1
49 0.0625 nan 0.5 -1.0 -1.0 186.46591821018646 186.46668480018647 186.7819866001868 185.95860228018597 189.33232468431044 186.6096705001866 1.0 186.6096705001866 1.0 1
50 0.0625 nan 0.5 -1.0 -1.0 190.22014275019023 190.22094267019023 190.54527690019054 189.73012509018974 193.1153161105318 190.3946586301904 1.0 190.3946586301904 1.0 1
51 nan 1.0 0.5 -1.0 1.0 194.66933112019467 194.67023103019469 194.85934545019487 193.51931280019352 196.43614497249666 194.72909181019472 1.0 194.72909181019472 1.0 1
52 nan 0.0 0.5 -1.0 1.0 197.34859650019735 197.34956307019735 197.996265060198 196.84194717019685 199.56566742005802 197.85571245019787 1.0 197.85571245019787 1.0 1
53 0.125 nan 0.5 1.0 1.0 200.9028743702009 200.90380761020091 201.3899589902014 199.96566810019996 202.96516409431996 201.12905175020114 -1.0 201.2905689302013 -1.0 2
54 nan 0.0625 0.5 -1.0 1.0 204.13605102020415 204.13675095020415 204.5137799102045 203.36676129020336 206.08648181084942 204.33133149020432 1.0 204.33133149020432 1.0 1
55 1.0 nan 0.5 1.0 1.0 207.03186141020703 207.03269466020703 207.32499876020734 206.48728254020648 208.89889370294463 207.1974781802072 -1.0 207.1974781802072 -1.0 1
56 nan 1.0 0.5 -1.0 1.0 209.9030742602099 209.9037075302099 210.17081415021016 209.37719352020937 211.75321465763645 210.04912632021006 1.0 210.04912632021006 1.0 1
57 nan 1.0 0.5 -1.0 1.0 212.86477806021287 212.86561131021287 213.14141706021314 212.15331588021215 214.7194209008893 213.01209666021302 1.0 213.01209666021302 1.0 1
58 0.25 nan 0.5 1.0 1.0 215.6819296502157 215.68292955021568 216.33023148021633 215.1181193702151 217.89873463865067 216.1006877702161 -1.0 216.1006877702161 -1.0 1
59 1.0 nan 0.5 1.0 1.0 218.7862525202188 218.7872190902188 219.30923355021932 218.2993345502183 220.88603730262165 219.15574890021915 -1.0 219.15574890021915 -1.0 1
60 nan 0.25 0.5 -1.0 1.0 223.2979013102233 223.2988012202233 223.61486961022362 221.29033542022128 225.1984690033162 223.45311912022345 1.0 223.45311912022345 1.0 1
61 0.125 nan 0.5 1.0 1.0 226.15278246022615 226.15374903022615 226.43765397022645 225.60767031022561 228.0151884076202 226.3043339702263 -1.0 226.3043339702263 -1.0 1
62 0.0625 nan 0.5 1.0 1.0 231.4026574202314 231.4033240202314 231.8000843402318 228.41938911022842 233.38158645525965 231.7014942002317 -1.0 231.7014942002317 -1.0 1
63 nan 0.0 0.5 -1.0 1.0 234.46871745023446 234.46961736023448 235.1822127602352 233.80268406023382 236.7689119963587 234.96660099023498 1.0 234.96660099023498 1.0 1
64 nan 0.25 0.5 -1.0 1.0 237.76428786023777 237.76488780023777 238.07222373023808 237.1742135402372 239.64782574960086 237.92760486023792 1.0 237.92760486023792 1.0 1
65 nan 0.25 0.5 -1.0 1.0 240.55244235024057 240.55317561024054 240.8925416702409 240.05502543024005 242.46884294845864 240.74325660024076 1.0 240.74325660024076 1.0 1
66 0.0625 nan 0.5 1.0 1.0 243.3980910902434 243.3988243502434 243.974533440244 242.87354355024289 245.54773868819476 243.7753200302438 -1.0 243.7753200302438 -1.0 1
67 1.0 nan 0.5 1.0 1.0 246.6018706802466 246.6027705902466 246.86864400024686 245.95223565024597 248.44794645816862 246.52501170024652 -1.0 246.7881520502468 -1.0 2
68 1.0 nan 0.5 1.0 1.0 249.55227561024955 249.55304220024956 249.84747942024984 248.86094475024888 251.41477902878972 249.7159925702497 -1.0 249.7159925702497 -1.0 1
69 1.0 nan 0.5 1.0 1.0 252.46888392025247 252.4696838402525 253.14208326025314 251.81998215025183 254.71448675270406 252.93433737025293 -1.0 252.93433737025293 -1.0 1
70 nan 0.125 0.5 -1.0 1.0 255.6853289102557 255.68599551025568 256.3968910802564 255.12328512025513 257.9645943137595 255.92573820025592 1.0 255.92573820025592 1.0 1
71 0.0625 nan 0.5 1.0 1.0 259.1185522202591 259.1192188202591 259.6358004902596 258.3739933502584 261.21890233767846 259.5203787002595 -1.0 259.5203787002595 -1.0 1
72 1.0 nan 0.5 1.0 1.0 262.1644809302622 262.1651808602622 262.5347105702625 261.6271013402616 264.11861190587615 262.33036434026235 -1.0 262.33036434026235 -1.0 1
73 nan 0.0 0.5 1.0 -1.0 265.0976209202651 265.0984875002651 265.7801526602658 264.5271113102645 268.3516518232281 265.54044330026557 -1.0 265.54044330026557 -1.0 1
74 0.0625 nan 0.5 -1.0 -1.0 269.2809358802693 269.2817358002693 269.55874143026955 268.76645400026877 272.1143473016505 269.4062900102694 1.0 269.4062900102694 1.0 1
75 0.25 nan 0.5 1.0 1.0 273.0685570802731 273.06935700027304 273.3192653402733 272.53054422027253 274.8809661249629 273.2139425402732 -1.0 273.2139425402732 -1.0 1
76 0.0 nan 0.5 -1.0 -1.0 275.8519453802759 275.8526786402759 276.52601130027654 275.2960676402753 279.0852810356303 276.15488175027616 1.0 276.4856820002765 1.0 2
77 nan 0.0625 0.5 1.0 -1.0 281.3139657902813 281.31456573028134 281.5569414902816 279.5024802902795 284.11830944529515 281.45471838028146 -1.0 281.45471838028146 -1.0 1
78 nan 0.0 0.5 1.0 -1.0 285.43048743028544 285.43118736028543 288.23114067028826 284.5390099202845 290.7805347568296 286.3031001602863 -1.0 288.14481597028816 -1.0 5
79 nan 0.25 0.5 -1.0 1.0 291.86844357029184 291.86944347029186 292.15914783029217 291.3017335802913 293.7177501220743 292.02256149029205 1.0 292.02256149029205 1.0 1
80 nan 0.25 0.5 -1.0 1.0 294.64693236029467 294.6476989502946 294.93053733029495 294.1311506102941 296.4848721281792 294.8077162802948 1.0 294.8077162802948 1.0 1
81 nan 0.0625 0.5 -1.0 1.0 297.5638073102976 297.56467389029757 298.41965505029845 296.9011735802969 299.9850901594185 298.27803588029826 1.0 298.27803588029826 1.0 1
82 0.125 nan 0.5 1.0 1.0 300.9137389503009 300.9146055303009 301.33306368030134 300.4019901303004 302.8974998933625 301.07098989030106 1.0 301.07098989030106 1.0 1
83 0.0625 nan 0.5 1.0 1.0 303.80125017030383 303.8019167703038 304.2254077503042 303.31119918030333 305.78421048753256 304.07202309030407 -1.0 304.07202309030407 -1.0 1
84 nan 0.125 0.5 -1.0 1.0 306.6799622703067 306.6808955103067 306.969300000307 306.2021100603062 308.53050533552874 306.85744452030684 1.0 306.85744452030684 1.0 1
85 nan 0.125 0.5 -1.0 1.0 309.53451012030956 309.5355100203095 309.8931075903099 308.94780213030896 311.45141087572324 309.75732117030975 1.0 309.75732117030975 1.0 1
86 0.25 nan 0.5 -1.0 -1.0 312.6137355003126 312.6144354303126 312.76978656031275 311.8688100003119 315.3344509429626 312.5821719903126 1.0 312.5821719903126 1.0 1
87 0.0 nan 0.5 -1.0 -1.0 316.76362047031677 316.7643870603168 317.20604289031724 315.76405377031574 319.76386853423384 316.94776872031696 1.0 316.94776872031696 1.0 1
88 0.125 nan 0.5 1.0 1.0 321.4675833603215 321.46831662032145 321.76175394032174 320.28596820032027 323.3137599999698 321.63819963032165 -1.0 321.63819963032165 -1.0 1
89 nan 0.125 0.5 -1.0 1.0 324.2012433003242 324.2019765603242 324.47128296032446 323.73515658032375 326.0301828704932 324.36889320032435 1.0 324.36889320032435 1.0 1
90 0.0625 nan 0.8 1.0 1.0 326.93450328032696 326.9352365403269 327.31729833032733 326.44778529032646 328.88369926025865 327.13941612032716 -1.0 327.13941612032716 -1.0 1
91 0.25 nan 0.8 1.0 1.0 329.94683535032993 329.94753528032993 330.22120791033024 329.3069993403293 331.78441037988296 330.1063527303301 -1.0 330.1063527303301 -1.0 1
92 0.25 nan 0.8 1.0 1.0 332.83031364033286 332.83114689033283 333.7095257103337 332.2011099003322 335.26322760860063 333.3912242103334 -1.0 333.62470086033363 -1.0 2
93 0.25 nan 0.8 1.0 1.0 336.16751322033616 336.1681131603362 336.46671663033646 335.6885277903357 338.0342211151038 336.32249772033634 -1.0 336.32249772033634 -1.0 1
94 0.25 nan 0.8 1.0 1.0 339.0635902503391 339.0643901703391 339.4551510903395 338.4573175503385 341.0176496291253 339.2648034603393 -1.0 339.2648034603393 -1.0 1
95 0.0625 nan 0.8 1.0 1.0 342.1794786303422 342.1803452103422 343.02306093034304 341.4399525903414 344.5799634855344 342.5883710703426 -1.0 342.94606863034295 -1.0 2
96 0.0625 nan 0.8 -1.0 -1.0 345.4841148003455 345.4849813803455 405.4841148003455 345.00526269034503 348.4465670728616 345.72132441034574 1.0 345.72132441034574 1.0 1
97 1.0 nan 0.8 1.0 1.0 349.63403310034965 nan 349.85227794034984 348.977365440349 351.4130796060733 349.75142136034975 -1.0 349.75142136034975 -1.0 1
98 0.0625 nan 0.8 1.0 1.0 352.71705810035274 352.7178580203527 353.1981099903532 351.8343797103518 354.76720866519577 353.0612570103531 -1.0 353.0612570103531 -1.0 1
99 0.0 nan 0.8 1.0 1.0 356.92967013035695 356.9304367203569 357.23990577035727 355.19211057035517 358.80040893553235 357.1091855103571 -1.0 357.1091855103571 -1.0 1
100 0.125 nan 0.8 1.0 1.0 359.76298677035976 359.7637533603598 360.06862287036006 359.2324065003592 361.6342238326438 359.9078389503599 -1.0 359.9078389503599 -1.0 1
101 0.125 nan 0.8 1.0 1.0 362.72972340036273 362.7303900003627 363.3529277403634 362.0521245003621 364.91695922827256 362.91653805036293 -1.0 363.2954001603633 -1.0 2
102 0.25 nan 0.8 1.0 1.0 365.84601174036584 365.8466450103659 366.15314769036615 365.34256209036533 367.7167531016797 365.989464060366 -1.0 365.989464060366 -1.0 1
103 0.0625 nan 0.8 1.0 1.0 369.0626567103691 369.0636232803691 369.5593737003696 368.13834915036813 371.11697423440535 369.3935902803694 -1.0 369.3935902803694 -1.0 1
104 0.125 nan 0.8 1.0 1.0 372.14551506037213 372.14621499037213 372.42848676037244 371.54097552037155 373.98348836289904 372.3023993703723 -1.0 372.3023993703723 -1.0 1
105 0.25 nan 0.8 1.0 1.0 374.9128049703749 374.9135382303749 375.53397618037553 374.4131882703744 377.0963096666072 375.2137082103752 -1.0 375.2137082103752 -1.0 1
106 nan 0.0 0.8 1.0 -1.0 378.000229530378 378.001162770378 378.92247063037894 377.52151074037755 381.48312644287614 378.78541767037876 -1.0 378.78541767037876 -1.0 1
107 0.25 nan 0.8 1.0 1.0 383.52874329038355 383.52940989038353 383.7790182603838 382.031726340382 385.32932261326437 383.6821279503837 -1.0 383.6821279503837 -1.0 1
108 0.25 nan 0.8 1.0 1.0 386.34989448038635 nan 386.7659528703868 385.7628198603858 388.32915108957496 386.5482746403866 -1.0 386.5482746403866 -1.0 1
109 0.0625 nan 0.8 1.0 1.0 389.26646946038926 nan 389.8988395503899 388.75505394038873 391.462672747506 389.64309846038964 -1.0 389.64309846038964 -1.0 1
110 0.125 nan 0.8 1.0 1.0 392.38322442039237 392.38395768039237 392.8637763603929 391.8932734203919 394.41187995040787 392.5840376703926 -1.0 392.5840376703926 -1.0 1
111 0.0625 nan 0.8 1.0 1.0 396.44985105039643 396.45061764039644 397.1409819303971 394.83997872039487 398.69978380026674 396.9052388403969 -1.0 396.9052388403969 -1.0 1
112 0.0625 nan 0.8 1.0 1.0 399.64559811039965 399.64656468039965 400.1758784104002 399.13858215039915 401.7289111105478 400.0240935904 -1.0 400.0240935904 -1.0 1
113 0.0625 nan 0.8 1.0 1.0 402.7165243204027 402.71745756040275 403.5089117404035 402.1574135704022 405.06631509117904 403.36119318040335 -1.0 403.36119318040335 -1.0 1
114 nan 0.125 0.8 1.0 -1.0 406.14561471040616 406.1464146304061 407.1840441904072 405.4959130204055 409.74974280200604 406.65876339040665 1.0 406.65876339040665 1.0 1
115 0.0 nan 0.8 1.0 1.0 410.8122480004108 410.81304792041084 410.955433680411 410.1889436704102 412.5120374429522 410.83464576041087 -1.0 410.83464576041087 -1.0 1
116 0.0625 nan 0.8 1.0 1.0 414.21604092041423 414.2166408604142 414.46234962041444 412.95323388041294 416.0117680177992 414.34959423041437 -1.0 414.34959423041437 -1.0 1
117 0.25 nan 0.8 1.0 1.0 417.0660558904171 417.0669558004171 417.44145168041746 416.57257191041657 418.9995859970147 417.25673682041725 -1.0 417.25673682041725 -1.0 1
118 1.0 nan 0.8 1.0 1.0 419.9281363204199 419.92893624041994 420.57247188042055 419.42998614041943 422.12827642101996 420.1094181904201 -1.0 420.48594720042047 -1.0 2
119 nan 0.0 0.8 1.0 -1.0 423.1491141904232 423.14988078042313 423.51417768042353 422.56587252042254 426.0661094113649 423.34456131042333 -1.0 423.34456131042333 -1.0 1
120 0.0625 nan 0.8 1.0 1.0 429.7954494904298 429.7964160604298 430.04422461043004 426.5163107704265 431.5953251293518 429.9260031004299 -1.0 429.9260031004299 -1.0 1
121 nan 0.0625 0.8 -1.0 1.0 432.5993357404326 432.6000356704326 433.00752825043304 432.04782423043207 434.56602927375826 432.85704330043285 1.0 432.85704330043285 1.0 1
122 0.0 nan 0.8 1.0 1.0 435.6116344804356 435.6123010804356 436.0710552004361 435.001828800435 437.6319533379807 435.9004722604359 -1.0 435.9004722604359 -1.0 1
123 0.125 nan 0.8 1.0 1.0 438.64526442043865 438.64593102043864 439.42615299043945 438.0702552604381 440.98195533388565 438.87050856043885 -1.0 439.36302597043937 -1.0 2
124 1.0 nan 0.8 1.0 1.0 441.96166608044194 441.962565990442 442.3748580904424 441.4254530404414 443.92818789785804 442.24163808044227 -1.0 442.24163808044227 -1.0 1
125 0.0 nan 0.8 1.0 1.0 445.0989856504451 445.0998522304451 445.9116710404459 444.3716917204444 447.4656043701115 445.6298992204456 -1.0 445.6298992204456 -1.0 1
126 0.0 nan 0.8 1.0 1.0 448.64506434044864 448.64583093044865 449.05718979044906 447.9160039204479 450.61559352190955 448.7845837204488 -1.0 448.7845837204488 -1.0 1
127 0.0625 nan 0.8 1.0 1.0 451.7942827204518 451.7950826404518 452.31219759045234 451.06008948045104 453.8618288746173 452.1901431304522 -1.0 452.1901431304522 -1.0 1
128 1.0 nan 0.8 1.0 1.0 454.999028880455 454.999728810455 455.26433568045525 454.3049316304543 456.832424721242 455.1411146704551 -1.0 455.1411146704551 -1.0 1
129 0.25 nan 0.8 1.0 1.0 458.01116097045804 458.011994220458 458.6393314804586 457.41422067045744 460.1988316391381 458.46871521045847 -1.0 458.46871521045847 -1.0 1
130 0.0625 nan 0.8 1.0 1.0 461.11115094046113 461.1119841904611 461.5058448004615 460.6432310704607 463.0654444232141 461.2700683804613 -1.0 461.2700683804613 -1.0 1
131 1.0 nan 0.8 1.0 1.0 466.3610925604664 466.3618924804664 466.5902696404666 463.5086445004635 468.1654653159215 466.4797140304665 -1.0 466.4797140304665 -1.0 1
132 0.0 nan 0.8 1.0 1.0 469.99469583047 469.99549575047 470.25217008047025 468.6343652104686 471.83179774908086 470.13381525047015 -1.0 470.13381525047015 -1.0 1
133 0.125 nan 0.8 1.0 1.0 472.97793081047297 472.978797390473 473.27830077047327 472.28530008047227 474.8484012034001 473.15584635047315 -1.0 473.15584635047315 -1.0 1
134 0.0625 nan 0.8 1.0 1.0 475.8944724604759 475.8951057304759 476.1414144304761 475.2952990504753 477.71121217966777 475.97676423047596 -1.0 475.97676423047596 -1.0 1
135 0.25 nan 0.8 1.0 1.0 478.68169371047867 478.68239364047867 479.30733114047933 478.16291226047815 480.8821278642008 479.01006087047904 -1.0 479.2007418004792 -1.0 2
136 0.25 nan 0.8 1.0 1.0 481.8612423904819 nan 482.57543763048255 481.33712814048135 484.1486358466274 482.1695448904822 -1.0 482.50924425048254 -1.0 2
137 1.0 nan 0.8 1.0 1.0 485.24397075048523 nan 485.54204094048555 484.6038347704846 487.1110686988332 485.4290522404854 -1.0 485.4290522404854 -1.0 1
138 1.0 nan 0.8 1.0 1.0 488.24863692048825 nan 488.5925691904886 487.56037242048757 490.16466941369083 488.43371841048844 -1.0 488.43371841048844 -1.0 1
139 0.25 nan 0.8 1.0 1.0 491.26043571049127 nan 491.7904827004918 490.6188665404906 493.3646809974304 491.5903027204916 -1.0 491.5903027204916 -1.0 1
140 0.0625 nan 0.8 1.0 1.0 494.34412731049434 494.34482724049434 494.73538818049474 493.8183798904938 496.3148010352771 494.5855365004946 -1.0 494.5855365004946 -1.0 1
141 0.25 nan 0.8 1.0 1.0 497.5768040104976 497.5778039104976 497.83191183049786 496.9140036304969 499.4147095766141 497.7202896604977 -1.0 497.7202896604977 -1.0 1
142 0.125 nan 0.8 1.0 1.0 500.6108672405006 500.6117338205006 501.44801685050146 499.86710829049986 503.0316140902115 501.12031629050114 -1.0 501.3337949405013 -1.0 2
143 nan 0.0 0.8 -1.0 1.0 504.12711558050415 504.12801549050414 504.48224673050447 503.4899126405035 506.0643400484688 504.3464936405044 1.0 504.3464936405044 1.0 1
144 1.0 nan 0.8 1.0 1.0 507.2602355705073 507.26096883050724 507.57243768050756 506.5235425805065 509.14843747996656 507.42768549050743 -1.0 507.42768549050743 -1.0 1
145 0.0 nan 0.8 1.0 1.0 510.26043552051027 510.26126877051024 510.82144608051084 509.6066342405096 512.3977714894074 510.4786803605105 -1.0 510.7734842105108 -1.0 2
146 0.0625 nan 0.8 1.0 1.0 513.5268755105135 513.5275754405135 514.3693579205144 512.8618753505128 515.9481872819439 514.0729875605141 -1.0 514.2933988505143 -1.0 2
147 nan 0.125 0.8 -1.0 1.0 521.010027120521 521.010760380521 521.4799134605215 516.4138867805165 523.0477086559317 521.1884426105212 -1.0 521.1884426105212 -1.0 1
148 nan 1.0 0.8 -1.0 1.0 524.2264721105242 524.2274053505242 524.3458268405243 523.5332081105236 525.910624594229 524.1761104805241 1.0 524.1761104805241 1.0 1
149 0.0625 nan 0.8 -1.0 -1.0 526.947833280527 526.9486665305269 527.2926654605272 526.3719242105263 529.8645298278865 527.1523128305272 1.0 527.1523128305272 1.0 1
150 0.0625 nan 0.8 -1.0 -1.0 530.8101470105308 530.8109802605309 531.1036509905312 530.3305283105303 533.6763470434963 530.991462210531 1.0 530.991462210531 1.0 1
151 nan 0.125 0.8 -1.0 1.0 534.8643415505348 534.8652414605349 535.2536692805353 534.1396473605341 536.8267649261968 535.0906855805351 1.0 535.0906855805351 1.0 1
152 0.25 nan 0.8 -1.0 -1.0 537.8645748305379 537.8655414005378 538.0502229305381 537.2901656105373 540.6262707680536 537.9125033705379 1.0 537.9125033705379 1.0 1
153 0.25 nan 0.8 1.0 1.0 543.7636182005438 543.7644514505438 544.0306914905441 541.2522693605413 545.6144158143994 543.919835910544 -1.0 543.919835910544 -1.0 1
154 0.25 nan 0.2 1.0 1.0 546.6433635305466 546.6440967905467 546.935101020547 546.0919186805461 548.5139289147157 546.8212457405468 -1.0 546.8212457405468 -1.0 1
155 nan 1.0 0.2 -1.0 1.0 549.6927252305497 549.6937584605497 549.97773006055 548.983329510549 551.5433286444639 549.8369441405498 1.0 549.8369441405498 1.0 1
156 nan 0.0625 0.2 -1.0 1.0 552.5805364205526 552.5813363405526 552.960031800553 552.015126300552 554.5267295036062 552.8115133205528 1.0 552.8115133205528 1.0 1
157 0.0625 nan 0.2 1.0 1.0 555.5304747305555 555.5312746505556 555.8157462005559 555.000527730555 557.3933406922483 555.6814263005557 -1.0 555.6814263005557 -1.0 1
158 nan 0.125 0.2 -1.0 1.0 560.8804063505609 560.8812062705609 561.1992744605612 557.8688408705578 562.7765679621623 561.0659544605611 1.0 561.0659544605611 1.0 1
159 nan 1.0 0.2 -1.0 1.0 564.6800930105646 564.6807929405647 564.947699580565 563.2593684305633 566.5097942514383 564.8015142005648 1.0 564.8015142005648 1.0 1
160 nan 0.0625 0.2 -1.0 1.0 567.5135096405675 567.5144428805676 567.8878055405679 566.985895740567 569.4596027465305 567.7540522505677 1.0 567.7540522505677 1.0 1
161 nan 1.0 0.2 -1.0 1.0 570.4306512305704 570.4313844905704 570.6590950505706 569.9261016905699 572.2303227709584 570.5661376805706 1.0 570.5661376805706 1.0 1
162 nan 1.0 0.2 -1.0 1.0 573.2258383505732 573.2266716005732 573.4743135005734 572.6964246305727 575.0430426281938 573.3556920305733 1.0 573.3556920305733 1.0 1
163 nan 0.0625 0.2 -1.0 1.0 576.4301845505764 576.4310511305764 576.7480194305767 575.5159426505755 578.325848141511 576.5376738005765 1.0 576.5376738005765 1.0 1
164 nan 0.25 0.2 -1.0 1.0 579.6301978505796 579.6309311105796 579.9062369105799 578.8080467405788 581.4797646033345 579.7761165905798 1.0 579.7761165905798 1.0 1
165 nan 0.25 0.2 -1.0 1.0 582.5095765505826 582.5102431505825 582.7719503105827 581.9542654205819 584.3469794167228 582.6468961505826 1.0 582.6468961505826 1.0 1
166 nan 0.0625 0.2 -1.0 1.0 585.4758132305855 585.4765131605855 585.8805727505859 584.8221786005848 587.4633720449708 585.7227885305857 1.0 585.7227885305857 1.0 1
167 0.25 nan 0.2 1.0 1.0 588.4760798405885 588.4768131005885 588.8129794805889 587.934467340588 590.3762763580809 588.5816026205886 1.0 588.5816026205886 1.0 1
168 0.25 nan 0.2 1.0 1.0 591.3301610705913 591.3307943405913 592.0215919205921 590.8503757205908 593.5926163110718 591.4798461005914 1.0 591.4798461005914 1.0 1
169 nan 0.0625 0.2 -1.0 1.0 594.8129460905948 594.8137126805948 595.2385035305953 594.0644209505941 596.8131317070265 594.993094740595 1.0 594.993094740595 1.0 1
170 nan 1.0 0.2 -1.0 1.0 598.008726480598 598.009693050598 598.2405366305983 597.2945312405973 599.8131301390979 598.1389801205981 1.0 598.1389801205981 1.0 1
171 nan 0.25 0.2 -1.0 1.0 601.0759197306011 601.0766196606011 601.4003539506014 600.3316275006003 602.9793467176459 601.2331040106012 1.0 601.2331040106012 1.0 1
172 nan 0.0 0.2 -1.0 1.0 603.975763050604 603.976596300604 604.4955444006046 603.4611478506034 606.0632711610335 604.1599779606041 1.0 604.1599779606041 1.0 1
173 nan 0.0625 0.2 1.0 -1.0 610.5589380006105 610.5598045806106 610.7144891106108 606.5418730806066 613.2921821973579 610.5564715806106 -1.0 610.5564715806106 -1.0 1
174 nan 0.125 0.2 -1.0 1.0 614.3463592206143 614.3470924806144 614.4435828306144 613.7979807306139 616.0090085806598 614.2778660706143 1.0 614.2778660706143 1.0 1
175 nan 0.0625 0.2 -1.0 1.0 617.1127158906171 617.1134158206171 617.3761895406174 616.4837121306165 618.9418192159434 617.2721999406173 1.0 617.2721999406173 1.0 1
176 nan 1.0 0.2 -1.0 1.0 620.1459792006201 620.1466791306201 620.3652239406204 619.4226182106195 621.9454200509296 620.2656672306202 1.0 620.2656672306202 1.0 1
177 nan 0.0625 0.2 -1.0 1.0 623.008692900623 623.009326170623 623.2744329906233 622.4242180206224 624.8418285393012 623.1560115006232 1.0 623.1560115006232 1.0 1
178 0.0625 nan 0.2 -1.0 -1.0 625.8128124606258 625.8135790506258 625.935933480626 625.3218282306253 628.5089590147219 625.8164454306258 1.0 625.8164454306258 1.0 1
179 nan 0.0625 0.2 -1.0 1.0 633.0960174006331 633.0968173206331 633.4237846206335 628.990161360629 634.9961774035615 633.2845985406333 1.0 633.2845985406333 1.0 1
180 nan 0.25 0.2 -1.0 1.0 636.025291110636 636.026124360636 636.2607009006363 635.5038765906355 637.825480486683 636.1609442106362 1.0 636.1609442106362 1.0 1
181 nan 0.25 0.2 -1.0 1.0 639.045955680639 639.046755600639 639.2885980806393 638.4792790206385 640.8585924246667 639.1874748606392 1.0 639.1874748606392 1.0 1
182 nan 0.125 0.2 -1.0 1.0 641.8787723706419 641.8797056106418 642.1334135706421 641.3417927406414 643.7088072173485 641.995960650642 1.0 641.995960650642 1.0 1
183 nan 0.25 0.2 -1.0 1.0 644.6959572906447 644.6966572206447 644.9517317106449 644.1913077606442 646.5250249579249 644.8429092606449 1.0 644.8429092606449 1.0 1
184 nan 1.0 0.2 -1.0 1.0 647.5125756006476 647.5132755306475 647.7451190106477 647.007626100647 649.3086468038497 647.6366965206477 1.0 647.6366965206477 1.0 1
185 nan 0.0625 0.2 -1.0 1.0 650.5125089106505 650.5132421706505 650.7306537606507 649.7930475306498 652.3082496313107 650.5592042406506 1.0 650.5592042406506 1.0 1
186 nan 0.0 0.2 -1.0 1.0 653.4290838906535 653.4298838106535 653.7639504006538 652.7915476506528 655.3415747900996 653.6247976506536 1.0 653.6247976506536 1.0 1
187 0.0 nan 0.2 -1.0 -1.0 656.3455922106564 656.3465254506564 656.8761391506569 655.8254775606558 659.4455986281774 656.7291205206567 1.0 656.7291205206567 1.0 1
188 nan 0.0 0.2 -1.0 1.0 662.5415725506625 662.5424391306625 662.6707929606627 659.9415992406599 664.2458185330536 662.5169750106626 1.0 662.5169750106626 1.0 1
189 nan 0.25 0.2 -1.0 1.0 665.2243709106652 665.2250041806652 665.4837116406655 664.7480185506647 667.0581095910519 665.3795887206654 1.0 665.3795887206654 1.0 1
190 nan 0.0625 0.2 -1.0 1.0 668.1457120806682 668.1463786806681 668.7898143306688 667.5472052706675 670.3579387441222 668.4085857906684 1.0 668.4085857906684 1.0 1
191 nan 0.0625 0.2 -1.0 1.0 671.4290170506714 671.4296169906714 671.7387527406718 670.8443421906709 673.3118475254735 671.5704695706715 1.0 671.5704695706715 1.0 1
192 nan 1.0 0.2 -1.0 1.0 674.4246174606744 674.4252840606745 674.6354630406746 673.8040461906738 676.1911582675607 674.5412058006746 1.0 674.5412058006746 1.0 1
193 nan 0.125 0.2 -1.0 1.0 677.3288270106773 677.3295269406773 677.6853580206777 676.6822583406766 679.2448560318795 677.5202412006776 1.0 677.5202412006776 1.0 1
194 nan 1.0 0.2 -1.0 1.0 680.3411924106804 680.3421589806803 680.6571608106807 679.7332532106798 682.2079858409497 680.4657799506805 1.0 680.4657799506805 1.0 1
195 nan 0.25 0.2 -1.0 1.0 683.3286936306833 683.3294268906833 683.6002998006836 682.6991899206827 685.1618080320949 683.4671797806835 1.0 683.4671797806835 1.0 1
196 nan 1.0 0.2 -1.0 1.0 686.3078290206863 686.3087289306864 686.5325065506865 685.8395091906858 688.0914040652498 686.4292168806865 1.0 686.4292168806865 1.0 1
197 nan 0.0 0.2 -1.0 1.0 689.5453052406896 689.5460051706896 689.8729058106899 688.5827015106886 691.424531574574 689.7375526806898 1.0 689.7375526806898 1.0 1
198 nan 0.0625 0.2 -1.0 1.0 693.0616202406931 693.0622868406931 693.7265204106938 691.9179346206919 695.2741490562298 693.2468683806933 1.0 693.2468683806933 1.0 1
199 nan 0.25 0.2 -1.0 1.0 696.4282502106964 696.4289501406964 696.6577272606967 695.7746489106958 698.2074572431729 696.5613035706966 1.0 696.5613035706966 1.0 1
200 nan 0.125 0.2 -1.0 1.0 701.4618801307015 701.4628467007014 701.7754487707018 698.6982565206987 703.3238776099556 701.6073989107016 1.0 701.6073989107016 1.0 1
201 nan 0.0 0.2 -1.0 1.0 704.3785551007044 nan 704.5470715807046 703.8303765907038 706.0906716078729 704.4108852007045 1.0 704.4108852007045 1.0 1
202 nan 0.0625 0.2 -1.0 1.0 707.1779084707072 nan 707.4070855507074 706.5817680907065 708.9614806977312 707.2903638907073 1.0 707.2903638907073 1.0 1
203 nan 0.0625 0.2 -1.0 1.0 709.9568972107099 709.95773046071 710.2310031307103 709.4534808907094 711.7909961946544 710.0985163807101 1.0 710.0985163807101 1.0 1
204 nan 0.0625 0.2 -1.0 1.0 715.0615866907151 715.062319950715 715.3336261507153 712.3031958907123 716.8945184724156 715.1920403107152 1.0 715.1920403107152 1.0 1
205 nan 0.0625 0.2 -1.0 1.0 717.8572071007179 717.8579736907178 718.2267368107182 717.4072187707175 719.7737321827223 718.0884173107181 1.0 718.0884173107181 1.0 1
206 nan 0.25 0.2 -1.0 1.0 724.2946632907243 724.2955298707243 724.5622698607245 720.2689325707203 726.1113626996531 724.4362824607244 1.0 724.4362824607244 1.0 1
207 0.125 nan 0.2 -1.0 -1.0 727.3739553307274 727.3748219107274 727.5151745407276 726.6287631907267 730.0775980771501 727.3867207207273 1.0 727.3867207207273 1.0 1
208 1.0 nan 0.2 1.0 1.0 732.5068419907325 732.5077419007325 732.7530840307328 730.5845009107306 734.3068112549305 732.6343959007327 -1.0 732.6343959007327 -1.0 1
209 0.25 nan 0.2 1.0 1.0 735.4779781807355 735.4786781107355 735.7692157207358 734.8224104107348 737.3276129688878 735.6346291807356 -1.0 735.6346291807356 -1.0 1
210 nan 1.0 0.2 -1.0 1.0 738.3570235807383 738.3579901507384 738.5841342007386 737.8274098807378 740.1404267247184 738.4772448907385 1.0 738.4772448907385 1.0 1
211 nan 0.125 0.2 -1.0 1.0 741.2610331507412 741.2616330907413 741.5333392507415 740.6462279707406 743.0903437681555 741.4355823607415 1.0 741.4355823607415 1.0 1
212 nan 0.0625 0.2 1.0 -1.0 744.3773214907444 744.3782214007443 744.968562360745 743.8011457807438 747.5397548133172 744.8660726107448 -1.0 744.8660726107448 -1.0 1
213 0.25 nan 0.2 1.0 1.0 749.2606997707493 749.2614663607493 749.5292729107496 748.0540537807481 751.0897659468229 749.4142177507495 -1.0 749.4142177507495 -1.0 1
214 0.25 nan 0.2 -1.0 -1.0 752.2105047607522 752.2114380007522 752.3887536007524 751.6015656607516 754.9607790088825 752.2313026807523 1.0 752.2313026807523 1.0 1
215 nan 0.125 0.2 1.0 -1.0 756.1564434607561 756.1573767007561 756.4026855007564 755.4704787307555 758.9730078707294 756.2921298907563 -1.0 756.2921298907563 -1.0 1
216 nan 0.25 0.2 -1.0 1.0 760.4109179707605 760.4116179007605 760.6702253707607 759.4918098907596 762.2399180617257 760.5664024207606 1.0 760.5664024207606 1.0 1
217 nan 0.125 0.2 -1.0 1.0 763.4774446207634 763.4782778707635 763.8035453407638 762.7516172107628 765.3776352361238 763.6870569907637 1.0 763.6870569907637 1.0 1
218 nan 0.125 0.2 -1.0 1.0 766.4731450207665 766.4738782807665 766.7499506707668 765.892936380766 768.3272428096263 766.6364953507666 1.0 766.6364953507666 1.0 1
219 nan 0.125 0.2 -1.0 1.0 769.5897666607696 769.5904999207696 769.95816315077 768.8390417407688 771.5271548257282 769.7851471207698 1.0 769.7851471207698 1.0 1
220 nan 0.25 0.2 -1.0 1.0 772.7392850107727 772.7401515907727 772.957663170773 772.040054940772 774.5231850283626 772.8682054507728 1.0 772.8682054507728 1.0 1
221 nan 0.25 0.2 -1.0 1.0 776.7602495407767 776.7610494607768 777.0861836107771 775.034388810775 778.6605065092482 776.9080347607769 1.0 776.9080347607769 1.0 1
222 nan 1.0 0.2 -1.0 1.0 779.92243329078 779.9233332007799 780.1728082507802 779.1875067907791 781.7395029144612 780.04635423078 1.0 780.04635423078 1.0 1
223 nan 0.125 0.2 -1.0 1.0 782.7602828107828 782.7609494107828 783.0786176407831 782.2578997207822 784.6394108148247 782.985593610783 1.0 782.985593610783 1.0 1
224 nan 0.0625 0.2 -1.0 1.0 785.6765578207857 785.6772577507857 786.0091245607861 785.1590095807852 787.5726172886301 785.8547733307859 1.0 785.8547733307859 1.0 1
225 nan 1.0 0.2 -1.0 1.0 788.5930994707886 788.5938993907886 788.8243430107889 788.089416510788 790.3893335923829 788.7163538107887 1.0 788.7163538107887 1.0 1
226 0.125 nan 0.2 -1.0 -1.0 793.2435010507933 793.2441343207933 793.5171403507935 790.9045349707909 796.0889611656971 793.3931194207934 1.0 793.3931194207934 1.0 1
227 nan 1.0 0.2 -1.0 1.0 798.2096377207982 798.2104376407982 798.4657787707985 796.6364617207967 800.0392993198572 798.3258927607983 1.0 798.3258927607983 1.0 1
228 nan 0.0 0.2 -1.0 1.0 801.2763310208013 801.2770309508013 801.8876032208019 800.5695017108005 803.4601970840182 801.6056314208016 1.0 801.6056314208016 1.0 1
229 nan 0.0625 0.2 1.0 -1.0 805.5555697208056 805.5562696508056 805.8093110108058 803.980693890804 808.3765121753556 805.7009218508057 -1.0 805.7009218508057 -1.0 1
230 nan 1.0 0.2 -1.0 1.0 809.6887896908097 809.6895562808097 810.4027182908104 809.1230129408091 811.9722400654088 809.8069445408098 1.0 809.8069445408098 1.0 1
231 nan 0.125 0.2 -1.0 1.0 813.026422560813 813.027155820813 813.2968288508133 812.4922426508125 814.8769522637477 813.1900062008132 1.0 813.1900062008132 1.0 1
232 nan 0.25 0.2 -1.0 1.0 815.8883696708159 815.8891362608159 816.1584426608161 815.3991519308154 817.721766887752 816.0408877508161 1.0 816.0408877508161 1.0 1
233 0.25 nan 0.2 1.0 1.0 818.8932691508189 818.894102400819 819.3607557308194 818.2403677808182 820.9262798555661 819.0440207408191 1.0 819.0440207408191 1.0 1
234 nan 1.0 0.2 -1.0 1.0 822.038754570822 822.0393878408221 822.2572660508223 821.4528798308214 823.8220902382236 822.1435107608221 1.0 822.1435107608221 1.0 1
235 nan 0.125 0.2 -1.0 1.0 825.025855830825 825.0266557508251 825.2836967108253 824.3497901108243 826.859089028938 825.1664084408252 1.0 825.1664084408252 1.0 1
236 nan 0.25 0.2 -1.0 1.0 827.971861200828 827.972627790828 828.2330017508283 827.3867863808274 829.8095190023421 828.1214129108281 1.0 828.1214129108281 1.0 1
237 nan 0.125 0.2 -1.0 1.0 831.005157840831 831.005924430831 831.1301120108311 830.3458237808303 832.7052352207312 830.9930923808311 1.0 830.9930923808311 1.0 1
238 nan 0.125 0.2 -1.0 1.0 833.8430406908338 833.8438739408339 834.1210462208342 833.2301353208333 835.6926380371101 833.999291730834 1.0 833.999291730834 1.0 1
239 nan 0.125 0.2 -1.0 1.0 836.8054444208368 836.8061776808369 836.948030160837 836.2211361908362 838.525651828582 836.8399409708369 1.0 836.8399409708369 1.0 1
240 nan 0.0 0.2 -1.0 1.0 839.6719910708397 839.6727909908396 839.98156011084 839.053252950839 841.5593518647327 839.8406408708398 1.0 839.8406408708398 1.0 1
241 nan 0.0 0.2 1.0 -1.0 842.5719677108426 842.5727676308426 842.9640951608429 842.0903492108421 845.5214848809961 842.8266422408428 -1.0 842.8266422408428 -1.0 1
242 nan 0.0 0.2 -1.0 1.0 847.1593422608472 847.1600088608471 847.7513830508477 846.046586880846 849.3257046396488 847.6405274708477 1.0 847.6405274708477 1.0 1
243 nan 0.0 0.2 -1.0 1.0 850.3719543008503 850.3726542308503 850.7683146608508 849.8628052208499 852.3382067184917 850.6359612308506 1.0 850.6359612308506 1.0 1
244 nan 0.0 0.2 -1.0 1.0 854.7925122008548 854.7932454608548 855.1151132708551 852.8686046108529 856.6923324252847 854.944763640855 1.0 854.944763640855 1.0 1
245 1.0 nan 0.2 1.0 1.0 857.987725980858 857.988525900858 858.2546326208583 857.2397341208573 859.8258537936898 858.1154798708582 -1.0 858.1154798708582 -1.0 1
246 nan 0.25 0.8 -1.0 1.0 862.5047409008625 862.5054741608625 862.7651481908628 860.3595554408604 864.3211727166736 862.6167630308627 1.0 862.6167630308627 1.0 1
247 0.0625 nan 0.8 1.0 1.0 868.4590120808684 868.4596786808685 868.7343845408687 864.8634716708649 870.3090824257732 868.6220291108687 -1.0 868.6220291108687 -1.0 1
248 nan 1.0 0.8 -1.0 1.0 873.0045241508731 873.005290740873 873.2679978008733 871.0959816908711 874.8425180488905 873.1309448408731 1.0 873.1309448408731 1.0 1
249 0.25 nan 0.8 1.0 1.0 875.954662440876 875.955595680876 876.3201258908763 875.3807198408754 877.8878188595754 876.1343444708762 -1.0 876.1343444708762 -1.0 1
250 0.25 nan 0.8 -1.0 -1.0 879.058618680879 879.059551920879 879.3311914208793 878.4165162308784 881.9043449581309 879.1671411608792 1.0 879.1671411608792 1.0 1
251 0.0625 nan 0.8 1.0 1.0 883.3419236408834 883.3428235508834 883.6134298208837 882.4410470708824 885.1915529710005 883.4956416008835 -1.0 883.4956416008835 -1.0 1
252 0.0625 nan 0.8 1.0 1.0 886.3211256908863 886.3217922908864 886.6364608208867 885.7274517308857 888.2042525067009 886.5084069608865 -1.0 886.5084069608865 -1.0 1
253 0.0625 nan 0.8 -1.0 -1.0 889.3583219408894 889.3590885308894 889.6190625308897 888.7420502408887 892.1872816614674 889.5174393608895 1.0 889.5174393608895 1.0 1
254 nan 0.0 0.8 1.0 -1.0 893.2252685408932 893.2260018008932 893.5477362908936 892.7340843308928 896.1251920732657 893.3878189508933 -1.0 893.3878189508933 -1.0 1
255 0.0 nan 0.8 -1.0 -1.0 897.8873689508979 897.8883021908979 898.2416668508982 896.6670909908967 900.8083203475416 898.0726170908981 1.0 898.0726170908981 1.0 1
256 0.0625 nan 0.8 1.0 1.0 902.7038539209027 902.7046205109027 903.1018141209031 901.3568219709014 904.6751364026748 902.9760267009029 -1.0 902.9760267009029 -1.0 1
257 0.0625 nan 0.8 1.0 1.0 905.7038872209057 905.7045871509057 906.024955110906 905.2232352909052 907.5874449307508 905.9023340409059 -1.0 905.9023340409059 -1.0 1
258 0.125 nan 0.8 1.0 1.0 908.7079867809088 908.7087867009087 909.2806628409093 908.1290446809081 910.8536518282698 908.950495860909 -1.0 909.1572085209092 -1.0 2
259 nan 0.125 0.8 -1.0 1.0 911.8913350809119 911.8920683409119 912.2779630809123 911.4002508609115 913.8376806038333 912.1081134009121 1.0 912.1081134009121 1.0 1
260 nan 0.0 0.8 1.0 -1.0 914.891535030915 914.8923682809149 915.1977044109152 914.3926849209143 917.7703930690732 915.0574517709151 -1.0 915.0574517709151 -1.0 1
261 0.25 nan 0.8 1.0 1.0 920.7247183209207 920.7256515609207 920.9422965609209 918.3207920709183 922.5042164344668 920.8597048209209 -1.0 920.8597048209209 -1.0 1
262 nan 0.25 0.8 -1.0 1.0 923.7907450209239 923.7915782709238 924.047219370924 923.0666174409231 925.6240379020016 923.941963230924 1.0 923.941963230924 1.0 1
263 nan 1.0 0.8 -1.0 1.0 926.8367737209269 926.8375403109269 927.0779162709271 926.1752398809261 928.636740501913 926.979892740927 1.0 926.979892740927 1.0 1
264 nan 0.0 0.8 -1.0 1.0 929.9410632609299 929.9418298509299 930.4475459409305 929.1918381909292 932.0205630296738 930.2747632209303 1.0 930.2747632209303 1.0 1
265 nan 0.0625 0.8 1.0 -1.0 933.2248681809332 933.2258014209332 933.5284378209335 932.5842655809325 936.0872614117704 933.4249148409334 -1.0 933.4249148409334 -1.0 1
266 nan 1.0 0.8 -1.0 1.0 937.2576648609372 937.2583981209373 937.4116827909374 936.6555584109367 938.9740764457447 937.2286677609372 1.0 937.2286677609372 1.0 1
267 0.0625 nan 0.8 1.0 1.0 940.4197486209405 940.4206485309404 941.2018037409412 939.7729799709398 942.7703910772087 940.6472258709407 1.0 940.993157940941 -1.0 2
268 nan 0.0625 0.8 -1.0 1.0 943.9245647709439 943.925298030944 944.2619976909443 943.3311907809433 945.8245161837804 944.1310441209441 1.0 944.1310441209441 1.0 1
269 1.0 nan 0.8 1.0 1.0 946.8868685109469 946.8875684409469 947.1490089609472 946.3782193809463 948.7204300027001 947.035553640947 -1.0 947.035553640947 -1.0 1
270 1.0 nan 0.8 1.0 1.0 949.99075809095 949.99152468095 950.4819423009504 949.2714300309493 952.0537315725827 950.3703534609504 -1.0 950.3703534609504 -1.0 1
271 1.0 nan 0.8 1.0 1.0 953.1076463709531 953.1084796209531 953.5094395209535 952.6099294809526 955.0744571768362 953.2615309809532 -1.0 953.2615309809532 -1.0 1
272 0.125 nan 0.8 1.0 1.0 956.1864384609562 956.1871050609562 956.6774560209567 955.6282609509557 958.2364764400975 956.5209050109565 -1.0 956.5209050109565 -1.0 1
273 nan 0.0625 0.8 1.0 -1.0 959.5075396509595 959.5083729009596 959.8783692309598 958.7973773409589 962.4405898338963 959.7341169909597 -1.0 959.7341169909597 -1.0 1
274 0.125 nan 0.8 1.0 1.0 964.7198517009647 964.7206182909647 964.9655937909649 963.008989470963 966.5406114138876 964.8623374509649 -1.0 964.8623374509649 -1.0 1
275 0.0625 nan 0.8 -1.0 -1.0 967.7696800209678 967.7705799309678 968.0722164309681 967.1103126309671 970.6406056252299 967.9411628709679 1.0 967.9411628709679 1.0 1
276 1.0 nan 0.8 1.0 1.0 971.7033532809717 971.7041865309717 971.9407295409719 971.2146021609713 973.5074161957506 971.8327403409719 -1.0 971.8327403409719 -1.0 1
277 0.0625 nan 0.8 1.0 1.0 974.7029199609747 974.7037865409748 975.0365532609751 974.064717120974 976.606737365714 974.923897860975 -1.0 974.923897860975 -1.0 1
278 0.0625 nan 0.8 1.0 1.0 977.7366498909778 977.7374164809778 977.975959290978 977.1745394409771 979.5365476886784 977.8365065709778 -1.0 977.8365065709778 -1.0 1
279 1.0 nan 0.8 1.0 1.0 980.8400061909808 980.8407061209808 981.5633671809816 980.0969471709801 983.140182088695 981.3969504909815 -1.0 981.3969504909815 -1.0 1
280 0.25 nan 0.8 1.0 1.0 984.1859049009842 nan 984.5814653409846 983.7061862109837 986.152687430525 984.4455456009845 -1.0 984.4455456009845 -1.0 1
281 0.125 nan 0.8 1.0 1.0 987.4568777709875 nan 987.951394980988 986.7154852509867 989.5193112975752 987.7057862109878 -1.0 987.8228078409878 -1.0 2
282 nan 1.0 0.8 -1.0 1.0 991.1735727309912 991.1742060009911 991.6631237709917 990.09221421099 993.2361127256836 991.2848616009913 -1.0 991.4428458009914 1.0 2
283 nan 0.25 0.8 -1.0 1.0 994.3067593809943 994.3075259709943 994.5777322809946 993.7996101009938 996.1364196855088 994.4520448509944 1.0 994.4520448509944 1.0 1
284 1.0 nan 0.8 1.0 1.0 997.2566310309973 997.2574642809973 997.6884211809977 996.7050195309968 999.2527396323815 997.4355131409975 -1.0 997.4355131409975 -1.0 1
285 0.0625 nan 0.8 1.0 1.0 1000.4566110010005 1000.4574442510004 1000.925964061001 999.8169416409999 1002.4904511876764 1000.7052861310007 -1.0 1000.7052861310007 -1.0 1
286 0.125 nan 0.8 1.0 1.0 1004.1691730410042 1004.1700729510042 1004.5089723910045 1003.0584507910031 1006.0694589619385 1004.3475218710043 -1.0 1004.3475218710043 -1.0 1
287 0.25 nan 0.8 1.0 1.0 1007.6234275810076 1007.6243274910076 1007.8901675710079 1006.6628569810067 1009.4565860751682 1007.7536478910077 -1.0 1007.7536478910077 -1.0 1
288 0.125 nan 0.8 1.0 1.0 1010.8354063510109 1010.8362729310109 1011.0887810110111 1010.3088923410103 1012.6568009892833 1010.959760581011 -1.0 1010.959760581011 -1.0 1
289 0.0625 nan 0.8 1.0 1.0 1013.7690796210138 1013.7699128710137 1014.1873044610142 1013.2260006010132 1015.7524218265654 1013.9382293710139 -1.0 1013.9382293710139 -1.0 1
290 0.25 nan 0.8 1.0 1.0 1017.039685861017 1017.040519111017 1017.3004264510173 1016.3233241710163 1018.8726160511787 1017.008488981017 -1.0 1017.2248006810172 -1.0 2
291 0.125 nan 0.8 1.0 1.0 1020.0691495510201 1020.0698161510201 1020.4230474910204 1019.4470117710194 1022.0025302581317 1020.2157015610202 -1.0 1020.2157015610202 -1.0 1
292 0.0625 nan 0.8 1.0 1.0 1023.0731491210231 1023.0741490210231 1023.7021528810237 1022.5780319710226 1025.28986443766 1023.2354328910233 -1.0 1023.6255272110236 -1.0 2
293 0.0625 nan 0.8 1.0 1.0 1027.4025828010274 1027.4033827210274 1027.7889774910277 1025.8740690010259 1029.3729626662437 1027.5349029010276 -1.0 1027.5349029010276 -1.0 1
294 0.125 nan 0.8 1.0 1.0 1030.6525244410307 1030.6533243610306 1030.8213742210307 1029.9712592410299 1032.4023876243955 1030.7080522210308 -1.0 1030.7080522210308 -1.0 1
295 nan 0.0 0.8 1.0 -1.0 1034.9395623610349 1034.940262291035 1035.1812715210351 1032.977991871033 1037.772818235863 1035.068816101035 -1.0 1035.068816101035 -1.0 1
296 0.0 nan 0.8 1.0 1.0 1039.1188110610392 1039.119544321039 1039.5047058010396 1038.3701192710384 1041.0851237038091 1039.3553207410393 -1.0 1039.3553207410393 -1.0 1
297 1.0 nan 0.8 1.0 1.0 1042.2897272710422 1042.2904938610423 1042.7428152910427 1041.6735222310417 1044.322632771771 1042.4534109010424 -1.0 1042.6565239210427 -1.0 2
298 0.0625 nan 0.8 1.0 1.0 1045.5188376610456 1045.5194709310456 1045.7913437410457 1044.902432641045 1047.3564583019568 1045.6504911610457 -1.0 1045.6504911610457 -1.0 1
299 nan 0.125 0.8 -1.0 1.0 1048.4516443510486 1048.4524109410484 1048.7628465610487 1047.942361951048 1050.3391656570166 1048.6465581910486 1.0 1048.6465581910486 1.0 1
300 0.25 nan 0.8 1.0 1.0 1051.6354592710516 1051.6363925110516 1051.8986662810519 1050.920864071051 1053.4724806719862 1051.7808780610517 -1.0 1051.7808780610517 -1.0 1
301 0.25 nan 0.8 1.0 1.0 1056.5684659210565 1056.5693325010566 1056.8008760110567 1054.073482111054 1058.3719927859524 1056.6974530210566 -1.0 1056.6974530210566 -1.0 1
302 nan 0.25 0.8 -1.0 1.0 1059.5184042310595 1059.5192708110596 1059.83780562106 1058.974092001059 1061.4011190132544 1059.7049522410598 1.0 1059.7049522410598 1.0 1
303 1.0 nan 0.8 1.0 1.0 1062.6560904310627 1062.6568570210627 1062.894733231063 1061.995723141062 1064.4511219498174 1062.7634463610627 -1.0 1062.7634463610627 -1.0 1
304 1.0 nan 0.8 1.0 1.0 1065.7218838210658 1065.7225170910658 1066.1073452710662 1065.034919191065 1067.6722297696522 1065.895799761066 -1.0 1065.895799761066 -1.0 1
305 0.0625 nan 0.8 -1.0 -1.0 1069.001489161069 1069.002189091069 1069.3354557610694 1068.2629296910682 1071.9010688661222 1069.1756717410692 1.0 1069.1756717410692 1.0 1
306 0.0 nan 0.8 1.0 1.0 1073.055783691073 1073.056716931073 1073.3128579810734 1072.4965729510725 1074.8892759764385 1073.2074351910733 -1.0 1073.2074351910733 -1.0 1
307 0.25 nan 0.8 1.0 1.0 1076.0846474410762 1076.085347371076 1076.3976828010764 1075.4834742310754 1077.9718967064991 1076.2460979610762 -1.0 1076.2460979610762 -1.0 1
308 0.125 nan 0.8 1.0 1.0 1079.2679957410792 1079.2689623110793 1079.5156043110794 1078.5630995710785 1081.0846920194358 1079.4232802110794 -1.0 1079.4232802110794 -1.0 1
309 0.0625 nan 0.8 1.0 1.0 1082.4221136310825 1082.4229468810825 1082.9220969610828 1081.6808877610817 1084.4849130897978 1082.7252166510827 -1.0 1082.7252166510827 -1.0 1
310 1.0 nan 0.8 1.0 1.0 1087.6050952810876 1087.6058618710877 1087.8284396110878 1085.3733184810853 1089.3846247293006 1087.7356488910877 -1.0 1087.7356488910877 -1.0 1
311 1.0 nan 0.8 1.0 1.0 1090.6382586010907 1090.6391585110907 1091.010654691091 1089.99062337109 1092.5679389229886 1090.7856105310907 -1.0 1090.7856105310907 -1.0 1
312 nan 0.25 0.8 -1.0 1.0 1093.8556035010938 1093.856436751094 1094.113244401094 1093.1571400210933 1095.6885587578386 1094.010121381094 1.0 1094.010121381094 1.0 1
313 1.0 nan 0.8 1.0 1.0 1096.900965601097 1096.901732191097 1097.116077421097 1096.2834606910963 1098.6842636430874 1096.998822481097 -1.0 1096.998822481097 -1.0 1
314 0.125 nan 0.8 1.0 1.0 1099.8050418310997 1099.8057084311 1100.1921697811001 1099.2837606310993 1101.755083662432 1100.0354187911 -1.0 1100.0354187911 -1.0 1
315 0.125 nan 0.8 1.0 1.0 1103.067948841103 1103.068615441103 1103.4756080711036 1102.3553867711023 1105.03859271663 1103.3365219811033 -1.0 1103.3365219811033 -1.0 1
316 0.0625 nan 0.8 1.0 1.0 1106.4004488911064 1106.4012488111064 1106.6739215411067 1105.6400916011057 1108.23770455813 1106.5357353611066 -1.0 1106.5357353611066 -1.0 1
317 nan 0.25 0.8 -1.0 1.0 1109.5677654611095 1109.5685320511095 1109.98422381111 1108.8382050911089 1111.555236083511 1109.7729449411097 1.0 1109.7729449411097 1.0 1
318 0.125 nan 0.8 1.0 1.0 1112.6338921511126 1112.6348253911126 1113.1628392511132 1112.1510404411122 1114.7382553443272 1112.876301241113 -1.0 1112.967225481113 -1.0 2
319 nan 0.0 0.2 1.0 -1.0 1115.8671021311159 1115.867802061116 1116.2320989611162 1115.3374551011154 1118.8011514447044 1116.0582830111161 -1.0 1116.0582830111161 -1.0 1
320 nan 0.125 0.2 -1.0 1.0 1121.105011621121 1121.1057115511212 1121.6587562411216 1119.4034484611195 1123.221271025881 1121.2667287811212 -1.0 1121.2667287811212 -1.0 1
321 nan 1.0 0.2 -1.0 1.0 1124.5837637111247 nan 1124.8150739111247 1123.8311723111237 1126.3837892949534 1124.7152172311248 1.0 1124.7152172311248 1.0 1
322 0.0625 nan 0.2 -1.0 -1.0 1127.6043616211275 nan 1128.186270091128 1126.979390791127 1130.7501168345675 1128.0353185211281 1.0 1128.0353185211281 1.0 1
323 nan 1.0 0.2 -1.0 1.0 1131.971124901132 1131.971891491132 1132.2339319511323 1131.3659187611313 1133.8005169660564 1132.0928127311322 1.0 1132.0928127311322 1.0 1
324 nan 1.0 0.2 -1.0 1.0 1135.8883998011358 1135.889133061136 1136.136041701136 1134.4131140111344 1137.7048522866587 1136.011954111136 1.0 1136.011954111136 1.0 1
325 nan 0.0 0.2 -1.0 1.0 1138.900631881139 1138.9014651311388 1139.3388547211393 1138.3159570211383 1140.9003709369204 1139.1781041311392 1.0 1139.1781041311392 1.0 1
326 nan 0.0625 0.2 -1.0 1.0 1141.987823131142 1141.988756371142 1142.4460773011424 1141.5020717111415 1144.0166642947001 1142.2701615611422 1.0 1142.2701615611422 1.0 1
327 nan 1.0 0.2 -1.0 1.0 1145.1210431111451 1145.121709711145 1145.3519866811453 1144.6184600411445 1146.9172688668498 1145.2446640811452 1.0 1145.2446640811452 1.0 1
328 nan 0.0 0.2 -1.0 1.0 1148.070781441148 1148.0716480211481 1148.3766841811484 1147.5316686911476 1149.9378953836158 1148.2383646811481 1.0 1148.2383646811481 1.0 1
329 nan 1.0 0.2 -1.0 1.0 1151.1003117911512 1151.1012783611511 1151.3177900411513 1150.5544997111506 1152.8877058029623 1151.2191332411512 1.0 1151.2191332411512 1.0 1
330 nan 0.125 0.2 -1.0 1.0 1154.1003450911542 1154.1012450011542 1154.3917159511543 1153.5025048811535 1155.9541284830423 1154.2788272411542 1.0 1154.2788272411542 1.0 1
331 nan 0.0625 0.2 -1.0 1.0 1157.033485081157 1157.0342183411572 1157.2779273011572 1156.5656318711565 1158.854241788203 1157.1570393911572 1.0 1157.1570393911572 1.0 1
332 nan 0.25 0.2 -1.0 1.0 1160.03358504116 1160.03448495116 1160.2795271111602 1159.4650419011596 1161.8497442913394 1160.1853032011602 1.0 1160.1853032011602 1.0 1
333 0.25 nan 0.2 1.0 1.0 1163.0877462611631 1163.088446191163 1163.3395544111634 1162.4598423911625 1164.9038678853397 1163.2399643711633 -1.0 1163.2399643711633 -1.0 1
334 0.0 nan 0.2 -1.0 -1.0 1167.3498200111674 1167.3507199211674 1167.6897193511677 1165.8171732911658 1170.2541984926686 1167.4738742711675 1.0 1167.4738742711675 1.0 1
335 nan 0.0625 0.2 -1.0 1.0 1171.3666516211713 1171.3673515511714 1171.812807001172 1170.884999791171 1173.366394446185 1171.6769205911717 1.0 1171.6769205911717 1.0 1
336 0.0625 nan 0.2 -1.0 -1.0 1174.4871728711746 1174.4879727911746 1174.995955321175 1173.976190641174 1177.5705025197547 1174.7791770011747 1.0 1174.7791770011747 1.0 1
337 nan 0.25 0.2 -1.0 1.0 1179.016419901179 1179.017219821179 1179.3472201511793 1178.1932022311782 1180.9208303682883 1179.1833698711791 1.0 1179.1833698711791 1.0 1
338 nan 0.125 0.2 -1.0 1.0 1182.1997015411823 1182.2005347911822 1182.5220359711825 1181.5389342911815 1184.0830493306598 1182.3742174211825 1.0 1182.3742174211825 1.0 1
339 nan 0.0625 0.2 -1.0 1.0 1185.2198328311852 1185.2207994011853 1185.6099604811857 1184.7094505411847 1187.1661466032251 1185.4880060111855 1.0 1185.4880060111855 1.0 1
340 1.0 nan 0.2 1.0 1.0 1188.3537194111884 1188.3544193411883 1188.6644550011886 1187.7834431111878 1190.2367653754154 1188.4073473811884 1.0 1188.4073473811884 1.0 1
341 nan 1.0 0.2 -1.0 1.0 1191.5331347711915 1191.5340680111915 1191.843670381192 1190.8621685411908 1193.4033842246506 1191.6696211211918 1.0 1191.6696211211918 1.0 1
342 nan 0.0625 0.2 -1.0 1.0 1194.5658314711945 1194.5666980511946 1194.9275952911948 1194.024885571194 1196.4870067529944 1194.8177396111948 1.0 1194.8177396111948 1.0 1
343 nan 0.125 0.2 -1.0 1.0 1198.5163697111984 1198.5173029511984 1199.4271119611994 1197.117009661197 1200.9868256329084 1199.066947981199 1.0 1199.3577189011994 1.0 2
344 nan 1.0 0.2 -1.0 1.0 1203.5658980412036 1203.5665646412035 1203.8273385612038 1201.6206259212017 1205.3867516879752 1203.6757537212036 1.0 1203.6757537212036 1.0 1
345 nan 0.0625 0.2 -1.0 1.0 1207.7327479812077 1207.7335145712077 1208.0824463412082 1206.020852521206 1209.6492609123918 1207.959491971208 1.0 1207.959491971208 1.0 1
346 0.0625 nan 0.2 -1.0 -1.0 1210.7530125912108 1210.7538458412107 1213.0290849612131 1210.2787600212102 1215.602795010529 1212.7321479912127 1.0 1212.7321479912127 1.0 1
347 nan 1.0 0.2 -1.0 1.0 1217.1992345712172 1217.2000678212173 1217.4788732712175 1216.2419969712162 1219.0493906982856 1217.3365541712174 1.0 1217.3365541712174 1.0 1
348 nan 0.0 0.2 -1.0 1.0 1220.3030574912202 1220.3037240912204 1220.8149063012208 1219.6761868512197 1222.386914817508 1220.6827195212206 1.0 1220.6827195212206 1.0 1
349 nan 1.0 0.2 -1.0 1.0 1223.6993178312237 1223.7003177312238 1224.066114481224 1223.022018901223 1225.636727983667 1223.893565071224 1.0 1223.893565071224 1.0 1
350 nan 0.125 0.2 -1.0 1.0 1226.982722791227 1226.983556041227 1227.4440433212274 1226.2671276912263 1229.0029272023617 1227.1982012412273 1.0 1227.1982012412273 1.0 1
351 nan 0.125 0.2 -1.0 1.0 1230.3823827912304 1230.3832160412303 1230.7811429112307 1229.6307246312297 1232.3531522111211 1230.6247252212306 1.0 1230.6247252212306 1.0 1
352 nan 1.0 0.2 -1.0 1.0 1233.5320677912337 1233.5328343812334 1233.7838759412339 1232.982156121233 1235.3528574120814 1233.6716205012337 1.0 1233.6716205012337 1.0 1
353 nan 0.0625 0.2 0.0 -1.0 1238.7819427512388 1238.7827426712388 1298.7838752912987 1235.990855221236 1301.2831706792895 1298.5888281312987 1.0 1298.5888281312987 1.0 1
354 nan 1.0 0.2 -1.0 1.0 1302.2145988513023 1303.4694733513036 1337.5861280113377 1302.141772801302 1339.1683262528945 1302.5118024613025 1.0 1337.5452654313376 1.0 6
355 nan 0.125 0.2 -1.0 1.0 1340.4970702213404 1340.4979368013405 1340.915228401341 1339.9258273513399 1342.4967389034243 1340.7281804413408 1.0 1340.7281804413408 1.0 1
356 1.0 nan 0.2 1.0 1.0 1343.8346364313438 1343.8355696713438 1344.1247407513442 1343.1394392913433 1345.70115127304 1343.998486711344 -1.0 1343.998486711344 -1.0 1
357 nan 0.0625 0.2 -1.0 1.0 1348.2798918613482 1348.2808584313484 1348.5841614313485 1346.6682530413466 1350.1679714806899 1348.4262438913483 1.0 1348.4262438913483 1.0 1
358 0.25 nan 0.2 1.0 1.0 1352.947025101353 1352.947758361353 1353.2474950513533 1350.806772481351 1354.830601786278 1353.1241073913532 -1.0 1353.1241073913532 -1.0 1
359 nan 0.125 0.2 -1.0 1.0 1356.017318041356 1356.018084631356 1356.3015896113563 1355.4886042513556 1357.8803034617874 1356.1690362013562 1.0 1356.1690362013562 1.0 1
360 nan 0.125 0.2 -1.0 1.0 1359.067679641359 1359.0683795713592 1359.2603937013594 1358.5237007113585 1360.8304067009767 1359.119441131359 1.0 1359.119441131359 1.0 1
361 0.0 nan 0.2 -1.0 -1.0 1362.6175579513626 1362.6183245413627 1362.925993771363 1361.4724058113616 1365.4964364895686 1362.7538776513627 1.0 1362.7538776513627 1.0 1
362 nan 0.0 0.2 -1.0 1.0 1367.6503212913676 1367.6512545313676 1367.949758011368 1366.139339071366 1369.5303658542882 1367.8325697313678 1.0 1367.8325697313678 1.0 1
363 0.0 nan 0.2 -1.0 -1.0 1370.900829541371 1370.9015294713708 1371.2708592013712 1370.17716858137 1373.8463724367846 1371.0634132813711 1.0 1371.0634132813711 1.0 1
364 1.0 nan 0.2 1.0 1.0 1375.4172111913754 1375.4181444313754 1375.7043824713758 1374.4882707613745 1377.2797924369256 1375.5690626713756 -1.0 1375.5690626713756 -1.0 1
365 nan 0.25 0.2 -1.0 1.0 1378.5341661313785 1378.5350993713785 1378.837702441379 1377.9246937513778 1380.4132115526534 1378.6988163313788 1.0 1378.6988163313788 1.0 1
366 nan 0.25 0.2 -1.0 1.0 1381.7671428013819 1381.768042711382 1382.010018511382 1381.0587136513811 1383.579729091735 1381.911595021382 1.0 1381.911595021382 1.0 1
367 nan 0.0625 0.2 -1.0 1.0 1384.7840077513847 1384.7850076513848 1385.2266301513853 1384.2230305213843 1386.7960417909444 1385.0612133613852 1.0 1385.0612133613852 1.0 1
368 0.125 nan 0.2 1.0 1.0 1388.1340727113882 1388.134939291388 1388.4801381013885 1387.4401421113876 1390.0673490911065 1388.3687159113883 -1.0 1388.3687159113883 -1.0 1
369 0.25 nan 0.2 1.0 1.0 1391.4628398013915 1391.4636063913915 1391.966056141392 1390.7111483113906 1393.5501652093287 1391.8466014213918 -1.0 1391.8466014213918 -1.0 1
370 1.0 nan 0.2 1.0 1.0 1394.7959731213948 1394.7968730313949 1395.021650551395 1394.1946665913943 1396.5959649258282 1394.931559561395 -1.0 1394.931559561395 -1.0 1
371 nan 0.0 0.2 -1.0 1.0 1397.7335126713976 1397.7341459413979 1401.163402981401 1397.2408619413973 1402.7501087410353 1397.9365257013978 1.0 1401.1517374814011 1.0 2
372 nan 1.0 0.2 -1.0 1.0 1403.929426351404 1403.930092951404 1404.2073985514041 1403.4056120714033 1405.7833122778043 1404.0711788414042 1.0 1404.0711788414042 1.0 1
373 0.25 nan 0.2 -1.0 -1.0 1406.962822981407 1406.963722891407 1407.4770048914074 1406.4281097914065 1410.0502174457708 1407.3091550114073 1.0 1407.3091550114073 1.0 1
374 nan 0.25 0.2 -1.0 1.0 1411.2458613014112 1411.2466278914112 1412.0951430314121 1410.6944164514107 1413.6836475754455 1411.967489131412 1.0 1411.967489131412 1.0 1
375 nan 1.0 0.2 -1.0 1.0 1414.8296362214148 1414.830336151415 1415.1290396114152 1414.3298528714142 1416.716652139397 1414.989720211415 1.0 1414.989720211415 1.0 1
376 nan 0.125 0.2 -1.0 1.0 1417.912427911418 1417.913227831418 1426.7598097514267 1417.3615496714174 1428.3333159200065 1422.3463511414225 1.0 1426.6986825314268 1.0 2
377 nan 0.0625 0.2 -1.0 1.0 1429.5952595114295 1429.5960594314297 1430.2583265314304 1429.011517891429 1431.8330356210597 1429.93602543143 1.0 1429.93602543143 1.0 1
378 nan 1.0 0.2 -1.0 1.0 1432.995952741433 1432.996719331433 1433.3324190914334 1432.4842372514324 1434.9166329790592 1433.1804009614332 1.0 1433.1804009614332 1.0 1
379 nan 0.0625 0.2 -1.0 1.0 1436.1626360414361 1436.1636359414363 1439.3758480214394 1435.5633293114356 1440.9291576124747 1438.919093701439 1.0 1438.919093701439 1.0 1
380 nan 1.0 0.2 -1.0 1.0 1442.1831006014422 1442.1839005214422 1442.4584730614424 1441.6001589014415 1444.0163818827787 1442.3454177014423 1.0 1442.3454177014423 1.0 1
381 nan 0.125 0.2 -1.0 1.0 1445.2283960414452 1445.2291626314452 1453.146104191453 1444.6668855314447 1454.7120129738275 1448.781440701449 1.0 1453.051480321453 1.0 2
382 nan 1.0 0.2 -1.0 1.0 1455.932592181456 1455.933325441456 1456.3408180214562 1455.3941127014555 1457.8950283430295 1456.1984989214561 1.0 1456.1984989214561 1.0 1
383 nan 0.25 0.2 -1.0 1.0 1459.2993888014594 1459.3002887114594 1459.5223331714596 1458.5547299414586 1461.0786417535764 1459.4269760414595 1.0 1459.4269760414595 1.0 1
384 nan 0.125 0.2 -1.0 1.0 1463.5490971214635 1463.5499303714635 1463.822969731464 1462.0838436614622 1465.3824780425896 1463.7076812614637 1.0 1463.7076812614637 1.0 1
385 nan 0.125 0.2 -1.0 1.0 1466.7285124814669 1466.7292124114667 1467.3081878414673 1466.0403813014661 1468.865897116148 1467.003051691467 1.0 1467.1432710014672 1.0 2
386 nan 0.0 0.2 -1.0 1.0 1471.7784407714719 1471.7791073714718 1472.030715541472 1469.5357983914696 1473.5787961391113 1471.924959451472 1.0 1471.924959451472 1.0 1
387 nan 0.0 0.2 -1.0 1.0 1475.3327186414754 1475.3334185714752 1475.7450107414757 1474.2515934314742 1477.3118180524696 1475.5924593314755 1.0 1475.5924593314755 1.0 1
388 nan 0.25 0.2 -1.0 1.0 1478.5157336414786 nan 1478.9003285114788 1477.975920961478 1480.4614380035603 1478.7079477514787 1.0 1478.7079477514787 1.0 1
389 nan 1.0 0.2 -1.0 1.0 1481.6993485814817 nan 1482.010050841482 1481.1187399814812 1483.5655595682417 1481.8509667514818 1.0 1481.8509667514818 1.0 1
390 nan 0.0625 0.2 -1.0 1.0 1484.7616423214847 1484.7626422214848 1485.1700681414852 1484.2282623314843 1486.7283777270072 1484.961522331485 1.0 1484.961522331485 1.0 1
391 nan 0.0625 0.2 -1.0 1.0 1487.948790241488 1487.949556831488 1507.5415641015074 1487.3917792814875 1509.094458529675 1497.1295720714973 1.0 1507.4691380115075 1.0 2
392 nan 0.25 0.2 -1.0 1.0 1510.4651050515106 1510.4659383015105 1510.7767738815107 1509.9209594715098 1512.3317812745288 1510.6473868215107 1.0 1510.6473868215107 1.0 1
393 nan 0.0625 0.2 -1.0 1.0 1513.5277654215135 1513.5285320115136 1514.5459969215146 1513.000984771513 1516.1112979450481 1514.3634151815145 1.0 1514.3634151815145 1.0 1
394 0.125 nan 0.2 0.0 -1.0 1517.5814266815175 1517.5821599415176 1577.5833592215777 1516.861898641517 1580.0825848161112 1530.2076306015301 -1.0 1565.917092631566 -1.0 3
395 nan 0.0625 0.2 0.0 -1.0 1581.7264448715816 1581.7272781215818 1641.7284774016418 1580.973686821581 1644.22773698115 1605.0763763116051 1.0 1605.0763763116051 1.0 1
396 nan 0.25 0.2 -1.0 1.0 1646.4299405416464 1646.4307737916465 1646.833366861647 1645.117438471645 1648.4131694868688 1646.6356199716467 1.0 1646.6356199716467 1.0 1
397 nan 0.25 0.2 -1.0 1.0 1649.6423859316496 1649.6430858616498 1649.95438806165 1649.0997735316491 1651.5251939464797 1649.82226794165 1.0 1649.82226794165 1.0 1
398 nan 1.0 0.2 -1.0 1.0 1652.8128021916527 1652.8137021016528 1653.6055895716536 1652.197597051652 1655.1751005288982 1652.991784291653 1.0 1653.3165851416534 -1.0 2
399 nan 0.0625 0.2 -1.0 1.0 1656.5460288316565 1656.5469954016567 1661.5920241816616 1655.8457988616558 1663.1590315714966 1661.4220745116615 1.0 1661.4220745116615 1.0 1
400 nan 0.0625 0.2 -1.0 1.0 1664.3462820616644 1664.3472153016644 1665.3929440516654 1663.842532441664 1666.9754505768908 1665.2122954516653 1.0 1665.2122954516653 1.0 1
401 nan 1.0 0.2 -1.0 1.0 1668.4123420816684 1668.4131420016683 1669.1166716416692 1667.6462520316677 1670.6914771311692 1668.6101223016685 1.0 1668.6101223016685 1.0 1
402 nan 0.0 0.2 0.0 -1.0 1672.145935351672 1672.1467686016722 1732.147934551732 1671.3638802316714 1734.6472292555725 nan 0.0 nan 0.0 0
403 nan 1.0 0.2 -1.0 1.0 1735.5905235917355 1736.0625430517362 1736.4289397417365 1735.5198306617356 1738.007145327646 1736.2627230317362 1.0 1736.2627230317362 1.0 1
404 nan 0.125 0.2 -1.0 1.0 1739.2116281117392 1739.2124946917393 1739.6256533717396 1738.6913468117386 1741.1903617029488 1739.4515374517396 1.0 1739.4515374517396 1.0 1
405 nan 0.0625 0.2 -1.0 1.0 1742.3947431017425 1742.3954763617423 1742.8215670817428 1741.860863161742 1744.3946749608913 1742.6953463717427 1.0 1742.6953463717427 1.0 1
406 0.0625 nan 0.8 -1.0 -1.0 1745.6237868317457 1745.6244201017457 1745.971052101746 1745.0697755717451 1748.5446924672922 1745.843831491746 1.0 1745.843831491746 1.0 1
407 0.0625 nan 0.8 0.0 -1.0 1749.7075117517497 1749.7083450017496 1809.7095109518098 1749.2245933817492 1812.2087700994612 1749.6776814017496 1.0 1764.6661157417648 1.0 5
408 nan 1.0 0.8 -1.0 1.0 1813.1730645618131 1813.7777707518137 1814.4251726718144 1813.098871981813 1815.9934812579797 1813.990349491814 1.0 1814.3191832718144 1.0 2
409 nan 1.0 0.8 -1.0 1.0 1817.4061412118174 1817.4070744518174 1817.6929125318177 1816.6752809718166 1819.276913745077 1817.5398611718176 1.0 1817.5398611718176 1.0 1
410 0.125 nan 0.8 1.0 1.0 1820.4728011818204 1820.4737010918204 1820.790102781821 1819.95381975182 1822.360315120621 1820.6665818018207 -1.0 1820.6665818018207 -1.0 1
411 0.125 nan 0.8 1.0 1.0 1824.7394744718247 1824.7402743918249 1825.096838731825 1823.0385112518231 1826.6935398920282 1824.883393411825 1.0 1824.883393411825 1.0 1
412 0.25 nan 0.8 1.0 1.0 1829.7227094318298 1829.7235426818297 1830.06794157183 1827.3877429518275 1831.6562766276866 1829.92158954183 -1.0 1829.92158954183 -1.0 1
413 0.25 nan 0.8 1.0 1.0 1832.926555681833 1832.927522251833 1833.1713645318332 1832.3521797918324 1834.756074615892 1832.953019701833 -1.0 1832.953019701833 -1.0 1
414 1.0 nan 0.8 1.0 1.0 1835.943353971836 1835.944120561836 1836.1414674918362 1835.4441705618356 1837.7227752751912 1836.020879551836 -1.0 1836.020879551836 -1.0 1
415 0.0625 nan 0.8 1.0 1.0 1839.0264456318391 1839.027078901839 1839.1991950218392 1838.4085740918383 1840.7932961505169 1839.0634419318392 -1.0 1839.0634419318392 -1.0 1
416 nan 0.0625 0.8 1.0 -1.0 1842.2557893318424 1842.2566892418422 1842.7266755718426 1841.4829999518415 1845.3099141902128 1842.5761572918425 -1.0 1842.5761572918425 -1.0 1
417 nan 0.0625 0.8 1.0 -1.0 1846.5051310218466 1846.5059642718466 1846.7729709018467 1846.004614411846 1849.343240989347 1846.6642817718466 -1.0 1846.6642817718466 -1.0 1
418 0.125 nan 0.8 1.0 1.0 1850.7384409818508 1850.7392409018507 1851.0335448018511 1850.04044412185 1852.6055519865174 1850.917789711851 -1.0 1850.917789711851 -1.0 1
419 nan 0.0 0.8 0.0 -1.0 1854.0594421818541 1854.0602087718541 1914.061341391914 1853.2989515718534 1916.5606333146657 1871.8331979618717 1.0 1871.8331979618717 1.0 1
420 0.25 nan 0.8 1.0 1.0 1917.5250283219175 1918.022278591918 1918.8054336019188 1917.4555352719174 1920.3747412180965 1918.5257282419186 -1.0 1918.5257282419186 -1.0 1
421 0.0625 nan 0.8 1.0 1.0 1921.5543920119217 1921.5552252619216 1921.920455401922 1921.072940161921 1923.492160068368 1921.7057768719217 -1.0 1921.7057768719217 -1.0 1
422 0.0625 nan 0.8 1.0 1.0 1924.7046769519247 1924.7055435319248 1925.1269680519251 1924.176263131924 1926.7043736710634 1925.004680281925 -1.0 1925.004680281925 -1.0 1
423 0.25 nan 0.8 1.0 1.0 1928.6581815619286 1928.6591481319288 1928.936387071929 1927.4003740219275 1930.504291887714 1928.833497361929 -1.0 1928.833497361929 -1.0 1
424 nan 0.0 0.8 1.0 -1.0 1932.2752531519322 1932.2760864019324 1935.1500656419353 1931.2054934719313 1937.721206725212 1932.5120294719325 1.0 1934.981949121935 -1.0 3
425 1.0 nan 0.8 1.0 1.0 1938.991448131939 1938.9923147119391 1939.2418230919393 1938.4245048319385 1940.8250252746707 1939.146965911939 -1.0 1939.146965911939 -1.0 1
426 nan 0.25 0.8 -1.0 1.0 1942.0704068719422 1942.071306781942 1942.4946311119425 1941.5197286119414 1944.0709370066222 1942.2966175819424 1.0 1942.2966175819424 1.0 1
427 0.0625 nan 0.8 1.0 1.0 1945.3415797219454 1945.3422463219454 1945.6719466819457 1944.7712367619447 1947.2372521555685 1945.5375601219455 -1.0 1945.5375601219455 -1.0 1
428 nan 0.0625 0.8 1.0 -1.0 1948.4246713819484 1948.4255712919485 1948.7365735219487 1947.932553931948 1951.3079773119273 1948.5702568219485 -1.0 1948.5702568219485 -1.0 1
429 0.25 nan 0.8 1.0 1.0 1952.5376600419524 1952.5385599519525 1952.8251979519528 1952.007379741952 1954.391300755712 1952.7079096819527 -1.0 1952.7079096819527 -1.0 1
430 0.0625 nan 0.8 1.0 1.0 1955.8042333519559 1955.8050999319557 1956.2959841719562 1955.094204361955 1957.874894035529 1956.141566281956 -1.0 1956.141566281956 -1.0 1
431 nan 0.25 0.8 -1.0 1.0 1959.2374899919594 1959.2384565619593 1959.5551248919596 1958.5817889019586 1961.1204240287955 1959.4194384619595 1.0 1959.4194384619595 1.0 1
432 nan 0.0625 0.8 1.0 -1.0 1962.4412695819624 nan 1962.4420028419624 1961.8249312219618 1965.2207515167102 nan 0.0 nan 0.0 0
433 1.0 nan 0.8 1.0 1.0 1966.6746462019667 1966.6756127719666 1966.928854111967 1965.9363533719659 1968.5078600459983 1966.8134323219667 -1.0 1966.8134323219667 -1.0 1
434 1.0 nan 0.8 1.0 1.0 1969.7037099319698 1969.7045765119697 1969.93055391197 1969.2098593219691 1971.5077601255446 1969.8344968519698 -1.0 1969.8344968519698 -1.0 1
435 0.0625 nan 0.8 1.0 1.0 1973.4039732019735 1973.4048731119735 1973.7554713819738 1972.2252577519723 1975.320575984738 1973.6436825619737 -1.0 1973.6436825619737 -1.0 1
436 nan 0.125 0.8 -1.0 1.0 1976.6578144519767 1976.6585143819766 1977.007179511977 1976.025577681976 1978.5742039091883 1976.8913910919769 1.0 1976.8913910919769 1.0 1
437 0.25 nan 0.8 1.0 1.0 1981.7202414919818 1981.7211747319818 1981.9475187619819 1979.6780124019797 1983.5203236697882 1981.8581610319818 -1.0 1981.8581610319818 -1.0 1
438 0.25 nan 0.8 1.0 1.0 1984.990981051985 1984.991714311985 1985.2993168819853 1984.2343233919842 1986.8703243442976 1985.1866281519851 -1.0 1985.1866281519851 -1.0 1
439 0.125 nan 0.8 1.0 1.0 1988.090804371988 1988.0916709519881 1988.4016399519885 1987.5806220619877 1989.9696425161426 1988.2978836619884 -1.0 1988.2978836619884 -1.0 1
440 1.0 nan 0.8 1.0 1.0 1991.3241810019913 1991.3250475819914 1991.4286372219915 1990.6746459619908 1993.0073443634442 1991.2853515519912 -1.0 1991.2853515519912 -1.0 1
441 0.125 nan 0.8 1.0 1.0 1994.3035497019944 1994.3042496319943 1994.6353498519948 1993.7213412619938 1996.2033544369974 1994.5108289719944 -1.0 1994.5108289719944 -1.0 1
442 1.0 nan 0.8 1.0 1.0 1997.5243275919975 1997.5252275019975 1997.7994667419978 1996.910755621997 1999.3737704337766 1997.6532813619976 -1.0 1997.6532813619976 -1.0 1
443 0.0 nan 0.8 1.0 1.0 2000.6867446520007 2000.6875112420007 2001.065073482001 2000.078972102 2002.6408046756242 2000.8639602620008 -1.0 2000.8639602620008 -1.0 1
444 0.0625 nan 0.8 1.0 1.0 2003.8862913320038 2003.8871579120039 2004.109402352004 2003.3544111920035 2005.6862099042155 2003.961717122004 -1.0 2003.961717122004 -1.0 1
445 1.0 nan 0.2 1.0 1.0 2006.923720892007 2006.924787452007 2007.4312034720074 2006.3970069020065 2009.0032362427032 2007.3124486820072 -1.0 2007.3124486820072 -1.0 1
446 nan 0.25 0.2 -1.0 1.0 2010.2069258720103 2010.2076924620103 2010.7192413020107 2009.7152417120096 2012.2907476583903 2010.4260372920105 1.0 2010.4260372920105 1.0 1
447 nan 0.0625 0.2 1.0 -1.0 2013.4694662520135 2013.4703661620135 2013.6723459620137 2012.997946742013 2016.240651019917 2013.4863978920134 -1.0 2013.4863978920134 -1.0 1
448 nan 0.125 0.2 1.0 -1.0 2017.4527678820175 2017.4536344620174 2017.7549376620177 2016.969649532017 2020.3196734167452 2017.6359495620177 -1.0 2017.6359495620177 -1.0 1
449 nan 1.0 0.2 -1.0 1.0 2021.6066191220216 2021.6075523620216 2021.844995282022 2021.036876102021 2023.4196960610655 2021.7415056320217 1.0 2021.7415056320217 1.0 1
450 nan 0.125 0.2 -1.0 1.0 2024.773635722025 2024.7745356320247 2025.2748855920254 2024.1362994620242 2026.8361946708137 2025.1148349320251 1.0 2025.1148349320251 1.0 1
451 nan 1.0 0.2 -1.0 1.0 2028.2237573420282 2028.2244572720283 2028.4665997220284 2027.5552908620275 2030.040003785337 2028.3532777220285 1.0 2028.3532777220285 1.0 1
452 nan 0.25 0.2 -1.0 1.0 2031.4359694220313 2031.4367693420315 2031.6972099620318 2030.7603036620308 2033.26891391028 2031.5826880820316 1.0 2031.5826880820316 1.0 1
453 nan 0.25 0.2 -1.0 1.0 2034.5897540120345 2034.5907205820347 2034.8409288920348 2033.987214272034 2036.4027312169355 2034.5231606720345 1.0 2034.7344062120349 1.0 2
454 nan 1.0 0.2 -1.0 1.0 2038.4067722720383 2038.4076721820384 2038.6297499720386 2037.1260336920373 2040.2026514267775 2038.5271602320386 1.0 2038.5271602320386 1.0 1
455 nan 0.0625 0.2 -1.0 1.0 2041.4232372620415 2041.4240038520416 2042.1013694420421 2040.931053152041 2043.6695704439321 2041.949617952042 1.0 2041.949617952042 1.0 1
456 nan 0.0625 0.2 -1.0 1.0 2045.0233105520451 2045.0242437920451 2045.4529675820454 2044.4034725420445 2047.0190002230881 2045.2371225020452 1.0 2045.2371225020452 1.0 1
457 nan 0.125 0.2 -1.0 1.0 2048.2902171620485 2048.2909170920484 2048.6146847120485 2047.7420053220478 2050.1860942209355 2048.5057289420483 1.0 2048.5057289420483 1.0 1
458 nan 0.125 0.2 -1.0 1.0 2051.3898738320513 2051.3904737720513 2051.7001094720517 2050.911588332051 2053.269109589615 2051.5986196220515 1.0 2051.5986196220515 1.0 1
459 0.0 nan 0.2 -1.0 -1.0 2054.5063621520544 2054.5071287420546 2054.752470872055 2053.992913502054 2057.319138332473 2054.6169844220544 1.0 2054.6169844220544 1.0 1
460 nan 0.25 0.2 -1.0 1.0 2058.5564571020586 2058.5573903420586 2058.845028242059 2058.0475413320582 2060.42303543873 2058.7198407620585 1.0 2058.7198407620585 1.0 1
461 nan 1.0 0.2 -1.0 1.0 2062.885757462063 2062.886357402063 2063.147564612063 2061.150331022061 2064.7231621908377 2063.024576912063 1.0 2063.024576912063 1.0 1
462 nan 0.25 0.2 -1.0 1.0 2067.069039092067 2067.069972332067 2067.3582768320675 2065.4643662420654 2068.9226798148343 2067.247854542067 1.0 2067.247854542067 1.0 1
463 nan 1.0 0.2 -1.0 1.0 2070.2686191020703 2070.26928570207 2070.5481911420707 2069.6569802720696 2072.1062938789714 2070.4107382220704 1.0 2070.4107382220704 1.0 1
464 nan 1.0 0.2 -1.0 1.0 2073.785500712074 2073.7862006420737 2074.0542071720743 2072.8391953520727 2075.6059116884435 2073.940551872074 1.0 2073.940551872074 1.0 1
465 1.0 nan 0.2 1.0 1.0 2076.868192412077 2076.868859012077 2077.1165009120773 2076.336912212076 2078.6688358006822 2077.019710592077 -1.0 2077.019710592077 -1.0 1
466 nan 0.0625 0.2 -1.0 1.0 2080.10550198208 2080.10613525208 2080.7082417020806 2079.399539252079 2082.2516473787136 2080.3184140220806 -1.0 2080.541091752081 1.0 2
467 1.0 nan 0.2 1.0 1.0 2083.5229268720836 2083.5240934220838 2083.796332862084 2082.988746962083 2085.356166452348 2083.6670124620837 -1.0 2083.6670124620837 -1.0 1
468 nan 0.25 0.2 -1.0 1.0 2086.734805652087 2086.735705562087 2086.995646232087 2086.0924698920862 2088.551382191959 2086.877924672087 1.0 2086.877924672087 1.0 1
469 nan 0.25 0.2 -1.0 1.0 2089.93895187209 2089.93965180209 2090.17806129209 2089.291483292089 2091.7348955440625 2090.08323744209 1.0 2090.08323744209 1.0 1
470 0.0625 nan 0.2 -1.0 -1.0 2093.0890701620933 2093.089970072093 2093.3769747020933 2092.5028954520926 2095.9512970166265 2093.2657524920933 1.0 2093.2657524920933 1.0 1
471 nan 0.25 0.2 -1.0 1.0 2097.721906832098 2097.7229067320977 2098.7418048320988 2097.1749948620973 2100.318006316685 2098.624916522099 1.0 2098.624916522099 1.0 1
472 nan 0.0625 0.2 -1.0 1.0 2101.6549468221015 2101.6558467321015 2102.309314712102 2101.057806542101 2103.884941448416 2101.927952852102 1.0 2102.243887922102 1.0 2
473 nan 0.125 0.2 -1.0 1.0 2105.238688412105 2105.2394550021054 2105.5999522821057 2104.640448242105 2107.1683563174097 2105.4515004621053 1.0 2105.4515004621053 1.0 1
474 nan 0.25 0.2 -1.0 1.0 2108.4385017321083 2108.4394349721083 2108.7289393521087 2107.907854802108 2110.3056710386313 2108.6077181421088 1.0 2108.6077181421088 1.0 1
475 nan 0.25 0.2 -1.0 1.0 2111.7683020521117 2111.7690019821116 2112.069371942112 2111.054073482111 2113.638774894084 2111.930319182112 1.0 2111.930319182112 1.0 1
476 0.125 nan 0.2 1.0 1.0 2115.1181337021153 2115.119000282115 2115.4981956921156 2114.3946727221146 2117.0678932133687 2115.3582763521154 -1.0 2115.3582763521154 -1.0 1
477 nan 1.0 0.2 -1.0 1.0 2118.4887632721184 2118.4895965221185 2118.884790332119 2117.823796442118 2120.4553941929653 2118.7033418121187 1.0 2118.7033418121187 1.0 1
478 nan 0.0625 0.2 -1.0 1.0 2121.834628652122 2121.835595222122 2122.5332254521227 2121.2114909721213 2124.1016209577265 2122.3969724121225 1.0 2122.3969724121225 1.0 1
479 0.0625 nan 0.2 -1.0 -1.0 2125.4382349221255 2125.4391681621255 2185.4382349221255 2124.8580262821247 2128.338736353655 2125.6545799521255 1.0 2125.6545799521255 1.0 1
480 1.0 nan 0.2 1.0 1.0 2129.6013185721295 nan 2129.84922711213 2129.092736102129 2131.417357074625 2129.7534033621296 -1.0 2129.7534033621296 -1.0 1
481 nan 0.0 0.2 -1.0 1.0 2132.6721114621328 2132.6727447321327 2157.854459642158 2132.174261252132 2159.4213841065407 2157.579053852158 1.0 2157.579053852158 1.0 1
482 nan 1.0 0.2 -1.0 1.0 2162.4335350221622 2162.4343682721624 2162.7329717421626 2160.25908582216 2164.304703193184 2162.5920191721625 1.0 2162.5920191721625 1.0 1
483 nan 0.25 0.2 -1.0 1.0 2165.833728302166 2165.834661542166 2166.183293342166 2165.0756041221653 2167.7502982705178 2166.038574482166 1.0 2166.038574482166 1.0 1
484 nan 0.125 0.2 -1.0 1.0 2170.0880694921702 2170.0889360721703 2170.4579991621704 2168.5093940421684 2172.0336273850435 2170.3046145021704 1.0 2170.3046145021704 1.0 1
485 nan 1.0 0.2 -1.0 1.0 2174.4711311421743 2174.4718644021746 2174.7200395821746 2172.794532152173 2176.2878397302543 2174.5973851821745 1.0 2174.5973851821745 1.0 1
486 nan 1.0 0.2 -1.0 1.0 2177.7005081721777 2177.7011414421777 2177.994545432178 2177.059338962177 2179.5669458871694 2177.8470935121777 1.0 2177.8470935121777 1.0 1
487 0.0625 nan 0.2 -1.0 -1.0 2180.8372278021807 2180.8380943821808 2181.152762912181 2180.3281453821805 2183.7207621976468 2180.988979292181 1.0 2180.988979292181 1.0 1
488 nan 0.0625 0.2 -1.0 1.0 2184.999911492185 2185.000711412185 2185.5319916121857 2184.4797635121845 2187.104288498771 2185.3006814121854 1.0 2185.3006814121854 1.0 1
489 nan 0.0625 0.2 0.0 -1.0 2188.4999947821884 2188.5006613821884 2248.5018606622484 2187.8626918521877 2251.0010460823655 2189.1765937821892 1.0 2220.3472097422205 1.0 4
490 nan 0.125 0.2 -1.0 1.0 2252.015975882252 2252.5374570622525 2253.5385569422538 2251.962247922252 2255.086386295365 2253.017042432253 1.0 2253.4567651222533 1.0 2
491 nan 0.25 0.2 -1.0 1.0 2256.5492558422566 2256.5500890922567 2274.5611544722747 2255.854491992256 2276.1154818550253 2273.7830656222736 1.0 2273.7830656222736 1.0 1
492 nan 1.0 0.2 -1.0 1.0 2277.6028169422775 2277.6034835422774 2286.4324005622866 2276.938083422277 2287.9854312307457 2285.1183986422852 1.0 2286.2812823422864 1.0 2
493 0.125 nan 0.2 -1.0 -1.0 2289.3147789622894 2289.3156455422895 2293.3433094022935 2288.779232522289 2295.8820451019724 2293.0282742422933 1.0 2293.0282742422933 1.0 1
494 nan 1.0 0.2 -1.0 1.0 2297.3360100922973 2297.3368433422975 2312.840826122313 2296.661044262297 2314.381722971606 2312.700873452313 1.0 2312.700873452313 1.0 1
495 nan 0.25 0.2 -1.0 1.0 2315.752034972316 2315.752901552316 2316.5087259623165 2315.190424472315 2318.052256028168 2316.296313872316 1.0 2316.296313872316 1.0 1
496 nan 0.125 0.2 -1.0 1.0 2319.281548652319 2319.2825818823194 2319.6562445123195 2318.815661912319 2321.1981530786315 2319.4637637623196 1.0 2319.4637637623196 1.0 1
497 nan 1.0 0.2 -1.0 1.0 2322.5184249323224 2322.5191581923227 2322.890854352323 2321.958247622322 2324.447481541652 2322.6862414823227 1.0 2322.6862414823227 1.0 1
498 nan 0.25 0.2 -1.0 1.0 2325.918518222326 2325.919484792326 2326.139696102326 2325.207889292325 2327.685097955289 2325.949715102326 1.0 2325.949715102326 1.0 1
499 nan 1.0 0.2 -1.0 1.0 2330.4143352623305 2330.4150351923304 2330.6551111823305 2328.4535980223286 2332.197812124452 2330.5389894623304 1.0 2330.5389894623304 1.0 1
500 nan 0.0 0.2 -1.0 1.0 2333.5350898223337 2333.5357230923337 2334.044405552334 2332.973712632333 2335.6017358338963 2333.872122782334 1.0 2333.872122782334 1.0 1
501 nan 0.25 0.2 -1.0 1.0 2338.6309801823386 2338.6316134523386 2339.003842892339 2336.3663400023365 2340.5519444105207 2338.819894622339 1.0 2338.819894622339 1.0 1
502 0.125 nan 0.2 -1.0 -1.0 2341.880621852342 2341.881255122342 2342.8785553823427 2341.3372428623416 2345.434955413466 2342.4746291123424 1.0 2342.655977642343 1.0 2
503 nan 0.0625 0.2 -1.0 1.0 2346.847525112347 2346.848158382347 2355.6910073423555 2346.2112554123464 2357.247819854735 2355.4720292423553 1.0 2355.4720292423553 1.0 1
504 nan 1.0 0.2 -1.0 1.0 2359.2514845923592 2359.2523178423594 2359.5606203423595 2358.5245239623587 2361.1303220806913 2359.4249005823594 1.0 2359.4249005823594 1.0 1
505 1.0 nan 0.2 1.0 1.0 2362.618081232363 2362.6189478123624 2362.950348002363 2361.907918922362 2364.5142427731716 2362.8195610823627 -1.0 2362.8195610823627 -1.0 1
506 nan 1.0 0.2 -1.0 1.0 2365.884554552366 2365.885221152366 2366.2245538823663 2365.290647282365 2367.8013539432204 2366.065203152366 1.0 2366.065203152366 1.0 1
507 nan 1.0 0.2 -1.0 1.0 2369.2636832723692 2369.2645165223694 2369.4892607123693 2368.5757520723687 2371.047460493957 2369.3257770623695 1.0 2369.3257770623695 1.0 1
508 nan 1.0 0.2 -1.0 1.0 2372.4345661523726 2372.4354660623726 2372.6899739423725 2371.8243605123716 2374.2466977318236 2372.5498212923726 1.0 2372.5498212923726 1.0 1
509 nan 0.125 0.2 -1.0 1.0 2375.6681427623757 2375.6690760023757 2376.039705602376 2375.025307052375 2377.5971074421254 2375.869022672376 1.0 2375.869022672376 1.0 1
510 nan 0.25 0.2 -1.0 1.0 2379.384671072379 2379.3853710023795 2379.65451075238 2378.3793049523783 2381.2137107124704 2379.5488879823797 1.0 2379.5488879823797 1.0 1
511 nan 0.0625 0.2 -1.0 1.0 2382.5011260623824 2382.5019926423824 2399.1235969823992 2381.9976097523822 2400.684188800176 2383.2591169223833 1.0 2399.1099316823993 1.0 3
512 nan 1.0 0.2 -1.0 1.0 2402.129962982402 2402.1307295724023 2402.4747951624026 2401.5238902624014 2404.0467193512077 2402.3183774724025 1.0 2402.3183774724025 1.0 1
513 nan 1.0 0.2 -1.0 1.0 2405.5006258824055 2405.5013258124054 2405.7537339024057 2404.834725812405 2407.3175338359247 2405.6074152024057 1.0 2405.6074152024057 1.0 1
514 nan 0.0625 0.2 -1.0 1.0 2409.6960729624097 2409.69693954241 2410.4341324824104 2408.1016324224083 2411.99645917068 2410.24901766241 1.0 2410.24901766241 1.0 1
515 nan 0.125 0.2 -1.0 1.0 2413.3174107924133 2413.3182107124135 2413.7333691924136 2412.793063232413 2415.2963684430365 2413.6059486024137 1.0 2413.6059486024137 1.0 1
516 nan 0.0 0.2 -1.0 1.0 2416.634079092417 2416.6348123524167 2417.1274630824173 2416.080767762416 2418.6966895806722 2416.833225842417 1.0 2416.833225842417 1.0 1
517 nan 0.125 0.2 -1.0 1.0 2419.96727907242 2419.96811232242 2441.112664322441 2419.4888935824197 2442.6795867061473 2425.2645492924253 1.0 2441.0917997424413 1.0 3
518 nan 0.25 0.2 -1.0 1.0 2444.050037222444 2444.050770482444 2444.5066915524444 2443.5413880924434 2446.0628922517494 2444.3763045924443 1.0 2444.3763045924443 1.0 1
519 nan 0.125 0.2 -1.0 1.0 2447.3333755224476 2447.3340421224475 2447.742801242448 2446.846090922447 2449.3169992077223 2447.5803841524476 1.0 2447.5803841524476 1.0 1
520 nan 0.125 0.2 -1.0 1.0 2450.5962825324505 2450.5970157924507 2452.6736414424527 2450.10929790245 2454.233634933807 2452.3968691224522 1.0 2452.3968691224522 1.0 1
521 nan 0.25 0.2 -1.0 1.0 2455.7120709024557 2455.712904152456 2456.2784475924564 2455.024639652455 2457.849845899647 2455.963879052456 1.0 2455.963879052456 1.0 1
522 nan 1.0 0.2 -1.0 1.0 2459.262549152459 2459.2632824124594 2459.6458441524596 2458.6366450824585 2461.2124705636566 2459.5044582924597 1.0 2459.5044582924597 1.0 1
523 nan 1.0 0.2 -1.0 1.0 2462.4999587124626 2462.5008252924627 2464.551586862465 2461.996675712462 2466.112385402467 2464.3735380024646 1.0 2464.3735380024646 1.0 1
524 0.25 nan 0.2 -1.0 -1.0 2467.5162903624673 2467.5170902824675 2467.968411812468 2466.904484882467 2470.5293075151635 2467.8089277624676 1.0 2467.8089277624676 1.0 1
525 nan 0.125 0.2 -1.0 1.0 2471.999875292472 2472.000741872472 2472.5519200824724 2471.3194100124715 2474.1164179093453 2472.2408845224722 1.0 2472.2408845224722 1.0 1
526 0.125 nan 0.2 -1.0 -1.0 2475.5286223824755 2475.5293223124754 2496.735034862497 2474.910017582475 2499.2954241127363 2478.290946122478 1.0 2496.3834700224966 1.0 5
527 nan 1.0 0.2 -1.0 1.0 2500.765965062501 2500.766631662501 2501.0893327225012 2500.1585258125 2502.64543196973 2500.941314192501 1.0 2500.941314192501 1.0 1
528 nan 0.0625 0.2 0.0 -1.0 2504.182356722504 2504.1832566325043 2564.184355922564 2503.4367312925033 2566.6837036261663 2553.365737892553 1.0 2553.954545672554 -1.0 2
529 nan 0.0625 0.2 -1.0 1.0 2567.748166172568 2568.1653244525683 2568.852522392569 2567.6842059025676 2570.4146184532046 2568.646842962569 1.0 2568.646842962569 1.0 1
530 nan 0.0625 0.2 -1.0 1.0 2571.827391542572 2571.8282581225717 2572.347939482572 2571.214119542571 2573.910834501113 2572.1864556325722 1.0 2572.1864556325722 1.0 1
531 nan 1.0 0.2 -1.0 1.0 2575.231551092575 2575.2325176625754 2575.5325543225754 2574.7123363525748 2577.0936498725905 2575.3851357325752 1.0 2575.3851357325752 1.0 1
532 nan 0.0 0.2 -1.0 1.0 2578.5312877525785 2578.5321210025786 2579.082565952579 2577.891551732578 2580.6441622865636 2578.7899618825786 1.0 2578.7899618825786 1.0 1
533 nan 0.25 0.2 -1.0 1.0 2582.014572722582 2582.015405972582 2583.051602342583 2581.4473627825814 2584.6144937942063 2582.215519292582 1.0 2582.215519292582 1.0 1
534 nan 0.25 0.2 -1.0 1.0 2585.960244782586 2585.961044702586 2586.3539054125863 2585.4166991425855 2587.914602415606 2586.2270847625864 1.0 2586.2270847625864 1.0 1
535 nan 1.0 0.2 -1.0 1.0 2589.2271847225893 2589.227984642589 2589.5486192425897 2588.732800832589 2591.1145142132486 2589.382502522589 1.0 2589.382502522589 1.0 1
536 nan 0.25 0.2 -1.0 1.0 2592.610513022593 2592.6112796125926 2594.924148302595 2591.913816032592 2596.497941478666 2594.753698682595 1.0 2594.753698682595 1.0 1
537 1.0 nan 0.2 1.0 1.0 2597.7771629725976 2597.778196202598 2598.130061012598 2597.304243602597 2599.6937557519295 2597.981575862598 -1.0 2597.981575862598 -1.0 1
538 nan 0.25 0.2 -1.0 1.0 2601.1308942326013 2601.131794142601 2601.4844588726014 2600.5014571826005 2603.0475833638425 2601.323141672601 1.0 2601.323141672601 1.0 1
539 nan 0.0625 0.2 -1.0 1.0 2604.4769929226045 2604.4777595126043 2604.931980752605 2603.849788982604 2606.4975818030684 2604.759431342605 1.0 2604.759431342605 1.0 1
540 0.25 nan 0.8 0.0 -1.0 2607.776796242608 2607.777696152608 2667.778828772668 2607.302477012607 2670.2781730665233 2640.7269675626408 -1.0 2650.751398352651 1.0 2
541 0.0625 nan 0.8 -1.0 -1.0 2671.3799352926712 2671.842755672672 2706.897616502707 2671.307475872671 2709.4620310032906 2706.4686260727067 -1.0 2706.4686260727067 -1.0 1
542 0.0625 nan 0.8 0.0 -1.0 2710.958610362711 2710.959243632711 2770.960676222771 2710.4012327727105 2773.4596901434566 nan 0.0 nan 0.0 0
543 1.0 nan 0.8 0.0 -1.0 2774.5278861327747 2775.091596422775 2835.0924624028353 2774.4669922227745 2837.5919756324997 nan 0.0 nan 0.0 0
544 0.0625 nan 0.8 1.0 1.0 2838.660505562839 2839.240414232839 2898.2341476028982 2838.6014781328386 2899.8098493572306 2874.889548962875 -1.0 2898.115192832898 -1.0 7
545 1.0 nan 0.8 -1.0 -1.0 2901.5388837629016 2901.5395170329016 2901.914846162902 2900.856951962901 2904.488671043296 2901.768694112902 1.0 2901.768694112902 1.0 1
546 nan 1.0 0.8 -1.0 1.0 2905.8592850129057 2905.860118262906 2906.3104732229062 2905.313572922905 2907.8922700869402 2906.0938282229063 1.0 2906.0938282229063 1.0 1
547 0.25 nan 0.8 0.0 -1.0 2909.238347072909 2909.2390803329095 2969.240246282969 2908.7102665529087 2971.7395565447264 2957.822821472958 -1.0 2957.822821472958 -1.0 1
548 nan 0.25 0.8 -1.0 1.0 2972.8538182229727 2973.3921977129735 2974.930977152975 2972.776559282973 2976.5039706174484 2974.563680552975 1.0 2974.563680552975 1.0 1
549 0.25 nan 0.8 -1.0 -1.0 2977.891447742978 2977.892114342978 2978.6571045029787 2977.3287706829774 2981.2249969209693 2978.5054196729784 1.0 2978.5054196729784 1.0 1
550 nan 0.0625 0.8 0.0 -1.0 2982.5202848129825 2982.5210514029827 3042.5222173530424 2982.0468988229823 3045.021463667034 3027.6139749930276 -1.0 3027.6139749930276 -1.0 1
551 0.125 nan 0.8 0.0 -1.0 3046.090393833046 3046.6038758130467 3106.605008433107 3046.036365903046 3109.104350086035 3058.1885838930584 -1.0 3099.4469243130993 -1.0 2
552 nan 1.0 0.8 -1.0 1.0 3110.22284661311 3110.685933633111 3111.2772411631113 3110.16085281311 3112.835267816812 3111.022266663111 1.0 3111.022266663111 1.0 1
553 0.0625 nan 0.8 0.0 -1.0 3114.2724749431145 3114.2735415031143 3174.2747074531744 3113.657169813114 3176.7739190863595 3134.8917461431347 1.0 3170.3978618431706 -1.0 2
554 0.25 nan 0.8 0.0 -1.0 3177.851049783178 3178.3059709531785 3238.307136903238 3177.804321123178 3240.8064103532156 nan 0.0 nan 0.0 0
555 nan 0.25 0.8 -1.0 1.0 3241.954005513242 3242.5170825332425 4298.2599976842985 3241.876813233242 3244.9206291101686 3243.063461223243 1.0 4291.154974924291 1.0 167
