ZFM-01936 d0ea3148-948d-4817-94f8-dcaf2342bbbe mainenlab 2021-01-19 _iblrig_tasks_ephysChoiceWorld6.4.2 F 252 560
0 1.0 nan 0.5 1.0 1.0 36.791220510036794 36.79222041003679 37.95263769003795 29.468252880029468 39.56125292081627 37.29097053003729 -1.0 37.70472915003771 -1.0 2
1 0.125 nan 0.5 -1.0 -1.0 40.82441715004082 40.82555037004082 41.430189900041434 40.12025424004012 44.041007074170594 40.852847640040856 -1.0 41.3010694800413 1.0 2
2 1.0 nan 0.5 1.0 1.0 46.92740679004693 46.92850668004693 47.22924327004723 44.55601062004455 48.8574472496265 47.043128550047044 -1.0 47.14595160004715 -1.0 2
3 nan 0.0625 0.5 -1.0 1.0 50.477351760050475 50.47811835005048 50.94587157005095 49.5021492900495 52.577083299753646 50.84104872005084 1.0 50.84104872005084 1.0 1
4 0.25 nan 0.5 1.0 1.0 54.79028709005479 54.79108701005479 55.103922390055104 53.13538593005313 56.706938678389385 54.87881157005488 1.0 54.87881157005488 1.0 1
5 0.0 nan 0.5 1.0 1.0 58.17684840005818 58.17774831005818 58.865546190058865 57.23114298005723 60.49016366803576 58.54957779005855 -1.0 58.84321509005884 -1.0 2
6 0.125 nan 0.5 1.0 1.0 61.62647007006163 61.62740331006163 62.11338804006211 61.02486357006102 63.740001056570755 61.974201960061976 -1.0 61.974201960061976 -1.0 1
7 nan 0.125 0.5 1.0 -1.0 64.87634505006487 64.87737828006487 65.24737461006525 64.27800489006428 67.87292425892547 65.04029532006504 -1.0 65.04029532006504 -1.0 1
8 0.0625 nan 0.5 -1.0 -1.0 69.2094450300692 69.2103449400692 69.58167447006959 68.42222376006842 72.20608354627626 69.37839480006937 1.0 69.37839480006937 1.0 1
9 0.125 nan 0.5 1.0 1.0 74.2924033500743 74.2933032600743 74.54341158007455 72.76938900007276 76.14251962567938 74.4049254300744 -1.0 74.4049254300744 -1.0 1
10 1.0 nan 0.5 1.0 1.0 77.32240032007732 77.32330023007732 77.5967395500776 76.77432180007678 79.20915236848992 77.44175505007745 -1.0 77.44175505007745 -1.0 1
11 0.0625 nan 0.5 1.0 1.0 80.43888864008044 80.43992187008044 80.83844868008084 79.76835570007977 82.4419689360816 80.5094815800805 1.0 80.5094815800805 1.0 1
12 nan 0.25 0.5 1.0 -1.0 83.75539029008375 83.75625687008376 84.31490100008432 82.97846799008298 86.93861508853959 83.83608222008384 1.0 84.17151534008417 -1.0 3
13 nan 0.25 0.5 -1.0 1.0 88.0917566100881 88.0928898300881 89.002432200089 87.48731706008749 90.62177748431363 88.12102035008812 -1.0 88.12102035008812 -1.0 1
14 nan 0.25 0.5 -1.0 1.0 92.50821492009251 92.50918149009252 92.78728701009278 91.15928316009116 94.39140398074355 92.68439730009268 1.0 92.68439730009268 1.0 1
15 0.0 nan 0.5 1.0 1.0 95.63803524009563 95.63950176009564 96.0917232000961 94.94990406009495 97.70793764607771 95.85388032009585 -1.0 95.85388032009585 -1.0 1
16 0.25 nan 0.5 1.0 1.0 98.88781023009889 98.88881013009889 99.25604007009926 98.25024066009826 100.85455706858876 99.08892345009909 -1.0 99.08892345009909 -1.0 1
17 0.0 nan 0.5 1.0 1.0 101.94093822010194 101.94177147010194 102.2971692601023 101.42005698010142 103.92430605142243 102.03456219010204 1.0 102.16301601010217 -1.0 2
18 nan 1.0 0.5 -1.0 1.0 107.62063686010762 107.62173675010763 108.01543071010802 104.51671395010452 109.63714424310362 107.81715054010782 1.0 107.81715054010782 1.0 1
19 nan 0.125 0.5 -1.0 1.0 110.92380651011092 110.92470642011092 115.62860265011562 110.21254431011022 117.23671796957443 115.4059582501154 -1.0 115.4059582501154 -1.0 1
20 0.125 nan 0.5 -1.0 -1.0 118.54011147011855 118.54101138011855 118.68266388011868 117.78352047011778 121.30317022726531 118.41075774011841 -1.0 118.41075774011841 -1.0 1
21 nan 1.0 0.5 -1.0 1.0 122.85644646012285 122.85731304012286 122.95860291012296 121.90257519012191 124.57321573509395 122.76238920012277 1.0 122.76238920012277 1.0 1
22 0.25 nan 0.5 -1.0 -1.0 125.7030284401257 125.7039616801257 126.04962711012605 125.11702038012511 128.66964148437555 125.7949525801258 1.0 126.01649709012602 1.0 2
23 0.25 nan 0.5 -1.0 -1.0 129.97263477012999 129.97360134013 130.26227247013026 129.23984139012924 132.88928613033477 130.14358434013013 1.0 130.14358434013013 1.0 1
24 1.0 nan 0.5 1.0 1.0 134.06902509013406 134.06989167013407 134.66739858013466 133.43748825013344 136.28583465542792 134.31423390013433 1.0 134.31423390013433 1.0 1
25 nan 0.25 0.5 -1.0 1.0 137.52207975013752 137.5228796701375 137.71532709013772 136.9082411401369 139.31894747249544 137.62313631013762 1.0 137.62313631013762 1.0 1
26 nan 0.25 0.5 -1.0 1.0 140.4887497201405 140.4895163101405 140.7851534101408 139.86704523013987 142.40209429733633 140.66523207014066 1.0 140.66523207014066 1.0 1
27 nan 0.0625 0.5 -1.0 1.0 143.88870969014388 143.8898429101439 148.53404511014853 142.96960161014297 150.13496219884965 148.44402078014843 1.0 148.44402078014843 1.0 1
28 1.0 nan 0.5 1.0 1.0 151.52131302015152 151.52244624015154 151.80988416015182 150.69226260015068 153.4213983611701 151.6990619101517 -1.0 151.6990619101517 -1.0 1
29 0.0625 nan 0.5 -1.0 -1.0 154.5011816701545 154.5020815801545 155.17474764015518 153.97640082015397 157.8046321192707 154.52851227015452 -1.0 155.04102768015505 1.0 2
30 1.0 nan 0.5 1.0 1.0 158.85104664015884 158.85204654015885 159.25293978015927 158.33203188015833 160.85427966171918 159.06605847015908 -1.0 159.06605847015908 -1.0 1
31 nan 0.125 0.5 -1.0 1.0 162.2006783101622 162.2017115401622 162.47108460016247 161.44558716016144 164.08719827196103 162.36219549016235 1.0 162.36219549016235 1.0 1
32 nan 0.0625 0.5 1.0 -1.0 165.4171566301654 165.41802321016542 166.13268507016613 164.67929709016468 168.73715598105488 165.91564011016592 -1.0 166.022362770166 -1.0 2
33 nan 0.125 0.5 -1.0 1.0 169.96690161016997 169.96796817016997 170.25427287017027 169.36656165016936 171.8503873056039 170.12248605017012 1.0 170.12248605017012 1.0 1
34 1.0 nan 0.5 1.0 1.0 173.0868229201731 173.08795614017308 173.42328927017343 172.42098951017243 175.03690447674938 173.2938688801733 -1.0 173.2938688801733 -1.0 1
35 nan 1.0 0.5 -1.0 1.0 176.21657658017622 176.2176098101762 176.87254431017686 175.6082040901756 178.48645617352562 176.38265997017638 1.0 176.67126444017669 1.0 2
36 1.0 nan 0.5 1.0 1.0 179.91640656017992 179.91723981017992 180.43465473018043 179.02516236017902 182.0329748642979 179.97550065017998 1.0 180.34536366018034 -1.0 2
37 nan 0.0625 0.5 -1.0 1.0 183.1861462201832 183.1872127801832 183.55750908018356 182.5791735901826 185.18281463213845 183.46255191018346 1.0 183.46255191018346 1.0 1
38 nan 0.125 0.5 -1.0 1.0 186.4027911901864 186.4038910801864 186.8041177201868 185.77812033018577 188.41925971256248 186.62866860018664 -1.0 186.62866860018664 -1.0 1
39 nan 0.25 0.5 -1.0 1.0 189.58247319018957 189.5835064201896 189.8022512101898 189.000564720189 191.4158699665702 189.6943620001897 1.0 189.6943620001897 1.0 1
40 nan 1.0 0.5 -1.0 1.0 192.51904617019252 192.51984609019252 192.75458928019276 191.98486626019198 194.3691183321969 192.62260248019263 1.0 192.62260248019263 1.0 1
41 nan 1.0 0.5 -1.0 1.0 195.74882316019574 195.74982306019575 195.96653472019597 195.02542884019502 197.56874966544706 195.86037867019587 1.0 195.86037867019587 1.0 1
42 0.25 nan 0.5 -1.0 -1.0 198.6819631501987 198.6827964001987 199.2744705601993 198.14015067019815 201.88168023144678 198.8857094401989 -1.0 198.8857094401989 -1.0 1
43 0.125 nan 0.5 -1.0 -1.0 203.36819448020336 203.36909439020337 203.6004379202036 202.4970816002025 206.19821535539108 203.41229007020343 1.0 203.41229007020343 1.0 1
44 0.125 nan 0.5 -1.0 -1.0 207.45138612020745 207.45241935020746 207.7920853802078 206.8053174002068 210.4013635957527 207.63766749020763 1.0 207.63766749020763 1.0 1
45 nan 0.25 0.5 -1.0 1.0 211.53121143021153 211.53204468021153 211.7774868002118 210.97116744021096 213.38110053350093 211.5999045602116 1.0 211.5999045602116 1.0 1
46 0.25 nan 0.5 1.0 1.0 214.55114274021454 214.55200932021455 218.59103871021858 213.93420444021393 220.2006833816229 218.02826166021802 1.0 218.02826166021802 1.0 1
47 nan 0.0 0.5 1.0 -1.0 221.38052640022138 221.3816262902214 221.96896755022198 220.77158730022077 224.5805038593715 221.73822396022175 -1.0 221.73822396022175 -1.0 1
48 0.0625 nan 0.5 1.0 1.0 226.017062700226 226.017929280226 229.68016302022968 225.27740334022528 231.28317092743694 229.52051232022953 1.0 229.52051232022953 1.0 1
49 0.25 nan 0.5 -1.0 -1.0 234.7964846702348 234.7975512302348 239.3185324202393 231.8980745402319 241.93287667082402 239.1728803202392 1.0 239.1728803202392 1.0 1
50 0.0 nan 0.5 -1.0 -1.0 243.02926131024304 243.03016122024303 243.37715985024337 242.51487942024252 245.98253681153716 243.0956880002431 1.0 243.1984110602432 1.0 2
51 nan 0.125 0.5 1.0 -1.0 247.34569629024736 247.34679618024734 252.3810927002524 246.55854168024655 254.9786369129093 252.2056435802522 -1.0 252.2056435802522 -1.0 1
52 0.0625 nan 0.5 -1.0 -1.0 256.2817359302563 256.2827358302563 260.6147359202606 255.58013943025557 263.2482100531149 260.3805926702604 1.0 260.3805926702604 1.0 1
53 nan 0.25 0.5 -1.0 1.0 264.64469955026465 264.64569945026466 264.8696103902649 263.85001236026386 266.4813478826232 264.7505556302647 1.0 264.7505556302647 1.0 1
54 nan 0.125 0.5 -1.0 1.0 271.84414620027184 271.84497945027186 272.2879018202723 267.1130526902671 273.89422536706974 271.982799000272 1.0 272.20964298027224 1.0 2
55 0.25 nan 0.5 1.0 1.0 275.8474125002758 275.84827908027586 276.25073883027625 274.6692303302747 277.86075092707324 276.02766114027605 -1.0 276.1803792002762 -1.0 2
56 1.0 nan 0.5 1.0 1.0 279.14698251027914 279.14794908027915 279.5082797102795 278.45985123027845 281.1104873658686 279.41055615027943 -1.0 279.41055615027943 -1.0 1
57 nan 1.0 0.5 -1.0 1.0 282.3136658102823 282.3145657202823 282.6219016502826 281.7187919702817 284.22681367296644 282.5031468602825 1.0 282.5031468602825 1.0 1
58 0.125 nan 0.5 1.0 1.0 285.5966708102856 285.5975707202856 285.96623385028596 284.8205151002848 287.57664435712115 285.85234524028584 -1.0 285.85234524028584 -1.0 1
59 nan 1.0 0.5 -1.0 1.0 288.87994245028887 288.88087569028886 289.14654912028914 288.16794699028816 290.76318689944924 289.02349476028905 1.0 289.02349476028905 1.0 1
60 nan 0.0625 0.5 1.0 -1.0 292.0929544502921 292.0938543602921 292.8118492202928 291.3777926402914 295.4263274874592 292.54887552029254 -1.0 292.6870617002927 -1.0 2
61 nan 0.0 0.5 -1.0 1.0 296.6961274202967 296.6971606502967 297.2239413002972 296.01272910029604 298.8260534318371 296.77488621029676 1.0 296.77488621029676 1.0 1
62 0.0625 nan 0.5 -1.0 -1.0 300.7958507403008 300.7967839803008 304.6044365103046 299.4206549402994 307.22876344568294 304.5030466503045 1.0 304.5030466503045 1.0 1
63 nan 0.25 0.5 -1.0 1.0 308.7252910503087 308.7264242703087 308.998063770309 307.93587000030794 310.6118777727584 308.9225379903089 1.0 308.9225379903089 1.0 1
64 nan 0.125 0.5 -1.0 1.0 311.74172271031176 311.7427226103118 311.998797000312 311.21047584031123 313.6119064060876 311.9147054103119 1.0 311.9147054103119 1.0 1
65 nan 0.0 0.5 -1.0 1.0 314.94163602031495 314.942702580315 315.27483603031527 314.2003101603142 316.8949445289749 315.14928192031516 1.0 315.14928192031516 1.0 1
66 0.0625 nan 0.5 -1.0 -1.0 320.34139599032034 320.34232923032033 320.7860181903208 317.4843483903175 323.3914275730161 320.4908810403205 1.0 320.74105602032074 1.0 2
67 nan 0.125 0.5 -1.0 1.0 324.5611073103246 324.56197389032457 324.81281547032484 323.98913118032397 326.4244577048695 324.6980936103247 1.0 324.6980936103247 1.0 1
68 nan 0.125 0.5 -1.0 1.0 327.7275906303277 327.72862386032773 328.2441723003283 327.028560540327 329.8574847538733 327.90947244032793 1.0 327.90947244032793 1.0 1
69 0.25 nan 0.5 -1.0 -1.0 331.1107189503311 331.1115855303311 334.2085758003342 330.45038499033046 336.8104527769482 334.002263100334 1.0 334.002263100334 1.0 1
70 nan 0.0625 0.5 -1.0 1.0 338.04042591033806 338.041225830338 338.31376524033834 337.4076558603374 339.9236758303064 338.2053760803382 1.0 338.2053760803382 1.0 1
71 nan 0.0625 0.5 -1.0 1.0 341.61010224034163 341.6112021303416 341.8986067203419 340.53007692034055 343.52352793183405 341.8116487503418 1.0 341.8116487503418 1.0 1
72 nan 0.0625 0.5 -1.0 1.0 344.95980057034495 344.960833800345 345.12431745034513 344.26413681034427 346.7431604525909 344.982431640345 1.0 344.982431640345 1.0 1
73 0.0 nan 0.5 -1.0 -1.0 349.4563842003495 349.45748409034945 349.8814750203499 347.34096243034736 352.50621487044765 349.5150116703495 1.0 349.8249473403498 1.0 2
74 1.0 nan 0.5 1.0 1.0 353.7258905403537 353.72679045035375 354.27803532035426 353.12051775035314 355.8893441760682 353.8364128203538 1.0 354.1310833503541 -1.0 2
75 nan 0.0625 0.5 1.0 -1.0 357.12578385035715 357.12675042035715 357.56010708035757 356.5121452203565 360.1890806038571 357.28310145035726 1.0 357.28310145035726 1.0 1
76 nan 0.0 0.5 -1.0 1.0 361.54227549036153 361.54307541036155 362.15451426036213 360.8006829903608 363.77211837795613 361.7929504203618 1.0 361.7929504203618 1.0 1
77 nan 0.25 0.5 -1.0 1.0 364.94183550036496 364.94270208036494 365.2167413403652 364.4072223003644 366.8220502662018 365.12168418036515 1.0 365.12168418036515 1.0 1
78 0.0625 nan 0.5 1.0 1.0 368.2751688003683 368.2760353803683 372.22740687037225 367.4279535303674 373.8417162410068 372.02342727037205 -1.0 372.14004894037214 -1.0 2
79 nan 1.0 0.5 -1.0 1.0 374.987930790375 374.988997350375 375.2514377703753 374.44101882037444 376.85454190021983 375.15561402037514 1.0 375.15561402037514 1.0 1
80 0.0625 nan 0.5 1.0 1.0 378.1747120803782 378.1756453203782 378.9060722703789 377.5180444203775 380.52457743993887 378.6408654603786 -1.0 378.6408654603786 -1.0 1
81 nan 0.0 0.5 1.0 -1.0 381.7210907403817 381.7222906203817 388.3995894903884 381.15458073038116 391.023896147291 388.21634115038825 -1.0 388.21634115038825 -1.0 1
82 0.125 nan 0.5 1.0 1.0 392.35372737039233 392.35456062039236 392.83221285039286 391.62730002039166 394.4371208965128 392.70609213039273 -1.0 392.70609213039273 -1.0 1
83 0.25 nan 0.5 1.0 1.0 397.03995870039705 397.04085861039704 397.8926734203979 395.0743219503951 399.50337651679837 397.4425517703975 -1.0 397.6820278203977 1.0 2
84 0.125 nan 0.5 1.0 1.0 401.2064420104012 401.2075085704012 402.985530750403 400.14958104040016 404.5897380222978 402.3984894604024 1.0 402.8282798104028 -1.0 2
85 0.125 nan 0.5 -1.0 -1.0 405.85284399040586 405.85381056040586 406.1848107904062 405.2015424604052 408.8060852347077 406.07168877040607 1.0 406.07168877040607 1.0 1
86 nan 1.0 0.5 -1.0 1.0 409.96936563041 409.97046552040996 410.28280095041026 409.4145877804094 411.8893123311523 410.1979427704102 1.0 410.1979427704102 1.0 1
87 nan 0.0625 0.5 1.0 -1.0 413.23573896041324 413.23677219041326 417.10441872041713 412.4806144804125 419.7355830905012 413.7436215004137 -1.0 416.982997530417 -1.0 2
88 nan 1.0 0.5 -1.0 1.0 421.00539525042103 421.006395150421 421.35649347042136 420.42778635042043 422.95223018658913 421.1788779004212 1.0 421.1788779004212 1.0 1
89 0.0625 nan 0.5 -1.0 -1.0 425.6385985504256 425.63969844042566 426.0726884704261 423.5836374004236 428.68849231789414 425.84001174042584 1.0 425.84001174042584 1.0 1
90 nan 1.0 0.8 -1.0 1.0 429.9016055404299 429.9026721004299 430.1159841004301 429.33179586042934 431.7380109941105 430.02715965043 1.0 430.02715965043 1.0 1
91 0.0625 nan 0.8 1.0 1.0 433.1013188704331 433.1023187704331 437.0542568704371 432.5174106004325 438.6510873897614 436.94380125043693 -1.0 436.94380125043693 -1.0 1
92 0.25 nan 0.8 1.0 1.0 440.37082518044036 440.3719250704404 440.65229703044065 439.3601929204394 442.2541320392946 440.3954893804404 -1.0 440.55574002044057 -1.0 2
93 0.0 nan 0.8 1.0 1.0 443.7008254804437 443.7019253704437 444.01752714044403 442.9160373004429 445.6339648036775 443.9026386304439 -1.0 443.9026386304439 -1.0 1
94 0.0625 nan 0.8 1.0 1.0 447.02052681044705 447.021560040447 447.4961792404475 446.2791676204463 449.120387526116 447.35476005044734 -1.0 447.35476005044734 -1.0 1
95 0.25 nan 0.8 1.0 1.0 450.26706879045025 450.2678687104503 450.5370084604505 449.73958821044977 452.15031518627114 450.42921924045044 -1.0 450.42921924045044 -1.0 1
96 nan 0.0625 0.8 1.0 -1.0 453.55344012045356 453.5545066804536 454.03085904045406 452.77111836045276 456.6499597170917 453.8112810004538 -1.0 453.94046808045397 -1.0 2
97 0.25 nan 0.8 1.0 1.0 457.986463440458 457.987496670458 458.45868288045847 457.3207633504573 460.0664876034552 458.0978523004581 1.0 458.4058548304584 -1.0 3
98 1.0 nan 0.8 1.0 1.0 462.83631174046286 462.83714499046283 463.2937326604633 460.72368969046073 464.90303309374576 463.010227680463 -1.0 463.1865433804632 -1.0 2
99 0.0625 nan 0.8 1.0 1.0 466.36605873046636 466.3671252904664 474.8119473904748 465.5864367004656 476.4155495962333 474.4644154804745 1.0 474.4644154804745 1.0 1
100 1.0 nan 0.8 1.0 1.0 478.1021183404781 478.1030515804781 478.6906928104787 477.08505339047707 480.3186070112665 478.43075214047843 -1.0 478.43075214047843 -1.0 1
101 1.0 nan 0.8 1.0 1.0 481.8485103304819 481.84934358048184 482.2901328304823 481.13051547048116 483.89843521298775 482.0944190704821 1.0 482.0944190704821 1.0 1
102 0.25 nan 0.8 1.0 1.0 489.3680583004894 489.3689915404894 489.73198857048976 484.5995352004846 491.3482151850766 489.44905020048947 1.0 489.56233887048955 -1.0 2
103 0.125 nan 0.8 1.0 1.0 492.71785662049274 492.7189565104927 493.72135626049374 492.0789205204921 495.3509548443333 492.86847489049285 1.0 493.60993407049364 -1.0 3
104 0.125 nan 0.8 1.0 1.0 497.56420527049755 497.5652718304976 503.8792403705039 496.04435727049605 505.4805743508288 503.71402356050373 -1.0 503.71402356050373 -1.0 1
105 nan 0.0625 0.8 -1.0 1.0 506.8836065705069 506.8845398105069 507.65059653050764 506.16397854050615 509.26679879513705 507.34232736050734 1.0 507.34232736050734 1.0 1
106 0.0625 nan 0.8 1.0 1.0 511.23023853051126 511.23117177051125 514.5376410905145 509.95289961051 516.1632736766865 514.3029978905143 -1.0 514.3029978905143 -1.0 1
107 0.0625 nan 0.8 -1.0 -1.0 517.5829698605176 517.5838031105176 521.5561058405216 516.8416773305169 524.1826402143788 521.4245190005214 1.0 521.4245190005214 1.0 1
108 0.25 nan 0.8 1.0 1.0 525.4126534805254 525.4137533705255 526.0818532205261 524.8539426905248 527.7157841288695 525.6746939405257 -1.0 525.6746939405257 -1.0 1
109 0.25 nan 0.8 1.0 1.0 528.9289351505289 528.929735070529 529.4668146905294 528.3908889605284 531.0824146895924 528.990062370529 1.0 528.990062370529 1.0 1
110 0.125 nan 0.8 1.0 1.0 532.7622851105327 532.7633850005328 533.2758337505333 531.7717175105317 534.8787510434624 532.9054041305329 -1.0 532.9054041305329 -1.0 1
111 0.25 nan 0.8 1.0 1.0 536.3817897905363 536.3826897005364 536.971964100537 535.7169562805357 538.59529517005 536.5852361105366 -1.0 536.5852361105366 -1.0 1
112 0.25 nan 0.8 1.0 1.0 540.6650614205407 540.6659946605407 546.5120766605465 539.2841995205393 548.1114788365312 546.3513594005464 -1.0 546.3513594005464 -1.0 1
113 nan 1.0 0.8 -1.0 1.0 549.4144530605495 549.4152529805494 549.7243220705498 548.7943817405488 551.3477193825212 549.6163995305496 1.0 549.6163995305496 1.0 1
114 0.0625 nan 0.8 -1.0 -1.0 552.5943683705526 552.5952349505526 552.9165694805529 552.0227255405521 555.5307698037653 552.7793165405528 1.0 552.7793165405528 1.0 1
115 0.25 nan 0.8 1.0 1.0 560.3605916705603 560.3615249105603 560.7284215505607 556.1978746505562 562.3272522075833 560.4709139705604 1.0 560.6054338505606 -1.0 2
116 0.125 nan 0.8 -1.0 -1.0 563.8301446805639 563.8311779105638 565.7871489605658 563.042456790563 568.3967166949698 565.6869923105656 1.0 565.6869923105656 1.0 1
117 0.125 nan 0.8 1.0 1.0 569.6266983005696 569.6278648505696 570.0727203605701 569.0681208305691 571.6932246601754 569.96679762057 -1.0 569.96679762057 -1.0 1
118 nan 0.25 0.8 -1.0 1.0 573.6795929705737 573.6804595505737 573.974063520574 572.3906218805724 575.5961626205877 573.8414767805739 1.0 573.8414767805739 1.0 1
119 0.0625 nan 0.8 1.0 1.0 576.942766620577 576.9437665205769 581.1373137905812 576.2671675205763 582.742647023387 580.7955146405808 -1.0 580.7955146405808 -1.0 1
120 nan 0.0625 0.8 1.0 -1.0 585.4456829105854 585.4467161405854 590.4596814605904 583.4212520405835 593.0754470550813 589.8924048605899 -1.0 589.98682875059 -1.0 2
121 nan 0.0625 0.8 1.0 -1.0 594.4451495405945 594.4463160905945 600.3869219706004 593.7674506505938 602.9948658035985 599.8819391405999 1.0 600.2047068606003 -1.0 2
122 0.0 nan 0.8 1.0 1.0 604.4911115106045 604.4922447306045 605.4634809306054 603.8716734606039 607.0777847075266 605.2002072606052 1.0 605.2002072606052 1.0 1
123 nan 0.25 0.2 -1.0 1.0 609.2409698106093 609.2418697206092 609.6410298006097 607.7709834906078 611.2609301167382 609.4592479806095 1.0 609.6259313106096 1.0 2
124 0.125 nan 0.2 1.0 1.0 612.5408731206126 612.5418396906125 613.6359636006136 611.9293342806119 615.260889778028 613.1770761606132 -1.0 613.4780793906135 1.0 2
125 nan 0.125 0.2 -1.0 1.0 617.7404531106178 617.7414863406177 618.053888430618 615.960397800616 619.6771250322404 617.950732080618 1.0 617.950732080618 1.0 1
126 nan 0.0 0.2 -1.0 1.0 621.090318090621 621.0914513106211 622.073053140622 620.3410263606204 623.6934520089816 621.3667237806213 1.0 621.971629950622 1.0 3
127 1.0 nan 0.2 1.0 1.0 625.2733997406252 625.2744329706253 625.8316772406258 624.3997537806245 627.4432065138676 625.6382632506256 -1.0 625.6382632506256 -1.0 1
128 nan 0.25 0.2 -1.0 1.0 629.5066430406296 629.5077096006295 629.7428194206298 628.1241146406281 631.3730523113082 629.6435626806297 1.0 629.6435626806297 1.0 1
129 nan 0.0 0.2 -1.0 1.0 632.5926677406326 632.5937009706327 637.4683134606374 632.039256420632 639.0726145543506 637.017558540637 1.0 637.3989870606374 1.0 3
130 nan 0.0625 0.2 -1.0 1.0 640.3089960306403 640.3099626006403 640.991127810641 639.7661169906397 642.605759176893 640.5160419906405 1.0 640.929900600641 -1.0 2
131 nan 0.0625 0.2 -1.0 1.0 644.058954330644 644.059954230644 644.7769825206448 643.2916644006433 646.4056847349096 644.2187383506442 1.0 644.2187383506442 1.0 1
132 0.0625 nan 0.2 -1.0 -1.0 647.6418293406476 647.6429292306476 648.0912510606481 647.0803854906471 650.725247792127 647.7529848906478 1.0 647.9763292206479 1.0 2
133 nan 0.25 0.2 -1.0 1.0 652.0717863006521 652.0728861906521 652.3500584706524 651.3803554506513 653.9751754964196 652.2725662206523 1.0 652.2725662206523 1.0 1
134 nan 0.0 0.2 -1.0 1.0 655.3882212906555 655.3891878606554 660.4196514306605 654.8206780506548 662.0213467035655 659.8114122606598 1.0 659.8114122606598 1.0 1
135 nan 0.0625 0.2 -1.0 1.0 663.8743059306639 663.8751391806638 664.6778922306647 662.7624504606628 666.2909859749233 663.987827910664 1.0 664.5871013106646 1.0 2
136 nan 0.125 0.2 -1.0 1.0 667.954164570668 667.955097810668 668.2550011506682 667.0349898306671 669.8740314707467 668.0449888206681 1.0 668.0449888206681 1.0 1
137 1.0 nan 0.2 -1.0 -1.0 671.1541112106712 671.1550777806711 671.7317534406717 670.5664366506705 674.3405803724479 671.3907542106714 1.0 671.6836582506717 1.0 2
138 1.0 nan 0.2 1.0 1.0 675.7203878706757 675.7214211006757 676.3062959406764 675.0790853406751 677.9237259820547 675.958064100676 1.0 676.1548110906762 -1.0 2
139 0.0 nan 0.2 -1.0 -1.0 679.1201478606791 679.1210477706792 679.6210311006796 678.6223309806786 682.2367633169822 679.3350263706793 1.0 679.3350263706793 1.0 1
140 nan 0.125 0.2 -1.0 1.0 684.6232308306846 684.6243307206846 685.0891842306851 682.9382660106829 686.706412171204 684.957697380685 1.0 684.957697380685 1.0 1
141 nan 0.0 0.2 1.0 -1.0 688.4196844806884 688.4206510506884 694.5089421606945 687.4240173906875 697.119312407025 694.2051392106943 -1.0 694.2051392106943 -1.0 1
142 nan 0.25 0.2 -1.0 1.0 698.5390724406985 698.5399056906986 699.017224620699 697.7740156206978 700.6190562672299 698.9234340006989 1.0 698.9234340006989 1.0 1
143 nan 0.125 0.2 -1.0 1.0 702.005525760702 702.006558990702 702.4300499707024 701.3172612607013 704.0521833963558 702.2832313207023 1.0 702.2832313207023 1.0 1
144 nan 0.25 0.2 -1.0 1.0 705.5552707507055 705.5562039907055 705.8078121607058 704.7555840607048 707.4221136905403 705.7187544007057 1.0 705.7187544007057 1.0 1
145 nan 1.0 0.2 -1.0 1.0 708.6518277307086 708.6528609607086 708.9072355207089 708.0890173507081 710.5383369126716 708.8244104707088 1.0 708.8244104707088 1.0 1
146 nan 0.0625 0.2 -1.0 1.0 711.8516410507118 711.8524743007118 712.6892572807127 711.2109384607112 714.3015964110085 712.0754853307121 1.0 712.6046324107126 1.0 2
147 nan 0.25 0.2 -1.0 1.0 715.9046690407159 715.9054689607159 716.3685893107164 715.1728089007152 718.001324748781 716.0309230807161 1.0 716.0309230807161 1.0 1
148 0.0 nan 0.2 -1.0 -1.0 719.3544240307193 719.3554572607194 720.00342579072 718.6917236407187 722.6344845154176 719.4827112007195 1.0 719.95969683072 1.0 3
149 nan 0.25 0.2 -1.0 1.0 723.9209006707239 723.9218005807239 724.1272800307241 723.3419919007233 725.7374137637346 724.026123480724 1.0 724.026123480724 1.0 1
150 nan 0.125 0.2 -1.0 1.0 727.000792650727 727.001759220727 727.4621131807274 726.4437150307265 729.0673443447089 727.2649329007272 1.0 727.2649329007272 1.0 1
151 nan 0.25 0.2 -1.0 1.0 730.3039289707303 730.3050288607303 730.5964663807306 729.7758484507298 732.217368110326 730.4294497507304 1.0 730.4294497507304 1.0 1
152 nan 1.0 0.2 -1.0 1.0 733.4370489607335 733.4380155307334 733.6941899107337 732.8959697407329 735.3036899717888 733.5884338207336 1.0 733.5884338207336 1.0 1
153 nan 1.0 0.2 -1.0 1.0 736.8169109407369 736.8176775307368 737.0842175407371 736.006392000736 738.716942529527 736.9292330407369 1.0 736.9292330407369 1.0 1
154 nan 0.125 0.2 -1.0 1.0 740.1364789507402 740.1373122007401 740.7887470507408 739.4093516707394 742.416580007944 740.3162943007403 1.0 740.6618930707407 1.0 2
155 0.25 nan 0.2 -1.0 -1.0 743.6695256107437 743.6706255007437 743.933299230744 743.0981827507431 746.5697273854531 743.7952797007438 1.0 743.7952797007438 1.0 1
156 nan 1.0 0.2 -1.0 1.0 748.082884230748 748.0839174607481 748.3550236807483 747.2647327207472 749.9827531051158 748.2023389507482 1.0 748.2023389507482 1.0 1
157 nan 0.0625 0.2 -1.0 1.0 751.2357355807512 751.2365688307513 751.6185639607517 750.7106547607507 753.2493945054655 751.4865438307515 1.0 751.4865438307515 1.0 1
158 nan 0.0625 0.2 -1.0 1.0 754.5023755507546 754.5035421007545 754.8775047007549 753.924500010754 756.5024078173738 754.5486709207546 1.0 754.5486709207546 1.0 1
159 0.25 nan 0.2 1.0 1.0 757.8823375207579 757.8832041007579 758.4050185807585 757.2090048607572 760.0188470539096 758.2239700207582 -1.0 758.2239700207582 -1.0 1
160 nan 0.125 0.2 -1.0 1.0 761.3820875107614 761.3831540707614 761.6500607107616 760.7190538207607 763.2853735362896 761.5553701807615 1.0 761.5553701807615 1.0 1
161 0.25 nan 0.2 -1.0 -1.0 764.7320191507647 764.7331523707647 765.5718018307656 764.1611762407641 768.1818337912329 765.4766113507654 1.0 765.4766113507654 1.0 1
162 nan 0.0625 0.2 -1.0 1.0 769.3849871407693 769.3861203607694 769.6367619607696 768.8569399507688 771.2680607555527 769.5230400007696 1.0 769.5230400007696 1.0 1
163 nan 0.25 0.2 -1.0 1.0 772.6148307907727 772.6157640307727 772.8770712307729 771.960762870772 774.4847002728643 772.7771145607728 1.0 772.7771145607728 1.0 1
164 nan 0.0625 0.2 -1.0 1.0 775.7977791307758 775.7987457007758 776.7057216607767 775.1986057207752 778.3312498628268 776.0320890307761 1.0 776.5180737607765 1.0 2
165 nan 0.125 0.2 -1.0 1.0 779.8009454407799 779.8017120307798 780.0946494007801 779.0285560207791 781.6976826434765 779.98945992078 1.0 779.98945992078 1.0 1
166 nan 0.0625 0.2 -1.0 1.0 783.1508104207832 783.1516770007831 783.4278827107835 782.3967858307824 785.0474134853519 783.3377250607833 1.0 783.3377250607833 1.0 1
167 nan 0.0625 0.2 -1.0 1.0 786.3673220707864 786.3683219707864 786.7667154607868 785.7511170307857 788.400643437209 786.4647456607864 1.0 786.4647456607864 1.0 1
168 nan 1.0 0.2 -1.0 1.0 794.3134940407944 794.3142939607943 794.5846002607946 789.1198467907891 796.2001263692578 794.4919428607946 1.0 794.4919428607946 1.0 1
169 0.0 nan 0.2 -1.0 -1.0 797.6465940307977 797.6475939307977 798.3399246907984 796.9399313707969 800.9465850595468 798.022123140798 1.0 798.022123140798 1.0 1
170 nan 1.0 0.2 -1.0 1.0 802.2827970308023 802.2838969208022 802.8744045308028 801.6738912608017 804.4828049248068 802.4129173508024 1.0 802.8452074508028 1.0 2
171 nan 0.0625 0.2 -1.0 1.0 805.8295756508059 805.8305422208058 806.1132139508061 805.2061046708052 807.7161404682008 805.982993640806 1.0 805.982993640806 1.0 1
172 nan 0.25 0.2 -1.0 1.0 808.995858990809 808.996825560809 809.3253593708093 808.4487470408085 810.9323843324953 809.2042381508093 1.0 809.2042381508093 1.0 1
173 nan 0.125 0.2 -1.0 1.0 812.2956956408123 812.2968288608123 812.5764009008126 811.6702915208117 814.1823009598655 812.4786773408125 1.0 812.4786773408125 1.0 1
174 nan 0.0625 0.2 -1.0 1.0 816.028855620816 816.029788860816 816.2529332108163 814.919999850815 817.8821298760073 816.1143470708162 1.0 816.1143470708162 1.0 1
175 nan 0.0625 0.2 -1.0 1.0 819.1455439208191 819.1464438308192 819.6350616308197 818.5852332908186 821.2620659578976 819.3294921908193 1.0 819.5752676108195 1.0 2
176 nan 1.0 0.2 -1.0 1.0 823.3984519208234 823.3994184908235 824.0813169608241 822.1979719808222 825.6950093442487 823.5604357208235 1.0 824.013957030824 1.0 2
177 nan 0.0 0.2 -1.0 1.0 827.1314785808271 827.1324451508272 831.8562727208318 826.4467137308264 833.4611034917981 831.7605156308317 1.0 831.7605156308317 1.0 1
178 nan 0.0625 0.2 -1.0 1.0 834.8142768908348 834.8153434508348 835.2484334708353 834.1685081408342 836.8811271152983 834.966161700835 1.0 835.1937389408351 1.0 2
179 0.0625 nan 0.2 -1.0 -1.0 838.4274488708385 838.4283154508385 839.1959720108392 837.6309285308377 841.8107964865487 838.6017647708386 1.0 838.6017647708386 1.0 1
180 nan 0.0625 0.2 -1.0 1.0 843.1805735108431 843.1816067408432 843.4416140708435 842.5350047408425 845.044013595442 843.3343914608433 1.0 843.3343914608433 1.0 1
181 0.125 nan 0.2 -1.0 -1.0 846.4801435208465 846.4812434108464 850.4535794708505 845.7920123408458 853.0769052243751 850.1056476008501 1.0 850.1056476008501 1.0 1
182 nan 0.0625 0.2 1.0 -1.0 854.5632684608546 854.5642017008546 858.3475233308584 853.8028111808538 860.9597826344171 858.0778836308581 1.0 858.0778836308581 1.0 1
183 nan 0.0 0.2 1.0 -1.0 862.4960751008625 862.4971416608626 863.0774836208631 861.7121868308617 865.7092405694322 862.6447269008627 1.0 862.8143099408628 1.0 2
184 0.125 nan 0.2 1.0 1.0 867.2124367508673 867.2134699808672 868.000457940868 866.4443469008664 869.6258792720446 867.7382841608677 -1.0 867.7382841608677 -1.0 1
185 0.0 nan 0.2 -1.0 -1.0 871.4289150608714 871.4297816408714 871.6907555408717 870.4110835208704 874.3121154718301 871.6060640108716 1.0 871.6060640108716 1.0 1
186 nan 0.25 0.2 -1.0 1.0 875.6588920208757 875.6597252708757 876.042620310876 875.065218060875 877.6620491387833 875.7321513608757 1.0 875.958962010876 1.0 2
187 nan 0.0 0.2 -1.0 1.0 879.2585653508793 879.2597652308792 883.8048106808839 878.3853526808784 885.4116347518207 883.7086203008837 1.0 883.7086203008837 1.0 1
188 nan 1.0 0.2 -1.0 1.0 887.7746803208878 887.7756802208878 888.0584519408881 886.1846393408862 889.6779786466459 887.9760268508879 1.0 887.9760268508879 1.0 1
189 nan 0.125 0.2 -1.0 1.0 891.0076569908911 891.008656890891 891.3065937608914 890.4115832708904 892.9243202294929 891.1916719208912 1.0 891.1916719208912 1.0 1
190 nan 1.0 0.2 -1.0 1.0 894.2441666408943 894.2452998608943 894.5066403908945 893.6414269208937 896.1408415798774 894.3760867808944 1.0 894.3760867808944 1.0 1
191 0.0625 nan 0.2 -1.0 -1.0 897.7940449508978 897.7949448608978 902.4102499509024 897.1443432608971 905.0404402337346 902.2960613709023 1.0 902.2960613709023 1.0 1
192 nan 0.0625 0.2 -1.0 1.0 906.4601782509064 906.4612114809065 907.0558520109071 905.7821460609058 908.693476178326 906.8848357809069 1.0 906.8848357809069 1.0 1
193 nan 1.0 0.8 -1.0 1.0 910.1900385609102 910.1908718109102 911.045686320911 909.4409801409095 912.6565133846977 910.2748634109103 1.0 911.0111897709111 1.0 4
194 0.0625 nan 0.8 -1.0 -1.0 914.1096465609141 914.1105131409141 915.016822500915 913.4014173909134 917.623151008071 914.1754399809142 1.0 914.3413900509144 -1.0 2
195 1.0 nan 0.8 1.0 1.0 918.959294880919 918.960128130919 919.4351806209195 918.3736534509184 921.0394995826316 919.2749299809193 -1.0 919.2749299809193 -1.0 1
196 0.0 nan 0.8 1.0 1.0 922.3924515309224 922.3934514309224 928.3959844509284 921.8163091509218 930.0086782851113 927.8872686609279 1.0 928.2628977609282 -1.0 2
197 0.0 nan 0.8 1.0 1.0 931.2887284809314 931.2897283809313 932.039120100932 930.7600813509308 933.6554379554971 931.4011839009314 1.0 931.979992680932 -1.0 3
198 nan 0.125 0.8 -1.0 1.0 935.1917381409352 935.1927047109352 935.7479491809357 934.4268479709344 937.3551728197174 935.6468259609356 1.0 935.6468259609356 1.0 1
199 nan 0.0625 0.8 -1.0 1.0 939.5914981209396 939.5923647009396 940.1734065909402 938.1487757409382 941.8083257442988 939.7135192509397 1.0 939.8984340909399 1.0 2
200 0.25 nan 0.8 -1.0 -1.0 943.1214117609431 943.1223450009431 946.4703101709465 942.5900315709426 949.0911014839435 946.3864185609464 1.0 946.3864185609464 1.0 1
201 nan 0.25 0.8 -1.0 1.0 950.3876517309504 950.3886183009504 951.2291009109513 949.8428062209498 952.8376299827211 950.6079630309506 1.0 950.8677703809509 -1.0 2
202 0.125 nan 0.8 1.0 1.0 954.3407563809543 954.3415896309543 954.964627320955 953.5831321509536 956.570656282385 954.7617476109548 -1.0 954.7617476109548 -1.0 1
203 0.0 nan 0.8 1.0 1.0 958.957061370959 958.957927950959 966.4889747709665 957.3302574009573 968.1034915919216 966.2825620809663 1.0 966.2825620809663 1.0 1
204 nan 1.0 0.8 -1.0 1.0 969.7563146709698 969.7571812509698 970.0235879409701 968.9275975509689 971.6565095704229 969.93043059097 1.0 969.93043059097 1.0 1
205 0.25 nan 0.8 1.0 1.0 973.2364332909732 973.2374998509732 973.6890213609737 972.4766092809725 975.3029443347542 973.4703432309735 -1.0 973.4703432309735 -1.0 1
206 nan 0.125 0.8 -1.0 1.0 977.1060796209771 977.1071461809771 977.9016667209779 976.0688500209761 979.5192976583047 977.2547647509773 1.0 977.2547647509773 1.0 1
207 nan 0.0625 0.8 -1.0 1.0 981.0391196109811 981.0401195109811 981.3029265609813 980.5071061509805 982.922422867124 981.2012700609812 1.0 981.2012700609812 1.0 1
208 1.0 nan 0.8 1.0 1.0 984.2356332609843 984.2367664809842 984.5882313309846 983.6734228209837 986.2024542936628 984.4570111209845 -1.0 984.4570111209845 -1.0 1
209 0.125 nan 0.8 -1.0 -1.0 987.5054729109875 987.5064061509876 987.8630704809879 986.9687599209869 990.4886954225246 987.6881879709877 1.0 987.6881879709877 1.0 1
210 0.125 nan 0.8 1.0 1.0 991.8852682209919 991.886368110992 992.3691198309924 991.2516982509912 993.9851375348305 991.966093470992 1.0 992.2345666209923 -1.0 2
211 0.25 nan 0.8 -1.0 -1.0 996.2383662009962 996.2393661009962 998.4570109809985 994.7826451209947 1001.0846312285062 998.1812052309982 1.0 998.3918508309984 1.0 2
212 nan 0.125 0.8 1.0 -1.0 1002.4712095210025 1002.4719761110025 1003.5083058010035 1001.8499383210019 1006.1378687208132 1002.7274838910027 1.0 1002.7274838910027 1.0 1
213 0.25 nan 0.8 1.0 1.0 1007.4510114910074 1007.4519447310074 1007.928597061008 1006.8624703510069 1009.5508125518984 1007.6979534610077 -1.0 1007.6979534610077 -1.0 1
214 nan 0.25 0.2 -1.0 1.0 1011.5706328210116 1011.5719326910116 1011.944028811012 1010.3531212510104 1013.5505535226159 1011.8291736310118 1.0 1011.8291736310118 1.0 1
215 nan 0.125 0.2 -1.0 1.0 1015.3871511310153 1015.3882510210154 1015.6748556910156 1014.3226575910144 1017.2870791118036 1015.5682663510156 1.0 1015.5682663510156 1.0 1
216 nan 0.0625 0.2 1.0 -1.0 1018.9168981210189 1018.9178980210189 1025.3875509910254 1018.0990799110181 1028.0032051879364 1024.7434820710248 1.0 1024.9259638210249 -1.0 2
217 nan 0.0625 0.2 1.0 -1.0 1030.7496480610307 1030.7505146410308 1036.1251437910362 1028.779411771029 1038.7525984277177 1036.005522421036 -1.0 1036.005522421036 -1.0 1
218 nan 0.0 0.2 1.0 -1.0 1040.2990930210403 1040.3001262510404 1045.3177577710453 1039.5422020510396 1047.9320103815855 1045.1535408610453 -1.0 1045.1535408610453 -1.0 1
219 0.0 nan 0.2 -1.0 -1.0 1049.2851276610493 1049.2860942310492 1053.108078661053 1048.7221173010487 1055.731665685747 1052.989623841053 1.0 1052.989623841053 1.0 1
220 0.125 nan 0.2 -1.0 -1.0 1057.2680626210572 1057.2690625210573 1057.7453815510578 1056.5479679710566 1060.3647366052123 1057.5138380410576 1.0 1057.5138380410576 1.0 1
221 nan 0.125 0.2 -1.0 1.0 1061.7344159410618 1061.7353491810618 1062.031752871062 1061.1085452010611 1063.634272428304 1061.947527961062 1.0 1061.947527961062 1.0 1
222 0.0625 nan 0.2 1.0 1.0 1065.0309529210651 1065.032019481065 1065.7770783010658 1064.4539772910646 1067.3975011679295 1065.2752284910653 1.0 1065.2752284910653 1.0 1
223 nan 1.0 0.2 -1.0 1.0 1069.8003426010698 1069.8013091710698 1070.04171846107 1068.2006025910682 1071.647248046419 1069.87016895107 1.0 1069.87016895107 1.0 1
224 nan 0.125 0.2 -1.0 1.0 1073.2670292310734 1073.2679624710734 1073.7912768010738 1072.6518574210727 1075.4137704124153 1073.4916401010735 1.0 1073.7675125110738 1.0 2
225 nan 0.0625 0.2 -1.0 1.0 1076.899999231077 1076.9009324710769 1077.3567868810774 1076.1901702210762 1078.9635102447294 1077.2197339210772 1.0 1077.2197339210772 1.0 1
226 0.0 nan 0.2 -1.0 -1.0 1080.3831842110803 1080.3842507710804 1080.982590931081 1079.7300162010797 1083.5967770555717 1080.4772414710806 1.0 1080.955293661081 1.0 2
227 1.0 nan 0.2 1.0 1.0 1084.966192531085 1084.967225761085 1085.4519772810854 1084.3792845610844 1087.0664007797516 1085.3089249210852 -1.0 1085.3089249210852 -1.0 1
228 0.0625 nan 0.2 -1.0 -1.0 1088.962726171089 1088.963892721089 1095.2571633310952 1087.873701751088 1097.8490143687134 1095.1643059510952 1.0 1095.1643059510952 1.0 1
229 nan 0.25 0.2 -1.0 1.0 1099.2455977810991 1099.2464976910992 1099.5823307710996 1098.6846205510988 1101.1956479255402 1099.4685754810994 1.0 1099.4685754810994 1.0 1
230 1.0 nan 0.2 1.0 1.0 1103.5819974311037 1103.5831306511036 1104.134275531104 1102.026552991102 1105.7286951105698 1103.935662061104 1.0 1103.935662061104 1.0 1
231 nan 0.25 0.2 -1.0 1.0 1108.6650557411087 1108.6660889711086 1108.945227721109 1106.5483007711066 1110.5649490674014 1108.8692686511088 1.0 1108.8692686511088 1.0 1
232 1.0 nan 0.2 1.0 1.0 1111.8948327311118 1111.8957659711118 1112.2373651411122 1111.3514537411113 1113.8312827062684 1112.0780810711121 1.0 1112.0780810711121 1.0 1
233 nan 0.25 0.2 -1.0 1.0 1115.5113043811155 1115.5124042711154 1115.7396815411157 1114.6702884911147 1117.3446089680378 1115.6611227311157 1.0 1115.6611227311157 1.0 1
234 1.0 nan 0.2 1.0 1.0 1118.8142073911188 1118.815040641119 1119.2972257511194 1118.1117109811182 1120.897744331793 1118.905698241119 1.0 1118.905698241119 1.0 1
235 nan 0.0 0.2 -1.0 1.0 1123.7109176711238 1123.7120175611237 1124.1737713811242 1121.7301491011217 1125.793991186275 1123.9265627711238 1.0 1123.9265627711238 1.0 1
236 nan 0.25 0.2 -1.0 1.0 1127.2137673511272 1127.2146672611273 1127.4815072411275 1126.5950958911267 1129.0971253992218 1127.3584528811273 1.0 1127.3584528811273 1.0 1
237 nan 0.0625 0.2 -1.0 1.0 1130.4936393311305 1130.4946392311306 1131.109044451131 1129.92222981113 1132.7301635116198 1130.7330487211307 1.0 1130.7330487211307 1.0 1
238 nan 0.0625 0.2 -1.0 1.0 1134.2434976411344 1134.2446308611343 1135.2943925411353 1133.5276692311336 1136.8966163572502 1134.7579461911348 1.0 1134.7579461911348 1.0 1
239 nan 0.0625 0.2 -1.0 1.0 1138.2265326311383 1138.2275991911383 1138.8122407211388 1137.6535232711376 1140.4101595988275 1138.4942391911386 1.0 1138.4942391911386 1.0 1
240 nan 0.0625 0.2 -1.0 1.0 1141.8798006011418 1141.880933821142 1142.1593726411422 1141.2217664111413 1143.7628943449606 1142.047983781142 1.0 1142.047983781142 1.0 1
241 nan 0.25 0.2 -1.0 1.0 1148.0592492611481 1148.060215831148 1148.4508434311485 1144.5604991711446 1150.0459356554643 1148.2605957911483 1.0 1148.2605957911483 1.0 1
242 nan 0.25 0.2 -1.0 1.0 1151.5090709111514 1151.5102041311516 1160.03045202116 1150.8430375211508 1161.6120733107682 1159.7583459011598 1.0 1159.7583459011598 1.0 1
243 nan 0.25 0.2 -1.0 1.0 1162.958592511163 1162.959459091163 1163.1761707511632 1162.4149802111624 1164.761597065912 1163.0623154711632 1.0 1163.0623154711632 1.0 1
244 1.0 nan 0.8 1.0 1.0 1166.2251324911663 1166.2261323911662 1166.7667116611667 1165.5748975211657 1168.3449369623893 1166.4205462811665 -1.0 1166.4205462811665 -1.0 1
245 1.0 nan 0.8 1.0 1.0 1169.7247824911697 1169.7257823911698 1170.1799369711703 1169.109544021169 1171.7580592728223 1169.94279402117 -1.0 1169.94279402117 -1.0 1
246 0.25 nan 0.8 -1.0 -1.0 1173.1944021611732 1173.1954020611731 1179.107377471179 1172.6137602311726 1181.724066157006 1178.8754006711788 1.0 1179.075247351179 1.0 2
247 0.25 nan 0.8 1.0 1.0 1183.2439304411832 1183.2450303311832 1183.8294052211838 1182.4962718811826 1185.4106181284224 1183.3401874811834 1.0 1183.4637751211835 -1.0 2
248 1.0 nan 0.8 1.0 1.0 1188.073680751188 1188.074713981188 1189.6317582611896 1186.2693278711863 1191.2235769892166 1188.3169230911883 -1.0 1189.2803934011893 -1.0 3
249 1.0 nan 0.8 1.0 1.0 1193.2266987311932 1193.2276653011932 1200.0016545012 1192.0627818011922 1201.589674433741 1199.6860194011997 -1.0 1199.6860194011997 -1.0 1
250 1.0 nan 0.8 1.0 1.0 1203.1593720312032 1203.160271941203 1203.7265819712038 1202.4205792512025 1205.309423701701 1203.4031143212035 -1.0 1203.4031143212035 -1.0 1
251 1.0 nan 0.8 1.0 1.0 1207.5558656712076 1207.5568989012077 1208.044250161208 1206.2098336212061 1209.625771997695 1207.8846661212078 -1.0 1207.8846661212078 -1.0 1
252 0.125 nan 0.8 1.0 1.0 1211.022352321211 1211.023218901211 1211.7709774512118 1210.4381774112105 1213.3920942830052 1211.3952150312114 1.0 1211.3952150312114 1.0 1
253 0.25 nan 0.8 -1.0 -1.0 1215.6387573012157 1215.6398571912157 1225.953492391226 1214.2583953512142 1228.5547376266127 1225.8421035312258 1.0 1225.8421035312258 1.0 1
254 nan 0.0 0.8 -1.0 1.0 1230.7246152312307 1230.7254484812308 1250.2687606212503 1229.4441432912295 1251.8534073818478 1230.7607782812308 -1.0 1250.2605947712502 1.0 3
255 1.0 nan 0.8 -1.0 -1.0 1253.3898818112534 1253.3906484012534 1253.7866421312538 1252.7382136512529 1256.3897323378653 1253.6612546712536 1.0 1253.6612546712536 1.0 1
256 nan 0.25 0.8 -1.0 1.0 1257.902897131258 1257.903963691258 1258.1952678912583 1257.2122328712571 1259.7896580258864 1258.1009773212581 1.0 1258.1009773212581 1.0 1
257 0.0625 nan 0.8 1.0 1.0 1261.152805441261 1261.1539386612612 1267.5357670812675 1260.5883618912605 1269.1223528761316 1267.112742721267 1.0 1267.112742721267 1.0 1
258 0.125 nan 0.8 1.0 1.0 1270.5687970812705 1270.5698969712705 1271.3622843912715 1269.95505846127 1272.938807347944 1270.8332706312708 1.0 1270.8332706312708 1.0 1
259 1.0 nan 0.8 1.0 1.0 1274.2852920612743 1274.2861919712743 1274.7533119212749 1273.7214151212738 1276.3384328567784 1274.5647974412745 -1.0 1274.5647974412745 -1.0 1
260 0.125 nan 0.8 1.0 1.0 1278.0182853912781 1278.019185301278 1278.5710634412785 1277.5078364412775 1280.151782620697 1278.4442761212786 -1.0 1278.4442761212786 -1.0 1
261 0.0625 nan 0.8 1.0 1.0 1281.5881950312817 1281.5891616012816 1281.928394341282 1280.9459925912809 1283.504717322049 1281.6578880612817 1.0 1281.6578880612817 1.0 1
262 1.0 nan 0.8 1.0 1.0 1284.8347036812847 1284.8354702712847 1285.5044367012856 1284.3253212912844 1287.087952763797 1285.0684136412851 -1.0 1285.0684136412851 -1.0 1
263 0.25 nan 0.8 -1.0 -1.0 1295.1341403012952 1295.1350735412952 1295.4944042712955 1287.951258661288 1298.0704530212074 1295.3892147912954 1.0 1295.3892147912954 1.0 1
264 nan 1.0 0.8 -1.0 1.0 1299.7338469512997 1299.7347135312998 1299.9791890813 1298.9565580212989 1301.5672024778132 1299.8528683813 1.0 1299.8528683813 1.0 1
265 nan 0.125 0.2 -1.0 1.0 1303.0868782813031 1303.087711531303 1303.4065129813034 1302.4081128313023 1305.0003375306896 1303.3063230013033 1.0 1303.3063230013033 1.0 1
266 nan 0.0625 0.2 -1.0 1.0 1306.4199449413065 1306.4210115013063 1306.6862516413066 1305.7912411513057 1308.2835723969795 1306.5789957013067 1.0 1306.5789957013067 1.0 1
267 nan 0.25 0.2 -1.0 1.0 1309.6365565813096 1309.6376564713096 1309.87759914131 1309.096277281309 1311.4698924784009 1309.7940741613097 1.0 1309.7940741613097 1.0 1
268 nan 0.25 0.2 -1.0 1.0 1315.033016881315 1315.033950121315 1315.3407527713155 1312.2663935713124 1316.9329664403683 1315.2186983113152 1.0 1315.2186983113152 1.0 1
269 nan 0.0625 0.2 -1.0 1.0 1318.4193115513185 1318.4202781213185 1318.8817653013189 1317.7847750113178 1320.4860914134335 1318.6152252913187 1.0 1318.813538791319 1.0 2
270 0.125 nan 0.2 1.0 1.0 1323.4157118613234 1323.4165784413235 1327.7847749113278 1321.2777923413214 1329.3655910138095 1327.5178016113275 1.0 1327.5178016113275 1.0 1
271 nan 1.0 0.2 -1.0 1.0 1330.985254831331 1330.986188071331 1331.2324967713312 1330.2191981113303 1332.8351182227987 1331.1402726613312 1.0 1331.1402726613312 1.0 1
272 nan 1.0 0.2 -1.0 1.0 1334.1985668013342 1334.1995000413342 1334.4295437013345 1333.6604206213337 1336.0151583813426 1334.3475519013343 1.0 1334.3475519013343 1.0 1
273 nan 0.125 0.2 -1.0 1.0 1337.3680498213373 1337.3691497113373 1337.786174671338 1336.8551677813368 1339.3816964639218 1337.5238009113375 1.0 1337.7167816113376 -1.0 2
274 nan 1.0 0.2 -1.0 1.0 1340.7513114613407 1340.7524446813409 1340.983121611341 1340.1952004113402 1342.5647338615859 1340.8852980613408 1.0 1340.8852980613408 1.0 1
275 nan 0.0625 0.2 1.0 -1.0 1344.2177981113443 1344.2187646813443 1350.05408109135 1343.4440421613435 1352.6340342174076 1349.7261138913498 -1.0 1349.89786338135 -1.0 2
276 nan 1.0 0.2 -1.0 1.0 1354.1807017213541 1354.1817016213543 1354.4510413513544 1353.4713393313534 1356.0338632168894 1354.3644166813544 1.0 1354.3644166813544 1.0 1
277 nan 0.0625 0.2 -1.0 1.0 1357.3972467013575 1357.3980132913573 1357.7283802513577 1356.861366961357 1359.3170977996201 1357.6064591113577 1.0 1357.6064591113577 1.0 1
278 nan 0.0625 0.2 1.0 -1.0 1360.7471116813608 1360.7480115913609 1361.2406623213612 1360.1544042913602 1363.8469486591796 1360.8198377413607 1.0 1360.8198377413607 1.0 1
279 nan 1.0 0.2 -1.0 1.0 1365.2331963613653 1365.2342962513653 1365.5037693013655 1364.6612535613647 1367.0799889085545 1365.4086788113655 1.0 1365.4086788113655 1.0 1
280 nan 0.0 0.2 -1.0 1.0 1368.7330130113687 1368.7339462513687 1368.983987911369 1368.1891007413683 1370.5831112913972 1368.897129931369 1.0 1368.897129931369 1.0 1
281 nan 1.0 0.2 -1.0 1.0 1372.1462383213723 1372.147304881372 1372.3817147713723 1371.4202109313715 1373.9796580704212 1372.2628599913724 1.0 1372.2628599913724 1.0 1
282 nan 0.0625 0.2 -1.0 1.0 1375.5325996513754 1375.5335662213756 1376.974188811377 1374.842968621375 1378.5659057120213 1375.6359559813757 1.0 1376.946091621377 1.0 6
283 nan 0.125 0.2 -1.0 1.0 1381.162403281381 1381.1635365013813 1388.5682959513886 1379.4231105613794 1390.1485065116237 1388.3210873413884 1.0 1388.3210873413884 1.0 1
284 nan 0.125 0.2 -1.0 1.0 1392.4285098913924 1392.4294764613924 1392.7464447613927 1391.0785115713911 1394.3483573457172 1392.6503543713927 1.0 1392.6503543713927 1.0 1
285 nan 0.25 0.2 -1.0 1.0 1395.7782748813959 1395.7791081313958 1396.012684771396 1395.2049655513952 1397.61149727984 1395.907728601396 1.0 1395.907728601396 1.0 1
286 nan 0.25 0.2 -1.0 1.0 1399.1645695513992 1399.1654361313992 1399.8657994214 1398.4803046513985 1401.4779406517603 1399.3166210113993 1.0 1399.3166210113993 1.0 1
287 nan 0.25 0.2 -1.0 1.0 1403.5475978714035 1403.5483977914037 1404.5754617414045 1402.3835476214024 1406.194475943426 1403.7838742414037 1.0 1404.4630729814044 1.0 2
288 nan 0.125 0.2 -1.0 1.0 1407.7975061714078 1407.798372751408 1413.2038654814132 1407.071578771407 1414.7937794350262 1412.7442781114128 1.0 1412.7442781114128 1.0 1
289 nan 0.25 0.2 -1.0 1.0 1416.180134491416 1416.1810010714162 1416.9693888914169 1415.6521872914157 1418.5769094424654 1416.3977793914164 1.0 1416.890930071417 1.0 2
290 0.125 nan 0.2 -1.0 -1.0 1420.1800677914202 1420.1809677014203 1427.3009223014274 1419.4060118714194 1429.9129343299107 1427.055213541427 1.0 1427.2179639314272 1.0 2
291 nan 0.125 0.2 1.0 -1.0 1431.2927564114314 1431.2938896314313 1432.2748915214322 1430.7785411714308 1434.8759794994864 1431.959623051432 1.0 1431.959623051432 1.0 1
292 nan 1.0 0.2 -1.0 1.0 1436.3456510714364 1436.3465509814364 1436.6907832214367 1435.6880835014358 1438.2926033529925 1436.5839272414366 1.0 1436.5839272414366 1.0 1
293 nan 0.0625 0.2 -1.0 1.0 1439.91226104144 1439.91319428144 1440.4659390014406 1439.1316057814392 1442.0589471493765 1440.1177404914401 1.0 1440.3708818414405 1.0 2
294 nan 1.0 0.2 -1.0 1.0 1443.7953060314437 1443.7961726114438 1444.040481511444 1442.962455991443 1445.65879634778 1443.953890171444 1.0 1443.953890171444 1.0 1
295 nan 1.0 0.2 -1.0 1.0 1447.095076021447 1447.096142581447 1447.3448177114474 1446.4754046614464 1448.96183134077 1447.2570264914473 1.0 1447.2570264914473 1.0 1
296 1.0 nan 0.2 1.0 1.0 1450.7583429914507 1450.7594428814507 1451.3264528414513 1449.8229365414497 1452.9249623015874 1450.875197971451 1.0 1450.875197971451 1.0 1
297 nan 0.0625 0.2 -1.0 1.0 1454.7613426514547 1454.7624425414547 1455.3274860314552 1453.8503670914538 1456.9277996590522 1455.061845931455 1.0 1455.061845931455 1.0 1
298 nan 1.0 0.2 -1.0 1.0 1459.6245896114597 1459.6253895314596 1459.89622911146 1457.800905331458 1461.494439251429 1459.7872066814598 1.0 1459.7872066814598 1.0 1
299 0.0625 nan 0.8 -1.0 -1.0 1463.0576796014632 1463.058712831463 1463.914060621464 1462.4142439514624 1466.5106058324086 1463.2629257414633 1.0 1463.6115242114636 -1.0 2
300 0.25 nan 0.8 1.0 1.0 1468.090509601468 1468.0916761514682 1478.7408111314787 1467.3789141014674 1480.3400501436197 1478.3179534214783 1.0 1478.4843367814785 1.0 2
301 1.0 nan 0.8 -1.0 -1.0 1484.0930758514842 1484.093909101484 1488.4089108914884 1481.5858599314815 1491.0260526864975 1487.7616422914878 1.0 1488.2276290214882 -1.0 2
302 0.25 nan 0.8 1.0 1.0 1497.5723277914976 1497.5731610414975 1498.8554328014989 1491.934258321492 1500.4554436078777 1498.0280155514981 -1.0 1498.6045578914986 -1.0 3
303 1.0 nan 0.8 -1.0 -1.0 1502.3918791215024 1502.3928123615024 1502.944157221503 1501.3567493115013 1505.541803229111 1502.2979218515022 -1.0 1502.6636186115027 -1.0 2
304 0.0625 nan 0.8 1.0 1.0 1507.1550694215073 1507.1561026515071 1510.2889560015103 1506.4083107715064 1511.9078674289858 1507.3962786315074 -1.0 1510.03204836151 1.0 5
305 0.125 nan 0.8 -1.0 -1.0 1513.4880360615134 1513.4890692915135 1513.913760151514 1512.7854729915127 1516.507810431828 1513.6821833115137 1.0 1513.8780970515138 1.0 2
306 nan 0.0625 0.8 -1.0 1.0 1517.937624391518 1517.938724281518 1518.2697245115182 1517.3616153315174 1519.8709411027219 1518.083943091518 1.0 1518.083943091518 1.0 1
307 0.25 nan 0.8 1.0 1.0 1521.2575590315212 1521.2586922515213 1522.1434704315222 1520.7352446015207 1523.7406834406179 1521.5454969015216 1.0 1521.6767504415218 -1.0 2
308 0.0 nan 0.8 -1.0 -1.0 1525.137271021525 1525.138337581525 1525.4203427115253 1524.6180896115247 1528.0239451445887 1525.3025544915254 1.0 1525.3025544915254 1.0 1
309 nan 0.125 0.8 1.0 -1.0 1529.5038009915295 1529.5046675715296 1535.2842895515353 1528.949556421529 1537.8898392816293 1534.9749538215349 1.0 1535.1013411815352 -1.0 2
310 0.25 nan 0.8 -1.0 -1.0 1539.2864559615393 1539.2875891815393 1546.955222341547 1538.7406438815387 1549.5726652158264 1546.3919453415465 -1.0 1546.863298201547 1.0 4
311 1.0 nan 0.8 1.0 1.0 1550.985819241551 1550.986885801551 1551.4279750215514 1550.4592719015504 1553.0556876038938 1551.2047973415513 -1.0 1551.3010543815512 -1.0 2
312 0.0625 nan 0.8 -1.0 -1.0 1555.6189892115556 1555.6198557915557 1556.0805097215562 1553.954589001554 1558.705350216913 1555.837567351556 1.0 1555.837567351556 1.0 1
313 nan 1.0 0.8 -1.0 1.0 1561.9185591915618 1561.919492431562 1562.2832893815623 1559.5960581315596 1563.8852006486948 1562.1067403715622 1.0 1562.1067403715622 1.0 1
314 1.0 nan 0.8 1.0 1.0 1566.1881988515663 1566.1891320915663 1566.3616148415663 1564.7953048215647 1567.9515556810657 1566.079409731566 1.0 1566.1318711515662 -1.0 2
315 0.125 nan 0.8 -1.0 -1.0 1570.6210888515707 1570.6220887515706 1583.8673307615838 1568.8471662615689 1586.4671387827416 1570.6588184115706 -1.0 1583.5643610615837 1.0 6
316 0.0625 nan 0.8 -1.0 -1.0 1588.1701671015883 1588.1713003215882 1589.7143126715898 1587.4038437415875 1592.3166940266942 1588.9048936215888 1.0 1589.1628344915891 -1.0 2
317 0.0 nan 0.8 -1.0 -1.0 1593.919758751594 1593.920625331594 1606.6965476116068 1593.1805993415933 1609.319084312248 1606.2194953216062 -1.0 1606.4206418716064 -1.0 2
318 0.25 nan 0.8 1.0 1.0 1610.8323006616108 1610.8332339016108 1611.3318840316113 1610.2537918516102 1612.9354229795904 1611.1397365816113 -1.0 1611.1397365816113 -1.0 1
319 nan 1.0 0.8 -1.0 1.0 1614.6153223216147 1614.6161889016146 1615.2014303716153 1613.8737298216138 1616.7988445828892 1614.6471858016146 -1.0 1614.8233681816148 -1.0 2
320 0.125 nan 0.8 -1.0 -1.0 1618.4684036416186 1618.4694702016184 1619.017448731619 1617.7187452816177 1621.618192923063 1618.6144890316186 1.0 1618.940756401619 1.0 2
321 nan 0.25 0.8 -1.0 1.0 1623.081708931623 1623.0827754916231 1623.3647139616235 1622.5038000616225 1624.9848235760755 1623.2413596316233 1.0 1623.2413596316233 1.0 1
322 0.0625 nan 0.8 -1.0 -1.0 1627.7814722416279 1627.7824054816278 1628.110739311628 1625.890128061626 1630.7145815128517 1627.914825571628 1.0 1627.914825571628 1.0 1
323 1.0 nan 0.8 1.0 1.0 1632.5674602616325 1632.5683935016325 1633.1073062716332 1631.925091171632 1634.734143022868 1632.7872049516327 1.0 1632.7872049516327 1.0 1
324 nan 0.0625 0.8 -1.0 1.0 1636.197430561636 1636.198363801636 1636.8674635516368 1635.6161553616357 1638.4840733700817 1636.5458623816367 -1.0 1636.5458623816367 -1.0 1
325 1.0 nan 0.8 1.0 1.0 1639.94712222164 1639.94802213164 1640.6752827316407 1639.4168752516393 1642.2804180223084 1640.1680667916403 1.0 1640.4680701216405 1.0 2
326 0.0625 nan 0.8 -1.0 -1.0 1643.7335435416437 1643.7346434316437 1644.1773324916442 1643.2214280916432 1646.7803754608467 1643.979285631644 1.0 1643.979285631644 1.0 1
327 0.125 nan 0.8 1.0 1.0 1648.2330935416483 1648.2339601216484 1648.7122789516488 1647.6667835116477 1650.3300966228824 1648.5437624716485 -1.0 1648.5437624716485 -1.0 1
328 0.25 nan 0.8 1.0 1.0 1651.833100171652 1651.8342667216518 1652.4997335016526 1651.1989969216513 1654.0998382594598 1651.901293351652 1.0 1652.2484586316523 -1.0 2
329 1.0 nan 0.8 -1.0 -1.0 1655.8964271316559 1655.897260381656 1656.874562641657 1655.026147501655 1659.479601340273 1656.1330034716561 1.0 1656.4031431216565 -1.0 2
330 nan 0.25 0.8 -1.0 1.0 1661.082575131661 1661.0836083616612 1661.5514282416616 1660.4109089716603 1663.1492377151117 1661.2763890816614 1.0 1661.2763890816614 1.0 1
331 0.125 nan 0.8 -1.0 -1.0 1664.7625404316648 1664.7635403316647 1665.4945672216654 1664.066843341664 1668.095777051778 1664.858797471665 1.0 1665.4165083616654 1.0 3
332 0.0 nan 0.8 -1.0 -1.0 1669.81550175167 1669.8165016516698 1670.3481484816705 1669.021981111669 1672.9486246286274 1670.09924004167 1.0 1670.09924004167 1.0 1
333 0.125 nan 0.8 -1.0 -1.0 1674.3786453916744 1674.3798119416745 1675.1448021016752 1673.8560309916738 1677.7451789958175 1674.7186780516747 1.0 1675.037546161675 1.0 2
334 0.25 nan 0.8 1.0 1.0 1679.4316067116795 1679.4327732616794 1680.4006098016805 1678.6357863016788 1681.9949187754657 1679.5875577816796 -1.0 1680.3335831716804 -1.0 3
335 0.25 nan 0.8 -1.0 -1.0 1683.6811483816837 1683.6820816216837 1684.1584006516841 1682.925623941683 1686.7645753718225 1684.0367461516842 1.0 1684.0367461516842 1.0 1
336 1.0 nan 0.8 1.0 1.0 1688.3612136616885 1688.3620469116884 1689.025313911689 1687.6610836816876 1690.630919392895 1688.6602504216887 -1.0 1688.862630181689 -1.0 2
337 1.0 nan 0.8 1.0 1.0 1692.144268651692 1692.145368541692 1704.1861643417042 1691.5641266716916 1705.7768680710244 1703.826700291704 1.0 1704.032446381704 1.0 2
338 0.25 nan 0.8 -1.0 -1.0 1710.963019921711 1710.963953161711 1711.3165845617114 1706.7504745517067 1713.9098607294168 1711.1574004817112 1.0 1711.1574004817112 1.0 1
339 0.25 nan 0.8 1.0 1.0 1715.3961099017154 1715.3972431217155 1716.2712890417163 1714.8129682217148 1717.8761990206474 1715.8541307617159 -1.0 1715.8541307617159 -1.0 1
340 nan 0.0 0.8 1.0 -1.0 1719.6126548717195 1719.6135547817196 1725.3168510617254 1718.7854042717188 1727.9120938707501 1725.108971851725 1.0 1725.108971851725 1.0 1
341 1.0 nan 0.8 1.0 1.0 1729.5421618217295 1729.5431617217296 1733.7628730417339 1728.8311995917288 1735.361780273387 1733.6012558717337 -1.0 1733.6012558717337 -1.0 1
342 0.0 nan 0.8 1.0 1.0 1736.974985131737 1736.976118351737 1737.890193601738 1736.2779881717363 1739.508330514707 1737.1464679817373 1.0 1737.3045188417373 -1.0 2
343 1.0 nan 0.8 1.0 1.0 1740.978084781741 1740.979084681741 1741.5424283417415 1740.4491376817405 1743.1413696375375 1741.154367151741 -1.0 1741.154367151741 -1.0 1
344 0.0625 nan 0.8 -1.0 -1.0 1744.6443847817447 1744.6454180117446 1745.002748941745 1744.060376521744 1747.6243966150864 1744.8871271717449 1.0 1744.8871271717449 1.0 1
345 0.125 nan 0.8 1.0 1.0 1749.1273031117491 1749.1283696717492 1749.5874237617495 1748.5249966817485 1751.2106319739778 1749.2488242917493 1.0 1749.3538471217494 -1.0 2
346 0.125 nan 0.8 1.0 1.0 1752.7573067417527 1752.7583733017527 1757.1936963917572 1752.095339611752 1758.7937226470888 1757.0743749917572 -1.0 1757.0743749917572 -1.0 1
347 0.125 nan 0.8 1.0 1.0 1760.907025021761 1760.907991591761 1767.2723217617672 1760.1340356617602 1768.8898264671939 1766.9603196317669 -1.0 1766.9603196317669 -1.0 1
348 0.25 nan 0.8 1.0 1.0 1770.4761013517705 1770.4769346017706 1775.7555066917757 1769.8276328717698 1777.3560090226774 1775.1578664617753 -1.0 1775.1578664617753 -1.0 1
349 1.0 nan 0.8 1.0 1.0 1780.02561297178 1780.02654621178 1788.7034451017887 1778.3336155217783 1790.308349503859 1788.5202967517885 -1.0 1788.5202967517885 -1.0 1
350 0.125 nan 0.8 1.0 1.0 1791.8216332517918 1791.822466501792 1795.2425911217952 1791.2525568317913 1796.8414238494581 1794.5316955517947 1.0 1795.1150372117952 -1.0 3
351 nan 1.0 0.8 -1.0 1.0 1798.8713948717989 1798.872761401799 1799.1634323317992 1797.8316321917978 1800.774571213886 1799.056776331799 1.0 1799.056776331799 1.0 1
352 0.125 nan 0.8 1.0 1.0 1802.2543565418023 1802.2554231018023 1802.8136672718028 1801.7037782718016 1804.440906480121 1802.4763343418024 -1.0 1802.7471739218029 -1.0 2
353 0.125 nan 0.8 1.0 1.0 1805.920956511806 1805.922056401806 1810.07684088181 1805.3784107718054 1811.6706798106522 1809.8042681418099 1.0 1809.8042681418099 1.0 1
354 0.25 nan 0.8 1.0 1.0 1814.1568661718143 1814.1576994218142 1814.952386611815 1812.6178867518126 1816.5705288921897 1814.7879363918148 -1.0 1814.7879363918148 -1.0 1
355 0.125 nan 0.8 1.0 1.0 1818.039911161818 1818.041011051818 1818.7553396118187 1817.4814336818174 1820.3703691359049 1818.5454939318186 -1.0 1818.5454939318186 -1.0 1
356 nan 0.0625 0.2 1.0 -1.0 1822.5232627818225 1822.5243293418225 1829.93228847183 1821.3767774418213 1832.5560949794371 1829.6277855918297 1.0 1829.6277855918297 1.0 1
357 nan 0.25 0.2 -1.0 1.0 1834.8022680918348 1834.8032346618347 1835.3213161818353 1833.4699013418335 1836.922426272608 1835.064575191835 1.0 1835.2496233518352 1.0 2
358 nan 0.0 0.2 1.0 -1.0 1838.5191297018384 1838.5205628918386 1842.092538991842 1837.8574292118378 1844.7054079408108 1841.913023611842 -1.0 1841.913023611842 -1.0 1
359 0.0625 nan 0.2 1.0 1.0 1846.2518896818463 1846.2528562518462 1852.2859862118523 1845.6604155018456 1853.884919062435 1851.8251989618518 1.0 1851.8251989618518 1.0 1
360 nan 1.0 0.2 -1.0 1.0 1855.8377643318559 1855.838797561856 1856.2878193218562 1854.867128071855 1857.9046558996818 1856.1598654518561 1.0 1856.1598654518561 1.0 1
361 nan 0.0625 0.2 -1.0 1.0 1859.4510696318596 1859.4521028618594 1860.2458568118602 1858.8726608118589 1861.8708929504076 1860.1570323618603 1.0 1860.1570323618603 1.0 1
362 nan 0.25 0.2 -1.0 1.0 1863.6175862718637 1863.6184195218636 1864.4223057918643 1862.8217991918627 1866.0205431005645 1863.7593054318638 1.0 1863.7593054318638 1.0 1
363 nan 1.0 0.2 -1.0 1.0 1867.7005446018677 1867.7014111818678 1868.3558457318684 1866.958952101867 1869.95388585576 1867.870860901868 1.0 1867.870860901868 1.0 1
364 0.125 nan 0.2 1.0 1.0 1872.083672911872 1872.0847061418722 1878.143566861878 1870.888392451871 1879.7666683702282 1877.2667212218773 1.0 1877.7954350118778 1.0 2
365 0.0625 nan 0.2 -1.0 -1.0 1881.3197158818814 1881.3206824518813 1882.6206524418826 1880.7445734018809 1885.2163246432963 1882.3591785918825 1.0 1882.5557589318826 1.0 2
366 nan 0.125 0.2 1.0 -1.0 1890.2358241818902 1890.2366241018904 1891.0782732618911 1886.1598318218862 1893.6991085457585 1890.4935650718905 1.0 1890.8968580718908 -1.0 2
367 nan 0.0625 0.2 1.0 -1.0 1895.2856191518954 1895.2866523818952 1904.8768932619048 1894.6610149518947 1907.5017569147312 1904.7188424019048 -1.0 1904.7188424019048 -1.0 1
368 0.0625 nan 0.2 1.0 1.0 1909.1649310819091 1909.165864321909 1920.2613879919202 1908.4957646719085 1921.8643163087747 1920.1460661919202 -1.0 1920.1460661919202 -1.0 1
369 nan 0.25 0.2 -1.0 1.0 1924.3003507219244 1924.3014506119243 1924.7801360719247 1922.893524751923 1926.4005700331018 1924.5695904619247 1.0 1924.7323075219247 1.0 2
370 nan 0.125 0.2 -1.0 1.0 1928.030511001928 1928.031410911928 1928.3374803019283 1927.3551785419274 1929.947109825559 1928.1898950619282 1.0 1928.1898950619282 1.0 1
371 0.25 nan 0.2 1.0 1.0 1931.983449001932 1931.984415571932 1932.4146058819324 1931.2618211719314 1934.033346556949 1932.001113901932 -1.0 1932.2975842519322 -1.0 3
372 nan 0.125 0.2 1.0 -1.0 1937.6964443119377 1937.6973775519377 1938.1633642819381 1934.962551061935 1940.779601603021 1937.985548731938 -1.0 1937.985548731938 -1.0 1
373 nan 0.25 0.2 -1.0 1.0 1942.4328706219424 1942.4336705419425 1943.4855320119434 1941.7412064619418 1945.079438646879 1943.2706535019433 1.0 1943.2706535019433 1.0 1
374 nan 0.125 0.2 -1.0 1.0 1946.7491056219467 1946.7499722019468 1947.1681637119473 1946.0441427919461 1948.7659925650014 1946.855728291947 1.0 1946.855728291947 1.0 1
375 nan 0.0625 0.2 -1.0 1.0 1950.4790992519504 1950.4799658319505 1950.7550049919507 1949.7417063319497 1952.365642716184 1950.5656239319505 1.0 1950.5656239319505 1.0 1
376 nan 0.0625 0.2 -1.0 1.0 1954.012312561954 1954.013279131954 1955.1733631119553 1953.3019502719533 1956.7789704681188 1954.2620209219542 1.0 1955.066107171955 1.0 3
377 nan 0.0625 0.2 -1.0 1.0 1958.2819188919584 1958.2829187919583 1960.3883082319603 1957.7482722619577 1962.011836148264 1960.1062364419602 1.0 1960.1062364419602 1.0 1
378 nan 0.125 0.2 -1.0 1.0 1963.5649572019636 1963.5658904419636 1963.8319305019638 1962.998047231963 1965.4314707938518 1963.7273076319636 1.0 1963.7273076319636 1.0 1
379 nan 1.0 0.2 -1.0 1.0 1967.2114591819673 1967.2125257419673 1967.4903979519675 1966.3915745119664 1969.0979049133048 1967.2083261619673 1.0 1967.4065063419673 1.0 2
380 nan 0.25 0.2 -1.0 1.0 1970.7280741519708 1970.7291740419707 1971.2364233119713 1970.0357100619701 1972.8613280761044 1970.866960261971 1.0 1971.2199249619712 1.0 3
381 nan 1.0 0.2 -1.0 1.0 1974.6143188219746 1974.6151520719745 1974.863560561975 1973.833530241974 1976.4641779733092 1974.7464722719747 1.0 1974.7464722719747 1.0 1
382 nan 0.125 0.2 -1.0 1.0 1978.2442224619783 1978.2451557019783 1978.7801022019787 1977.5367932119775 1980.3806307548093 1978.3324136419783 1.0 1978.3324136419783 1.0 1
383 nan 0.25 0.2 -1.0 1.0 1982.027210791982 1982.028110701982 1982.3664435319824 1981.4004401419813 1983.9773711741623 1982.1592642519822 1.0 1982.1592642519822 1.0 1
384 nan 0.0625 0.2 -1.0 1.0 1985.6967771319858 1985.6980770019857 1985.923187821986 1985.007679381985 1987.5303073640198 1985.7827018719859 1.0 1985.7827018719859 1.0 1
385 nan 1.0 0.2 -1.0 1.0 1989.4602007519895 1989.4610673319894 1989.7155085519898 1988.6469154219888 1991.3102322213717 1989.6224178619896 1.0 1989.6224178619896 1.0 1
386 nan 1.0 0.2 -1.0 1.0 1994.2631870719943 1994.2644202819943 1994.5939539919946 1992.4631337619926 1996.196381504062 1994.4661001119946 1.0 1994.4661001119946 1.0 1
387 nan 0.0625 0.2 -1.0 1.0 1999.5430590319995 1999.5439922719995 2004.5623570520045 1997.5228944019975 2006.1593745267992 2004.2842515320042 1.0 2004.5329933220046 1.0 2
388 nan 0.0625 0.2 -1.0 1.0 2008.162263692008 2008.1632969220082 2008.4162049620084 2007.6201845720077 2010.029030954913 2008.2570875420083 1.0 2008.2570875420083 1.0 1
389 0.25 nan 0.2 -1.0 -1.0 2011.6922773220117 2011.6932438920117 2011.964250122012 2011.009445612011 2014.5620888618143 2011.856660882012 1.0 2011.856660882012 1.0 1
390 nan 1.0 0.2 -1.0 1.0 2016.091870652016 2016.0929038820161 2016.3140817620163 2015.5115953520155 2017.9253157500468 2016.2165915120163 1.0 2016.2165915120163 1.0 1
391 nan 0.125 0.2 -1.0 1.0 2019.4616003120195 2019.4625335520195 2019.8136317720198 2018.931420002019 2021.408437930372 2019.6845446820198 1.0 2019.6845446820198 1.0 1
392 nan 0.125 0.2 -1.0 1.0 2023.061440292023 2023.062506852023 2024.1798617720242 2022.3893408420224 2025.7780930471483 2023.2568207520233 1.0 2024.1556308620243 1.0 4
393 0.0625 nan 0.2 -1.0 -1.0 2027.3414122520273 2027.3424788120274 2033.4857977520335 2026.7550042320267 2036.0939889823176 2033.2577538920332 1.0 2033.2577538920332 1.0 1
394 nan 0.0625 0.2 -1.0 1.0 2038.007478872038 2038.008412112038 2044.2128916020442 2037.4921970720375 2045.8434852104306 2044.050941132044 1.0 2044.050941132044 1.0 1
395 nan 0.0625 0.2 -1.0 1.0 2048.773335512049 2048.774368742049 2049.099636212049 2046.878891642047 2050.7067363066685 2048.865826262049 1.0 2048.865826262049 1.0 1
396 nan 0.0625 0.2 -1.0 1.0 2052.359610182052 2052.3607100720524 2052.604952312053 2051.679244892052 2054.2064845093664 2052.3949399820526 1.0 2052.6048189920525 1.0 2
397 nan 0.25 0.2 -1.0 1.0 2057.825963492058 2057.8269633920577 2058.141531932058 2055.169395842055 2059.7395345071104 2058.026243462058 1.0 2058.026243462058 1.0 1
398 nan 0.25 0.2 -1.0 1.0 2061.4426351220613 2061.4436350220612 2062.004878892062 2060.734539272061 2063.6059782121356 2061.5300597120618 1.0 2061.956417072062 1.0 3
399 nan 0.0625 0.2 -1.0 1.0 2065.1588634620653 2065.159930022065 2065.827896552066 2064.5854874720644 2067.439027216884 2065.2371223020655 1.0 2065.2371223020655 1.0 1
400 nan 0.25 0.2 -1.0 1.0 2069.025476762069 2069.0265766520693 2069.291350172069 2068.4241369020683 2070.9088528732414 2069.194926482069 1.0 2069.194926482069 1.0 1
401 1.0 nan 0.2 1.0 1.0 2075.7218737220755 2075.722873622076 2076.0905035220762 2071.9085550920718 2077.6886339725825 2075.960049902076 -1.0 2075.960049902076 -1.0 1
402 1.0 nan 0.2 1.0 1.0 2079.2748850520793 2079.2758516220792 2080.13196600208 2078.6849440520787 2081.7549682940025 2079.4661325920797 1.0 2080.1221336520803 -1.0 2
403 nan 0.0 0.2 -1.0 1.0 2083.3579100420834 2083.3588432820834 2083.6125845720835 2082.737472092083 2085.22471073325 2083.4992292420834 1.0 2083.4992292420834 1.0 1
404 nan 1.0 0.2 -1.0 1.0 2086.8545270120867 2086.8554602520867 2087.6547136520876 2086.2358222220864 2089.2710517118535 2087.074538342087 1.0 2087.6239833920877 1.0 2
405 nan 1.0 0.2 -1.0 1.0 2090.8074650120907 2090.808464912091 2091.139665122091 2090.22095700209 2092.754194631509 2090.916720752091 1.0 2090.916720752091 1.0 1
406 nan 0.125 0.2 -1.0 1.0 2095.4738316620956 2095.4747649020956 2095.724006642096 2093.7396051020937 2097.320839085644 2095.5631227320955 1.0 2095.5631227320955 1.0 1
407 nan 1.0 0.2 -1.0 1.0 2098.8738249620988 2098.8747582020987 2099.065839092099 2098.3410449120984 2100.6734729018817 2098.966682342099 1.0 2098.966682342099 1.0 1
408 nan 0.25 0.2 -1.0 1.0 2102.3703752721026 2102.3713751721025 2102.921186852103 2101.6525803921018 2104.5202197713074 2102.5274928921026 1.0 2102.871225182103 1.0 3
409 nan 0.25 0.2 -1.0 1.0 2108.5564232721085 2108.5573565121085 2108.939251652109 2105.4977291721057 2110.5366845530693 2108.801532092109 1.0 2108.801532092109 1.0 1
410 nan 0.0625 0.2 -1.0 1.0 2112.322746602112 2112.323679842112 2112.7469041821128 2111.5360919421114 2114.3531061011718 2112.4598995521123 1.0 2112.7444377621127 1.0 2
411 nan 1.0 0.2 -1.0 1.0 2115.972781562116 2115.973648142116 2116.2418213221163 2115.3833071821155 2117.8359456805965 2116.057473092116 1.0 2116.057473092116 1.0 1
412 nan 1.0 0.2 -1.0 1.0 2122.255586552122 2122.2566197821225 2122.672578182123 2118.877257752119 2124.2691088920237 2122.5355585521224 1.0 2122.5355585521224 1.0 1
413 nan 1.0 0.2 -1.0 1.0 2126.105368202126 2126.106268112126 2126.3461441221266 2125.3029151221253 2127.9519458030827 2126.2173903321263 1.0 2126.2173903321263 1.0 1
414 nan 0.125 0.2 -1.0 1.0 2129.5717881921296 2129.5729214121297 2129.86635873213 2128.924152962129 2131.4851890973764 2129.7062414121297 1.0 2129.7062414121297 1.0 1
415 nan 0.125 0.2 -1.0 1.0 2133.1883931621333 2133.1895597121334 2133.5192934021334 2132.4655987821325 2135.138327622417 2133.3982055121332 1.0 2133.3982055121332 1.0 1
416 nan 0.0 0.2 -1.0 1.0 2136.801531812137 2136.802531712137 2137.3881398121375 2136.112634042136 2138.9881709881224 2137.076637632137 1.0 2137.3281791421373 1.0 2
417 0.25 nan 0.2 1.0 1.0 2140.5346584621407 2140.5358583421407 2141.4789973521415 2139.98807979214 2143.1045191407316 2140.6119840621404 1.0 2141.1828269721414 1.0 2
418 nan 1.0 0.2 -1.0 1.0 2145.651113432146 2145.6521466621457 2146.225222682146 2144.166928532144 2147.8344561684867 2145.927652442146 1.0 2146.2095575821463 1.0 2
419 nan 0.0 0.2 1.0 -1.0 2149.5206931021494 2149.5217929921496 2157.3324451821572 2148.8517600021487 2159.9337762425876 2157.024542642157 1.0 2157.024542642157 1.0 1
420 nan 0.0 0.2 1.0 -1.0 2161.5700547121614 2161.571054612162 2162.3490768021625 2160.938784512161 2164.969841129237 2161.7632687221617 1.0 2161.7632687221617 1.0 1
421 nan 0.0 0.2 1.0 -1.0 2166.633048362167 2166.6340482621667 2171.082336722171 2165.937651242166 2173.682834660693 2170.956649292171 -1.0 2170.956649292171 -1.0 1
422 1.0 nan 0.2 1.0 1.0 2175.3025479921753 2175.3036478821755 2175.6363479421757 2174.6942421621748 2177.2358625529755 2175.5453903721755 -1.0 2175.5453903721755 -1.0 1
423 nan 0.125 0.2 -1.0 1.0 2179.2990816321794 2179.2999482121795 2179.75750245218 2178.7646684121787 2181.38559763707 2179.6616453721795 1.0 2179.6616453721795 1.0 1
424 0.0625 nan 0.8 1.0 1.0 2182.932118292183 2182.9332848421827 2183.4674314221834 2182.4005047921823 2185.082351582895 2182.845526952183 1.0 2183.2064908521834 -1.0 2
425 0.125 nan 0.8 -1.0 -1.0 2186.868457952187 2186.869257872187 2187.2512530021872 2186.125265612186 2189.8486896737863 2187.070204442187 1.0 2187.070204442187 1.0 1
426 0.125 nan 0.8 1.0 1.0 2191.5180929421917 2191.5188928621915 2192.289515792192 2190.8691911721908 2193.9151385590485 2191.893555392192 -1.0 2192.158695542192 -1.0 3
427 nan 1.0 0.8 -1.0 1.0 2195.7181062321956 2195.719206122196 2196.073270712196 2194.941950522195 2197.69827175844 2195.828328542196 1.0 2195.828328542196 1.0 1
428 0.25 nan 0.8 1.0 1.0 2199.3513095421995 2199.3521761221996 2199.8499930022 2198.6933753421986 2201.447919916543 2199.6960084022 -1.0 2199.6960084022 -1.0 1
429 0.25 nan 0.8 -1.0 -1.0 2203.3508762122033 2203.351876112203 2203.7531693122037 2202.4700309722025 2206.364269643626 2203.5943851922034 1.0 2203.5943851922034 1.0 1
430 0.0625 nan 0.8 -1.0 -1.0 2208.900654512209 2208.901454432209 2209.1051340622093 2207.3553757222076 2211.7306265469215 2209.001144462209 1.0 2209.001144462209 1.0 1
431 0.0 nan 0.8 1.0 1.0 2213.4834961822135 2213.4844294222135 2229.081002942229 2212.774833722213 2230.679528404145 2228.969614082229 -1.0 2228.969614082229 -1.0 1
432 0.25 nan 0.8 1.0 1.0 2232.5158594222326 2232.5169926422327 2232.987645572233 2231.7423367822316 2234.5960676151944 2232.7773332722327 -1.0 2232.7773332722327 -1.0 1
433 0.25 nan 0.8 1.0 1.0 2236.4323344022364 2236.4333009722363 2237.4356007322376 2235.702874022236 2239.0487988282357 2237.265151112237 -1.0 2237.265151112237 -1.0 1
434 0.0625 nan 0.8 1.0 1.0 2240.878889702241 2240.8799562622407 2241.3580417822413 2240.08360257224 2242.9654391525587 2240.977179872241 1.0 2241.127364852241 -1.0 2
435 0.0 nan 0.8 1.0 1.0 2244.5620546822447 2244.5632545622448 2252.094534692252 2243.964347792244 2253.6947632915035 2251.7709670522518 1.0 2251.7709670522518 1.0 1
436 nan 0.125 0.8 -1.0 1.0 2256.014475992256 2256.0155092222562 2257.031574272257 2254.719772142255 2258.644606887377 2256.2896151422565 1.0 2256.926318132257 1.0 2
437 0.25 nan 0.8 1.0 1.0 2260.33107762226 2260.3321775122604 2260.7789328322606 2259.6652108822595 2262.377658589212 2260.4171690122603 1.0 2260.6650775522608 -1.0 2
438 0.0 nan 0.8 1.0 1.0 2264.0639043022643 2264.064804212264 2265.126664682265 2263.3968710122635 2266.72749613205 2264.161394552264 1.0 2264.778699482265 -1.0 3
439 0.0625 nan 0.8 -1.0 -1.0 2269.4638642522696 2269.4647641622696 2270.00277702227 2267.7725000722676 2272.6304418828104 2269.71247272227 1.0 2269.71247272227 1.0 1
440 0.0 nan 0.8 -1.0 -1.0 2274.260317892274 2274.2617510822743 2277.3200452222773 2273.6367469222737 2279.926740284923 2276.988545042277 1.0 2277.2554850122774 1.0 2
441 1.0 nan 0.8 1.0 1.0 2281.5796192222815 2281.5806857822818 2282.1288642922823 2280.922651592281 2283.74306615402 2281.856391542282 -1.0 2281.954448402282 -1.0 2
442 nan 1.0 0.8 -1.0 1.0 2285.2960808722855 2285.2970141122855 2285.8106960722857 2284.764767342285 2287.429517031868 2285.4696301822855 1.0 2285.800130462286 1.0 2
443 0.0625 nan 0.8 1.0 1.0 2289.159427832289 2289.160327742289 2289.7990305322896 2288.4517319422885 2291.4093610221685 2289.5865517822895 -1.0 2289.5865517822895 -1.0 1
444 0.0625 nan 0.8 1.0 1.0 2293.012275842293 2293.013275742293 2302.206656312302 2292.4459658122923 2303.80847838491 2301.842959352302 -1.0 2302.135796732302 -1.0 2
445 nan 0.0 0.8 1.0 -1.0 2305.694874122306 2305.695874022306 2307.5368565723074 2304.909486002305 2310.1449497957988 2307.212355692307 1.0 2307.212355692307 1.0 1
446 0.125 nan 0.8 1.0 1.0 2311.974746072312 2311.975512662312 2312.4346667423124 2311.180658822311 2314.0444937329466 2312.325411002312 -1.0 2312.325411002312 -1.0 1
447 0.0625 nan 0.8 1.0 1.0 2315.807762732316 2315.8088292923157 2316.590917742317 2315.079202262315 2318.194320698166 2316.150495122316 1.0 2316.150495122316 1.0 1
448 0.25 nan 0.8 1.0 1.0 2319.95758104232 2319.95844762232 2320.5070594223207 2319.220221452319 2322.1241775744743 2320.25461800232 1.0 2320.25461800232 1.0 1
449 1.0 nan 0.8 1.0 1.0 2323.7439023723236 2323.7447689523237 2324.236686422324 2323.1648936123233 2325.857217506056 2323.845458882324 1.0 2324.1221645423243 -1.0 3
450 1.0 nan 0.8 1.0 1.0 2328.4102023623286 2328.4110689423283 2330.4455654723306 2326.889321132327 2332.060261789588 2328.4955938223284 1.0 2330.3784721823304 -1.0 5
451 0.125 nan 0.8 1.0 1.0 2333.756834312334 2333.757734222334 2349.0347397023493 2333.102866382333 2350.6559657830253 2348.668742972349 -1.0 2348.668742972349 -1.0 1
452 1.0 nan 0.8 1.0 1.0 2352.3422089223523 2352.3432754823525 2352.7069724423527 2351.6881743323515 2354.3087030229963 2352.4690629023526 -1.0 2352.4690629023526 -1.0 1
453 0.25 nan 0.8 1.0 1.0 2355.922184222356 2355.923250782356 2356.5596204723565 2355.3307100423553 2358.15873540897 2356.2820149023564 1.0 2356.2820149023564 1.0 1
454 1.0 nan 0.8 1.0 1.0 2360.3551742123605 2360.3562074423603 2360.7894641123607 2359.6549442423598 2362.3916866456725 2360.4966600623607 -1.0 2360.4966600623607 -1.0 1
455 0.25 nan 0.8 1.0 1.0 2363.971812512364 2363.972879072364 2364.5050258523647 2363.4546975623634 2366.124738639886 2364.222554102364 -1.0 2364.4863943823643 -1.0 2
456 0.0 nan 0.8 -1.0 -1.0 2370.0544708523703 2370.05550408237 2370.4534976123705 2367.2468516423673 2373.0544974244954 2370.16545975237 1.0 2370.2249538023702 1.0 2
457 1.0 nan 0.8 1.0 1.0 2374.6075821623745 2374.6084487423745 2375.2119217223753 2374.076401952374 2376.8409404048743 2374.953880862375 1.0 2374.953880862375 1.0 1
458 nan 0.0625 0.8 1.0 -1.0 2378.6374791323788 2378.6384123723788 2379.278748332379 2377.916851202378 2381.887380097139 2378.8832878823787 1.0 2378.8832878823787 1.0 1
459 0.25 nan 0.8 1.0 1.0 2383.6403121323838 2383.6413786923836 2384.3019126323843 2382.923183852383 2385.9204311800227 2383.866756152384 -1.0 2384.174692022384 -1.0 2
460 nan 0.125 0.8 -1.0 1.0 2387.6568437723877 2387.6577103523878 2388.205155602388 2386.988243972387 2389.8033792579736 2387.981311322388 1.0 2388.167226062388 1.0 2
461 nan 0.25 0.2 -1.0 1.0 2391.4066020923915 2391.4076686523913 2392.020107402392 2390.875388552391 2393.623323909772 2391.7080052823917 1.0 2391.895086572392 1.0 2
462 nan 0.0625 0.2 -1.0 1.0 2395.4864274023953 2395.4872939823954 2404.657543532405 2394.764532932395 2406.2692339343093 2404.209288362404 -1.0 2404.594649822405 1.0 2
463 nan 0.25 0.2 -1.0 1.0 2407.888887032408 2407.889886932408 2408.234752442408 2407.3572402024074 2409.852172795148 2408.1382620924082 1.0 2408.1382620924082 1.0 1
464 0.25 nan 0.2 1.0 1.0 2411.5384887024115 2411.5395219324114 2412.6231135624125 2410.932782612411 2414.25533739258 2411.805295352412 -1.0 2412.284280782412 -1.0 3
465 nan 0.25 0.2 -1.0 1.0 2415.8185939824157 2415.8194938924157 2416.091733332416 2415.2582500224153 2417.705265730292 2416.007475092416 1.0 2416.007475092416 1.0 1
466 nan 0.25 0.2 -1.0 1.0 2419.284980642419 2419.2861471924193 2419.6701754524197 2418.7435681224188 2421.2884031016656 2419.4343323724192 1.0 2419.6652759424196 1.0 2
467 0.125 nan 0.2 1.0 1.0 2426.851290602427 2426.8524238224268 2427.6243799524277 2422.2967127724223 2429.2378986952385 2427.187257002427 1.0 2427.5629194324274 -1.0 2
468 nan 0.125 0.2 -1.0 1.0 2430.967812242431 2430.968745482431 2431.2849138624315 2430.3459077724306 2432.8844177295746 2431.187290292431 1.0 2431.187290292431 1.0 1
469 nan 0.0 0.2 1.0 -1.0 2434.5041585724343 2434.5050584824344 2435.4640292424356 2433.914417552434 2438.084183518369 2434.7961627024347 1.0 2435.252050442435 -1.0 2
470 0.25 nan 0.2 1.0 1.0 2439.6370452324395 2439.6380118024395 2440.5332889324404 2439.1267962624393 2442.1339186631067 2440.12962930244 -1.0 2440.4974925124407 -1.0 2
471 nan 0.125 0.2 -1.0 1.0 2443.970278532444 2443.971311762444 2447.6442777624475 2443.1971225224434 2449.269892031081 2446.159192952446 1.0 2447.5299225324475 1.0 4
472 0.125 nan 0.2 -1.0 -1.0 2451.149893832451 2451.151260362451 2451.5229231924513 2450.4068014824506 2454.149735186638 2451.4094678724514 1.0 2451.4094678724514 1.0 1
473 nan 0.25 0.2 -1.0 1.0 2455.986243482456 2455.987243382456 2456.6411779824566 2455.3353419124555 2458.2662940260757 2456.3375750124565 1.0 2456.6073147024567 1.0 2
474 nan 1.0 0.2 -1.0 1.0 2459.85269013246 2459.85355671246 2460.21602046246 2459.331908882459 2461.8160275785535 2460.01587381246 1.0 2460.01587381246 1.0 1
475 nan 0.25 0.2 -1.0 1.0 2466.2688817824665 2466.2698483524664 2466.5793840624665 2463.0938326524633 2468.1855007928884 2466.4678618824664 1.0 2466.4678618824664 1.0 1
476 1.0 nan 0.2 1.0 1.0 2469.8488904124697 2469.8498236524697 2470.839824642471 2469.2993120424694 2472.4488459423337 2470.1218297824703 -1.0 2470.1218297824703 -1.0 1
477 nan 0.125 0.2 -1.0 1.0 2474.3349417624745 2474.335808342474 2474.7377681424746 2473.5486537324737 2476.351689911456 2474.6106475224747 1.0 2474.6106475224747 1.0 1
478 0.25 nan 0.2 1.0 1.0 2477.998242062478 2477.999108642478 2478.6164135724785 2477.4353983524775 2480.2182150168574 2478.143960822478 1.0 2478.143960822478 1.0 1
479 nan 0.25 0.2 -1.0 1.0 2481.864855362482 2481.8657552724817 2482.205821262482 2481.247817072481 2483.8179639050436 2482.1147970324823 1.0 2482.1147970324823 1.0 1
480 nan 0.0625 0.2 -1.0 1.0 2485.5645853524857 2485.5657185724854 2488.775897522489 2484.949480202485 2490.3810206019266 2488.6467771024886 1.0 2488.6467771024886 1.0 1
481 nan 0.0625 0.2 -1.0 1.0 2492.1840566724923 2492.185023242492 2496.2178865824962 2491.4979252924913 2497.8339061241513 2496.093232382496 1.0 2496.093232382496 1.0 1
482 nan 0.0625 0.2 -1.0 1.0 2499.5804502925 2499.5813168724994 2500.0762340425 2498.918916452499 2501.683753131545 2499.9336483025 1.0 2499.9336483025 1.0 1
483 nan 1.0 0.2 -1.0 1.0 2503.3468069525034 2503.3476068725035 2503.6264456525037 2502.793862252503 2505.2333731309545 2503.4977918525037 1.0 2503.4977918525037 1.0 1
484 nan 0.0 0.2 -1.0 1.0 2506.996708592507 2506.997575172507 2507.3332082725074 2506.3454737225065 2508.946623312598 2507.2117204225074 1.0 2507.2117204225074 1.0 1
485 nan 1.0 0.2 -1.0 1.0 2510.6163132625106 2510.6172465025106 2511.0268388725112 2510.02023954251 2512.6329627246723 2510.7158699725105 1.0 2510.7158699725105 1.0 1
486 nan 0.25 0.2 -1.0 1.0 2514.3295085725144 2514.3305418025143 2515.3223759425155 2513.733068222514 2516.9327981332663 2514.601681352515 1.0 2515.1557926025152 1.0 2
487 0.25 nan 0.2 1.0 1.0 2518.629311882519 2518.630178462519 2522.585649542523 2518.037304422518 2524.1989676248154 2522.080933352522 1.0 2522.3630051425225 -1.0 2
488 0.0625 nan 0.2 -1.0 -1.0 2525.928881852526 2525.929815092526 2526.4774603225264 2525.3245756225256 2529.0789167627113 2526.323942342526 1.0 2526.323942342526 1.0 1
489 nan 0.0 0.2 1.0 -1.0 2530.781896502531 2530.782763082531 2550.10199763255 2530.16562480253 2552.7139829581597 2549.7484329925496 1.0 2549.7484329925496 1.0 1
490 nan 0.0625 0.2 1.0 -1.0 2554.5439533925546 2554.5449532925545 2603.4899916326035 2553.819892472554 2606.094228876965 2602.781695802603 1.0 2603.322875012603 -1.0 2
491 nan 1.0 0.2 -1.0 1.0 2611.7905281626117 2611.791594722612 2612.154991712612 2607.3521387126075 2613.7604132901033 2611.991708042612 1.0 2611.991708042612 1.0 1
492 nan 1.0 0.2 -1.0 1.0 2615.4070331426155 2615.4079330526156 2615.996540852616 2614.847522432615 2617.606859422321 2615.5545850526155 1.0 2615.885751932616 1.0 3
493 nan 1.0 0.2 -1.0 1.0 2619.4766261426194 2619.4775593826193 2619.97487631262 2618.705269952619 2621.60679984278 2619.6223449026197 1.0 2619.8114259926197 1.0 2
494 nan 1.0 0.2 -1.0 1.0 2627.8762194326277 2627.8771860026277 2628.198853832628 2622.6707067026227 2629.809477974375 2628.0147055826283 1.0 2628.0147055826283 1.0 1
495 nan 0.0 0.2 1.0 -1.0 2634.905883062635 2634.906782972635 2644.5467188826447 2630.894884202631 2647.1750638347007 2644.140459512644 1.0 2644.330440512644 -1.0 2
496 0.0625 nan 0.8 -1.0 -1.0 2649.0883646726493 2649.089397902649 2689.5160881626894 2648.3343734126483 2692.1359319897338 2689.364336672689 1.0 2689.364336672689 1.0 1
497 0.0625 nan 0.8 1.0 1.0 2693.972275832694 2693.973375722694 2729.81422461273 2693.3178412826933 2731.436857326108 2729.4256968027294 1.0 2729.76212982273 -1.0 3
498 nan 1.0 0.8 -1.0 1.0 2734.866685982735 2734.867785872735 2735.525886722736 2732.7119681427325 2737.1498988290405 2735.014404542735 1.0 2735.4847908327356 1.0 3
499 0.125 nan 0.8 1.0 1.0 2739.003005642739 2739.0041055327392 2740.26354624274 2738.3591033727384 2741.869559466052 2739.1543905027393 -1.0 2740.16775582274 -1.0 2
500 0.0 nan 0.8 -1.0 -1.0 2744.916014282745 2744.917047512745 2747.324373422747 2742.991373432743 2749.932528899383 2745.1767882027452 1.0 2747.282844242747 1.0 4
501 0.125 nan 0.8 -1.0 -1.0 2751.7189672527516 2751.720033812752 2752.6550069727527 2751.0482343327512 2755.282186210536 2751.996706142752 1.0 2752.4615263227524 1.0 2
502 0.0625 nan 0.8 -1.0 -1.0 2757.001838912757 2757.0030387927573 2757.764329322758 2756.4381952827566 2760.3653533330717 2757.3859671627574 1.0 2757.3859671627574 1.0 1
503 nan 0.0 0.8 1.0 -1.0 2762.068398872762 2762.069298782762 2766.105595112766 2761.4188638327614 2768.7180425395754 2762.889650072763 1.0 2765.894982842766 -1.0 2
504 1.0 nan 0.8 1.0 1.0 2770.6311758427705 2770.6322424027708 2793.974107982794 2769.87435153277 2795.583111156488 2793.794992562794 -1.0 2793.794992562794 -1.0 1
505 0.0 nan 0.8 0.0 -1.0 2799.6295757127996 2799.6304089627997 2859.6320748628596 2796.846020762797 2862.131225867555 nan 0.0 nan 0.0 0
506 1.0 nan 0.8 1.0 1.0 2863.4789901328636 2864.160055352864 2865.019436072865 2863.362735092863 2866.6422569702627 2864.876250392865 -1.0 2864.876250392865 -1.0 1
507 nan 0.0 0.8 -1.0 1.0 2868.4119301228684 2868.4130300128686 2869.9304782528698 2867.778260162868 2871.561994828485 2869.2061840228694 1.0 2869.83495447287 1.0 3
508 0.0625 nan 0.8 1.0 1.0 2873.925178742874 2873.926011992874 2876.366267942876 2872.696501622873 2877.9915796180394 2873.805857342874 -1.0 2876.3223723328765 -1.0 4
509 1.0 nan 0.8 1.0 1.0 2879.79475839288 2879.79562497288 2880.3963982228806 2879.119492592879 2882.0080228488296 2880.05433243288 -1.0 2880.3618683428804 -1.0 2
510 0.25 nan 0.8 1.0 1.0 2883.711200042884 2883.7122666028836 2884.031834642884 2883.078829952883 2885.641257050324 2883.854919002884 -1.0 2883.854919002884 -1.0 1
511 0.25 nan 0.8 1.0 1.0 2887.3609350328875 2887.3619016028874 2888.178286622888 2886.734664332887 2889.7910040126335 2887.5380173228878 -1.0 2887.745263262888 -1.0 2
512 1.0 nan 0.8 1.0 1.0 2891.5108200028917 2891.5118865628915 2892.028534892892 2890.900914332891 2893.640851611029 2891.7247319428916 -1.0 2891.7247319428916 -1.0 1
513 0.0 nan 0.8 1.0 1.0 2895.3105066628955 2895.3115065628954 2896.748162882897 2894.7520625128946 2898.374005205296 2895.4488928228957 -1.0 2896.4053638328965 1.0 4
514 0.0625 nan 0.8 1.0 1.0 2900.1600216629004 2900.1612215429 2956.031700602956 2899.5582151828994 2957.637026877681 2955.846585782956 -1.0 2955.846585782956 -1.0 1
515 1.0 nan 0.8 1.0 1.0 2962.6566047129627 2962.657437962963 2972.963973872973 2958.999437132959 2974.569388279946 2972.760960842973 -1.0 2972.760960842973 -1.0 1
516 0.0 nan 0.8 1.0 1.0 2976.4223613329764 2976.4233279029763 2976.832920272977 2975.738396402976 2978.472132259714 2976.5599475729764 -1.0 2976.756327932977 -1.0 2
517 1.0 nan 0.8 1.0 1.0 2980.25237829298 2980.25331153298 2980.5225512729808 2979.6064428929794 2982.1356698210025 2980.2955406429805 1.0 2980.2955406429805 1.0 1
518 0.0625 nan 0.8 0.0 -1.0 2989.321571282989 2989.3226045129895 3049.3243037430493 2983.8693832229837 3051.823412044242 nan 0.0 nan 0.0 0
519 0.25 nan 0.8 0.0 -1.0 3056.3812313130566 3056.3822312130565 3116.3838637831163 3053.1312230130534 3118.883106067466 nan 0.0 nan 0.0 0
520 1.0 nan 0.8 1.0 1.0 3120.2942060431205 3120.731495643121 3121.1985156031215 3120.1889165731204 3122.8107349440597 3120.870715053121 -1.0 3121.1353552531214 -1.0 2
521 1.0 nan 0.8 1.0 1.0 3125.046964053125 3125.047797303125 3125.4666554131254 3123.967038723124 3127.080194575733 3125.1849835831254 -1.0 3125.3645989531256 -1.0 2
522 1.0 nan 0.8 1.0 1.0 3128.910311013129 3128.911444233129 3129.3627990931295 3128.241011283128 3130.977023877303 3129.150120363129 -1.0 3129.150120363129 -1.0 1
523 0.125 nan 0.8 1.0 1.0 3132.779957343133 3132.7810905631327 3133.2730413631334 3132.1051248331323 3134.9129554726906 3133.009767693133 1.0 3133.009767693133 1.0 1
524 nan 0.125 0.8 1.0 -1.0 3136.859749323137 3136.8607492231367 3138.0760610131383 3136.049763663136 3140.696239290138 3137.003368293137 -1.0 3137.8133872831377 -1.0 5
525 0.0 nan 0.8 1.0 1.0 3142.376164293142 3142.3770642031423 3143.4514567531437 3141.814753773142 3145.062575719276 3142.7123973331427 1.0 3142.7123973331427 1.0 1
526 1.0 nan 0.8 1.0 1.0 3147.025865943147 3147.026699193147 3147.824719383148 3146.223779493146 3149.44252746518 3147.296272233147 1.0 3147.5532132031476 -1.0 2
527 0.0 nan 0.8 1.0 1.0 3151.762192263152 3151.7629921831517 3164.3027714131645 3150.610440783151 3165.9113842939255 3164.1249891931643 -1.0 3164.1249891931643 -1.0 1
528 nan 0.25 0.8 -1.0 1.0 3167.7414275131678 3167.742560733168 3168.4157267431683 3167.0949921631673 3170.024740130754 3168.2916391531685 1.0 3168.2916391531685 1.0 1
529 1.0 nan 0.8 1.0 1.0 3171.7276288531716 3171.7285287631717 3172.2527763331723 3171.1523530531713 3173.8410700632594 3172.065861693172 -1.0 3172.065861693172 -1.0 1
530 0.25 nan 0.8 1.0 1.0 3175.6272388531756 3175.6285053931756 3176.4989183431767 3174.967371513175 3178.1104255058735 3176.1570858631762 -1.0 3176.1570858631762 -1.0 1
531 0.0 nan 0.8 0.0 -1.0 3179.77395747318 3179.7748240531796 3239.77648995324 3179.269041303179 3242.2757065781275 nan 0.0 nan 0.0 0
532 nan 0.25 0.8 -1.0 1.0 3243.6066735632435 3244.1877821132443 3245.104523763245 3243.5101165532437 3246.686945313894 3244.834750743245 1.0 3244.834750743245 1.0 1
533 1.0 nan 0.8 0.0 -1.0 3249.8064535232497 3249.8074200932497 3309.80905266331 3247.826351553248 3312.308230475333 nan 0.0 nan 0.0 0
534 0.125 nan 0.8 0.0 -1.0 3313.6328369133134 3314.3700298533145 3374.3716624233743 3313.6016400333137 3376.8708129238635 nan 0.0 nan 0.0 0
535 1.0 nan 0.8 1.0 1.0 3378.198979653378 3378.846981513379 3379.6157379633796 3378.099522933378 3381.1955510414627 3379.3887606633793 -1.0 3379.3887606633793 -1.0 1
536 0.25 nan 0.8 1.0 1.0 3383.4484879833835 3383.4496212033837 3395.257007013395 3382.4286566433825 3396.847831207695 3395.000732643395 -1.0 3395.000732643395 -1.0 1
537 1.0 nan 0.8 1.0 1.0 3399.161283213399 3399.162216453399 3399.6116381733996 3398.513248023399 3401.1945719334162 3399.4100583333993 -1.0 3399.4100583333993 -1.0 1
538 1.0 nan 0.8 1.0 1.0 3403.047427893403 3403.048527783403 3403.3942932034033 3402.5466779734024 3404.9776016695187 3403.1495176834032 -1.0 3403.1495176834032 -1.0 1
539 1.0 nan 0.8 1.0 1.0 3406.947137883407 3406.948171113407 3407.4785180734075 3406.2325093534064 3409.0607550705136 3407.3232336034075 -1.0 3407.3232336034075 -1.0 1
540 nan 1.0 0.8 -1.0 1.0 3411.2802711934114 3411.2811377734115 3411.926173263412 3410.2864705834104 3413.5271127993747 3411.251940693411 -1.0 3411.4833842134117 1.0 2
541 nan 0.25 0.8 -1.0 1.0 3415.6632328534156 3415.6641327634156 3416.1381186934163 3414.746324553415 3417.7301381057096 3415.736725503416 1.0 3416.001432363416 1.0 2
542 nan 0.0 0.8 -1.0 1.0 3419.4264564934197 3419.4274230634196 3419.84564790342 3418.931239353419 3421.4432876622695 3419.69559624342 1.0 3419.69559624342 1.0 1
543 0.25 nan 0.8 -1.0 -1.0 3423.3295661434236 3423.3303993934232 3424.5660758134245 3422.602105563423 3427.142956982789 3424.4376553234247 1.0 3424.4376553234247 1.0 1
544 1.0 nan 0.8 1.0 1.0 3429.0292294534293 3429.030062703429 3433.027496253433 3428.3246665834286 3434.625931234752 3432.7210602334326 -1.0 3432.9261063934327 -1.0 2
545 0.25 nan 0.8 1.0 1.0 3436.4788844134364 3436.4800176334365 3445.165315683445 3435.914640843436 3446.7417593203345 3444.869778573445 -1.0 3445.101522063445 -1.0 2
546 1.0 nan 0.8 1.0 1.0 3448.4781510334487 3448.4789842834484 3449.1527835634492 3447.961869333448 3450.7580875085064 3448.919006943449 -1.0 3448.919006943449 -1.0 1
547 0.0625 nan 0.8 1.0 1.0 3453.061292673453 3453.062259243453 3454.2646389934544 3452.3878933534525 3455.844547186509 3453.7113276634536 1.0 3454.073991393454 -1.0 3
548 0.125 nan 0.8 1.0 1.0 3457.5576763234576 3457.5585762334576 3464.0630257234643 3457.037061723457 3465.640545631884 3463.5319455034637 1.0 3463.831748853464 -1.0 2
549 0.0625 nan 0.8 0.0 -1.0 3467.4103909534674 3467.4115241734676 3527.4131567435275 3466.785953403467 3529.9123322497567 nan 0.0 nan 0.0 0
550 nan 0.25 0.2 0.0 -1.0 3531.3232990235315 3531.787819233532 3591.789451803592 3531.2241422735315 3594.288588618167 nan 0.0 nan 0.0 0
551 nan 0.0 0.2 0.0 -1.0 3595.752655443596 3596.2171089935964 3656.2187748936562 3595.6457994635957 3658.717880957348 3615.651532023616 -1.0 3616.4753829636165 1.0 2
552 nan 0.25 0.2 0.0 -1.0 3660.1658134836603 3660.846745383661 3720.848411283721 3660.04499223366 3723.3475536948868 nan 0.0 nan 0.0 0
553 nan 0.125 0.2 1.0 -1.0 3724.742088543725 3725.4130547737254 3726.830712993727 3724.642365183725 3729.4251247362263 3725.5769050537256 -1.0 3726.7776516337267 -1.0 5
554 0.0625 nan 0.2 1.0 1.0 3731.2449715237312 3731.246004753731 3738.1018191037383 3730.6147345537306 3739.711131028915 3737.701759113738 -1.0 3737.947134573738 -1.0 2
555 0.25 nan 0.2 1.0 1.0 3741.4746151237414 3741.4756150237417 3741.843644883742 3740.891040153741 3743.457880534963 3741.6832942537417 -1.0 3741.6832942537417 -1.0 1
556 0.25 nan 0.2 1.0 1.0 3746.2605031537464 3746.261569713746 3747.021093753747 3744.6731952337445 3748.627339964302 3746.4183540337463 -1.0 3746.754487083747 -1.0 3
557 0.25 nan 0.2 0.0 -1.0 3750.5072784337503 3750.5082116737503 3810.5098442438107 3749.79844932375 3813.0090210194685 nan 0.0 nan 0.0 0
558 nan 0.0 0.2 0.0 -1.0 3814.4201531738145 3814.8408444338147 3874.842477003875 3814.301631693814 3877.3416844927388 nan 0.0 nan 0.0 0
559 0.125 nan 0.2 1.0 1.0 3878.783149563879 3879.187109163879 3882.7960482338826 3878.6611950938786 3884.402757276268 3882.6094335638827 -1.0 3882.6094335638827 -1.0 1
