KS051 0a018f12-ee06-4b11-97aa-bbbff5448e9f cortexlab 2021-05-11 _iblrig_tasks_ephysChoiceWorld6.4.2 M 238 478
0 1.0 nan 0.5 1.0 1.0 124.50411992518784 124.50505317147046 125.96928325870802 114.72706523578455 127.5228943508105 125.80663176373365 -1.0 125.80663176373365 -1.0 1
1 nan 0.125 0.5 1.0 -1.0 128.69059608866147 128.6916626558416 133.5266449950768 127.96849677746887 136.0721894616834 133.36299359337102 -1.0 133.36299359337102 -1.0 1
2 0.25 nan 0.5 1.0 1.0 137.07278088776195 137.07361414337146 137.68902340632368 136.58359318453677 139.25743311424523 137.51620619291342 -1.0 137.51620619291342 -1.0 1
3 nan 1.0 0.5 -1.0 1.0 142.28909432412865 142.2898942495138 142.94756623697984 139.6869370463337 144.5071752519773 142.53967095101746 1.0 142.7940472234856 1.0 2
4 0.0 nan 0.5 1.0 1.0 145.52112618225675 145.5222260796613 145.99658183303737 144.96767780642693 147.57382147103917 145.64208156653174 -1.0 145.90569031115314 -1.0 2
5 nan 0.0 0.5 1.0 -1.0 149.00510120647323 149.00620110387777 149.3275044669009 148.016826723382 151.90575047604796 149.20461592961186 -1.0 149.20461592961186 -1.0 1
6 nan 1.0 0.5 -1.0 1.0 153.59040683487785 153.59147340205803 154.68407148745862 152.39965123867816 156.25671115823278 153.75659133363652 1.0 154.5776480810133 1.0 2
7 nan 0.125 0.5 -1.0 1.0 158.07215545613386 158.0731220326409 158.90921071121306 156.7089159487677 160.48965298272392 158.00849472756806 1.0 158.85288263201087 1.0 3
8 1.0 nan 0.5 1.0 1.0 161.65688774865106 161.65775433448493 161.9450608686405 160.93475510723408 163.52397087879825 161.8088069113751 -1.0 161.8088069113751 -1.0 1
9 nan 0.125 0.5 -1.0 1.0 164.47242512292675 164.47339169943376 165.41720366320206 163.9774712908838 166.98970608879657 164.38110030812555 1.0 165.0176409333347 1.0 2
10 nan 0.25 0.5 -1.0 1.0 168.32219935971366 168.32336591756695 168.729128069169 167.49750961787944 170.30633662168893 168.36472872602252 1.0 168.54084563164642 1.0 2
11 0.0 nan 0.5 -1.0 -1.0 173.5539780201927 173.55497792692407 174.08596173152176 170.76133851006605 176.65670790226375 173.7281951030269 1.0 173.95337409893816 1.0 3
12 0.0 nan 0.5 -1.0 -1.0 178.40599210408604 178.40692535036868 179.14858950327232 177.11791225269675 181.72056921355187 178.67783341412928 1.0 178.963840069534 1.0 2
13 1.0 nan 0.5 1.0 1.0 183.97320614272533 183.9742393796811 184.20938411268196 182.18577286967496 185.78959300153605 183.91484491983596 1.0 184.07512996887934 -1.0 2
14 nan 0.0 0.5 -1.0 1.0 191.08664262057695 191.08750920641083 192.2194702868042 186.2545933410872 193.78897565455216 191.6031944380181 1.0 192.1718413961652 1.0 4
15 0.125 nan 0.5 1.0 1.0 194.85655763974938 194.85782418827583 195.29568334595584 194.2722788063681 196.8724936294119 195.11806658023482 -1.0 195.11806658023482 -1.0 1
16 0.25 nan 0.5 1.0 1.0 204.85655820003046 204.85739145563997 205.18099460414533 197.3269938707946 206.75659204148653 205.0364414210093 -1.0 205.0364414210093 -1.0 1
17 nan 0.125 0.5 -1.0 1.0 207.83874669620613 207.83971327271314 208.41452632237053 207.31319571818236 209.98873159363043 208.0885233977098 1.0 208.0885233977098 1.0 1
18 1.0 nan 0.5 1.0 1.0 211.18953414380013 211.19070070165344 211.47194113497181 210.45023643682748 213.03817581203234 211.33198752280023 -1.0 211.33198752280023 -1.0 1
19 nan 0.0625 0.5 1.0 -1.0 214.6226805758371 214.62368048256852 214.93431817379007 213.55398026131695 217.50630238177436 214.5365552760392 1.0 214.80209717367464 -1.0 2
20 nan 0.25 0.5 -1.0 1.0 220.18616162934583 220.18729485697477 220.86033207788 217.9592026873965 222.43866693046766 220.46586887234275 1.0 220.79807121873816 1.0 2
21 nan 0.25 0.5 -1.0 1.0 223.68873491876636 223.68960150460023 223.93137895225271 222.92627270584958 225.50658584317443 223.82882185183547 1.0 223.82882185183547 1.0 1
22 nan 0.125 0.5 -1.0 1.0 226.48780716219832 226.48924036184664 227.34222746417947 225.98808710806904 228.92253014962887 226.49700630412718 -1.0 227.02202399856088 1.0 3
23 nan 0.0 0.5 -1.0 1.0 230.85553308585034 230.85653299258175 231.7904458797092 229.3956359277822 233.35607792253825 231.42667981082593 1.0 231.62199492569272 1.0 2
24 0.0625 nan 0.5 -1.0 -1.0 234.83866155038163 234.8394948059911 235.13916685339166 233.91958061310328 237.70321502066068 234.95891699994465 1.0 234.95891699994465 1.0 1
25 0.25 nan 0.5 1.0 1.0 239.80593155018101 239.8067981360149 240.1391338033078 238.1745170574534 241.70456979789583 240.0010466837015 -1.0 240.0010466837015 -1.0 1
26 nan 0.0625 0.5 1.0 -1.0 243.25627637799806 243.25744293585137 246.03041761359378 242.1905757836721 248.60322616086813 244.7520035272747 1.0 245.89872989706842 -1.0 5
27 nan 0.0625 0.5 1.0 -1.0 249.92262122601645 249.9233878211772 250.21139429004472 249.12282916179407 252.78947245363858 250.08370620044496 -1.0 250.08370620044496 -1.0 1
28 nan 1.0 0.5 -1.0 1.0 253.82165753443698 253.82269077139276 254.35667429618465 253.26677595895885 255.92121308028055 254.02647176325206 1.0 254.02647176325206 1.0 1
29 0.25 nan 0.5 1.0 1.0 259.8896581943857 259.8906581011171 260.17433164081524 256.39641736779157 261.738470123171 260.06084222680136 -1.0 260.06084222680136 -1.0 1
30 nan 0.0625 0.5 1.0 -1.0 263.0883598281338 263.08929307441645 263.3546016604812 262.24487183974924 265.91970459560133 263.2150480110021 -1.0 263.2150480110021 -1.0 1
31 nan 0.0625 0.5 -1.0 1.0 267.10548512153264 267.1062517166934 267.9724375878807 266.5080075192969 269.53894170448723 267.40855685182 -1.0 267.40855685182 -1.0 1
32 nan 1.0 0.5 -1.0 1.0 270.56812880214596 270.5688953973067 271.21966802832605 270.0275458929268 272.78907280644086 270.74524561450124 1.0 271.1961702201382 1.0 2
33 nan 1.0 0.5 -1.0 1.0 273.9711447113434 273.97221127852356 275.02218000694216 273.27447636135275 276.58901840256834 274.1379291541409 1.0 274.9429207333665 1.0 2
34 1.0 nan 0.5 -1.0 -1.0 278.32187222056166 278.32283879706864 279.1121651708357 277.0602232371057 281.68657550405055 278.5037219247789 1.0 279.1083655252564 1.0 3
35 nan 0.25 0.5 -1.0 1.0 282.7558919605055 282.75679187656374 283.9400815025023 282.1803789761361 285.5041917504579 282.9399081293074 1.0 283.7340007251608 1.0 2
36 nan 0.125 0.5 -1.0 1.0 286.45548020623613 286.45644678274317 287.17521307149775 285.97929129051914 288.7378204813329 286.75668544395813 1.0 286.9783647663095 1.0 2
37 0.0 nan 0.5 1.0 1.0 291.3386580499248 291.3394579753099 295.48560456728376 289.21132314864724 297.05480772888876 291.5045759068884 1.0 295.22502887308093 -1.0 5
38 0.0625 nan 0.5 1.0 1.0 299.33784524067477 299.3390117985281 299.8948266202889 297.5506119489707 301.4556571759611 299.59095496461646 -1.0 299.8053016376042 -1.0 2
39 0.25 nan 0.5 1.0 1.0 302.95314134894846 302.9539746045579 303.5401865909533 302.03246056089984 305.10579225856355 303.14892308695653 -1.0 303.42866366017785 -1.0 2
40 0.0625 nan 0.5 1.0 1.0 306.7695853613554 306.77061859831116 307.95290831751834 305.5943949799411 309.5221446999672 306.7532868816335 1.0 307.85341759774406 -1.0 4
41 nan 0.125 0.5 -1.0 1.0 311.25320047517664 311.2542337121324 312.08075661630755 310.0208487589507 313.65479581891793 311.55677215882963 1.0 312.0226287049888 1.0 2
42 0.0625 nan 0.5 -1.0 -1.0 314.86976313197675 314.87052972713747 315.80587581391325 314.1320986059987 318.37182317804934 315.43234398928666 1.0 315.6713216980912 1.0 2
43 0.0 nan 0.5 1.0 1.0 320.25466084325745 320.25549409886696 323.53808790737946 318.85482474952204 325.0885921611258 320.39511440879477 1.0 323.4856261342054 -1.0 6
44 1.0 nan 0.5 1.0 1.0 326.37012374272325 326.37112364945466 326.91030668924986 325.5996956061797 328.4551179832528 326.50794422053457 -1.0 326.83927998109607 -1.0 2
45 1.0 nan 0.5 1.0 1.0 329.9371576860947 329.93809093237735 330.2338633435254 328.93091821206264 331.7879556721106 330.0872436864778 -1.0 330.0872436864778 -1.0 1
46 0.25 nan 0.5 1.0 1.0 333.0217699617901 333.02273653829707 333.48939300984136 332.390762153828 335.03799775711104 333.2613809448578 -1.0 333.2613809448578 -1.0 1
47 nan 0.0 0.5 1.0 -1.0 336.2699336485181 336.2710335459226 343.22131857543417 335.5251031242983 345.7716977234828 338.64301229414934 1.0 343.0866311387146 -1.0 6
48 nan 1.0 0.5 -1.0 1.0 346.96913565584265 346.9702688834716 347.2593085892949 346.27580032829 348.82144604860036 346.9207401700429 1.0 347.1317204903683 1.0 2
49 0.0625 nan 0.5 1.0 1.0 349.85329996211675 349.8542665386238 351.4100547522332 349.28465300396965 352.9539930058118 350.1034099658642 -1.0 351.302064825242 -1.0 2
50 0.125 nan 0.5 -1.0 -1.0 354.1712305305451 354.1722304372765 354.741877302155 353.464696434138 357.2878248787244 354.35094710040204 1.0 354.35094710040204 1.0 1
51 0.0625 nan 0.5 1.0 1.0 358.8714921028363 358.8725253397921 360.0788461507773 357.7896263496861 361.6383531699659 359.07470648088116 -1.0 359.7612757728847 1.0 3
52 0.125 nan 0.5 -1.0 -1.0 362.6527060680736 362.6538059654781 363.2124871865356 362.1348543718816 365.77079891504366 362.8067583651579 1.0 363.09629802434694 1.0 2
53 nan 0.25 0.5 -1.0 1.0 366.78832030914333 366.78945353677227 367.6987353880829 366.2627026706708 369.2548283730175 366.9960009372551 1.0 367.6339414318882 1.0 4
54 0.125 nan 0.5 1.0 1.0 370.4024831897881 370.4034164360707 374.1931962689736 369.88593137234693 375.754099531771 370.70152196292537 1.0 374.0715409499867 -1.0 4
55 nan 0.0625 0.5 1.0 -1.0 376.8710798165599 376.87204639306697 377.45869167237925 376.25280415431104 380.01953613228505 377.0664282616511 -1.0 377.3727663539276 -1.0 2
56 0.125 nan 0.5 1.0 1.0 381.07145468360005 381.0723212694339 381.59107288168417 380.5220392649202 383.1532746590569 381.4012239236157 -1.0 381.4012239236157 -1.0 1
57 0.25 nan 0.5 1.0 1.0 384.6207236173769 384.62165686365955 385.9635983576469 383.65638023539054 387.51923485570137 384.8141722396784 -1.0 385.8076795679973 -1.0 3
58 0.125 nan 0.5 1.0 1.0 388.6878109171214 388.68861084250653 388.9716511079414 388.02063981570706 390.53625735866166 388.8723936997378 -1.0 388.8723936997378 -1.0 1
59 nan 0.0625 0.5 1.0 -1.0 391.8047535104654 391.80592006831864 392.36790098158974 391.0491573237709 394.9207128713089 391.9881030747797 -1.0 392.2678769782254 -1.0 2
60 1.0 nan 0.5 1.0 1.0 396.07012231504643 396.07122221245095 396.2842023462391 395.40611758494816 397.837841656286 396.14274887397045 -1.0 396.14274887397045 -1.0 1
61 0.0625 nan 0.5 1.0 1.0 398.9864502878472 398.98751685502737 399.26145796920656 398.33914400016334 400.82066545541403 399.1332032657923 -1.0 399.1332032657923 -1.0 1
62 nan 0.0 0.5 1.0 -1.0 402.27101057959817 402.2718438352077 409.68945194075116 401.30406744011015 412.25437934118975 404.0602103545407 1.0 409.56409696685796 -1.0 4
63 1.0 nan 0.5 1.0 1.0 413.920157311977 413.92109055825966 414.27419095534134 412.919184013397 415.83789753228683 414.149702567282 -1.0 414.149702567282 -1.0 1
64 0.0625 nan 0.5 1.0 1.0 416.8194202098952 416.82038678640225 417.6813398123619 416.3476975442452 419.2362430125055 417.38996699083197 -1.0 417.6262116212374 -1.0 2
65 0.0625 nan 0.5 1.0 1.0 420.6039005371217 420.60503376475066 421.17104763517176 419.73254848115556 422.73718213893414 420.8524440203234 -1.0 420.8524440203234 -1.0 1
66 nan 0.0625 0.5 1.0 -1.0 423.8537973955175 423.8546639813514 424.3516509570815 423.2548865936334 426.9036300115061 424.1086069609026 -1.0 424.1086069609026 -1.0 1
67 nan 0.25 0.5 -1.0 1.0 428.2715519859639 428.27265188336844 428.86093034367536 427.3952337265651 430.4203664367745 428.28285093202874 -1.0 428.63405150632076 1.0 2
68 nan 0.25 0.5 -1.0 1.0 431.8368527576676 431.8379526550721 432.49619125635263 430.9306706172243 434.05439624746197 431.9929715286635 -1.0 432.3198743693825 1.0 2
69 0.125 nan 0.5 1.0 1.0 435.58536977278806 435.58623635862193 436.20641184366053 434.56509827429204 437.77001817733014 435.6370982810258 1.0 435.9077730332158 -1.0 2
70 nan 0.125 0.5 -1.0 1.0 441.00416432226325 441.005197559219 441.7981569274435 438.273918992176 443.35399230848606 441.1903469556499 1.0 441.7387291373739 1.0 4
71 nan 0.25 0.5 -1.0 1.0 444.3863155109988 444.3871820968327 444.86430425883236 443.8648974807982 446.4207264856915 444.5828305139433 1.0 444.5828305139433 1.0 1
72 nan 0.25 0.5 -1.0 1.0 447.71947126989585 447.72047117662726 448.7445423207026 447.0652322955409 450.30424972026543 448.01477705790256 -1.0 448.72491081854275 1.0 4
73 0.25 nan 0.5 1.0 1.0 451.53688185880975 451.53778177486805 452.4621622178228 450.8036502526743 454.0210957307426 451.7390963301232 -1.0 452.4321650158808 -1.0 2
74 nan 0.125 0.5 -1.0 1.0 455.06931902927477 455.0704189266793 455.7286241977354 454.54930086849805 457.2875295101659 455.3486263095791 1.0 455.58747069748614 1.0 2
75 0.25 nan 0.5 1.0 1.0 458.35281275384557 458.3537460001282 458.8790303363569 457.7853323535518 460.4374657832174 458.4762012445003 -1.0 458.8014709042247 -1.0 2
76 nan 0.125 0.5 -1.0 1.0 461.6191080826363 461.62004132891894 464.38518340393205 460.95606992904504 465.93711594601 461.8436871345087 1.0 463.6685835797622 1.0 6
77 nan 1.0 0.5 -1.0 1.0 467.03563617685364 467.0366694138094 467.31051053731545 466.49561988144893 468.86824622021567 467.1684571210079 1.0 467.1684571210079 1.0 1
78 0.125 nan 0.5 -1.0 -1.0 470.5536413601621 470.55464126689344 472.2739475613111 469.3910498035635 474.83521691323637 471.7246654635288 1.0 472.0318701416392 1.0 3
79 nan 1.0 0.5 -1.0 1.0 476.75366303887995 476.7545629549382 477.0416361775231 475.4092217780641 478.6037407145587 476.8898170054722 1.0 476.8898170054722 1.0 1
80 0.25 nan 0.5 1.0 1.0 480.68422973956393 480.68522964629534 481.2362782459698 479.128741497974 482.7857779010247 480.78871999299525 1.0 480.8887439963596 -1.0 2
81 nan 0.0625 0.5 -1.0 1.0 484.01975194439194 484.02085184179646 484.36148673496 483.34878119739824 485.9205088248592 484.19830195639554 1.0 484.19830195639554 1.0 1
82 nan 1.0 0.5 -1.0 1.0 487.7698354800583 487.7708353867897 488.27232194281106 486.5799131394681 489.8206575057614 487.959184484761 1.0 487.959184484761 1.0 1
83 nan 1.0 0.5 -1.0 1.0 491.08655943833594 491.0874593543942 491.683270445411 490.3395624495315 493.2372020686341 491.29830635382206 1.0 491.64237426009674 1.0 3
84 0.125 nan 0.5 1.0 1.0 494.33325659519124 494.33408985080075 495.51631290955913 493.78080812609284 497.0707186827976 494.8468086924382 1.0 495.1034180899398 1.0 2
85 nan 0.0625 0.5 1.0 -1.0 498.1524670162217 498.15340026250436 503.2073621759161 497.5930192000035 505.7529057484057 500.6575666806221 -1.0 500.6575666806221 -1.0 1
86 0.125 nan 0.5 1.0 1.0 506.8199918662393 506.82099177297073 507.1269299025547 506.276409236826 508.68623096444577 507.0016749193347 -1.0 507.0016749193347 -1.0 1
87 1.0 nan 0.5 1.0 1.0 510.0364251793576 510.03729176519147 510.5470775470835 509.2331334415753 512.1030770037289 510.180045116211 -1.0 510.5136806622547 -1.0 2
88 nan 0.25 0.5 -1.0 1.0 513.1199042274241 513.1209374643798 513.9889898281324 512.6357827183047 515.5343247064203 513.419176312132 1.0 513.8981316364725 1.0 3
89 0.0625 nan 0.5 -1.0 -1.0 517.3530427050297 517.3539092908635 517.9395879936689 516.0602299617784 520.4858636973755 517.5177606739156 1.0 517.7945015269427 1.0 3
90 0.25 nan 0.2 1.0 1.0 524.0530177494475 524.0538510050569 524.4787113752287 521.0279665847191 526.0371119969373 524.2475995993778 -1.0 524.2475995993778 -1.0 1
91 nan 0.0625 0.2 -1.0 1.0 527.0358061896619 527.0368394266177 527.4445347312338 526.5757157723205 529.0022496401209 527.2964152140892 1.0 527.2964152140892 1.0 1
92 nan 0.0 0.2 -1.0 1.0 530.7195292485877 530.7204624948704 531.3655689877452 529.6961580392243 532.9198007288301 530.9754387113774 1.0 531.3098408525818 1.0 2
93 nan 1.0 0.2 -1.0 1.0 533.9856912564809 533.9864245214173 534.3419913551031 533.471705866317 535.8862267737904 534.1591417441545 1.0 534.1591417441545 1.0 1
94 nan 1.0 0.2 -1.0 1.0 536.9662799018863 536.9670798272715 537.2085239726802 536.4388291010729 538.7518567888052 537.0975343254947 1.0 537.0975343254947 1.0 1
95 nan 0.0625 0.2 -1.0 1.0 540.3029353343433 540.3037352597283 541.5868822379094 539.3128610191355 543.1353855853584 541.0941615308999 1.0 541.4083988863546 1.0 2
96 nan 0.125 0.2 -1.0 1.0 544.3865210951558 544.3873543507653 546.2599130168821 543.6819868122114 547.8189459553121 544.5977680572762 -1.0 545.9775726861593 1.0 6
97 nan 1.0 0.2 -1.0 1.0 549.3536577740576 549.354657680789 549.6075674233845 548.3509513038099 551.1528700969794 549.4809125707405 1.0 549.4809125707405 1.0 1
98 nan 1.0 0.2 -1.0 1.0 552.6864469004865 552.687280156096 553.1509035772217 551.7087714287482 554.7031038498144 552.9049265212974 1.0 552.9049265212974 1.0 1
99 nan 0.25 0.2 -1.0 1.0 555.7509610508807 555.7519276273878 557.2214238900774 555.2536074426824 558.7692546160647 555.9500424811024 1.0 557.1422979373992 1.0 5
100 nan 0.0 0.2 -1.0 1.0 560.4351241247964 560.436224022201 563.6671893131489 559.327360787303 565.218222975272 560.6146740435315 1.0 560.6146740435315 1.0 1
101 nan 1.0 0.2 -1.0 1.0 567.7031795135468 567.7041794202783 568.0988426071618 565.7680266860443 569.653145093922 567.8695306634274 1.0 567.8695306634274 1.0 1
102 nan 0.125 0.2 1.0 -1.0 571.3185089520449 571.319475528552 577.6067557346967 570.2124454559947 580.1524764660641 571.4154332445419 1.0 577.3355476989166 -1.0 5
103 nan 0.125 0.2 -1.0 1.0 581.6021163915754 581.603049637858 582.4927999776819 580.8791838247732 584.0513017434121 582.1228678172884 1.0 582.4367718704992 1.0 2
104 nan 0.0 0.2 -1.0 1.0 585.1023898955136 585.1034231324694 585.4492242104119 584.5975036566055 587.0181246015644 585.2503427615364 1.0 585.2503427615364 1.0 1
105 nan 0.25 0.2 -1.0 1.0 588.2862595794127 588.2873594768172 590.908881614977 587.5625270872255 592.4696804867771 590.518218055019 1.0 590.8493538342342 1.0 2
106 0.0625 nan 0.2 1.0 1.0 593.9844613998653 593.9852946554748 595.9342128656463 593.0242842959265 597.5008422549565 595.5584145857619 -1.0 595.9008493110418 -1.0 2
107 nan 1.0 0.2 -1.0 1.0 599.1019507209453 599.1029172974523 599.3442614521879 598.0568482052862 600.9017648606851 599.238837952474 1.0 599.238837952474 1.0 1
108 nan 0.0625 0.2 1.0 -1.0 602.7856737798711 602.786540365705 603.7718484588264 601.4414658306259 606.3353207689029 603.377551904411 -1.0 603.7437177494497 -1.0 2
109 1.0 nan 0.2 1.0 1.0 607.6691515955791 607.6701515023105 607.9499254057563 606.8756256135403 609.5018584248833 607.847101663544 -1.0 607.847101663544 -1.0 1
110 nan 0.25 0.2 -1.0 1.0 611.2189538129461 611.2197870685557 611.493561531613 610.0479630398038 613.0526932569829 611.3806054011891 1.0 611.3806054011891 1.0 1
111 nan 0.125 0.2 -1.0 1.0 614.2012422997949 614.2021088856288 616.7755355100082 613.6095974868257 618.3356350016641 614.2755020397136 -1.0 616.667278941222 1.0 4
112 nan 1.0 0.2 -1.0 1.0 619.3852587487374 619.3863919763663 619.6590665420191 618.8998373608672 621.2164661872595 619.5193462414181 1.0 619.5193462414181 1.0 1
113 nan 0.25 0.2 -1.0 1.0 622.369113756132 622.3703803046585 622.6629863444905 621.7608704914215 624.2193159572406 622.4763704181869 1.0 622.4763704181869 1.0 1
114 nan 0.25 0.2 -1.0 1.0 626.1010656497357 626.1020322262427 629.4987487230323 624.7650236054636 631.0674618283421 626.3937716802408 1.0 629.4238890390749 1.0 3
115 nan 0.0 0.2 1.0 -1.0 632.3193189611894 632.3202855376965 632.7552782960797 631.8339642337679 635.3193158932314 632.5878939092435 -1.0 632.5878939092435 -1.0 1
116 nan 1.0 0.2 -1.0 1.0 636.484563771733 636.4855970086887 636.8923257367978 635.8640216542262 638.4521572568741 636.6534480186664 1.0 636.6534480186664 1.0 1
117 nan 0.25 0.2 -1.0 1.0 639.6674002186762 639.6682334742857 640.4522603423763 639.0009623821983 642.0186926036206 639.8452169657435 1.0 640.4412946985553 1.0 3
118 nan 0.0625 0.2 -1.0 1.0 643.5522378515109 643.5532044280179 644.4008920246744 642.5736957939387 645.9692214014437 643.7484195522115 1.0 644.3493301675585 1.0 2
119 nan 0.125 0.2 -1.0 1.0 647.0330465044112 647.0341797320402 647.4444414639336 646.5645235403017 649.0012669055486 647.2277283450148 1.0 647.2277283450148 1.0 1
120 0.0 nan 0.2 -1.0 -1.0 650.535553133383 650.5364863796657 650.9178174767972 649.5878748635866 653.4830893766592 650.5208545044314 1.0 650.7532994892575 1.0 2
121 nan 0.0 0.2 -1.0 1.0 656.8352988434458 656.836098768831 657.4510414086418 654.0684902572137 659.0189634470805 656.9935174185777 1.0 657.3940133947277 1.0 2
122 nan 1.0 0.2 -1.0 1.0 660.6331445906487 660.6340778369314 660.9423824124462 659.6312713760104 662.5012820041443 660.7847304511289 1.0 660.7847304511289 1.0 1
123 0.0625 nan 0.8 -1.0 -1.0 663.8017823620061 663.8027156082887 664.4466888735345 663.080782948218 667.0023258117088 663.934836617731 1.0 664.2956696268689 1.0 2
124 0.25 nan 0.8 1.0 1.0 668.3179611050466 668.3189943420024 671.2815846662426 667.5796299745809 672.834880368997 670.91401895178 1.0 670.91401895178 1.0 1
125 0.0 nan 0.8 -1.0 -1.0 674.0856897735559 674.0866230198386 675.1355918415258 673.434083886927 677.7019565808941 674.9273779298239 1.0 674.9273779298239 1.0 1
126 0.125 nan 0.8 1.0 1.0 678.9154392675634 678.9162391929485 679.2951705139247 678.2895643141559 680.8519713379551 679.1222533098413 -1.0 679.1222533098413 -1.0 1
127 nan 0.0 0.8 1.0 -1.0 682.4324445441405 682.433544441545 682.6825212176636 681.4290714694051 685.2335082317154 682.4696077443242 1.0 682.5472005066808 -1.0 2
128 0.0625 nan 0.8 -1.0 -1.0 686.7012463618327 686.7021796081153 687.0335153686768 685.985713104843 689.5833516751071 686.8785298253099 1.0 686.8785298253099 1.0 1
129 0.0625 nan 0.8 1.0 1.0 690.6345461409159 690.6354793871985 691.097069664637 690.1732558354968 692.6505926952498 690.8846894748878 -1.0 690.8846894748878 -1.0 1
130 0.25 nan 0.8 1.0 1.0 694.0343290183484 694.0354289157531 694.2759064846547 693.2783995294102 695.8335298752379 694.1727827704229 -1.0 694.1727827704229 -1.0 1
131 1.0 nan 0.8 1.0 1.0 698.4177201474591 698.4187533844149 698.8453469262545 696.4721349597257 700.3985764696322 698.6290337700283 -1.0 698.6290337700283 -1.0 1
132 1.0 nan 0.8 1.0 1.0 702.1017098481799 702.1027097549113 702.385383387878 700.9879804005225 703.9520141482824 702.2561287777324 -1.0 702.2561287777324 -1.0 1
133 1.0 nan 0.8 1.0 1.0 706.466369391189 706.467335967696 706.6839490959417 704.5140181679064 708.2347451557048 706.4330724970334 -1.0 706.4330724970334 -1.0 1
134 0.125 nan 0.8 1.0 1.0 709.5012863023338 709.5023195392896 716.3483476269405 708.8376482047038 717.9012426453235 709.6372402875799 -1.0 716.0892384626104 -1.0 4
135 nan 0.0625 0.8 1.0 -1.0 719.0188985251632 719.0198984318946 719.8072249921988 718.5010468289712 722.3687912664519 719.2273457484357 -1.0 719.6756372663466 -1.0 2
136 0.25 nan 0.8 1.0 1.0 723.5164790029997 723.5175455701799 723.819817375082 722.9678968399294 725.3665165488906 723.6650651432857 -1.0 723.6650651432857 -1.0 1
137 1.0 nan 0.8 1.0 1.0 726.5675944031932 726.5684943192515 726.9195282424216 725.9458190673844 728.4668559854654 726.758609919115 -1.0 726.758609919115 -1.0 1
138 0.125 nan 0.8 1.0 1.0 730.8010328528183 730.8021327502228 731.069674461321 729.0573621643788 732.6184038584399 730.9332205227093 -1.0 730.9332205227093 -1.0 1
139 0.25 nan 0.8 1.0 1.0 733.7173941558434 733.7184607230236 734.0281984981868 733.2071084205857 735.5829283211436 733.8569811355468 -1.0 733.8569811355468 -1.0 1
140 0.25 nan 0.8 1.0 1.0 737.0012878431068 737.002087768492 738.004560927169 736.1730317672639 739.5681698446874 737.2283333315833 -1.0 737.7985468102762 -1.0 3
141 1.0 nan 0.8 1.0 1.0 740.9178558495512 740.9187224353851 741.2799887374398 740.3413762886748 742.8341879899576 741.0772743127607 -1.0 741.0772743127607 -1.0 1
142 0.25 nan 0.8 1.0 1.0 743.9805035073801 743.9813700932141 744.4265285700333 743.4184892638847 745.9842224635418 744.2058824846376 -1.0 744.2058824846376 -1.0 1
143 nan 0.125 0.8 1.0 -1.0 747.1012124160791 747.1020123414642 747.6413620323813 746.5777279119669 750.2013628406572 747.242332586104 -1.0 747.6092650263033 -1.0 2
144 0.0 nan 0.8 1.0 1.0 751.4495068189176 751.4509733487903 751.7364800508293 750.8109663802456 753.2843082459607 751.6019259350073 -1.0 751.6019259350073 -1.0 1
145 nan 0.25 0.8 -1.0 1.0 754.4340950912485 754.4352949793263 758.183045399286 753.8580154930647 759.7328740642216 754.7234680993157 1.0 758.0326260966591 1.0 2
146 0.25 nan 0.8 1.0 1.0 761.6837188659168 761.6845854517508 762.4090845390987 760.33637787558 763.968313002679 761.952660446439 -1.0 762.3189929425996 -1.0 2
147 0.125 nan 0.8 1.0 1.0 770.3988059461248 770.3998391830805 770.7198759975772 764.5682164744347 772.2841007037882 770.5519249969265 -1.0 770.5519249969265 -1.0 1
148 0.125 nan 0.8 1.0 1.0 773.3665291249195 773.3674623712021 780.0186752973519 772.9068053400463 781.5667020394181 779.7744980735441 -1.0 779.7744980735441 -1.0 1
149 0.0625 nan 0.8 1.0 1.0 783.7508271723019 783.7517270883602 784.7943298371907 782.1827067756719 786.3512266333505 784.0379670553356 -1.0 784.5464529584767 -1.0 2
150 0.0625 nan 0.8 1.0 1.0 787.648596932196 787.6496968296005 788.0763570318888 786.9660272671181 789.6343803756802 787.9123056674905 -1.0 787.9123056674905 -1.0 1
151 1.0 nan 0.8 1.0 1.0 790.7327092545257 790.7336758310327 791.2748920145151 790.2272897320274 792.8335182725019 790.8702630905419 -1.0 791.2281963701587 -1.0 2
152 0.125 nan 0.8 1.0 1.0 794.0680314780074 794.0689980545144 794.4605282003062 793.4491225414953 796.0173285638646 794.221050538136 -1.0 794.221050538136 -1.0 1
153 1.0 nan 0.8 1.0 1.0 797.8166818140254 797.8176150603081 798.0572593736002 796.6122274956056 799.6176839029976 797.9428367133037 -1.0 797.9428367133037 -1.0 1
154 0.0625 nan 0.8 1.0 1.0 801.4327111872354 801.4336777637425 802.1873074671985 800.2142915048004 803.7338168323546 801.6440914702533 -1.0 801.9981917740664 -1.0 2
155 0.25 nan 0.8 1.0 1.0 805.2000597791306 805.2008930347401 805.563225903975 804.5417211871769 807.1335516771265 805.3930417782908 -1.0 805.3930417782908 -1.0 1
156 1.0 nan 0.8 1.0 1.0 808.4331915346633 808.434224771619 808.8134560646146 807.7481554329812 810.3834818127855 808.6524377506348 -1.0 808.6524377506348 -1.0 1
157 0.125 nan 0.8 1.0 1.0 811.5342022807536 811.535202187485 812.1478117115893 810.999285509679 813.7175079624778 811.7741465660652 -1.0 812.0665859547752 -1.0 2
158 nan 0.0625 0.8 1.0 -1.0 814.8498263416267 814.8508262483581 818.006798534451 814.3061103913158 820.5670969909531 815.2394899948532 1.0 817.9680688137215 -1.0 6
159 0.125 nan 0.8 1.0 1.0 822.183308960835 822.184442188464 822.5787054126549 821.1732031807749 824.1509302566508 822.3603591127415 1.0 822.3603591127415 1.0 1
160 1.0 nan 0.8 1.0 1.0 825.2643549025217 825.2654214697019 825.7549424751709 824.7786335426321 827.3175420575661 825.579525504259 -1.0 825.579525504259 -1.0 1
161 nan 0.125 0.8 1.0 -1.0 829.4996265144877 829.5007264118922 830.4383722841502 827.9087415746061 833.0002047253889 829.6869090452789 -1.0 830.2878863210746 -1.0 2
162 0.125 nan 0.8 1.0 1.0 834.0994307904976 834.1003640367802 834.6936087005198 833.6074100182001 836.2658344467537 834.3212767639709 -1.0 834.6876759205802 -1.0 2
163 0.0 nan 0.8 1.0 1.0 837.5671739954411 837.56830722307 843.4146285606673 836.8747385839466 844.9827206445059 842.0320575231608 -1.0 843.2078478486138 -1.0 2
164 0.125 nan 0.8 1.0 1.0 846.3501880729353 846.3512546401155 846.6857567719932 845.5990248060834 848.2476490413175 846.4943746236032 -1.0 846.4943746236032 -1.0 1
165 0.25 nan 0.8 1.0 1.0 849.4834291460012 849.4842290713863 849.7751685999992 848.8897511893447 851.3334928150321 849.6282156407078 -1.0 849.6282156407078 -1.0 1
166 0.125 nan 0.8 1.0 1.0 852.6832640073782 852.6841972536608 853.0444969792086 851.934100553989 854.5991258871783 852.8872449805838 -1.0 852.8872449805838 -1.0 1
167 nan 0.125 0.8 -1.0 1.0 855.7003492484797 855.701515806333 856.8151452633174 855.201029157043 858.3832701520664 855.9925219953947 -1.0 856.678458013135 1.0 3
168 0.25 nan 0.8 1.0 1.0 859.7161413329034 859.7171412396348 860.4753705140553 858.9913756037604 862.0338986514607 859.9939154228862 -1.0 860.3534818834976 -1.0 2
169 0.0 nan 0.8 1.0 1.0 863.4995217627253 863.500455009008 866.3329574674931 862.6509009197863 867.8992565043574 863.7224343033787 -1.0 865.360581501431 -1.0 2
170 0.0 nan 0.8 -1.0 -1.0 869.3329443034876 869.3337442288728 869.7097424901035 868.7611643042488 872.266705640413 869.5389584203804 1.0 869.5389584203804 1.0 1
171 nan 0.125 0.8 -1.0 1.0 874.4163034748025 874.4173700419826 875.9190299711989 872.9062109988181 877.4816568921339 874.675879262274 1.0 875.6167581662968 1.0 2
172 0.0625 nan 0.8 1.0 1.0 878.6334767749302 878.634343360764 879.0687695053329 878.101759705396 880.6323944244167 878.884053401819 -1.0 878.884053401819 -1.0 1
173 nan 0.125 0.8 -1.0 1.0 881.7330876515965 881.7339542374303 886.3118605560227 881.2403002841382 887.8669560013699 882.0183943722892 -1.0 886.2761305554873 1.0 5
174 0.125 nan 0.8 1.0 1.0 888.9826780960404 888.9835780120986 889.9242902649996 888.473558918636 891.4830098644866 889.2458202175204 -1.0 889.7770706639132 -1.0 3
175 1.0 nan 0.8 1.0 1.0 892.7819237126672 892.7828902891742 893.0932280083764 892.1160191597793 894.6500235804541 892.9670731090981 -1.0 892.9670731090981 -1.0 1
176 nan 0.0 0.8 -1.0 1.0 895.9330964464494 895.934196343854 900.1638684781241 895.2969224537085 901.7331899308631 896.1571422147318 -1.0 899.5268612297737 1.0 5
177 nan 1.0 0.8 -1.0 1.0 903.0811630274319 903.0821296039389 903.4158318104314 902.3759954702243 904.9824225434681 903.2708120041541 1.0 903.2708120041541 1.0 1
178 1.0 nan 0.8 1.0 1.0 906.2164705744093 906.2174704811406 906.7203569065861 905.6131268526826 908.2832775490015 906.3812218735195 -1.0 906.7101245277014 -1.0 2
179 1.0 nan 0.8 1.0 1.0 909.3801088121096 909.381108718841 909.6708816896007 908.9011868179934 911.2298082116037 909.5298281800245 -1.0 909.5298281800245 -1.0 1
180 0.0 nan 0.8 1.0 1.0 912.4822861160533 912.4830860414384 913.6443110588374 911.8663102392866 915.1987356786174 913.020202607322 1.0 913.203785483207 -1.0 2
181 0.0625 nan 0.8 -1.0 -1.0 916.5332415871978 916.5343748148267 916.8370465824214 915.8439392167951 919.3993756982941 916.6430646765299 1.0 916.6430646765299 1.0 1
182 0.0625 nan 0.8 -1.0 -1.0 920.7147182170144 920.7156847935214 922.6583369215094 920.0502801939992 925.214832094447 921.4150528916869 -1.0 922.53278196627 1.0 4
183 0.0625 nan 0.8 -1.0 -1.0 926.5159104308012 926.5169769979814 927.0286292724387 925.8692374173806 929.5822902137041 926.6700293883343 -1.0 926.6700293883343 -1.0 1
184 nan 1.0 0.8 -1.0 1.0 930.8661379866538 930.8669379120389 931.2860988138417 930.2306972588492 932.8481201956 931.0464545005495 1.0 931.0464545005495 1.0 1
185 1.0 nan 0.8 1.0 1.0 934.232990602399 934.2339238486816 934.623320860113 933.5220235861493 936.1822515222514 934.4088408662278 -1.0 934.4088408662278 -1.0 1
186 0.0625 nan 0.8 1.0 1.0 937.7493292744884 937.7502958509955 938.1076625167977 937.0712591897018 939.6651849247014 937.9110141929558 -1.0 937.9110141929558 -1.0 1
187 0.0625 nan 0.8 -1.0 -1.0 940.7821463814973 940.7832129486775 944.1018367297447 940.313390105817 946.6638651855809 940.9160005626073 -1.0 944.0203443311357 1.0 5
188 0.25 nan 0.8 1.0 1.0 948.1164622563151 948.1174954932709 948.8484606441485 947.3108707330507 950.3991881456581 948.3464074743127 1.0 948.7008077501453 -1.0 2
189 1.0 nan 0.8 1.0 1.0 951.4985801148264 951.4994467006602 951.763522068423 951.0319903037308 953.3154132058402 951.622135256603 -1.0 951.622135256603 -1.0 1
190 nan 1.0 0.8 -1.0 1.0 956.0158587552714 956.0167586713296 956.2725348132218 953.9483182765316 957.8315591708665 956.151246126703 1.0 956.151246126703 1.0 1
191 0.25 nan 0.8 1.0 1.0 959.0655076255922 959.0664075416504 960.8248101892658 958.4549645753995 962.382600862306 960.5008404082922 -1.0 960.7770813079537 -1.0 2
192 1.0 nan 0.8 1.0 1.0 963.5483894744771 963.5493560509841 963.8734258226308 963.0282046625786 965.4312444753361 963.7156072101915 -1.0 963.7156072101915 -1.0 1
193 nan 0.0 0.8 -1.0 1.0 966.5994048839974 966.6003381302801 968.8739927165858 966.0859527774236 970.4321823908934 966.9006101217194 -1.0 968.7589701122505 1.0 5
194 nan 1.0 0.8 -1.0 1.0 971.6991625257073 971.6999624510925 972.0397974188709 971.1044846623195 973.5993169327807 971.8781458306279 1.0 971.8781458306279 1.0 1
195 0.125 nan 0.8 1.0 1.0 975.014486614561 975.0152865399461 977.9684777409112 974.2667230305958 979.5323924765564 977.3715667524898 -1.0 977.9095832344317 -1.0 3
196 0.25 nan 0.8 1.0 1.0 982.1147243235581 982.1155575791677 982.3926983948872 980.2273003773678 983.9496242583223 982.2626105291322 -1.0 982.2626105291322 -1.0 1
197 1.0 nan 0.8 1.0 1.0 985.164906477469 985.165873053976 985.4605455677196 984.5857271684179 987.0154655726327 985.3198586906116 -1.0 985.3198586906116 -1.0 1
198 0.25 nan 0.8 1.0 1.0 988.4318017502985 988.4328683174787 988.971884706152 987.6622735298132 990.5325070201378 988.5898870045329 -1.0 988.9050909364945 -1.0 2
199 0.0625 nan 0.8 1.0 1.0 991.7478257738642 991.7488256805956 992.319605773103 991.1699130133395 993.8806306370489 991.9401411685368 -1.0 992.2759431791652 -1.0 2
200 0.0625 nan 0.8 1.0 1.0 995.015787613874 995.0168208508297 997.8098603236489 994.5230335766402 999.3653827432498 995.2478659662319 -1.0 997.5385522971958 1.0 8
201 0.125 nan 0.8 1.0 1.0 1000.8964390825827 1000.8974389893141 1001.1569147861123 1000.0223872784418 1002.7161139909505 1000.9951298769719 -1.0 1000.9951298769719 -1.0 1
202 1.0 nan 0.8 1.0 1.0 1008.4298363876222 1008.4307029734562 1008.7539728197178 1003.6013201119168 1010.3153952828442 1008.5675902049848 -1.0 1008.5675902049848 -1.0 1
203 0.125 nan 0.8 1.0 1.0 1012.0493654343921 1012.0503653411236 1012.3781014374521 1010.9607003154684 1013.948924665772 1012.2116502968984 -1.0 1012.2116502968984 -1.0 1
204 0.125 nan 0.8 1.0 1.0 1015.7657854434348 1015.7666520292686 1016.4386560132181 1014.5998275341738 1017.98157722198 1016.0493923226841 -1.0 1016.2370081557191 -1.0 2
205 0.25 nan 0.8 1.0 1.0 1019.2482939377785 1019.2492938445099 1020.8155144183502 1018.6353844416548 1022.3647335855958 1019.4731063012216 -1.0 1020.7483206860002 -1.0 3
206 1.0 nan 0.8 1.0 1.0 1024.4984708821153 1024.49957077952 1024.7443479473666 1023.0318410187224 1026.2985716136284 1024.4097124945913 1.0 1024.6327916863665 -1.0 2
207 1.0 nan 0.8 1.0 1.0 1027.4146655340185 1027.4155654500769 1027.8166613702656 1026.950275517732 1029.3654851760352 1027.6789075529032 -1.0 1027.6789075529032 -1.0 1
208 0.0625 nan 0.8 1.0 1.0 1030.59786861343 1030.5988685201614 1032.2068185349253 1030.050386347764 1033.7652377532515 1031.935743820043 -1.0 1031.935743820043 -1.0 1
209 nan 0.25 0.2 -1.0 1.0 1035.0804838205197 1035.0815170574756 1035.637565190807 1034.4180456109675 1037.1822595583387 1035.27856534401 1.0 1035.5187096106679 1.0 2
210 nan 0.25 0.2 -1.0 1.0 1038.4139395514362 1038.41480613727 1039.241495692567 1037.8309605968057 1040.7962121488506 1038.8967278515804 1.0 1039.1070415674183 1.0 2
211 nan 0.0625 0.2 1.0 -1.0 1041.9656082613685 1041.9667748192219 1042.7651003535714 1041.4586222183243 1045.3320594398238 1042.218784645759 -1.0 1042.6352124691625 -1.0 2
212 nan 0.0 0.2 -1.0 1.0 1046.6646032851334 1046.6654032105184 1049.0232832738325 1046.005764739814 1050.5986004377112 1048.614254760241 1.0 1048.614254760241 1.0 1
213 nan 0.125 0.2 -1.0 1.0 1052.2641809716456 1052.2650475574794 1052.584717739508 1051.305003774438 1054.1477384527377 1052.4645289503937 1.0 1052.4645289503937 1.0 1
214 nan 0.25 0.2 -1.0 1.0 1055.4145537800428 1055.4156870076715 1055.715359055072 1054.804644004113 1057.2806784619813 1055.580638288128 1.0 1055.580638288128 1.0 1
215 nan 0.125 0.2 -1.0 1.0 1058.914560642186 1058.9156605395904 1059.577498805104 1057.9378850771789 1061.1478180105887 1059.3509532699932 1.0 1059.3509532699932 1.0 1
216 nan 0.0625 0.2 -1.0 1.0 1062.3814705915197 1062.3823038471294 1063.0068122613372 1061.8246225328032 1064.581637811307 1062.8238626597156 1.0 1062.8238626597156 1.0 1
217 0.125 nan 0.2 -1.0 -1.0 1065.6968613408224 1065.6979279080024 1066.5862783784025 1065.2227388990168 1069.1470023477402 1065.8923097765867 1.0 1066.489487406803 1.0 3
218 nan 1.0 0.2 -1.0 1.0 1071.6316744241485 1071.632940972675 1072.1737238632404 1069.8034116262327 1073.730645949802 1071.8278561248492 1.0 1072.137127276871 1.0 2
219 nan 0.0 0.2 1.0 -1.0 1074.9316332795631 1074.9325331956213 1076.838855379035 1074.3892505382273 1079.3986893038493 1074.975995808213 -1.0 1076.515885504793 -1.0 3
220 0.0625 nan 0.2 -1.0 -1.0 1083.0138460592436 1083.0148126357506 1083.572793922096 1080.3505944801602 1086.1313521360032 1083.2634894398498 1.0 1083.2634894398498 1.0 1
221 nan 0.0625 0.2 1.0 -1.0 1087.3141782691994 1087.315111515482 1089.1457740895532 1086.8290568533484 1091.7147305248761 1088.9917884529175 -1.0 1088.9917884529175 -1.0 1
222 nan 0.125 0.2 1.0 -1.0 1093.6141239606084 1093.615057206891 1097.3273775983348 1092.387338391854 1099.8978048606743 1097.1546603755976 -1.0 1097.1546603755976 -1.0 1
223 nan 0.0625 0.2 -1.0 1.0 1101.127956423937 1101.1289896608926 1101.6715057231258 1100.5684086170456 1103.2315287211422 1101.5203198253382 1.0 1101.5203198253382 1.0 1
224 0.125 nan 0.2 1.0 1.0 1104.462878684726 1104.4639785821305 1105.2416393773647 1103.8992312602359 1106.7985574062795 1104.6188974650488 1.0 1104.9563659868961 -1.0 2
225 nan 0.125 0.2 -1.0 1.0 1108.0644760707794 1108.0656092984084 1109.9807973215072 1107.5079613143066 1111.5475141482125 1109.8479097169043 1.0 1109.8479097169043 1.0 1
226 nan 0.125 0.2 -1.0 1.0 1112.7638043967881 1112.7645709919489 1113.1636337684506 1112.231120750747 1114.7308471510084 1113.0081482717178 1.0 1113.0081482717178 1.0 1
227 nan 0.125 0.2 -1.0 1.0 1115.964339192877 1115.9652391089353 1116.3065739368108 1115.4564532337747 1117.8646918268946 1116.1489219754935 1.0 1116.1489219754935 1.0 1
228 nan 0.125 0.2 -1.0 1.0 1119.5803019056384 1119.5812018216966 1119.9895970610246 1118.5269001641086 1121.5473191734266 1119.7289213761487 1.0 1119.7289213761487 1.0 1
229 1.0 nan 0.2 1.0 1.0 1124.2645983004516 1124.2654982165097 1124.517941335964 1122.2340210405491 1126.0811595349542 1124.412084543333 -1.0 1124.412084543333 -1.0 1
230 nan 0.25 0.2 -1.0 1.0 1127.3970727783567 1127.3981393455367 1128.0316802505517 1126.7654650263557 1129.5962995553023 1127.8462975425502 1.0 1127.8462975425502 1.0 1
231 nan 0.25 0.2 -1.0 1.0 1130.814554004935 1130.8154539209931 1131.1520225267825 1130.2630054518947 1132.7114382493605 1131.0211680658665 1.0 1131.0211680658665 1.0 1
232 nan 0.125 0.2 -1.0 1.0 1134.464513546564 1134.465413462622 1135.8861476070438 1133.4119450606436 1137.447667970954 1135.4255239061122 1.0 1135.7652255529931 1.0 2
233 nan 0.25 0.2 -1.0 1.0 1140.913312020054 1140.914378587234 1141.2619128368444 1138.1516696186009 1142.8312266634448 1141.0527323486356 1.0 1141.0527323486356 1.0 1
234 0.25 nan 0.8 -1.0 -1.0 1144.113046890758 1144.1140134672648 1144.6169998833834 1143.546433076298 1147.180985185091 1144.4144187796019 1.0 1144.4144187796019 1.0 1
235 nan 0.0625 0.8 -1.0 1.0 1148.5291349699853 1148.5299682255948 1149.0070903875944 1147.9051931695917 1150.5634110543567 1148.7251166893398 1.0 1148.7251166893398 1.0 1
236 0.0 nan 0.8 -1.0 -1.0 1151.8305603552726 1151.8316269224526 1152.424604944397 1151.2636132385687 1154.9806611170268 1152.0517730544825 1.0 1152.3618108016653 1.0 2
237 nan 0.125 0.8 -1.0 1.0 1156.1613563903115 1156.1622563063697 1156.6072814622914 1155.681967773054 1158.1638990294598 1156.3059429036718 1.0 1156.5836836634305 1.0 2
238 nan 0.0625 0.8 -1.0 1.0 1159.5143436327146 1159.5152435487728 1159.8498123410993 1158.854605171337 1161.4136310883164 1159.6801281687808 1.0 1159.6801281687808 1.0 1
239 0.0625 nan 0.8 -1.0 -1.0 1163.331020956692 1163.3318542123018 1163.9901928042555 1162.4275385644237 1166.5463826673508 1163.7033195630167 1.0 1163.7033195630167 1.0 1
240 1.0 nan 0.8 1.0 1.0 1168.0642461208952 1168.065179367178 1168.3668845582656 1167.258487946509 1169.9302050620017 1168.2374966272225 -1.0 1168.2374966272225 -1.0 1
241 0.25 nan 0.8 1.0 1.0 1171.2300841534047 1171.2311840508091 1172.0018121686992 1170.627707008185 1173.5623297681022 1171.3933689226424 1.0 1171.7161721457626 -1.0 2
242 nan 0.125 0.8 -1.0 1.0 1174.8144498134536 1174.8154497201851 1176.009571669047 1174.281532855842 1177.5613829047265 1174.9701352915326 -1.0 1175.260241564536 1.0 2
243 0.0 nan 0.8 1.0 1.0 1178.8300085863068 1178.8310751534868 1179.2594018669943 1178.2965916753292 1180.8132189321668 1179.027556826207 -1.0 1179.027556826207 -1.0 1
244 0.0625 nan 0.8 1.0 1.0 1182.0306767032932 1182.0317432704733 1183.959263476593 1181.5230240557614 1185.5135742177563 1182.2165260344361 -1.0 1183.9032686996345 -1.0 3
245 0.0 nan 0.8 1.0 1.0 1186.9969801265856 1186.9980133635413 1191.8318291449232 1186.259782223749 1193.3968435344054 1187.178596519232 -1.0 1191.7704348716154 -1.0 6
246 0.25 nan 0.8 1.0 1.0 1197.296186111126 1197.2972860085304 1197.614589744628 1194.1337477615032 1199.1772023384663 1197.254889963119 -1.0 1197.5075663941439 -1.0 2
247 0.0625 nan 0.8 1.0 1.0 1200.6305417581004 1200.6315749950563 1200.9511118561873 1199.9099089767806 1202.5121295815004 1200.7460309855771 -1.0 1200.7460309855771 -1.0 1
248 0.25 nan 0.8 1.0 1.0 1204.364493465167 1204.3655933625714 1205.0647614793907 1203.2390317785278 1206.6305758671408 1204.4459192033273 -1.0 1205.0029339131659 -1.0 3
249 1.0 nan 0.8 1.0 1.0 1207.829303610365 1207.8302035264232 1208.3687866221796 1207.3391826608572 1209.9304044268715 1207.9806228290502 -1.0 1208.3686199710576 -1.0 3
250 nan 0.0625 0.8 1.0 -1.0 1211.3627740177858 1211.3638405849658 1213.825844269243 1210.642607859607 1216.3790674490065 1211.3541414896713 1.0 1213.595532418777 -1.0 2
251 0.125 nan 0.8 -1.0 -1.0 1217.7474118093444 1217.7484783765246 1218.7171213574559 1217.0952726391254 1221.2807379968917 1218.242165660041 -1.0 1218.424082024707 1.0 2
252 nan 0.0625 0.8 1.0 -1.0 1222.6621533755208 1222.6630866218036 1222.959425646766 1222.0146471064907 1225.5139781184153 1222.8208052435696 -1.0 1222.8208052435696 -1.0 1
253 0.0625 nan 0.8 1.0 1.0 1226.779302672284 1226.7804025696887 1227.7216814364042 1226.281082478252 1229.2790989265286 1227.3774802092319 -1.0 1227.6139914814323 -1.0 2
254 0.25 nan 0.8 1.0 1.0 1230.6306434296168 1230.631709996797 1231.0006089202348 1230.0087014426863 1232.561625495896 1230.8426903171223 -1.0 1230.8426903171223 -1.0 1
255 nan 0.25 0.8 -1.0 1.0 1233.9294690574025 1233.9307022757046 1234.5606435164864 1233.2766299524715 1236.1130598535713 1233.917770148645 -1.0 1234.4418879270206 1.0 3
256 0.125 nan 0.8 1.0 1.0 1237.3292186046108 1237.3303185020152 1237.7985748243298 1236.8325649311244 1239.3625137154754 1237.399945340745 -1.0 1237.399945340745 -1.0 1
257 0.25 nan 0.8 1.0 1.0 1243.8134137763925 1243.8142803622263 1244.2480399023075 1240.11312559595 1245.797189229977 1243.9862976502516 -1.0 1243.9862976502516 -1.0 1
258 0.25 nan 0.8 1.0 1.0 1247.344851040126 1247.345917607306 1247.8828008616192 1246.5267940129434 1249.4270199767677 1247.5232677312322 -1.0 1247.7214492453957 1.0 2
259 nan 0.125 0.8 -1.0 1.0 1251.8969930952726 1251.8978930113308 1253.4967438748392 1250.4661265626394 1255.0452623729989 1252.4336763682393 1.0 1253.3990529871814 1.0 4
260 1.0 nan 0.8 1.0 1.0 1256.2631524983788 1256.2641857353344 1256.7976693067608 1255.7759646086163 1258.3452880410703 1256.4273371836746 -1.0 1256.4273371836746 -1.0 1
261 0.125 nan 0.8 1.0 1.0 1259.5634779862614 1259.564477892993 1260.3059087343258 1259.056191971198 1261.8612239828076 1259.7721251908802 -1.0 1260.129358535785 -1.0 2
262 0.25 nan 0.8 1.0 1.0 1263.2631662226652 1263.2641327991723 1264.0192623627254 1262.5826297012745 1265.5956736390165 1263.2781314934118 1.0 1263.5681044455177 -1.0 2
263 0.125 nan 0.8 1.0 1.0 1266.7969699323298 1266.7981031599588 1267.7429816909073 1266.3047825089104 1269.3130993425823 1266.7573069653176 1.0 1267.5739974533005 -1.0 2
264 nan 0.0 0.8 1.0 -1.0 1270.4958249131241 1270.4967581594067 1270.918418828038 1270.0359011469045 1273.4950404128647 1270.6330454468966 -1.0 1270.6330454468966 -1.0 1
265 1.0 nan 0.8 1.0 1.0 1274.7295300045441 1274.730396590378 1275.0983622675333 1274.2005460134094 1276.6634742384977 1274.952642526544 -1.0 1274.952642526544 -1.0 1
266 0.25 nan 0.8 1.0 1.0 1277.9958919937837 1277.9970252214125 1278.388788678775 1277.407980165945 1279.963203085622 1278.216071456038 -1.0 1278.216071456038 -1.0 1
267 0.0 nan 0.8 1.0 1.0 1281.1794950358876 1281.180328291497 1282.2185314507096 1280.6932070621835 1283.779045285801 1281.4597355624746 -1.0 1281.9618220625348 -1.0 2
268 0.125 nan 0.8 1.0 1.0 1285.0602330511235 1285.0612996183038 1285.8533924006942 1284.502151774105 1287.4127776377995 1285.5849841037623 -1.0 1285.5849841037623 -1.0 1
269 nan 0.125 0.8 1.0 -1.0 1288.5956366115583 1288.5966031880655 1289.2212782533952 1288.1154813991402 1291.7968284168826 1288.7923515958491 -1.0 1289.1530846143137 -1.0 2
270 0.0625 nan 0.8 1.0 1.0 1293.1628105979003 1293.163910495305 1293.8158496841775 1292.5291363719878 1295.3788646804478 1293.3589589683766 -1.0 1293.7153923878961 -1.0 3
271 nan 0.0625 0.8 -1.0 1.0 1296.679182600214 1296.68021583717 1297.4833075936058 1296.1035696251715 1299.0464144355685 1297.0377158238698 1.0 1297.0377158238698 1.0 1
272 1.0 nan 0.8 1.0 1.0 1300.5124917061573 1300.513524943113 1300.92601980004 1299.8040244567362 1302.496835059387 1300.7188724555183 -1.0 1300.7188724555183 -1.0 1
273 0.25 nan 0.8 1.0 1.0 1303.8945429042199 1303.8955094807268 1304.8648523963702 1303.2563357677916 1306.4298940329913 1304.2164462112817 1.0 1304.752829512229 -1.0 3
274 1.0 nan 0.8 1.0 1.0 1307.7612155647673 1307.7621488110499 1308.1056834337346 1307.160004977401 1309.6791301902742 1307.9053687852108 -1.0 1307.9053687852108 -1.0 1
275 1.0 nan 0.8 1.0 1.0 1310.878924753272 1310.8797913391059 1311.248723592768 1310.4025358562087 1312.8124415810908 1311.0677071441603 -1.0 1311.0677071441603 -1.0 1
276 nan 0.125 0.8 1.0 -1.0 1314.128055016507 1314.1291215836873 1314.7244327213384 1313.5525420321378 1317.2954838906094 1314.3077382561396 -1.0 1314.6690712186432 -1.0 2
277 0.25 nan 0.8 1.0 1.0 1318.7951863457647 1318.796086261823 1319.192915913291 1318.0313909238726 1320.7616265689599 1318.9984340540339 -1.0 1318.9984340540339 -1.0 1
278 0.25 nan 0.8 -1.0 -1.0 1322.1123769271835 1322.113376833915 1322.3944506161115 1321.5010339516057 1324.9620716626605 1322.2223333374131 1.0 1322.2223333374131 1.0 1
279 1.0 nan 0.8 1.0 1.0 1326.4462060126411 1326.4473725704945 1326.686883562889 1325.683977111295 1328.2457986843444 1326.5598287475525 -1.0 1326.5598287475525 -1.0 1
280 0.0625 nan 0.8 1.0 1.0 1329.494288362416 1329.495321599372 1329.9577118021955 1328.9870023473525 1331.529348255193 1329.7142011828753 -1.0 1329.7142011828753 -1.0 1
281 1.0 nan 0.8 1.0 1.0 1335.0790674293037 1335.0803006476058 1335.3500754837373 1332.6182636331043 1336.9127904937652 1335.2462185045692 -1.0 1335.2462185045692 -1.0 1
282 0.125 nan 0.8 1.0 1.0 1338.3951914435424 1338.3962580107227 1338.7931209924152 1337.6653928505182 1340.3620297199573 1338.6009722488645 -1.0 1338.6009722488645 -1.0 1
283 1.0 nan 0.8 1.0 1.0 1341.7621107197363 1341.7629106451216 1342.354055504725 1341.117737491798 1343.9119668885362 1341.9136965802165 -1.0 1342.2439991038223 -1.0 2
284 1.0 nan 0.8 1.0 1.0 1345.2622175725528 1345.263217479284 1345.6870779427245 1344.6650732725607 1347.245290586428 1345.4737645066925 -1.0 1345.4737645066925 -1.0 1
285 0.125 nan 0.8 1.0 1.0 1348.5453779948798 1348.5461779202649 1349.5609166015138 1348.0117944327803 1351.1287261147886 1349.0963266038812 -1.0 1349.4868235127171 -1.0 2
286 0.25 nan 0.8 1.0 1.0 1352.4622459733437 1352.4631458894019 1353.0383589017517 1351.9004317111944 1354.5955652565199 1352.63016364377 -1.0 1352.9607994696196 -1.0 2
287 1.0 nan 0.8 1.0 1.0 1356.3943458643491 1356.3951457897342 1356.6917847867162 1355.3835734798015 1358.2623976203613 1356.5599970795176 -1.0 1356.5599970795176 -1.0 1
288 0.0625 nan 0.8 1.0 1.0 1359.9452479791207 1359.9461145649545 1360.4769317184303 1359.0125016498464 1362.043538513167 1360.0778022814798 -1.0 1360.3713415675945 -1.0 2
289 0.0625 nan 0.8 1.0 1.0 1363.378861034299 1363.3797609503572 1366.0637772592295 1362.830045559658 1367.628687369332 1363.4827513436915 -1.0 1366.0467788447957 -1.0 3
290 0.125 nan 0.8 1.0 1.0 1368.911678281378 1368.912711518334 1369.4026324864953 1368.399092760638 1370.9620387845755 1369.2108170451886 -1.0 1369.2108170451886 -1.0 1
291 0.25 nan 0.8 1.0 1.0 1372.462713717047 1372.463680293554 1373.1372507980493 1371.7160500304865 1374.695964843224 1372.7179899055734 -1.0 1373.0933215623165 -1.0 2
292 0.0625 nan 0.8 1.0 1.0 1376.0282811305458 1376.0293143675015 1376.580796260093 1375.4737661875358 1378.1449016261138 1376.2256293890998 -1.0 1376.4452422375396 -1.0 2
293 nan 1.0 0.8 -1.0 1.0 1379.4288639333636 1379.429963830768 1380.120532749697 1378.9301104557412 1381.6788413603117 1379.6229458299283 1.0 1380.099634699011 1.0 2
294 0.125 nan 0.8 1.0 1.0 1383.2120777120635 1383.21334426059 1388.4529221935738 1382.4600478593777 1390.0114298532624 1388.2999697938942 -1.0 1388.2999697938942 -1.0 1
295 nan 0.125 0.8 -1.0 1.0 1391.3778826944892 1391.3788826012205 1391.7792452564731 1390.794137144698 1393.344857517222 1391.6162271290304 1.0 1391.6162271290304 1.0 1
296 0.125 nan 0.8 1.0 1.0 1394.7283368398394 1394.7292034256732 1397.1762085089792 1394.1085613174935 1398.7455169781178 1397.0495536563353 -1.0 1397.0495536563353 -1.0 1
297 1.0 nan 0.8 1.0 1.0 1400.0120439899024 1400.0131772175314 1400.3806429413207 1399.5131238611582 1401.9446536328423 1400.1911606157205 -1.0 1400.1911606157205 -1.0 1
298 0.125 nan 0.8 1.0 1.0 1403.3611649262775 1403.3621315027845 1404.268780266369 1402.6968602241598 1405.8273877443405 1404.1160945084844 -1.0 1404.1160945084844 -1.0 1
299 nan 0.25 0.8 -1.0 1.0 1407.295031319175 1407.2960978863553 1407.610801864951 1406.6404923728007 1409.1783135610583 1407.4695150438044 1.0 1407.4695150438044 1.0 1
300 nan 0.25 0.8 -1.0 1.0 1410.5611266666194 1410.5620932431266 1411.137539567047 1409.9461173663599 1412.6951472897435 1410.7556418561012 1.0 1411.111208689787 1.0 2
301 1.0 nan 0.8 1.0 1.0 1414.1424259460255 1414.1433925225326 1414.86309205757 1413.4813542756729 1416.427593319769 1414.6928079412123 -1.0 1414.6928079412123 -1.0 1
302 0.0 nan 0.8 1.0 1.0 1417.8117836782435 1417.8127169245263 1425.5395961820916 1417.2576020374775 1427.0950051254308 1417.9638694920895 -1.0 1425.4130746503452 -1.0 5
303 nan 0.0 0.8 -1.0 1.0 1428.727532153365 1428.7286320507696 1430.8422348996025 1428.2128134982647 1432.394946575457 1429.0953645096226 1.0 1430.635620838671 -1.0 6
304 0.0625 nan 0.8 1.0 1.0 1434.4113686471098 1434.4122352329439 1438.4203280355357 1433.1776503916844 1439.9783361464413 1438.2168470156957 -1.0 1438.2168470156957 -1.0 1
305 1.0 nan 0.8 1.0 1.0 1441.2275328537164 1441.2285327604477 1441.5676344632898 1440.7444445815527 1443.1284736365546 1441.4311471944538 -1.0 1441.4311471944538 -1.0 1
306 0.25 nan 0.8 1.0 1.0 1446.675924642441 1446.6768245584992 1450.1020383971338 1443.9176819238744 1451.6613474970263 1449.621749863818 1.0 1449.7805350527644 -1.0 2
307 1.0 nan 0.8 1.0 1.0 1453.1781181353879 1453.1791180421192 1453.5136535042213 1452.456352126439 1455.0782907336825 1453.3877985769625 -1.0 1453.3877985769625 -1.0 1
308 nan 0.125 0.8 1.0 -1.0 1456.4279150031105 1456.42874825872 1458.7020695427818 1455.8754998642364 1461.2614507169835 1458.1114912969929 -1.0 1458.5807808562631 -1.0 3
309 1.0 nan 0.8 1.0 1.0 1462.6944304794665 1462.6953970559734 1462.9674716775874 1462.063555992402 1464.5281795710066 1462.8454497261323 -1.0 1462.8454497261323 -1.0 1
310 nan 0.25 0.8 -1.0 1.0 1465.844303334498 1465.845369901678 1466.684691612015 1465.3304845954558 1468.2443269374423 1466.5370053877873 1.0 1466.5370053877873 1.0 1
311 0.125 nan 0.8 1.0 1.0 1469.527893072526 1469.5293262721746 1472.1102521970392 1469.0645362931955 1473.6595645676584 1471.7442196728982 -1.0 1472.0854211798762 -1.0 2
312 nan 0.25 0.8 -1.0 1.0 1475.1118722140286 1475.112972111433 1475.9418947917636 1474.4638659916327 1477.4929013343854 1475.105772782967 -1.0 1475.5258002706037 1.0 2
313 nan 0.0625 0.8 1.0 -1.0 1484.1775932547139 1484.178559831221 1513.0823637624305 1478.2995082132825 1515.6450937043094 1512.1430513789535 -1.0 1513.0570994523505 -1.0 3
314 1.0 nan 0.8 1.0 1.0 1518.393568347607 1518.3946349147873 1534.7929053283983 1516.598102490481 1536.3602065016455 1527.3833964673793 1.0 1534.7715073243464 -1.0 3
315 0.25 nan 0.8 1.0 1.0 1537.9587433609079 1537.9598432583123 1538.298211696218 1537.2097132284161 1539.860552520723 1538.1665239796928 -1.0 1538.1665239796928 -1.0 1
316 0.0625 nan 0.8 1.0 1.0 1541.2100734189519 1541.2111399861321 1541.6783630714908 1540.616162150725 1543.2440764690596 1541.5246774068746 -1.0 1541.5246774068746 -1.0 1
317 0.0625 nan 0.8 1.0 1.0 1544.5267973772295 1544.5277639537367 1545.3261894787595 1544.0055793283752 1546.8940249524705 1544.7425439196413 -1.0 1545.1040435332668 -1.0 3
318 0.0 nan 0.8 1.0 1.0 1548.427233555074 1548.428100140908 1548.8189303519878 1547.6845361652147 1550.3940425807466 1548.634647541391 -1.0 1548.634647541391 -1.0 1
319 0.125 nan 0.8 1.0 1.0 1551.8102179994191 1551.8110512550286 1552.3576669348606 1551.183143157934 1553.9270738727212 1551.9336731505227 -1.0 1552.2710750119213 -1.0 2
320 0.0625 nan 0.8 1.0 1.0 1555.1933690948863 1555.1943690016176 1555.7088876753717 1554.714780403014 1557.2770239443666 1555.4516450036067 -1.0 1555.4516450036067 -1.0 1
321 0.25 nan 0.8 1.0 1.0 1558.6766441843906 1558.6776774213465 1558.9922480790449 1558.063634697594 1560.5584571227703 1558.8330962576304 -1.0 1558.8330962576304 -1.0 1
322 0.0 nan 0.8 1.0 1.0 1561.8271503136853 1561.8283168715386 1562.6177765662032 1561.3488615938325 1564.1939848580648 1562.0742605972387 -1.0 1562.5463165651324 -1.0 2
323 1.0 nan 0.8 1.0 1.0 1565.608664250942 1565.609630827449 1566.1554132516715 1564.988188793884 1567.7247198952061 1565.789080755511 -1.0 1565.789080755511 -1.0 1
324 0.25 nan 0.8 1.0 1.0 1569.2774886995699 1569.2785885969745 1569.7166477360008 1568.5168263187697 1571.2773534333814 1569.5163664177014 -1.0 1569.5163664177014 -1.0 1
325 0.0625 nan 0.8 1.0 1.0 1572.6772049165538 1572.6782381535095 1573.0328717409127 1572.0886598144518 1574.5916985356398 1572.6725386851406 -1.0 1572.8608877831118 -1.0 2
326 0.0 nan 0.8 1.0 1.0 1577.1771851705457 1577.1782184075014 1577.4800235892621 1575.8034133122753 1579.0435339085766 1577.3128725139966 -1.0 1577.3128725139966 -1.0 1
327 0.125 nan 0.8 1.0 1.0 1580.409750312264 1580.4108502096683 1580.7072558950797 1579.843136497804 1582.275062034432 1580.5605695775832 -1.0 1580.5605695775832 -1.0 1
328 1.0 nan 0.8 1.0 1.0 1583.7435726756485 1583.744505921931 1583.987483257661 1583.0710687383332 1585.560014196097 1583.8681943846052 -1.0 1583.8681943846052 -1.0 1
329 1.0 nan 0.8 1.0 1.0 1586.90821082008 1586.9091440663628 1587.6380094131046 1586.3792268289453 1589.2104501618142 1587.090727128785 -1.0 1587.580514776049 -1.0 2
330 nan 0.125 0.2 -1.0 1.0 1590.640695997274 1590.6417958946784 1591.6177715249735 1590.0163542341877 1593.1727714153624 1591.2632379282434 1.0 1591.5268800030892 1.0 2
331 nan 0.0 0.2 1.0 -1.0 1595.476378271221 1595.4774448384012 1604.8297058180815 1594.0841747988686 1607.393013125711 1604.6921853122897 -1.0 1604.6921853122897 -1.0 1
332 nan 0.25 0.2 -1.0 1.0 1608.7427408207416 1608.7436740670241 1609.144236703623 1608.251419983156 1610.7100445500753 1608.9956838935614 1.0 1608.9956838935614 1.0 1
333 nan 0.0625 0.2 1.0 -1.0 1612.090661869039 1612.091628445546 1612.614313024273 1611.5048498453361 1615.1768928288454 1612.2523801177306 -1.0 1612.5564517547493 -1.0 2
334 nan 0.125 0.2 -1.0 1.0 1616.5766100985668 1616.577610005298 1616.998337427647 1615.9731997163913 1618.5592405993157 1616.8349193375118 1.0 1616.8349193375118 1.0 1
335 nan 0.25 0.2 -1.0 1.0 1619.9595945429119 1619.9605944496432 1620.2992628595684 1619.3584506159943 1621.8590715916498 1620.1599758518844 1.0 1620.1599758518844 1.0 1
336 nan 1.0 0.2 -1.0 1.0 1623.2936168876427 1623.2945834641498 1623.8031026975154 1622.663175693495 1625.3586079404865 1623.4485024403366 1.0 1623.7721389190663 1.0 2
337 nan 1.0 0.2 -1.0 1.0 1626.792657173279 1626.7935570893371 1627.3037095036975 1626.1624159604776 1628.8771458398787 1626.9266113450622 1.0 1627.2685794472009 1.0 2
338 nan 0.0625 0.2 -1.0 1.0 1630.3757562848016 1630.376856182206 1631.2058788532097 1629.7005525993115 1632.7771818712679 1630.5915028272132 1.0 1630.8297472710815 1.0 2
339 nan 0.125 0.2 -1.0 1.0 1634.3075562037877 1634.308822752314 1634.667289315521 1633.616687312839 1636.2249242661653 1634.5424676252178 1.0 1634.5424676252178 1.0 1
340 0.125 nan 0.2 1.0 1.0 1637.6091815704212 1637.610481449172 1638.1057352532343 1637.0444342485266 1639.6747428480217 1637.826161331135 -1.0 1637.826161331135 -1.0 1
341 nan 0.25 0.2 -1.0 1.0 1641.1094884045838 1641.110454981091 1641.6352726941782 1640.5210432931551 1643.1932745868453 1641.3220019152307 1.0 1641.5458810323912 1.0 2
342 0.125 nan 0.2 1.0 1.0 1644.710019223457 1644.7110857906373 1648.3160495293532 1644.038581853322 1649.8765530991857 1648.1228675488467 -1.0 1648.1228675488467 -1.0 1
343 nan 0.0625 0.2 -1.0 1.0 1651.4257261337823 1651.4266927102892 1652.262481416842 1650.696460824348 1653.824885173042 1651.7863258313494 1.0 1652.1649238500818 1.0 2
344 nan 1.0 0.2 -1.0 1.0 1655.1601777942144 1655.1610110498239 1655.573705888097 1654.6796892795523 1657.1441338629593 1655.3204295130333 1.0 1655.3204295130333 1.0 1
345 nan 0.0 0.2 -1.0 1.0 1658.5557943935996 1658.5566609794334 1659.0524480670858 1657.9962465867081 1660.6103572319469 1658.8474338569245 1.0 1658.8474338569245 1.0 1
346 nan 0.125 0.2 -1.0 1.0 1661.9243135205636 1661.9252800970708 1662.3074777800362 1661.4474580003591 1663.8746051868286 1662.1796563695389 1.0 1662.1796563695389 1.0 1
347 nan 0.0 0.2 1.0 -1.0 1666.409495154931 1666.4105950523353 1670.9565710159716 1664.715419840369 1673.5262815781823 1666.5529151104379 1.0 1670.7642889515234 -1.0 4
348 0.125 nan 0.2 1.0 1.0 1674.9735296582487 1674.97452956498 1675.4263207564509 1674.3755854328715 1676.9918191065847 1675.242404578322 -1.0 1675.242404578322 -1.0 1
349 0.0625 nan 0.2 -1.0 -1.0 1678.3758789629585 1678.3768455394654 1679.2861607210004 1677.8549275558992 1681.8433696264221 1679.1687050102853 1.0 1679.1687050102853 1.0 1
350 nan 0.125 0.2 -1.0 1.0 1683.2252932893502 1683.2264598472034 1684.2583969242326 1682.6940761731819 1685.825825187162 1684.0241854375142 1.0 1684.0241854375142 1.0 1
351 nan 0.125 0.2 1.0 -1.0 1687.2593836669585 1687.2604502341387 1696.8903519829043 1686.707535141899 1699.4430596738528 1692.1348955590397 -1.0 1696.7547646301264 -1.0 2
352 nan 1.0 0.2 -1.0 1.0 1700.8078532356312 1700.8086531610165 1701.184384780452 1700.3131660453835 1702.7414885576693 1700.9943358410374 1.0 1700.9943358410374 1.0 1
353 nan 0.125 0.2 1.0 -1.0 1704.7260544230703 1704.7269543391287 1715.5182810866395 1703.5899937250783 1718.074655355148 1713.1855653427324 1.0 1715.416223939588 -1.0 5
354 nan 0.0 0.2 1.0 -1.0 1719.4923437301395 1719.4932103159733 1751.2436153905808 1718.9306627888877 1753.808815976867 1721.7704312362878 -1.0 1751.170755520086 -1.0 2
355 nan 0.25 0.2 1.0 -1.0 1755.2248440323224 1755.2259105995024 1758.876203443375 1754.7326232786786 1761.4419799728132 1758.3986479884586 -1.0 1758.8126760357068 -1.0 2
356 nan 1.0 0.2 -1.0 1.0 1763.8425401968918 1763.843506773399 1764.4618157658722 1762.3023838585168 1766.023716249657 1763.7739799253422 -1.0 1763.7739799253422 -1.0 1
357 nan 0.25 0.2 1.0 -1.0 1767.4087075544294 1767.40947414959 1775.7054336582196 1766.9026214274436 1778.2751389740758 1775.5192843550574 -1.0 1775.5192843550574 -1.0 1
358 nan 0.125 0.2 1.0 -1.0 1779.8749780677083 1779.8760779651127 1783.1487060365357 1779.148345846 1785.7255135358887 1782.950924485065 -1.0 1782.950924485065 -1.0 1
359 0.25 nan 0.2 1.0 1.0 1787.324183225964 1787.3250164815734 1791.3207771011446 1786.5726199964195 1792.8917050338055 1791.1902226122484 -1.0 1791.1902226122484 -1.0 1
360 0.0625 nan 0.2 1.0 1.0 1794.8585471075105 1794.8596136746905 1799.963270952653 1793.7662156639049 1801.5239041507057 1799.7819545320258 -1.0 1799.7819545320258 -1.0 1
361 1.0 nan 0.2 1.0 1.0 1802.95855822701 1802.9595581337414 1804.583606646881 1802.383711847128 1806.1577354429687 1804.434587213678 -1.0 1804.434587213678 -1.0 1
362 nan 1.0 0.2 -1.0 1.0 1808.8749730264785 1808.8758396123123 1815.1605200609554 1807.097538820742 1816.7238460901594 1814.8695805323423 1.0 1814.8695805323423 1.0 1
363 0.25 nan 0.2 1.0 1.0 1819.5576099122861 1819.5584098376712 1828.122544331662 1817.6528542494182 1829.6917747633893 1827.89553217341 -1.0 1827.89553217341 -1.0 1
364 nan 0.0625 0.2 1.0 -1.0 1831.241220096674 1831.2423199940786 1832.8209727416126 1830.582581532701 1835.3917429895716 1832.57759544319 -1.0 1832.57759544319 -1.0 1
365 0.125 nan 0.2 1.0 1.0 1836.7570722595437 1836.7579388453776 1837.4515408147251 1836.25275263445 1839.0080768245668 1837.3096540495396 -1.0 1837.3096540495396 -1.0 1
366 nan 1.0 0.2 -1.0 1.0 1840.4746921566639 1840.4755587424977 1840.8797877037784 1839.8681820636211 1842.4407937869566 1840.663274566206 1.0 1840.663274566206 1.0 1
367 0.25 nan 0.2 1.0 1.0 1843.7744843609564 1843.7755509281367 1844.1131194406573 1843.3025950441845 1845.6748196876683 1844.0097624148548 -1.0 1844.0097624148548 -1.0 1
368 nan 0.0 0.2 1.0 -1.0 1847.0578114344055 1847.05891133181 1847.4888712263119 1846.5444259882804 1850.0565770576277 1847.3619164016484 -1.0 1847.3619164016484 -1.0 1
369 nan 0.0625 0.2 -1.0 1.0 1851.5904219780653 1851.5914885452455 1852.5032035029358 1850.8956867810887 1854.0573074080025 1852.110106836598 1.0 1852.3461181554328 1.0 2
370 nan 1.0 0.2 -1.0 1.0 1855.4242643675987 1855.425097623208 1855.7484341299185 1854.9292105448824 1857.3080367543344 1855.595148427995 1.0 1855.595148427995 1.0 1
371 nan 0.0625 0.2 1.0 -1.0 1858.6407310109412 1858.641764247897 1861.4607346352839 1858.1512433356966 1864.0239060282993 1859.2258764301564 1.0 1861.2773850709693 -1.0 3
372 0.0625 nan 0.2 1.0 1.0 1865.5409207132095 1865.5416873083705 1873.0136236796532 1864.9072131570729 1874.5741230223268 1872.827474376491 -1.0 1872.827474376491 -1.0 1
373 nan 0.0 0.2 -1.0 1.0 1875.9241188631875 1875.924952118797 1877.0439477419065 1875.4400306842924 1878.606680526523 1876.6441517004685 -1.0 1876.7568745193216 1.0 2
374 nan 0.125 0.2 -1.0 1.0 1879.940344240528 1879.9412441565864 1880.822195317174 1879.4497899981034 1882.390300784867 1880.39450187793 1.0 1880.7014732444698 1.0 3
375 nan 0.25 0.2 -1.0 1.0 1883.9904997862875 1883.9915330232434 1884.590243843781 1883.2587013798004 1886.157240961813 1884.1808153674974 1.0 1884.5900438624349 1.0 2
376 0.0625 nan 0.2 -1.0 -1.0 1887.6405593185896 1887.6415258950965 1888.5705059090158 1887.02365019554 1891.141606878968 1887.8363410565976 1.0 1888.5668729145584 1.0 2
377 0.125 nan 0.2 -1.0 -1.0 1892.7908122502351 1892.7918121569664 1893.1051495963627 1892.0288166604596 1895.657448144177 1892.9585632695396 1.0 1892.9585632695396 1.0 1
378 nan 1.0 0.2 -1.0 1.0 1897.4891739997367 1897.4901072460193 1897.8204764300738 1896.9596567250117 1899.3897773660917 1897.671656978217 1.0 1897.671656978217 1.0 1
379 nan 0.0 0.2 -1.0 1.0 1900.80586462779 1900.8067312136238 1902.298992019565 1900.2616820543378 1903.8577243914165 1901.866765669805 1.0 1902.1270413919885 1.0 2
380 nan 0.0 0.2 -1.0 1.0 1905.3240431842933 1905.3253763932685 1906.169131023448 1904.7276321492377 1907.7408630833975 1905.770301558517 1.0 1906.0130122524522 1.0 2
381 0.0625 nan 0.2 1.0 1.0 1909.1240887263052 1909.1250219725878 1912.5422032271467 1908.6156694836127 1914.1074368928644 1912.3207238861419 -1.0 1912.3207238861419 -1.0 1
382 nan 1.0 0.2 -1.0 1.0 1915.7071746738225 1915.7082745712269 1916.0801398846345 1914.9535449703662 1917.6362728936183 1915.8667931183782 1.0 1915.8667931183782 1.0 1
383 nan 0.25 0.2 -1.0 1.0 1919.0238653018757 1919.0249318690558 1919.398163721663 1918.5154793894076 1920.9572986363462 1919.207381517312 1.0 1919.207381517312 1.0 1
384 nan 0.0625 0.2 1.0 -1.0 1922.3239908084122 1922.3248907244704 1923.1762113155842 1921.8375028533617 1925.7395490316962 1922.6537267182034 1.0 1922.9470660229717 -1.0 2
385 nan 0.0625 0.2 1.0 -1.0 1927.0906795178926 1927.0915127735022 1927.7248536971708 1926.6176569734919 1930.2882919218011 1927.5389377055792 -1.0 1927.5389377055792 -1.0 1
386 nan 0.25 0.2 -1.0 1.0 1931.6906171148 1931.691483700634 1931.9980217742568 1931.171698851428 1933.5553220942543 1931.8557350463786 1.0 1931.8557350463786 1.0 1
387 0.0625 nan 0.2 -1.0 -1.0 1935.1065984812815 1935.1074650671153 1935.6027855316263 1934.4300282565919 1938.1564591101665 1935.2380528862361 1.0 1935.513360539615 1.0 2
388 nan 0.25 0.2 -1.0 1.0 1939.5908135391414 1939.592080087668 1940.1967903485943 1939.0495640254348 1941.7566139540234 1939.8193255574909 1.0 1940.193957279522 1.0 2
389 nan 0.125 0.2 1.0 -1.0 1943.140749077406 1943.141715653913 1969.607513662399 1942.644728678183 1972.1732120675824 1943.7005635260923 1.0 1969.5887820762975 -1.0 5
390 0.25 nan 0.2 1.0 1.0 1975.3738757917088 1975.3747757077672 1977.518975702581 1973.122319144167 1979.0738727382302 1977.2860640946135 -1.0 1977.2860640946135 -1.0 1
391 nan 0.25 0.2 -1.0 1.0 1980.6727815240893 1980.6737481005962 1981.0992084148068 1979.9886786686898 1982.656930697687 1980.8918944191632 1.0 1980.8918944191632 1.0 1
392 nan 0.0625 0.2 -1.0 1.0 1984.1396248129743 1984.140391408135 1984.9917453294734 1983.5592456158454 1986.573377013343 1984.5889162376168 1.0 1984.8443257470406 1.0 2
393 0.125 nan 0.2 1.0 1.0 1988.8226213290368 1988.8236878962168 1999.1450918101943 1987.4318843865572 2000.7235172508608 1998.9237124598624 -1.0 1998.9237124598624 -1.0 1
394 0.25 nan 0.8 1.0 1.0 2002.4389845647715 2002.4399178110543 2005.1354330473375 2001.6440253830845 2006.7068677301063 2004.9720149572024 -1.0 2004.9720149572024 -1.0 1
395 nan 0.0 0.8 1.0 -1.0 2008.239343522949 2008.2401767785584 2010.4578365879058 2007.5684727666285 2013.0238403314086 2010.1362332528633 -1.0 2010.1362332528633 -1.0 1
396 1.0 nan 0.8 1.0 1.0 2014.4898938218269 2014.4907937378853 2014.829862110503 2013.8998488596278 2016.4069585855393 2014.6560783205855 -1.0 2014.6560783205855 -1.0 1
397 0.125 nan 0.8 1.0 1.0 2017.9894007306045 2017.9904339675602 2019.6869090582777 2017.3487604877967 2021.2570049681444 2019.2139531743255 -1.0 2019.6098162492867 -1.0 2
398 0.0625 nan 0.8 1.0 1.0 2022.7231258481731 2022.724059094456 2023.8672524604654 2022.1379137685092 2025.439750094058 2023.7324317028483 -1.0 2023.7324317028483 -1.0 1
399 0.25 nan 0.8 1.0 1.0 2027.0536219111927 2027.0547218085974 2027.6977618275605 2026.3151574598296 2029.2723910344996 2027.5017801082063 -1.0 2027.5017801082063 -1.0 1
400 1.0 nan 0.8 1.0 1.0 2030.6730509672896 2030.6740175437967 2030.9608241245865 2030.1629985436025 2032.5394216248835 2030.8453682273341 -1.0 2030.8453682273341 -1.0 1
401 0.125 nan 0.8 1.0 1.0 2034.1558594336527 2034.1569926612817 2034.7668357767625 2033.4262274917503 2036.339862832873 2034.3629401177257 -1.0 2034.686276624436 -1.0 2
402 0.0625 nan 0.8 1.0 1.0 2037.9217748258995 2037.922608081509 2038.2417783101719 2037.2363720917494 2039.8061077665636 2038.1185898008634 -1.0 2038.1185898008634 -1.0 1
403 0.0625 nan 0.8 1.0 1.0 2042.5561092143673 2042.5569091397524 2042.758523667027 2040.6705184305179 2044.3214542667415 2042.534177926725 -1.0 2042.534177926725 -1.0 1
404 0.0 nan 0.8 1.0 1.0 2045.9231618114586 2045.9241950484145 2066.7717837749597 2045.2213606069135 2068.3384025948294 2066.4716784346424 -1.0 2066.4716784346424 -1.0 1
405 0.0 nan 0.8 1.0 1.0 2070.55606412084 2070.5569973671227 2072.198710899184 2069.348610082226 2073.7708595300883 2071.993063414759 -1.0 2071.993063414759 -1.0 1
406 0.0 nan 0.8 1.0 1.0 2075.60582642598 2075.606626351365 2076.0591508077723 2075.1174719783644 2077.6221866432566 2075.8433042746874 -1.0 2075.8433042746874 -1.0 1
407 1.0 nan 0.8 1.0 1.0 2079.055637970207 2079.056604546714 2079.3304123399957 2078.5072891187074 2080.9052100122663 2079.228121881373 -1.0 2079.228121881373 -1.0 1
408 0.25 nan 0.8 1.0 1.0 2082.572709907233 2082.5739097953106 2083.2235491987008 2081.80251508226 2084.7890450234254 2082.785956682816 -1.0 2083.084695483934 -1.0 2
409 nan 0.25 0.8 -1.0 1.0 2086.1885392990966 2086.1895392058277 2087.3141676368577 2085.6901524539426 2088.888791859235 2086.417251298792 1.0 2087.257706236758 1.0 4
410 1.0 nan 0.8 1.0 1.0 2090.420511218849 2090.4215111255803 2090.8408053482804 2089.806001871955 2092.4059327202244 2090.6324914459055 -1.0 2090.6324914459055 -1.0 1
411 0.0625 nan 0.8 1.0 1.0 2093.9559147792834 2093.956814695342 2095.0134494686363 2093.3061420549957 2096.589077990508 2094.835732712242 -1.0 2094.835732712242 -1.0 1
412 0.125 nan 0.8 1.0 1.0 2098.088695951281 2098.089762518461 2098.426997728738 2097.485685531798 2099.9887209879316 2098.285344275123 -1.0 2098.285344275123 -1.0 1
413 0.0625 nan 0.8 1.0 1.0 2101.5060438569617 2101.507077093918 2106.7441885902977 2100.923931488165 2108.3050841539807 2103.3352732313847 -1.0 2106.6759616209915 -1.0 3
414 1.0 nan 0.8 1.0 1.0 2110.6218602248905 2110.622660150276 2111.0676186457486 2109.2454886091186 2112.639341905827 2110.8398065621113 -1.0 2110.8398065621113 -1.0 1
415 0.0 nan 0.8 1.0 1.0 2114.238556202588 2114.2396560999928 2114.89726142701 2113.5508536829557 2116.4704888807946 2114.7005131124947 -1.0 2114.7005131124947 -1.0 1
416 0.25 nan 0.8 1.0 1.0 2118.022136613756 2118.0229365391415 2118.3971016380315 2117.373197145078 2119.9546036386114 2118.2281507306493 -1.0 2118.2281507306493 -1.0 1
417 0.125 nan 0.8 1.0 1.0 2121.439217877642 2121.440251114598 2122.100722840912 2120.8813032517455 2123.6698476500364 2121.6886279466776 -1.0 2122.0187304889373 -1.0 2
418 0.0 nan 0.8 1.0 1.0 2125.122440983202 2125.1232409085874 2136.114582332603 2124.5685593144553 2137.6882054075904 2126.813949870487 -1.0 2135.96152994225 -1.0 2
419 0.0625 nan 0.8 1.0 1.0 2140.4722091982676 2140.473109114326 2141.849147427854 2138.635913816276 2143.421541449402 2141.7205260919714 -1.0 2141.7205260919714 -1.0 1
420 0.0 nan 0.8 1.0 1.0 2144.9050623803582 2144.9063955893334 2145.3865841319757 2144.370945534669 2146.9549790407486 2145.1519060221162 -1.0 2145.1519060221162 -1.0 1
421 nan 0.25 0.8 -1.0 1.0 2148.437232909028 2148.438032834413 2149.4093089030707 2147.8441882266347 2150.9720323923193 2148.640780589317 1.0 2149.3877442478965 1.0 3
422 0.25 nan 0.8 1.0 1.0 2152.603310975181 2152.6043442121368 2159.7761085826533 2151.8938438190285 2161.3356302924985 2159.4698704810503 -1.0 2159.4698704810503 -1.0 1
423 1.0 nan 0.8 1.0 1.0 2163.754337504201 2163.7552707504833 2169.3220181659817 2162.3176381823014 2170.8885128893767 2169.1753318484853 -1.0 2169.1753318484853 -1.0 1
424 0.25 nan 0.8 1.0 1.0 2172.387032269741 2172.388198827595 2174.8449696666444 2171.8160188656634 2176.4049921279147 2174.524966182372 -1.0 2174.774509572305 -1.0 2
425 0.25 nan 0.8 1.0 1.0 2178.5695889108842 2178.5704888269424 2183.9231562112477 2177.3304044986603 2185.488078506359 2183.2597514251884 -1.0 2183.887926164078 -1.0 2
426 0.125 nan 0.8 1.0 1.0 2187.038165651578 2187.03909889786 2201.61773904167 2186.471385185996 2203.17126552669 2200.4693794908817 -1.0 2201.579042651165 -1.0 2
427 1.0 nan 0.8 1.0 1.0 2204.6714875295893 2204.6726207572183 2207.0148022848493 2204.1069735192655 2208.5705030626696 2206.8789482902766 -1.0 2206.8789482902766 -1.0 1
428 nan 0.25 0.8 1.0 -1.0 2211.187713047 2211.1885796328343 2211.3645632175608 2209.46990661268 2213.9214598477884 2211.24174134072 -1.0 2211.24174134072 -1.0 1
429 0.0 nan 0.8 1.0 1.0 2215.3375926241047 2215.3385258703875 2218.1036012849518 2214.868169743937 2219.6711291391975 2217.943816189274 -1.0 2217.943816189274 -1.0 1
430 0.125 nan 0.8 1.0 1.0 2221.1032548187027 2221.104154734761 2222.055232687444 2220.568338047628 2223.6197655205415 2221.8518849885018 -1.0 2221.8518849885018 -1.0 1
431 1.0 nan 0.8 1.0 1.0 2224.9879258004153 2224.9887923862493 2225.406986711545 2224.50437090511 2226.987906679551 2225.2538010002945 -1.0 2225.2538010002945 -1.0 1
432 0.125 nan 0.8 1.0 1.0 2229.3686838418 2229.36975040898 2230.839546643689 2227.935117560992 2232.4037444837872 2230.645198105329 -1.0 2230.645198105329 -1.0 1
433 0.0625 nan 0.8 1.0 1.0 2233.954222781775 2233.9550560373846 2240.3383272897436 2233.330247651157 2241.920746803803 2240.2289041631043 -1.0 2240.2289041631043 -1.0 1
434 0.125 nan 0.8 1.0 1.0 2243.554227319272 2243.5553272166767 2244.841173943032 2242.902354790848 2246.420398164196 2244.6422591639325 -1.0 2244.6422591639325 -1.0 1
435 0.125 nan 0.8 1.0 1.0 2247.854159566535 2247.85495949192 2250.078918713675 2247.3452070402527 2251.653657162478 2249.9202668456264 -1.0 2249.9202668456264 -1.0 1
436 0.25 nan 0.8 1.0 1.0 2253.6210216492104 2253.6219215652686 2262.344741257533 2253.0897712028177 2263.9213680502307 2261.1026237855635 -1.0 2262.3187436825165 -1.0 2
437 nan 0.25 0.2 1.0 -1.0 2265.603870588082 2265.6048038343647 2277.6650788844704 2264.85057418687 2280.237338738762 2270.096584853159 -1.0 2277.43556695939 -1.0 3
438 nan 0.0625 0.2 1.0 -1.0 2281.8017596927207 2281.802692939003 2282.3633739735233 2281.2216471373868 2284.9374769202336 2282.1643592037503 -1.0 2282.1643592037503 -1.0 1
439 nan 1.0 0.2 1.0 -1.0 2286.4687577010804 2286.4696576171386 2286.7123349808494 2285.853381768353 2289.270830865588 2286.57064819701 -1.0 2286.57064819701 -1.0 1
440 nan 1.0 0.2 1.0 -1.0 2290.9374408743797 2290.9383074602133 2304.2285344503903 2290.2149416004945 2306.8035980123445 2302.9250893655617 -1.0 2304.0618499982656 -1.0 3
441 nan 0.125 0.2 1.0 -1.0 2308.4205767613353 2308.4215100076176 2310.661167765056 2307.76070497906 2313.2369640771367 2310.515114721823 -1.0 2310.515114721823 -1.0 1
442 nan 1.0 0.2 -1.0 1.0 2314.887240235093 2314.888106820927 2316.777697231702 2314.1892720063515 2318.3527192881224 2315.4002257185257 1.0 2316.6208451957696 1.0 3
443 nan 0.125 0.2 1.0 -1.0 2319.9375024935985 2319.9384024096566 2354.427518691344 2319.3099276987477 2356.987112123784 2354.263267345599 -1.0 2354.263267345599 -1.0 1
444 0.25 nan 0.2 1.0 1.0 2359.784818976838 2359.785852213794 2376.362705969633 2357.9844202465038 2377.919726794697 2376.2175861726823 -1.0 2376.2175861726823 -1.0 1
445 nan 1.0 0.2 -1.0 1.0 2379.4687829098293 2379.469649495663 2384.5201783959637 2378.910734963035 2386.084000481141 2384.1053837535546 -1.0 2384.1053837535546 -1.0 1
446 nan 0.25 0.2 1.0 -1.0 2388.202634906363 2388.20360148287 2390.8243236956446 2387.0603081261875 2393.385686161952 2390.596844914251 -1.0 2390.596844914251 -1.0 1
447 0.0625 nan 0.2 1.0 1.0 2394.9023099787614 2394.9032432250438 2406.3751064939456 2394.3397957819 2407.935326431246 2405.747398378197 -1.0 2406.338376586679 -1.0 2
448 nan 0.25 0.2 1.0 -1.0 2410.869087307549 2410.870120544505 2416.0567700811735 2408.930034843794 2418.6197283660304 2415.391098839856 -1.0 2415.9810771416064 -1.0 2
449 nan 0.0625 0.2 1.0 -1.0 2420.118457884568 2420.119391130851 2423.94270116948 2419.6277369910217 2426.4858288052797 2423.6674268463257 -1.0 2423.6674268463257 -1.0 1
450 0.25 nan 0.2 1.0 1.0 2427.986490642383 2427.9873572282168 2429.3902597025954 2427.4604397109933 2430.9527555888835 2429.2259083661775 -1.0 2429.2259083661775 -1.0 1
451 nan 0.0625 0.2 1.0 -1.0 2433.1362769508873 2433.137310187843 2435.527287257235 2431.9162574176817 2438.0696213949313 2435.097427353406 -1.0 2435.097427353406 -1.0 1
452 0.0625 nan 0.2 1.0 1.0 2439.552645116056 2439.5536116925628 2443.2062709823663 2439.011928885939 2444.7696899623234 2442.8327058275154 -1.0 2443.16734128029 -1.0 2
453 nan 1.0 0.2 -1.0 1.0 2446.452068223163 2446.4529014787727 2452.12937199293 2445.7630991550045 2453.6837938497515 2451.45736800898 -1.0 2452.1263056122866 1.0 3
454 nan 1.0 0.2 -1.0 1.0 2455.3517047557634 2455.352837983392 2456.0394072753957 2454.6525033087196 2457.6191337229498 2455.790330508604 1.0 2455.790330508604 1.0 1
455 nan 0.0625 0.2 1.0 -1.0 2459.052626210469 2459.0534594660785 2471.961055480373 2458.5317414638585 2474.5353166065624 2471.686347771033 -1.0 2471.686347771033 -1.0 1
456 nan 0.25 0.2 1.0 -1.0 2476.034075560057 2476.0350088063396 2484.357299192229 2475.502625132318 2486.9351277653736 2484.2270446753523 -1.0 2484.2270446753523 -1.0 1
457 nan 1.0 0.2 1.0 -1.0 2488.5182110736037 2488.5192443105593 2490.4862275023447 2487.9112343574193 2493.0687908906675 2490.3465738621926 -1.0 2490.3465738621926 -1.0 1
458 nan 0.125 0.2 1.0 -1.0 2495.3849705608186 2495.385870476877 2497.555534763117 2494.00009973783 2500.135765385218 2497.3241230152466 -1.0 2497.3241230152466 -1.0 1
459 nan 0.0 0.2 1.0 -1.0 2501.834102336553 2501.8351689037327 2503.309798020977 2501.073673267323 2505.885726143949 2503.126481786887 -1.0 2503.126481786887 -1.0 1
460 nan 0.25 0.2 1.0 -1.0 2507.4688767400103 2507.4697766560685 2514.673104749073 2506.8512343520247 2517.250234141423 2514.4621244287478 -1.0 2514.4621244287478 -1.0 1
461 nan 0.25 0.2 1.0 -1.0 2518.8520482818367 2518.853048188568 2522.378019388772 2518.203542106075 2524.9521162481615 2522.185837314997 -1.0 2522.185837314997 -1.0 1
462 nan 1.0 0.2 -1.0 1.0 2526.6342890420974 2526.6356555812968 2527.5219395777854 2525.8969244881387 2529.101659264264 2527.1053117730353 1.0 2527.3610879149273 1.0 2
463 nan 0.25 0.2 1.0 -1.0 2530.8009003918405 2530.801933628796 2535.380906514569 2530.07386820744 2537.951835698372 2532.6038322192276 -1.0 2535.19805690362 -1.0 4
464 nan 1.0 0.2 1.0 -1.0 2539.51752066237 2539.5185538993255 2544.111492149113 2538.9317419688914 2546.6849487746576 2543.5923739043947 -1.0 2544.0670296297903 -1.0 2
465 nan 1.0 0.2 1.0 -1.0 2548.3171331916055 2548.3181330983366 2564.993677648565 2547.6618609802945 2567.5687376184032 2564.270211798173 -1.0 2564.270211798173 -1.0 1
466 0.0625 nan 0.2 1.0 1.0 2569.049832634713 2569.0506658903223 2575.336712878165 2568.5661444185102 2576.900544071675 2575.127165757488 -1.0 2575.127165757488 -1.0 1
467 0.0625 nan 0.8 1.0 1.0 2579.0679315068323 2579.068964743788 2587.218137944248 2578.407959733884 2588.785058037934 2586.9860595918904 -1.0 2586.9860595918904 -1.0 1
468 0.125 nan 0.8 1.0 1.0 2591.4344113283173 2591.435511225722 2596.8953352814087 2589.7836653054496 2598.467954562825 2592.9242390278787 -1.0 2596.8147094686337 -1.0 4
469 0.125 nan 0.8 1.0 1.0 2599.999312417469 2600.000445645098 2607.606669490408 2599.4618625493417 2609.1682576510298 2607.2325377217426 -1.0 2607.428186138853 -1.0 2
470 0.0625 nan 0.8 1.0 1.0 2610.7498096401146 2610.7507095561728 2615.4696360541166 2610.155065116278 2617.032352675274 2614.690575389459 -1.0 2615.2911527025617 -1.0 2
471 1.0 nan 0.8 1.0 1.0 2618.634574170568 2618.6356740679726 2627.9973675011524 2618.0376631821464 2629.567787146234 2627.85504744305 -1.0 2627.85504744305 -1.0 1
472 0.0625 nan 0.8 1.0 1.0 2631.4493121797395 2631.4502454260223 2639.398770675715 2630.555095589849 2640.9674077298746 2632.6573661623925 -1.0 2639.3536415519043 -1.0 2
473 0.0625 nan 0.8 1.0 1.0 2642.515713269059 2642.5168464966873 2702.515713269059 2641.9545171713844 2656.5992730816265 2654.1924907574485 -1.0 2694.4725335438134 -1.0 33
474 1.0 nan 0.8 1.0 1.0 nan nan nan 2657.5949816140965 2667.8501920923222 nan 0.0 nan 0.0 0
475 0.125 nan 0.8 -1.0 -1.0 nan nan nan 2668.878500969634 2680.8998301296238 nan 0.0 nan 0.0 0
476 0.125 nan 0.8 1.0 1.0 nan nan nan 2681.939840130708 2692.6996549465703 nan 0.0 nan 0.0 0
477 nan 1.0 0.8 1.0 -1.0 nan nan nan 2693.7667642343076 2708.864525936383 nan 0.0 nan 0.0 0
