DY_013 2f63c555-eb74-4d8d-ada5-5c3ecf3b46be danlab 2020-03-06 _iblrig_tasks_ephysChoiceWorld6.2.5 M 295 407
0 nan 1.0 0.5 -1.0 1.0 11.078225400011078 10.983068250010984 11.22091113001122 9.47831874000948 12.789419543207252 11.117621460011117 1.0 11.117621460011117 1.0 1
1 0.25 nan 0.5 1.0 1.0 13.694830380013695 13.695696960013695 14.058427350014059 13.157917410013159 15.622729618697702 13.895476980013896 1.0 13.895476980013896 1.0 1
2 nan 0.25 0.5 -1.0 1.0 16.96093707001696 16.96197030001696 17.237042790017238 16.038329340016038 18.810948091541828 17.133653130017134 1.0 17.133653130017134 1.0 1
3 nan 0.125 0.5 -1.0 1.0 19.672599210019673 19.673599110019673 19.92987348001993 19.181448330019183 21.50607757591534 19.823017500019823 1.0 19.823017500019823 1.0 1
4 nan 0.25 0.5 -1.0 1.0 22.444521990022444 22.445555220022445 22.66896621002267 21.866479800021867 24.244375252316416 22.37792865002238 1.0 22.37792865002238 1.0 1
5 nan 1.0 0.5 -1.0 1.0 25.23904251002524 25.23984243002524 25.46938614002547 24.60837225002461 27.039489962110878 25.35656409002536 1.0 25.35656409002536 1.0 1
6 0.0625 nan 0.5 -1.0 -1.0 27.993900330027994 27.994800240027995 28.38979407002839 27.425990460027425 30.960400033040326 28.156117440028158 1.0 28.156117440028158 1.0 1
7 1.0 nan 0.5 1.0 1.0 32.67216579003267 32.67306570003267 32.956004070032954 31.341698850031342 34.527610455184416 32.834116260032836 -1.0 32.834116260032836 -1.0 1
8 0.125 nan 0.5 1.0 1.0 35.43875577003544 35.43968901003544 41.03202972004103 34.9007095800349 42.610961990705135 40.38912735004039 -1.0 40.38912735004039 -1.0 1
9 nan 0.125 0.5 -1.0 1.0 43.622270670043626 43.62323724004362 43.97213568004397 43.04466177004304 45.5441468928286 43.83991557004384 1.0 43.83991557004384 1.0 1
10 0.0625 nan 0.5 1.0 1.0 46.43895564004644 46.43985555004644 51.018164340051015 45.91644123004592 52.59397020382945 46.77535533004678 -1.0 50.94887127005095 -1.0 2
11 0.125 nan 0.5 1.0 1.0 53.672032260053676 53.67306549005367 53.999199540054 52.96436970005296 55.57200208073277 53.863779750053865 -1.0 53.863779750053865 -1.0 1
12 0.0625 nan 0.5 1.0 1.0 56.61043839005661 56.61133830005661 60.193513380060196 55.94960448005595 61.77721816680591 59.99679972006 -1.0 59.99679972006 -1.0 1
13 0.0625 nan 0.5 1.0 1.0 62.68849719006269 62.68959708006269 64.28733729006429 62.15781693006216 65.86054385721121 64.04012868006404 -1.0 64.04012868006404 -1.0 1
14 0.125 nan 0.5 1.0 1.0 66.83818218006684 66.83918208006683 67.68363096006769 66.22774323006622 69.26023811327191 67.06965903006707 -1.0 67.54957770006754 1.0 2
15 0.0625 nan 0.5 1.0 1.0 70.33843212007034 70.33949868007034 76.96206969007696 69.64083522006965 78.53800056656026 74.8001525700748 -1.0 75.33983193007533 -1.0 4
16 0.0625 nan 0.5 1.0 1.0 79.67676486007967 79.67763144007968 80.25150738008026 78.97530168007897 81.82651341114668 79.9025422800799 1.0 80.07935793008008 -1.0 2
17 0.25 nan 0.5 1.0 1.0 82.82095041008282 82.82191698008282 83.06939223008307 82.1983126800822 84.64370136864781 82.96556928008296 -1.0 82.96556928008296 -1.0 1
18 0.125 nan 0.5 1.0 1.0 85.53781203008553 85.53887859008555 85.92740640008593 85.01819733008502 87.50461055749071 85.72895958008573 -1.0 85.72895958008573 -1.0 1
19 nan 0.0 0.5 1.0 -1.0 91.10995476009111 91.11078801009111 94.43272245009443 87.88831029008789 97.00965642620052 91.33006608009133 -1.0 94.4034920400944 -1.0 4
20 0.0625 nan 0.5 1.0 1.0 97.90424193009791 97.90500852009791 98.72036031009873 97.42585644009743 100.2880673023113 98.05326036009805 -1.0 98.63780190009864 -1.0 2
21 0.25 nan 0.5 1.0 1.0 101.17618137010118 101.17728126010118 101.52747957010153 100.65876645010066 103.10418315967796 101.39205978010139 -1.0 101.39205978010139 -1.0 1
22 nan 0.125 0.5 -1.0 1.0 104.17618134010418 104.17724790010418 104.46988530010447 103.48828347010348 106.03738732757795 104.37032859010438 1.0 104.37032859010438 1.0 1
23 0.0 nan 0.5 -1.0 -1.0 107.17618131010718 107.17718121010718 107.5041818401075 106.46628564010646 110.07632036325278 107.38339392010738 1.0 107.38339392010738 1.0 1
24 nan 0.0625 0.5 -1.0 1.0 111.02053017011102 111.02146341011102 118.80005214011881 110.44922064011045 120.37075505152578 118.67519796011868 1.0 118.67519796011868 1.0 1
25 nan 0.0 0.5 1.0 -1.0 121.35919620012136 121.36029609012137 129.35149689012934 120.77745438012077 131.92609968035924 129.2194101001292 -1.0 129.2194101001292 -1.0 1
26 nan 0.0625 0.5 1.0 -1.0 133.08682332013308 133.08778989013308 133.65576642013366 132.32769924013232 136.2204050961831 133.46478552013346 -1.0 133.46478552013346 -1.0 1
27 0.25 nan 0.5 1.0 1.0 137.15904939013717 137.16004929013715 137.8999086301379 136.61810349013663 139.4707120927362 137.48358360013748 -1.0 137.7966189601378 -1.0 3
28 0.125 nan 0.5 1.0 1.0 140.39215938014038 140.39299263014038 140.6865299401407 139.87571103013988 142.25913436926012 140.56370889014056 -1.0 140.56370889014056 -1.0 1
29 nan 0.0625 0.5 -1.0 1.0 143.25373986014324 143.25460644014325 143.94903699014395 142.62893568014263 145.52574138598175 143.5084143901435 -1.0 143.77415448014378 1.0 2
30 nan 0.0625 0.5 -1.0 1.0 146.4869831701465 146.4878830801465 147.36056247014736 145.9198398901459 148.92576541436873 146.6900295301467 -1.0 147.23074212014723 1.0 3
31 nan 1.0 0.5 -1.0 1.0 149.8038514501498 149.80485135014982 150.0733578301501 149.32006650014932 151.63696544753464 149.95550295014996 1.0 149.95550295014996 1.0 1
32 nan 0.0625 0.5 -1.0 1.0 152.55887592015256 152.55980916015255 152.98356678015298 152.022062940152 154.5592721244432 152.83048209015283 1.0 152.83048209015283 1.0 1
33 nan 0.125 0.5 -1.0 1.0 155.5036480801555 155.5044146701555 155.84938017015585 154.93917120015493 157.42028538309452 155.72592585015573 1.0 155.72592585015573 1.0 1
34 nan 1.0 0.5 -1.0 1.0 158.47501758015846 158.47605081015848 158.7161934601587 157.7984852401578 160.30889671517787 158.60290479015862 1.0 158.60290479015862 1.0 1
35 nan 0.25 0.5 -1.0 1.0 161.2864697401613 161.2873363201613 161.55110994016155 160.68909615016068 163.14201187140424 161.43715467016145 1.0 161.43715467016145 1.0 1
36 0.125 nan 0.5 1.0 1.0 164.03659470016404 164.03762793016404 165.0870229801651 163.54091094016354 166.6532216671442 164.2033113601642 1.0 164.64233412016463 -1.0 2
37 nan 0.0 0.5 -1.0 1.0 167.67486417016767 167.67589740016768 170.41945635017044 167.1072209401671 171.99275794155562 167.8795437001679 1.0 170.2932689701703 1.0 5
38 1.0 nan 0.5 1.0 1.0 173.1029879701731 173.1038212201731 173.42185608017343 172.3945588201724 174.99206118437155 173.22627564017324 -1.0 173.22627564017324 -1.0 1
39 nan 1.0 0.5 -1.0 1.0 176.01949629017602 176.02042953017602 176.3072675101763 175.3900592401754 177.87517267001797 176.1943788001762 1.0 176.1943788001762 1.0 1
40 0.0625 nan 0.5 -1.0 -1.0 181.15331619018116 181.15434942018115 181.4146900501814 178.25787243017825 183.99179287870737 181.30903395018132 1.0 181.30903395018132 1.0 1
41 1.0 nan 0.5 1.0 1.0 185.01939621018502 185.020296120185 185.35669581018536 184.3931921701844 186.9193015636985 185.1878460301852 -1.0 185.1878460301852 -1.0 1
42 1.0 nan 0.5 1.0 1.0 187.77468732018778 187.77558723018777 188.11142031018812 187.30760070018732 189.69202028213525 187.92693876018794 -1.0 187.92693876018794 -1.0 1
43 nan 0.0 0.5 -1.0 1.0 190.58587284019058 190.58687274019059 190.8912089701909 190.1013213001901 192.45843923063836 190.74372372019076 1.0 190.74372372019076 1.0 1
44 0.25 nan 0.5 1.0 1.0 193.58580615019358 193.5868393801936 194.1987448501942 192.91114029019292 195.7749454874506 193.83718101019383 1.0 193.94163723019395 -1.0 2
45 0.0 nan 0.5 1.0 1.0 196.81968273019683 196.8207826201968 198.89104224019889 196.2073439701962 200.45794721269257 197.05555914019706 -1.0 198.85867881019885 -1.0 2
46 nan 1.0 0.5 -1.0 1.0 201.43638768020145 201.43738758020143 201.6830630102017 200.85994533020087 203.2576669257948 201.58037328020157 1.0 201.58037328020157 1.0 1
47 nan 0.25 0.5 -1.0 1.0 204.13621767020413 204.13701759020415 204.39235872020438 203.64376692020363 205.97499159438152 204.2921020802043 1.0 204.2921020802043 1.0 1
48 nan 0.0625 0.5 1.0 -1.0 208.76958762020877 208.7706208502088 209.16994758020917 206.37759351020637 211.74131547537556 208.95393585020895 -1.0 208.95393585020895 -1.0 1
49 0.0625 nan 0.5 1.0 1.0 213.0855559802131 213.0865558802131 213.6042041102136 212.16171504021216 215.17420972061137 213.45138606021345 -1.0 213.45138606021345 -1.0 1
50 0.25 nan 0.5 1.0 1.0 216.35259591021637 216.35349582021635 216.65413242021665 215.57770674021558 218.21942764591734 216.51807936021652 -1.0 216.51807936021652 -1.0 1
51 0.0625 nan 0.5 1.0 1.0 220.12445202022013 220.12545192022012 220.6993278602207 218.68812900021868 222.27443180003402 220.36609452022037 -1.0 220.36609452022037 -1.0 1
52 nan 0.25 0.5 -1.0 1.0 223.28563587022327 223.28673576022328 223.52714505022354 222.6788298902227 225.10764601853924 223.43138796022345 1.0 223.43138796022345 1.0 1
53 1.0 nan 0.5 1.0 1.0 226.45248582022646 226.45335240022646 226.8150495602268 225.5136463802255 228.39085269993052 226.64193354022663 -1.0 226.64193354022663 -1.0 1
54 nan 0.0625 0.5 -1.0 1.0 229.33576413022934 229.33663071022934 229.63706733022963 228.7973513102288 231.20756871432417 229.53957708022955 1.0 229.53957708022955 1.0 1
55 0.125 nan 0.5 1.0 1.0 232.56847416023257 232.56957405023257 232.90907343023292 231.61686933023162 234.485375849832 232.75552212023277 -1.0 232.75552212023277 -1.0 1
56 0.125 nan 0.5 1.0 1.0 235.60717026023562 235.6082034902356 235.9071069302359 234.8981745002349 237.4737068541214 235.7908185602358 -1.0 235.7908185602358 -1.0 1
57 nan 0.0625 0.5 1.0 -1.0 238.5191457002385 238.52014560023852 238.65816513023867 237.87980964023788 241.22440387017878 238.4840825402385 -1.0 238.4840825402385 -1.0 1
58 nan 0.125 0.5 1.0 -1.0 242.73519072024274 242.73609063024273 242.93610396024295 241.63330092024162 245.50733798535512 242.74245666024274 -1.0 242.74245666024274 -1.0 1
59 nan 1.0 0.5 -1.0 1.0 246.53554398024653 246.53671053024655 246.75982155024676 245.9122396502459 248.34045677507817 246.67702983024668 1.0 246.67702983024668 1.0 1
60 0.0 nan 0.5 1.0 1.0 249.26887062024926 249.27000384024927 249.5925382502496 248.74705614024876 251.168843906426 249.45595191024947 -1.0 249.45595191024947 -1.0 1
61 0.25 nan 0.5 1.0 1.0 252.12385176025214 252.12495165025211 252.75685512025277 251.57993949025158 254.31835785048884 252.3062335202523 -1.0 252.3062335202523 -1.0 1
62 0.125 nan 0.5 1.0 1.0 255.2073433802552 255.2082432902552 255.67646313025568 254.72505828025473 257.24026826516285 255.52944450025552 -1.0 255.52944450025552 -1.0 1
63 1.0 nan 0.5 1.0 1.0 258.1021205402581 258.1031871002581 258.3948912602584 257.63246751025764 259.97309043839556 258.26690406025824 -1.0 258.26690406025824 -1.0 1
64 nan 0.25 0.5 -1.0 1.0 261.001697220261 261.002830440261 261.27440328026125 260.3859921302604 262.8573049838669 261.1762131002612 1.0 261.1762131002612 1.0 1
65 nan 0.0 0.5 1.0 -1.0 263.83511385026384 263.83611375026385 265.0794227402651 263.25950475026326 267.6572161569727 263.9015405402639 -1.0 264.97230012026495 -1.0 2
66 nan 0.25 0.5 -1.0 1.0 268.71855879026873 268.71935871026875 268.995231120269 268.15431522026813 270.5684334717596 268.9031070002689 1.0 268.9031070002689 1.0 1
67 0.125 nan 0.5 1.0 1.0 271.52401155027155 271.5250114502715 271.98193242027196 270.96483414027097 273.55183583877823 271.7577548402718 -1.0 271.7577548402718 -1.0 1
68 1.0 nan 0.5 1.0 1.0 274.52381154027455 274.5246114602745 274.9050400802749 273.968033790274 276.47314370756357 274.6920613802747 -1.0 274.6920613802747 -1.0 1
69 0.25 nan 0.5 1.0 1.0 277.4185220402774 277.41958860027745 277.95956793027796 276.8758429802769 279.52326870295394 277.6738965002777 -1.0 277.8664439102779 -1.0 2
70 0.0 nan 0.5 -1.0 -1.0 280.66786374028067 280.6688636402807 280.9238714702809 279.93477039027994 283.48997456348826 280.8228815702808 1.0 280.8228815702808 1.0 1
71 nan 1.0 0.5 -1.0 1.0 284.7846186902848 284.7854519402848 285.02129502028504 283.9100728202839 286.5849944990735 284.94053643028496 1.0 284.94053643028496 1.0 1
72 0.25 nan 0.5 1.0 1.0 287.5062465002875 287.5070797502875 287.87880924028786 287.01469566028703 289.45170966245394 287.70995946028773 -1.0 287.70995946028773 -1.0 1
73 nan 0.125 0.5 -1.0 1.0 292.8733097402929 292.8743429702929 293.16471393029315 289.87360974028985 294.7346373525598 293.0658238202931 1.0 293.0658238202931 1.0 1
74 nan 0.125 0.5 -1.0 1.0 295.82324805029583 295.8243146102958 296.1290174702961 295.25613810029523 297.7066234883221 296.01726198029604 1.0 296.01726198029604 1.0 1
75 nan 0.25 0.5 -1.0 1.0 299.43458688029943 299.43562011029945 299.6975272502997 298.1164187102981 301.27345791949506 299.5756727702996 1.0 299.5756727702996 1.0 1
76 1.0 nan 0.5 1.0 1.0 302.18474517030216 302.1855784203022 302.7277575303027 301.6943608803017 304.30076184179364 302.40715626030243 1.0 302.40715626030243 1.0 1
77 1.0 nan 0.5 1.0 1.0 305.43908637030546 305.44015293030543 305.72175810030575 304.7060596803047 307.2847622748356 305.59017126030557 -1.0 305.59017126030557 -1.0 1
78 0.0 nan 0.5 -1.0 -1.0 308.6898279303087 308.6907611703087 309.3044664603093 307.6988603703077 311.867998696292 308.8405128603088 1.0 308.8405128603088 1.0 1
79 nan 0.0625 0.5 1.0 -1.0 312.7735861803128 312.7744194303128 313.1047197303131 312.2977004403123 315.67302022563604 312.7021599903127 -1.0 312.992597610313 -1.0 2
80 nan 0.25 0.5 -1.0 1.0 318.63436671031866 318.63529995031865 318.94450236031895 316.0971204603161 320.5228360930266 318.84911190031886 1.0 318.84911190031886 1.0 1
81 nan 0.0625 0.5 -1.0 1.0 321.41745504032144 321.4185882603214 324.60783597032463 320.94723540032095 326.1842601247562 324.1933440903242 1.0 324.4795488003245 1.0 2
82 nan 0.125 0.5 -1.0 1.0 327.3227311203273 327.32383101032735 327.6036363603276 326.6971603503267 329.1727725947922 327.5073459903275 1.0 327.5073459903275 1.0 1
83 nan 1.0 0.5 -1.0 1.0 330.25033833033024 330.25113825033026 330.44475222033043 329.5776722703296 332.01725755746037 330.3471286503304 1.0 330.3471286503304 1.0 1
84 nan 0.125 0.5 -1.0 1.0 332.989364400333 332.990430960333 333.26017065033324 332.44015266033244 334.83967005037925 333.16194714033315 1.0 333.16194714033315 1.0 1
85 0.25 nan 0.5 1.0 1.0 335.8175148903358 335.8183814703358 336.3087990903363 335.2590707403353 337.866998554509 336.02779386033603 -1.0 336.02779386033603 -1.0 1
86 nan 1.0 0.5 -1.0 1.0 340.5225110103405 340.52364423034055 340.7542878303408 338.2919007603383 342.3224216216739 340.64726520034066 1.0 340.64726520034066 1.0 1
87 nan 0.25 0.5 -1.0 1.0 343.35056151034337 343.35162807034334 343.6115020803436 342.74952162034276 345.18400791305413 343.51214535034353 1.0 343.51214535034353 1.0 1
88 1.0 nan 0.5 1.0 1.0 346.22237430034625 346.2232408803462 346.4525179503465 345.59980323034563 348.0168195248129 346.34792841034636 -1.0 346.34792841034636 -1.0 1
89 nan 0.125 0.5 -1.0 1.0 349.2390059403492 349.23987252034925 349.5126452403495 348.43201998034846 351.0838446602366 349.42162101034944 1.0 349.42162101034944 1.0 1
90 0.0 nan 0.8 1.0 1.0 352.1550809703522 352.15614753035214 352.53164331035254 351.5024462403515 354.1054456628692 352.4083223103524 -1.0 352.4083223103524 -1.0 1
91 1.0 nan 0.8 1.0 1.0 356.25040473035625 356.25143796035627 356.64056571035667 354.5321432403545 358.22236439418276 356.43028674035645 -1.0 356.43028674035645 -1.0 1
92 nan 1.0 0.8 -1.0 1.0 359.1503480403592 359.15138127035914 359.3888575203594 358.65126462035863 360.94999013701243 359.29996641035933 1.0 359.29996641035933 1.0 1
93 0.25 nan 0.8 1.0 1.0 361.95566748036197 361.956700710362 362.995196850363 361.3725924603614 364.56689963988305 362.1422821503621 -1.0 362.63263311036263 -1.0 2
94 1.0 nan 0.8 1.0 1.0 365.4551175003655 365.45595075036545 366.0846878703661 364.980398310365 367.6503924574206 365.63876580036566 -1.0 365.981298210366 -1.0 2
95 nan 0.25 0.8 -1.0 1.0 368.73868911036874 368.7395890203687 369.13121652036915 368.07098922036806 370.70531661606316 369.009595350369 1.0 369.009595350369 1.0 1
96 0.125 nan 0.8 1.0 1.0 371.61676794037163 371.6178678303716 371.987930820372 371.12151747037115 373.5499321272617 371.8331129703718 -1.0 371.8331129703718 -1.0 1
97 1.0 nan 0.8 1.0 1.0 374.47164909037446 374.4725156703745 374.7468215703748 373.972632330374 376.32145398387837 374.6191010103746 -1.0 374.6191010103746 -1.0 1
98 0.25 nan 0.8 1.0 1.0 378.46668288037847 378.46778277037845 378.75095445037874 376.75165440037676 380.32195452674205 378.6314997303786 -1.0 378.6314997303786 -1.0 1
99 1.0 nan 0.8 1.0 1.0 381.2331395403812 381.2340727803812 381.4964465403815 380.77235229038075 383.0661783249539 381.38009151038136 -1.0 381.38009151038136 -1.0 1
100 nan 0.25 0.8 -1.0 1.0 383.988697290384 383.989697190384 384.2680693503843 383.48758074038346 385.83889208854316 384.15241425038414 1.0 384.15241425038414 1.0 1
101 0.25 nan 0.8 1.0 1.0 390.18271116039017 390.1836110703902 390.7993828203908 386.37259221038636 392.36651595862367 390.5688392103906 -1.0 390.5688392103906 -1.0 1
102 nan 1.0 0.8 -1.0 1.0 393.3217972203933 393.32289711039334 393.5872040103936 392.8052155503928 395.14970947644474 393.47494857039345 1.0 393.47494857039345 1.0 1
103 0.0625 nan 0.8 1.0 1.0 396.13768227039617 396.13851552039614 396.56070663039657 395.56670604039556 398.13323654758085 396.3971896503964 -1.0 396.3971896503964 -1.0 1
104 nan 0.25 0.8 -1.0 1.0 399.18784389039917 399.1887771303992 399.5319428103995 398.56653936039856 401.09994379046157 399.2814012003993 -1.0 399.2814012003993 -1.0 1
105 0.0625 nan 0.8 1.0 1.0 402.25510380040225 402.25607037040226 402.6024357304026 401.5377422104015 404.1661392921996 402.4539839104025 -1.0 402.4539839104025 -1.0 1
106 nan 0.0625 0.8 -1.0 1.0 407.77158543040775 407.7726519904078 408.0560569804081 404.5946364904046 409.6214563307384 407.960666520408 1.0 407.960666520408 1.0 1
107 0.25 nan 0.8 1.0 1.0 412.39915596041243 412.4002558504124 412.9294695904129 410.06655591041005 414.48237152201034 412.5758049604126 1.0 412.5758049604126 1.0 1
108 nan 0.0625 0.8 -1.0 1.0 416.971065390417 416.971865310417 417.33039612041733 414.91657086041494 418.8824968828041 417.22330683041724 1.0 417.22330683041724 1.0 1
109 0.25 nan 0.8 1.0 1.0 420.02106036042005 420.02216025042003 420.31039809042034 419.3162975104193 421.8878268365809 420.1920432604202 -1.0 420.1920432604202 -1.0 1
110 nan 0.125 0.8 -1.0 1.0 422.93226921042293 422.93310246042296 423.2944329904233 422.32013043042235 424.86592345789455 423.1863771304232 1.0 423.1863771304232 1.0 1
111 0.25 nan 0.8 1.0 1.0 425.95460028042595 425.95540020042597 426.2221401904262 425.4271197004254 427.78233910327367 426.1063184404261 -1.0 426.1063184404261 -1.0 1
112 0.0 nan 0.8 1.0 1.0 428.72095695042873 428.7220235104287 433.2893667304333 428.22044034042824 434.870463391851 429.05672337042904 -1.0 433.13231577043314 -1.0 4
113 0.25 nan 0.8 1.0 1.0 435.91570407043594 435.9166039804359 436.72335663043674 435.32806284043534 438.2990868900957 436.1324823904361 -1.0 436.1324823904361 -1.0 1
114 nan 0.25 0.8 -1.0 1.0 439.3041318604393 439.3051984204393 439.6240998604396 438.74108817043873 441.19889816515035 439.5174105304395 1.0 439.5174105304395 1.0 1
115 1.0 nan 0.8 1.0 1.0 442.2875334904423 442.2885000604423 443.4976124704435 441.64629762044166 445.0821097645026 442.51301094044254 -1.0 443.36369253044336 1.0 4
116 0.25 nan 0.8 1.0 1.0 446.05399014044605 446.05479006044607 446.5346087404465 445.53120909044554 448.11560828668814 446.3824239604464 -1.0 446.3824239604464 -1.0 1
117 1.0 nan 0.8 1.0 1.0 449.1372151204491 449.13808170044916 449.3708250904494 448.56380580044856 450.95402273992863 449.2782676804493 -1.0 449.2782676804493 -1.0 1
118 0.25 nan 0.8 1.0 1.0 452.015527260452 452.01636051045205 452.35192695045237 451.3982223304514 453.9320257148131 452.2133408104522 -1.0 452.2133408104522 -1.0 1
119 0.125 nan 0.8 1.0 1.0 455.3873900404554 455.3883232804554 455.75795298045574 454.38162396045436 457.3319486477554 455.6166004504556 -1.0 455.6166004504556 -1.0 1
120 0.0 nan 0.8 1.0 1.0 458.3370283804583 458.33792829045836 466.8473772604668 457.7861501404578 468.436805182136 465.52084326046554 -1.0 466.81898010046683 -1.0 3
121 0.25 nan 0.8 1.0 1.0 469.64833047046966 469.64943036046964 469.99199610047 468.8983054804689 471.58721315631936 469.8440442304699 -1.0 469.8440442304699 -1.0 1
122 nan 0.25 0.2 -1.0 1.0 472.6484304304727 472.6493970004727 472.94940033047294 472.16241237047217 474.5318330067693 472.84681059047284 1.0 472.84681059047284 1.0 1
123 nan 0.25 0.2 -1.0 1.0 475.55367321047555 475.55467311047556 475.84101114047587 474.96533205047496 477.4315424763417 475.7279224504757 1.0 475.7279224504757 1.0 1
124 nan 0.125 0.2 -1.0 1.0 478.43648490047843 478.43731815047846 478.75911930047874 477.86594196047787 480.3485508677026 478.64963025047865 1.0 478.64963025047865 1.0 1
125 nan 0.0 0.2 -1.0 1.0 481.4199531904814 481.4209197604814 481.8660419104819 480.7844500804808 483.44794192559385 481.5734711704816 1.0 481.5734711704816 1.0 1
126 0.125 nan 0.2 1.0 1.0 484.4698148404845 484.4708814004845 484.9047713404849 483.9030381904839 486.48146647927416 484.6685283004847 -1.0 484.6685283004847 -1.0 1
127 nan 0.0625 0.2 -1.0 1.0 488.35345977048837 488.35449300048833 488.6168667604886 486.93836796048697 490.2037657926777 488.52007644048854 1.0 488.52007644048854 1.0 1
128 nan 0.25 0.2 -1.0 1.0 492.8645752804929 492.8657751604929 493.0939856704931 490.6520632204907 494.686781568033 493.006927710493 1.0 493.006927710493 1.0 1
129 nan 0.0625 0.2 -1.0 1.0 495.73155522049575 495.7323884704957 496.4764140604965 495.13658139049517 498.0643079452506 496.05375633049607 -1.0 496.33462824049633 1.0 2
130 nan 0.25 0.2 -1.0 1.0 499.05282306049907 499.05365631049904 499.3090307704993 498.51920976049854 500.8867270168212 499.21037397049923 1.0 499.21037397049923 1.0 1
131 nan 0.0 0.2 1.0 -1.0 501.981396840502 501.982296750502 503.37725724050335 501.33732792050137 505.9646527087734 502.0486234505021 -1.0 503.28569973050327 -1.0 3
132 nan 1.0 0.2 -1.0 1.0 507.5194096505075 507.5202095705075 507.73505475050774 506.4198529505064 509.3147537740715 507.65186307050766 1.0 507.65186307050766 1.0 1
133 nan 1.0 0.2 -1.0 1.0 510.43638459051044 510.4374844805104 510.67986024051066 509.76645159050975 512.2698737063384 510.5892359705106 1.0 510.5892359705106 1.0 1
134 nan 0.0 0.2 1.0 -1.0 513.3478934105134 513.3487933205133 513.8471101505138 512.8515763805128 516.4368754024694 513.5934021905136 -1.0 513.5934021905136 -1.0 1
135 nan 1.0 0.2 -1.0 1.0 517.4475500705174 517.4483833205175 517.6730941805176 516.8846730305169 519.247390398778 517.5772037705176 1.0 517.5772037705176 1.0 1
136 nan 0.0 0.2 -1.0 1.0 520.2690345605203 520.2700011305203 521.974297350522 519.7011913505197 523.5642227780833 520.4472167405205 1.0 521.8804400705219 1.0 2
137 nan 0.0 0.2 -1.0 1.0 525.3023978405253 525.3032644205254 539.8986714005399 524.037124380524 541.4859639220979 528.5749372205286 1.0 539.6898256205398 1.0 6
138 0.25 nan 0.2 1.0 1.0 542.6139331805426 542.6149997405427 542.9051707205429 541.982562990542 544.4805973170318 542.7479531105428 -1.0 542.7479531105428 -1.0 1
139 nan 0.25 0.2 -1.0 1.0 545.4354510005454 545.4363175805454 545.6951916905457 544.933701180545 547.2808923488575 545.6026342805457 1.0 545.6026342805457 1.0 1
140 nan 0.125 0.2 -1.0 1.0 548.3360609105483 548.3369274905483 548.7097902005487 547.7290882805478 550.2971163620196 548.3959549205484 1.0 548.5368741605486 -1.0 2
141 1.0 nan 0.2 1.0 1.0 551.2854659405513 551.2865658305512 551.9574320705519 550.7548190105507 553.5524272926712 551.6514960005517 -1.0 551.8325112305519 -1.0 2
142 nan 0.25 0.2 -1.0 1.0 554.5472397305546 554.5481729705546 554.8462431605549 554.014626330554 556.4193423326142 554.7359875205548 1.0 554.7359875205548 1.0 1
143 nan 0.25 0.2 -1.0 1.0 557.3638913705573 557.3647912805574 557.6912253005577 556.8717405905569 559.2639558291385 557.5736037305576 1.0 557.5736037305576 1.0 1
144 nan 1.0 0.2 -1.0 1.0 560.1854091905602 560.1864424205602 560.4155528405604 559.7141563205597 561.980454879118 560.3213622605604 1.0 560.3213622605604 1.0 1
145 0.125 nan 0.2 1.0 1.0 563.1854424905632 563.1867090305632 563.7252551705637 562.4338509905624 565.2965677449837 563.3707906205634 1.0 563.4997443905635 -1.0 2
146 nan 0.125 0.2 -1.0 1.0 566.6684274905667 566.6693607305667 566.967064290567 565.9204689605659 568.5354942904883 566.8166460005668 1.0 566.8166460005668 1.0 1
147 0.125 nan 0.2 1.0 1.0 569.4633479705694 569.4643145405695 570.00709359057 568.980496260569 571.5852924285451 569.6976245405697 -1.0 569.6976245405697 -1.0 1
148 nan 0.25 0.2 -1.0 1.0 572.7302879105728 572.7312544805727 573.036990570573 572.0488893905721 574.6015198950247 572.7807162005728 -1.0 572.7807162005728 -1.0 1
149 nan 0.125 0.2 -1.0 1.0 575.5295079605755 575.5305078605755 575.8919050505759 575.0577218105751 577.4683072493183 575.7716170805758 1.0 575.7716170805758 1.0 1
150 nan 1.0 0.2 -1.0 1.0 578.4799128905785 578.4808128005785 578.7649177205788 577.920802140578 580.3351142885826 578.6180657405786 1.0 578.6180657405786 1.0 1
151 nan 1.0 0.2 -1.0 1.0 581.3301611705814 581.3310944105814 581.5501391705816 580.7995142405808 583.1185354435235 581.4549153605815 1.0 581.4549153605815 1.0 1
152 nan 0.125 0.2 -1.0 1.0 584.2796661905843 584.2806994205843 584.5393402205846 583.5698371805836 586.0967387936823 584.4472161005845 1.0 584.4472161005845 1.0 1
153 0.125 nan 0.2 -1.0 -1.0 587.3847889805874 587.3859888605874 587.6596614905876 586.5741367205866 590.234957068518 587.5285412705875 1.0 587.5285412705875 1.0 1
154 nan 0.125 0.2 -1.0 1.0 591.2127728105912 591.2139393605912 591.4831791005915 590.7002574005907 593.0464749190816 591.3844223105914 1.0 591.3844223105914 1.0 1
155 nan 0.25 0.2 -1.0 1.0 594.1519122005942 594.1529121005941 594.4422831605945 593.5138760105935 596.0133815513741 594.3230617505943 1.0 594.3230617505943 1.0 1
156 nan 0.25 0.2 -1.0 1.0 597.0851521805971 597.0861854105971 597.3558917705974 596.4716802005964 598.9185896564633 597.2591347805973 1.0 597.2591347805973 1.0 1
157 nan 0.0 0.2 1.0 -1.0 599.8961710506 599.8971376205999 603.6810925206037 599.3826890705994 606.2458213381377 600.2069733006002 -1.0 603.6115328106036 -1.0 2
158 nan 0.0625 0.2 -1.0 1.0 607.2013737906072 607.2023736906073 607.6907248506077 606.7248214506068 609.2628517917162 607.4710134906074 1.0 607.4710134906074 1.0 1
159 nan 1.0 0.2 -1.0 1.0 610.3014970806103 610.3023303306103 610.5306408306105 609.7230549306097 612.1011579861197 610.4340504906104 1.0 610.4340504906104 1.0 1
160 nan 0.25 0.2 -1.0 1.0 613.2963309006133 613.2972641406133 613.6335638406136 612.7220550006127 615.1960620071833 613.5114760506135 1.0 613.5114760506135 1.0 1
161 nan 0.125 0.2 -1.0 1.0 616.2684003306163 616.2692335806163 616.5748696806165 615.6622609506156 618.1515660253862 616.4672137806165 1.0 616.4672137806165 1.0 1
162 nan 0.0 0.2 -1.0 1.0 619.3793558706194 619.3801891206194 619.96679712062 618.6253646106186 621.534593245523 619.8172120806198 1.0 619.8172120806198 1.0 1
163 0.25 nan 0.8 -1.0 -1.0 622.6960241706226 622.6971240606227 623.5301074206235 621.994794300622 626.101303036116 623.014725630623 1.0 623.3567914206234 -1.0 2
164 0.125 nan 0.8 -1.0 -1.0 628.3626574506284 628.3637240106284 638.8518750906388 626.5857018306266 641.4180655578631 638.7404862306388 1.0 638.7404862306388 1.0 1
165 nan 0.0 0.8 -1.0 1.0 642.5953673706426 642.5965005906426 642.962463990643 641.9449657506419 644.5287908942126 642.7682167506428 1.0 642.7682167506428 1.0 1
166 0.0 nan 0.8 -1.0 -1.0 645.4843117806455 645.4854450006455 645.8221113306458 645.003993150645 648.3786082269683 645.6768925206457 1.0 645.6768925206457 1.0 1
167 0.125 nan 0.8 1.0 1.0 649.4837451306495 649.4847117006495 649.94129937065 648.8544080706489 651.5167981179441 649.7181883506497 -1.0 649.7181883506497 -1.0 1
168 0.25 nan 0.8 1.0 1.0 652.6289305806526 652.6299971406527 652.980995370653 651.995093970652 654.5455209940374 652.8378096906529 -1.0 652.8378096906529 -1.0 1
169 0.0625 nan 0.8 -1.0 -1.0 655.7171883906557 655.7179549806557 661.8928707606619 655.030323750655 664.4670641107008 661.7250875406618 1.0 661.7250875406618 1.0 1
170 1.0 nan 0.8 1.0 1.0 665.6453288106657 665.6461620606657 666.005659440666 664.9590641106649 667.5619579248597 665.8424757606658 -1.0 665.8424757606658 -1.0 1
171 0.25 nan 0.8 1.0 1.0 668.5337399406685 668.5347731706686 668.986661310669 668.0561543706681 670.5453877285107 668.7872479206688 -1.0 668.7872479206688 -1.0 1
172 1.0 nan 0.8 1.0 1.0 671.6336299206716 671.6350631106717 671.9438988906719 671.0162916606711 673.5113968193504 671.7939805506718 -1.0 671.7939805506718 -1.0 1
173 nan 0.125 0.8 -1.0 1.0 674.5497382806745 674.5506715206745 674.8493083206748 673.978495410674 676.4172167677107 674.7583507506748 1.0 674.7583507506748 1.0 1
174 0.125 nan 0.8 1.0 1.0 677.5784353806775 677.5793019606776 679.3801218606794 677.066419920677 680.945018936116 677.958064080678 -1.0 679.054454430679 1.0 2
175 0.25 nan 0.8 1.0 1.0 682.1163815406821 682.1172481206821 682.5071424606825 681.4329165606814 684.0783366931203 682.3316933406824 -1.0 682.3316933406824 -1.0 1
176 nan 0.125 0.8 -1.0 1.0 685.1837414406851 685.1851746306852 685.4822449206855 684.5521379406846 687.0499414569944 685.3793218806854 1.0 685.3793218806854 1.0 1
177 0.0 nan 0.8 -1.0 -1.0 688.061753610688 688.062820170688 688.3978200006884 687.5337397506876 690.9665496620725 688.2961301706883 1.0 688.2961301706883 1.0 1
178 0.0 nan 0.8 -1.0 -1.0 692.0447886006921 692.045755170692 692.3277603006924 691.4432487606914 694.8832866265601 692.2262371206922 1.0 692.2262371206922 1.0 1
179 0.0625 nan 0.8 -1.0 -1.0 695.8280435706959 695.8290434706959 712.1604768307121 695.3670896706953 714.6993687170196 711.963063240712 1.0 711.963063240712 1.0 1
180 nan 0.0625 0.8 -1.0 1.0 715.8943700707159 715.895436630716 719.8282766407199 715.2397688707152 721.4165702227727 719.6877906907197 1.0 719.6877906907197 1.0 1
181 0.25 nan 0.8 1.0 1.0 722.5777683307226 722.5786349107226 723.005092260723 721.912768170722 724.57768662569 722.8439083807228 -1.0 722.8439083807228 -1.0 1
182 0.25 nan 0.8 1.0 1.0 725.5827344707255 725.5836010507256 725.8940033407259 725.0630864407251 727.4775967416189 725.7617165707258 -1.0 725.7617165707258 -1.0 1
183 0.0 nan 0.8 -1.0 -1.0 728.6326627807287 728.6335293607286 729.1322794807292 727.963096410728 731.710805684998 729.010891620729 1.0 729.010891620729 1.0 1
184 0.25 nan 0.8 -1.0 -1.0 732.9324994207329 732.9334659907329 734.0444548807341 732.2135046607323 736.6277456302437 733.8314428507339 1.0 733.8314428507339 1.0 1
185 0.25 nan 0.8 1.0 1.0 737.6324627107376 737.6333959507376 738.5271399007386 737.1137479207371 740.110865133017 738.000292590738 -1.0 738.2247701407382 -1.0 2
186 nan 0.125 0.8 -1.0 1.0 741.1655093707411 741.1663426207411 741.4470478807415 740.6029656307406 743.0274742312469 741.3513907807413 1.0 741.3513907807413 1.0 1
187 0.125 nan 0.8 -1.0 -1.0 744.1657093207442 744.1666425607442 751.966829130752 743.5231735807436 754.5493197623299 751.8267098107518 1.0 751.8267098107518 1.0 1
188 0.25 nan 0.8 1.0 1.0 755.6937230707557 755.6947896307557 756.6432281107567 755.0698188007551 758.2268226281681 755.936432130756 1.0 756.3052285807563 -1.0 2
189 nan 0.0625 0.8 1.0 -1.0 759.4655791807595 759.4663791007595 759.8860704607599 758.7150209107588 762.4605316868638 759.7203203707597 -1.0 759.7203203707597 -1.0 1
190 1.0 nan 0.8 1.0 1.0 763.4991757807635 763.5000090307635 764.8542402607649 762.948730830763 766.4322629861164 764.1982392007642 -1.0 764.6272296307646 -1.0 2
191 nan 0.25 0.8 -1.0 1.0 767.5769679607675 767.5779345307676 767.9139675907679 766.936465350767 769.4988632406383 767.7918798007678 1.0 767.7918798007678 1.0 1
192 1.0 nan 0.8 -1.0 -1.0 770.7435179407707 770.7445511707707 771.9621960607719 769.98506046077 774.5437880467085 771.7863136507718 1.0 771.7863136507718 1.0 1
193 1.0 nan 0.8 1.0 1.0 775.6152640507756 775.6161639607757 779.8951026907799 775.0344888007751 781.4817263809568 779.5945327507796 -1.0 779.5945327507796 -1.0 1
194 1.0 nan 0.8 1.0 1.0 782.7429845407828 782.7440177707828 785.0842170607851 781.983627150782 786.6598416378242 784.9095345307849 -1.0 784.9095345307849 -1.0 1
195 nan 1.0 0.8 -1.0 1.0 787.8152439307878 787.8162771607879 788.0979489907882 787.1777410207872 789.6820423629899 787.999158870788 1.0 787.999158870788 1.0 1
196 1.0 nan 0.8 1.0 1.0 790.7098877707907 790.7109210007907 791.1954392107912 790.1853402307902 792.7819633048105 791.0303890507911 -1.0 791.0303890507911 -1.0 1
197 0.25 nan 0.8 1.0 1.0 793.942864440794 793.943864340794 794.4559797907945 793.2681652507932 796.026074146187 794.2942293007943 -1.0 794.2942293007943 -1.0 1
198 1.0 nan 0.8 1.0 1.0 797.047920570797 797.0488204807971 797.4784775107975 796.5198733807965 799.060072298077 797.3411579107974 -1.0 797.3411579107974 -1.0 1
199 0.25 nan 0.8 1.0 1.0 800.1145138808001 800.1154471208001 806.5649021108065 799.5685684807996 808.1481235748656 805.1893396808052 -1.0 806.2452340808062 1.0 2
200 1.0 nan 0.8 1.0 1.0 809.1595426208091 809.1606425108092 812.4399478808125 808.6710248108087 814.0264396533951 812.1387780008122 -1.0 812.1387780008122 -1.0 1
201 0.25 nan 0.8 1.0 1.0 815.1144137408152 815.1152136608151 815.7172534508157 814.5299388608146 817.2979474764032 815.4464805308155 -1.0 815.4464805308155 -1.0 1
202 0.0625 nan 0.8 1.0 1.0 818.5591359008185 818.5601691308186 820.7681816408208 817.7851466408177 822.3428741734845 819.2374347308192 -1.0 820.6266291308207 -1.0 2
203 nan 0.125 0.8 -1.0 1.0 823.5475703408235 823.5484035908236 824.007391020824 822.8350749308229 825.5978927706249 823.8247092908239 1.0 823.8247092908239 1.0 1
204 0.0625 nan 0.8 1.0 1.0 826.8929691008269 826.894035660827 829.97629407083 826.3025948108263 831.5648181685044 827.4776439608274 -1.0 829.9087341608299 -1.0 2
205 0.0625 nan 0.8 1.0 1.0 832.6758574208327 832.6769906408327 833.5809335708336 832.0680182108321 835.1593270185417 833.2031380208332 -1.0 833.2031380208332 -1.0 1
206 nan 1.0 0.8 -1.0 1.0 836.1475435508362 836.1485767808362 836.4264156608365 835.6553261108356 838.0093403886387 836.3255924108363 1.0 836.3255924108363 1.0 1
207 0.125 nan 0.8 1.0 1.0 838.997891820839 838.998891720839 839.3962519808395 838.5063409808386 840.981045304153 839.2016047808393 -1.0 839.2016047808393 -1.0 1
208 1.0 nan 0.8 1.0 1.0 842.1758739908422 842.1768738908422 842.4267489008424 841.4781437708415 844.0090702462511 842.3144601308423 -1.0 842.3144601308423 -1.0 1
209 0.0625 nan 0.8 1.0 1.0 845.1808734608452 845.1818067008452 845.995058700846 844.5172731608445 847.5753837711127 845.4494132708454 1.0 845.8606388108459 -1.0 3
210 nan 1.0 0.2 -1.0 1.0 848.7809134208488 848.7820466408488 849.2070708008492 848.0831832008481 850.7921957740489 849.1022812808491 1.0 849.1022812808491 1.0 1
211 nan 0.125 0.2 -1.0 1.0 851.7805800908518 851.7816799808518 853.7664148208538 851.2909957208514 855.3477064191387 853.3202594408533 -1.0 853.5524028908536 -1.0 2
212 nan 0.0625 0.2 -1.0 1.0 856.5254722208565 856.5266721008566 865.5965316908656 855.8703044108559 867.1808534750072 865.1190461108652 -1.0 865.4376142508654 1.0 2
213 nan 0.125 0.2 -1.0 1.0 868.1920721108683 868.1931053408682 869.3572555808694 867.7093537208677 870.9468782577567 869.2636316108693 1.0 869.2636316108693 1.0 1
214 nan 0.0625 0.2 -1.0 1.0 872.0750504408721 872.076050340872 873.5335712408736 871.4486797508714 875.1133960395484 873.3553224008733 1.0 873.3553224008733 1.0 1
215 nan 0.125 0.2 -1.0 1.0 876.1084137308761 876.1093136408762 876.5060739608765 875.6189960108757 878.0918988297199 876.3519560408764 1.0 876.3519560408764 1.0 1
216 nan 0.125 0.2 -1.0 1.0 879.2468665208793 879.2479330808793 879.6057972908797 878.6087970008787 881.1969190020185 879.4821429908795 1.0 879.4821429908795 1.0 1
217 nan 0.25 0.2 -1.0 1.0 882.3917186708824 882.3925519208824 882.6766235108827 881.7027209108817 884.2636173322685 882.5668011608826 1.0 882.5668011608826 1.0 1
218 nan 0.0625 0.2 -1.0 1.0 885.3581553308853 885.3591885608854 885.5849326508855 884.7692142308848 887.1583249311377 885.4769101208855 1.0 885.4769101208855 1.0 1
219 nan 1.0 0.2 -1.0 1.0 888.3128598308883 888.3138264008883 888.6208290308887 887.6635247708876 890.191551981275 888.4594451708884 1.0 888.4594451708884 1.0 1
220 nan 0.125 0.2 -1.0 1.0 891.4635780608915 891.4644446408914 891.6895554608917 890.7052539008907 893.280958012316 891.5661344708916 1.0 891.5661344708916 1.0 1
221 nan 0.25 0.2 -1.0 1.0 896.0914818908961 896.0923818008961 896.3275582808964 894.011156610894 897.90788100594 896.2233687008962 1.0 896.2233687008962 1.0 1
222 nan 1.0 0.2 -1.0 1.0 898.913299680899 898.9143329108989 899.1594750608991 898.4237819708984 900.7414988625432 899.0546855408991 1.0 899.0546855408991 1.0 1
223 nan 0.125 0.2 -1.0 1.0 901.8134096409018 901.8142762209018 902.0872822509021 901.2424000809012 903.6639068552558 901.9615281609019 1.0 901.9615281609019 1.0 1
224 nan 0.0 0.2 1.0 -1.0 904.8250084509049 904.8259083609048 918.8567051409188 904.1841058809042 921.4412575048591 913.1436431709132 1.0 918.6974544009187 -1.0 2
225 0.0625 nan 0.2 1.0 1.0 922.5297044709225 922.5306710409226 931.3729200609314 922.0032571209221 932.9580063787489 922.991991570923 -1.0 927.2397667509273 -1.0 3
226 nan 0.0625 0.2 -1.0 1.0 934.012489410934 934.013489310934 935.1349104909351 933.4963077009335 936.7128329879803 934.2912282009343 1.0 935.065317450935 1.0 2
227 nan 0.0 0.2 -1.0 1.0 937.8409065309379 937.8417731109379 938.9625276909389 937.2244348509372 940.5453505994022 938.7665472909388 1.0 938.7665472909388 1.0 1
228 nan 0.125 0.2 -1.0 1.0 941.6074631709416 941.6083630809417 941.9105328609419 941.065050750941 943.4962568720439 941.7915780909418 1.0 941.7915780909418 1.0 1
229 nan 1.0 0.2 -1.0 1.0 944.6072964909446 944.6083297209447 944.8457726409448 944.014755750944 946.4290624525338 944.7465159009447 1.0 944.7465159009447 1.0 1
230 nan 1.0 0.2 -1.0 1.0 947.5742997609476 947.5752996609476 947.8099761909479 946.957161480947 949.3909669036249 947.7056866209477 1.0 947.7056866209477 1.0 1
231 nan 0.0625 0.2 -1.0 1.0 950.4628442109505 950.4639107709505 950.7316839909507 949.9152656409499 952.3071758361278 950.5858652409506 1.0 950.5858652409506 1.0 1
232 0.0625 nan 0.2 -1.0 -1.0 953.3123592309533 953.3131924809534 953.4365468109535 952.8273744009529 956.0125004142546 953.3168254509533 1.0 953.3168254509533 1.0 1
233 nan 0.125 0.2 -1.0 1.0 957.090014760957 957.0911479809571 957.4063164609574 956.5466024409566 958.995406018446 957.2801290809573 1.0 957.2801290809573 1.0 1
234 nan 0.0 0.2 -1.0 1.0 960.1233780609601 960.1244446209602 966.2945275509663 959.5271043609596 967.8733470382333 961.6025301309617 1.0 966.2507652609662 1.0 2
235 nan 1.0 0.2 -1.0 1.0 969.1451757909691 969.1463090109692 969.3547548309693 968.4258477309685 970.9288752981585 969.2619974409693 1.0 969.2619974409693 1.0 1
236 1.0 nan 0.2 1.0 1.0 971.990591220972 971.991591120972 972.3282574509724 971.4499786209715 973.9123815686221 972.1913711409723 -1.0 972.1913711409723 -1.0 1
237 nan 0.125 0.2 -1.0 1.0 976.4737095309765 976.4748427509764 976.7346834309767 974.4381797709744 978.2899055384773 976.5150720609765 1.0 976.5150720609765 1.0 1
238 0.0625 nan 0.2 1.0 1.0 979.5121723209795 979.5131388909796 983.7082193409838 978.8332068909789 985.2620209672076 983.3051263209833 -1.0 983.3051263209833 -1.0 1
239 nan 1.0 0.2 -1.0 1.0 987.3228578409874 987.3236910909874 987.6363264909877 986.030620410986 989.1734494643817 987.5274707109876 1.0 987.5274707109876 1.0 1
240 nan 0.125 0.2 -1.0 1.0 990.3289238709904 990.3299904309904 991.1838383709912 989.7132521109897 992.7231635867984 991.083548400991 1.0 991.083548400991 1.0 1
241 nan 0.0625 0.2 -1.0 1.0 993.7619472009937 993.7629471009938 994.2225678009943 993.2676633009933 995.7784612493227 994.038019590994 1.0 994.038019590994 1.0 1
242 nan 0.0 0.2 -1.0 1.0 996.8230743909968 996.8242409409968 997.1485751709971 996.3165583809963 998.706566954855 997.0192214409971 1.0 997.0192214409971 1.0 1
243 nan 0.0 0.2 -1.0 1.0 1000.7449488310008 1000.7458487410007 1000.960093981001 999.2359664109993 1002.5282826671098 1000.7620471210008 1.0 1000.7620471210008 1.0 1
244 nan 0.0 0.2 1.0 -1.0 1003.6895543410037 1003.6904542510038 1004.8024430410048 1003.069583011003 1007.3559995761927 1004.2854614110043 -1.0 1004.7262173310047 -1.0 2
245 nan 1.0 0.2 -1.0 1.0 1008.961127131009 1008.9620270410089 1009.2040028410092 1007.9047994410079 1010.7564239567499 1009.0922140210091 1.0 1009.0922140210091 1.0 1
246 nan 0.125 0.2 -1.0 1.0 1011.8954003410119 1011.896333581012 1016.4892409110165 1011.3028262710113 1018.060960022163 1015.7331498610157 -1.0 1016.4135484810164 1.0 4
247 0.125 nan 0.2 1.0 1.0 1019.1395091910191 1019.1405757510191 1019.3977500310194 1018.6247606710186 1020.9613725262648 1019.2873610710193 -1.0 1019.2873610710193 -1.0 1
248 nan 0.0 0.2 -1.0 1.0 1022.0893141810221 1022.0901807610221 1030.8556041310308 1021.5030728110215 1032.4281238448204 1030.6841879410306 1.0 1030.6841879410306 1.0 1
249 0.125 nan 0.2 1.0 1.0 1033.5227040610334 1033.5236706310336 1034.009822011034 1032.986524351033 1035.5726152136453 1033.7974432510339 -1.0 1033.7974432510339 -1.0 1
250 nan 0.0 0.2 1.0 -1.0 1036.7944101910368 1036.7952767710367 1042.4642098210425 1036.121210851036 1045.0226627733566 1042.3046257810422 -1.0 1042.3046257810422 -1.0 1
251 0.25 nan 0.2 1.0 1.0 1046.0608167910461 1046.061816691046 1047.6940534510477 1045.5892639510455 1049.260876140509 1047.5417353510475 -1.0 1047.5417353510475 -1.0 1
252 nan 0.125 0.2 -1.0 1.0 1050.5385689710506 1050.5394022210505 1051.148774611051 1049.80517565105 1052.7109967170877 1050.998689621051 1.0 1050.998689621051 1.0 1
253 nan 0.25 0.2 -1.0 1.0 1053.8390722210538 1053.8400387910538 1055.2660961710553 1053.2568971110534 1056.822017633765 1055.155307251055 1.0 1055.155307251055 1.0 1
254 0.25 nan 0.8 1.0 1.0 1057.8607700110579 1057.861636591058 1071.6210605110716 1057.3758185110573 1073.1772784069863 1071.1900369510713 1.0 1071.1900369510713 1.0 1
255 nan 0.0625 0.8 -1.0 1.0 1074.2888270410742 1074.2897269510743 1075.093579891075 1073.7733785910739 1076.6554721061602 1074.985257391075 1.0 1074.985257391075 1.0 1
256 0.125 nan 0.8 -1.0 -1.0 1077.8765015710778 1077.877334821078 1080.4903068310805 1077.2074684810773 1083.0549940908527 1080.15650688108 1.0 1080.4645427410805 1.0 2
257 0.125 nan 0.8 -1.0 -1.0 1084.3435548010843 1084.3445547010845 1094.6544236110947 1083.6147943510837 1097.2103746852863 1094.5724318110945 1.0 1094.5724318110945 1.0 1
258 0.0 nan 0.8 1.0 1.0 1098.5212368910986 1098.5220368110986 1146.987956401147 1097.7962760610978 1148.536962668344 1146.5462672411466 -1.0 1146.8501035211468 -1.0 3
259 0.125 nan 0.8 -1.0 -1.0 1149.92612922115 1149.92722911115 1197.022852411197 1149.2523632711493 1199.5917566035903 1155.0518832611551 1.0 1196.917496281197 1.0 2
260 1.0 nan 0.8 0.0 -1.0 1200.7699110012009 1200.7708109112007 1260.7721768412607 1200.3067573212004 1263.271216395438 nan 0.0 nan 0.0 0
261 0.125 nan 0.8 1.0 1.0 1264.6354238112647 1264.6364570412647 1273.5051700812735 1264.031917501264 1275.0736870060014 1272.964590811273 -1.0 1273.3982807712734 -1.0 3
262 0.0625 nan 0.8 0.0 -1.0 1276.6349904012766 1276.6359569712768 1336.6370895913367 1275.6535885512756 1339.1363290312854 1297.1173086312972 -1.0 1311.2885580313114 1.0 6
263 0.0625 nan 0.8 0.0 -1.0 1339.97295597134 1340.6186913913407 1400.6198573414006 1339.90032990134 1403.1190661351604 1361.5462984213616 1.0 1382.2969898113822 1.0 4
264 1.0 nan 0.8 -1.0 -1.0 1403.938225471404 1404.3340858814042 1461.5505303314615 1403.8575668714038 1464.1037328395157 1461.0810439514612 1.0 1461.4522068314614 1.0 2
265 1.0 nan 0.8 -1.0 -1.0 1465.4819038214655 1465.4828037314655 1487.5837934114877 1464.8459340914649 1490.1320421520718 1474.853299921475 1.0 1487.3744810114874 1.0 2
266 0.0625 nan 0.8 -1.0 -1.0 1491.5036013914914 1491.5044013114916 1501.4522730915014 1490.7565427714908 1503.9981937892792 1491.5517632414915 1.0 1501.3304519415015 1.0 3
267 0.0625 nan 0.8 -1.0 -1.0 1505.069711311505 1505.0705445615051 1511.3294519415113 1504.5768939315046 1513.881138486156 1510.8322350015108 1.0 1510.8322350015108 1.0 1
268 1.0 nan 0.8 1.0 1.0 1514.986552861515 1514.987386111515 1515.2924222715153 1514.4573391215145 1516.8531458784216 1515.152502931515 -1.0 1515.152502931515 -1.0 1
269 0.0625 nan 0.8 -1.0 -1.0 1518.1978650315182 1518.198998251518 1523.6102570715236 1517.3986449615174 1526.169676634745 1523.1485032515232 1.0 1523.3173197015233 -1.0 2
270 0.0625 nan 0.8 -1.0 -1.0 1527.4478399415275 1527.4488731715276 1533.5964250215336 1526.7480765915268 1536.152419220652 1530.2414938815302 -1.0 1533.4793367315335 1.0 5
271 0.125 nan 0.8 -1.0 -1.0 1537.5478965015375 1537.5490963815375 1542.077943451542 1536.972020761537 1544.636462748839 1539.2396606415393 -1.0 1542.053345911542 1.0 5
272 0.25 nan 0.8 0.0 -1.0 1545.6973814715457 1545.6982480515458 1605.6993140116058 1545.2081637315453 1608.1985882878378 1552.993451791553 -1.0 1585.1543687115852 1.0 3
273 0.25 nan 0.8 -1.0 -1.0 1609.013349241609 1609.4526053116094 1645.2513917416452 1608.9496889416089 1647.8177644072273 1614.4475057716145 1.0 1644.3729462616443 -1.0 3
274 0.125 nan 0.8 0.0 -1.0 1649.2292939116492 1649.2303271416492 1709.2314264317092 1648.5133655116485 1711.730734684698 nan 0.0 nan 0.0 0
275 0.125 nan 0.8 0.0 -1.0 1712.4779684117125 1713.5343627617135 1773.5354953817734 1712.4706358117126 1776.0347669723456 1712.5433618717125 -1.0 1736.2445915117362 1.0 6
276 0.0625 nan 0.8 1.0 1.0 1776.8767945517768 1777.4160739517774 1827.7218762018279 1776.8112677717768 1829.276278309082 1788.2196601517883 -1.0 1827.6740476518278 -1.0 5
277 0.0 nan 0.8 -1.0 -1.0 1830.7147102218307 1830.7156434618307 1841.8401642318418 1830.0241792818301 1844.431645184327 1832.1371679618321 1.0 1841.839131001842 1.0 4
278 1.0 nan 0.8 1.0 1.0 1845.5257956318455 1845.5267622018455 1852.3096838418523 1845.024045811845 1853.897498726662 1846.025545651846 -1.0 1851.914790001852 1.0 3
279 nan 0.125 0.8 -1.0 1.0 1855.1751972618551 1855.1762638218552 1855.5109970118556 1854.4805000718545 1857.0975137189828 1855.3778436618554 1.0 1855.3778436618554 1.0 1
280 1.0 nan 0.8 1.0 1.0 1858.4089071918584 1858.4099070918585 1868.6739472518686 1857.6832131018577 1870.2473630167487 1865.2250921718653 -1.0 1868.6296183518687 -1.0 4
281 0.25 nan 0.8 1.0 1.0 1871.3584454418715 1871.3596786518715 1876.116269611876 1870.846563301871 1877.6808891317166 1871.5556590518715 -1.0 1876.085306041876 -1.0 2
282 0.25 nan 0.8 1.0 1.0 1878.7922353218787 1878.7932352218788 1880.6325846018806 1878.2646880818784 1882.1976046799136 1880.2768535118803 -1.0 1880.5073304618804 -1.0 2
283 1.0 nan 0.8 1.0 1.0 1883.3082503418834 1883.3091835818834 1883.7094102218837 1882.7639047818827 1885.2801989217564 1883.5193292318836 -1.0 1883.5193292318836 -1.0 1
284 0.125 nan 0.8 1.0 1.0 1886.3253486018864 1886.3264484918864 1886.8362308418868 1885.8499961418859 1888.3921157135765 1886.5998878118867 -1.0 1886.5998878118867 -1.0 1
285 nan 0.25 0.8 -1.0 1.0 1889.5137963918896 1889.5147629618896 1889.7927351618898 1888.965417901889 1891.3581224574386 1889.6819462418896 1.0 1889.6819462418896 1.0 1
286 0.0625 nan 0.8 -1.0 -1.0 1892.5971880218926 1892.5983545718925 1893.165697831893 1891.9334210718919 1895.72994901818 1893.0177126318931 1.0 1893.0177126318931 1.0 1
287 1.0 nan 0.8 1.0 1.0 1896.991548541897 1896.9926484318971 1907.1506991919073 1896.3011509218964 1908.7084149650689 1901.951485831902 -1.0 1907.034144181907 -1.0 4
288 nan 1.0 0.8 -1.0 1.0 1909.8634278919099 1909.86446112191 1910.1362006119102 1909.3157160019093 1911.6962219960428 1910.02967793191 1.0 1910.02967793191 1.0 1
289 0.0625 nan 0.8 1.0 1.0 1912.7413400719129 1912.7424066319127 1926.2911849519262 1912.2659209519122 1927.8574658263956 1925.8453628719258 -1.0 1926.068040601926 -1.0 2
290 0.0625 nan 0.8 -1.0 -1.0 1928.996581051929 1928.997514291929 1947.4899315319476 1928.4849655519286 1950.062376070807 1946.5907214619467 1.0 1947.0872051419472 -1.0 2
291 0.125 nan 0.8 -1.0 -1.0 1951.2069931219512 1951.2078597019513 1980.0274441219801 1950.6988772719508 1982.595685734667 1979.4279040819795 -1.0 1979.4974304619795 1.0 2
292 0.0 nan 0.8 0.0 -1.0 1983.8900911519838 1983.891057721984 2043.8922236720439 1983.2749860019833 2046.3914603075234 2009.1363662720091 -1.0 2009.3085490520093 1.0 2
293 0.25 nan 0.8 -1.0 -1.0 2047.2389223020473 2047.928153372048 2050.4767651520506 2047.1782617020472 2053.0389845446557 2049.3012160520493 1.0 2050.10883528205 -1.0 3
294 0.0 nan 0.8 -1.0 -1.0 2054.327380052054 2054.3283799520545 2059.1250002420593 2053.625983532054 2061.6890170366732 2058.699209492059 1.0 2058.920254052059 1.0 2
295 0.0 nan 0.8 0.0 -1.0 2062.760903282063 2062.7619365120627 2122.763035802123 2062.2867173720624 2125.262372996697 2096.265219182096 -1.0 2114.3957726121143 1.0 4
296 0.125 nan 0.8 -1.0 -1.0 2126.104434962126 2126.5769877021266 2172.736271312173 2126.045874152126 2175.308870893307 2141.3141138421415 1.0 2172.6413808021725 1.0 2
297 0.0625 nan 0.8 -1.0 -1.0 2176.5534895521764 2176.5545561121767 2221.288248962221 2176.063771862176 2223.869848920771 2184.5850196521847 -1.0 2185.2044243721853 1.0 4
298 0.0625 nan 0.8 -1.0 -1.0 2225.1245652922253 2225.1254985322253 2250.0591382522502 2224.6142496622247 2252.6355789479007 2227.3622415022273 1.0 2249.98427907225 1.0 5
299 1.0 nan 0.8 1.0 1.0 2254.057738352254 2254.058738252254 2260.863091082261 2253.3079800022533 2262.4358069675436 2260.4127361222604 -1.0 2260.4127361222604 -1.0 1
300 0.25 nan 0.8 -1.0 -1.0 2263.590984932264 2263.591918172264 2295.2381199022952 2263.040806622263 2297.8187591943615 2267.961314522268 1.0 2295.2054898322954 1.0 3
301 0.125 nan 0.8 -1.0 -1.0 2299.023741302299 2299.024707872299 2321.8650236123217 2298.5019601522986 2324.417968747821 2321.730637052322 1.0 2321.730637052322 1.0 1
302 nan 0.0625 0.8 -1.0 1.0 2325.6896744423257 2325.6906410123256 2357.4550975823577 2325.073069442325 2359.0174049485236 2357.3735390723573 1.0 2357.3735390723573 1.0 1
303 0.125 nan 0.8 -1.0 -1.0 2360.6060491223607 2360.6070823523605 2368.739302382369 2359.7074056623596 2371.3006511580093 2368.3813381823684 1.0 2368.6073155823688 1.0 2
304 nan 0.0 0.8 -1.0 1.0 2372.4060023423726 2372.406902252372 2380.4951933423804 2371.914851462372 2382.050376939252 2378.1391623023783 1.0 2380.42526700238 1.0 2
305 nan 0.0 0.8 0.0 -1.0 2383.4055022823836 2383.406402192383 2443.4077681224435 2382.664776362383 2445.9068390324246 nan 0.0 nan 0.0 0
306 1.0 nan 0.8 -1.0 -1.0 2446.766032262447 2447.3887033224473 2453.8719549324537 2446.6959392724466 2456.4489700842223 2453.720670062454 1.0 2453.720670062454 1.0 1
307 nan 0.0625 0.8 -1.0 1.0 2457.870921662458 2457.872221532458 2467.035538442467 2457.379270832457 2468.6159185370802 2466.9135839724668 1.0 2466.9135839724668 1.0 1
308 0.25 nan 0.8 1.0 1.0 2469.73753488247 2469.73836813247 2476.718370062477 2469.229419032469 2478.2821503921377 2476.2339518424765 -1.0 2476.618913342477 -1.0 2
309 0.25 nan 0.8 -1.0 -1.0 2479.5707181324797 2479.57155138248 2509.91505006251 2478.9143504424787 2512.4816895786594 2509.75439946251 1.0 2509.75439946251 1.0 1
310 nan 1.0 0.8 -1.0 1.0 2513.769631232514 2513.7706644625137 2514.3497065525144 2513.177790422513 2515.919819625504 2514.030471812514 1.0 2514.236151242514 1.0 2
311 nan 1.0 0.8 -1.0 1.0 2517.2314183525173 2517.2322849325174 2517.6942054025176 2516.5132235125166 2519.2698245893107 2517.4566958225173 1.0 2517.4566958225173 1.0 1
312 nan 0.0 0.8 -1.0 1.0 2520.4813599925205 2520.4822265725206 2546.065134692546 2519.8574223925198 2547.636143020481 2545.7437668325456 -1.0 2545.7437668325456 -1.0 1
313 nan 1.0 0.2 -1.0 1.0 2548.964311412549 2548.965111332549 2549.3896355425495 2548.3063438825484 2550.969252163212 2549.1892889125493 1.0 2549.1892889125493 1.0 1
314 nan 0.25 0.2 -1.0 1.0 2552.080333112552 2552.081399672552 2560.00307409256 2551.5625515625516 2561.5806881828003 2559.6970713625597 1.0 2559.6970713625597 1.0 1
315 nan 0.0625 0.2 -1.0 1.0 2562.952412462563 2562.953878982563 2580.982275962581 2562.1940883025622 2582.546685687078 2580.638610332581 1.0 2580.638610332581 1.0 1
316 nan 0.125 0.2 -1.0 1.0 2583.935147312584 2583.936213872584 2588.3723035525886 2583.2071867825834 2589.9469179026078 2587.8237584125877 -1.0 2588.2067534425883 1.0 2
317 0.125 nan 0.2 -1.0 -1.0 2591.052035552591 2591.053102112591 2611.3844687726114 2590.5556185325904 2613.9514106338406 2596.628544512597 1.0 2611.3278411026113 1.0 2
318 nan 0.0 0.2 -1.0 1.0 2615.129360912615 2615.130394142615 2633.380168982633 2614.626211232615 2634.946002195388 2625.2063864426254 1.0 2633.2642139126333 1.0 3
319 nan 0.125 0.2 -1.0 1.0 2636.4012335126363 2636.4020667626364 2646.3593376026465 2635.701403502636 2647.9291494953904 2646.066066932646 1.0 2646.066066932646 1.0 1
320 nan 0.0625 0.2 -1.0 1.0 2649.2676800726495 2649.2688799526495 2670.3893343626705 2648.5704498026485 2671.9679419306353 2654.8417892726548 -1.0 2670.1306935626703 -1.0 3
321 nan 0.125 0.2 -1.0 1.0 2673.161857082673 2673.162823652673 2690.2715126126905 2672.6408425226728 2691.8454222163614 2690.11709472269 1.0 2690.11709472269 1.0 1
322 nan 1.0 0.2 -1.0 1.0 2692.983841352693 2692.984907912693 2701.4243638827015 2692.5020228726926 2703.016674294673 2701.1885874627014 1.0 2701.1885874627014 1.0 1
323 nan 1.0 0.2 -1.0 1.0 2704.295110112704 2704.296010022704 2739.7469979027396 2703.643875242704 2741.327800519206 2739.5634829227397 1.0 2739.5634829227397 1.0 1
324 nan 0.0625 0.2 -1.0 1.0 2742.5994459627427 2742.6004458627426 2754.056866772754 2742.0503008827422 2755.627677576827 2753.9379453327538 1.0 2753.9379453327538 1.0 1
325 0.25 nan 0.2 -1.0 -1.0 2756.865952502757 2756.866885742757 2793.879984062794 2756.266779092756 2796.4436216991703 2766.0601663227662 1.0 2793.823856342794 1.0 3
326 0.125 nan 0.2 0.0 -1.0 2797.7320988127976 2797.7329320627978 2857.7343313228575 2797.164722222797 2860.233298329853 2822.947876982823 -1.0 2839.4999549428394 1.0 5
327 0.25 nan 0.2 -1.0 -1.0 2861.1088271728613 2861.5986448528615 2879.100394502879 2861.048499872861 2881.6750685867214 2877.5701808728777 1.0 2879.0387006728793 1.0 2
328 0.0625 nan 0.2 -1.0 -1.0 2883.0303681328833 2883.0313013728833 2894.4191291428942 2882.3571687928825 2897.01433638714 2893.901947532894 -1.0 2894.070397352894 1.0 2
329 nan 0.0625 0.2 -1.0 1.0 2898.1584551728984 2898.1593884128984 2898.5955447928986 2897.670337322898 2900.175255534667 2898.2821761328983 1.0 2898.2821761328983 1.0 1
330 0.125 nan 0.2 -1.0 -1.0 2901.4304946029015 2901.4313278529016 2918.664071072919 2900.800757582901 2921.24114510258 2907.7706605229077 1.0 2918.6280746729185 1.0 2
331 0.0625 nan 0.2 -1.0 -1.0 2922.5966444429228 2922.5976776729226 2940.7054333829406 2921.915245922922 2943.2910368867124 2940.5934112529408 1.0 2940.5934112529408 1.0 1
332 nan 0.0625 0.2 -1.0 1.0 2944.4789893229445 2944.4800225529443 2969.5641138929695 2943.9941378129442 2971.145518629647 2969.4222614129694 1.0 2969.4222614129694 1.0 1
333 0.125 nan 0.2 0.0 -1.0 2973.323904542973 2973.3249044429735 3033.3260037330333 2971.8494186729718 3035.8253007163094 2985.759527522986 1.0 3022.855717533023 -1.0 8
334 nan 0.0 0.2 -1.0 1.0 3036.7113984930365 3037.262310063037 3042.7071321930425 3036.672102423037 3044.2782126815196 3041.093726883041 -1.0 3041.5382490930415 -1.0 3
335 nan 0.0 0.2 1.0 -1.0 3045.4893206130455 3045.4902205230455 3055.786324143056 3044.915111373045 3058.360597066391 3055.2803747430553 -1.0 3055.3707323730555 1.0 2
336 nan 0.0 0.2 -1.0 1.0 3059.7554938530598 3059.75659374306 3105.8932796131057 3059.034799263059 3107.459678526648 3083.1922832730834 1.0 3105.7776911731057 1.0 4
337 0.25 nan 0.2 -1.0 -1.0 3109.4044617931095 3109.4055283531093 3123.075661203123 3108.2290793431084 3125.621638324653 3122.777157723123 1.0 3122.972604843123 1.0 2
338 nan 0.125 0.2 -1.0 1.0 3126.909977733127 3126.910944303127 3132.2637756331324 3126.3018385531263 3133.809985970191 3131.765492133132 1.0 3131.948307183132 1.0 2
339 nan 0.25 0.2 -1.0 1.0 3134.937341583135 3134.938141503135 3181.6264722031815 3134.4733879831347 3183.2091683674666 3158.6246392831586 1.0 3181.5196495531814 1.0 2
340 nan 0.0625 0.2 -1.0 1.0 3184.5366478231845 3184.5377143831847 3190.4611219831904 3183.989369223184 3192.0371995996425 3190.3535660731904 1.0 3190.3535660731904 1.0 1
341 nan 0.0 0.2 -1.0 1.0 3193.242610473193 3193.2435770431935 3195.3939286531954 3192.6819998731926 3196.969838584565 3195.1947485731953 -1.0 3195.1947485731953 -1.0 1
342 nan 0.0 0.2 -1.0 1.0 3198.2421771331983 3198.243177033198 3201.305237463201 3197.6048408731976 3202.891648681896 3201.0947251832013 1.0 3201.0947251832013 1.0 1
343 nan 1.0 0.2 -1.0 1.0 3204.8202859232047 3204.821419143205 3230.7362607332307 3203.5390473932034 3232.3191611194316 3230.6086068332306 1.0 3230.6086068332306 1.0 1
344 nan 0.0625 0.2 1.0 -1.0 3233.7081635132336 3233.7089634332337 3240.6215054432405 3233.056861983233 3243.2083124019105 3239.4242251832393 -1.0 3240.4225253432405 -1.0 3
345 nan 0.25 0.2 -1.0 1.0 3244.5855090032446 3244.5864422432446 3253.091458323253 3243.873213573244 3254.6689658075006 3252.954438693253 1.0 3252.954438693253 1.0 1
346 nan 0.0625 0.2 -1.0 1.0 3256.1243550032564 3256.1252882432564 3265.021698513265 3255.3385669232553 3266.6019080095757 3264.892244793265 1.0 3264.892244793265 1.0 1
347 nan 0.125 0.2 -1.0 1.0 3268.1576515532684 3268.158751443268 3277.4774528132775 3267.2571082832674 3279.052358893774 3277.321835043277 1.0 3277.321835043277 1.0 1
348 1.0 nan 0.2 -1.0 -1.0 3280.4569215032807 3280.4579214032806 3293.179749093293 3279.7413597332798 3295.7572223454476 3288.851015343289 1.0 3293.112755793293 1.0 3
349 nan 0.125 0.2 -1.0 1.0 3296.918375193297 3296.919308433297 3317.2183116633173 3296.4410229332966 3318.8067152544318 3317.024731023317 1.0 3317.024731023317 1.0 1
350 0.0625 nan 0.2 -1.0 -1.0 3320.16761670332 3320.16864993332 3324.5162484633247 3319.5072160833197 3327.0845571614914 3324.3654302133245 1.0 3324.3654302133245 1.0 1
351 nan 0.0625 0.2 -1.0 1.0 3328.256341083328 3328.2571743333283 3339.5221143933395 3327.7480585833277 3341.1013215566923 3337.4269905933375 1.0 3339.4313568033394 1.0 5
352 nan 0.125 0.2 -1.0 1.0 3343.3729292733433 3343.373929173343 3349.5492449133494 3341.772922623342 3351.122955683747 3349.1818149933492 1.0 3349.4461552233497 1.0 2
353 nan 0.0625 0.2 -1.0 1.0 3354.134153043354 3354.135119613354 3354.5494781733546 3351.773055843352 3356.1171828231586 3354.4075923633545 1.0 3354.4075923633545 1.0 1
354 0.25 nan 0.2 -1.0 -1.0 3357.705862503358 3357.706729083358 3375.309468633375 3357.131086653357 3377.8891710834696 3362.2041459633624 -1.0 3375.172615653375 1.0 4
355 nan 0.25 0.2 -1.0 1.0 3379.81665120338 3379.8177177633797 3382.5458782533824 3378.609371943379 3384.1174889815643 3382.3528308933824 1.0 3382.3528308933824 1.0 1
356 nan 0.0625 0.2 1.0 -1.0 3385.4888505933855 3385.4899504833857 3388.6162378233885 3384.7737887733847 3391.1888147452837 3388.071958923388 -1.0 3388.4609533533885 -1.0 2
357 nan 0.125 0.2 -1.0 1.0 3393.4335227133934 3393.4345226133933 3400.0034323234 3391.852914123392 3401.5836416366396 3395.5536773433955 -1.0 3399.7015291833995 -1.0 3
358 nan 1.0 0.2 -1.0 1.0 3402.8219837734027 3402.823017003403 3403.101855783403 3402.2460413734025 3404.6834627797734 3402.981567813403 1.0 3402.981567813403 1.0 1
359 nan 0.125 0.2 -1.0 1.0 3406.3216671034065 3406.3226336734065 3439.5564099634394 3405.3332659534053 3441.138209370287 3439.4403549034396 1.0 3439.4403549034396 1.0 1
360 nan 0.25 0.2 -1.0 1.0 3442.3996922734423 3442.4007588334425 3452.4167571334524 3441.8859103234417 3453.9711653615127 3452.2844703634523 1.0 3452.2844703634523 1.0 1
361 nan 0.0625 0.2 -1.0 1.0 3455.7326588434557 3455.733558753456 3462.5738079934627 3454.6574663734546 3464.1376167268418 3462.2917362034623 1.0 3462.2917362034623 1.0 1
362 nan 0.25 0.2 -1.0 1.0 3465.4492204234657 3465.4500870034653 3465.6965290234657 3464.805518133465 3467.2488134085647 3465.5847735334655 1.0 3465.5847735334655 1.0 1
363 nan 0.125 0.2 -1.0 1.0 3468.4042582234683 3468.4053914434685 3468.7149271534686 3467.890109643468 3470.265136789067 3468.5800073134687 1.0 3468.5800073134687 1.0 1
364 0.25 nan 0.2 -1.0 -1.0 3471.5711081734717 3471.5720080834717 3471.863678913472 3470.904041553471 3474.4205583957823 3471.6767642734717 1.0 3471.6767642734717 1.0 1
365 nan 0.0 0.2 -1.0 1.0 3475.782353673476 3475.783286913476 3476.8472471734767 3475.072857963475 3478.4041614526836 3476.7022283434767 1.0 3476.7022283434767 1.0 1
366 nan 1.0 0.2 -1.0 1.0 3479.73222531348 3479.7332252134797 3479.98906629348 3479.054659743479 3481.5541760714327 3479.88644322348 1.0 3479.88644322348 1.0 1
367 nan 0.0625 0.2 -1.0 1.0 3482.6819636434825 3482.6828635534825 3488.790619383489 3482.2069778134824 3490.348227305374 3482.8711447234828 1.0 3488.5223462134886 -1.0 2
368 nan 0.25 0.2 -1.0 1.0 3491.770488033492 3491.771387943492 3492.1308186634924 3491.025029253491 3493.6873327637004 3491.987566323492 1.0 3491.987566323492 1.0 1
369 1.0 nan 0.2 1.0 1.0 3494.915340183495 3494.916340083495 3496.027029003496 3494.339231133494 3497.5871412830124 3495.1870463434952 -1.0 3495.999798393496 -1.0 2
370 nan 0.125 0.2 -1.0 1.0 3498.7820534734988 3498.782953383499 3500.3776605635003 3498.2409409234983 3501.931869852684 3499.7176265734997 1.0 3500.1949788335 1.0 3
371 nan 0.0 0.2 -1.0 1.0 3503.2202762735033 3503.221242843503 3514.107420783514 3502.5898726535024 3515.6704279508526 3513.990965763514 1.0 3513.990965763514 1.0 1
372 nan 0.0625 0.2 -1.0 1.0 3517.1980450235174 3517.1990115935173 3531.026961993531 3516.3607287635164 3532.581069475471 3530.790618963531 1.0 3530.790618963531 1.0 1
373 nan 1.0 0.2 -1.0 1.0 3533.886342693534 3533.887442583534 3534.177080283534 3533.2883691635334 3535.7362890623267 3534.051226203534 1.0 3534.051226203534 1.0 1
374 nan 0.125 0.2 -1.0 1.0 3536.964301533537 3536.965068123537 3537.3620950835375 3536.3942918735365 3538.9146071089644 3537.215176443537 1.0 3537.215176443537 1.0 1
375 nan 0.25 0.2 -1.0 1.0 3540.1193193335403 3540.12035256354 3540.975700353541 3539.5610085035396 3542.5363122668296 3540.8017510835407 1.0 3540.8017510835407 1.0 1
376 nan 1.0 0.2 -1.0 1.0 3543.8643781235437 3543.8653113635437 3544.175613663544 3543.2057106635434 3545.7306255292883 3544.053492543544 1.0 3544.053492543544 1.0 1
377 nan 0.0625 0.2 -1.0 1.0 3546.9192392735467 3546.920272503547 3557.772387183558 3546.3771268235464 3559.335792523753 3557.6250685835575 1.0 3557.6250685835575 1.0 1
378 nan 0.125 0.2 -1.0 1.0 3560.4976146335607 3560.4987478535604 3562.7012942435626 3560.03759397356 3564.2693046546433 3562.5206456435626 -1.0 3562.5206456435626 -1.0 1
379 0.125 nan 0.2 -1.0 -1.0 3565.4474196035653 3565.4483195135654 3570.23127450357 3564.936604023565 3572.7855492850204 3570.13025127357 1.0 3570.13025127357 1.0 1
380 nan 0.0625 0.2 -1.0 1.0 3573.963901203574 3573.964867773574 3581.7875854235817 3573.4656510335735 3583.34709263357 3580.5707071235806 1.0 3581.714592723582 1.0 3
381 nan 0.0625 0.2 -1.0 1.0 3584.5184456435845 3584.5193788835845 3602.4072565836022 3584.040793413584 3603.968661988929 3590.3475960035903 -1.0 3602.321798463602 1.0 7
382 nan 0.0625 0.2 -1.0 1.0 3605.1794460036053 3605.1804125736053 3610.26610395361 3604.6824623736047 3611.8135128708964 3608.1546817836083 1.0 3610.1543484636104 1.0 2
383 nan 1.0 0.2 -1.0 1.0 3613.151715363613 3613.1526152736133 3613.4134225236135 3612.4844154336124 3614.968905548951 3613.2975674436134 1.0 3613.2975674436134 1.0 1
384 nan 0.125 0.2 -1.0 1.0 3616.146582513616 3616.147582413616 3616.5500088336166 3615.634800363616 3618.1188176147352 3616.4229882036166 1.0 3616.4229882036166 1.0 1
385 nan 1.0 0.2 -1.0 1.0 3619.3964241636195 3619.3971907536193 3619.6724298936197 3618.7750196436186 3621.229831344417 3619.5741730536197 1.0 3619.5741730536197 1.0 1
386 0.0625 nan 0.2 -1.0 -1.0 3622.9181719536227 3622.919138523623 3623.6741296836235 3622.3158321936226 3626.2352685756923 3623.2591711836235 1.0 3623.2591711836235 1.0 1
387 0.0 nan 0.2 -1.0 -1.0 3627.4129557636275 3627.4140889836276 3634.065990393634 3626.912172513627 3636.6182002592973 3633.817048623634 -1.0 3633.8863750236337 1.0 2
388 nan 0.0625 0.2 -1.0 1.0 3637.8789757236377 3637.880242263638 3646.3611274236464 3637.3022000736373 3647.9180354319387 3646.1867115336463 -1.0 3646.1867115336463 -1.0 1
389 nan 0.25 0.2 -1.0 1.0 3649.2124422636493 3649.2134088336493 3655.912472193656 3648.6123356136486 3657.4681789683586 3655.8163151436556 1.0 3655.8163151436556 1.0 1
390 nan 1.0 0.2 -1.0 1.0 3658.7620205436588 3658.7629537836588 3659.034493293659 3658.165280223658 3660.6010997145627 3658.930203723659 1.0 3658.930203723659 1.0 1
391 nan 1.0 0.2 -1.0 1.0 3661.912305483662 3661.913238723662 3668.751221523669 3661.275002553661 3670.311928345976 3668.5893043836686 1.0 3668.5893043836686 1.0 1
392 nan 0.25 0.2 -1.0 1.0 3672.183744903672 3672.1847448036724 3672.5101455936724 3671.017528203671 3674.0677532528525 3672.3829249836726 1.0 3672.3829249836726 1.0 1
393 nan 1.0 0.2 -1.0 1.0 3675.245705343675 3675.2467052436755 3675.5228442936755 3674.7361563036748 3677.0789567674137 3675.4102888836755 1.0 3675.4102888836755 1.0 1
394 nan 0.125 0.2 -1.0 1.0 3678.267436473678 3678.268336383678 3681.232073313681 3677.755654323678 3682.7787824949405 3681.112285293681 1.0 3681.112285293681 1.0 1
395 nan 0.125 0.2 -1.0 1.0 3683.950568103684 3683.951568003684 3684.3155982636845 3683.4579840336837 3685.861705028916 3684.179445213684 1.0 3684.179445213684 1.0 1
396 nan 0.0625 0.2 -1.0 1.0 3687.6174347136875 3687.6185346036877 3697.704959193698 3686.546908443687 3699.278561940145 3687.6564308136876 -1.0 3697.643698653698 1.0 6
397 nan 0.25 0.2 -1.0 1.0 3700.5333763237004 3700.534342893701 3700.8337462837007 3700.0013628637003 3702.4116581764483 3700.7240572537007 1.0 3700.7240572537007 1.0 1
398 nan 0.125 0.2 -1.0 1.0 3703.733656263704 3703.7346228337037 3704.113384953704 3703.086654303703 3705.6834869404893 3703.959367023704 1.0 3703.959367023704 1.0 1
399 nan 0.0625 0.2 -1.0 1.0 3706.894506813707 3706.895573373707 3707.3444951437073 3706.3660929937064 3708.911305072986 3707.2362393037074 1.0 3707.2362393037074 1.0 1
400 nan 0.125 0.2 -1.0 1.0 3710.1334495537103 3710.13451611371 3710.4403855237106 3709.58430447371 3712.0116987260176 3710.3276967937104 1.0 3710.3276967937104 1.0 1
401 nan 0.125 0.2 -1.0 1.0 3713.283567843713 3713.284467753713 3713.657497113714 3712.682894583713 3715.2335040507364 3713.5456749637137 1.0 3713.5456749637137 1.0 1
402 nan 0.25 0.2 -1.0 1.0 3716.6280333637164 3716.6290999237167 3716.8342127437168 3715.921104063716 3718.411118027504 3716.741188713717 1.0 3716.741188713717 1.0 1
403 nan 0.0625 0.2 -1.0 1.0 3719.81704776372 3719.81804766372 3720.903039153721 3719.1013193437193 3722.482943523479 3720.7444550137207 1.0 3720.7444550137207 1.0 1
404 nan 0.0 0.2 -1.0 1.0 3723.7448216137236 3723.7456548637238 3726.2352725437263 3723.167546013723 3727.8165756200297 3723.851144313724 1.0 3726.1841776537262 1.0 2
405 nan 0.0 0.2 -1.0 1.0 3729.027626613729 3729.028593183729 3741.866009313742 3728.5160777737287 3743.4329459445166 3741.2360389837413 1.0 3741.7419217237416 1.0 2
406 0.0 nan 0.8 -1.0 -1.0 3744.6439648237447 3744.6450313837445 3752.6075683837526 3744.154147143744 3755.1830980678455 3752.3275297237524 1.0 3752.3275297237524 1.0 1
