CSH_ZAD_001 e9b57a5a-b06d-476d-ad20-7ec42a16f5f5 zadorlab 2020-01-14 _iblrig_tasks_ephysChoiceWorld6.2.5 F 322 310
0 1.0 nan 0.5 1.0 1.0 192.4035910501924 nan 193.22077599019323 191.5844729701916 194.80357695794922 193.013430060193 -1.0 193.013430060193 -1.0 1
1 0.125 nan 0.5 1.0 1.0 196.03189485019604 196.03282809019603 198.22017600019822 195.22827522019523 199.79868339258294 198.0902223301981 -1.0 198.0902223301981 -1.0 1
2 1.0 nan 0.5 1.0 1.0 200.85291270020085 200.85374595020085 201.26227176020126 200.16038196020017 202.83197970407255 201.04732659020104 -1.0 201.04732659020104 -1.0 1
3 nan 0.0625 0.5 1.0 -1.0 205.36992762020537 205.3706942102054 265.3699276202054 203.1984781202032 208.6817925150906 205.81871607020582 -1.0 210.5028809402105 1.0 5
4 0.25 nan 0.5 1.0 1.0 211.86984423021187 nan 212.6080037402126 209.06459145020906 214.1649796885295 212.04722649021204 -1.0 212.55167604021256 -1.0 2
5 0.0 nan 0.5 1.0 1.0 216.36956088021637 216.37022748021639 226.6048039202266 214.53497769021453 228.18590418906453 219.57094071021956 -1.0 226.48718235022648 -1.0 5
6 0.125 nan 0.5 1.0 1.0 229.16471457022917 229.16541450022916 229.63110126022963 228.6041039702286 231.20280550846226 229.5086135102295 -1.0 229.5086135102295 -1.0 1
7 nan 0.125 0.5 1.0 -1.0 232.14788289023215 232.14871614023215 237.8212821602378 231.5976045902316 240.40268644684377 236.2008442202362 -1.0 237.69169512023768 -1.0 2
8 0.0625 nan 0.5 1.0 1.0 242.61436947024262 242.61520272024262 243.33109779024332 240.7966845902408 244.90260309495758 243.15958161024315 -1.0 243.15958161024315 -1.0 1
9 0.125 nan 0.5 1.0 1.0 245.7977177702458 245.7985176902458 249.36199464024938 245.2721036702453 250.91930213081432 249.23087442024922 -1.0 249.23087442024922 -1.0 1
10 1.0 nan 0.5 1.0 1.0 251.7976510502518 251.7984176402518 252.12591822025212 251.2986009602513 253.68589446741706 251.97040044025198 -1.0 251.97040044025198 -1.0 1
11 0.0625 nan 0.5 -1.0 -1.0 254.68089603025467 254.68172928025467 262.7753198402628 254.05139232025405 265.33572349529135 257.965300890258 -1.0 262.55944143026255 1.0 10
12 nan 0.25 0.5 -1.0 1.0 266.4806159402665 266.4815825102665 295.98373200029596 265.73772357026576 297.54682685455 268.5419764502685 -1.0 295.73808990029573 1.0 3
13 nan 0.25 0.5 -1.0 1.0 299.3684934902994 299.3691600902994 335.53854279033555 298.04462589029805 337.11283658540714 300.4698833403005 1.0 335.1005199303351 -1.0 7
14 nan 0.25 0.5 -1.0 1.0 338.38429152033837 338.38499145033836 339.05652429033904 337.62923370033764 340.6294316390342 338.4551844303385 1.0 338.95543440033896 1.0 3
15 0.0 nan 0.5 1.0 1.0 342.73435647034273 342.7352563803427 352.3282303203523 340.997830140341 353.8791332516024 347.8860745803479 -1.0 352.23660615035226 -1.0 4
16 0.25 nan 0.5 1.0 1.0 354.9173713803549 354.9181046403549 355.4958468603555 354.32833029035436 357.0508536840251 355.3974567003554 -1.0 355.3974567003554 -1.0 1
17 0.0 nan 0.5 1.0 1.0 357.8956401903579 357.8964401103579 372.26916936037225 357.4092555003574 373.8501689451183 372.1210841703721 -1.0 372.1210841703721 -1.0 1
18 nan 1.0 0.5 -1.0 1.0 376.0955533503761 376.0964865903761 384.52384377038453 374.27986827037427 386.1001492159207 384.2296065303842 1.0 384.4999461603845 1.0 2
19 nan 0.125 0.5 1.0 -1.0 388.045191600388 388.04599152038804 391.1146512903911 386.4962465103865 393.66195900632437 390.8486112303909 -1.0 390.8486112303909 -1.0 1
20 0.125 nan 0.5 1.0 1.0 395.2001427003952 395.2009426203952 419.72345679041973 394.05095763039407 421.2828575352964 419.5920366004196 -1.0 419.5920366004196 -1.0 1
21 nan 1.0 0.5 1.0 -1.0 423.17791131042316 423.1785445804232 428.2821675004283 421.7361555004217 430.8445714162564 427.6857604804277 -1.0 427.7888168404278 -1.0 2
22 0.25 nan 0.5 1.0 1.0 431.7828840604318 431.7837839704318 432.16037964043215 431.24657103043126 433.71118688320024 431.95520016043196 -1.0 431.95520016043196 -1.0 1
23 0.25 nan 0.5 1.0 1.0 434.74932072043475 434.75008731043476 435.1660790404352 434.0757880804341 436.7329871023945 435.002028780435 -1.0 435.002028780435 -1.0 1
24 1.0 nan 0.5 1.0 1.0 437.6944928404377 437.6953927504377 438.13728189043815 437.1094846804371 439.69948940787754 437.94673428043797 -1.0 437.94673428043797 -1.0 1
25 nan 0.25 0.5 1.0 -1.0 440.62773282044066 440.62866606044065 445.4936128504455 440.0764879504401 448.0444871075613 445.27216833044525 -1.0 445.27216833044525 -1.0 1
26 nan 0.25 0.5 1.0 -1.0 448.998862290449 448.999562220449 449.96886528044996 448.4287859704484 452.5321988418134 449.1128175604491 -1.0 449.86167600044985 -1.0 3
27 nan 0.0625 0.5 -1.0 1.0 453.9108710404539 453.9115376404539 475.1972088604752 452.963799090453 476.7655073284524 454.85057706045484 1.0 475.15204671047513 1.0 9
28 1.0 nan 0.5 1.0 1.0 478.0937525104781 478.0945191004781 478.4877797704785 477.23110545047723 480.0654871816611 478.3104308404783 -1.0 478.3104308404783 -1.0 1
29 0.0625 nan 0.5 1.0 1.0 481.1604458104812 481.1611457404812 488.6756942104887 480.44958357048046 490.2317985133747 483.13774806048315 -1.0 488.52684243048856 1.0 2
30 1.0 nan 0.5 -1.0 -1.0 491.0935857304911 491.0943523204911 491.63833125049166 490.63669809049065 494.1987047082786 491.2798004404913 -1.0 491.2798004404913 -1.0 1
31 nan 0.125 0.5 1.0 -1.0 495.26020236049527 495.2609689504953 501.16787820050115 494.57420430049456 503.743409250728 501.0520564505011 -1.0 501.0520564505011 -1.0 1
32 nan 0.0625 0.5 1.0 -1.0 504.91510344050494 504.91583670050494 505.27216773050526 504.2089074005042 507.82670942553483 505.03809114050506 -1.0 505.03809114050506 -1.0 1
33 nan 0.125 0.5 1.0 -1.0 508.74835341050874 508.74912000050875 509.04612363050904 508.1972085305082 511.59769938056814 508.6827933005087 1.0 508.8329449505088 -1.0 2
34 1.0 nan 0.5 1.0 1.0 512.5765038905125 512.5774371305126 512.9244024305129 511.976297250512 514.4764101054576 512.7516530405128 -1.0 512.7516530405128 -1.0 1
35 nan 1.0 0.5 -1.0 1.0 516.7647183605168 516.7656849305167 517.0565225105171 514.8402108305148 518.6097983355269 516.9289019405169 1.0 516.9289019405169 1.0 1
36 1.0 nan 0.5 1.0 1.0 521.4645816605215 521.4653149205215 521.8988049005219 518.988295980519 523.4597105450233 521.7641517005218 -1.0 521.7641517005218 -1.0 1
37 nan 0.0625 0.5 1.0 -1.0 524.3976216605244 524.3985882305244 539.6077338305396 523.8406107005238 542.1594287717365 530.6294984105307 1.0 539.6064672905396 -1.0 4
38 nan 0.125 0.5 1.0 -1.0 543.2643681305433 543.2650014005433 546.2726339405463 542.6732272505427 548.842637421319 543.4835795405435 -1.0 546.1123499705461 -1.0 4
39 nan 0.25 0.5 -1.0 1.0 549.7974814205498 549.7982813405498 558.2708340005582 549.2422369505492 559.8425376711431 558.031724580558 1.0 558.031724580558 1.0 1
40 nan 1.0 0.5 -1.0 1.0 560.7474196505608 560.7481195805608 565.1952414905652 560.2440366605603 566.7591153470255 564.7579852205648 -1.0 565.0855191305651 1.0 3
41 nan 1.0 0.5 -1.0 1.0 568.4303512805684 568.4310178805684 574.2996309605743 567.1464130205671 575.8589357027328 574.1049171005741 1.0 574.1049171005741 1.0 1
42 0.25 nan 0.5 1.0 1.0 578.1972411605782 578.1979410905782 579.1049503805791 576.2624346605762 580.6588252746571 578.4609481205785 -1.0 578.987728770579 -1.0 4
43 0.125 nan 0.5 -1.0 -1.0 581.5304411405815 581.5311744005816 584.6954579405847 581.0415233705811 587.2469297414403 584.4182523305844 1.0 584.4182523305844 1.0 1
44 0.125 nan 0.5 1.0 1.0 588.2419032605883 588.2427698405883 595.4222518205954 587.6503290905877 596.9966540874287 589.7597181305898 -1.0 595.1295810905951 1.0 11
45 nan 0.25 0.5 -1.0 1.0 597.9251348405979 nan 603.2052401106032 597.3990541205974 604.7750450137638 602.4305509206024 -1.0 603.1369802706031 1.0 2
46 0.25 nan 0.5 -1.0 -1.0 608.3963876106084 nan 615.4784460006155 605.1714434706051 618.0415491016145 615.062520930615 1.0 615.3883216806154 1.0 2
47 nan 0.0 0.5 -1.0 1.0 619.029824160619 619.030724070619 621.8287442406219 618.4556482506184 623.3912494172729 620.3560581906204 1.0 621.7493521806217 1.0 4
48 0.0625 nan 0.5 1.0 1.0 625.5297074406255 625.5306406806255 643.3479587706433 623.7866484306238 644.929254174428 633.8281108506338 1.0 643.1708764806432 -1.0 5
49 0.25 nan 0.5 1.0 1.0 647.7576844206478 647.7583843506478 660.3836550306604 645.4026532806454 661.9574542319679 659.8698397506598 -1.0 660.2450022306602 -1.0 2
50 0.0 nan 0.5 1.0 1.0 663.1121154906631 663.1128487506631 675.3825883206754 662.4014532306624 676.9621869134122 669.3250608006693 1.0 674.8566075906749 -1.0 4
51 nan 0.125 0.5 1.0 -1.0 678.1406124906781 678.1413124206781 738.1406124906781 677.4064859106774 686.6950836590411 680.02525734068 1.0 684.0494215506841 -1.0 5
52 0.0625 nan 0.5 1.0 1.0 687.7570174206878 nan 688.2910640106883 687.1065824706872 689.8569723992182 688.1296801506882 -1.0 688.1296801506882 -1.0 1
53 nan 0.25 0.5 1.0 -1.0 690.995026920691 690.995826840691 697.8094120806978 690.2439687006903 700.3735815756401 697.4544475806974 -1.0 697.6557607806976 -1.0 2
54 nan 0.125 0.5 1.0 -1.0 701.4282834907015 nan 761.4282834907015 700.7958800707008 706.4948738598594 703.8057123907038 -1.0 703.8057123907038 -1.0 1
55 0.25 nan 0.5 1.0 1.0 707.3899872607074 707.3906205307075 708.053587560708 706.8829713007069 709.6279905724159 707.9427986407079 -1.0 707.9427986407079 -1.0 1
56 1.0 nan 0.5 1.0 1.0 712.6232972107126 712.6242304507126 713.0044924207131 710.01869103071 714.5779965761214 712.8630065707129 -1.0 712.8630065707129 -1.0 1
57 nan 1.0 0.5 -1.0 1.0 715.7065555207157 715.7071887907157 721.2072054007213 714.969695880715 722.7564797187054 720.9192342007209 1.0 721.1235471007211 1.0 2
58 0.125 nan 0.5 -1.0 -1.0 724.7779816207247 724.7787148807248 733.3756217707333 723.1593768307232 735.9396901739692 733.086217380733 1.0 733.086217380733 1.0 1
59 nan 1.0 0.5 -1.0 1.0 737.0445548407371 737.045221440737 737.6145978307376 736.3641895507363 739.1729033071505 737.5079751607375 1.0 737.5079751607375 1.0 1
60 nan 0.0625 0.5 -1.0 1.0 740.7444181507408 740.7451847407408 753.9089015707539 739.5524040307396 755.476901382631 740.944198170741 -1.0 753.7301527807538 1.0 4
61 nan 0.0 0.5 -1.0 1.0 756.8723718607569 756.8730051307568 765.8847038707659 755.9216002807559 767.4608042697482 765.6367286707656 1.0 765.6367286707656 1.0 1
62 0.0625 nan 0.5 -1.0 -1.0 770.2887967507703 770.2894633507703 776.2637325307762 767.8894033807679 778.8222033311313 776.016057300776 1.0 776.016057300776 1.0 1
63 nan 0.25 0.5 -1.0 1.0 780.01009119078 780.0106911307801 780.6764245507807 779.2425012907793 782.2604267080626 780.2590996207803 1.0 780.5860002607806 1.0 2
64 nan 0.125 0.5 -1.0 1.0 783.6053649607836 783.6060315607837 791.946630750792 782.6448276907827 793.509832886099 791.8222098607919 1.0 791.8222098607919 1.0 1
65 nan 0.0 0.5 -1.0 1.0 794.6384282107947 794.6391614707946 795.3152271907953 793.9338320107939 796.8934322137769 795.2085378607952 1.0 795.2085378607952 1.0 1
66 0.0625 nan 0.5 -1.0 -1.0 799.6217631607997 799.6224630907997 802.8790707308029 797.2758311107973 805.4384318659764 802.7503836008027 1.0 802.7503836008027 1.0 1
67 nan 0.125 0.5 -1.0 1.0 806.4766109408065 806.4773775308065 807.1104142208071 805.944230850806 808.6716211162419 806.950530210807 1.0 806.950530210807 1.0 1
68 nan 0.125 0.5 -1.0 1.0 809.7265859108097 809.7273191708098 812.4485136908124 809.0668185608091 814.021617258062 812.1872731508122 1.0 812.4073178108124 1.0 2
69 0.25 nan 0.5 1.0 1.0 815.4765441908155 815.4772441208155 816.6124305908166 814.4245160708144 818.1715346035683 815.7014217008157 -1.0 816.0394212308161 1.0 2
70 nan 0.0625 0.5 -1.0 1.0 819.1763408408192 819.1772074208192 829.4754441608295 818.5743343808185 831.0380445958153 824.3842200008244 -1.0 829.2089374808293 1.0 3
71 nan 0.0625 0.5 -1.0 1.0 835.1261457008351 835.1270122808352 845.3797535708454 831.4776439208315 846.9592500959122 840.8319750608408 1.0 845.1346447508452 -1.0 3
72 nan 0.0625 0.5 1.0 -1.0 848.6208627608486 848.6218626608486 878.9488296608789 847.4227492508475 881.5255534414829 856.1889725408562 -1.0 878.9480630708789 -1.0 4
73 0.0 nan 0.5 1.0 1.0 882.7537824608828 882.7547823608828 883.6630581908837 882.0535524908821 885.2254620014053 883.1363108708831 -1.0 883.5479363708836 -1.0 2
74 1.0 nan 0.5 1.0 1.0 886.3369907708864 886.3377240308863 886.6062638408866 885.6240620708857 888.1704598440948 886.5059738708865 -1.0 886.5059738708865 -1.0 1
75 nan 0.0625 0.5 1.0 -1.0 890.4081502808904 890.4090168608905 901.1965046709012 888.6622582208887 903.7533705501668 890.5361708108906 1.0 901.1078802009011 -1.0 6
76 nan 0.0 0.5 -1.0 1.0 905.4413468109054 905.4421134009054 910.1541754809101 904.2205689009043 911.7200781002553 905.6712238209057 -1.0 909.98905866091 1.0 2
77 nan 0.25 0.5 -1.0 1.0 913.1912384109132 913.1920050009132 913.5076734309135 912.1442764509121 915.0747774421229 913.4163825609135 1.0 913.4163825609135 1.0 1
78 0.0625 nan 0.5 1.0 1.0 917.069917170917 917.0706504309171 924.5648676009246 915.4773764409155 926.1580674745164 924.4104830409244 -1.0 924.4104830409244 -1.0 1
79 nan 1.0 0.5 -1.0 1.0 927.3530887509273 927.3538220109274 928.5738666609286 926.5798660809265 930.1363703745683 928.064150970928 -1.0 928.3778862609283 1.0 2
80 0.0625 nan 0.5 1.0 1.0 931.4402133309314 931.4410799109314 942.4166822409425 930.5427697509306 943.9910813827009 937.4240148909374 -1.0 942.2043701409422 -1.0 2
81 nan 0.0 0.5 1.0 -1.0 944.952661950945 944.953261890945 958.8447726009589 944.4315807309445 961.4074049543909 949.9780593609499 -1.0 958.6797224409587 -1.0 3
82 0.125 nan 0.5 1.0 1.0 962.5522351509626 962.5530684009626 963.3699867009634 961.8581045709618 964.9570914726506 963.1506419709632 -1.0 963.2343002709632 1.0 2
83 0.25 nan 0.5 1.0 1.0 966.4690767609665 966.4696767009665 967.4888081109675 965.3617875009654 969.0732073577016 967.3907512509674 -1.0 967.3907512509674 -1.0 1
84 0.125 nan 0.5 1.0 1.0 970.5356367309705 970.5363033309706 979.2026032809792 969.4852084509695 980.7902011872881 978.7061529309788 1.0 979.0403861709791 -1.0 2
85 0.125 nan 0.5 -1.0 -1.0 982.3187916309823 982.3194582309824 988.2883946109883 981.2365998609813 990.8519964005536 985.089214560985 -1.0 988.1244110109882 1.0 4
86 nan 1.0 0.5 -1.0 1.0 991.7900777409918 991.7906776809918 992.1490085109922 991.2821952009913 993.7234095189731 992.038186260992 1.0 992.038186260992 1.0 1
87 nan 0.0625 0.5 -1.0 1.0 994.8351732009949 994.8360397809948 1009.7480151010097 994.1362097709941 1011.3017134254799 998.5014065409985 1.0 1009.5711994510095 -1.0 6
88 nan 1.0 0.5 -1.0 1.0 1013.0897808910131 1013.0904141610131 1013.4549110410135 1011.7741124710118 1015.0230139502432 1013.3234908510134 1.0 1013.3234908510134 1.0 1
89 0.0625 nan 0.5 1.0 1.0 1018.8013763410188 1018.8020096110188 1056.4282466110565 1015.4350130110155 1057.9889336848967 1038.8474382010388 -1.0 1056.2727954910563 -1.0 4
90 nan 1.0 0.8 -1.0 1.0 1059.100812661059 1059.1015125910592 1062.806242081063 1058.5646329510587 1064.3888416859747 1062.6087285010626 1.0 1062.6087285010626 1.0 1
91 0.0625 nan 0.8 1.0 1.0 1066.900632601067 1066.901399191067 1077.9034322110779 1064.814341251065 1079.4718301266291 1073.4213138010734 -1.0 1077.7634128810778 -1.0 2
92 0.25 nan 0.8 1.0 1.0 1081.6504908010816 1081.6512907210818 1082.2684290010823 1079.93792874108 1083.833732329656 1082.176971481082 -1.0 1082.176971481082 -1.0 1
93 0.0 nan 0.8 1.0 1.0 1084.988656951085 1084.989490201085 1088.965759201089 1084.2422316010843 1090.538547877694 1088.0181873010881 -1.0 1088.931195991089 -1.0 6
94 0.0625 nan 0.8 1.0 1.0 1092.000289051092 1092.001088971092 1092.5070383710924 1091.075748181091 1094.0718419184568 1092.2095014610923 -1.0 1092.2095014610923 -1.0 1
95 0.25 nan 0.8 1.0 1.0 1094.966859031095 1094.967692281095 1096.120443661096 1094.4915399010945 1097.6885459990256 1095.2431314010953 -1.0 1096.0033887010961 -1.0 4
96 nan 0.0625 0.8 1.0 -1.0 1098.8333723410988 1098.834338911099 1103.6252597711036 1098.111444541098 1106.1834608991703 1103.3591863811034 -1.0 1103.3591863811034 -1.0 1
97 0.25 nan 0.8 1.0 1.0 1107.2546967911073 1107.2555633711072 1115.2463642111152 1106.6154607211067 1116.8047652648554 1107.4143141611073 -1.0 1115.0946793811152 -1.0 12
98 1.0 nan 0.8 1.0 1.0 1117.833138841118 1117.8337387811177 1118.1572730911182 1117.2540634211173 1119.7215469692198 1118.013754111118 -1.0 1118.013754111118 -1.0 1
99 0.0625 nan 0.8 1.0 1.0 1120.6663221611207 1120.6671220811206 1120.914064051121 1120.12514295112 1122.4664660954472 1120.8051749411209 -1.0 1120.8051749411209 -1.0 1
100 1.0 nan 0.8 1.0 1.0 1124.3212566311242 1124.3220565511244 1124.6117609111245 1122.8656688711228 1126.1663644518665 1124.4802740611244 -1.0 1124.4802740611244 -1.0 1
101 1.0 nan 0.8 1.0 1.0 1127.3376216311274 1127.3383882211274 1127.6092611311276 1126.5931627511266 1129.171065003292 1127.4910729511275 -1.0 1127.4910729511275 -1.0 1
102 0.25 nan 0.8 1.0 1.0 1130.11631040113 1130.1169770011302 1136.3284557911363 1129.5783642011295 1137.8876576380721 1130.3357551211304 -1.0 1136.2479638411362 -1.0 2
103 0.125 nan 0.8 -1.0 -1.0 1139.4994386611395 1139.5005052211395 1151.978690611152 1138.3237562411384 1154.5493867282873 1140.04621731114 -1.0 1151.7884096411517 1.0 4
104 0.125 nan 0.8 1.0 1.0 1155.5206363811556 1155.5213029811555 1160.04348405116 1155.018686581155 1161.6158841120593 1155.7227161711558 1.0 1159.97939046116 -1.0 7
105 nan 0.0625 0.8 1.0 -1.0 1162.7539463111627 1162.7548462211628 1163.039517751163 1162.054982881162 1165.6205737640198 1162.7891427911627 -1.0 1162.7891427911627 -1.0 1
106 0.0625 nan 0.8 -1.0 -1.0 1166.8155734411669 1166.816473351167 1182.0836131511821 1166.1713712011663 1184.648776285353 1167.0358847411671 -1.0 1181.6954853011816 -1.0 9
107 0.0625 nan 0.8 1.0 1.0 1185.6202927811855 1185.6212593511857 1186.2514963211863 1185.1275753911852 1187.815296182724 1186.024752331186 -1.0 1186.024752331186 -1.0 1
108 0.25 nan 0.8 1.0 1.0 1189.2867261011893 1189.2875260211893 1189.6401907511897 1188.2319982511883 1191.198495865014 1189.5326015111896 -1.0 1189.5326015111896 -1.0 1
109 0.25 nan 0.8 1.0 1.0 1192.5866627411926 1192.5874626611926 1195.8472033211958 1191.6135933911917 1197.4153034856856 1192.8194061311929 -1.0 1195.795541821196 -1.0 4
110 0.125 nan 0.8 1.0 1.0 1198.4034143411984 1198.4040809411983 1200.4700076612005 1197.849303091198 1202.0485092361243 1198.977223621199 -1.0 1199.8971982812 -1.0 2
111 0.25 nan 0.8 1.0 1.0 1203.1033443012032 1203.104044231203 1203.3693843612034 1202.4689077512026 1204.931690158026 1203.2347978212033 -1.0 1203.2347978212033 -1.0 1
112 0.25 nan 0.8 1.0 1.0 1206.036384301206 1206.037317541206 1206.2441968512062 1205.3548857912053 1207.798399324162 1206.1065772812062 -1.0 1206.1065772812062 -1.0 1
113 nan 1.0 0.8 -1.0 1.0 1208.8532692512088 1208.853935851209 1209.1573055112092 1208.2193993112082 1210.7150071316141 1209.0504162012091 1.0 1209.0504162012091 1.0 1
114 0.0625 nan 0.8 -1.0 -1.0 1211.8693676112118 1211.8703008512118 1216.4982046812165 1211.1393072912113 1219.0649057313622 1216.3514193612164 1.0 1216.3514193612164 1.0 1
115 0.25 nan 0.8 1.0 1.0 1220.01941919122 1220.02015245122 1220.6856192312207 1219.4988045912196 1222.2481197371258 1220.16617118122 -1.0 1220.5936950912205 -1.0 3
116 0.125 nan 0.8 1.0 1.0 1223.3195891412233 1223.3204890512234 1223.5628981412235 1222.6687209012227 1225.1194059124325 1223.4395771412235 -1.0 1223.4395771412235 -1.0 1
117 0.125 nan 0.8 -1.0 -1.0 1226.6478562812267 1226.6487228612266 1228.3903820112284 1225.5319012212256 1230.9524171594 1227.1717038912273 -1.0 1228.1497060812283 1.0 2
118 nan 0.25 0.8 1.0 -1.0 1231.8980645412319 1231.8989977812319 1236.4606082412365 1231.3809162612315 1239.014527968118 1236.2922584112364 -1.0 1236.2922584112364 -1.0 1
119 0.0625 nan 0.8 1.0 1.0 1240.2361306512403 1240.2368639112403 1240.8591016812409 1239.5989277112396 1242.419308237285 1240.6725536712406 -1.0 1240.6725536712406 -1.0 1
120 nan 0.0625 0.8 1.0 -1.0 1243.3642844712433 1243.3651510512434 1246.5128029212465 1242.8334042312429 1249.0977338663488 1246.2967578612463 -1.0 1246.2967578612463 -1.0 1
121 nan 0.0625 0.8 1.0 -1.0 1250.1692039112502 1250.1700704912503 1262.4569083512624 1249.5363338712496 1265.0142396740557 1250.3568184812505 -1.0 1262.3635176912624 -1.0 5
122 0.0 nan 0.8 1.0 1.0 1266.0686804712661 1266.069513721266 1266.6007272612667 1265.4958377612654 1268.1683300894106 1266.3633510012664 -1.0 1266.3633510012664 -1.0 1
123 nan 0.25 0.2 -1.0 1.0 1269.2305642512692 1269.2314974912692 1270.3613178312703 1268.5961277012686 1271.9139208726433 1269.4174122312695 -1.0 1270.2721600812704 1.0 3
124 0.125 nan 0.2 -1.0 -1.0 1273.1520720612732 1273.152771991273 1283.4889716012835 1272.3510188412724 1286.0516357003658 1282.4813723712825 1.0 1282.4813723712825 1.0 1
125 nan 0.125 0.2 -1.0 1.0 1287.047015761287 1287.047915671287 1287.6447226512876 1286.5189352412865 1289.1969281967217 1287.4126125312873 1.0 1287.4126125312873 1.0 1
126 nan 0.0 0.2 1.0 -1.0 1290.3351202512904 1290.3358868412904 1294.852468471295 1289.6115259512897 1297.4302336516619 1293.853235071294 -1.0 1294.8020401812948 -1.0 3
127 1.0 nan 0.2 1.0 1.0 1298.3681835312984 1298.3691167712984 1298.7902413212987 1297.8732330312978 1300.3682409730197 1298.5014702012986 -1.0 1298.7659770812988 -1.0 2
128 nan 0.25 0.2 1.0 -1.0 1301.4801389713016 1301.4807389113014 1305.3460523413053 1300.7917411513008 1307.9181523117038 1305.1804689013052 -1.0 1305.1804689013052 -1.0 1
129 nan 0.0 0.2 1.0 -1.0 1308.880032241309 1308.880665511309 1309.5979604413096 1308.3597509413084 1312.1848603016035 1309.4164452613095 -1.0 1309.4164452613095 -1.0 1
130 nan 0.0625 0.2 1.0 -1.0 1313.5631972113135 1313.5639304713136 1314.2475621013143 1312.6108591213126 1316.8131626612185 1313.988088051314 -1.0 1314.145305661314 -1.0 2
131 nan 0.0625 0.2 -1.0 1.0 1317.968123341318 1317.968856601318 1318.4628405313185 1317.2500618213173 1320.0299454127342 1318.3032898213182 1.0 1318.3032898213182 1.0 1
132 0.0625 nan 0.2 1.0 1.0 1320.951091681321 1320.9518249413209 1328.6457554713286 1320.4501417813206 1330.2010698324532 1328.4249775513285 -1.0 1328.4249775513285 -1.0 1
133 nan 0.25 0.2 -1.0 1.0 1333.062913711333 1333.0636469713331 1342.2173648413423 1330.8278705713308 1343.7793621109358 1341.799073341342 1.0 1342.1704028713423 1.0 2
134 nan 0.0 0.2 -1.0 1.0 1344.7669765213448 nan 1347.6157582813476 1344.2579607613443 1349.1793590995446 1347.5080023913474 1.0 1347.5080023913474 1.0 1
135 nan 0.0625 0.2 -1.0 1.0 1350.950991391351 nan 1354.2591605413543 1349.6197578613496 1355.8126614603236 1353.9341930413539 -1.0 1354.071179341354 1.0 2
136 nan 0.125 0.2 -1.0 1.0 1356.8506013713568 1356.8513346313568 1357.0951769113572 1356.2678596513563 1358.6458773729794 1356.962623501357 1.0 1356.962623501357 1.0 1
137 1.0 nan 0.2 1.0 1.0 1360.7838746713608 1360.7846412613608 1365.075678781365 1359.072179191359 1366.62907896524 1364.7375792613648 -1.0 1364.993153701365 -1.0 3
138 1.0 nan 0.2 1.0 1.0 1367.6668863013676 1367.6675862313677 1368.0743788813681 1367.084377891367 1369.633980198463 1367.884264561368 -1.0 1367.884264561368 -1.0 1
139 0.0 nan 0.2 1.0 1.0 1370.845701721371 1370.8465349713708 1384.041981961384 1370.06877942137 1385.5953780666239 1377.0986097013772 -1.0 1384.041815311384 -1.0 4
140 nan 0.125 0.2 -1.0 1.0 1386.6835511113868 1386.6846510013868 1393.927593301394 1386.0914769913861 1395.4998902784328 1393.7458448113937 1.0 1393.7458448113937 1.0 1
141 nan 0.0 0.2 1.0 -1.0 1396.4452748413964 1396.4458747813965 1401.5434649714016 1395.9615898813959 1404.1117962777598 1401.140938561401 -1.0 1401.3819477914014 -1.0 3
142 nan 0.25 0.2 -1.0 1.0 1405.2827910014053 1405.2837575714052 1407.1363056314071 1404.5703955814047 1408.715804309693 1406.8232702714067 1.0 1407.0581801114072 1.0 2
143 nan 0.125 0.2 1.0 -1.0 1409.96165640141 1409.9623563314099 1410.2530272614104 1409.1512041214091 1412.8164943929214 1409.9163609314098 1.0 1410.05811342141 -1.0 2
144 nan 0.25 0.2 1.0 -1.0 1413.978288031414 1413.978987961414 1431.2777912414313 1413.2713920614133 1433.8495165071743 1431.056213401431 -1.0 1431.056213401431 -1.0 1
145 nan 1.0 0.2 -1.0 1.0 1434.8778978614348 1434.878764441435 1441.4409081614415 1434.3623160914344 1443.011206691467 1435.167935521435 -1.0 1441.1068749014412 -1.0 5
146 nan 0.0625 0.2 -1.0 1.0 1444.082677291444 1444.083310561444 1451.937125101452 1443.4816040714436 1453.4988069533956 1451.8180703414519 1.0 1451.8180703414519 1.0 1
147 nan 0.25 0.2 -1.0 1.0 1454.7941060414548 1454.7948059714547 1474.3829469614743 1454.127206071454 1475.9441379298519 1461.8291691314619 1.0 1474.3335185714743 1.0 2
148 0.0 nan 0.2 1.0 1.0 1478.1983987114781 1478.199198631478 1478.5138338314785 1476.4755376814765 1480.093833425707 1478.4119106914784 -1.0 1478.4119106914784 -1.0 1
149 nan 0.25 0.2 -1.0 1.0 1481.6645853914818 1481.6655186314817 1489.8174366914898 1480.5442307714807 1491.3936322925822 1489.3895128214895 -1.0 1489.5614622914895 1.0 2
150 nan 0.125 0.2 1.0 -1.0 1492.6315552514927 1492.6323551714927 1552.6315552514927 1491.871431271492 1549.6974796772013 1546.949122951547 -1.0 1546.949122951547 -1.0 1
151 nan 0.25 0.2 -1.0 1.0 1550.8593985515508 nan 1551.7546756815518 1550.3858792415504 1553.326075913127 1551.5135331315516 1.0 1551.5135331315516 1.0 1
152 nan 1.0 0.2 -1.0 1.0 1554.964188031555 1554.964921291555 1555.5740603715556 1553.7686742615538 1557.1473903588023 1555.0303147515551 1.0 1555.4826361815556 1.0 2
153 nan 1.0 0.2 -1.0 1.0 1559.025948481559 1559.026848391559 1569.6312878415697 1557.6067904115575 1571.1923844078308 1569.4906685715696 1.0 1569.4906685715696 1.0 1
154 nan 0.125 0.2 1.0 -1.0 1572.3471495615725 1572.3479828115724 1617.8071031116178 1571.6782831215717 1620.3749133700426 1572.5876588415726 1.0 1617.7680070216177 -1.0 5
155 0.25 nan 0.2 -1.0 -1.0 1621.5621942316216 1621.5630274816215 1623.061710931623 1621.043512771621 1625.624711261428 1622.7513753016228 1.0 1622.7513753016228 1.0 1
156 nan 1.0 0.2 -1.0 1.0 1628.896227421629 1628.897293981629 1638.098507101638 1626.0806090116262 1639.6793328186143 1637.8268342716378 1.0 1637.999183701638 1.0 2
157 nan 0.0625 0.2 0.0 -1.0 1641.5411628016416 1641.5418294016415 1701.5427620417015 1640.1863316316403 1704.042045873109 1677.2283270616772 -1.0 1677.3334165516774 -1.0 2
158 nan 0.0625 0.2 1.0 -1.0 1704.7779384917048 1705.2240272117053 1705.829033371706 1704.7128450017046 1708.373564535555 1705.5032326217056 -1.0 1705.5032326217056 -1.0 1
159 0.25 nan 0.2 1.0 1.0 1709.4780351017096 1709.4790016717095 1710.5566605617105 1708.836965881709 1712.1233749034832 1709.6967798917096 -1.0 1710.2006628317101 -1.0 2
160 nan 0.125 0.2 1.0 -1.0 1715.2111950617152 nan 1775.2111950617152 1712.7412754117126 1734.3277650983348 1722.816201151723 1.0 1734.1608665717342 -1.0 7
161 0.25 nan 0.2 1.0 1.0 1735.3896770117353 1735.3903769417354 1735.8407652317358 1734.865262791735 1737.4109635035227 1735.6883804717356 -1.0 1735.6883804717356 -1.0 1
162 nan 0.0625 0.2 1.0 -1.0 1738.3560803417383 1738.3569802517384 1782.9501204917829 1737.868362451738 1785.5222995255683 1738.5996893117385 1.0 1782.9171237917828 -1.0 8
163 nan 0.25 0.2 1.0 -1.0 1786.7935694417868 1786.794402691787 1787.3357152217873 1786.164599011786 1789.9053129878982 1786.935788551787 -1.0 1786.935788551787 -1.0 1
164 nan 0.0625 0.2 1.0 -1.0 1790.926722751791 1790.927689321791 1791.6483505817916 1790.3619125717903 1794.2268155712209 1791.2115942617913 -1.0 1791.5775576617916 -1.0 2
165 nan 0.125 0.2 1.0 -1.0 1795.6886131817957 1795.6893131117956 1796.4149405417963 1794.6725148017947 1798.9934063902224 1795.903058401796 -1.0 1796.3872099817963 -1.0 3
166 nan 0.0625 0.2 1.0 -1.0 1802.888559781803 1802.889226381803 1803.1182034818032 1799.4426044117995 1805.6884008726522 1803.016113691803 -1.0 1803.016113691803 -1.0 1
167 nan 0.0625 0.2 0.0 -1.0 1806.7264759518068 1806.7272425418068 1866.7281418518667 1806.1573995318063 1869.227457037538 1807.6890796818077 -1.0 1815.6864798618158 1.0 2
168 nan 1.0 0.2 -1.0 1.0 1869.9922154118701 1870.5213958218706 1870.832264731871 1869.91315665187 1872.4088624868987 1870.7278751718707 1.0 1870.7278751718707 1.0 1
169 0.0 nan 0.2 0.0 -1.0 1880.1371341518802 1880.1379007418802 1940.1388333819402 1872.8656613718729 1942.6380741928656 nan 0.0 nan 0.0 0
170 nan 1.0 0.2 -1.0 1.0 1943.4909648019436 1943.986781881944 1957.058207941957 1943.4058733119434 1958.6194005756563 1956.801566941957 -1.0 1956.801566941957 -1.0 1
171 nan 0.0625 0.2 0.0 -1.0 1960.4902980319605 1960.4912646019604 2020.4922639020206 1959.132800461959 2022.9914458381568 nan 0.0 nan 0.0 0
172 nan 0.25 0.2 -1.0 1.0 2023.7514046220238 2024.1904940420243 2025.2697527720252 2023.6877443220237 2026.8391495348992 2025.0723725120251 1.0 2025.0723725120251 1.0 1
173 nan 0.125 0.2 0.0 -1.0 2029.88472456203 2029.8854244920299 2089.88635713209 2027.3071490120274 2092.3855702908536 2029.8755254820298 1.0 2029.98698100203 -1.0 2
174 nan 0.0625 0.2 0.0 -1.0 2093.166962372093 2093.7886335320936 2153.7895661721536 2093.0955695120933 2156.2888155187115 nan 0.0 nan 0.0 0
175 nan 0.0625 0.2 1.0 -1.0 2157.032608502157 2157.4881962721574 2158.2634854021585 2156.967615002157 2160.8367161808355 2158.115866832158 -1.0 2158.115866832158 -1.0 1
176 nan 1.0 0.2 -1.0 1.0 2162.015810132162 2162.016810032162 2172.924219182173 2161.2985152021615 2174.465716761271 2172.7490700321728 1.0 2172.7490700321728 1.0 1
177 nan 0.0 0.2 -1.0 1.0 2175.753702872176 2175.754602782176 2176.900721492177 2174.958015782175 2178.4537196815295 2175.941217452176 1.0 2176.820362862177 1.0 2
178 nan 0.0625 0.2 -1.0 1.0 2180.3155799721803 2180.3165798721802 2223.4922618722235 2178.924719072179 2225.0526430462132 2223.3405103822233 1.0 2223.3405103822233 1.0 1
179 0.0625 nan 0.2 -1.0 -1.0 2227.131297932227 2227.1320311922273 2228.2793831122285 2225.6871423622256 2230.8645450858003 2227.1762601022274 1.0 2228.2261217722285 1.0 2
180 nan 0.0625 0.2 -1.0 1.0 2231.952749072232 2231.953648982232 2244.755068712245 2231.3344442422313 2246.3144631935506 2244.6074834722444 1.0 2244.6074834722444 1.0 1
181 0.125 nan 0.2 0.0 -1.0 2247.4525322722475 2247.4531655422475 2307.4540981823075 2246.8140627922467 2309.9533127451714 2256.878422922257 1.0 2257.2466194322574 1.0 3
182 nan 0.0625 0.2 0.0 -1.0 2310.7180717523106 2311.347408812311 2371.3483081223712 2310.6461122823107 2373.8475527687283 2333.0891344223332 1.0 2333.906052722334 1.0 2
183 nan 0.0 0.2 -1.0 1.0 2375.312111702375 2375.3129116223754 2376.885054392377 2374.5736522223747 2378.4622512757114 2376.5632199123766 -1.0 2376.660310202377 1.0 2
184 0.125 nan 0.2 1.0 1.0 2381.117097812381 2381.1178310723813 2389.7746653023896 2378.928350042379 2391.345356867959 2387.4619965923875 -1.0 2389.6318795823895 -1.0 7
185 0.0 nan 0.2 1.0 1.0 2393.8167610523938 2393.817660962394 2401.3248768324015 2391.8663561123917 2402.8830722932744 2401.195856402401 -1.0 2401.195856402401 -1.0 1
186 nan 0.25 0.2 1.0 -1.0 2403.911751452404 2403.912518042404 2404.2788480724043 2403.3831709824035 2406.845178331066 2404.1737585824044 -1.0 2404.1737585824044 -1.0 1
187 nan 0.0 0.2 1.0 -1.0 2407.966412612408 nan 2407.967145872408 2407.3120780524073 2411.1450641233887 nan 0.0 nan 0.0 0
188 nan 1.0 0.2 -1.0 1.0 2412.3829709124125 2412.3837375024123 2413.8272598024137 2411.820560492412 2415.3997851277345 2413.2503508324135 -1.0 2413.5605198124135 1.0 3
189 nan 0.125 0.2 -1.0 1.0 2416.5281563524168 2416.5290229324164 2425.068868862425 2415.885087332416 2426.644894616554 2424.7882969224247 1.0 2424.7882969224247 1.0 1
190 nan 1.0 0.2 -1.0 1.0 2427.949614092428 2427.950580662428 2435.6210802024357 2427.151493912427 2437.1825743435734 2428.270848632428 -1.0 2435.4044018724353 1.0 4
191 0.0625 nan 0.2 1.0 1.0 2438.2779811524383 2438.278714412438 2454.1656922224543 2437.7000722824378 2455.7323822049634 2448.152160302448 -1.0 2453.885120282454 -1.0 3
192 nan 0.0625 0.2 1.0 -1.0 2456.894219342457 2456.895152582457 2457.626446112458 2456.272981472456 2460.1943067752163 2457.2498504424575 1.0 2457.2498504424575 1.0 1
193 nan 1.0 0.8 -1.0 1.0 2461.3988688324616 2461.3997354124613 2463.139494752463 2460.6763077624605 2464.7158932038606 2462.3401746924624 -1.0 2462.956546382463 1.0 2
194 0.0625 nan 0.8 -1.0 -1.0 2467.1273959224673 2467.1279958624673 2467.995309122468 2465.194389242465 2470.582001827582 2467.5056247624675 1.0 2467.959846002468 1.0 2
195 1.0 nan 0.8 1.0 1.0 2471.6273792124716 2471.6282791224717 2472.049703642472 2471.078200802471 2473.6155021591117 2471.863322282472 -1.0 2471.863322282472 -1.0 1
196 0.0 nan 0.8 1.0 1.0 2474.5438875324744 2474.544554132475 2484.320409782484 2474.075501042474 2485.8818031540727 2483.4550629924834 -1.0 2484.121563002484 -1.0 2
197 0.0 nan 0.8 1.0 1.0 2486.860322432487 2486.861089022487 2487.4058345424874 2486.396002202486 2488.9652273730835 2487.264981962487 -1.0 2487.264981962487 -1.0 1
198 nan 0.125 0.8 1.0 -1.0 2490.1436607324904 2490.1443606624903 2498.4145668924984 2489.4424308624893 2500.9768280969406 2493.065201882493 -1.0 2498.2717478424984 -1.0 3
199 nan 0.0625 0.8 1.0 -1.0 2502.097765202502 2502.098531792502 2505.086499632505 2501.4805269325016 2507.6648289996465 2504.872987652505 -1.0 2504.872987652505 -1.0 1
200 0.25 nan 0.8 1.0 1.0 2508.6266455825084 2508.6274455025086 2509.1696246125093 2508.145027082508 2510.74342274019 2508.927215522509 1.0 2509.0503365425093 -1.0 2
201 nan 0.25 0.8 1.0 -1.0 2511.714736742512 2511.7154366725117 2515.588349342516 2511.209520602511 2518.159842657526 2515.3705711225152 -1.0 2515.4773271125155 -1.0 2
202 0.125 nan 0.8 1.0 1.0 2520.797895002521 2520.7986282625207 2521.395435242521 2518.650043142519 2522.9814316216284 2521.187889332521 -1.0 2521.187889332521 -1.0 1
203 0.0 nan 0.8 1.0 1.0 2525.6096471125256 2525.6105470225257 2532.619846022533 2523.4654282225233 2534.1930378467328 2532.2983781725325 -1.0 2532.2983781725325 -1.0 1
204 nan 1.0 0.8 1.0 -1.0 2535.3636382825352 2535.3644382025354 2538.856055672539 2534.7077372125345 2541.409451741819 2538.739434002539 -1.0 2538.739434002539 -1.0 1
205 0.25 nan 0.8 1.0 1.0 2542.664208152543 2542.6650080725426 2543.108063762543 2541.895251722542 2544.6643596022986 2542.975976972543 -1.0 2542.975976972543 -1.0 1
206 nan 0.125 0.8 1.0 -1.0 2546.125961942546 2546.1266285425463 2577.5959146325777 2545.147459802545 2580.1588665704367 2559.6791064925596 -1.0 2577.4406968225776 -1.0 4
207 nan 0.0625 0.8 1.0 -1.0 2581.2300845125815 2581.2308511025813 2581.6824726025816 2580.7620646525806 2584.2421691948284 2581.5832825225816 -1.0 2581.5832825225816 -1.0 1
208 1.0 nan 0.8 1.0 1.0 2585.2468494625855 2585.2477827025855 2585.787995342586 2584.721368682585 2587.3465887508414 2585.6215119925855 -1.0 2585.6215119925855 -1.0 1
209 0.125 nan 0.8 1.0 1.0 2589.025438232589 2589.0260715025893 2597.895984422598 2587.8286912525878 2599.4753839540226 2597.6742399325976 -1.0 2597.7786961525976 -1.0 2
210 0.125 nan 0.8 1.0 1.0 2600.8464893426008 2600.847222602601 2605.3870019126052 2600.2492824026003 2606.9465961443907 2604.963977552605 -1.0 2605.355105102605 -1.0 2
211 0.25 nan 0.8 1.0 1.0 2608.141659752608 2608.1424596726083 2608.5897816026086 2607.4449960926077 2610.1418105797648 2608.4964242726087 -1.0 2608.4964242726087 -1.0 1
212 nan 0.125 0.8 1.0 -1.0 2611.179522602611 2611.180422512611 2614.5753829826144 2610.630510842611 2617.1251135451125 2614.4638941326143 -1.0 2614.4638941326143 -1.0 1
213 0.25 nan 0.8 1.0 1.0 2618.1462591926183 2618.147059112618 2618.4439960826185 2617.6115126726177 2619.991498370647 2618.2758795626182 -1.0 2618.2758795626182 -1.0 1
214 nan 0.25 0.2 1.0 -1.0 2621.0960975126213 2621.0970307526213 2621.4472957226217 2620.4717932826206 2623.9963951837576 2621.284911962621 -1.0 2621.284911962621 -1.0 1
215 nan 0.125 0.2 1.0 -1.0 2625.108062942625 2625.108962852625 2625.6215782526256 2624.4852918926244 2628.1745061130737 2625.4817922326256 -1.0 2625.4817922326256 -1.0 1
216 nan 0.0625 0.2 1.0 -1.0 2629.4293974326292 2629.4301973526294 2629.86518718263 2628.6683068826287 2632.424717935939 2629.6693401026296 -1.0 2629.6693401026296 -1.0 1
217 nan 0.0625 0.2 1.0 -1.0 2633.379235742633 2633.380168982633 2633.797160612634 2632.898017202633 2636.358022972465 2633.6817388226336 -1.0 2633.6817388226336 -1.0 1
218 nan 0.0 0.2 1.0 -1.0 2637.5457857126376 2637.5464189826375 2637.991741112638 2636.844622502637 2640.5412077436195 2637.857921162638 -1.0 2637.857921162638 -1.0 1
219 0.0 nan 0.2 1.0 1.0 2641.5624506726417 2641.5633505826418 2641.986808232642 2641.0223046926412 2643.5625036347465 2641.853354912642 -1.0 2641.853354912642 -1.0 1
220 0.125 nan 0.2 1.0 1.0 2644.957777772645 2644.958644352645 2663.889117782664 2644.0465022426442 2665.4574363258585 2663.733999962664 -1.0 2663.733999962664 -1.0 1
221 nan 0.125 0.2 -1.0 1.0 2666.6288104526666 2666.6294103926666 2668.5483184826685 2666.037836222666 2670.128344512318 2668.0554011126683 1.0 2668.4403292826682 1.0 3
222 0.0625 nan 0.2 -1.0 -1.0 2671.157290892671 2671.158057482671 2719.2434151327193 2670.6223443926706 2721.8112558398593 2718.8545540227187 1.0 2719.127893352719 1.0 2
223 nan 1.0 0.2 -1.0 1.0 2724.4897904427244 2724.4906903527244 2731.4911902327317 2722.5112549827227 2733.0563807937274 2731.3493710827315 1.0 2731.3493710827315 1.0 1
224 nan 0.125 0.2 -1.0 1.0 2735.2943432127354 2735.2952431227354 2735.854987142736 2733.5829810327336 2737.444179114218 2735.5215871527357 1.0 2735.5215871527357 1.0 1
225 nan 0.0625 0.2 -1.0 1.0 2738.789593652739 2738.790526892739 2746.5336858327464 2737.948877732738 2748.110675579387 2746.3563035727466 1.0 2746.3563035727466 1.0 1
226 0.0 nan 0.2 -1.0 -1.0 2749.88935023275 2749.89005016275 2762.161289582762 2748.6476744127485 2764.727080086587 2761.917347312762 1.0 2761.917347312762 1.0 1
227 1.0 nan 0.2 1.0 1.0 2765.8057584327657 2765.806525022766 2766.2690121027663 2765.2643792427652 2767.8440027893434 2766.0567333327663 -1.0 2766.0567333327663 -1.0 1
228 0.0625 nan 0.2 -1.0 -1.0 2768.822356742769 2768.8231899927687 2781.6390082827816 2768.329506032768 2784.205396925971 2781.298409012781 -1.0 2781.298409012781 -1.0 1
229 nan 0.25 0.2 -1.0 1.0 2785.3100411427854 2785.3109410527854 2813.4378280828137 2784.7758945627847 2815.00994354963 2813.1872864728134 1.0 2813.1872864728134 1.0 1
230 1.0 nan 0.2 1.0 1.0 2816.6549063428165 2816.655572942817 2818.6356415828186 2815.616843492816 2820.2048360423028 2817.5978787028175 -1.0 2818.4937224428186 -1.0 2
231 nan 0.25 0.2 0.0 -1.0 2824.5429507928247 2824.5437840428244 2884.5447500128844 2820.720333092821 2887.0439639137376 nan 0.0 nan 0.0 0
232 1.0 nan 0.2 1.0 1.0 2888.158521932888 2888.5877123428886 2891.978973182892 2888.077563362888 2893.553696525168 2891.869784102892 -1.0 2891.869784102892 -1.0 1
233 nan 0.25 0.2 -1.0 1.0 2895.5417168728954 2895.5426834428954 2904.1581884729044 2894.0589984928943 2905.7077809866705 2903.945943032904 1.0 2903.945943032904 1.0 1
234 1.0 nan 0.2 -1.0 -1.0 2906.903413922907 2906.904147182907 2911.7964245729117 2906.2514791229064 2914.35818265661 2911.6656709829117 1.0 2911.6656709829117 1.0 1
235 nan 0.0 0.2 -1.0 1.0 2915.4532921829154 2915.4540587729157 2916.290808422916 2914.890281822915 2917.8367005531254 2916.143923112916 1.0 2916.143923112916 1.0 1
236 nan 0.25 0.2 -1.0 1.0 2919.074696672919 2919.0756965729192 2923.4708903429237 2918.3485026329186 2925.036513743534 2923.304506982923 1.0 2923.304506982923 1.0 1
237 nan 0.0625 0.2 -1.0 1.0 2927.4745899329273 nan 2943.077229512943 2925.5719135529257 2944.657716933787 2935.114459202935 1.0 2942.996370932943 1.0 3
238 nan 0.0625 0.2 -1.0 1.0 2945.869450262946 nan 2950.6129092029505 2945.212116002945 2952.1906322682485 2950.4314940129507 1.0 2950.4314940129507 1.0 1
239 nan 0.0625 0.2 -1.0 1.0 2953.235980202953 2953.236646802953 2959.93254381296 2952.7139324129525 2961.5026344500984 2959.5974773229595 -1.0 2959.76992674296 1.0 2
240 nan 0.0625 0.2 -1.0 1.0 2963.6573379629635 2963.6582045429636 2971.038233132971 2962.035333512962 2972.6066237438895 2970.846452312971 1.0 2970.846452312971 1.0 1
241 nan 0.25 0.2 -1.0 1.0 2973.6855017129737 2973.686401622974 2975.118625052975 2973.147422192973 2976.6899478742025 2973.913112282974 1.0 2975.025601022975 1.0 4
242 nan 0.25 0.2 1.0 -1.0 2978.102226662978 2978.103093242978 2986.4902544429865 2977.2088493429774 2989.0521464026497 2986.3702331129866 -1.0 2986.3702331129866 -1.0 1
243 nan 0.25 0.2 -1.0 1.0 2990.07342942299 2990.0742293429903 2990.4772557029905 2989.5921442229896 2992.0520482486577 2990.32593750299 1.0 2990.32593750299 1.0 1
244 1.0 nan 0.8 1.0 1.0 2993.173286072993 2993.174185982993 2993.642239172994 2992.5673466729927 2995.1852647620576 2993.5325501429934 -1.0 2993.5325501429934 -1.0 1
245 1.0 nan 0.8 1.0 1.0 2996.2735093529964 2996.2741426229964 2996.6504383229967 2995.6979669129955 2998.2065678130175 2996.5320501629967 -1.0 2996.5320501629967 -1.0 1
246 0.25 nan 0.8 -1.0 -1.0 2999.201783162999 2999.202449762999 3001.5100856430017 2998.708865792999 3004.056450089641 3001.357067613001 1.0 3001.357067613001 1.0 1
247 0.25 nan 0.8 1.0 1.0 3005.2351797630054 3005.2360463430055 3006.149754963006 3004.568946393005 3007.7065509019676 3005.785258083006 -1.0 3005.785258083006 -1.0 1
248 1.0 nan 0.8 1.0 1.0 3008.851584753009 3008.852351343009 3009.1766522430094 3008.207749143008 3010.735048410951 3009.050398203009 -1.0 3009.050398203009 -1.0 1
249 1.0 nan 0.8 1.0 1.0 3011.989370943012 3011.990304183012 3012.4181613930123 3011.2281470730113 3013.973254487156 3012.216881523012 -1.0 3012.216881523012 -1.0 1
250 1.0 nan 0.8 1.0 1.0 3015.901513023016 3015.9022796130157 3016.305472623016 3014.4850546830144 3017.8728644507896 3016.1061258930163 -1.0 3016.1061258930163 -1.0 1
251 1.0 nan 0.8 1.0 1.0 3019.001336343019 3019.002302913019 3019.339869153019 3018.3837647730184 3020.9015633951485 3019.2177147030193 -1.0 3019.2177147030193 -1.0 1
252 0.125 nan 0.8 1.0 1.0 3021.956340813022 3021.957240723022 3040.02276732304 3021.4120619130213 3041.584587623232 3034.0211008830343 -1.0 3039.90774549304 -1.0 2
253 0.25 nan 0.8 1.0 1.0 3042.8058889830427 3042.806622243043 3043.149887913043 3042.1558873230424 3044.7179833398795 3043.000536183043 -1.0 3043.000536183043 -1.0 1
254 nan 0.0 0.8 1.0 -1.0 3045.7222973130456 3045.7232305530456 3046.295273343046 3045.2150813730455 3048.872496487519 3046.1162912430464 -1.0 3046.1162912430464 -1.0 1
255 1.0 nan 0.8 1.0 1.0 3050.734262733051 3050.734896003051 3051.198282993051 3049.3869974730496 3052.772306179954 3050.895713253051 -1.0 3050.895713253051 -1.0 1
256 nan 0.25 0.8 1.0 -1.0 3053.967639363054 3053.968472613054 3062.211714873062 3053.3089052430532 3064.8009013601563 3062.031566223062 -1.0 3062.031566223062 -1.0 1
257 0.0625 nan 0.8 1.0 1.0 3065.905645443066 3065.906412033066 3066.3754984530665 3065.3589001230653 3067.955491415603 3066.089127093066 -1.0 3066.089127093066 -1.0 1
258 0.125 nan 0.8 -1.0 -1.0 3069.067195923069 3069.0679625130692 3073.693933203074 3068.4750884730684 3076.2722209340614 3073.5384487530737 1.0 3073.5384487530737 1.0 1
259 1.0 nan 0.8 1.0 1.0 3077.3338691730773 3077.3345357730773 3078.3525006330783 3076.804822083077 3079.9217024799977 3077.5220503530777 -1.0 3078.342035013078 -1.0 3
260 0.125 nan 0.8 1.0 1.0 3081.2003824830813 3081.201182403081 3081.4518240030816 3080.730596133081 3083.0171129692258 3081.3323359530814 -1.0 3081.3323359530814 -1.0 1
261 0.0625 nan 0.8 1.0 1.0 3084.138655293084 3084.139455213084 3084.7164975030846 3083.5360155630838 3086.283923044224 3084.3181373430843 -1.0 3084.3181373430843 -1.0 1
262 1.0 nan 0.8 1.0 1.0 3087.355166943087 3087.356100183087 3087.563912733088 3086.792223243087 3089.1383075617023 3087.4587565830875 -1.0 3087.4587565830875 -1.0 1
263 0.25 nan 0.8 1.0 1.0 3090.4169940630904 3090.41776065309 3090.722830143091 3089.6627028330895 3092.2836205284343 3090.602675493091 -1.0 3090.602675493091 -1.0 1
264 nan 1.0 0.8 -1.0 1.0 3093.5552135430935 3093.5560134630937 3094.1180239230944 3092.7961227930928 3095.6884174190027 3093.8104880130936 1.0 3093.8104880130936 1.0 1
265 nan 0.125 0.2 1.0 -1.0 3096.8668823430967 3096.867648933097 3097.8566500230977 3096.2163140730963 3100.421609822259 3097.717997223098 -1.0 3097.717997223098 -1.0 1
266 nan 0.0625 0.2 1.0 -1.0 3101.5502139631017 3101.5509472231015 3102.106291683102 3100.941508173101 3104.6669161540713 3101.6829340231016 -1.0 3102.1007922331023 -1.0 3
267 nan 0.25 0.2 1.0 -1.0 3105.721130163106 3105.721863423106 3106.164885783106 3105.1947161431053 3108.750138645375 3105.8684820931057 -1.0 3106.039898283106 -1.0 2
268 nan 0.25 0.2 -1.0 1.0 3109.90454511311 3109.90557834311 3110.5113177631106 3109.2805408531094 3112.1042413135624 3110.05123044311 -1.0 3110.05123044311 -1.0 1
269 nan 0.0625 0.2 1.0 -1.0 3113.2167805231134 3113.217513783113 3113.4565232131135 3112.6299392131127 3116.0381457929375 3113.3430678931136 -1.0 3113.3430678931136 -1.0 1
270 0.125 nan 0.2 1.0 1.0 3117.4666554931173 3117.4674554131175 3117.855549933118 3116.5666455031164 3119.437941902928 3117.6190069231175 -1.0 3117.6190069231175 -1.0 1
271 nan 1.0 0.2 -1.0 1.0 3120.6831671431205 3120.6840670531205 3121.639238193122 3119.96593887312 3123.1997308446144 3120.9042783631207 -1.0 3121.5637457431217 1.0 3
272 nan 1.0 0.2 -1.0 1.0 3124.221113313124 3124.222013223124 3124.667135373125 3123.737528343124 3126.2380284876645 3124.5003187231246 1.0 3124.5003187231246 1.0 1
273 nan 0.125 0.2 1.0 -1.0 3127.2497104231275 3127.2503436931274 3127.7686251931277 3126.769725093127 3130.332946446452 3127.4873199931276 -1.0 3127.4873199931276 -1.0 1
274 nan 1.0 0.2 -1.0 1.0 3132.4877199031325 3132.4885864831326 3132.816053733133 3130.869948363131 3134.3661476537764 3132.683966943133 1.0 3132.683966943133 1.0 1
275 nan 0.0625 0.2 -1.0 1.0 3136.887746523137 3136.888879743137 3146.076360903146 3134.899245393135 3147.616049956556 3145.7797239031456 -1.0 3145.7797239031456 -1.0 1
276 nan 1.0 0.2 -1.0 1.0 3149.4875197531496 3149.4884196631497 3149.8051546531497 3148.194449073148 3151.3540476444655 3149.68100040315 1.0 3149.68100040315 1.0 1
277 nan 0.0625 0.2 1.0 -1.0 3152.3825968831525 3152.383396803152 3165.6085408231656 3151.889146233152 3168.1705602381303 3152.972537883153 1.0 3165.4436239831653 -1.0 5
278 nan 0.0625 0.2 1.0 -1.0 3169.2989384131693 3169.2998383231693 3169.82215275317 3168.752759703169 3172.3870750273018 3169.4816868031694 -1.0 3169.4816868031694 -1.0 1
279 nan 1.0 0.2 -1.0 1.0 3173.4489233731733 3173.4498232831734 3174.2527763131743 3172.921376133173 3175.8200694438187 3173.4913857931733 -1.0 3174.1037578831742 1.0 2
280 nan 0.0 0.2 -1.0 1.0 3177.0987583531773 3177.0994249531773 3183.3704644531836 3176.3573658331766 3184.936885385597 3182.971970973183 1.0 3183.100224813183 1.0 2
281 nan 1.0 0.2 -1.0 1.0 3186.215479923186 3186.2163131731863 3192.3737973631924 3185.5124835631855 3193.919986902804 3191.9449735831918 -1.0 3192.265441533192 1.0 3
282 nan 0.0625 0.2 -1.0 1.0 3195.4485565231953 3195.4492231231957 3216.5460132332164 3194.4872859931947 3218.114895748502 3197.881313223198 1.0 3203.019932643203 1.0 2
283 nan 0.125 0.2 1.0 -1.0 3219.236344173219 3219.2370107732195 3229.4458564532297 3218.7385939532187 3232.014607252827 3223.2588085532234 1.0 3228.983436033229 -1.0 5
284 nan 0.125 0.2 1.0 -1.0 3233.319502383233 3233.3201689832335 3234.002834043234 3232.6087068032325 3236.5693213660365 3233.8289514332337 -1.0 3233.8289514332337 -1.0 1
285 nan 0.25 0.2 -1.0 1.0 3237.6478028432375 3237.6484361132375 3238.6084067732386 3237.120422253237 3240.164730033969 3238.127421543238 -1.0 3238.3785630932384 1.0 2
286 nan 0.25 0.2 1.0 -1.0 3241.802753973242 3241.803420573242 3245.7200288732456 3240.716629263241 3248.285817350233 3245.6244717632458 -1.0 3245.6244717632458 -1.0 1
287 nan 0.25 0.2 -1.0 1.0 3249.4310910632494 3249.4319909732494 3249.95193897325 3248.8554153032487 3251.530826295412 3249.7729902032497 1.0 3249.7729902032497 1.0 1
288 nan 0.125 0.2 -1.0 1.0 3252.7523255732526 3252.7532588132526 3261.7508256332617 3252.068427303252 3263.314344301616 3261.6271713332617 1.0 3261.6271713332617 1.0 1
289 nan 0.25 0.2 -1.0 1.0 3264.3687971432646 3264.3694304132646 3280.9155423032807 3263.8989441332637 3282.4854593261753 3280.7723566232808 1.0 3280.7723566232808 1.0 1
290 0.125 nan 0.2 -1.0 -1.0 3284.4802524632846 3284.4812856932845 3302.256674643302 3283.4245580432835 3304.8300559429317 3301.922641383302 -1.0 3302.018731773302 1.0 2
291 nan 0.125 0.2 1.0 -1.0 3305.951505123306 3305.952305043306 3306.4193250033063 3305.4545548233054 3308.996675497334 3306.2661403233064 -1.0 3306.2661403233064 -1.0 1
292 nan 1.0 0.2 -1.0 1.0 3310.16758347331 3310.1682834033104 3310.7593576233107 3309.5594776233097 3312.3133810825248 3310.5773424933104 1.0 3310.5773424933104 1.0 1
293 nan 0.0625 0.2 -1.0 1.0 3314.5680767133144 3314.5688766333146 3332.4980835333326 3312.862980573313 3334.046400852703 3332.239409403332 1.0 3332.239409403332 1.0 1
294 nan 1.0 0.2 -1.0 1.0 3335.234409873335 3335.235343113335 3341.5374795033417 3334.6624004133346 3343.0844023877753 3341.3492649933414 1.0 3341.3492649933414 1.0 1
295 nan 1.0 0.2 -1.0 1.0 3344.2294769433443 3344.230210203344 3344.903909493345 3343.6511014533435 3346.46750027334 3344.4627202833444 1.0 3344.863980153345 1.0 3
296 1.0 nan 0.2 1.0 1.0 3347.5628102433475 3347.563510173348 3348.096790173348 3347.0100988533472 3349.66251250521 3347.861313723348 -1.0 3347.861313723348 -1.0 1
297 nan 0.0625 0.2 -1.0 1.0 3350.700796413351 3350.7014963433508 3376.3713291033764 3350.2009130733504 3377.9337090543004 3362.5880409033625 -1.0 3376.250607843376 1.0 3
298 nan 1.0 0.2 -1.0 1.0 3382.6455016233826 3382.6461015633827 3389.91724104339 3378.5830079133784 3391.500120789936 3389.81851758339 1.0 3389.81851758339 1.0 1
299 0.0625 nan 0.8 0.0 -1.0 3394.2786048633943 3394.279338123394 3454.2803374234545 3392.123820363392 3456.7795747651016 3418.5979060234185 -1.0 3418.5979060234185 -1.0 1
300 0.25 nan 0.8 1.0 1.0 3457.6442343334575 3458.249607123458 3487.5349116334874 3457.5766744234575 3489.1104862152974 3458.4780176134586 -1.0 3487.283370123487 1.0 9
301 1.0 nan 0.8 1.0 1.0 3492.3649952434926 3492.365861823492 3492.7241926534925 3489.8064844534897 3494.298209147808 3492.5812069534927 -1.0 3492.5812069534927 -1.0 1
302 0.25 nan 0.8 1.0 1.0 3495.5102140234953 3495.5111805934957 3495.897208653496 3494.873311053495 3497.4770004492107 3495.7625554534957 -1.0 3495.7625554534957 -1.0 1
303 1.0 nan 0.8 1.0 1.0 3498.5982718534988 3498.5991384334984 3498.974700873499 3498.0255957934983 3500.5481174558267 3498.842780733499 -1.0 3498.842780733499 -1.0 1
304 0.0625 nan 0.8 1.0 1.0 3501.926872293502 3501.9277388735018 3505.299101703505 3501.1155201035012 3506.860122813065 3503.3520964235036 1.0 3505.112587023505 -1.0 3
305 0.125 nan 0.8 1.0 1.0 3508.081023483508 3508.081690083508 3520.06822464352 3507.4304218835073 3521.626608406199 3519.6307350635198 -1.0 3519.98853261352 -1.0 3
306 nan 0.0625 0.8 1.0 -1.0 3522.847946643523 3522.848846553523 3525.190812333525 3522.256805763522 3527.7264331269075 3523.1611819835234 -1.0 3525.1646816135253 -1.0 2
307 0.25 nan 0.8 1.0 1.0 3529.014429933529 3529.015129863529 3529.3322314835295 3528.299334783528 3530.897923768827 3529.176913683529 -1.0 3529.176913683529 -1.0 1
308 0.0 nan 0.8 1.0 1.0 3531.926238723532 3531.927071973532 3541.629035013542 3531.4549191935316 3543.197451172336 3532.846946643533 -1.0 3541.5077804735415 1.0 3
309 nan 0.125 0.8 1.0 -1.0 3544.3095002735445 3544.3102335335443 4395.388450534396 3543.805050723544 3574.2470304422295 3548.052859233548 -1.0 4394.906698714395 1.0 134
