DY_010 bb6a5aae-2431-401d-8f6a-9fdd6de655a9 danlab 2020-01-24 _iblrig_tasks_ephysChoiceWorld6.2.5 M 305 415
0 nan 0.25 0.5 -1.0 1.0 75.64723452007564 75.55237734007555 75.83668224007583 72.09155679007209 77.41358517663036 75.6963629400757 1.0 75.6963629400757 1.0 1
1 1.0 nan 0.5 1.0 1.0 78.7913534100788 nan 79.04239497007904 77.80758513007781 80.61370098301158 78.93337254007893 -1.0 78.93337254007893 -1.0 1
2 1.0 nan 0.5 1.0 1.0 82.92424008008292 nan 83.15921658008315 80.98380081008098 84.73072188538742 83.06432607008307 -1.0 83.06432607008307 -1.0 1
3 nan 1.0 0.5 -1.0 1.0 85.77402174008577 nan 86.02083039008602 85.10682180008511 87.59103679365099 85.89004347008589 1.0 85.89004347008589 1.0 1
4 nan 0.0625 0.5 -1.0 1.0 88.6965961200887 nan 88.91954049008892 87.95743671008796 90.49674692478534 88.66679910008867 1.0 88.66679910008867 1.0 1
5 1.0 nan 0.5 1.0 1.0 91.94127162009194 91.94210487009194 92.1952462200922 90.86314611009087 93.7802517970186 92.06649243009207 -1.0 92.06649243009207 -1.0 1
6 0.125 nan 0.5 -1.0 -1.0 95.14061832009514 95.14141824009515 100.03599540010003 94.15455027009416 102.61289905077848 95.26027302009525 -1.0 99.8903766300999 1.0 8
7 nan 0.25 0.5 -1.0 1.0 103.7074615501037 103.70826147010371 104.01439752010401 102.997899180103 105.59600374287116 103.89010995010389 1.0 103.89010995010389 1.0 1
8 0.0625 nan 0.5 -1.0 -1.0 106.65716655010665 106.65786648010666 111.17381484011118 105.96830211010597 113.74032089991735 107.16154944010717 1.0 111.1033218901111 1.0 3
9 1.0 nan 0.5 1.0 1.0 114.76302255011477 114.76375581011476 115.1049216901151 114.12461973011412 116.67932876598285 114.6921296401147 -1.0 114.91390746011491 1.0 2
10 nan 0.0 0.5 1.0 -1.0 117.62370312011763 117.62436972011763 118.09302285011809 117.04392777011705 120.65746060825832 117.75612321011776 -1.0 117.75612321011776 -1.0 1
11 0.25 nan 0.5 1.0 1.0 121.66293249012166 121.66366575012167 122.07465798012207 121.03616184012104 123.64036615240066 121.87581120012187 -1.0 121.87581120012187 -1.0 1
12 nan 1.0 0.5 -1.0 1.0 124.4961824701245 124.4969157301245 124.72825926012473 124.00946448012401 126.31288945841067 124.6027051501246 1.0 124.6027051501246 1.0 1
13 0.0625 nan 0.5 1.0 1.0 127.37396133012737 127.37456127012737 128.05869285012807 126.73709169012673 129.6238005349418 127.72205985012772 1.0 127.85734632012786 -1.0 2
14 nan 0.0 0.5 1.0 -1.0 130.6791307801307 130.6798307101307 131.018496840131 129.99289941013 133.59050408334735 130.84861383013086 -1.0 130.84861383013086 -1.0 1
15 nan 0.0625 0.5 1.0 -1.0 136.1127873601361 136.11342063013612 136.4013918301364 133.96300236013397 138.9790291753665 136.15001697013616 -1.0 136.15001697013616 -1.0 1
16 nan 1.0 0.5 -1.0 1.0 139.87351125013987 139.87434450013987 140.06352558014007 139.36202907013936 141.64023261853447 139.8953424001399 1.0 139.8953424001399 1.0 1
17 nan 0.125 0.5 -1.0 1.0 142.66273230014266 142.66369887014267 143.004731430143 142.01043087014202 144.57893734801328 142.7885863801428 1.0 142.7885863801428 1.0 1
18 nan 0.125 0.5 -1.0 1.0 145.65696618014564 145.65793275014565 146.1938458201462 144.95873601014495 147.7623511945545 145.82564931014582 1.0 145.82564931014582 1.0 1
19 1.0 nan 0.5 1.0 1.0 149.12328618014914 149.12418609014912 149.3892595801494 148.14205098014816 150.9569652855408 149.28000384014928 -1.0 149.28000384014928 -1.0 1
20 0.0625 nan 0.5 -1.0 -1.0 151.86214560015188 151.86281220015186 152.83281519015284 151.33546494015133 155.39548803785047 152.64963351015265 1.0 152.64963351015265 1.0 1
21 0.25 nan 0.5 -1.0 -1.0 156.27313779015628 156.27377106015626 156.85274649015685 155.77118799015577 159.41178725286468 156.46381872015647 1.0 156.46381872015647 1.0 1
22 nan 0.0625 0.5 1.0 -1.0 160.3900593901604 160.3906926601604 160.93800459016094 159.8010849601598 163.49541144685872 160.56284211016057 1.0 160.7190598201607 -1.0 2
23 nan 0.125 0.5 1.0 -1.0 164.33953107016436 164.34029766016434 164.67596409016468 163.87501086016388 167.22313703098106 164.5163467201645 -1.0 164.5163467201645 -1.0 1
24 nan 0.0625 0.5 1.0 -1.0 169.86207876016985 169.86291201016985 170.12855211017012 167.6053377901676 172.67325897791022 170.01256371017 -1.0 170.01256371017 -1.0 1
25 0.125 nan 0.5 -1.0 -1.0 173.82818211017383 173.82884871017384 174.1188197101741 173.06475846017307 176.67836101214795 173.98626630017398 1.0 173.98626630017398 1.0 1
26 0.25 nan 0.5 1.0 1.0 177.62310258017763 177.62376918017762 177.9066742201779 177.05825907017706 179.46167957979202 177.77418747017776 -1.0 177.77418747017776 -1.0 1
27 nan 0.0625 0.5 1.0 -1.0 181.50588093018152 181.50671418018152 181.96436841018198 179.84348052017984 184.52820753104203 181.65929892018167 -1.0 181.85957889018187 -1.0 2
28 nan 1.0 0.5 -1.0 1.0 185.52274587018553 185.52364578018552 186.31829964018632 184.91630652018492 187.87890657749804 185.63996748018565 1.0 186.02819532018603 1.0 2
29 nan 1.0 0.5 -1.0 1.0 188.77285416018879 188.7735874201888 189.02472897018902 188.27130432018828 190.5725046154696 188.8918755901889 1.0 188.8918755901889 1.0 1
30 nan 0.125 0.5 -1.0 1.0 192.46138527019247 192.46218519019246 192.74282379019274 190.95760233019095 194.29492902062208 192.61397001019262 1.0 192.61397001019262 1.0 1
31 0.0625 nan 0.5 -1.0 -1.0 195.25577247019527 195.25650573019527 195.7088271601957 194.6921288401947 198.25603525143697 195.44338704019543 1.0 195.44338704019543 1.0 1
32 nan 0.0625 0.5 1.0 -1.0 199.84468020019986 199.84544679019984 200.13978402020015 198.64283373019865 202.68925541795767 200.0137299602 -1.0 200.0137299602 -1.0 1
33 0.0625 nan 0.5 1.0 1.0 203.77735356020378 203.7783534602038 204.06885774020407 203.0925553802031 205.62798751837232 203.93267136020393 -1.0 203.93267136020393 -1.0 1
34 0.0625 nan 0.5 1.0 1.0 206.67253068020668 206.67333060020667 207.009197010207 206.07149079020607 208.56130438180094 206.83658094020683 -1.0 206.83658094020683 -1.0 1
35 1.0 nan 0.5 1.0 1.0 209.72205903020972 209.72292561020973 210.00349755021 208.94880303020895 211.56140525685618 209.87611029020988 -1.0 209.87611029020988 -1.0 1
36 0.0625 nan 0.5 1.0 1.0 215.0720573102151 215.07285723021508 215.34439674021536 211.94590329021196 216.91123403816593 215.1935118302152 -1.0 215.1935118302152 -1.0 1
37 nan 0.0625 0.5 1.0 -1.0 218.10555393021812 218.10648717021812 218.4161562002184 217.3019343002173 220.97233098237066 218.23784070021824 -1.0 218.23784070021824 -1.0 1
38 nan 1.0 0.5 -1.0 1.0 224.66103165022466 224.66176491022466 224.8881422702249 221.36032842022135 226.44474774434687 224.7764201102248 1.0 224.7764201102248 1.0 1
39 nan 0.125 0.5 1.0 -1.0 227.62223550022762 227.62300209022763 227.8963414202279 226.83974709022684 230.4608784048597 227.75402232022776 -1.0 227.75402232022776 -1.0 1
40 nan 1.0 0.5 -1.0 1.0 232.12158552023212 232.12225212023213 232.37316036023236 230.84817954023086 233.92209278632285 232.24257342023225 1.0 232.24257342023225 1.0 1
41 0.0 nan 0.5 -1.0 -1.0 234.8942415602349 234.8948748302349 238.36282800023835 234.3850924802344 240.92759968100285 235.12948470023514 1.0 238.17451350023816 1.0 3
42 nan 0.0625 0.5 -1.0 1.0 242.23817376024223 242.23877370024223 242.5245117902425 241.32919800024132 244.0777172287702 242.3941914902424 1.0 242.3941914902424 1.0 1
43 nan 0.125 0.5 -1.0 1.0 245.13861702024514 245.13938361024515 245.6820293402457 244.46561766024448 247.2435343500626 245.35056249024535 1.0 245.35056249024535 1.0 1
44 0.125 nan 0.5 -1.0 -1.0 248.3885253302484 nan 248.3893585802484 247.63123440024762 251.50534237423645 nan 0.0 nan 0.0 0
45 0.125 nan 0.5 1.0 1.0 253.42705476025344 253.42795467025343 253.78835196025378 251.8983409802519 255.3548565791952 253.60207059025362 -1.0 253.60207059025362 -1.0 1
46 0.125 nan 0.5 -1.0 -1.0 256.7766864302568 256.7775863402568 257.2228751402572 255.74655612025575 259.78837953595485 257.02622814025705 1.0 257.02622814025705 1.0 1
47 nan 1.0 0.5 -1.0 1.0 260.8101163802608 260.8108496402608 261.04899249026107 260.1779796002602 262.6212961873979 260.7935847002608 -1.0 260.7935847002608 -1.0 1
48 0.25 nan 0.5 -1.0 -1.0 263.76005469026376 263.76078795026376 264.57077361026455 263.008696500263 267.1434112045822 263.995997760264 1.0 264.06735729026406 1.0 2
49 0.0625 nan 0.5 -1.0 -1.0 268.3876252202684 268.3883918102684 268.6736966102687 267.5358104102675 271.2434334139279 268.5309775502685 1.0 268.5309775502685 1.0 1
50 nan 0.125 0.5 -1.0 1.0 272.5045468202725 272.5053134102725 272.83501377027284 271.63643364027166 274.4046508877308 272.6808958502727 1.0 272.6808958502727 1.0 1
51 0.25 nan 0.5 1.0 1.0 275.993597880276 275.994264480276 276.3911581202764 274.79545104027477 277.9600625445751 276.27183672027627 -1.0 276.27183672027627 -1.0 1
52 0.125 nan 0.5 -1.0 -1.0 279.23767344027925 279.23854002027923 279.97753278028 278.35486173027834 282.53757169559407 279.4446194102795 1.0 279.7225249502797 1.0 2
53 0.0625 nan 0.5 -1.0 -1.0 284.34372945028434 284.34446271028435 284.7107927402847 282.93387045028294 287.27669593602866 284.51737875028454 1.0 284.51737875028454 1.0 1
54 nan 0.25 0.5 -1.0 1.0 288.8212483202888 288.8224148702888 289.0787892302891 287.6768961002877 290.6377956947726 288.97513293028896 1.0 288.97513293028896 1.0 1
55 nan 0.125 0.5 -1.0 1.0 291.9102060602919 291.9110393102919 292.2264077702922 291.03719337029105 293.793304326494 292.0678902902921 1.0 292.0678902902921 1.0 1
56 0.125 nan 0.5 -1.0 -1.0 295.1875116302952 295.18831155029517 295.56930678029556 294.2653038602943 298.1379117951118 295.3328970902953 1.0 295.3328970902953 1.0 1
57 0.25 nan 0.5 -1.0 -1.0 299.24313936029927 299.2439059502992 299.6289341102996 298.53281040029856 302.19303756182103 299.42622105029943 1.0 299.42622105029943 1.0 1
58 0.25 nan 0.5 1.0 1.0 303.20407656030324 303.2049098103032 303.73565673030373 302.58703827030257 305.3042604824991 303.63193377030365 -1.0 303.63193377030365 -1.0 1
59 1.0 nan 0.5 1.0 1.0 308.2261409703082 308.2268409003082 308.45415150030846 305.69996028030573 310.0202792543684 308.35036188030836 -1.0 308.35036188030836 -1.0 1
60 nan 0.0625 0.5 1.0 -1.0 311.2093426203112 311.21000922031124 311.5676734503116 310.51047918031054 314.1426781365191 311.3755593303114 -1.0 311.3755593303114 -1.0 1
61 0.25 nan 0.5 1.0 1.0 315.37025982031537 315.37095975031536 315.63020049031564 314.54387580031454 317.2095936005213 315.51561195031553 -1.0 315.51561195031553 -1.0 1
62 0.0625 nan 0.5 1.0 1.0 318.27003648031825 318.2709030603183 318.51331215031854 317.6903944503177 320.0929136772637 318.3973570803184 -1.0 318.3973570803184 -1.0 1
63 0.0 nan 0.5 1.0 1.0 321.2039430603212 321.2048763003212 321.4701164403215 320.4894145203205 323.04291980531855 321.33186360032136 -1.0 321.33186360032136 -1.0 1
64 nan 0.125 0.5 1.0 -1.0 324.48708138032447 nan 324.4878479703245 323.45101833032345 327.5204370924573 nan 0.0 nan 0.0 0
65 nan 0.0 0.5 1.0 -1.0 328.64233248032866 328.6430990703287 328.9074059703289 327.93263679032793 331.4759440127116 328.7749192203288 -1.0 328.7749192203288 -1.0 1
66 0.25 nan 0.5 1.0 1.0 333.27006966033326 333.27100290033326 333.6710628903337 331.8851415003319 335.2425640325886 333.3825917403334 -1.0 333.3825917403334 -1.0 1
67 0.0 nan 0.5 1.0 1.0 336.2036762703362 336.2046428403362 336.5015798103365 335.65426455033565 338.07568107926346 336.3304635903363 -1.0 336.3304635903363 -1.0 1
68 nan 0.25 0.5 -1.0 1.0 339.65379789033966 339.6545978103397 340.1092856703401 338.4841815303385 341.67598050287654 339.7662866403398 -1.0 339.7662866403398 -1.0 1
69 1.0 nan 0.5 1.0 1.0 343.2033762303432 343.2041761503432 343.4555843403435 342.52207770034255 345.0205004161872 343.3436955303433 -1.0 343.3436955303433 -1.0 1
70 nan 0.25 0.5 -1.0 1.0 347.0754889803471 347.0764555503471 347.39352384034737 345.5999032203456 348.9751173274034 347.26583661034726 1.0 347.26583661034726 1.0 1
71 nan 0.25 0.5 -1.0 1.0 350.00332950035 350.00406276035 350.2897341903503 349.46101707034944 351.8535292220232 350.1674464203502 1.0 350.1674464203502 1.0 1
72 0.25 nan 0.5 1.0 1.0 352.84231224035284 352.84301217035284 354.64393206035464 352.33862928035234 356.2253339174289 354.05339112035404 1.0 354.4866477903545 -1.0 2
73 0.125 nan 0.5 1.0 1.0 357.36992610035736 357.37062603035736 357.7002597303577 356.64233220035663 359.2755595131144 357.5291435103575 -1.0 357.5291435103575 -1.0 1
74 nan 0.0625 0.5 1.0 -1.0 360.36992607036035 360.3705593403604 360.74788827036076 359.6830614303597 363.3196887366606 360.54607512036057 -1.0 360.54607512036057 -1.0 1
75 0.0 nan 0.5 1.0 1.0 365.1753454803652 365.1762453903652 365.72459055036575 363.73408962036376 367.29209372325823 365.33399628036534 1.0 365.33399628036534 1.0 1
76 1.0 nan 0.5 1.0 1.0 368.3195310303683 368.32046427036835 368.57110587036857 367.7101919703677 370.1363071535753 368.45555076036845 -1.0 368.45555076036845 -1.0 1
77 0.125 nan 0.5 1.0 1.0 371.6752620903717 371.67606201037165 372.8672095503729 370.55530743037053 374.4362320464717 371.84274534037183 -1.0 372.7718857503728 -1.0 3
78 nan 0.125 0.5 1.0 -1.0 375.6252337203756 375.6260003103756 375.971299110376 374.955134070375 378.53633724424964 375.7719190503758 -1.0 375.7719190503758 -1.0 1
79 0.125 nan 0.5 1.0 1.0 380.12591694038014 380.12661687038013 380.43965223038043 378.95163438037895 382.00815302104434 380.1394489203801 -1.0 380.34402846038034 -1.0 2
80 nan 0.25 0.5 -1.0 1.0 382.9026725703829 382.9035391503829 383.18024481038316 382.42865331038246 384.7580499954052 383.06238993038306 1.0 383.06238993038306 1.0 1
81 nan 0.25 0.5 -1.0 1.0 385.7863508403858 385.78715076038577 386.0543573703861 385.16934588038515 387.61945958788533 385.946534820386 1.0 385.946534820386 1.0 1
82 nan 0.25 0.5 -1.0 1.0 389.30856525038934 389.3094651603893 389.6901604203897 388.032259560388 391.25249393785566 389.25130431038923 -1.0 389.25130431038923 -1.0 1
83 nan 0.0 0.5 1.0 -1.0 392.2417385703923 392.24240517039226 392.5874040003926 391.66649610039167 395.15280665584703 392.4025224903924 -1.0 392.4025224903924 -1.0 1
84 nan 0.0 0.5 -1.0 1.0 396.34139523039636 396.34202850039634 396.6846942303967 395.57030568039556 398.2584982798205 396.5026791003965 1.0 396.5026791003965 1.0 1
85 nan 1.0 0.5 -1.0 1.0 399.6856274403997 399.6862940403997 399.93050295039995 398.67869481039867 401.5084233984889 399.80371563039984 1.0 399.80371563039984 1.0 1
86 nan 0.25 0.5 -1.0 1.0 402.65209743040265 402.65289735040267 402.964132890403 402.03012630040206 404.5415343448481 402.83174613040285 1.0 402.83174613040285 1.0 1
87 nan 1.0 0.5 -1.0 1.0 405.7853174104058 405.7861839904058 406.03392588040606 404.95933335040496 407.6023590619014 405.9197373004059 1.0 405.9197373004059 1.0 1
88 0.0 nan 0.5 -1.0 -1.0 408.65796345040866 nan 408.65883003040864 408.01796079040804 411.83577091626677 nan 0.0 nan 0.0 0
89 1.0 nan 0.5 -1.0 -1.0 413.1738451504132 413.17474506041316 413.45641689041344 412.2605698204123 416.0249846867875 413.18384415041317 -1.0 413.3137644904133 1.0 2
90 nan 1.0 0.2 -1.0 1.0 417.16874562041716 417.1693788904172 417.41128803041744 416.45028414041644 418.99108925276 417.2992659004173 1.0 417.2992659004173 1.0 1
91 nan 0.0625 0.2 -1.0 1.0 419.9023722304199 419.9029721704199 424.3078983004243 419.4136877704194 425.87421334983355 420.0922865704201 1.0 424.0844539804241 1.0 8
92 nan 0.0625 0.2 -1.0 1.0 427.0524904804271 427.0531904104271 427.36662573042736 426.4881135904265 428.9353268905909 427.2148409104272 1.0 427.2148409104272 1.0 1
93 nan 0.0625 0.2 1.0 -1.0 430.1074516204301 430.10815155043014 436.14741423043614 429.35542683042934 438.7241776458351 430.3157974504303 1.0 436.0724550604361 -1.0 9
94 0.125 nan 0.2 -1.0 -1.0 441.4514504404415 441.45235035044146 441.9106045204419 439.1760780004392 444.48529231747176 441.7054583704417 1.0 441.7054583704417 1.0 1
95 nan 0.25 0.2 -1.0 1.0 446.55760644044653 446.5585396804466 446.8177804204468 445.02969258044504 448.3908136097414 446.7018586804467 1.0 446.7018586804467 1.0 1
96 1.0 nan 0.2 1.0 1.0 449.43525198044944 449.4361518904494 450.60360180045063 448.8138141304488 452.16830612642 449.6191335904496 1.0 450.4652823004505 -1.0 3
97 nan 0.125 0.2 -1.0 1.0 453.2574363904533 453.25810299045327 453.56580555045355 452.5928028604526 455.13493601706546 453.3990888904534 1.0 453.3990888904534 1.0 1
98 nan 1.0 0.2 -1.0 1.0 456.27363474045626 456.27440133045627 456.5088445504565 455.56193925045557 458.0682473965861 456.3928894804564 1.0 456.3928894804564 1.0 1
99 nan 1.0 0.2 -1.0 1.0 459.25710303045923 459.2580029404593 459.49994541045953 458.4898464304585 461.07394752909005 459.3757578304594 1.0 459.3757578304594 1.0 1
100 nan 0.0 0.2 1.0 -1.0 461.967998580462 461.968631850462 521.967998580462 461.50004538046153 467.1514698350173 462.4856134804625 1.0 467.2977322204673 1.0 6
101 nan 0.125 0.2 -1.0 1.0 468.44051793046845 nan 469.028992410469 467.5907695804676 470.601391217874 468.6723280804687 1.0 469.028759100469 1.0 2
102 nan 1.0 0.2 -1.0 1.0 471.9066712804719 nan 472.13338194047213 471.03259203047105 473.70721375330476 472.021826430472 1.0 472.021826430472 1.0 1
103 nan 1.0 0.2 -1.0 1.0 474.6682284304747 nan 474.9050047504749 474.13671492047416 476.4737085704187 474.7850834104748 1.0 474.7850834104748 1.0 1
104 nan 0.0625 0.2 -1.0 1.0 477.4013550904774 477.4020550204774 477.7505201704777 476.9019050404769 479.3228093544031 477.57100479047756 1.0 477.57100479047756 1.0 1
105 nan 1.0 0.2 -1.0 1.0 480.8014817104808 480.8023482904808 481.02452607048104 479.87320788047987 482.5843256580169 480.9155703004809 1.0 480.9155703004809 1.0 1
106 0.0625 nan 0.2 -1.0 -1.0 483.7735844704838 483.7743177304838 484.14398076048417 483.02292621048304 486.7177460716912 483.94010115048394 1.0 483.94010115048394 1.0 1
107 0.0625 nan 0.2 -1.0 -1.0 487.72315614048773 487.72388940048774 488.05722273048804 487.1560461904872 490.61815740581903 487.90833762048794 1.0 487.90833762048794 1.0 1
108 nan 0.125 0.2 1.0 -1.0 491.62349940049165 491.62416600049164 491.93216853049194 491.0519565604911 494.5067684861969 491.7701847304918 -1.0 491.7701847304918 -1.0 1
109 nan 0.0625 0.2 -1.0 1.0 495.4008549604954 495.40148823049543 495.6890928004957 494.93986773049494 497.25109115702026 495.57030468049555 1.0 495.57030468049555 1.0 1
110 nan 1.0 0.2 -1.0 1.0 498.75661935049874 498.75741927049876 498.98579643049897 497.6850931804977 500.55639714072964 498.7857164404988 -1.0 498.7857164404988 -1.0 1
111 nan 0.125 0.2 -1.0 1.0 501.984296550502 501.985029810502 502.35849246050236 500.995495440501 503.9177242694162 502.2038412605022 1.0 502.2038412605022 1.0 1
112 nan 0.0625 0.2 -1.0 1.0 504.9062043305049 504.90697092050493 505.37382423050536 504.35352627050435 506.9340266717994 505.12654896050515 1.0 505.12654896050515 1.0 1
113 nan 0.25 0.2 -1.0 1.0 507.97326426050796 507.973930860508 508.23723786050823 507.3719244005074 509.80063838506146 508.1147501105081 1.0 508.1147501105081 1.0 1
114 nan 0.0625 0.2 -1.0 1.0 512.4564492305125 512.4571824905124 512.8530429005128 510.2418373805102 514.4231613433533 512.6396975705127 1.0 512.6396975705127 1.0 1
115 0.25 nan 0.2 -1.0 -1.0 515.6170331405157 515.6177997305156 515.9011713905159 514.991862330515 518.4673732130293 515.7700845005157 1.0 515.7700845005157 1.0 1
116 nan 0.25 0.2 -1.0 1.0 520.972330890521 520.9730641505209 521.2016746205212 518.9027712005189 522.7668743274743 521.0962851605211 1.0 521.0962851605211 1.0 1
117 nan 0.25 0.2 -1.0 1.0 523.8724741805239 523.8734074205239 524.1654782105242 523.2230724605232 525.7339066934501 524.025392220524 1.0 524.025392220524 1.0 1
118 nan 0.0625 0.2 -1.0 1.0 526.7719842005267 526.7726508005268 527.0607886505271 526.1769103805262 528.6336212390127 526.920036060527 1.0 526.920036060527 1.0 1
119 nan 0.0625 0.2 -1.0 1.0 529.8393441005298 529.8402773405298 530.2879325705303 529.0722208205291 531.8506329643432 530.00449425053 1.0 530.00449425053 1.0 1
120 0.125 nan 0.2 -1.0 -1.0 532.7893490705328 532.7902156505328 533.1565456805332 532.2878325605323 535.7173458348586 533.018326170533 1.0 533.018326170533 1.0 1
121 0.125 nan 0.2 -1.0 -1.0 536.8393440305368 536.8401772805369 537.0998179805371 536.1601452905362 539.6838498730791 536.983429620537 1.0 536.983429620537 1.0 1
122 nan 0.0 0.2 1.0 -1.0 540.9390340205409 540.939767280541 548.084686050548 540.1306482005401 550.6500826592168 541.1488130405412 1.0 548.0671211405481 -1.0 10
123 nan 1.0 0.2 -1.0 1.0 551.8559088905519 551.8566088205519 552.0334911305521 551.1236821205512 553.6057191479854 551.9252019605519 1.0 551.9252019605519 1.0 1
124 1.0 nan 0.2 1.0 1.0 554.6665944605546 554.6671944005546 554.9583986105549 554.0445233405541 556.5389304490104 554.8427768405548 -1.0 554.8427768405548 -1.0 1
125 nan 0.25 0.2 -1.0 1.0 557.6502627305576 557.6511626405577 557.8934384105579 556.984029360557 559.4892246945451 557.7846492905578 1.0 557.7846492905578 1.0 1
126 0.0625 nan 0.2 -1.0 -1.0 560.5667043905605 560.5674709805605 564.3983878505644 560.0657211605601 566.98894937729 560.9265684005609 1.0 564.1490461205642 -1.0 2
127 nan 0.125 0.2 -1.0 1.0 567.9666643205679 567.967330920568 568.2684674705682 567.4519491305674 569.8389665156968 568.1664443405682 1.0 568.1664443405682 1.0 1
128 nan 1.0 0.2 -1.0 1.0 570.966430980571 nan 571.2082734605713 570.2811661805703 572.7719745326694 571.0952847605711 1.0 571.0952847605711 1.0 1
129 nan 1.0 0.2 -1.0 1.0 573.7497192905738 nan 573.999194340574 573.2177724905732 575.5664918363628 573.8849057705739 1.0 573.8849057705739 1.0 1
130 1.0 nan 0.2 1.0 1.0 576.5216754005766 576.5225086505766 576.8024806505769 576.011193120576 578.3667114615533 576.6637278605766 -1.0 576.6637278605766 -1.0 1
131 nan 0.125 0.2 -1.0 1.0 579.5217753605796 579.5224752905796 579.8651076905799 578.8163125805788 581.4332089384253 579.6817926905796 1.0 579.6817926905796 1.0 1
132 nan 1.0 0.2 -1.0 1.0 583.921868640584 583.922801880584 584.1664108505842 581.8821059705818 585.7381394417687 584.0430565205841 1.0 584.0430565205841 1.0 1
133 nan 0.0625 0.2 -1.0 1.0 588.7329874805887 588.7336540805887 589.1122495505891 586.1962411805862 590.6719484338684 588.9726968405889 1.0 588.9726968405889 1.0 1
134 0.25 nan 0.2 -1.0 -1.0 591.6162324605916 591.6169657205917 591.983295750592 591.1377469805911 594.554961342139 591.8122128605918 1.0 591.8122128605918 1.0 1
135 nan 0.125 0.2 -1.0 1.0 595.6827924305957 595.6835590205957 595.9751631905959 595.008659850595 597.5325638092798 595.8721068305958 1.0 595.8721068305958 1.0 1
136 nan 1.0 0.2 -1.0 1.0 599.1712102205992 599.1722101205992 599.3870886305994 597.985262160598 600.9494856474887 599.2839989405993 1.0 599.2839989405993 1.0 1
137 nan 0.0625 0.2 -1.0 1.0 602.1379801806022 602.1388134306021 602.4084864606024 601.4037869406014 603.9719036406161 602.2790660706023 1.0 602.2790660706023 1.0 1
138 0.25 nan 0.2 -1.0 -1.0 605.7989473806058 605.7997139706058 606.079086030606 604.5680038206045 608.6547172916106 605.9279344806059 1.0 605.9279344806059 1.0 1
139 nan 0.0 0.2 -1.0 1.0 609.8659406406099 609.8666739006098 610.9581314106109 609.1068165606091 612.5156301400701 610.7970475206108 1.0 610.7970475206108 1.0 1
140 0.25 nan 0.2 1.0 1.0 613.4547150606135 613.4556149706135 613.7102228406137 612.9750297006129 615.2708522645167 613.5998005506136 -1.0 613.5998005506136 -1.0 1
141 nan 1.0 0.8 -1.0 1.0 616.3826222406163 616.3832221806164 616.6264645206167 615.7281543606157 618.2047617425184 616.5000105006166 1.0 616.5000105006166 1.0 1
142 nan 0.125 0.8 1.0 -1.0 619.3987872606194 619.3995205206194 619.7421862506197 618.6640607406187 622.3048830658755 619.5542717106196 -1.0 619.5542717106196 -1.0 1
143 0.25 nan 0.8 -1.0 -1.0 623.6985239106237 623.6994571506237 624.015792180624 622.7678836506228 626.582090373931 623.8592078406239 1.0 623.8592078406239 1.0 1
144 0.125 nan 0.8 -1.0 -1.0 628.003893330628 628.005059880628 628.3277276106284 627.047788950627 630.9047914943981 628.1753095206282 1.0 628.1753095206282 1.0 1
145 0.0625 nan 0.8 -1.0 -1.0 631.932367110632 631.9330003806319 632.2416695106323 631.3745895606314 634.8043307375739 632.1053498106321 1.0 632.1053498106321 1.0 1
146 0.25 nan 0.8 -1.0 -1.0 636.015558750636 636.016292010636 636.2899313106363 635.2633339806353 638.8541312933243 636.1579111806361 1.0 636.1579111806361 1.0 1
147 nan 0.25 0.8 -1.0 1.0 639.9484320906399 639.9495319806399 640.2043398306403 639.3158286906394 641.7708374432848 640.0776858306401 1.0 640.0776858306401 1.0 1
148 nan 1.0 0.8 -1.0 1.0 643.0985837106431 643.0994836206431 643.3381597506434 642.2352367206422 644.9039559652999 643.2289706706432 1.0 643.2289706706432 1.0 1
149 nan 0.125 0.8 -1.0 1.0 646.015558650646 646.0164252306461 646.3442591106464 645.3659569506453 647.9044593150586 646.2118056906462 1.0 646.2118056906462 1.0 1
150 1.0 nan 0.8 1.0 1.0 649.4151853206495 649.4160852306494 649.7575844106498 648.3613573806483 651.3152950380427 649.5990336006496 -1.0 649.5990336006496 -1.0 1
151 0.25 nan 0.8 -1.0 -1.0 653.5537047606535 653.5546380006535 653.8346433306539 651.9302004606519 656.398708401874 653.6971570806537 1.0 653.6971570806537 1.0 1
152 0.25 nan 0.8 1.0 1.0 657.5037430506575 657.5046096306575 658.0684199106581 656.8641070206569 659.6317174223697 657.6709263306577 1.0 657.6709263306577 1.0 1
153 1.0 nan 0.8 1.0 1.0 662.3370930006623 662.3378595906623 662.5495384206625 660.0989168406601 664.1199342482417 662.4592141206624 -1.0 662.4592141206624 -1.0 1
154 0.25 nan 0.8 1.0 1.0 666.1814418606662 666.1821084606662 668.6436622806687 664.5929340606646 670.2205562956964 666.4092524106665 -1.0 668.3603906106683 -1.0 3
155 nan 0.0 0.8 -1.0 1.0 672.3480584706723 672.3490250406724 672.6916574406727 670.7058560406707 674.2651851635438 672.4998099606725 1.0 672.4998099606725 1.0 1
156 0.0625 nan 0.8 -1.0 -1.0 675.2539011906753 675.2546677806753 677.7672831606777 674.7319867206747 680.3368119004425 675.4876444806755 1.0 677.6348297406777 1.0 5
157 0.0 nan 0.8 -1.0 -1.0 682.7143217406827 682.7151883206827 682.994193750683 680.8132118706808 685.5643230704683 682.8480083706828 1.0 682.8480083706828 1.0 1
158 nan 0.0625 0.8 1.0 -1.0 686.6034661206866 686.6041327206866 686.8304767506868 686.0447220006861 689.4032391110527 686.7343863606867 -1.0 686.7343863606867 -1.0 1
159 0.125 nan 0.8 -1.0 -1.0 690.5811349806905 690.5817349206906 690.898736550691 689.8721392206899 693.4701646595815 690.7506180306907 1.0 690.7506180306907 1.0 1
160 0.0 nan 0.8 1.0 1.0 694.4647132506944 694.4653465206944 694.7703493506948 693.940065720694 696.3311526985743 694.6103986806946 -1.0 694.6103986806946 -1.0 1
161 0.0625 nan 0.8 1.0 1.0 697.5203076606975 697.5209409306975 697.7951801706978 696.7979465706968 699.3643734913245 697.6698927006977 -1.0 697.6698927006977 -1.0 1
162 0.125 nan 0.8 1.0 1.0 700.7532843307008 700.7542509007008 704.6080988107046 699.8359760706999 706.1643952324738 701.3586571207013 -1.0 704.3292600307043 -1.0 3
163 0.125 nan 0.8 1.0 1.0 707.3695893007074 707.3704892107074 707.6105985307076 706.6609935007067 709.1861967017766 707.5045091407075 -1.0 707.5045091407075 -1.0 1
164 nan 1.0 0.8 -1.0 1.0 710.7638498407108 710.7647497507107 711.051921030711 709.6464949207096 712.6143169877936 710.8090786507108 -1.0 710.8090786507108 -1.0 1
165 0.25 nan 0.8 1.0 1.0 713.7856143007137 713.7864142207138 714.1570438207142 713.0806181407131 715.7199389292549 713.9286000007139 -1.0 713.9286000007139 -1.0 1
166 0.125 nan 0.8 -1.0 -1.0 718.4473814107184 718.4482813207185 719.4032524807194 716.1921402907162 721.9641709666787 719.1789415807192 -1.0 719.1789415807192 -1.0 1
167 nan 0.0 0.8 1.0 -1.0 723.8191441807238 723.8198441107238 724.1465447707242 722.5426718407225 726.7141661020745 723.981861240724 -1.0 723.981861240724 -1.0 1
168 0.0 nan 0.8 1.0 1.0 730.00259244073 730.00342569073 730.5020091607305 727.2970630207273 732.0691937174519 730.2593001007302 -1.0 730.2593001007302 -1.0 1
169 0.125 nan 0.8 1.0 1.0 733.1967063307332 733.1973729307332 733.4767116607335 732.6417951607326 735.0523987706076 733.3606899307333 -1.0 733.3606899307333 -1.0 1
170 0.0 nan 0.8 1.0 1.0 736.8139112407368 736.8146445007368 737.085017460737 735.6215971507356 738.6527330228662 736.9489644007369 -1.0 736.9489644007369 -1.0 1
171 0.25 nan 0.8 1.0 1.0 739.6806245407397 739.6815911107396 739.96272966074 739.2175375207393 741.5305453380219 739.8386754007398 -1.0 739.8386754007398 -1.0 1
172 nan 0.0625 0.8 1.0 -1.0 742.9025023207429 742.903235580743 743.039555280743 742.1560436407422 745.5971626249936 742.9037355307429 -1.0 742.9037355307429 -1.0 1
173 1.0 nan 0.8 1.0 1.0 747.002225640747 747.002825580747 748.5567701707486 746.2851640207463 750.1136677961226 748.2703654807483 -1.0 748.4641794307485 -1.0 2
174 1.0 nan 0.8 1.0 1.0 751.2689655907512 751.2697655107513 751.5044753707515 750.5980660207506 753.0633726850642 751.3918533007514 -1.0 751.3918533007514 -1.0 1
175 0.125 nan 0.8 1.0 1.0 754.0188572407541 754.019723820754 754.3343923507543 753.5420715907535 755.9021879060755 754.1913066607542 -1.0 754.1913066607542 -1.0 1
176 0.125 nan 0.8 1.0 1.0 756.963762720757 756.964662630757 757.2212036407573 756.3815876107564 758.7800114015683 757.0886169007571 -1.0 757.0886169007571 -1.0 1
177 0.0625 nan 0.8 1.0 1.0 760.1181472507601 760.1189471707602 760.3935197107604 759.4370153707595 761.963617101518 760.2510339607603 -1.0 760.2510339607603 -1.0 1
178 0.125 nan 0.8 1.0 1.0 763.0354554907631 763.0362220807631 763.3350255307633 762.4399150507625 764.9020219905418 763.1725084507632 -1.0 763.1725084507632 -1.0 1
179 1.0 nan 0.8 1.0 1.0 766.1635093207661 766.1641759207662 766.4321491207664 765.3806209507654 767.9968420530349 766.3196603707663 -1.0 766.3196603707663 -1.0 1
180 0.0 nan 0.8 1.0 1.0 769.7684821207698 769.7691487207697 770.1160473607702 768.4868436307685 771.679944157019 769.9143675307699 -1.0 769.9143675307699 -1.0 1
181 0.0625 nan 0.8 1.0 1.0 772.7684487607728 772.7694153307727 773.0396549707731 772.1701419307722 774.6020502865134 772.9152007507729 -1.0 772.9152007507729 -1.0 1
182 0.0625 nan 0.8 1.0 1.0 775.6634592307756 775.6643591407757 776.001758730776 775.0934495707751 777.5632839109286 775.8073781707758 -1.0 775.8073781707758 -1.0 1
183 0.125 nan 0.8 1.0 1.0 778.5355386607786 778.5363385807785 778.8128775907788 778.040588160778 780.3850769983727 778.6729582507787 -1.0 778.6729582507787 -1.0 1
184 0.25 nan 0.8 1.0 1.0 781.5963658807816 781.5972657907816 781.8372084607819 780.8655723007809 783.4020984731585 781.7186203207817 -1.0 781.7186203207817 -1.0 1
185 0.125 nan 0.8 1.0 1.0 784.6129641907846 784.6138641007847 784.8345087007848 783.919600200784 786.3966054551561 784.7408180707847 -1.0 784.7408180707847 -1.0 1
186 0.25 nan 0.8 1.0 1.0 789.2849969407893 789.2857968607893 789.6187302307897 786.8804040907869 791.179924521072 789.2063381407892 -1.0 789.2063381407892 -1.0 1
187 1.0 nan 0.8 1.0 1.0 792.6189301807926 792.6196967707926 792.8537400307929 791.6744246407917 794.4182350139589 792.7535167207927 -1.0 792.7535167207927 -1.0 1
188 nan 0.0625 0.8 1.0 -1.0 795.6960224407957 795.6966557107957 855.6960224407957 794.908734510795 798.5793519874325 795.8309422807959 -1.0 800.0311222208001 1.0 6
189 nan 0.0 0.8 1.0 -1.0 800.9511968708009 nan 801.2302356308012 799.0663520407991 803.7957933101087 801.0958490708011 -1.0 801.0958490708011 -1.0 1
190 nan 0.0625 0.8 1.0 -1.0 804.8011785008048 804.8018451008048 805.3198599608053 804.2980954808042 807.8794911994986 805.018356780805 -1.0 805.018356780805 -1.0 1
191 0.0625 nan 0.8 1.0 1.0 809.95149675081 809.95246332081 810.2089043408102 808.3690883408084 811.7680111349564 810.1034482208102 -1.0 810.1034482208102 -1.0 1
192 nan 0.125 0.8 -1.0 1.0 813.062718930813 813.0634521908131 814.0317220208141 812.4522133208125 815.6014174916651 813.1956723008132 -1.0 813.8801371808139 1.0 3
193 0.0625 nan 0.8 1.0 1.0 816.8958022508169 816.8966688308169 817.2385346408172 816.0934158308161 818.7957295468566 817.0487869508171 -1.0 817.0487869508171 -1.0 1
194 0.0625 nan 0.8 1.0 1.0 819.8508733808198 819.8516399708199 820.7257525508207 819.2879296808193 822.3009455556411 820.5613356608205 -1.0 820.5613356608205 -1.0 1
195 nan 0.0625 0.8 1.0 -1.0 823.3620888908233 823.3629221408233 823.6682582708237 822.7928458208228 826.228652664401 823.5172400408235 -1.0 823.5172400408235 -1.0 1
196 0.0 nan 0.8 1.0 1.0 827.4344149508274 827.4352482008275 827.8898694008279 826.7368513808267 829.4508911415907 827.6551595408276 -1.0 827.6551595408276 -1.0 1
197 0.125 nan 0.8 1.0 1.0 830.6459604308307 830.6467936808307 830.948996790831 829.95539616083 832.5290928175814 830.8024447808308 -1.0 830.8024447808308 -1.0 1
198 1.0 nan 0.8 1.0 1.0 833.8004782808338 833.8011448808338 834.2046045308342 833.030888580833 835.7791978078646 834.0869829608341 -1.0 834.0869829608341 -1.0 1
199 0.0625 nan 0.8 1.0 1.0 838.2006715508383 838.2013381508382 838.5156067208385 836.2784971208363 840.0958286840408 838.3598223008383 -1.0 838.3598223008383 -1.0 1
200 0.25 nan 0.8 1.0 1.0 841.3677881408414 841.3686213908413 841.7045211308417 840.6093306608407 843.2790473794836 841.5585357308415 -1.0 841.5585357308415 -1.0 1
201 0.0625 nan 0.8 1.0 1.0 844.4679114308444 844.4685780308445 844.8825366308449 843.7794469508437 846.4670610251281 844.6657249808446 -1.0 844.6657249808446 -1.0 1
202 0.0 nan 0.8 1.0 1.0 848.5117403408485 848.5125069308485 849.0894492308491 846.969161280847 850.6673742938915 848.6521263008486 -1.0 848.988859290849 -1.0 2
203 nan 0.0625 0.8 -1.0 1.0 851.7786469508518 851.7794468708518 852.1601754608522 851.1767738108512 853.7337704039772 851.996058540852 1.0 851.996058540852 1.0 1
204 0.25 nan 0.8 1.0 1.0 854.8284086108548 854.8290752108549 855.3675880208554 854.2412673308543 856.9501792034646 855.1978050008552 -1.0 855.1978050008552 -1.0 1
205 nan 0.0 0.8 1.0 -1.0 858.2117702408582 858.2126701508582 858.7166530808587 857.4570790508575 861.300609582005 858.3630884408584 -1.0 858.3630884408584 -1.0 1
206 0.25 nan 0.8 1.0 1.0 862.3951518608624 862.3959517808624 862.7368176908627 861.8114102408618 864.3173109444072 862.5928987508626 -1.0 862.5928987508626 -1.0 1
207 nan 0.25 0.2 -1.0 1.0 865.5447368708656 865.5455701208656 865.8367076708658 864.8267086808648 867.4116392514962 865.7020878008657 1.0 865.7020878008657 1.0 1
208 nan 1.0 0.2 -1.0 1.0 868.7168529608688 868.7175195608687 868.949529690869 868.1281451708682 870.53325420174 868.8396406808688 1.0 868.8396406808688 1.0 1
209 nan 1.0 0.2 -1.0 1.0 871.7618484308717 871.7628150008718 871.980859860872 871.042653690871 873.5672520412862 871.8862026608718 1.0 871.8862026608718 1.0 1
210 0.25 nan 0.2 -1.0 -1.0 874.7116200908747 874.7124200108747 875.6267619008756 874.0863492908741 878.2116830998576 874.962295020875 1.0 874.962295020875 1.0 1
211 nan 1.0 0.2 -1.0 1.0 879.7835461808797 879.7843127708798 880.0193892608801 878.7279850808787 881.5945826689007 879.9016010408799 1.0 879.9016010408799 1.0 1
212 0.0625 nan 0.2 1.0 1.0 882.7334511608827 882.7342844108828 883.1464765208832 882.1130798708821 884.7284988333961 882.9414303608829 -1.0 882.9414303608829 -1.0 1
213 nan 0.125 0.2 1.0 -1.0 886.0999811408861 886.1006477408861 886.6462265108867 885.2431001708852 889.2336158726772 886.4579120108865 -1.0 886.4579120108865 -1.0 1
214 0.0 nan 0.2 1.0 1.0 890.4942083408905 890.4952082408905 890.7972113708908 889.7544156608898 892.384233398896 890.6377273208907 -1.0 890.6377273208907 -1.0 1
215 nan 0.125 0.2 1.0 -1.0 893.3778532808934 893.3787865208934 893.8727704508939 892.8992344808929 896.4501300560939 893.6753901908937 -1.0 893.6753901908937 -1.0 1
216 1.0 nan 0.2 1.0 1.0 897.6107299508976 897.6117298508976 897.8476395908979 896.972527110897 899.4280586039904 897.7418835008978 -1.0 897.7418835008978 -1.0 1
217 nan 0.0 0.2 1.0 -1.0 900.4663110309004 900.4670109609004 900.8166426609008 899.9481628509 903.3995665680189 900.6799563309007 -1.0 900.6799563309007 -1.0 1
218 0.125 nan 0.2 1.0 1.0 904.9277315109049 904.928598090905 905.2601649309053 903.927964830904 906.8496848699693 905.1153794109051 -1.0 905.1153794109051 -1.0 1
219 nan 1.0 0.2 -1.0 1.0 908.1612081309082 908.1619080609082 908.4284814009085 907.3810861509074 910.0169021945271 908.2980611109083 1.0 908.2980611109083 1.0 1
220 0.125 nan 0.2 -1.0 -1.0 911.1944714409112 911.1951713709112 911.6041638009116 910.5455030109106 914.1775206437096 911.3970178509114 1.0 911.3970178509114 1.0 1
221 nan 0.25 0.2 -1.0 1.0 915.2160025809152 915.2167691709152 915.8068101609158 914.6996208909147 917.3772356541467 915.3709537509154 1.0 915.3709537509154 1.0 1
222 0.25 nan 0.2 1.0 1.0 918.5995308609187 918.6003641109186 920.9775263709209 917.9038337709179 922.5606482613919 920.4422465709205 -1.0 920.8056102309208 -1.0 2
223 nan 0.25 0.2 -1.0 1.0 924.0162891309241 924.016955730924 924.5234384109245 923.0973477009231 926.0940619610124 924.1700737509242 1.0 924.5000407509245 1.0 2
224 1.0 nan 0.2 1.0 1.0 927.3326907909274 927.3335907009273 927.6957544809277 926.6195621109266 929.2774851647804 927.5691671409276 -1.0 927.5691671409276 -1.0 1
225 nan 0.25 0.2 -1.0 1.0 930.5156058009305 930.5165390409305 930.8222751309308 930.01678902093 932.394200687093 930.6709902609307 1.0 930.6709902609307 1.0 1
226 nan 0.25 0.2 -1.0 1.0 933.4158490809334 933.4164823509334 933.7501823109337 932.910999570933 935.3275066457539 933.5816325009336 1.0 933.5816325009336 1.0 1
227 nan 0.0625 0.2 1.0 -1.0 937.6493256909376 937.6501256109376 937.9037335809379 935.8490057409358 940.4824229421315 937.7811458409378 -1.0 937.7811458409378 -1.0 1
228 nan 0.25 0.2 -1.0 1.0 942.5101728909425 942.5110394709425 942.7969108809428 941.012422680941 944.3827337851908 942.6608244909427 1.0 942.6608244909427 1.0 1
229 0.125 nan 0.2 -1.0 -1.0 945.4105828209454 945.4113160809454 945.8326072809458 944.9068332009449 948.3936342186037 945.5929312509456 1.0 945.5929312509456 1.0 1
230 nan 1.0 0.2 -1.0 1.0 949.4492122509495 949.4499788409495 949.6457592609496 948.9177320709489 951.2156487920006 949.5548016909496 1.0 949.5548016909496 1.0 1
231 1.0 nan 0.2 1.0 1.0 952.3770194409524 952.3778526909524 952.7245513509528 951.7368501309518 954.2991724600992 952.5944310309526 -1.0 952.5944310309526 -1.0 1
232 nan 1.0 0.2 -1.0 1.0 955.3268910909553 955.3277910009554 955.6235614209556 954.8248746309548 957.1768868666579 955.4661771609555 1.0 955.4661771609555 1.0 1
233 nan 0.125 0.2 -1.0 1.0 958.2156021909582 958.2164354409582 958.6940876709587 957.6994871409577 960.2604822456034 958.4004837009584 1.0 958.4004837009584 1.0 1
234 nan 0.125 0.2 -1.0 1.0 962.6154288309626 962.6163954009626 962.9661937509629 960.7821788409608 964.5318145413161 962.7599143809628 -1.0 962.7599143809628 -1.0 1
235 nan 0.125 0.2 -1.0 1.0 965.8098760209658 965.8106759409658 966.1035133209662 965.063617320965 967.6600368598415 965.967393600966 1.0 965.967393600966 1.0 1
236 nan 0.0625 0.2 -1.0 1.0 968.6655570909687 968.6662903509687 968.947528890969 968.1857384109682 970.5155242836365 968.8259743809689 1.0 968.8259743809689 1.0 1
237 0.125 nan 0.2 -1.0 -1.0 971.6597576409716 971.6605575609717 972.2768959209723 971.050418580971 974.8490510371656 972.0388530609721 1.0 972.0388530609721 1.0 1
238 nan 0.0625 0.2 -1.0 1.0 976.009522620976 976.010189220976 976.3645537809764 975.3808521609753 977.9265753675767 976.1953040409762 1.0 976.1953040409762 1.0 1
239 nan 0.0 0.2 -1.0 1.0 978.9320636709789 978.9327636009789 979.4030832309794 978.4575777909785 980.9600769373882 979.1683733709792 1.0 979.1683733709792 1.0 1
240 nan 0.0625 0.2 -1.0 1.0 981.981891990982 981.982725240982 982.3401894909823 981.4918743309815 983.9149798549595 982.1660402409822 1.0 982.1660402409822 1.0 1
241 nan 1.0 0.2 -1.0 1.0 985.3932174909854 985.3940174109854 985.6660902009856 984.4485786309845 987.226209705046 985.5217046409855 1.0 985.5217046409855 1.0 1
242 0.0625 nan 0.2 -1.0 -1.0 988.2813953109883 988.2822952209883 988.6322935509886 987.7675133709878 991.1929185955703 988.4917076109886 1.0 988.4917076109886 1.0 1
243 nan 0.0 0.2 1.0 -1.0 992.2315669209922 992.2322668509922 992.4979069509925 991.7298171009918 995.0597385063786 992.3653535409924 -1.0 992.3653535409924 -1.0 1
244 nan 0.0625 0.2 1.0 -1.0 996.4985068509965 996.4991401209965 996.7781455509968 995.8241409609958 999.3429388115316 996.6505916409967 -1.0 996.6505916409967 -1.0 1
245 0.125 nan 0.2 1.0 1.0 1000.6479585310007 1000.6487584510006 1001.954561191002 999.8831350209999 1003.5147515428788 1001.2338332710012 1.0 1001.6735226310017 -1.0 3
246 nan 0.125 0.2 -1.0 1.0 1004.7425157010048 1004.7433822810048 1005.1699729510052 1004.049451681004 1006.7262636092785 1004.949961621005 1.0 1004.949961621005 1.0 1
247 nan 0.0625 0.2 1.0 -1.0 1007.7814784410078 1007.7823450210078 1011.5193046210115 1007.2632636010072 1014.0809923871211 1008.8492716510088 -1.0 1011.4215810610115 -1.0 3
248 nan 0.25 0.2 -1.0 1.0 1015.2756956110153 1015.2765288610153 1015.5376027510156 1014.6393925810147 1017.092423243075 1015.4384126710155 1.0 1015.4384126710155 1.0 1
249 nan 0.0 0.2 1.0 -1.0 1018.2147683410183 1018.2154682710183 1026.959660431027 1017.6237274510177 1029.5260794168457 1018.5518679610186 -1.0 1026.903899341027 -1.0 7
250 nan 1.0 0.2 -1.0 1.0 1031.031086581031 1031.031953161031 1031.2751621710313 1030.0987798210301 1032.8314864569707 1031.1454084810312 1.0 1031.1454084810312 1.0 1
251 nan 1.0 0.2 -1.0 1.0 1033.8422721010338 1033.8432053410338 1034.1875709010342 1033.3761853810333 1035.7479944151103 1034.021620831034 1.0 1034.021620831034 1.0 1
252 nan 1.0 0.2 -1.0 1.0 1037.7589803910378 1037.7598469710379 1038.004089211038 1036.2894940210363 1039.5591114112285 1037.885801041038 1.0 1037.885801041038 1.0 1
253 nan 0.25 0.2 -1.0 1.0 1040.7473148610406 1040.7481147810408 1041.009321991041 1040.10931200104 1042.575609854163 1040.7665129410407 1.0 1040.9047657810409 1.0 2
254 nan 0.0625 0.2 -1.0 1.0 1043.7471481810437 1043.7480814210437 1044.2694292810443 1043.160306871043 1045.8424377403023 1043.9252637010438 1.0 1043.9252637010438 1.0 1
255 0.125 nan 0.2 -1.0 -1.0 1047.1809047710472 1047.1816713610472 1047.5163378910474 1046.4815413810466 1050.0976495691684 1047.3332562010473 1.0 1047.3332562010473 1.0 1
256 1.0 nan 0.8 1.0 1.0 1051.3086252910514 1051.3092585610514 1051.5776650510516 1050.7415486710509 1053.1642719752679 1051.4731088410515 -1.0 1051.4731088410515 -1.0 1
257 0.25 nan 0.8 1.0 1.0 1054.5251036110546 1054.5258702010544 1055.160873361055 1053.8051756110538 1056.7475798918006 1054.862369881055 1.0 1055.020987351055 -1.0 2
258 0.25 nan 0.8 1.0 1.0 1058.1917035810582 1058.1925035010581 1058.6444916310586 1057.4432784310575 1060.23057988021 1058.4212139610584 -1.0 1058.4212139610584 -1.0 1
259 0.25 nan 0.8 1.0 1.0 1061.3754185110613 1061.3761184410614 1061.6389921510618 1060.7828777710608 1063.2088085074192 1061.5232703910615 -1.0 1061.5232703910615 -1.0 1
260 nan 0.25 0.8 -1.0 1.0 1065.997689571066 1065.998389501066 1066.3054254610663 1063.7629130710638 1067.8751139987169 1066.1897037010663 1.0 1066.1897037010663 1.0 1
261 1.0 nan 0.8 1.0 1.0 1069.3634529610695 1069.3643195410693 1069.6176275410696 1068.4413118510683 1071.1918438639607 1069.5144711910696 -1.0 1069.5144711910696 -1.0 1
262 0.25 nan 0.8 -1.0 -1.0 1073.8800012610739 1073.880901171074 1074.3099249310744 1071.7469479210718 1076.8967523618232 1074.058716721074 1.0 1074.058716721074 1.0 1
263 nan 0.0625 0.8 1.0 -1.0 1079.124743401079 1079.125509991079 1085.058050011085 1077.7180507510777 1087.6467976435283 1079.6311260910798 1.0 1084.958026681085 -1.0 6
264 1.0 nan 0.8 1.0 1.0 1088.941628281089 1088.942328211089 1089.2523972010893 1088.2411983310883 1090.829816084503 1089.1057452010891 -1.0 1089.1057452010891 -1.0 1
265 0.0625 nan 0.8 -1.0 -1.0 1092.024619951092 1092.025319881092 1096.7652125110967 1091.3830174510913 1099.3470313624503 1092.6678556210927 -1.0 1096.5636993310966 1.0 2
266 0.25 nan 0.8 1.0 1.0 1100.4081481811004 1100.4088481111005 1100.7654457811009 1099.9211302211 1102.3413602375006 1100.6142609011006 -1.0 1100.6142609011006 -1.0 1
267 0.125 nan 0.8 1.0 1.0 1105.129942621105 1105.130742541105 1105.3579531511054 1102.9083648011028 1106.929973263833 1105.2345988211052 -1.0 1105.2345988211052 -1.0 1
268 0.125 nan 0.8 1.0 1.0 1108.7242498211087 nan 1109.065582351109 1107.5007721811075 1110.6407989931158 1108.917597151109 -1.0 1108.917597151109 -1.0 1
269 nan 1.0 0.8 -1.0 1.0 1112.2793609411124 nan 1112.6003955011126 1111.2075014711113 1114.1741152927598 1112.4080480711125 1.0 1112.4080480711125 1.0 1
270 nan 0.125 0.8 1.0 -1.0 1117.3297891811173 1117.3305891011173 1117.8358719011178 1114.7333155211147 1120.4078251584413 1117.6539900911177 -1.0 1117.6539900911177 -1.0 1
271 1.0 nan 0.8 1.0 1.0 1121.7126175211217 1121.7135174311218 1121.951426971122 1120.981923931121 1123.5241449064506 1121.8456375511219 -1.0 1121.8456375511219 -1.0 1
272 0.0625 nan 0.8 -1.0 -1.0 1124.7630791111249 1124.7637790411247 1125.1561064711252 1124.0834470811242 1127.729559742802 1124.906231461125 1.0 1124.906231461125 1.0 1
273 1.0 nan 0.8 1.0 1.0 1129.007621281129 1129.0083878711291 1129.2495637511292 1128.2932593911282 1130.8294803480385 1129.1625057911292 -1.0 1129.1625057911292 -1.0 1
274 0.0625 nan 0.8 -1.0 -1.0 1133.1741379211333 1133.1750045011331 1137.2809272011373 1131.3944825711314 1139.857010997172 1133.5362350411335 1.0 1133.871701491134 1.0 2
275 0.25 nan 0.8 1.0 1.0 1141.079180671141 1141.079880601141 1141.3678184711414 1140.4443108311405 1142.9407082160421 1141.2838268711414 -1.0 1141.2838268711414 -1.0 1
276 0.125 nan 0.8 1.0 1.0 1144.2289989911442 1144.2298322411443 1144.904331451145 1143.5005051811436 1146.47381767624 1144.7392479611447 -1.0 1144.7392479611447 -1.0 1
277 1.0 nan 0.8 1.0 1.0 1147.5287689811476 nan 1147.819539901148 1147.041817681147 1149.3907270214681 1147.6755543011477 -1.0 1147.6755543011477 -1.0 1
278 0.125 nan 0.8 1.0 1.0 1150.5290689211506 nan 1151.118643291151 1149.95062677115 1152.6901582142825 1150.923996091151 -1.0 1150.923996091151 -1.0 1
279 0.25 nan 0.8 1.0 1.0 1153.8627021911539 1153.8633354611538 1154.3284556111544 1153.2611623511532 1155.9123736209779 1154.2109340311542 -1.0 1154.2109340311542 -1.0 1
280 0.0625 nan 0.8 1.0 1.0 1156.990122751157 1156.990956001157 1157.6252592311575 1156.4815736111566 1159.2065794246696 1157.4611756411575 -1.0 1157.4611756411575 -1.0 1
281 nan 1.0 0.8 -1.0 1.0 1160.4450772211605 1160.4459104711605 1160.8482035711609 1159.7685782111598 1162.4237895120377 1160.4899727311606 -1.0 1160.4899727311606 -1.0 1
282 0.0 nan 0.8 1.0 1.0 1163.5621654811637 1163.5628654111636 1175.8206395111758 1162.988789491163 1177.3956593245 1163.9351615111639 -1.0 1175.6888193611758 -1.0 7
283 nan 1.0 0.8 -1.0 1.0 1178.7398808911787 1178.7406474811787 1179.2185663511793 1178.2678614311783 1180.7952554195963 1178.8800335411788 1.0 1179.2160999311793 1.0 2
284 0.25 nan 0.8 1.0 1.0 1182.973290841183 1182.974224081183 1183.2576624011833 1181.3657516111814 1184.8396781065928 1183.115109991183 -1.0 1183.115109991183 -1.0 1
285 0.0625 nan 0.8 1.0 1.0 1186.011853621186 1186.012586881186 1187.6323915511875 1185.4132801511855 1189.2068069850063 1185.945960211186 1.0 1187.4735074411874 -1.0 2
286 0.125 nan 0.8 1.0 1.0 1190.3784502511903 1190.3791168511905 1190.6106936911906 1189.7928088211897 1192.1894135115524 1190.4905390411905 -1.0 1190.4905390411905 -1.0 1
287 1.0 nan 0.8 1.0 1.0 1193.4451768811934 1193.4460767911935 1193.6808199811937 1192.7592121511927 1195.2611353457503 1193.5792634711936 -1.0 1193.5792634711936 -1.0 1
288 0.0625 nan 0.8 1.0 1.0 1196.3231890511963 1196.3240556311964 1196.6580222311966 1195.831938181196 1198.2396416103172 1196.5329680711966 -1.0 1196.5329680711966 -1.0 1
289 0.0625 nan 0.8 1.0 1.0 1201.961925121202 1201.962625051202 1202.2553624412024 1198.8139399511988 1203.8229488545662 1202.146306681202 -1.0 1202.146306681202 -1.0 1
290 0.25 nan 0.8 -1.0 -1.0 1205.094745141205 1205.095545061205 1205.4288783912054 1204.4140465512044 1208.0111618161027 1205.2716607812054 1.0 1205.2716607812054 1.0 1
291 0.25 nan 0.8 1.0 1.0 1209.4723406712094 1209.4731739212095 1209.7154830212098 1208.5928619612087 1211.2947954423971 1209.6010278012095 -1.0 1209.6010278012095 -1.0 1
292 0.0625 nan 0.8 1.0 1.0 1212.5393006112126 1212.5401005312126 1212.7120833312126 1211.876600221212 1214.295002843597 1212.5731638912125 -1.0 1212.5731638912125 -1.0 1
293 0.25 nan 0.8 1.0 1.0 1215.3728505612153 1215.3737171412154 1215.6703208112158 1214.8686009912149 1217.2394073291298 1215.5182693512156 -1.0 1215.5182693512156 -1.0 1
294 nan 0.0625 0.2 1.0 -1.0 1218.3776500512183 1218.3783499812184 1218.6463565112188 1217.8144063812179 1221.2273374888541 1218.4676743812186 -1.0 1218.4676743812186 -1.0 1
295 1.0 nan 0.2 1.0 1.0 1222.5060371712225 1222.5069370812225 1222.7792431812227 1221.8068404312219 1224.3610327044203 1222.6694874912228 -1.0 1222.6694874912228 -1.0 1
296 nan 0.0 0.2 1.0 -1.0 1226.1891354912261 1226.1899020812261 1226.5501993812265 1224.938027281225 1229.1278487962165 1226.3821828512264 -1.0 1226.3821828512264 -1.0 1
297 nan 1.0 0.2 -1.0 1.0 1231.3553854812315 1231.3561187412313 1231.6658544312318 1229.7150495312296 1233.2444706792676 1231.4970046512315 1.0 1231.4970046512315 1.0 1
298 nan 0.0625 0.2 1.0 -1.0 1234.3723504212344 1234.3730836812344 1240.8056403612409 1233.836070721234 1243.3725220140623 1234.7104166112347 1.0 1240.6708871712408 -1.0 6
299 nan 0.0625 0.2 1.0 -1.0 1244.4776397912444 1244.4785730312444 1244.881232761245 1243.977523141244 1247.4610191157306 1244.7370471812449 -1.0 1244.7370471812449 -1.0 1
300 0.25 nan 0.2 1.0 1.0 1248.5887953012486 1248.5894952312485 1249.2768264912493 1248.047516101248 1250.8608386620865 1249.119542221249 -1.0 1249.119542221249 -1.0 1
301 nan 1.0 0.2 -1.0 1.0 1253.2716936312534 1253.2724602212534 1253.8787662512539 1251.4641410712516 1255.4607492728642 1253.4821725812535 1.0 1253.6725202112536 1.0 2
302 nan 0.25 0.2 -1.0 1.0 1257.3551852412575 1257.3560518212573 1257.7421798712578 1256.059048201256 1259.327361872255 1257.5408333412577 1.0 1257.5408333412577 1.0 1
303 0.0625 nan 0.2 1.0 1.0 1260.9053301912609 1260.9059634612609 1264.0478825712642 1259.92076199126 1265.6214975216108 1261.961057941262 -1.0 1263.991121581264 -1.0 2
304 nan 0.0625 0.2 1.0 -1.0 1266.8273379312668 1266.828204511267 1267.3651841412675 1266.2164990212661 1269.9386064353248 1267.1959010712671 -1.0 1267.1959010712671 -1.0 1
305 nan 0.0 0.2 1.0 -1.0 1272.1440062112722 1272.1447728012722 1273.2814591212732 1270.8158057112707 1275.838341388767 1273.0771128912731 -1.0 1273.0771128912731 -1.0 1
306 nan 0.125 0.2 1.0 -1.0 1277.177136181277 1277.1777361212771 1279.5783293712796 1276.4382434112765 1282.1378786668786 1279.3764162312793 -1.0 1279.3764162312793 -1.0 1
307 nan 0.125 0.2 -1.0 1.0 1283.4770061312836 1283.4779393712836 1284.1284743112842 1282.7367801612827 1285.6883915306598 1283.6701534812837 1.0 1284.0403497912841 1.0 2
308 nan 0.25 0.2 -1.0 1.0 1286.960257771287 1286.960891041287 1287.3823822212873 1286.2902914412864 1288.943100467497 1287.1611043512871 1.0 1287.1611043512871 1.0 1
309 nan 1.0 0.2 -1.0 1.0 1290.6715199412906 1290.6721865412908 1290.962290861291 1289.5373000412897 1292.5211104903728 1290.8249712612908 1.0 1290.8249712612908 1.0 1
310 1.0 nan 0.2 1.0 1.0 1295.1936676812952 1295.1944676012952 1295.4461091012954 1293.1143089712932 1297.0044256706792 1295.3414862312954 -1.0 1295.3414862312954 -1.0 1
311 nan 0.25 0.2 -1.0 1.0 1299.2933910012994 1299.2940242712993 1303.0312505113031 1297.6106259612977 1304.5762671920843 1302.6946175113028 -1.0 1302.8856317413029 1.0 2
312 0.0625 nan 0.2 -1.0 -1.0 1305.6708865213056 1305.6715864513058 1308.5895279613087 1305.1833686113052 1311.1597777973657 1308.1612707913082 -1.0 1308.1612707913082 -1.0 1
313 nan 1.0 0.2 -1.0 1.0 1312.871133091313 1312.8717996913128 1313.1148753813131 1311.7701765313118 1314.6712920121026 1313.012885581313 1.0 1313.012885581313 1.0 1
314 nan 0.0625 0.2 -1.0 1.0 1315.7766091813157 1315.7774091013157 1316.1579043813163 1315.2736928113152 1317.7260177061198 1316.021817991316 1.0 1316.021817991316 1.0 1
315 nan 0.0625 0.2 -1.0 1.0 1319.3041897213193 1319.3050229713194 1319.93272686132 1318.3221212713183 1321.5098130055123 1319.5321335913195 1.0 1319.5321335913195 1.0 1
316 nan 1.0 0.2 -1.0 1.0 1322.6205247213227 1322.6212913113227 1322.9052295813228 1322.110409071322 1324.4759396973038 1322.7694764913228 1.0 1322.7694764913228 1.0 1
317 1.0 nan 0.2 1.0 1.0 1325.5538313613256 1325.5545979513256 1325.7991401613258 1325.083645051325 1327.3711559481367 1325.6983169113257 -1.0 1325.6983169113257 -1.0 1
318 nan 0.125 0.2 1.0 -1.0 1329.4760391013294 1329.4768723513296 1330.07854551133 1327.971056281328 1332.6594608004107 1329.92819388133 -1.0 1329.92819388133 -1.0 1
319 nan 0.125 0.2 -1.0 1.0 1333.920927901334 1333.921794481334 1334.5778622013345 1333.2753591313333 1336.1594755704318 1334.1657700813341 1.0 1334.5578308713345 1.0 2
320 nan 0.0625 0.2 -1.0 1.0 1337.2538612413373 1337.2547611513373 1337.6448888013376 1336.7668766113368 1339.2207007566394 1337.4581741413374 1.0 1337.4581741413374 1.0 1
321 nan 0.0 0.2 -1.0 1.0 1340.5424656813404 1340.5433655913405 1341.1821017113411 1339.82400420134 1342.7540161842576 1340.7672765313407 1.0 1341.034949761341 1.0 2
322 1.0 nan 0.2 1.0 1.0 1343.992453981344 1343.993287231344 1344.3091223113443 1343.3695162813433 1345.8873343284868 1344.1734692113441 -1.0 1344.1734692113441 -1.0 1
323 nan 0.0625 0.2 -1.0 1.0 1347.2587606513473 nan 1347.7388126413477 1346.5028362513465 1349.3040318618362 1347.5287003213475 1.0 1347.5287003213475 1.0 1
324 0.125 nan 0.2 -1.0 -1.0 1350.5260005613504 nan 1350.9474917413509 1349.91362847135 1353.5201400586143 1350.7344463813508 1.0 1350.7344463813508 1.0 1
325 nan 0.25 0.2 -1.0 1.0 1354.6754855713548 1354.6761521713547 1354.9529578213549 1354.1343396913542 1356.5258679362478 1354.8358362013548 1.0 1354.8358362013548 1.0 1
326 nan 1.0 0.2 -1.0 1.0 1357.6702194013576 1357.6710859813577 1358.1278736313582 1357.1377726513572 1359.7037866340402 1357.8115719313578 1.0 1357.8115719313578 1.0 1
327 nan 0.0 0.2 -1.0 1.0 1360.8755988313608 1360.8763654213608 1361.2569940213614 1360.3220875213603 1362.8258835044935 1361.090610661361 1.0 1361.090610661361 1.0 1
328 nan 1.0 0.2 -1.0 1.0 1364.3199210313644 1364.3206209613643 1364.6203909813646 1363.7511779113638 1366.192502126815 1364.4502080013644 1.0 1364.4502080013644 1.0 1
329 0.0625 nan 0.2 -1.0 -1.0 1367.3868809713674 1367.3876142313675 1368.026916961368 1366.8062057113668 1370.608629054807 1367.5894607113676 1.0 1367.911461841368 1.0 2
330 nan 0.25 0.2 -1.0 1.0 1371.7533442813717 1371.7541775313719 1372.0146181513721 1371.2244305113713 1373.5924338929663 1371.908762071372 1.0 1371.908762071372 1.0 1
331 nan 0.0625 0.2 -1.0 1.0 1375.1698026013753 1375.1704692013752 1375.6925503213756 1374.2067322513742 1377.2702328374405 1375.3353860413754 1.0 1375.3353860413754 1.0 1
332 nan 0.0625 0.2 -1.0 1.0 1378.3753820113784 1378.3760819413783 1378.864666411379 1377.890030551378 1380.4420455552122 1378.5943934413785 1.0 1378.5943934413785 1.0 1
333 0.0625 nan 0.2 -1.0 -1.0 1381.6532875213816 1381.6540541113816 1381.959690211382 1381.061446711381 1384.5411686752175 1381.8119716513818 1.0 1381.8119716513818 1.0 1
334 nan 0.25 0.2 -1.0 1.0 1386.086744131386 1386.087644041386 1386.4095785113864 1385.1592702213852 1387.991889310227 1386.2503611013863 1.0 1386.2503611013863 1.0 1
335 nan 0.25 0.2 -1.0 1.0 1389.136605781389 nan 1389.5318995813896 1388.6169910813887 1391.1085105607035 1389.3407520313895 1.0 1389.3407520313895 1.0 1
336 nan 0.25 0.2 -1.0 1.0 1392.2361957913922 nan 1392.4978029613926 1391.7315129313918 1394.0750172908363 1392.3896804413923 1.0 1392.3896804413923 1.0 1
337 nan 0.125 0.2 -1.0 1.0 1395.4199107213954 1395.4208106313954 1395.7596100813957 1394.7013159213948 1397.3365241864374 1395.5844276013956 1.0 1395.5844276013956 1.0 1
338 nan 0.0625 0.2 -1.0 1.0 1398.4416751813985 nan 1399.1870339713992 1397.956923661398 1400.7531453788379 1398.8708322613988 1.0 1399.1647362013991 1.0 2
339 0.25 nan 0.2 -1.0 -1.0 1401.8913301814018 nan 1402.2940232414023 1401.3817478114013 1404.869368332721 1402.079178061402 1.0 1402.079178061402 1.0 1
340 0.125 nan 0.2 -1.0 -1.0 1406.058113461406 1406.0589800414061 1406.5089683714066 1405.4961696614055 1409.0915812716396 1406.3398519514064 1.0 1406.3398519514064 1.0 1
341 nan 0.125 0.2 -1.0 1.0 1410.4029456014105 1410.4035788714104 1410.7257799814108 1409.7162809414097 1412.3081924544585 1410.5667958814106 1.0 1410.5667958814106 1.0 1
342 nan 0.125 0.2 -1.0 1.0 1413.4692722714135 1413.4702055114135 1413.7405784714138 1412.931292741413 1415.325093495057 1413.6214237214137 1.0 1413.6214237214137 1.0 1
343 nan 0.25 0.2 -1.0 1.0 1417.169602201417 1417.1704354514172 1417.4235101414174 1415.946691171416 1419.0081192264342 1417.1518373114172 -1.0 1417.2725252414173 1.0 2
344 1.0 nan 0.2 1.0 1.0 1420.1689022414203 1420.1697354914202 1420.5728285114205 1419.6326225414196 1422.158039450538 1420.3062551714204 1.0 1420.3062551714204 1.0 1
345 nan 1.0 0.2 -1.0 1.0 1423.4026455014234 1423.4033787614235 1423.7662424714238 1422.7798411214228 1425.3416283687295 1423.5447979514236 1.0 1423.5447979514236 1.0 1
346 0.0 nan 0.2 1.0 1.0 1426.4358421514264 1426.4366420714264 1449.7722416114498 1425.9628227914259 1451.335245143341 1426.6173240014266 1.0 1449.7313457014498 -1.0 10
347 nan 0.0625 0.2 -1.0 1.0 1453.057079761453 1453.057879681453 1453.6628525114536 1452.055846561452 1455.2409637985427 1453.3464174914534 1.0 1453.3464174914534 1.0 1
348 nan 1.0 0.2 -1.0 1.0 1456.4020785614564 1456.4028118214565 1456.6669520714568 1455.8728648214558 1458.2350688258098 1456.5287658914565 1.0 1456.5287658914565 1.0 1
349 nan 0.25 0.2 -1.0 1.0 1459.6240563314595 1459.6247895914596 1459.92595947146 1458.8598660914588 1461.5076725258696 1459.7803073714597 1.0 1459.7803073714597 1.0 1
350 nan 0.25 0.2 -1.0 1.0 1462.6853835014626 1462.6860501014628 1463.2702916714634 1462.1379715814621 1464.8405997448062 1462.892762761463 1.0 1463.2021651514633 1.0 2
351 nan 0.125 0.2 -1.0 1.0 1466.001585181466 1466.002351771466 1466.6411878814667 1465.4807039414654 1468.2234024400773 1466.3388514514663 1.0 1466.3388514514663 1.0 1
352 0.125 nan 0.2 -1.0 -1.0 1470.2520600914702 1470.2532599714702 1470.6405879014706 1468.856799631469 1473.224028891684 1470.4095443414703 1.0 1470.4095443414703 1.0 1
353 nan 0.0625 0.2 -1.0 1.0 1474.818736711475 1474.8195699614748 1490.5051012514905 1474.1900329214743 1492.073508166132 1475.148203761475 1.0 1489.94685708149 -1.0 5
354 nan 0.0625 0.2 1.0 -1.0 1493.2681249214934 1493.2689248414933 1494.033915001494 1492.7609089814928 1496.606127106205 1493.892929101494 -1.0 1493.892929101494 -1.0 1
355 0.25 nan 0.8 -1.0 -1.0 1499.7181798514998 1499.7188464514998 1505.3884461015055 1497.2393277614972 1507.9728545666105 1500.1283721615002 1.0 1505.012150401505 1.0 3
356 0.125 nan 0.8 1.0 1.0 1509.2342281515093 1509.2350280715093 1509.8433672315098 1508.6413541115087 1511.417977112186 1509.6095239515096 -1.0 1509.6095239515096 -1.0 1
357 1.0 nan 0.8 1.0 1.0 1512.7397775615127 1512.7406441415128 1513.040280841513 1512.049879891512 1514.6066932944332 1512.912560281513 -1.0 1512.912560281513 -1.0 1
358 0.125 nan 0.8 1.0 1.0 1515.7179130515158 nan 1516.2214960215163 1515.2405941215152 1517.790208035995 1516.043747131516 -1.0 1516.043747131516 -1.0 1
359 0.0625 nan 0.8 1.0 1.0 1519.1673347415192 nan 1519.4964018315195 1518.4248090015185 1521.067915108718 1519.3165531515194 -1.0 1519.3165531515194 -1.0 1
360 0.25 nan 0.8 1.0 1.0 1522.2399607815223 nan 1522.5585289215226 1521.7068141015218 1524.1395371313363 1522.4486732415226 -1.0 1522.4486732415226 -1.0 1
361 0.0 nan 0.8 1.0 1.0 1525.4844363015254 1525.4854695315255 1528.4723374815285 1524.774640621525 1530.051049418469 1525.4473400115255 -1.0 1528.1175729615281 -1.0 3
362 0.0625 nan 0.8 1.0 1.0 1531.2723574515312 1531.2733906815313 1531.3916788515314 1530.6977482515308 1532.9727567736059 1531.2016978515312 -1.0 1531.2016978515312 -1.0 1
363 1.0 nan 0.8 -1.0 -1.0 1537.6175895315375 1537.6182561315377 1549.3244520615494 1533.6138566115337 1551.9006555770036 1546.2718573515463 1.0 1548.6992812515487 -1.0 2
364 0.25 nan 0.8 -1.0 -1.0 1554.955555561555 1554.956355481555 1560.14893617156 1552.6049573115527 1562.7220792047408 1555.006217161555 1.0 1559.97318708156 1.0 9
365 0.25 nan 0.8 1.0 1.0 1563.967054321564 1563.967854241564 1566.065311141566 1563.3917785215633 1567.6333192511174 1565.3102199915654 -1.0 1565.8662643815658 -1.0 3
366 nan 0.25 0.8 1.0 -1.0 1569.004883821569 1569.0058170615691 1605.1672005616051 1568.2784231415683 1607.7380647746588 1570.2302279415703 1.0 1604.9186587516049 -1.0 7
367 0.0 nan 0.8 -1.0 -1.0 1609.0996072816092 1609.100473861609 1630.4891347816306 1608.5171655316085 1633.0542716686873 1609.2795559516094 1.0 1630.3040866216304 1.0 4
368 0.125 nan 0.8 1.0 1.0 1634.4991337416345 1634.5001003116345 1636.6740828916368 1633.7759727316338 1638.2380936406241 1635.965387101636 -1.0 1636.6652837716367 -1.0 4
369 0.25 nan 0.8 -1.0 -1.0 1639.4325403516395 1639.4333069416396 1648.7558745916488 1638.891994411639 1651.3373471896512 1639.8278008216398 1.0 1648.6726495816488 1.0 3
370 0.125 nan 0.8 -1.0 -1.0 1652.8155685816528 1652.8164351616529 1654.3350832816543 1652.021647981652 1656.9042606450132 1653.7890712216538 -1.0 1653.7890712216538 -1.0 1
371 nan 0.25 0.8 -1.0 1.0 1658.1489018616583 1658.1496684516583 1688.3697794716884 1657.5666600916577 1689.931611471907 1658.5117655716585 -1.0 1688.1628668316882 1.0 17
372 nan 1.0 0.8 -1.0 1.0 1691.4202410616915 1691.4211409716913 1694.4860344516944 1690.7007130216907 1696.0316148262818 1693.832166511694 -1.0 1694.101806211694 1.0 2
373 0.0 nan 0.8 -1.0 -1.0 1697.3871109816973 1697.3877442516973 1704.053644261704 1696.7023128016967 1706.6034544222173 1703.9292900317039 1.0 1703.9292900317039 1.0 1
374 nan 0.0625 0.8 -1.0 1.0 1707.8149014317078 1707.815568031708 1734.2255934317343 1707.2780551217072 1735.7806951246184 1719.3205840817193 1.0 1734.1166043317342 1.0 3
375 nan 0.125 0.8 -1.0 1.0 1737.6190540517377 1737.6197539817376 1743.6298195817437 1736.5256967317366 1745.1858283075712 1737.6895803317377 1.0 1740.6870138917407 1.0 2
376 1.0 nan 0.8 1.0 1.0 1748.014114441748 1748.014947691748 1753.9056585617539 1745.872228651746 1755.4689673368675 1750.979617861751 -1.0 1753.6598164817538 -1.0 4
377 1.0 nan 0.8 -1.0 -1.0 1756.6637827217567 1756.6644826517568 1816.6637827217567 1756.1451679217562 1777.93554866465 1756.8499307717568 -1.0 1775.5575264917757 1.0 5
378 0.25 nan 0.8 1.0 1.0 1779.3633458717793 nan 1784.856496501785 1778.6625492917788 1786.4188043903448 1783.006448191783 -1.0 1784.6872134317848 -1.0 2
379 0.125 nan 0.8 -1.0 -1.0 1787.6968124417876 1787.6976456917878 1791.3876099917914 1787.085106951787 1793.9299227053382 1791.2422911917913 1.0 1791.2422911917913 1.0 1
380 0.125 nan 0.8 -1.0 -1.0 1795.0682418917952 1795.0692084617951 1817.2652219718173 1794.6000220517947 1819.818025160095 1795.6155204917957 1.0 1817.182430251817 1.0 3
381 nan 0.125 0.8 -1.0 1.0 1821.2960855118213 1821.2968187718213 1847.3692446018474 1820.5567261218205 1848.9125458231092 1822.6303520718227 1.0 1847.2694545818472 1.0 8
382 0.25 nan 0.8 -1.0 -1.0 1852.950919711853 1852.951652971853 1853.7519729318537 1849.6783470018497 1856.3012813226185 1853.5726908618535 1.0 1853.5726908618535 1.0 1
383 0.125 nan 0.8 -1.0 -1.0 1857.7123768518577 1857.7132434318578 1859.3558791518594 1856.987582671857 1861.9120909030694 1858.019112841858 1.0 1859.1179029518592 1.0 5
384 0.125 nan 0.8 -1.0 -1.0 1863.1510995918632 1863.1518328518632 1887.6241187118876 1862.5828897518627 1890.2010182119202 1887.174330361887 1.0 1887.2592885318873 1.0 2
385 0.125 nan 0.8 -1.0 -1.0 1891.4617682418914 1891.4627348118916 1896.9469530018969 1890.947919631891 1899.517359698171 1896.8341976118968 1.0 1896.8341976118968 1.0 1
386 0.0 nan 0.8 1.0 1.0 1900.7617714819007 1900.7628713719007 1913.3450130319134 1900.2025607419002 1914.9169170048017 1908.3684440719085 -1.0 1913.069740561913 -1.0 6
387 0.125 nan 0.8 -1.0 -1.0 1919.7113096719197 1919.7119429419197 1925.3881752619254 1915.6320176419156 1927.9611779510344 1925.1816625819251 1.0 1925.1816625819251 1.0 1
388 0.0625 nan 0.8 -1.0 -1.0 1929.4495690819294 1929.4504689919295 1943.8368635419438 1928.6802793519287 1946.394335964809 1931.3755431319314 -1.0 1943.7730032619438 1.0 7
389 0.125 nan 0.8 1.0 1.0 1947.8659939219478 1947.866827171948 1964.7775359319648 1947.1102361719472 1966.3490366813326 1964.6582811919648 -1.0 1964.6582811919648 -1.0 1
390 nan 0.0625 0.8 -1.0 1.0 1968.060407611968 1968.061574161968 1978.5909877819786 1967.085438451967 1980.159992515075 1975.3386463819754 -1.0 1978.5114290719785 1.0 4
391 0.25 nan 0.8 -1.0 -1.0 1982.6821786219828 1982.6829118819826 1993.4161051219935 1980.878692321981 1995.9817428631702 1993.2249909019934 1.0 1993.2249909019934 1.0 1
392 nan 0.125 0.8 -1.0 1.0 1998.1264340419982 1998.1270673119982 2028.6406823120287 1996.7120421619968 2030.214879335855 2012.5757889620127 1.0 2028.5491914620286 1.0 11
393 0.125 nan 0.8 1.0 1.0 2031.7596370520318 2031.7605036320317 2051.826163532052 2030.9921804720311 2053.3976972012797 2032.3312132220324 -1.0 2051.6401821320515 -1.0 9
394 0.0625 nan 0.8 -1.0 -1.0 2055.4425351920554 2055.4434684320554 2066.3049821720665 2054.1379989920542 2068.8586550803648 2061.018577532061 1.0 2066.228023202066 1.0 2
395 1.0 nan 0.8 1.0 1.0 2070.03064290207 2070.03157614207 2080.15729680208 2069.5694556920694 2081.7136015209308 2070.1894936820704 -1.0 2079.94035183208 -1.0 4
396 0.0625 nan 0.8 1.0 1.0 2083.4418349820835 2083.4427015620836 2085.7058085620856 2082.4371021320826 2087.263617670638 2085.2519872820853 -1.0 2085.2519872820853 -1.0 1
397 nan 0.0 0.8 1.0 -1.0 2088.691776602089 2088.692609852089 2089.5952862420895 2087.948617592088 2092.1413309709787 2089.4227368320894 -1.0 2089.4227368320894 -1.0 1
398 nan 1.0 0.8 -1.0 1.0 2093.5632894020937 2093.5642559720936 2093.7941329820937 2092.816030802093 2095.3415419900225 2093.6693787920935 1.0 2093.6693787920935 1.0 1
399 0.25 nan 0.8 -1.0 -1.0 2097.946817672098 2097.947484272098 2127.751670222128 2096.032042502096 2130.2965962115018 2098.7803343120986 -1.0 2127.6462141021275 1.0 9
400 0.0 nan 0.8 1.0 1.0 2132.1409312521323 2132.141631182132 2132.964715532133 2131.4598993621316 2134.5076228744615 2132.7769676421326 -1.0 2132.7769676421326 -1.0 1
401 0.25 nan 0.8 1.0 1.0 2136.129432362136 2136.130232282136 2138.883923552139 2135.1958257321353 2140.44083313772 2138.5829203221388 -1.0 2138.727872492139 -1.0 2
402 1.0 nan 0.8 -1.0 -1.0 2144.7630689121447 2144.7641021421446 2147.7057746121477 2141.134031852141 2150.2741782364365 2145.178694012145 1.0 2145.178694012145 1.0 1
403 1.0 nan 0.8 1.0 1.0 2151.7297055121517 2151.7306720821516 2154.3480103221546 2150.987879702151 2155.9125152658357 2153.853493112154 -1.0 2154.152696522154 -1.0 2
404 0.0625 nan 0.8 1.0 1.0 2157.090269402157 2157.090902672157 2159.97181455216 2156.6045179821567 2161.545722850364 2159.77516755216 -1.0 2159.77516755216 -1.0 1
405 0.0 nan 0.8 -1.0 -1.0 2162.7406709721627 2162.741504222163 2167.8104639421676 2162.2379212521623 2170.3733682081383 2163.024175952163 1.0 2167.737537902168 1.0 4
406 0.0625 nan 0.8 -1.0 -1.0 2171.7454037421717 2171.7460370121717 2177.073970832177 2171.081670122171 2179.646108246974 2173.807197542174 1.0 2177.049473282177 1.0 3
407 nan 1.0 0.8 -1.0 1.0 2180.873557502181 2180.874290762181 2181.3325116021815 2180.3562092421803 2182.8955191775017 2181.032608262181 1.0 2181.032608262181 1.0 1
408 0.25 nan 0.8 -1.0 -1.0 2184.240387452184 2184.2411873721844 2194.1387308521944 2183.5882193421835 2196.706966762304 2190.6229824621905 -1.0 2193.848593202194 1.0 6
409 0.0 nan 0.8 1.0 1.0 2197.928585162198 2197.929318422198 2224.6260818122246 2197.4405673021975 2226.1950024043185 2205.940483892206 -1.0 2224.4584652422245 -1.0 6
410 0.0 nan 0.8 -1.0 -1.0 2227.7395037722276 2227.740203702228 2231.6967746722316 2227.076103452227 2234.260915100907 2231.4334010122316 1.0 2231.5233586822314 1.0 2
411 0.125 nan 0.8 -1.0 -1.0 2235.4561653622354 2235.4570652722355 2241.091968392241 2234.969314052235 2243.6560722299655 2240.893854872241 1.0 2240.893854872241 1.0 1
412 0.25 nan 0.8 -1.0 -1.0 2244.877589792245 2244.878289722245 2267.115232472267 2244.371173772244 2269.672263798608 2262.1342639522622 1.0 2267.027841212267 1.0 4
413 0.125 nan 0.8 1.0 1.0 2271.210756212271 2271.2114894722713 2272.4630643022724 2270.4608645422704 2274.021672491288 2272.2467859322724 -1.0 2272.2467859322724 -1.0 1
414 0.125 nan 0.8 -1.0 -1.0 2276.010842822276 2276.011776062276 3566.042026803566 2274.7225716622747 2281.343684724122 2278.6367802022787 1.0 3562.938737163563 1.0 617
