NR_0029 3a3ea015-b5f4-4e8b-b189-9364d1fc7435 steinmetzlab 2023-09-07 _iblrig_tasks_ephysChoiceWorld6.6.2 F 122 401
0 0.25 nan 0.5 -1.0 -1.0 79.29093678007929 79.18031451007919 99.03896178009904 78.61660422007861 101.60073087610732 98.66699898009867 1.0 98.98320069009898 1.0 2
1 0.125 nan 0.5 0.0 -1.0 103.006898280103 103.007864850103 163.00873083016302 102.35952969010236 165.50803552124916 123.91577385012391 1.0 124.38689340012439 1.0 3
2 0.125 nan 0.5 -1.0 -1.0 166.38292671016637 166.95700263016695 188.3202660901883 166.31433357016633 190.8888369097182 188.21124366018822 1.0 188.21124366018822 1.0 1
3 nan 0.25 0.5 -1.0 1.0 192.9157398301929 192.9168397201929 195.52111260019552 191.63133495019164 197.0823206868379 195.10952043019512 -1.0 195.22120926019522 1.0 2
4 0.0625 nan 0.5 -1.0 -1.0 198.33866415019835 198.33973071019835 210.55250931021055 197.8152165001978 213.12154655942854 198.4165896901984 1.0 210.4965482402105 1.0 4
5 nan 1.0 0.5 -1.0 1.0 215.3151996602153 215.31606624021532 215.98333284021598 213.85294590021385 217.55494066257873 215.82431541021583 1.0 215.82431541021583 1.0 1
6 nan 0.125 0.5 -1.0 1.0 221.5984379402216 221.5993045202216 222.4913486402225 218.27223726021828 224.05472285564846 222.36049506022238 1.0 222.36049506022238 1.0 1
7 nan 0.125 0.5 -1.0 1.0 227.16498123022717 227.16584781022718 227.72282544022772 224.7898187702248 229.2881289552065 227.5963047602276 1.0 227.5963047602276 1.0 1
8 nan 0.0625 0.5 -1.0 1.0 230.4982812002305 230.4991144502305 231.0722238002311 230.02732830023004 232.63792835666354 230.77988637023077 1.0 231.02786157023104 1.0 2
9 nan 0.0625 0.5 -1.0 1.0 235.01486283023502 235.01569608023502 235.44651966023545 233.38532580023337 237.0045276416026 235.2924684002353 1.0 235.2924684002353 1.0 1
10 0.125 nan 0.5 -1.0 -1.0 238.24820613023826 238.24930602023827 238.54131015023853 237.72012561023772 241.1045248240343 238.2763699802383 -1.0 238.2763699802383 -1.0 1
11 nan 0.0625 0.5 -1.0 1.0 242.96480109024296 242.96586765024296 243.3928249502434 241.75292229024174 244.9481327951462 243.23300760024324 1.0 243.23300760024324 1.0 1
12 0.125 nan 0.5 1.0 1.0 247.45415211024746 247.45511868024747 248.31683250024832 245.64883266024566 249.88133955876097 248.03259426024803 1.0 248.03259426024803 1.0 1
13 nan 0.0625 0.5 -1.0 1.0 252.50418039025251 252.5050136402525 252.9212386802529 250.59113838025058 254.4812396646115 252.74338980025274 1.0 252.74338980025274 1.0 1
14 nan 0.125 0.5 -1.0 1.0 257.65403202025766 257.65493193025765 258.0864554402581 255.26593752025528 259.6540298549502 257.90440698025793 1.0 257.90440698025793 1.0 1
15 0.25 nan 0.5 1.0 1.0 260.8643776202609 260.86517754026085 261.23254080026123 260.37802626026036 262.7873454363744 260.8761097802609 1.0 261.0859221302611 -1.0 2
16 nan 1.0 0.5 -1.0 1.0 265.3142992502653 265.31509917026534 265.75685499026577 263.4892484402635 267.3204332618072 265.5196787102655 1.0 265.71589242026573 1.0 2
17 nan 0.125 0.5 -1.0 1.0 268.5641742302686 268.56504081026856 268.81064958026883 268.02552810026805 270.3643271517478 268.5135459602685 1.0 268.5135459602685 1.0 1
18 nan 0.125 0.5 -1.0 1.0 274.85384520027486 274.85491176027483 275.0928546302751 271.06352427027105 276.6474522816707 274.96936698027497 1.0 274.96936698027497 1.0 1
19 1.0 nan 0.5 1.0 1.0 279.95376849027997 279.95480172027993 280.3994572502804 277.4328539402774 281.9537361725232 280.2499055402803 -1.0 280.2499055402803 -1.0 1
20 nan 0.25 0.5 -1.0 1.0 283.28066910028326 283.2817356602833 283.7162588702837 282.66093108028264 285.26403590665467 283.55040879028354 1.0 283.55040879028354 1.0 1
21 0.125 nan 0.5 1.0 1.0 287.33669679028736 287.33766336028737 287.7731531402878 285.95813466028596 289.33695763027896 287.6741963702877 -1.0 287.6741963702877 -1.0 1
22 1.0 nan 0.5 1.0 1.0 292.4471523602925 292.44825225029246 292.84554585029286 290.03785998029 294.4034556806499 292.71655875029273 -1.0 292.71655875029273 -1.0 1
23 0.25 nan 0.5 1.0 1.0 297.1137523202971 297.1148188802971 297.56084094029757 295.1105526602951 299.1137461049777 297.45275175029747 -1.0 297.45275175029747 -1.0 1
24 nan 0.25 0.5 -1.0 1.0 302.3696933403024 302.3707265703024 302.6251344603026 299.8786424702999 304.18024387744197 302.5084794603025 1.0 302.5084794603025 1.0 1
25 nan 0.0625 0.5 -1.0 1.0 306.9197382903069 306.92063820030694 307.4883480903075 304.8850417803049 309.0468555677157 307.2127423203072 1.0 307.46158410030745 1.0 2
26 nan 0.25 0.5 -1.0 1.0 312.43648656031246 312.4375197903124 312.8203481703128 309.74685555030976 314.38015694292994 312.6415327203126 1.0 312.6415327203126 1.0 1
27 nan 0.0 0.5 -1.0 1.0 316.3195315503163 316.32046479031635 316.9304371203169 315.0866548503151 318.4799499679599 316.62343449031664 1.0 316.82744742031684 1.0 2
28 0.0 nan 0.5 -1.0 -1.0 319.7195248503197 319.72039143031975 320.04139266032007 319.16904657031915 322.60296592091487 319.8288139203198 1.0 319.9230045003199 1.0 2
29 nan 0.125 0.5 -1.0 1.0 323.8632437703239 323.86431033032386 324.27586917032426 323.2935674103233 325.836146735819 324.03096033032404 1.0 324.2325068403242 1.0 2
30 nan 1.0 0.5 -1.0 1.0 328.1630804103282 328.16421363032816 328.5011466003285 326.5869380403266 330.0526542972006 328.34782860032834 1.0 328.34782860032834 1.0 1
31 nan 0.25 0.5 -1.0 1.0 331.94630205033195 331.94716863033193 332.31506517033233 330.74865516033077 333.88597060871854 332.17281273033217 1.0 332.17281273033217 1.0 1
32 0.25 nan 0.5 -1.0 -1.0 335.7629536803358 335.76375360033575 336.5930706603366 334.5838716003346 339.15245043852894 336.34062924033634 1.0 336.5201112903365 1.0 2
33 0.0625 nan 0.5 -1.0 -1.0 340.5461753103406 340.5473751903406 340.8743758203409 339.85034490033985 343.43585123021484 340.76375355034077 1.0 340.76375355034077 1.0 1
34 0.0625 nan 0.5 1.0 1.0 347.04599193034704 347.0468585103471 347.5766721903476 344.13155007034413 349.1461718715758 347.44905162034746 -1.0 347.44905162034746 -1.0 1
35 0.125 nan 0.5 1.0 1.0 351.002329590351 351.003129510351 351.4104554403514 349.9030728603499 352.9792661292025 351.2927005503513 -1.0 351.2927005503513 -1.0 1
36 0.25 nan 0.5 1.0 1.0 355.43555289035544 355.43635281035546 355.7293568403557 353.6764621503537 357.2959649876429 355.6121352303556 -1.0 355.6121352303556 -1.0 1
37 0.0625 nan 0.5 1.0 1.0 359.5354095303595 359.53627611035955 360.1969767003602 357.999363150358 361.76245435260665 359.92807026035996 -1.0 360.16501323036016 -1.0 2
38 0.125 nan 0.5 1.0 1.0 364.1187844803641 364.1198510403641 365.15724729036515 362.46025035036246 366.735258095778 364.96856616036496 -1.0 364.96856616036496 -1.0 1
39 0.0625 nan 0.5 -1.0 -1.0 369.4955800803695 369.4964133303695 370.58073822037056 367.3934569803674 373.1518728245994 370.3135649403703 1.0 370.55874042037055 1.0 2
40 nan 0.25 0.5 -1.0 1.0 375.2454717003753 375.24630495037525 375.6194676303756 373.9029726303739 377.1851772942604 375.46844940037545 1.0 375.46844940037545 1.0 1
41 nan 1.0 0.5 -1.0 1.0 378.37882500037836 378.3799248903784 378.5875707903786 377.87037585037785 380.1621800331222 378.3919903503784 1.0 378.3919903503784 1.0 1
42 0.0 nan 0.5 -1.0 -1.0 381.5849710203816 381.5858709303816 381.97753176038196 380.84177868038086 384.54537523143404 381.55754043038155 1.0 381.8192809203818 1.0 3
43 0.125 nan 0.5 1.0 1.0 386.7016259703867 386.7024258903867 387.04465833038705 385.2393722103852 388.6120680511096 386.9148379803869 -1.0 386.9148379803869 -1.0 1
44 0.0 nan 0.5 1.0 1.0 391.13478261039114 391.13568252039113 394.6916602203947 389.31336477038934 396.2618671785235 391.959266820392 1.0 394.51971075039455 -1.0 2
45 nan 0.125 0.5 -1.0 1.0 397.46784924039747 397.4688824703975 397.6828610703977 396.974765220397 399.24516991623835 397.5000793503975 1.0 397.5000793503975 1.0 1
46 nan 0.25 0.5 -1.0 1.0 400.6513975204007 400.65249741040066 401.1457814104011 399.93926874039994 402.7117858853265 400.80268239040083 -1.0 400.80268239040083 -1.0 1
47 1.0 nan 0.5 1.0 1.0 403.93456917040396 403.93543575040394 405.8876738404059 403.4156877304034 407.46798165320973 405.5556403804056 1.0 405.7398552904057 -1.0 2
48 nan 0.125 0.5 -1.0 1.0 412.12814973041213 412.12894965041215 412.999762560413 408.17677824040817 414.5676695652685 412.82721315041283 1.0 412.82721315041283 1.0 1
49 nan 0.0625 0.5 -1.0 1.0 415.994663040416 415.995529620416 416.4066885004164 415.2949663504153 417.98436323694466 416.2836674704163 1.0 416.2836674704163 1.0 1
50 0.0625 nan 0.5 -1.0 -1.0 422.04462465042207 422.04575787042205 422.84007843042286 418.6925598904187 425.4112751170964 422.6969260804227 1.0 422.6969260804227 1.0 1
51 1.0 nan 0.5 1.0 1.0 426.8674089904269 426.8683089004269 427.27236849042725 426.2104746904262 428.8508765479099 427.13868186042714 -1.0 427.13868186042714 -1.0 1
52 nan 0.0625 0.5 1.0 -1.0 430.02775959043004 430.02859284043 430.24797090043023 429.5452745104295 432.8110792191046 430.13231580043015 -1.0 430.13231580043015 -1.0 1
53 nan 1.0 0.5 -1.0 1.0 434.000662260434 434.001528840434 434.0684888104341 433.5119778004335 435.6277937629243 433.9269696304339 1.0 433.9269696304339 1.0 1
54 nan 0.0 0.5 1.0 -1.0 437.2006089004372 437.20144215043723 437.961099510438 436.3259963704363 440.53407676015826 437.8736082604379 -1.0 437.8736082604379 -1.0 1
55 nan 0.0625 0.5 -1.0 1.0 442.17764448044215 442.1786777104422 442.6046684404426 441.24477111044126 444.16717145395137 442.46114946044247 1.0 442.46114946044247 1.0 1
56 nan 1.0 0.5 -1.0 1.0 447.32736279044735 447.32826270044734 447.7136908204477 444.9319690204449 449.2837974013015 447.5747380504476 1.0 447.5747380504476 1.0 1
57 1.0 nan 0.5 1.0 1.0 450.64403109045065 450.6448643404506 450.984297060451 449.95999950044995 452.54407877789185 450.66319584045067 1.0 450.66319584045067 1.0 1
58 0.25 nan 0.5 1.0 1.0 455.6002687504556 455.6011020004556 456.3958891804564 453.24887058045323 457.9607930862306 456.3023318704563 -1.0 456.3023318704563 -1.0 1
59 1.0 nan 0.5 1.0 1.0 459.18354372045917 459.1843436404592 459.51857688045953 458.6786942104587 461.0835874204226 459.38775663045936 -1.0 459.38775663045936 -1.0 1
60 nan 1.0 0.5 -1.0 1.0 463.010527650463 463.011594210463 463.62020001046363 461.7921828304618 465.18349838297536 463.1714115604632 1.0 463.1714115604632 1.0 1
61 1.0 nan 0.5 1.0 1.0 466.71042429046673 466.7115241804667 467.023093020467 465.958599480466 468.5834021278271 466.9112708704669 -1.0 466.9112708704669 -1.0 1
62 0.125 nan 0.5 1.0 1.0 470.04365760047006 470.04485748047006 470.2790007304703 469.2834003004693 471.8499834556799 470.1914761504702 -1.0 470.1914761504702 -1.0 1
63 nan 0.25 0.5 1.0 -1.0 475.0601892304751 475.06105581047507 475.16137911047514 472.5207765304725 477.72688581616956 474.997695480475 -1.0 474.997695480475 -1.0 1
64 nan 0.0 0.5 -1.0 1.0 479.03322522047904 479.03429178047907 479.2763009104793 478.4373848104784 480.84990351194153 479.1256826404791 1.0 479.1256826404791 1.0 1
65 0.25 nan 0.5 1.0 1.0 484.14344748048416 484.14454737048413 484.46768172048445 481.5546063904816 486.0268924401612 484.36325883048437 -1.0 484.36325883048437 -1.0 1
66 0.0625 nan 0.5 1.0 1.0 488.61623349048864 488.6171334004886 488.97829728048896 486.73898790048673 490.5495964545964 488.85877590048887 -1.0 488.85877590048887 -1.0 1
67 nan 0.25 0.5 -1.0 1.0 494.976630720495 494.977997250495 495.43998438049545 491.3262957904913 496.9932921468845 495.15367968049515 1.0 495.4013549104954 1.0 2
68 nan 0.0625 0.5 -1.0 1.0 500.11588341050015 500.1169166405001 500.7112905305007 497.7226894204977 502.28279672324817 500.4531496805005 1.0 500.4531496805005 1.0 1
69 nan 0.25 0.5 -1.0 1.0 504.2264056505042 504.22750554050424 504.54420720050456 502.994195550503 506.10981161056685 504.3887560805044 1.0 504.3887560805044 1.0 1
70 nan 0.0 0.5 -1.0 1.0 509.41591998050944 509.41705320050943 509.74458711050977 506.8211128205068 511.31579601577664 509.5046777705095 1.0 509.7348547505097 1.0 2
71 nan 0.125 0.5 -1.0 1.0 513.5928355805136 513.5936688305136 513.943600500514 512.0388909905121 515.5096060564531 513.8302451705139 1.0 513.8302451705139 1.0 1
72 0.125 nan 0.5 -1.0 -1.0 516.7657849205168 516.7665848405168 517.038590970517 516.2146067105163 519.5927967502637 516.7265555105167 1.0 517.001394690517 1.0 2
73 0.25 nan 0.5 -1.0 -1.0 521.4322515605214 521.4331848005214 522.9274686905229 520.3609920305204 525.4822091370827 521.3651582705214 1.0 522.8954385605228 1.0 2
74 nan 1.0 0.5 -1.0 1.0 526.6759938005267 526.6767603905267 526.973797350527 526.1885092205262 528.5261082507285 526.8403107005269 1.0 526.8403107005269 1.0 1
75 nan 0.0625 0.5 -1.0 1.0 532.7987814605328 532.7996480405328 533.067021300533 529.2268053605293 534.6320966742799 532.7529860405327 1.0 532.7529860405327 1.0 1
76 0.0 nan 0.5 1.0 1.0 535.8424437305358 535.8435769505359 535.9373009105359 535.3471932605354 537.4925071964977 535.8279118505359 -1.0 535.8279118505359 -1.0 1
77 nan 0.0 0.5 -1.0 1.0 539.8321113905398 539.8331779505398 540.6698942705407 538.1888090705382 542.2319981935684 540.3772568705404 1.0 540.3772568705404 1.0 1
78 0.0625 nan 0.5 -1.0 -1.0 543.7422870005438 543.7434202205437 544.1300815505441 543.008493720543 546.6923193260461 543.6945251105437 1.0 544.035990960544 1.0 2
79 nan 1.0 0.5 -1.0 1.0 548.3485596605484 548.3496928805483 548.6231988605487 547.3937218205474 550.1756117253241 548.5165428605485 1.0 548.5165428605485 1.0 1
80 1.0 nan 0.5 1.0 1.0 551.3651246405514 551.3662911905514 551.5931018405516 550.8782066705509 553.1421111425117 551.4908787305515 -1.0 551.4908787305515 -1.0 1
81 nan 1.0 0.5 -1.0 1.0 554.4982446305545 554.4992112005546 554.9354009105549 553.8455099105538 556.4921106146744 554.7218889305548 1.0 554.9328345005549 1.0 2
82 0.0625 nan 0.5 1.0 1.0 559.8983379005599 559.8994377905599 560.4188191805604 557.1949082705572 561.9753241885837 560.3130297605603 -1.0 560.3130297605603 -1.0 1
83 nan 0.125 0.5 1.0 -1.0 563.4149528705634 563.4160527605634 563.5587051605636 562.7007243005627 566.1086108300673 563.4396170705635 -1.0 563.4396170705635 -1.0 1
84 0.25 nan 0.5 1.0 1.0 567.3648245105674 567.3659577305674 567.917202600568 566.8905052805669 569.4752109455864 567.7964813405678 -1.0 567.7964813405678 -1.0 1
85 0.25 nan 0.5 1.0 1.0 570.8147794805708 570.8155794005709 570.984629160571 570.1769099405702 572.5419066680541 570.8725070405709 -1.0 570.8725070405709 -1.0 1
86 1.0 nan 0.5 1.0 1.0 573.7480194605738 573.7491860105738 573.999127680574 573.2450031005733 575.5584037040577 573.8947047905739 -1.0 573.8947047905739 -1.0 1
87 1.0 nan 0.5 1.0 1.0 577.3146627605773 577.3157959805774 577.6031005805776 576.2760999605763 579.1647083877489 577.4700805505774 -1.0 577.4700805505774 -1.0 1
88 0.0 nan 0.5 -1.0 -1.0 580.3749233705804 580.3760565905803 580.5687039905806 579.8626079405799 583.1479101460635 580.3462929005804 1.0 580.3462929005804 1.0 1
89 0.0625 nan 0.5 1.0 1.0 585.8915049905859 585.8926715405859 586.2138060905862 583.8597081905839 587.781212532414 586.0953846005862 -1.0 586.0953846005862 -1.0 1
90 0.0 nan 0.8 -1.0 -1.0 591.4414166105914 591.4425165005914 592.3278279605923 588.4982109605885 594.8914337191471 592.043956350592 1.0 592.2818992205923 1.0 2
91 nan 1.0 0.8 -1.0 1.0 596.1808426205962 596.1817425305962 596.5820358305966 595.6002340205956 598.1580163869821 596.4183188705964 1.0 596.4183188705964 1.0 1
92 1.0 nan 0.8 1.0 1.0 600.5308742406005 600.5316741606006 600.8718068106009 598.8493090805988 602.4475135303496 600.7532853306008 -1.0 600.7532853306008 -1.0 1
93 1.0 nan 0.8 1.0 1.0 604.1910415206042 604.1919414306042 604.4959110306045 603.1529120106031 606.0641198131062 604.3795560006043 -1.0 604.3795560006043 -1.0 1
94 0.125 nan 0.8 1.0 1.0 607.3410598206074 607.3418597406073 607.5161089806076 606.7597179606067 609.0973178523654 607.4071198806074 -1.0 607.4071198806074 -1.0 1
95 nan 1.0 0.8 -1.0 1.0 612.1410131106121 612.1417797006121 612.4387166706124 609.7867152306098 614.0077237201111 612.3024969606123 1.0 612.3024969606123 1.0 1
96 0.125 nan 0.8 1.0 1.0 617.1804757806171 617.1813423606172 617.3986206306174 614.7105228006147 618.9743205786148 617.3086296306174 -1.0 617.3086296306174 -1.0 1
97 1.0 nan 0.8 1.0 1.0 620.8137790806209 620.8146123306208 621.1443126906212 619.7600178006197 622.7137210140406 621.0317239506211 -1.0 621.0317239506211 -1.0 1
98 0.0 nan 0.8 -1.0 -1.0 625.0908180006251 625.0918512306251 625.7325538206258 623.4113193006234 628.3136262647192 625.5515385906256 1.0 625.5515385906256 1.0 1
99 1.0 nan 0.8 1.0 1.0 630.2739996306303 630.2750995206303 630.5709366006306 629.020624980629 632.1470392217603 630.4715132106305 -1.0 630.4715132106305 -1.0 1
100 nan 0.0 0.8 -1.0 1.0 634.5072429306346 634.5083428206345 635.983428630636 632.8695400506328 637.5572371619968 635.8377432006358 1.0 635.8377432006358 1.0 1
101 0.0 nan 0.8 -1.0 -1.0 642.3466255806424 642.3475254906424 643.7358533106437 638.2585344306383 646.307126170116 643.4525816406434 1.0 643.4525816406434 1.0 1
102 0.0 nan 0.8 1.0 1.0 648.2466021906482 648.2474354406482 650.5841350806506 647.036223240647 652.1633323718565 650.3762225406504 -1.0 650.3762225406504 -1.0 1
103 nan 0.25 0.8 -1.0 1.0 654.3401927706543 654.3409926906544 654.8035464306548 652.953331470653 656.3736504332271 654.5762358306546 1.0 654.5762358306546 1.0 1
104 0.0625 nan 0.8 -1.0 -1.0 657.7797821106578 657.7806486906578 657.973929360658 657.0930507906571 660.5401392128738 657.8333100906578 1.0 657.8333100906578 1.0 1
105 0.25 nan 0.8 1.0 1.0 664.1796087306642 664.1804753106642 666.1351464906661 661.2566343906612 667.7128500572514 666.0211245606661 -1.0 666.0211245606661 -1.0 1
106 nan 1.0 0.8 -1.0 1.0 668.989960980669 668.991060870669 669.4184514606694 668.4372495906684 670.979530818602 669.2308035606692 1.0 669.2308035606692 1.0 1
107 nan 0.25 0.8 -1.0 1.0 672.8732059506729 672.8739725406729 673.3151284206733 671.7038229006718 674.8732340567433 673.1229143106731 1.0 673.1229143106731 1.0 1
108 nan 0.125 0.8 -1.0 1.0 676.3460919606764 676.3469252106763 676.7088556806767 675.5911341306756 678.2731314345658 676.4205511806764 1.0 676.6368295506767 1.0 2
109 0.125 nan 0.8 1.0 1.0 680.1960402606802 680.1971734806802 680.6748257106807 678.983528190679 682.2396517436594 680.5916673606806 -1.0 680.5916673606806 -1.0 1
110 0.0 nan 0.8 -1.0 -1.0 684.5792352306846 684.5801018106846 685.0784186406851 683.047455090683 687.6396586806418 684.7662165306848 1.0 684.7662165306848 1.0 1
111 0.0625 nan 0.8 1.0 1.0 688.962396870689 688.963363440689 689.5728358206895 688.3618569306884 691.1457456323534 689.0939837106891 1.0 689.4581139606895 -1.0 2
112 0.0625 nan 0.8 1.0 1.0 692.4228174606924 692.4236507106924 692.7849479106928 691.8620402106918 694.3395526046161 692.6165647506926 -1.0 692.6165647506926 -1.0 1
113 nan 0.0625 0.8 -1.0 1.0 695.6956568106957 695.6965900506957 696.0793517706961 695.0608536306951 697.639457148209 695.9613302406959 1.0 695.9613302406959 1.0 1
114 1.0 nan 0.8 1.0 1.0 701.4455151007014 701.4464483407014 701.7708492307017 698.3743555806984 703.3455533357532 701.6586937807017 -1.0 701.6586937807017 -1.0 1
115 nan 0.0625 0.2 1.0 -1.0 704.6392623607046 704.6403955807046 704.8747388107049 704.089250700704 707.4392463166995 704.7441852007048 -1.0 704.7441852007048 -1.0 1
116 0.25 nan 0.2 1.0 1.0 709.2454017007093 709.2463349407093 710.5540374907106 708.1665429307081 712.1225372817654 710.3322930007104 -1.0 710.5385057107105 -1.0 2
117 nan 0.0625 0.2 -1.0 1.0 713.8453749907138 713.8462415707138 714.3855543007144 712.9247337307129 715.9390574311051 714.2454349807142 1.0 714.2454349807142 1.0 1
118 1.0 nan 0.2 1.0 1.0 719.1118149607191 719.1127815307191 719.4328495207194 716.6557605907167 720.9889557829026 719.2881973207193 -1.0 719.2881973207193 -1.0 1
119 nan 1.0 0.2 -1.0 1.0 722.2784649307223 722.2793981707223 722.7473513707228 721.7350526107217 724.3055564203354 722.4348492907225 1.0 722.4348492907225 1.0 1
120 nan 0.0625 0.2 -1.0 1.0 727.3283932207273 727.3292931307274 727.975961790728 725.044754940725 729.538966423766 727.6903236907277 1.0 727.9480312507279 1.0 2
121 nan 1.0 0.2 -1.0 1.0 730.7783815207308 730.7792481007308 731.2702656607313 730.2673659607303 732.8386712501616 730.940665290731 1.0 731.1593434207311 1.0 2
122 nan 0.0625 0.2 -1.0 1.0 735.4283831407355 735.4294830307355 736.1721420907362 733.5582701707335 737.7386515267772 735.8619397807358 1.0 736.094616510736 1.0 2
123 nan 0.0 0.2 -1.0 1.0 739.5947664607396 739.5957330307396 739.94246502074 738.4668459307385 741.5115591466107 739.7947131307398 1.0 739.7947131307398 1.0 1
124 nan 1.0 0.2 -1.0 1.0 742.8552403807429 742.8563402707429 743.016457590743 742.3243601407423 744.571864633087 742.8897036007429 1.0 742.8897036007429 1.0 1
125 nan 0.0625 0.2 -1.0 1.0 747.2947963807474 747.2958962707473 747.7734485107478 745.2911634307453 749.3447553088145 747.5115413707475 1.0 747.7419849907477 1.0 2
126 nan 0.0625 0.2 -1.0 1.0 750.7216869907508 750.7225202407508 751.4828442007515 750.0768514807501 753.0383520578815 751.3232268307513 1.0 751.3232268307513 1.0 1
127 nan 0.0 0.2 1.0 -1.0 755.8279429807558 755.8290762007558 756.3043953307563 753.7608497107537 758.8549667643757 756.1901067607562 -1.0 756.1901067607562 -1.0 1
128 nan 1.0 0.2 -1.0 1.0 762.5945662507626 762.5956661407627 763.3626561007634 759.5880669307596 764.9278616787484 763.2211369207632 1.0 763.2211369207632 1.0 1
129 nan 0.25 0.2 -1.0 1.0 766.9380651907669 766.939198410767 767.2302693007672 765.6700586707657 768.7944720375299 767.1125144107672 1.0 767.1125144107672 1.0 1
130 nan 0.0 0.2 -1.0 1.0 771.987993480772 771.989093370772 773.2502672407733 769.5292727107695 774.8109659236654 772.9463309707729 1.0 772.9463309707729 1.0 1
131 nan 0.125 0.2 -1.0 1.0 777.1379117707771 777.1389783307771 777.5465709007775 775.6301625607756 779.1045753586017 777.3321256807774 1.0 777.3321256807774 1.0 1
132 nan 0.125 0.2 -1.0 1.0 780.4940761207805 780.4949093707805 780.9204668107809 779.8324756207799 782.4711749950134 780.7698485407808 1.0 780.7698485407808 1.0 1
133 0.0625 nan 0.2 -1.0 -1.0 784.4772777607844 784.4781776707845 785.1728415307851 783.1989722707832 787.7043823285871 784.981527330785 1.0 784.981527330785 1.0 1
134 nan 0.25 0.2 -1.0 1.0 790.7272193707907 790.7280526207908 791.1320788807911 788.4380816407885 792.6937852557138 790.9973256907911 1.0 790.9973256907911 1.0 1
135 nan 1.0 0.2 -1.0 1.0 793.9041349807939 793.905001560794 794.1736746907942 793.4186835307934 795.737582614898 794.0646522607941 1.0 794.0646522607941 1.0 1
136 1.0 nan 0.2 1.0 1.0 800.2602993008003 800.2611992108002 800.7803806208008 796.4565797107965 802.3374829219377 800.4975089108005 -1.0 800.4975089108005 -1.0 1
137 nan 0.125 0.2 -1.0 1.0 803.7268526108037 803.7277858508037 804.0958823708041 803.1088810808031 805.6602808273593 803.9682618008039 1.0 803.9682618008039 1.0 1
138 nan 0.25 0.2 -1.0 1.0 807.9205332008079 807.921399780808 808.2358683308082 806.4715781108065 809.793676268521 808.0841168408081 1.0 808.0841168408081 1.0 1
139 nan 0.0625 0.2 -1.0 1.0 812.1371448308122 812.1379780808121 812.8099775408128 810.5179734308106 814.3705828189513 812.5193399408125 1.0 812.7515500508127 1.0 2
140 nan 0.0625 0.2 -1.0 1.0 816.5099408408165 816.5108740808165 816.982160280817 815.0963822108151 818.5267705722281 816.7830468608167 1.0 816.7830468608167 1.0 1
141 nan 1.0 0.2 -1.0 1.0 820.7870130908208 820.7881129808208 821.0830834808211 819.2615656508193 822.6266878712383 820.961895600821 1.0 820.961895600821 1.0 1
142 1.0 nan 0.2 1.0 1.0 825.2535997208253 825.2546996108252 825.5943656408256 823.3488902108234 827.1369790055444 825.4588791908254 -1.0 825.4588791908254 -1.0 1
143 nan 0.125 0.2 -1.0 1.0 828.3598890608283 828.3609889508284 828.5977652708286 827.8382745608278 830.1535736870933 828.5091074708286 1.0 828.5091074708286 1.0 1
144 0.0625 nan 0.2 1.0 1.0 833.7930790208338 833.7942122408338 834.2390677508342 830.8756707908309 835.7929740873356 834.1414441808341 -1.0 834.1414441808341 -1.0 1
145 nan 0.25 0.2 -1.0 1.0 839.7533496008398 839.7544161608398 840.0856830308401 836.5268722808365 841.6365797905112 839.97472746084 1.0 839.97472746084 1.0 1
146 1.0 nan 0.2 1.0 1.0 844.0761839408441 844.0773504908441 844.7732808908448 842.4622786808425 846.3427861370775 844.3869861908444 1.0 844.6349947208446 -1.0 2
147 nan 0.25 0.2 -1.0 1.0 847.6531595408477 847.6543260908477 847.972394280848 847.063785150847 849.5366988803873 847.8763038908479 1.0 847.8763038908479 1.0 1
148 nan 0.125 0.2 -1.0 1.0 860.2759638008603 860.2770303608603 864.4985748308645 850.2581990108503 866.075674162328 864.2417338508643 1.0 864.2417338508643 1.0 1
149 nan 1.0 0.2 -1.0 1.0 867.4527460508675 867.4535793008674 867.7866793208678 866.8718708108669 869.3527825822206 867.6616584908677 1.0 867.6616584908677 1.0 1
150 nan 0.25 0.2 -1.0 1.0 873.2923620308733 873.2934619208733 873.7644814808738 870.07858344087 875.335989182924 873.5133066008735 1.0 873.7545491408738 1.0 2
151 nan 0.125 0.2 -1.0 1.0 876.942097020877 876.9430635908769 877.5960982808776 876.035587680876 879.1757008182988 877.4488130108774 1.0 877.4488130108774 1.0 1
152 0.0625 nan 0.2 1.0 1.0 881.5525026008816 881.5536358208816 882.1049806808821 879.8982013808799 883.6754072406789 881.998991280882 -1.0 881.998991280882 -1.0 1
153 nan 0.25 0.2 -1.0 1.0 885.1858392308852 885.1869057908852 885.5687009408856 884.5172061008846 887.135807216092 885.4267151408854 1.0 885.4267151408854 1.0 1
154 nan 0.0625 0.2 -1.0 1.0 889.2587652308893 889.2598317908893 889.95679542089 887.8615049708878 891.5191021641765 889.7140197008897 1.0 889.7140197008897 1.0 1
155 0.25 nan 0.2 1.0 1.0 894.1085802008942 894.1093801208941 894.4703106908945 892.2520992008923 896.0418886917076 894.3454898408944 -1.0 894.3454898408944 -1.0 1
156 0.25 nan 0.2 1.0 1.0 897.3189924608973 897.3199923608973 897.6399936908977 896.7328844108968 899.2021976258459 897.5151061808975 -1.0 897.5151061808975 -1.0 1
157 nan 0.0 0.2 1.0 -1.0 900.6415601709007 900.6425934009006 901.6279281909017 899.9210988908999 904.2021001728305 901.1742402309012 -1.0 901.2949614909013 -1.0 2
158 nan 0.0625 0.2 -1.0 1.0 906.4584117609064 906.4594783209064 906.930397890907 904.928998050905 908.5085018693055 906.8027773209068 1.0 906.8027773209068 1.0 1
159 1.0 nan 0.2 1.0 1.0 909.8520057009099 909.8530722609098 910.1302112109101 909.2400002409092 911.7083124355356 910.02222201091 -1.0 910.02222201091 -1.0 1
160 nan 0.0 0.2 -1.0 1.0 914.0185890009141 914.019655560914 918.8868021309189 912.4408134609124 920.4580991823187 918.3987509409184 -1.0 918.3987509409184 -1.0 1
161 nan 1.0 0.2 -1.0 1.0 921.8517389409219 921.8528388309219 921.942396540922 921.2861955009213 923.5018035240245 921.8126095209218 1.0 921.8126095209218 1.0 1
162 nan 0.125 0.2 -1.0 1.0 926.3412566109264 926.3420898609263 926.7144192909267 924.2194021509242 928.2850960721304 926.5682339109266 1.0 926.5682339109266 1.0 1
163 nan 1.0 0.2 -1.0 1.0 930.1412099109301 930.1426764309301 930.4558117809305 928.980192690929 932.0182140243331 930.3336573309304 1.0 930.3336573309304 1.0 1
164 nan 0.25 0.2 -1.0 1.0 939.1078131609391 939.1088463909391 939.4136159109394 932.7405166209328 940.9848180350375 939.3148591209393 1.0 939.3148591209393 1.0 1
165 nan 0.25 0.2 -1.0 1.0 943.4909414709435 943.4917747209435 943.8150090609438 941.7460159809417 945.3911142836313 943.6840221609436 1.0 943.6840221609436 1.0 1
166 nan 1.0 0.2 -1.0 1.0 948.3679203909484 948.3690202809483 948.6591246009486 946.1233115409461 950.2180005657692 948.5601345009486 1.0 948.5601345009486 1.0 1
167 nan 1.0 0.2 -1.0 1.0 951.4907747409515 951.4916079909515 951.7779126909518 950.942196270951 953.3512130453064 951.6798558309517 1.0 951.6798558309517 1.0 1
168 nan 0.25 0.2 -1.0 1.0 956.0908146909561 956.0918479209561 956.3798191209564 954.0826155309541 957.9575145398055 956.2791958509563 1.0 956.2791958509563 1.0 1
169 nan 1.0 0.2 -1.0 1.0 960.4177486209604 960.4187818509604 968.1759060609681 958.7851119009588 969.740610390491 967.7743795509678 -1.0 967.981158870968 -1.0 2
170 nan 1.0 0.2 -1.0 1.0 971.2175018709712 971.2185684309712 971.7856117209718 970.4881081509704 973.3509175196269 971.5975971909716 1.0 971.5975971909716 1.0 1
171 0.125 nan 0.2 1.0 1.0 975.9070662009759 975.9081660909759 976.1658069909762 974.0624173509741 977.7403146829938 976.0746161109761 -1.0 976.0746161109761 -1.0 1
172 nan 0.25 0.2 -1.0 1.0 981.5172384609815 981.5183716809815 981.7976104209818 978.4510117809784 983.3737193070749 981.6500251809816 1.0 981.6500251809816 1.0 1
173 1.0 nan 0.2 1.0 1.0 985.8004767609858 985.8013100109858 986.1042130509861 984.0542180709841 987.6673211918481 985.985491590986 -1.0 985.985491590986 -1.0 1
174 nan 1.0 0.2 -1.0 1.0 990.1068460809901 990.1078793109901 990.3947172909905 988.3737194109884 991.956725044614 990.2913609609903 1.0 990.2913609609903 1.0 1
175 nan 1.0 0.2 -1.0 1.0 993.2837283609933 993.2848282509933 993.5743326309936 992.6631237609927 995.1401117977135 993.4238143509934 1.0 993.4238143509934 1.0 1
176 nan 0.25 0.2 -1.0 1.0 996.8169750009969 996.8180748909969 997.1929374009972 995.8420058409959 998.7567119690378 997.0518181809971 1.0 997.0518181809971 1.0 1
177 nan 0.25 0.2 1.0 -1.0 999.9169316409999 999.9180315309999 1059.9169316409998 999.4571109609994 1002.5730199871966 999.910232311 -1.0 1001.5394360410015 -1.0 5
178 nan 1.0 0.2 -1.0 1.0 1003.8835682710039 1003.884634831004 1004.2681298110043 1003.3685197810033 1005.8398343818174 1004.0924140510041 1.0 1004.0924140510041 1.0 1
179 nan 0.125 0.2 1.0 -1.0 1007.2168015810072 1007.2179348010072 1007.4299136010075 1006.5398359510066 1009.983526135812 1007.3036262310073 -1.0 1007.3036262310073 -1.0 1
180 nan 1.0 0.2 -1.0 1.0 1011.3562542610114 1011.3571541710114 1011.7063192510117 1010.6815217410107 1013.2668270403959 1011.5733325510116 1.0 1011.5733325510116 1.0 1
181 nan 0.25 0.2 -1.0 1.0 1017.022920871017 1017.024054091017 1017.3571207810173 1013.9725259410139 1018.9229275917904 1017.2041027510172 1.0 1017.2041027510172 1.0 1
182 0.0625 nan 0.2 -1.0 -1.0 1020.1165448110202 1020.1176447010201 1020.7766454610207 1019.6426255410197 1023.3395217709133 1020.5470684210205 1.0 1020.5470684210205 1.0 1
183 nan 0.125 0.2 -1.0 1.0 1024.6164614410247 1024.6175613310247 1025.2619302210253 1024.044218671024 1026.816435948933 1024.973992351025 1.0 1024.973992351025 1.0 1
184 nan 0.25 0.2 -1.0 1.0 1028.1727724410282 1028.1741723010282 1028.6085288610286 1027.5190378210275 1030.172638340517 1028.3902840210285 1.0 1028.4818082010286 1.0 2
185 nan 0.25 0.2 -1.0 1.0 1032.5330697010324 1032.5340696010326 1032.938529151033 1030.8707359510308 1034.5060374566979 1032.8196077110329 1.0 1032.8196077110329 1.0 1
186 nan 0.25 0.2 -1.0 1.0 1036.5162380110364 1036.5173379010366 1036.8150414610368 1035.2095353610353 1038.3829388357046 1036.7072189110368 1.0 1036.7072189110368 1.0 1
187 0.0625 nan 0.8 -1.0 -1.0 1040.3723856910403 1040.3732522710404 1041.3772185310413 1039.1906372110393 1043.9392278003552 1041.2816280910413 1.0 1041.2816280910413 1.0 1
188 0.25 nan 0.8 1.0 1.0 1045.2326996110453 1045.2338994910453 1045.8245404210459 1044.6547240810446 1047.3891445529707 1045.7367492010458 -1.0 1045.7367492010458 -1.0 1
189 0.25 nan 0.8 1.0 1.0 1048.6493912410488 1048.6504244710486 1049.8125415810498 1048.0890472810481 1051.372550624688 1049.6977197310498 -1.0 1049.6977197310498 -1.0 1
190 0.25 nan 0.8 1.0 1.0 1052.6159945410527 1052.6170277710526 1053.2120349310533 1052.0723489110521 1054.7660460307286 1053.011588311053 -1.0 1053.011588311053 -1.0 1
191 0.0 nan 0.8 -1.0 -1.0 1056.1887372310562 1056.1896038110563 1056.3165911110564 1055.4668427610554 1058.8888364383306 1056.1381756210562 1.0 1056.1381756210562 1.0 1
192 0.0625 nan 0.8 1.0 1.0 1060.2490978210603 1060.2501977110603 1061.2371323410612 1059.5661327910595 1062.8053391161268 1060.9040323210609 1.0 1060.9040323210609 1.0 1
193 0.25 nan 0.8 1.0 1.0 1063.998956131064 1063.999789381064 1064.5632330310646 1063.5130380610635 1066.1157421866849 1064.2844942410643 -1.0 1064.5201040110646 -1.0 2
194 0.0625 nan 0.8 1.0 1.0 1067.5717988110675 1067.5727320510675 1068.1858374010683 1066.8190407610668 1069.755444833957 1067.8714355110678 -1.0 1068.135442441068 -1.0 2
195 1.0 nan 0.8 1.0 1.0 1070.965626061071 1070.966659291071 1071.5049387910715 1070.4596433310705 1073.0655472528529 1071.1502409310713 -1.0 1071.1502409310713 -1.0 1
196 0.125 nan 0.8 1.0 1.0 1074.3718854010745 1074.3729186310743 1075.054050511075 1073.7682457710737 1076.6219480515617 1074.6668892310747 -1.0 1074.6668892310747 -1.0 1
197 1.0 nan 0.8 1.0 1.0 1078.065382681078 1078.066182601078 1078.3841508010785 1077.4309461310775 1079.9384565845571 1078.2250333810782 -1.0 1078.2250333810782 -1.0 1
198 0.25 nan 0.8 1.0 1.0 1081.2154343110813 1081.2164675410813 1081.8432381910818 1080.6552570010806 1083.3884509390807 1081.4212803910814 -1.0 1081.7272164610818 1.0 3
199 nan 0.0625 0.8 -1.0 1.0 1084.6486576210846 1084.6497241810846 1086.994656331087 1084.0895468710842 1088.5321361145643 1085.2108347310852 1.0 1086.8982993010868 1.0 3
200 nan 1.0 0.8 -1.0 1.0 1090.1716052710901 1090.1726718310902 1090.4550435910905 1089.2368320910894 1091.9986497736502 1090.3461211510903 1.0 1090.3461211510903 1.0 1
201 1.0 nan 0.8 -1.0 -1.0 1095.5379352510956 1095.5388684910956 1095.6161940910956 1092.7061517910927 1098.1652381123536 1095.4922064910954 1.0 1095.4922064910954 1.0 1
202 0.125 nan 0.8 1.0 1.0 1099.5045718810995 1099.5054717910996 1101.136142041101 1098.8829340510988 1102.6817483557315 1101.011221201101 -1.0 1101.011221201101 -1.0 1
203 0.25 nan 0.8 1.0 1.0 1104.0713484911041 1104.0723817211042 1104.3304559111043 1103.4027486911034 1105.8650638349009 1104.2169339311042 -1.0 1104.2169339311042 -1.0 1
204 nan 0.125 0.8 -1.0 1.0 1107.3046251311073 1107.3056250311074 1107.5951627411075 1106.5668655811066 1109.1378462137218 1107.4942728311075 1.0 1107.4942728311075 1.0 1
205 1.0 nan 0.8 1.0 1.0 1110.2981924111102 1110.2992589711102 1110.4952393711105 1109.8384383911098 1112.0315478135697 1110.3977157911104 -1.0 1110.3977157911104 -1.0 1
206 0.0625 nan 0.8 -1.0 -1.0 1114.0878134111142 1114.088846641114 1119.7397481611197 1112.7399482111127 1122.3043435649633 1119.3812506811194 1.0 1119.5839304111196 1.0 2
207 nan 1.0 0.8 -1.0 1.0 1123.6478573111237 1123.6486572311237 1123.982957131124 1123.144540981123 1125.5479609037773 1123.8141406811237 1.0 1123.8141406811237 1.0 1
208 0.0 nan 0.8 1.0 1.0 1126.954126651127 1126.9549265711269 1127.4672420011275 1126.2462641111263 1129.0373532881188 1127.3636523611274 -1.0 1127.3636523611274 -1.0 1
209 0.125 nan 0.8 1.0 1.0 1130.3645189111303 1130.3655854711303 1130.7350485211307 1129.7397480611298 1132.2977558935056 1130.5979955611306 -1.0 1130.5979955611306 -1.0 1
210 0.125 nan 0.8 1.0 1.0 1133.6206599311336 1133.6217931511337 1133.7415478411338 1132.998455491133 1135.3041567785053 1133.6100609911337 -1.0 1133.6100609911337 -1.0 1
211 nan 0.0 0.2 1.0 -1.0 1138.947693841139 1138.9486937411389 1142.021319781142 1136.007454561136 1144.5872627000906 1141.7673118511418 -1.0 1141.7673118511418 -1.0 1
212 nan 0.0625 0.2 -1.0 1.0 1146.847537111147 1146.8485703411468 1147.2589626311474 1145.2735611911453 1148.8142702080509 1147.138008061147 1.0 1147.138008061147 1.0 1
213 nan 0.125 0.2 -1.0 1.0 1149.98708979115 1149.98815635115 1150.3520532911505 1149.5222696111496 1151.9140646590945 1150.2366315011502 1.0 1150.2366315011502 1.0 1
214 nan 0.0625 0.2 -1.0 1.0 1154.1201431111542 1154.1210763511542 1154.4526765211544 1152.6117606311527 1156.0200527352315 1154.3125572011543 1.0 1154.3125572011543 1.0 1
215 0.0 nan 0.2 -1.0 -1.0 1160.06388201116 1160.0649485711601 1161.013287061161 1156.7309486711567 1163.5702596283822 1160.7447472511608 1.0 1160.968758181161 1.0 2
216 nan 0.0625 0.2 -1.0 1.0 1165.1305086311652 1165.131541861165 1165.5637653011656 1164.2977585811643 1167.1138629201093 1165.4352114911655 1.0 1165.4352114911655 1.0 1
217 nan 0.0625 0.2 -1.0 1.0 1168.4701413011685 1168.4711412011684 1168.8086741111688 1167.933861601168 1170.3637792944814 1168.6936189511687 1.0 1168.6936189511687 1.0 1
218 nan 1.0 0.2 -1.0 1.0 1171.6032612911715 1171.6044611711716 1171.974557491172 1171.064681821171 1173.5365698866415 1171.816073341172 1.0 1171.816073341172 1.0 1
219 0.125 nan 0.2 -1.0 -1.0 1175.5302685511756 1175.5313351111756 1176.173304241176 1174.2435639011742 1178.736477162797 1175.9063309411758 1.0 1176.124642441176 1.0 2
220 nan 1.0 0.2 -1.0 1.0 1179.99685518118 1179.99792174118 1180.3807834511804 1179.4459769411794 1181.930263704358 1180.18960257118 1.0 1180.18960257118 1.0 1
221 nan 0.25 0.2 -1.0 1.0 1183.4029812011834 1183.4038477811835 1183.5595655411835 1182.6416573411827 1185.1197709541264 1183.3376210711833 1.0 1183.3376210711833 1.0 1
222 nan 1.0 0.2 -1.0 1.0 1187.5966951211876 1187.5977616811876 1187.8968651011878 1185.825472261186 1189.452974093827 1187.7924755411877 1.0 1187.7924755411877 1.0 1
223 nan 1.0 0.2 -1.0 1.0 1191.6299917511917 1191.6310249811916 1191.947460001192 1190.1603720611902 1193.4966701861827 1191.8386042211919 1.0 1191.8386042211919 1.0 1
224 nan 0.0625 0.2 -1.0 1.0 1194.7361811011947 1194.7372809911947 1195.3357878011952 1194.2069673611943 1196.9027637771203 1195.160805301195 1.0 1195.160805301195 1.0 1
225 nan 0.0 0.2 -1.0 1.0 1198.096511701198 1198.0975449311982 1198.3540859411983 1197.6104603111976 1199.919486183194 1198.2221324711982 1.0 1198.2221324711982 1.0 1
226 nan 0.0625 0.2 -1.0 1.0 1203.4464099912034 1203.4474432212035 1205.130874861205 1200.6311915412007 1206.6858845131521 1204.981423141205 1.0 1204.981423141205 1.0 1
227 nan 0.125 0.2 -1.0 1.0 1208.112876631208 1208.1140431812082 1208.4178794612085 1207.3980814512074 1209.962980026886 1208.2834595712084 1.0 1208.2834595712084 1.0 1
228 0.0625 nan 0.2 -1.0 -1.0 1211.3691509712114 1211.3702841912113 1211.7296149212118 1210.7761769412107 1214.2856917786032 1211.4066138912115 1.0 1211.6415237312117 1.0 2
229 0.0625 nan 0.2 1.0 1.0 1215.4795732212156 1215.4805397912155 1215.972590581216 1214.956192231215 1217.5358978971058 1215.8632348512158 -1.0 1215.8632348512158 -1.0 1
230 nan 1.0 0.2 -1.0 1.0 1218.846136531219 1218.8471364312188 1219.2952916112192 1218.2424969012181 1220.8523743915089 1219.003554121219 -1.0 1219.003554121219 -1.0 1
231 nan 0.0625 0.2 -1.0 1.0 1223.5461331512236 1223.5470663912236 1223.865367891224 1221.5530658112216 1225.41267921384 1223.7712773012238 1.0 1223.7712773012238 1.0 1
232 nan 0.25 0.2 -1.0 1.0 1230.4521424812306 1230.4529424012305 1230.971590531231 1226.085379201226 1232.5292958881375 1230.8229720612308 1.0 1230.8229720612308 1.0 1
233 nan 0.125 0.2 -1.0 1.0 1233.8020741212338 1233.803207341234 1234.2599949912342 1233.2545955412334 1235.8124779585146 1234.092078451234 1.0 1234.092078451234 1.0 1
234 nan 0.0 0.2 -1.0 1.0 1237.068714091237 1237.069813981237 1237.6199922912376 1236.5167692912366 1239.168794899776 1237.4825727012376 1.0 1237.4825727012376 1.0 1
235 nan 0.25 0.2 -1.0 1.0 1240.3957146912403 1240.3967145912404 1240.7433799212408 1239.88339926124 1242.3018907939743 1240.5545654712405 1.0 1240.5545654712405 1.0 1
236 nan 0.25 0.2 -1.0 1.0 1243.6456563312436 1243.6466562312437 1244.092978261244 1243.018785691243 1245.6518859412329 1243.932194341244 1.0 1243.932194341244 1.0 1
237 nan 0.0 0.2 -1.0 1.0 1256.0953779012561 1256.0964111312562 1259.94229317126 1246.3740834612463 1261.495387259231 1259.5512989412596 1.0 1259.8356705012598 1.0 2
238 nan 0.25 0.2 -1.0 1.0 1262.901430561263 1262.9022971412628 1263.5803959912637 1262.3534853612623 1265.1287014054717 1263.2893917612632 1.0 1263.2893917612632 1.0 1
239 nan 1.0 0.2 -1.0 1.0 1266.3182221812663 1266.3192220812664 1266.6089931012666 1265.843203021266 1268.1681020071806 1266.4848055212665 1.0 1266.4848055212665 1.0 1
240 0.0625 nan 0.2 -1.0 -1.0 1270.4284777812704 1270.4294776812706 1273.1991006912733 1268.882299081269 1275.751407639733 1272.9122960412728 1.0 1273.039583311273 1.0 2
241 nan 0.25 0.2 -1.0 1.0 1277.1617043912772 1277.1627042912771 1277.5820956812777 1276.4757063312766 1279.134604897999 1277.4383767212776 1.0 1277.4383767212776 1.0 1
242 0.0 nan 0.2 -1.0 -1.0 1280.5449327012805 1280.5459659312805 1281.4566081912815 1279.8523019712798 1284.0116149700746 1281.2629942212814 1.0 1281.2629942212814 1.0 1
243 nan 0.0625 0.2 -1.0 1.0 1285.7177820312857 1285.7188485912857 1286.852401891287 1284.7230148512847 1288.4011117780442 1286.7174820512867 1.0 1286.7174820512867 1.0 1
244 nan 1.0 0.2 -1.0 1.0 1289.82810429129 1289.8294374912898 1291.1131091112911 1289.116508791289 1292.661517417231 1291.002920131291 1.0 1291.002920131291 1.0 1
245 nan 1.0 0.2 -1.0 1.0 1293.8175386412938 1293.8183718912937 1294.2282975612943 1293.3699167412933 1295.7780096195804 1294.081078951294 1.0 1294.081078951294 1.0 1
246 0.25 nan 0.2 -1.0 -1.0 1298.1675369312982 1298.1689701212981 1298.6099593512986 1296.4877049312965 1301.1613022204813 1298.4469756512985 1.0 1298.4469756512985 1.0 1
247 0.25 nan 0.2 1.0 1.0 1302.900863551303 1302.901863451303 1303.4909045413035 1301.8747995013018 1305.0445111708073 1303.1689700713032 -1.0 1303.4694733513036 -1.0 2
248 0.125 nan 0.2 1.0 1.0 1306.2840252013063 1306.2851250913063 1306.8740995213068 1305.7560113413058 1308.4339998730836 1306.5959273413066 -1.0 1306.8359700013068 -1.0 2
249 nan 0.25 0.2 -1.0 1.0 1309.7609774713098 1309.7620773613098 1310.0606141713101 1309.2654936913093 1311.6110168424875 1309.94329257131 1.0 1309.94329257131 1.0 1
250 nan 1.0 0.2 -1.0 1.0 1313.967256801314 1313.9683233613139 1314.2883913513142 1312.3228212613124 1315.8339046164572 1314.1811354113142 1.0 1314.1811354113142 1.0 1
251 nan 0.0625 0.2 1.0 -1.0 1318.7775090613188 1318.7785756213189 1331.2916908513314 1316.5466988313165 1333.8440281481603 1330.898063551331 -1.0 1331.2193980813313 -1.0 2
252 nan 0.25 0.2 -1.0 1.0 1336.2835249513364 1336.2845915113362 1336.877998831337 1334.5932273313347 1338.4272100293997 1336.6942505413367 1.0 1336.6942505413367 1.0 1
253 nan 0.125 0.2 -1.0 1.0 1339.8166049413398 1339.81750485134 1340.2350297613402 1339.1558043613393 1341.7834056694123 1340.0903775613401 1.0 1340.0903775613401 1.0 1
254 nan 0.25 0.2 -1.0 1.0 1343.043715531343 1343.044782091343 1343.3544177913434 1342.4976034813426 1344.9000225255695 1343.2486283713433 1.0 1343.2486283713433 1.0 1
255 0.0625 nan 0.2 1.0 1.0 1346.5437321613465 1346.5447320613466 1349.047615081349 1345.6098255613456 1350.5999241327493 1348.877365441349 -1.0 1348.877365441349 -1.0 1
256 nan 0.0 0.2 -1.0 1.0 1351.8102387913518 1351.8113053513518 1352.085711241352 1351.3151216413514 1353.6269223919383 1351.9324599013519 1.0 1351.9324599013519 1.0 1
257 nan 0.125 0.2 -1.0 1.0 1354.8163048213548 1354.8172380613548 1355.2774253713553 1354.3311200113544 1356.8268321568669 1355.0810450113552 1.0 1355.0810450113552 1.0 1
258 nan 0.125 0.2 -1.0 1.0 1359.1497381013592 1359.1508046613592 1359.5038360213596 1357.5339330313575 1361.0434167415285 1359.3842813113595 1.0 1359.3842813113595 1.0 1
259 nan 0.0625 0.2 -1.0 1.0 1362.799606411363 1362.8004063313629 1363.3974132913634 1361.7534110413617 1364.9496103629392 1363.2753255013633 1.0 1363.2753255013633 1.0 1
260 nan 1.0 0.2 -1.0 1.0 1366.2599603413662 1366.2610602313662 1366.6165246813666 1365.7868076613659 1368.1601280603666 1366.4880375313664 1.0 1366.4880375313664 1.0 1
261 nan 0.0625 0.2 -1.0 1.0 1369.5829613413696 1369.5839945713697 1369.8284367913698 1368.880031641369 1371.3765173512115 1369.6903506013698 1.0 1369.6903506013698 1.0 1
262 0.25 nan 0.2 -1.0 -1.0 1372.5828279913726 1372.5838945513726 1374.4588403713744 1372.0891107013722 1377.0098150048068 1372.976588611373 -1.0 1374.3626166613744 1.0 3
263 nan 1.0 0.2 -1.0 1.0 1378.3993796113784 1378.4004461713785 1378.6991163013788 1377.7288133413776 1380.2597223010098 1378.5917270413786 1.0 1378.5917270413786 1.0 1
264 0.25 nan 0.8 1.0 1.0 1381.6325229313816 1381.6333561813817 1382.2396288813823 1380.972622261381 1383.7930350602383 1381.8803981413819 -1.0 1382.1309064213822 -1.0 2
265 0.25 nan 0.8 1.0 1.0 1385.4991362313856 1385.5003027813855 1386.030316441386 1384.5037357813844 1387.57632753344 1385.811305011386 -1.0 1385.811305011386 -1.0 1
266 0.0625 nan 0.8 1.0 1.0 1388.8159045213888 1388.816904421389 1388.9635230913889 1388.2965231313883 1390.5159300007222 1388.808871891389 -1.0 1388.808871891389 -1.0 1
267 0.125 nan 0.8 1.0 1.0 1391.9427918013919 1391.943825031392 1392.5246336113926 1391.2318295713912 1394.0595415525522 1392.1374056713921 -1.0 1392.4705056913924 -1.0 2
268 0.0 nan 0.8 -1.0 -1.0 1395.2657594713953 1395.2667593713952 1395.8047722313959 1394.773142071395 1398.3491468242162 1395.6743519413958 1.0 1395.6743519413958 1.0 1
269 0.125 nan 0.8 -1.0 -1.0 1399.5426650713996 1399.5436983013994 1402.970288941403 1399.072945381399 1405.526031710807 1402.8106049114028 1.0 1402.8106049114028 1.0 1
270 0.25 nan 0.8 1.0 1.0 1406.7152810714067 1406.7162143114067 1407.1293396614071 1406.2464279614062 1408.692542953596 1406.8035389114068 1.0 1406.8035389114068 1.0 1
271 0.0625 nan 0.8 1.0 1.0 1409.88216435141 1409.8831642514099 1410.3652493714103 1409.4113447714094 1411.9321445524226 1410.2532605714102 -1.0 1410.2532605714102 -1.0 1
272 0.0625 nan 0.8 1.0 1.0 1413.2756916314133 1413.2767915214133 1413.8016390314137 1412.773941811413 1415.3591464757642 1413.5623296314136 -1.0 1413.5623296314136 -1.0 1
273 1.0 nan 0.8 1.0 1.0 1416.7652093114168 1416.7660092314168 1417.171935301417 1416.072945211416 1418.7320442139144 1416.925993231417 -1.0 1417.1615696714173 -1.0 2
274 0.125 nan 0.8 1.0 1.0 1419.90889491142 1419.9099614714198 1420.3448513114204 1419.4439414114195 1421.9089292818733 1420.0873104014202 -1.0 1420.0873104014202 -1.0 1
275 0.25 nan 0.8 1.0 1.0 1423.131739261423 1423.1329058114231 1423.6491208514237 1422.6260231714227 1425.2152272307596 1423.3572500414234 -1.0 1423.3572500414234 -1.0 1
276 0.25 nan 0.8 1.0 1.0 1426.4921365214266 1426.4931697514264 1426.8025388114268 1425.932725801426 1428.3588426068832 1426.6712852714268 -1.0 1426.6712852714268 -1.0 1
277 1.0 nan 0.8 1.0 1.0 1429.7648758814298 1429.7657757914299 1429.9032287114298 1429.074044971429 1431.4588392331132 1429.7626761014299 -1.0 1429.7626761014299 -1.0 1
278 0.125 nan 0.8 1.0 1.0 1432.898362501433 1432.8993624014329 1433.1647358614332 1432.1743349114322 1434.7316415676087 1433.010151321433 -1.0 1433.010151321433 -1.0 1
279 0.0625 nan 0.8 1.0 1.0 1436.108641441436 1436.1096413414361 1436.7775412114368 1435.4477408714354 1438.3484470610467 1436.5863603314367 -1.0 1436.5863603314367 -1.0 1
280 0.0625 nan 0.8 1.0 1.0 1439.6586197414397 1439.6595863114396 1440.5418314114406 1439.061846091439 1442.0918420252829 1440.3857803514404 -1.0 1440.3857803514404 -1.0 1
281 0.0625 nan 0.8 1.0 1.0 1445.3314857314454 1445.3324523014453 1445.941458061446 1442.8030386014427 1447.4918333559435 1445.7296125814457 -1.0 1445.7296125814457 -1.0 1
282 1.0 nan 0.8 1.0 1.0 1448.814737371449 1448.8157372714488 1449.2243297414493 1448.2195302314483 1450.7813367126687 1449.000818761449 -1.0 1449.000818761449 -1.0 1
283 0.25 nan 0.8 1.0 1.0 1452.1583696414523 1452.1593362114522 1452.938458291453 1451.4952359614515 1454.4978491514207 1452.5007687314526 -1.0 1452.5007687314526 -1.0 1
284 0.125 nan 0.8 1.0 1.0 1455.924992941456 1455.925926181456 1456.3272527114564 1455.3511503314553 1457.8979579944894 1456.1505703814562 -1.0 1456.1505703814562 -1.0 1
285 1.0 nan 0.8 1.0 1.0 1460.3414845814605 1460.3425178114603 1461.2913562514614 1458.6116575814585 1462.8476629032482 1461.142171171461 -1.0 1461.142171171461 -1.0 1
286 1.0 nan 0.8 1.0 1.0 1464.2080645514643 1464.2090977814642 1464.5145339014646 1463.5722614714637 1466.0811458573596 1464.4069446614644 -1.0 1464.4069446614644 -1.0 1
287 0.125 nan 0.8 1.0 1.0 1467.3746811914673 1467.3757144214674 1468.1517368114683 1466.7984388214668 1469.7143433403648 1467.6448875014676 -1.0 1467.933725281468 -1.0 3
288 0.125 nan 0.8 1.0 1.0 1471.041281161471 1471.0422810614712 1472.3815471214723 1470.4333419614704 1473.9413558649242 1472.2561263314722 -1.0 1472.2561263314722 -1.0 1
289 0.125 nan 0.8 1.0 1.0 1475.097575491475 1475.0985420614752 1476.1487370314762 1474.6240561814745 1477.7079467059284 1476.011850721476 -1.0 1476.011850721476 -1.0 1
290 nan 0.125 0.8 1.0 -1.0 1479.1974654614792 1479.1984653614793 1480.2461272514802 1478.4320420114784 1482.8141635119052 1480.05981255148 -1.0 1480.05981255148 -1.0 1
291 0.0625 nan 0.8 -1.0 -1.0 1484.4244093814843 1484.4253759514845 1492.077877291492 1483.5376647314836 1494.6305512787144 1491.930792001492 1.0 1491.930792001492 1.0 1
292 0.0625 nan 0.8 1.0 1.0 1495.874130961496 1495.8751308614958 1515.0921756315151 1495.3679482514954 1516.6403799330844 1514.915393311515 -1.0 1514.915393311515 -1.0 1
293 nan 1.0 0.8 -1.0 1.0 1521.2466601215212 1521.2476600215214 1521.5770604115216 1517.3917789815175 1523.1236685058527 1521.4660381815215 1.0 1521.4660381815215 1.0 1
294 nan 0.25 0.8 -1.0 1.0 1524.4133767515245 1524.4142433315244 1524.7872726915248 1523.8653648915238 1526.3466774874194 1524.6449535915247 1.0 1524.6449535915247 1.0 1
295 0.25 nan 0.8 1.0 1.0 1528.040280691528 1528.0411806015281 1528.801471231529 1527.061878541527 1530.356867928173 1528.6339213215288 -1.0 1528.6339213215288 -1.0 1
296 nan 0.0625 0.8 -1.0 1.0 1531.7630417115317 1531.7641082715318 1533.0125834115331 1531.2206626215313 1534.5629599577042 1532.8802966415328 1.0 1532.8802966415328 1.0 1
297 1.0 nan 0.8 1.0 1.0 1536.8400672915368 1536.8410005315368 1537.3188527415373 1535.2768569615353 1538.8732597267838 1537.054245871537 -1.0 1537.2639249015372 -1.0 2
298 nan 0.0625 0.8 -1.0 1.0 1540.1296383015401 1540.13060487154 1541.3684810715413 1539.6005578815395 1542.929582906743 1541.157102211541 1.0 1541.157102211541 1.0 1
299 nan 0.0625 0.8 -1.0 1.0 1544.173233901544 1544.1742004715443 1544.4906688215444 1543.6531859115437 1546.0399808468796 1544.1384373815442 1.0 1544.1384373815442 1.0 1
300 0.25 nan 0.8 1.0 1.0 1547.4295749015475 1547.4304748115474 1547.8556656215478 1546.7577754215467 1549.4065750352413 1547.7289782915477 -1.0 1547.7289782915477 -1.0 1
301 0.25 nan 0.8 1.0 1.0 1550.862731551551 1550.8637314515508 1551.6946816815516 1550.1210723915501 1553.2458861546552 1551.5658945615517 -1.0 1551.5658945615517 -1.0 1
302 1.0 nan 0.8 1.0 1.0 1555.5730271415555 1555.5739937115557 1558.142870131558 1553.975586901554 1559.6958784289413 1558.016749411558 -1.0 1558.016749411558 -1.0 1
303 1.0 nan 0.8 1.0 1.0 1560.989618761561 1560.990552001561 1561.3522824915613 1560.4263750915604 1562.9062867866533 1561.1978312715612 -1.0 1561.1978312715612 -1.0 1
304 0.0625 nan 0.8 1.0 1.0 1564.2291947715642 1564.2301613415643 1564.7426767515647 1563.6339876315637 1566.2959856739303 1564.3651811715645 1.0 1564.3651811715645 1.0 1
305 1.0 nan 0.8 1.0 1.0 1567.6561520415676 1567.6570852815676 1568.045579761568 1567.017282601567 1569.5894875127306 1567.8938282715678 -1.0 1567.8938282715678 -1.0 1
306 0.25 nan 0.8 1.0 1.0 1570.9956180615711 1570.996684621571 1572.4800696015725 1570.3129863315703 1574.0290794167463 1572.3485494215724 -1.0 1572.3485494215724 -1.0 1
307 0.125 nan 0.8 1.0 1.0 1575.4226086515755 1575.4236085515754 1575.980786161576 1574.7523756815747 1577.5457900540855 1575.6983477415756 -1.0 1575.913526221576 -1.0 2
308 0.0625 nan 0.8 1.0 1.0 1587.2557585515872 1587.2566917915872 1603.4441728816034 1578.2631912315783 1604.9887939176995 1587.3180523215874 -1.0 1603.2597246616033 -1.0 5
309 0.0 nan 0.8 -1.0 -1.0 1606.4282077816065 1606.4293410016064 1615.6641507616157 1605.919991941606 1618.2052941590339 1615.5168988216155 1.0 1615.5168988216155 1.0 1
310 0.125 nan 0.8 -1.0 -1.0 1619.3947776616194 1619.3957442316193 1630.2048632116303 1618.916392171619 1632.7613010119712 1630.0852751716302 1.0 1630.0852751716302 1.0 1
311 0.125 nan 0.8 -1.0 -1.0 1634.071443181634 1634.0724764116342 1648.2998535316483 1633.5094993816335 1650.8441925372683 1647.978852301648 1.0 1647.978852301648 1.0 1
312 1.0 nan 0.8 0.0 -1.0 1652.2044297016523 1652.2054629316522 1712.2063289117123 1651.5999901516516 1714.7056311411905 1659.9136587016599 1.0 1681.2449586916812 1.0 7
313 nan 0.125 0.8 0.0 -1.0 1715.5928235617157 1716.1375690817163 1776.1384350617761 1715.5319296517155 1778.637737771694 1766.4052084817665 -1.0 1766.4052084817665 -1.0 1
314 1.0 nan 0.8 1.0 1.0 1781.5853903117816 1781.5863235517816 1813.6680483918137 1779.4635358517794 1815.2243487802407 1813.3348483818133 -1.0 1813.3348483818133 -1.0 1
315 1.0 nan 0.8 1.0 1.0 1819.3846100118194 1819.3856432418195 1837.2866529618373 1816.014847021816 1838.8343555397903 1837.1304685818372 -1.0 1837.1304685818372 -1.0 1
316 0.25 nan 0.8 0.0 -1.0 1840.1905958718403 1840.1915957718402 1900.1924617519003 1839.6117537618397 1902.6917634698111 1894.878893161895 -1.0 1894.878893161895 -1.0 1
317 0.125 nan 0.8 -1.0 -1.0 1903.5830559919036 1910.2339241719103 1940.7640041919408 1903.5272615719036 1943.3323019907698 1903.986282331904 1.0 1940.5109961619405 1.0 25
318 1.0 nan 0.8 0.0 -1.0 1944.6551150419448 1944.6562482619447 2004.6570809120046 1944.1313007619442 2007.156403224928 nan 0.0 nan 0.0 0
319 1.0 nan 0.8 1.0 1.0 2008.1871278720082 2008.6653467120086 2026.2575206520262 2008.1202012320082 2027.814127007731 2019.6870777620197 1.0 2026.1397657620262 -1.0 5
320 0.25 nan 0.8 1.0 1.0 2030.8866910220308 2030.887557602031 2035.2205242620353 2028.5383258820286 2036.7806294604063 2034.876758642035 -1.0 2035.1000363120352 -1.0 2
321 0.0 nan 0.8 -1.0 -1.0 2038.0867376120382 2038.087770842038 2047.066272902047 2037.5202276020375 2049.6136133617083 2046.6298832120467 -1.0 2046.6298832120467 -1.0 1
322 0.0625 nan 0.8 1.0 1.0 2055.219624152055 2055.2207573720552 2077.4714320820776 2050.35801036205 2079.0359319266754 2076.8460279620767 -1.0 2077.3299462320774 -1.0 4
323 0.0625 nan 0.8 -1.0 -1.0 2080.37970789208 2080.3806078020802 2085.973848422086 2079.82073046208 2088.5296213695888 2085.821763632086 1.0 2085.821763632086 1.0 1
324 0.125 nan 0.8 1.0 1.0 2089.78566720209 2089.78676709209 2090.2121245520902 2089.273518422089 2091.762828750382 2090.06033973209 -1.0 2090.06033973209 -1.0 1
325 0.0625 nan 0.8 1.0 1.0 2093.052340502093 2093.053373732093 2098.965249152099 2092.4986292120925 2100.5127236272565 2098.7220401420986 -1.0 2098.9336523120987 -1.0 2
326 1.0 nan 0.8 1.0 1.0 2101.818897092102 2101.819896992102 2108.2343221521082 2101.2472209321013 2109.8021266331393 2108.0130442821082 -1.0 2108.0130442821082 -1.0 1
327 0.0625 nan 0.8 0.0 -1.0 2111.645847632112 2111.6466808821115 2171.6478801621715 2110.5394249521105 2174.14684940087 nan 0.0 nan 0.0 0
328 0.25 nan 0.8 -1.0 -1.0 2175.034041512175 2175.4454670321757 2200.4306682622005 2174.972247692175 2202.9773705137677 2199.9252188122 1.0 2199.9252188122 1.0 1
329 0.25 nan 0.8 -1.0 -1.0 2204.2668179422044 2204.267917832204 2229.56678769223 2203.7553690922036 2232.1267892772807 2229.1050338722293 -1.0 2229.379706402229 1.0 3
330 0.25 nan 0.8 -1.0 -1.0 2233.3829060422336 2233.3840392622333 2273.4293010022734 2232.898987772233 2275.9926842745076 2238.1466296222384 1.0 2273.2129559722734 1.0 7
331 0.25 nan 0.8 -1.0 -1.0 2277.6322140022776 2277.6332139022775 2284.1651273122843 2276.950782152277 2286.7258977943843 2282.4412330522823 -1.0 2283.903453482284 1.0 3
332 0.0625 nan 0.8 -1.0 -1.0 2288.015342252288 2288.016375482288 2308.4196682823085 2287.4695968322876 2310.9754047014253 2299.3757394322993 1.0 2308.2955806923082 1.0 2
333 0.0625 nan 0.8 1.0 1.0 2312.4146354123122 2312.4156019823126 2316.178692302316 2311.739902892312 2317.7480981283115 2314.5406561223144 1.0 2316.062403932316 -1.0 5
334 0.25 nan 0.8 1.0 1.0 2319.2084892923194 2319.2094558623194 2319.74340246232 2318.4817953023185 2321.2981067090464 2319.4197015023196 -1.0 2319.6047163323196 -1.0 2
335 1.0 nan 0.8 1.0 1.0 2322.7250709323225 2322.726070832323 2323.2476186723234 2322.029607152322 2324.814494567458 2323.077802322323 -1.0 2323.077802322323 -1.0 1
336 0.25 nan 0.8 1.0 1.0 2326.2750159023262 2326.276015802326 2327.010209042327 2325.5467887323257 2328.5813097176165 2326.5671533523264 -1.0 2326.942749122327 -1.0 3
337 0.125 nan 0.8 -1.0 -1.0 2329.7749325423297 2329.7759324423296 2353.5085256123534 2329.3109122823294 2356.064127988039 2337.151628132337 1.0 2353.4405657423536 1.0 2
338 nan 1.0 0.8 -1.0 1.0 2357.5244239823573 2357.5254572123577 2358.306112472358 2356.833826382357 2359.8578235371397 2357.8945203023577 1.0 2358.2666164223583 1.0 2
339 1.0 nan 0.8 1.0 1.0 2361.980445002362 2361.981378242362 2374.849924592375 2360.5598204123608 2376.4075270092862 2374.5129582923746 -1.0 2374.5129582923746 -1.0 1
340 nan 1.0 0.8 -1.0 1.0 2381.6468115023818 2381.647678082382 2384.4275334023846 2377.1766252323773 2385.996836229488 2384.273482142384 1.0 2384.273482142384 1.0 1
341 nan 1.0 0.8 -1.0 1.0 2387.3738387423873 2387.3749053023876 2387.886520802388 2386.744734992387 2389.4466292672696 2387.750901032388 1.0 2387.750901032388 1.0 1
342 0.125 nan 0.8 1.0 1.0 2390.840392052391 2390.841158642391 2426.980344362427 2390.1758251823903 2428.529444708282 2395.374005312395 -1.0 2426.932815782427 -1.0 6
343 0.0625 nan 0.8 1.0 1.0 2432.073001712432 2432.074068272432 2482.2576494124824 2429.326343072429 2483.811546756963 2435.880320942436 -1.0 2482.131961982482 -1.0 14
344 0.25 nan 0.8 -1.0 -1.0 2485.2552829524852 2485.2566828124855 2487.1699914624874 2484.6370447824847 2489.7281487930995 2486.112897182486 1.0 2486.7753642624866 1.0 4
345 0.125 nan 0.8 0.0 -1.0 2491.121862902491 2491.122896132491 2551.123762112551 2490.612847142491 2553.6230655299682 2538.6560756725385 -1.0 2540.7439668625407 1.0 2
346 nan 0.125 0.2 -1.0 1.0 2554.5103234225544 2555.005007282555 2580.7620646525806 2554.4404637425546 2582.3200675333924 2574.7031372725746 -1.0 2580.644776382581 1.0 3
347 nan 0.0625 0.2 -1.0 1.0 2583.6597415225838 2583.6608080825836 2584.3318743025843 2583.085865582583 2585.8930783474093 2584.2118529725844 1.0 2584.2118529725844 1.0 1
348 nan 0.0 0.2 -1.0 1.0 2587.103263802587 2587.104063722587 2594.5165890625944 2586.6167791225866 2596.076094567572 2594.3545386025944 1.0 2594.3545386025944 1.0 1
349 nan 0.125 0.2 -1.0 1.0 2597.3031437125974 2597.304210272597 2602.4904915926027 2596.8042936025968 2604.053097756658 2602.3897350026023 1.0 2602.3897350026023 1.0 1
350 nan 0.0625 0.2 -1.0 1.0 2607.875819672608 2607.8766529226077 2624.4230981126243 2604.779795972605 2625.992300917828 2624.071866572624 1.0 2624.3299740926245 1.0 2
351 0.0625 nan 0.2 0.0 -1.0 2627.4525951326273 2627.4536283626276 2687.4548276426876 2626.7470990226266 2689.953830092932 2628.882385472629 -1.0 2680.2346497326803 1.0 2
352 nan 0.0625 0.2 1.0 -1.0 2690.834589632691 2691.3753688826914 2701.718501132702 2690.779528472691 2704.274007317075 2694.4520611826947 1.0 2701.4788251027016 -1.0 2
353 nan 1.0 0.2 -1.0 1.0 2709.3677694627095 2709.3687027027095 2711.992007012712 2705.022504032705 2713.550907139906 2711.5560506127117 -1.0 2711.8436218527117 1.0 3
354 nan 0.25 0.2 -1.0 1.0 2714.907248792715 2714.908248692715 2736.790726892737 2714.3428052427143 2738.333931733249 2736.5196873327363 -1.0 2736.5196873327363 -1.0 1
355 nan 1.0 0.2 1.0 -1.0 2741.740031912742 2741.7410651427417 2765.670605282766 2739.0877305027393 2768.2228410262187 2749.93961187275 1.0 2764.700902262765 -1.0 2
356 nan 0.125 0.2 -1.0 1.0 2771.5830806427716 2771.584180532772 2777.957243162778 2768.997239252769 2779.5331467856936 2777.769561932778 1.0 2777.769561932778 1.0 1
357 0.0625 nan 0.2 -1.0 -1.0 2781.039168272781 2781.039968192781 2793.3094077927935 2780.2702451727805 2795.882759590276 2781.929445902782 -1.0 2793.0994287927933 1.0 2
358 0.0625 nan 0.2 1.0 1.0 2797.5554831427976 2797.5563163927977 2845.0708644628453 2796.803758322797 2846.6379619562713 2799.8818838128 -1.0 2844.988872662845 -1.0 3
359 nan 1.0 0.2 -1.0 1.0 2850.848253332851 2850.849286562851 2851.6824699028516 2847.4487599828476 2853.248372441136 2851.5576823828515 1.0 2851.5576823828515 1.0 1
360 nan 0.0625 0.2 -1.0 1.0 2854.871117672855 2854.872217562855 2855.3365711228553 2853.986872772854 2856.898377242938 2855.224548992855 1.0 2855.224548992855 1.0 1
361 nan 0.0 0.2 -1.0 1.0 2858.154422642858 2858.155489202858 2882.2940751028823 2857.6198761028577 2883.8540783166827 2882.149522892882 1.0 2882.149522892882 1.0 1
362 0.25 nan 0.2 -1.0 -1.0 2888.214283022888 2888.215216262888 2896.3217388628964 2884.6149763228846 2898.8871762894296 2896.210016702896 1.0 2896.210016702896 1.0 1
363 nan 0.125 0.2 -1.0 1.0 2901.963907922902 2901.964974482902 2915.5904784629156 2899.6348741828997 2917.1533837073957 2915.3452029929153 1.0 2915.3452029929153 1.0 1
364 nan 0.0 0.2 -1.0 1.0 2919.96364110292 2919.96460767292 2949.4712900429495 2917.887982022918 2951.0360899226844 2925.3942979829253 1.0 2949.3835654829495 1.0 2
365 nan 0.25 0.2 -1.0 1.0 2952.3296375129526 2952.3306374129525 2953.5918779429535 2951.8241880629516 2955.1463857990966 2953.4858218829536 1.0 2953.4858218829536 1.0 1
366 1.0 nan 0.2 1.0 1.0 2956.669170182957 2956.6705700429566 2957.3158055129575 2955.875782862956 2958.879706393566 2956.989604802957 -1.0 2957.1975506729573 -1.0 2
367 nan 0.125 0.2 -1.0 1.0 2960.18591847296 2960.18681838296 2970.4759893629707 2959.6079096129597 2972.029295950232 2969.72599770297 1.0 2970.36136749297 1.0 3
368 nan 1.0 0.2 -1.0 1.0 2973.7356966929738 2973.736563272974 2976.004403132976 2972.7725930129727 2977.5688061425635 2975.881148792976 1.0 2975.881148792976 1.0 1
369 nan 0.125 0.8 -1.0 1.0 2978.912445632979 2978.913445532979 2986.4465921429864 2978.3102058629784 2988.002098811997 2985.879215552986 1.0 2986.2629105129863 -1.0 2
370 1.0 nan 0.8 -1.0 -1.0 2992.9122455129927 2992.9131787529927 3022.830253413023 2988.7398961229887 3025.3846202054 3020.966806443021 -1.0 3022.5256505430225 1.0 2
371 0.125 nan 0.8 -1.0 -1.0 3029.86158354303 3029.8624501230297 3071.016967593071 3026.1772186830262 3073.5775317427506 3047.3384356830475 1.0 3070.968772413071 1.0 3
372 1.0 nan 0.8 1.0 1.0 3075.150220893075 3075.151220793075 3075.6405385230755 3074.3932299330745 3077.210528030472 3075.4515574230754 -1.0 3075.4515574230754 -1.0 1
373 0.25 nan 0.8 -1.0 -1.0 3078.733629183079 3078.734495763079 3106.3186370731064 3078.111024783078 3108.8996376143737 3105.958939713106 -1.0 3106.019900283106 1.0 2
374 0.125 nan 0.8 -1.0 -1.0 3110.3267362231104 3110.32753614311 3122.5396481431226 3109.6635358831095 3125.1098515754716 3122.357699673122 1.0 3122.357699673122 1.0 1
375 0.25 nan 0.8 -1.0 -1.0 3127.099158813127 3127.100225373127 3131.889446403132 3125.851750233126 3134.465750712838 3131.6974989331316 1.0 3131.6974989331316 1.0 1
376 0.25 nan 0.8 -1.0 -1.0 3135.926176023136 3135.9270426031358 3141.862615653142 3135.2006485831353 3144.432153649227 3136.750626903137 -1.0 3141.620873163142 1.0 4
377 nan 0.0 0.8 1.0 -1.0 3146.909377593147 3146.910510813147 3149.4761208931495 3145.1665518931454 3152.0426578353954 3149.1316886731493 -1.0 3149.3509000831496 -1.0 2
378 1.0 nan 0.8 -1.0 -1.0 3154.932175233155 3154.933008483155 3155.4109940131552 3152.7887562631527 3157.9758650692747 3155.2727411731553 1.0 3155.2727411731553 1.0 1
379 0.0625 nan 0.8 -1.0 -1.0 3159.2320452031595 3159.233278413159 3171.978670413172 3158.7104640331586 3174.5485751712395 3164.995002183165 1.0 3165.896412033166 1.0 2
380 1.0 nan 0.8 -1.0 -1.0 3175.875480693176 3175.876613913176 3191.192648823191 3175.279873593175 3193.764753653171 3179.96267193318 1.0 3190.941640593191 1.0 5
381 0.25 nan 0.8 -1.0 -1.0 3195.275140533195 3195.2762070931954 3204.189049053204 3194.5061507731943 3206.7582860962057 3203.7093970232036 -1.0 3203.869081053204 1.0 2
382 0.25 nan 0.8 1.0 1.0 3208.014333153208 3208.015299723208 3231.078693153231 3207.4851860732074 3232.6411655459046 3221.5410136832215 1.0 3230.913043053231 -1.0 4
383 0.0625 nan 0.8 -1.0 -1.0 3233.930507943234 3233.9314745132338 3238.299371013238 3233.3811628832336 3240.857574802197 3238.131154503238 1.0 3238.131154503238 1.0 1
384 0.25 nan 0.8 -1.0 -1.0 3242.730327873243 3242.731294443243 3261.1669506932612 3241.604573793242 3263.7300863783794 3260.780689323261 1.0 3261.1384202132613 1.0 2
385 0.25 nan 0.8 1.0 1.0 3265.7403933032656 3265.7415265232657 3273.6429029732735 3264.4927847432646 3275.2070056229263 3273.5179154732737 -1.0 3273.5179154732737 -1.0 1
386 0.0625 nan 0.8 1.0 1.0 3276.629737593277 3276.6307041632767 3277.730394183278 3275.956304943276 3279.296501052763 3277.5352470332778 -1.0 3277.5352470332778 -1.0 1
387 1.0 nan 0.8 1.0 1.0 3280.6401365132806 3280.641236403281 3283.778089353284 3280.0276977632802 3285.3463068612227 3283.6869318032836 -1.0 3283.6869318032836 -1.0 1
388 0.125 nan 0.8 1.0 1.0 3286.8400164632867 3286.841116353287 3288.7095961532887 3286.277006103286 3290.279602046038 3288.4160921732882 -1.0 3288.4160921732882 -1.0 1
389 0.25 nan 0.8 1.0 1.0 3294.739859733295 3294.7406263232947 3302.707796193303 3291.014898933291 3304.279298427036 3302.5492787133026 -1.0 3302.5492787133026 -1.0 1
390 nan 0.0625 0.8 -1.0 1.0 3305.5896413133055 3305.5907745333056 3308.2294106433083 3305.0399962833053 3309.773115771932 3307.8768125733077 1.0 3308.136619923308 1.0 2
391 0.0 nan 0.8 -1.0 -1.0 3311.212478973311 3311.2133122233113 3315.820884753316 3310.5042164733104 3318.372793511046 3315.685298313316 1.0 3315.685298313316 1.0 1
392 1.0 nan 0.8 -1.0 -1.0 3319.6790322333195 3319.6801654533197 3360.2047125933605 3319.109689173319 3362.7553125717795 3358.976002143359 1.0 3358.976002143359 1.0 1
393 0.125 nan 0.8 1.0 1.0 3364.144918533364 3364.1459850933643 3365.124520563365 3363.5540109633635 3366.6947227530095 3364.940705613365 -1.0 3364.940705613365 -1.0 1
394 1.0 nan 0.8 -1.0 -1.0 3368.4551541333685 3368.4562206933683 3420.3799278034203 3367.4327230533677 3422.9604222354733 3368.3703959433683 -1.0 3420.3381986434206 1.0 4
395 nan 0.25 0.8 -1.0 1.0 3425.3040353434253 3425.3051685634255 3427.1955461734274 3423.7890201934238 3428.7770459458193 3426.6406016734268 -1.0 3427.010431353427 1.0 2
396 0.0625 nan 0.8 -1.0 -1.0 3430.10398863343 3430.10505519343 3480.963768813481 3429.5157474634298 3483.5196663770125 3437.3164673134374 1.0 3437.6044718434378 -1.0 2
397 0.25 nan 0.8 1.0 1.0 3484.909207563485 3484.910040813485 3496.959369093497 3484.3385646334846 3498.5193731493027 3494.2894027834946 1.0 3496.6772973034967 -1.0 7
398 nan 0.125 0.8 -1.0 1.0 3499.9588357835 3499.9597356935 3500.5867729835004 3499.2684714934994 3502.1588500569487 3500.2747708535003 1.0 3500.2747708535003 1.0 1
399 0.25 nan 0.8 1.0 1.0 3508.5024480035086 3508.5032479235088 3543.6195692735437 3502.8955420835027 3545.1913649783546 3520.2724042235204 -1.0 3543.5278117835437 -1.0 9
400 1.0 nan 0.8 0.0 -1.0 3546.4850493635463 3546.4858492835465 4919.80836996492 3546.011563383546 3608.9859964939806 3552.169514193552 -1.0 4919.59052508492 1.0 331
