PL017 8b1f4024-3d96-4ee7-95f9-8a1dfd4ce4ef hausserlab 2021-11-09 _iblrig_tasks_ephysChoiceWorld6.5.0 M 214 401
0 nan 0.25 0.5 -1.0 1.0 347.6858279403477 347.5827382503476 347.8232142003478 346.8720093303469 349.3691057540606 347.73738945034773 1.0 347.73738945034773 1.0 1
1 1.0 nan 0.5 1.0 1.0 352.1813450103522 352.1823115803522 352.4289202503524 349.92770373034995 353.98154023865914 352.31046543035234 -1.0 352.31046543035234 -1.0 1
2 1.0 nan 0.5 1.0 1.0 355.5191112003555 355.5199111203555 355.94383539035596 354.5350429503545 357.5146283260281 355.5670064103556 1.0 355.5670064103556 1.0 1
3 nan 1.0 0.5 -1.0 1.0 358.73528955035874 358.7361561303587 358.97733201035896 358.06302345035806 360.5521494568368 358.9007730003589 1.0 358.9007730003589 1.0 1
4 nan 0.0625 0.5 -1.0 1.0 361.81454826036185 361.81544817036183 362.0898540603621 361.0937536803611 363.6520438379633 361.8818415303619 -1.0 361.8818415303619 -1.0 1
5 1.0 nan 0.5 1.0 1.0 365.2645698903653 365.26540314036527 365.4903473103655 364.2366393603642 367.0519398913931 365.38182483036536 -1.0 365.38182483036536 -1.0 1
6 0.125 nan 0.5 1.0 1.0 368.0643898803681 368.0653564503681 368.3152647903683 367.5890374203676 369.8852528287896 368.1874775703682 -1.0 368.1874775703682 -1.0 1
7 nan 0.25 0.5 -1.0 1.0 371.13101652037113 371.1319497603711 371.3760586803714 370.4232539703704 372.9477505677262 371.2782351303713 1.0 371.2782351303713 1.0 1
8 0.0625 nan 0.5 1.0 1.0 374.16844608037417 374.1692460003742 374.3956566903744 373.4885474103735 375.96447527041676 374.2882674303743 -1.0 374.2882674303743 -1.0 1
9 1.0 nan 0.5 1.0 1.0 377.13478275037716 377.13551601037716 377.35996023037734 376.5063789303765 378.93097878802735 377.2499045703772 -1.0 377.2499045703772 -1.0 1
10 nan 0.0 0.5 1.0 -1.0 380.03489271038006 380.03579262038005 381.6244337403816 379.5202775103795 384.18499130374954 380.1805448103802 -1.0 381.57670518038157 -1.0 6
11 0.25 nan 0.5 1.0 1.0 385.3474280703854 385.34836131038537 386.1390822303861 384.7215906603847 387.70170463837 385.52860995038554 1.0 385.985464260386 -1.0 2
12 nan 1.0 0.5 -1.0 1.0 388.7140580403887 388.71495795038874 388.93520259038894 388.23490596038823 390.4972974042941 388.86774267038885 1.0 388.86774267038885 1.0 1
13 0.0625 nan 0.5 1.0 1.0 391.6679626203917 391.66856256039165 391.9106050203919 391.03179291039106 393.4845961430812 391.80708204039183 -1.0 391.80708204039183 -1.0 1
14 nan 0.0 0.5 1.0 -1.0 394.63043301039465 394.63116627039466 406.68126114040666 394.01649441039405 409.2511178931509 397.980497970398 1.0 406.6261999804066 -1.0 6
15 nan 0.0625 0.5 -1.0 1.0 414.980097840415 414.980797770415 415.2324392704152 409.8023156704098 416.7969594428096 415.16097975041515 1.0 415.16097975041515 1.0 1
16 nan 1.0 0.5 -1.0 1.0 417.8675090704179 417.8684089804179 418.0991525704181 417.3609597304174 419.6634485070017 418.002528900418 1.0 418.002528900418 1.0 1
17 nan 0.125 0.5 -1.0 1.0 420.71749071042075 420.7183572904207 421.2772680604213 420.19224324042017 422.84675768874234 420.8634761104209 1.0 421.2241400404212 1.0 3
18 nan 0.125 0.5 -1.0 1.0 424.70069235042473 424.7016255904247 424.947867630425 423.37595817042336 426.517258674265 424.8466777504249 1.0 424.8466777504249 1.0 1
19 1.0 nan 0.5 1.0 1.0 427.51321107042753 427.5138776704275 427.7666523904278 427.04805759042705 429.3299734503748 427.65046401042764 -1.0 427.65046401042764 -1.0 1
20 0.0625 nan 0.5 1.0 1.0 430.3840239604304 430.3848238804304 430.95446691043094 429.86437593042984 432.51748602681096 430.53617541043053 -1.0 430.6927930804307 1.0 2
21 0.25 nan 0.5 1.0 1.0 433.6132010104336 433.6141009204336 433.8681755104339 433.0986858004331 435.42967250890075 433.74812085043374 -1.0 433.74812085043374 -1.0 1
22 nan 0.0625 0.5 -1.0 1.0 436.83384558043684 436.8347121604368 437.0835872704371 435.962966010436 438.64637889393634 436.95000063043693 -1.0 436.95000063043693 -1.0 1
23 nan 0.125 0.5 -1.0 1.0 440.05015725044007 440.05099050044004 440.3151974104403 439.1775778504392 441.8834872197545 440.1643125004402 -1.0 440.1643125004402 -1.0 1
24 nan 0.0625 0.5 -1.0 1.0 443.01286095044304 443.01356088044304 443.34639426044333 442.4124876604424 444.91298716811315 443.1962426104432 -1.0 443.1962426104432 -1.0 1
25 0.125 nan 0.5 1.0 1.0 446.2168405204462 446.2175071204462 446.5916030404466 445.4423846404454 448.15018885472364 446.3509271104464 -1.0 446.3509271104464 -1.0 1
26 0.25 nan 0.5 1.0 1.0 449.3127642304493 449.3134641604493 449.51951022044955 448.73628855044876 451.08349965453965 449.42521965044943 -1.0 449.42521965044943 -1.0 1
27 nan 0.0625 0.5 -1.0 1.0 452.3127308704523 452.31339747045234 452.76751872045276 451.6122009304516 454.3334105881527 452.5177103704525 1.0 452.7136574404527 1.0 2
28 nan 1.0 0.5 -1.0 1.0 455.4793141804555 455.4800141104555 455.7180236404557 454.8637090804549 457.2832138553774 455.6120009104556 1.0 455.6120009104556 1.0 1
29 nan 1.0 0.5 -1.0 1.0 458.8457108404589 458.8466440804589 459.06752199045906 457.8195134704578 460.6292148228507 458.97906417045897 1.0 458.97906417045897 1.0 1
30 nan 0.125 0.5 -1.0 1.0 461.69975874046173 461.7005919904617 461.94683403046196 461.16021270046116 463.51252417134236 461.83897815046186 1.0 461.83897815046186 1.0 1
31 0.0625 nan 0.5 1.0 1.0 464.63333202046465 464.6341652704646 464.969731710465 464.04382431046406 466.52904759184514 464.83091226046486 -1.0 464.83091226046486 -1.0 1
32 nan 0.0625 0.5 -1.0 1.0 467.7996486904678 467.8004819404678 468.0740545804681 467.1139506004671 469.6290484931707 467.9229030304679 -1.0 467.9229030304679 -1.0 1
33 0.0625 nan 0.5 1.0 1.0 470.84951034047083 470.8504102504709 471.2090410504712 470.16344562047016 472.76653536220414 471.013093980471 -1.0 471.013093980471 -1.0 1
34 0.0625 nan 0.5 1.0 1.0 473.8956390304739 473.8964056204739 474.91773681047493 473.2987320604733 476.4830579388901 474.013860540474 -1.0 474.85244334047485 1.0 3
35 1.0 nan 0.5 1.0 1.0 477.61216734047764 477.61290060047764 478.04795709047806 477.019359960477 479.61215012711847 477.957866100478 -1.0 477.957866100478 -1.0 1
36 0.0625 nan 0.5 1.0 1.0 482.4829802104825 482.4838134604825 482.7963822004828 480.14984688048014 484.36606522703823 482.65123005048264 -1.0 482.65123005048264 -1.0 1
37 nan 0.0625 0.5 -1.0 1.0 485.62863228048565 485.6294322004856 486.13548159048617 484.96276554048495 487.69527322291356 485.7710847004858 1.0 485.7710847004858 1.0 1
38 nan 1.0 0.5 -1.0 1.0 488.982930150489 488.983696740489 489.2043746704892 488.22787233048825 490.7620689475441 489.1121172304891 1.0 489.1121172304891 1.0 1
39 nan 0.125 0.5 -1.0 1.0 492.64946346049265 492.6502967104927 492.8913726004929 491.2926658204913 494.44929349997415 492.7879496104928 1.0 492.7879496104928 1.0 1
40 nan 1.0 0.5 -1.0 1.0 495.5117105404955 495.5125771204955 495.75068664049576 494.980596990495 497.31178192167 495.6324318004956 1.0 495.6324318004956 1.0 1
41 0.0 nan 0.5 1.0 1.0 498.36589176049836 498.36655836049835 498.81628005049885 497.84437725049787 500.378299599894 498.54380730049854 -1.0 498.54380730049854 -1.0 1
42 nan 0.0625 0.5 -1.0 1.0 501.64889676050166 501.64976334050164 502.1154167705021 500.9184031505009 503.68240253461096 501.81321366050184 1.0 501.81321366050184 1.0 1
43 nan 0.125 0.5 -1.0 1.0 504.961665450505 504.96243204050495 505.2122070605052 504.27100119050425 506.7823996576224 505.1101839305051 1.0 505.1101839305051 1.0 1
44 0.125 nan 0.5 1.0 1.0 507.86160876050786 507.8623753505079 508.1890093505082 507.3134969105073 509.74480135968776 508.006127640508 1.0 508.006127640508 1.0 1
45 0.125 nan 0.5 1.0 1.0 510.84897666051086 510.84960993051084 511.0968185405111 510.2811001205103 512.6654079038052 510.97143108051097 -1.0 510.97143108051097 -1.0 1
46 0.125 nan 0.5 1.0 1.0 513.7781170505137 513.7788836405138 514.023125880514 513.2000082005133 515.5821158700718 513.9237358205139 -1.0 513.9237358205139 -1.0 1
47 nan 1.0 0.5 -1.0 1.0 516.7446537005168 516.7454869505168 516.974830680517 516.1180163705161 518.532143311516 516.8891725805169 1.0 516.8891725805169 1.0 1
48 0.25 nan 0.5 1.0 1.0 522.1445136605222 522.1454135705221 522.3957552005224 519.1276487105191 523.9654459837375 522.2949986105223 -1.0 522.2949986105223 -1.0 1
49 0.0625 nan 0.5 1.0 1.0 524.977863630525 524.978696880525 525.4244523005254 524.5018445705246 526.9820452219208 525.1409139905252 -1.0 525.1409139905252 -1.0 1
50 nan 0.125 0.5 -1.0 1.0 527.977696950528 527.978596860528 528.2888658305283 527.5179429305275 529.8443564392323 528.1100503805282 -1.0 528.1100503805282 -1.0 1
51 0.25 nan 0.5 1.0 1.0 530.982029820531 530.9829297305309 531.2029410605312 530.3762570705304 532.7610665480688 531.1069506605311 -1.0 531.1069506605311 -1.0 1
52 0.125 nan 0.5 1.0 1.0 533.7651181505338 533.7658847405338 534.008660460534 533.2944652205333 535.5608563210349 533.9072372705339 -1.0 533.9072372705339 -1.0 1
53 0.0625 nan 0.5 1.0 1.0 536.6318981105367 536.6328313505367 536.8615751405368 536.0980515005361 538.4319584691457 536.7429536705367 -1.0 536.7429536705367 -1.0 1
54 nan 0.25 0.5 -1.0 1.0 539.7108568505397 539.7117567605397 539.95016625054 539.022958980539 541.5150851641725 539.7197559605397 -1.0 539.8652747405399 1.0 2
55 nan 0.125 0.5 -1.0 1.0 542.7440535005428 542.7446867705428 543.3189626705433 542.050089570542 544.8815888778832 542.8678744505429 -1.0 542.8678744505429 -1.0 1
56 0.125 nan 0.5 1.0 1.0 546.960731790547 546.9615650405469 547.2176727605472 545.4150863705454 548.7816966145845 547.0971848105471 -1.0 547.0971848105471 -1.0 1
57 0.25 nan 0.5 1.0 1.0 550.02725844055 nan 550.2774000905503 549.3190959305493 551.8481924696251 550.1496128705502 -1.0 550.1496128705502 -1.0 1
58 0.25 nan 0.5 1.0 1.0 552.994028400553 nan 553.2511026905532 552.3849893105524 554.8145943281846 553.1042840405531 -1.0 553.1042840405531 -1.0 1
59 1.0 nan 0.5 1.0 1.0 556.0940183705561 556.0947516305561 556.3238953805563 555.3478929905554 557.8773118262575 556.1924418605562 -1.0 556.1924418605562 -1.0 1
60 nan 0.0625 0.5 1.0 -1.0 559.0814196005591 559.0823528405591 559.4170193705594 558.4729137905584 561.9772120202585 559.1926418105592 -1.0 559.4083535705594 -1.0 2
61 0.25 nan 0.5 1.0 1.0 563.0477895905631 563.048589510563 563.3094300905633 562.5160094405625 564.8810196664151 563.1624781205632 -1.0 563.1624781205632 -1.0 1
62 0.0625 nan 0.5 1.0 1.0 565.993661640566 nan 566.2396370405662 565.4127197405654 567.7937287598578 566.1024840905661 -1.0 566.1024840905661 -1.0 1
63 0.0 nan 0.5 1.0 1.0 569.047656210569 nan 580.7582517005808 568.3265283305683 582.3140420057155 569.2039739105692 -1.0 580.4038871405804 -1.0 2
64 nan 0.125 0.5 -1.0 1.0 584.1433131605842 584.1442130705841 584.4306510905844 582.8707404305828 585.9932659628988 584.2720669505843 -1.0 584.2720669505843 -1.0 1
65 nan 0.0 0.5 1.0 -1.0 587.2971977405873 587.2981309805873 588.5404400705886 586.5900684605866 591.0932656913252 587.4480159905875 -1.0 588.4699471205885 -1.0 6
66 0.25 nan 0.5 1.0 1.0 592.3804893605924 nan 592.7259881405927 591.6317642405917 594.2972767476564 592.5223085105926 -1.0 592.6772263505927 -1.0 2
67 0.0 nan 0.5 -1.0 -1.0 595.3764564005954 nan 595.944299610596 594.8383768805949 598.5140892966142 595.5180422405955 -1.0 595.8602746805959 1.0 2
68 nan 0.25 0.5 -1.0 1.0 602.4097196706024 602.4105195906025 602.6496956706027 599.0518888205991 604.2094864265542 602.5570382706026 1.0 602.5570382706026 1.0 1
69 1.0 nan 0.5 1.0 1.0 605.4471159006055 605.4477825006054 605.7000906006057 604.7655840606047 607.2638045768672 605.6104329006056 -1.0 605.6104329006056 -1.0 1
70 nan 0.25 0.5 -1.0 1.0 608.5760696406086 608.5767029106086 608.7958143306088 607.8593079906078 610.3637059717691 608.7133892406088 1.0 608.7133892406088 1.0 1
71 nan 0.25 0.5 -1.0 1.0 611.4259179606114 611.4266845506114 611.6988240006117 610.8956043306109 613.2636138820933 611.5822689906116 1.0 611.5822689906116 1.0 1
72 0.25 nan 0.5 1.0 1.0 614.2926312606143 614.2932978606143 614.6073997806146 613.8004138206138 616.1634243903148 614.4376500906144 -1.0 614.4376500906144 -1.0 1
73 0.125 nan 0.5 1.0 1.0 617.4092195706174 617.4099195006174 618.010226130618 616.6973241006167 619.5801189068972 617.5468391406175 1.0 617.9008370706179 -1.0 3
74 nan 0.0625 0.5 -1.0 1.0 620.7926478606208 620.7934811106207 621.0971174106211 620.1156155706201 622.6633390114815 620.9292675306209 -1.0 620.9292675306209 -1.0 1
75 0.0 nan 0.5 1.0 1.0 623.7257878506238 623.7264211206237 624.0883182606241 623.1991405206232 625.6466395553032 623.909202840624 -1.0 623.909202840624 -1.0 1
76 1.0 nan 0.5 1.0 1.0 627.5758694706276 627.5767027206276 627.7912479306278 626.2482355806262 629.3466391049636 627.6996904206277 -1.0 627.6996904206277 -1.0 1
77 0.125 nan 0.5 1.0 1.0 630.4591144506304 630.4599477006304 630.8853384906309 629.8866383706298 632.4465581060383 630.6166320306306 -1.0 630.8563413906309 -1.0 2
78 nan 0.125 0.5 1.0 -1.0 633.4589477706335 633.4599143406334 633.6465623406336 632.992361100633 636.2129533581992 633.5410062306336 -1.0 633.5410062306336 -1.0 1
79 0.125 nan 0.5 1.0 1.0 638.5420727406386 638.5428060006385 638.8000469406388 636.7609508706367 640.3628688900917 638.6923577106387 -1.0 638.6923577106387 -1.0 1
80 nan 0.25 0.5 -1.0 1.0 641.3754560406414 641.3760893106414 641.8237778706418 640.909369320641 643.3754644147756 641.5403728806416 1.0 641.5403728806416 1.0 1
81 nan 0.25 0.5 -1.0 1.0 644.5793356206445 644.5800022206446 644.8290773106448 643.982661960644 646.3795701532648 644.7332535606447 1.0 644.7332535606447 1.0 1
82 nan 0.25 0.5 -1.0 1.0 647.5253743206475 647.5263075606475 647.7822819606478 646.916568540647 649.329274787574 647.6729595606477 1.0 647.6729595606477 1.0 1
83 nan 0.0 0.5 1.0 -1.0 650.4085859706504 650.4092859006504 650.7252543006507 649.8665735106499 653.2627807733978 650.5595708706505 -1.0 650.5595708706505 -1.0 1
84 nan 0.0 0.5 1.0 -1.0 654.3418259406543 654.3425258706543 655.6631271306557 653.8035797706538 658.2127149482467 654.5198414706546 1.0 655.6322968806556 -1.0 2
85 nan 1.0 0.5 -1.0 1.0 659.2751992206593 659.2760658006592 659.4976103106595 658.7539180206587 661.041707496488 659.4122188506594 1.0 659.4122188506594 1.0 1
86 nan 0.25 0.5 -1.0 1.0 662.1790421406622 662.1796754106622 662.5248075606626 661.5853015206616 664.062723763013 662.3246942406623 1.0 662.3246942406623 1.0 1
87 nan 1.0 0.5 -1.0 1.0 665.3084291706654 665.3092957506653 665.5260074106656 664.6688264706647 667.0749323648757 665.4452154906654 1.0 665.4452154906654 1.0 1
88 0.0 nan 0.5 1.0 1.0 668.2122387606682 668.2129053606682 668.970529590669 667.6087324506676 670.5083257258758 668.3885877906683 1.0 668.7577842006688 -1.0 2
89 1.0 nan 0.5 1.0 1.0 671.5123420506715 671.5131753006715 671.8089123906718 671.0451221106711 673.3455373461962 671.6756923806716 -1.0 671.6756923806716 -1.0 1
90 nan 1.0 0.2 -1.0 1.0 674.5748357706746 674.5757690106745 674.8345431306749 673.8816384306739 676.3787364693944 674.7145551306747 1.0 674.7145551306747 1.0 1
91 nan 0.0625 0.2 1.0 -1.0 677.3748224106773 677.3757223206774 677.6677264506777 676.917334830677 680.2080511963209 677.5016430606775 -1.0 677.5016430606775 -1.0 1
92 nan 0.0625 0.2 -1.0 1.0 681.2786319906813 681.2792985906813 681.7078557306817 680.7496515606807 683.2414445763063 681.4900441806815 1.0 681.4900441806815 1.0 1
93 nan 0.0625 0.2 -1.0 1.0 685.8286769406858 685.8295435206859 686.2926638706863 683.8486416306838 687.8412544002625 685.9599971406859 1.0 685.9599971406859 1.0 1
94 0.125 nan 0.2 1.0 1.0 690.4784785806905 690.4791785106905 690.8913706206909 688.3909540206884 692.4244632932109 690.6676596606907 -1.0 690.8145449706908 -1.0 2
95 nan 0.25 0.2 -1.0 1.0 693.5452718706936 693.5460717906935 693.8591738106938 692.9758621506929 695.4078672191331 693.6790584906937 1.0 693.6790584906937 1.0 1
96 1.0 nan 0.2 1.0 1.0 696.4617801906965 696.4627134306965 696.6950901906966 695.948064900696 698.2449809534905 696.6197310606966 -1.0 696.6197310606966 -1.0 1
97 nan 0.125 0.2 -1.0 1.0 699.4408822506995 699.4416155106994 699.6348961806997 698.7864810306988 701.1950865205984 699.5506712706996 1.0 699.5506712706996 1.0 1
98 nan 1.0 0.2 -1.0 1.0 702.2741655607023 702.2748988207023 702.5152747807025 701.7334863007018 704.0743918819791 702.4179511807024 1.0 702.4179511807024 1.0 1
99 nan 1.0 0.2 -1.0 1.0 705.2616667807052 705.2625000307053 705.4697126407054 704.6879908207047 707.0284014718452 705.3798882907054 1.0 705.3798882907054 1.0 1
100 nan 0.0 0.2 1.0 -1.0 708.0241905007081 708.024790440708 708.6667929007086 707.5689027007076 711.2281159113204 708.1616434207082 1.0 708.4002528907084 1.0 2
101 nan 0.125 0.2 -1.0 1.0 712.4739788107125 712.4747120707125 712.7089219807127 711.7730155807118 714.2613158402405 712.6318296907126 1.0 712.6318296907126 1.0 1
102 nan 1.0 0.2 -1.0 1.0 715.3571571307153 715.3579903807154 715.5755019607155 714.8039124607149 717.1408244125929 715.4744120707155 1.0 715.4744120707155 1.0 1
103 nan 1.0 0.2 -1.0 1.0 718.2113383507182 718.2123049207182 718.4159178907184 717.6833244907177 719.9782396518252 718.3315263307184 1.0 718.3315263307184 1.0 1
104 nan 0.0625 0.2 -1.0 1.0 721.007125410721 721.007892000721 721.5524375407216 720.5203407607205 723.1113251183751 721.1393121907212 1.0 721.5351392707215 1.0 2
105 nan 1.0 0.2 -1.0 1.0 724.4737120507244 724.4744786407244 724.6888238707247 723.7259201707237 726.2403448808703 724.5806680207246 1.0 724.5806680207246 1.0 1
106 0.0625 nan 0.2 1.0 1.0 727.2943966207273 727.2950965507273 727.5890338207276 726.7828477807268 729.1404565333253 727.5015425707276 -1.0 727.5015425707276 -1.0 1
107 0.0625 nan 0.2 1.0 1.0 730.2445349107303 730.2453681607302 730.4524474507305 729.6870573307297 732.0111428132848 730.3520908207304 -1.0 730.3520908207304 -1.0 1
108 nan 0.125 0.2 -1.0 1.0 733.1236469707331 733.1243469007331 733.5150411607335 732.5574369307326 735.073560047326 733.2814311907333 1.0 733.2814311907333 1.0 1
109 nan 0.0625 0.2 -1.0 1.0 736.0776848707361 736.078584780736 736.6752584407367 735.6211638607356 738.2234535306084 736.2829976707363 1.0 736.6548938107367 1.0 2
110 nan 1.0 0.2 -1.0 1.0 739.2276031807393 739.2285364207393 739.4454480607394 738.7700489407388 741.0109619606711 739.3556237107393 1.0 739.3556237107393 1.0 1
111 nan 0.125 0.2 -1.0 1.0 742.2735318907423 742.2741651607423 742.7510841307428 741.6291630007416 744.3109736640438 742.4276164807425 -1.0 742.6970562007427 1.0 2
112 nan 0.0625 0.2 -1.0 1.0 745.3899202207454 745.3907534707454 746.1701755207462 744.8578734307449 747.727668051545 745.7365855507458 1.0 746.1150477007461 1.0 2
113 nan 0.25 0.2 -1.0 1.0 750.3899201707504 750.3906534307504 750.7362855307507 748.2768648307483 752.2941744799074 750.5171741107505 1.0 750.6940564207507 1.0 2
114 nan 0.0625 0.2 -1.0 1.0 753.3899534707534 753.3906200707534 753.6136977607537 752.8460745307528 755.1773853551997 753.5226735307535 1.0 753.5226735307535 1.0 1
115 0.25 nan 0.2 1.0 1.0 756.3397917907563 756.3405250507564 756.6091981807566 755.7244866607557 758.1606900657096 756.5149409407566 -1.0 756.5149409407566 -1.0 1
116 nan 0.25 0.2 -1.0 1.0 759.2732317507592 759.2741316607593 759.5160074707595 758.7069883807587 761.0731967751392 759.4254831907595 1.0 759.4254831907595 1.0 1
117 nan 0.25 0.2 -1.0 1.0 762.1603763407621 762.1611096007622 762.4038186607625 761.6157974707617 763.956403127709 762.2996290807623 1.0 762.2996290807623 1.0 1
118 nan 0.0625 0.2 -1.0 1.0 765.1602096607652 765.1610429107652 765.4649125207654 764.5792011007646 767.0230312904465 765.3118944907653 1.0 765.3118944907653 1.0 1
119 nan 0.0625 0.2 -1.0 1.0 768.3104279407684 768.3113278507683 768.8608395607689 767.5695353707675 770.4228316658443 768.4118178007684 -1.0 768.7457510707687 1.0 2
120 0.125 nan 0.2 1.0 1.0 771.4600796107715 nan 771.7064216407717 770.970528570771 773.2603428648808 771.6256963807716 -1.0 771.6256963807716 -1.0 1
121 0.125 nan 0.2 1.0 1.0 774.4727116507745 nan 774.7042218307747 773.8056450307738 776.2599459326336 774.5989990207746 -1.0 774.5989990207746 -1.0 1
122 nan 0.0 0.2 -1.0 1.0 777.4058849707774 777.4068182107774 778.0608528007781 776.8065449107768 779.6101459246548 777.5896332607776 -1.0 777.9462309307779 -1.0 2
123 nan 1.0 0.2 -1.0 1.0 781.3559565907814 781.3567231807814 781.5525369307816 780.1613427307801 783.1060526147697 781.4692785907815 1.0 781.4692785907815 1.0 1
124 1.0 nan 0.2 1.0 1.0 784.3266928207844 784.3273594207843 784.5380716807846 783.7320522907837 786.0892612471271 784.4577463807844 -1.0 784.4577463807844 -1.0 1
125 nan 0.25 0.2 -1.0 1.0 787.1597428207872 787.1606094007872 787.3706550607874 786.6360618607866 788.9225774347749 787.2868634407873 1.0 787.2868634407873 1.0 1
126 0.0625 nan 0.2 1.0 1.0 789.94336443079 789.94423101079 790.3743546607903 789.4676786707895 791.926280269835 790.1529434707902 -1.0 790.1529434707902 -1.0 1
127 nan 0.125 0.2 -1.0 1.0 792.955563180793 792.956496420793 793.1880732607932 792.4722781807925 794.7390684055141 793.0946826007931 1.0 793.0946826007931 1.0 1
128 nan 1.0 0.2 -1.0 1.0 795.959596080796 795.9604293307959 796.1858734507962 795.2847635707953 797.7391924968992 796.076717700796 1.0 796.076717700796 1.0 1
129 nan 1.0 0.2 -1.0 1.0 798.8096110507988 798.8103776407988 799.013390670799 798.2882965207983 800.5764837306275 798.936898320799 1.0 798.936898320799 1.0 1
130 1.0 nan 0.2 1.0 1.0 801.6222964208016 801.6230296808017 801.8748045008019 801.1256794208011 803.4221866405264 801.7770809408017 -1.0 801.7770809408017 -1.0 1
131 nan 0.125 0.2 -1.0 1.0 804.7264526408047 804.7272858908048 804.952596690805 804.046287330804 806.5054886171216 804.8434076108049 1.0 804.8434076108049 1.0 1
132 nan 1.0 0.2 -1.0 1.0 807.8595726308079 807.8602059008078 808.0803172208081 807.0524866808071 809.6428040917966 807.982926960808 1.0 807.982926960808 1.0 1
133 nan 0.0625 0.2 -1.0 1.0 810.9387646808109 810.939497940811 811.2092043008112 810.1889063408101 812.7595261015156 811.0887830108111 1.0 811.0887830108111 1.0 1
134 0.25 nan 0.2 1.0 1.0 813.7720813208138 813.7727479208138 814.1559096008142 813.3065278808133 815.7095337968069 813.8989686308139 -1.0 814.1557096208142 -1.0 2
135 nan 0.125 0.2 -1.0 1.0 818.1051479708182 818.1060478808181 818.3772207608184 816.2581326908163 819.9385447016133 818.2447673408183 1.0 818.2447673408183 1.0 1
136 nan 1.0 0.2 -1.0 1.0 820.9592958608209 820.9599957908209 821.1847399808212 820.4860431908205 822.7426332284472 821.0887829108211 1.0 821.0887829108211 1.0 1
137 nan 0.0625 0.2 -1.0 1.0 824.5883329208245 824.5892328308246 824.8457405108248 823.2911293208233 826.4093521554161 824.7436507208248 1.0 824.7436507208248 1.0 1
138 0.25 nan 0.2 1.0 1.0 827.5883995508276 827.5891328108276 827.8104440108278 827.040254370827 829.3717380189197 827.7135203708277 -1.0 827.7135203708277 -1.0 1
139 nan 0.0 0.2 -1.0 1.0 830.6757241208306 830.6764240508306 831.4770439808315 829.9210329308299 833.0383622792089 830.8246758908308 -1.0 831.3699213608314 1.0 2
140 0.25 nan 0.2 1.0 1.0 834.0588857708341 834.0597523508341 834.4463470208344 833.5872662708337 836.0090706267697 834.2014381808342 -1.0 834.3765873308344 -1.0 2
141 nan 1.0 0.8 -1.0 1.0 837.2047378208372 837.2057043908372 837.4501799408374 836.5580691608366 839.0049705775623 837.3635219408374 1.0 837.3635219408374 1.0 1
142 nan 0.125 0.8 -1.0 1.0 840.2755307108403 840.2762306408403 840.6798569408406 839.5526696708396 842.2379802167231 840.4473801908405 1.0 840.6295286408406 1.0 2
143 0.25 nan 0.8 1.0 1.0 843.3420573608433 843.3428572808433 843.5843664608436 842.7828799508428 845.1381888719153 843.4892426408435 -1.0 843.4892426408435 -1.0 1
144 0.125 nan 0.8 1.0 1.0 846.1753073408462 846.1761405908462 846.5520696608465 845.6849897108457 848.1087856708232 846.3267921908464 -1.0 846.3267921908464 -1.0 1
145 0.0625 nan 0.8 1.0 1.0 849.2879293808493 nan 849.6966885008497 848.7483833408487 851.2544801028278 849.4520129708494 1.0 849.4520129708494 1.0 1
146 0.25 nan 0.8 1.0 1.0 852.5419706108526 nan 852.7847130008528 851.7996781808519 854.3377996555164 852.6679913408527 -1.0 852.6679913408527 -1.0 1
147 nan 0.25 0.8 -1.0 1.0 858.008290590858 858.009223830858 858.2680979408583 854.8839030608549 859.8209200445962 858.1364777708582 1.0 858.1364777708582 1.0 1
148 nan 1.0 0.8 -1.0 1.0 860.8749372308608 860.8758704708608 861.085916130861 860.3831197508604 862.6417113114348 861.0023911508611 1.0 861.0023911508611 1.0 1
149 nan 0.125 0.8 -1.0 1.0 863.8210425908638 863.8218091808639 864.066818010864 863.1892057808632 865.6251083525392 863.9615952008639 1.0 863.9615952008639 1.0 1
150 1.0 nan 0.8 1.0 1.0 866.7709809008668 866.7717808208668 867.006723990867 866.1719074808661 868.5581136497111 866.899401390867 -1.0 866.899401390867 -1.0 1
151 0.25 nan 0.8 1.0 1.0 870.4041508808704 870.4049841308704 870.6756237308707 869.1080138408691 872.224943731758 870.5332379708706 1.0 870.5332379708706 1.0 1
152 0.25 nan 0.8 1.0 1.0 873.4041175208735 873.4049507708734 873.6524260208737 872.7791466908728 875.2081436866298 873.5424370208735 -1.0 873.5424370208735 -1.0 1
153 1.0 nan 0.8 1.0 1.0 876.3707541608763 876.3715540808764 876.6051307208766 875.8419403808758 878.1583531616069 876.4900755608764 -1.0 876.4900755608764 -1.0 1
154 0.25 nan 0.8 1.0 1.0 879.4207158008794 879.4214823908794 879.6441601208796 878.7082537208787 881.2040509191293 879.5179394108795 -1.0 879.5179394108795 -1.0 1
155 nan 0.0 0.8 1.0 -1.0 882.4745103908825 882.4754436308825 882.7594152308827 881.7543490808818 885.3080708625513 882.6146963708826 -1.0 882.6146963708826 -1.0 1
156 0.0625 nan 0.8 1.0 1.0 888.8704707308889 888.8713039808889 889.3509893408893 885.8682709808859 890.9076783834606 889.1996378108892 -1.0 889.1996378108892 -1.0 1
157 0.0 nan 0.8 1.0 1.0 892.1871723608922 892.1879056208923 892.5039740108925 891.4742769908914 894.0538951335074 892.3187925308923 -1.0 892.3187925308923 -1.0 1
158 nan 0.0625 0.8 -1.0 1.0 895.1409436208952 895.1418435308951 895.8287748308958 894.6015975608946 897.3869983771638 895.2881289008953 -1.0 895.2881289008953 -1.0 1
159 0.125 nan 0.8 1.0 1.0 898.6243285808986 nan 898.8183091808988 897.9367973408979 900.374292697214 898.7300180108988 -1.0 898.7300180108988 -1.0 1
160 0.0 nan 0.8 1.0 1.0 901.5202389609016 nan 902.2940949009023 901.007590230901 903.8536145037446 901.6693573809017 -1.0 902.1008475609021 1.0 2
161 0.0625 nan 0.8 1.0 1.0 906.5075068509066 906.5083067709065 906.8942015109069 904.4078168409044 908.4367254134427 906.7419500709068 -1.0 906.7419500709068 -1.0 1
162 0.125 nan 0.8 1.0 1.0 909.7575484809098 909.7582484109098 910.0993143009101 908.999124330909 911.6534088304376 909.9198655809099 -1.0 909.9198655809099 -1.0 1
163 0.125 nan 0.8 1.0 1.0 912.9076001109129 912.9082333809129 913.1378104209132 912.2083033809122 914.6866307142891 913.033720830913 -1.0 913.033720830913 -1.0 1
164 nan 1.0 0.8 -1.0 1.0 916.7074534209167 916.7081200209167 916.9282313409169 915.2342340909153 918.4906240064138 916.8461062209169 1.0 916.8461062209169 1.0 1
165 0.25 nan 0.8 1.0 1.0 919.7197188309198 919.7203854309197 919.91723241092 919.041819960919 921.4740517621641 919.8303077709198 -1.0 919.8303077709198 -1.0 1
166 0.125 nan 0.8 1.0 1.0 922.5862988109226 922.5870320709226 922.8288412209229 922.019955450922 924.3906641845948 922.7147526309227 -1.0 922.7147526309227 -1.0 1
167 nan 0.0 0.8 1.0 -1.0 925.5364037709255 925.5372703509255 925.7759464809258 924.9390635109249 928.3238626910992 925.6601247309256 -1.0 925.6601247309256 -1.0 1
168 0.0 nan 0.8 -1.0 -1.0 929.4696437409294 929.4705436509295 929.7028537509298 928.972260150929 932.257075919256 929.5984975209296 1.0 929.5984975209296 1.0 1
169 0.125 nan 0.8 1.0 1.0 934.1528087109342 934.1534753109341 940.2761963109402 932.8109762409329 941.8233849710964 940.1624076909402 -1.0 940.1624076909402 -1.0 1
170 0.0 nan 0.8 1.0 1.0 943.969393620944 943.9702602009439 944.2479990909443 942.3944844609424 945.8067882651055 944.007389820944 -1.0 944.007389820944 -1.0 1
171 0.25 nan 0.8 1.0 1.0 946.8193752609468 946.8202085109468 947.054985030947 946.3614877209463 948.6025073617477 946.965393990947 -1.0 946.965393990947 -1.0 1
172 nan 0.0625 0.8 -1.0 1.0 950.4066498309504 950.4074830809504 951.3030935109513 949.1423096109492 952.8525173591507 950.6968541409507 1.0 951.2754296109513 1.0 3
173 1.0 nan 0.8 1.0 1.0 954.023121480954 954.024054720954 954.4614109809545 953.3978173509535 956.0064070541249 954.1973373909542 -1.0 954.1973373909542 -1.0 1
174 1.0 nan 0.8 1.0 1.0 957.2023368609572 957.2030034609572 957.4473123609574 956.5459025109566 959.006630842967 957.3404897109574 -1.0 957.3404897109574 -1.0 1
175 0.125 nan 0.8 1.0 1.0 960.00235683096 960.0032567409601 960.2904280209603 959.5457358309595 961.8398163844428 960.1767393909602 -1.0 960.1767393909602 -1.0 1
176 0.125 nan 0.8 1.0 1.0 963.4689434709635 963.4698767109635 963.7321171509637 962.4730097409625 965.2897376745584 963.6210282609636 -1.0 963.6210282609636 -1.0 1
177 0.0625 nan 0.8 1.0 1.0 966.4855084509664 966.4861417209665 966.7623474309668 965.8302406509658 968.3230397434795 966.6136956309666 -1.0 966.6136956309666 -1.0 1
178 0.125 nan 0.8 1.0 1.0 970.8188084109709 970.8197416509709 971.0693500209711 968.8653371109689 972.6188419300703 970.967560200971 -1.0 970.967560200971 -1.0 1
179 1.0 nan 0.8 1.0 1.0 973.8228413109738 973.8236745609738 974.0361533109741 973.1659403409732 975.5895458289378 973.940962830974 -1.0 973.940962830974 -1.0 1
180 0.0 nan 0.8 1.0 1.0 977.4352800309774 977.4359466309775 977.6644571109777 976.1329436109761 979.2227477381796 977.5565679009776 -1.0 977.5565679009776 -1.0 1
181 0.0625 nan 0.8 1.0 1.0 980.3519216709803 980.3525549409803 980.8561712409809 979.7642471109798 982.4062605441236 980.4982403709805 -1.0 980.8115090409808 -1.0 2
182 0.0625 nan 0.8 1.0 1.0 983.935229970984 983.9361298809839 984.1858715709842 982.947462090983 985.7392633333804 984.0869148009841 -1.0 984.0869148009841 -1.0 1
183 0.125 nan 0.8 1.0 1.0 986.7684799509868 986.7694465209868 987.009389190987 986.2875613809863 988.551778066522 986.910865710987 -1.0 986.910865710987 -1.0 1
184 0.25 nan 0.8 1.0 1.0 991.1725061709911 991.1733727509912 991.3768857309914 989.0951805909891 992.9223996757981 991.2878946309913 -1.0 991.2878946309913 -1.0 1
185 0.125 nan 0.8 1.0 1.0 994.2349332309942 994.2355998309943 994.5308036409946 993.5620005309936 996.089196398567 994.3843849509944 -1.0 994.3843849509944 -1.0 1
186 0.25 nan 0.8 1.0 1.0 997.1016798609971 997.1025797709971 997.3934840109974 996.6362930709967 998.938807352411 997.2694964109972 -1.0 997.2694964109972 -1.0 1
187 1.0 nan 0.8 1.0 1.0 1000.001389861 1000.002189781 1000.2058027510002 999.4841082609995 1001.755497125468 1000.1157450910001 -1.0 1000.1157450910001 -1.0 1
188 nan 0.0625 0.8 1.0 -1.0 1002.8015764810028 1002.8024763910028 1003.023120991003 1002.3009932110023 1005.5725098793765 1002.9145651810029 -1.0 1002.9145651810029 -1.0 1
189 nan 0.0 0.8 1.0 -1.0 1006.6180614610066 1006.6187280610067 1006.986391291007 1006.1178114910061 1009.538815441487 1006.8011098210068 -1.0 1006.8011098210068 -1.0 1
190 nan 0.0625 0.8 -1.0 1.0 1010.5679664310106 1010.5689663310105 1010.8683363910109 1010.0832149110101 1012.4180258770718 1010.7097189210107 -1.0 1010.7097189210107 -1.0 1
191 0.0625 nan 0.8 1.0 1.0 1013.5222376410135 1013.5229042410135 1013.7128185810137 1012.9601271910129 1015.2720405092053 1013.6403591610136 -1.0 1013.6403591610136 -1.0 1
192 nan 0.125 0.8 -1.0 1.0 1017.101246371017 1017.1021796110172 1017.4928405410175 1015.8198411910158 1019.0386540222695 1017.2744290510173 1.0 1017.4600438210175 1.0 2
193 0.0625 nan 0.8 1.0 1.0 1020.1511080210201 1020.1517746210202 1020.4158482110204 1019.6776553710197 1021.9718434839139 1020.3052259410204 -1.0 1020.3052259410204 -1.0 1
194 0.0625 nan 0.8 1.0 1.0 1023.051051331023 1023.0517179310231 1023.5139383710235 1022.5158381910226 1025.0677610316475 1023.2138017210232 -1.0 1023.4416122710235 -1.0 2
195 nan 0.0625 0.8 -1.0 1.0 1026.5885975410265 1026.5893308010266 1026.892767121027 1025.6064624310256 1028.4343618931043 1026.7709793010267 1.0 1026.7709793010267 1.0 1
196 0.0 nan 0.8 1.0 1.0 1029.6548908810296 1029.6556241410296 1030.5838646410307 1028.9715592210289 1032.1343853052865 1029.7690461310299 -1.0 1030.1512745710302 1.0 2
197 0.125 nan 0.8 1.0 1.0 1033.3548208510333 1033.3555541110334 1033.6107619210336 1032.6772886110327 1035.1509889366662 1033.4970066310334 -1.0 1033.4970066310334 -1.0 1
198 1.0 nan 0.8 1.0 1.0 1036.1550408010362 1036.1558073910362 1036.3687860910363 1035.6851877910358 1037.921681131426 1036.2689294110362 -1.0 1036.2689294110362 -1.0 1
199 0.0625 nan 0.8 1.0 1.0 1039.117344541039 1039.118111131039 1039.5076721710395 1038.4589770510386 1041.0506945163932 1039.2828279910393 -1.0 1039.2828279910393 -1.0 1
200 0.25 nan 0.8 1.0 1.0 1042.054684111042 1042.0553507110421 1042.3093919710423 1041.5928969610416 1043.8506885804377 1042.193903521042 -1.0 1042.193903521042 -1.0 1
201 0.0625 nan 0.8 1.0 1.0 1045.0381857310451 1045.038985651045 1045.2572971510453 1044.3877841110443 1046.8047083895976 1045.1475414610452 -1.0 1045.1475414610452 -1.0 1
202 0.0 nan 0.8 1.0 1.0 1048.1672061310483 1048.1679060610481 1048.4523109510485 1047.4395122410474 1050.0048043818033 1048.3105917910484 -1.0 1048.3105917910484 -1.0 1
203 nan 0.0625 0.8 -1.0 1.0 1051.117177771051 1051.1178777010512 1051.6367258110517 1050.5465015110506 1053.1878153324187 1051.2614633410512 -1.0 1051.2614633410512 -1.0 1
204 0.25 nan 0.8 1.0 1.0 1054.2669294310542 nan 1054.4772084010544 1053.7252169410538 1056.02143168435 1054.3897504810543 -1.0 1054.3897504810543 -1.0 1
205 nan 0.0 0.8 1.0 -1.0 1057.2838277110573 nan 1057.7594134810577 1056.5555338810566 1060.3043394357933 1057.4380789510574 -1.0 1057.6364924410577 -1.0 2
206 0.25 nan 0.8 1.0 1.0 1063.7503143310637 1063.7509476010637 1064.012454781064 1060.847737951061 1065.5670456020127 1063.872902071064 -1.0 1063.872902071064 -1.0 1
207 nan 0.25 0.2 -1.0 1.0 1066.820840581067 1066.8215738410668 1067.1882371710672 1066.117444261066 1068.733561078871 1066.9570936210669 1.0 1067.149841011067 1.0 2
208 nan 1.0 0.2 -1.0 1.0 1069.8375055510699 1069.8381721510698 1070.10124584107 1069.2812611810693 1071.6542708396107 1069.97065890107 1.0 1069.97065890107 1.0 1
209 nan 1.0 0.2 -1.0 1.0 1073.083514251073 1073.0844474910732 1073.3282564410733 1072.1893703410722 1074.8835537557675 1073.2161009910733 1.0 1073.2161009910733 1.0 1
210 0.25 nan 0.2 1.0 1.0 1076.0206871710761 1076.021387101076 1076.2218670510763 1075.4220470410755 1077.766775870914 1076.144674771076 -1.0 1076.144674771076 -1.0 1
211 nan 1.0 0.2 -1.0 1.0 1079.4873404710795 1079.4879737410795 1079.7644794210798 1078.4038821610784 1081.316673979992 1079.6260266010797 1.0 1079.6260266010797 1.0 1
212 0.0625 nan 0.2 -1.0 -1.0 1082.4372121210824 1082.4379120510825 1083.4522772710834 1081.8556702810818 1086.0040997536619 1082.5721319610825 -1.0 1083.4173474310835 1.0 4
213 nan 0.125 0.2 -1.0 1.0 1087.1165441410872 1087.117510711087 1087.4005824010874 1086.5459012110866 1088.9539074922718 1087.2881269810873 1.0 1087.2881269810873 1.0 1
214 0.0 nan 0.2 1.0 1.0 1090.01635413109 1090.01715405109 1090.3182906010904 1089.4932064510895 1091.8662881306786 1090.1739050410902 -1.0 1090.1739050410902 -1.0 1
215 nan 0.125 0.2 -1.0 1.0 1092.853970341093 1092.854703601093 1093.122710131093 1092.4092814810924 1094.666400202464 1093.003422061093 1.0 1093.003422061093 1.0 1
216 1.0 nan 0.2 1.0 1.0 1095.803642011096 1095.8043419410958 1096.027619611096 1095.2021021710952 1097.5704106056278 1095.940128361096 -1.0 1095.940128361096 -1.0 1
217 nan 0.0 0.2 -1.0 1.0 1098.5828307310985 1098.5835973210985 1099.3669189810994 1098.110511301098 1100.9204107250482 1098.6995857210986 -1.0 1099.042051471099 1.0 2
218 0.125 nan 0.2 1.0 1.0 1101.966159031102 1101.9668922911019 1102.3970159411024 1101.4623094211015 1103.9494081129087 1101.912897691102 -1.0 1101.912897691102 -1.0 1
219 nan 1.0 0.2 -1.0 1.0 1107.4200135911074 1107.4208135111073 1107.6473241911076 1104.4901066111045 1109.1994433529367 1107.5534002511076 1.0 1107.5534002511076 1.0 1
220 0.125 nan 0.2 1.0 1.0 1110.3700185611103 1110.3707518211104 1110.6407248211106 1109.7565465811097 1112.1828423014385 1110.5373684911106 -1.0 1110.5373684911106 -1.0 1
221 nan 0.25 0.2 -1.0 1.0 1113.3200901911134 1113.3209901011132 1113.5286360011135 1112.8359386111129 1115.0659582515166 1113.4404781511134 1.0 1113.4404781511134 1.0 1
222 0.25 nan 0.2 1.0 1.0 1116.2699285111162 1116.2706284411163 1116.4876400711164 1115.6042617511157 1118.0324663942038 1116.4056482711164 -1.0 1116.4056482711164 -1.0 1
223 nan 0.25 0.2 -1.0 1.0 1119.086546821119 1119.0876133811191 1119.3014586611193 1118.5716649811186 1120.8533533544046 1119.2149673111192 1.0 1119.2149673111192 1.0 1
224 1.0 nan 0.2 1.0 1.0 1124.5989288611247 1124.5997621111246 1124.892666151125 1121.3942493611214 1126.4323564808967 1124.7229497911248 -1.0 1124.7229497911248 -1.0 1
225 nan 0.25 0.2 -1.0 1.0 1127.4697750811274 1127.4707083211274 1127.8413712511278 1126.992356161127 1129.3823625462899 1127.6146939211276 1.0 1127.8127407811278 1.0 2
226 nan 0.25 0.2 -1.0 1.0 1130.3865167111303 1130.3873166311305 1130.6334920111306 1129.92596277113 1132.1864808933556 1130.5309356011305 1.0 1130.5309356011305 1.0 1
227 nan 0.0625 0.2 -1.0 1.0 1133.4654754511334 1133.4666086711334 1134.007987861134 1132.7259827411328 1135.5528809032674 1133.5863966911336 -1.0 1133.5863966911336 -1.0 1
228 nan 0.25 0.2 -1.0 1.0 1139.2320987311393 1139.2328319911392 1139.5522000511396 1136.102878351136 1141.103090607273 1139.3849501111395 1.0 1139.3849501111395 1.0 1
229 0.125 nan 0.2 1.0 1.0 1142.1320087111421 1142.1327753011421 1142.5319020511427 1141.6561896311416 1144.0820115062472 1142.3101242311423 -1.0 1142.3101242311423 -1.0 1
230 nan 1.0 0.2 -1.0 1.0 1145.2528632611452 1145.2537298411453 1145.4728079311456 1144.7368148711448 1147.0194032470897 1145.3780507411454 1.0 1145.3780507411454 1.0 1
231 1.0 nan 0.2 1.0 1.0 1149.1650720011492 1149.1659385811492 1149.3859165811493 1147.5592992611475 1150.9360071355002 1149.3005917811493 -1.0 1149.3005917811493 -1.0 1
232 nan 1.0 0.2 -1.0 1.0 1151.965158631152 1151.965891891152 1152.2006350811523 1151.4791072411515 1153.75252406295 1152.0921126011522 1.0 1152.0921126011522 1.0 1
233 nan 0.125 0.2 -1.0 1.0 1154.7985086011547 1154.7991752011549 1155.1034447711552 1154.2952256011542 1156.6484353561937 1154.979823801155 1.0 1154.979823801155 1.0 1
234 nan 0.125 0.2 -1.0 1.0 1158.2026014911582 1158.2034347411582 1158.5364347711586 1157.1873363611571 1160.085929500363 1158.3699847511584 1.0 1158.3699847511584 1.0 1
235 nan 0.125 0.2 -1.0 1.0 1161.3649185611614 1161.3657184811614 1161.6761541011617 1160.6254258511606 1163.215043681584 1161.5392677911616 1.0 1161.5392677911616 1.0 1
236 nan 0.0625 0.2 -1.0 1.0 1164.2191997711643 1164.2199996911643 1164.7083508511648 1163.7550461911637 1166.2483455757283 1164.3723844511644 1.0 1164.5613988811647 1.0 2
237 0.125 nan 0.2 1.0 1.0 1167.3855497711675 1167.3862830311673 1167.7848431711677 1166.7865430111667 1169.3313655577226 1167.5499333311675 -1.0 1167.5499333311675 -1.0 1
238 nan 0.0625 0.2 -1.0 1.0 1170.4856064011706 1170.4865396411706 1170.8525697011708 1169.87056791117 1172.4022628803705 1170.6937522511707 1.0 1170.6937522511707 1.0 1
239 nan 0.0 0.2 1.0 -1.0 1173.3979484711733 1173.3988150511734 1173.6621553811738 1172.9434605911729 1176.2188691314557 1173.5662983011737 -1.0 1173.5662983011737 -1.0 1
240 nan 0.0625 0.2 1.0 -1.0 1177.3313550911773 1177.3320883511774 1181.6143600811815 1176.864768421177 1184.164585092282 1181.1607387811812 -1.0 1181.4764738711815 -1.0 2
241 nan 1.0 0.2 -1.0 1.0 1185.4517429711855 1185.4525762211854 1185.937794361186 1184.7063841811848 1187.4850873364685 1185.8161398611858 1.0 1185.8161398611858 1.0 1
242 0.0625 nan 0.2 1.0 1.0 1188.5144033411884 1188.5152032611886 1193.7246156011938 1188.025585561188 1195.2643070293143 1193.5848629111936 -1.0 1193.5848629111936 -1.0 1
243 nan 0.0 0.2 -1.0 1.0 1196.3016578711963 1196.3023911311964 1201.1723374212013 1195.8153065111958 1202.7140273416005 1200.6414905112006 1.0 1200.955659091201 -1.0 3
244 nan 0.0625 0.2 -1.0 1.0 1205.6847528012056 1205.6855193912056 1206.4616417712066 1203.2670279312033 1208.0141328600253 1206.030518221206 1.0 1206.2124000312062 1.0 3
245 0.125 nan 0.2 1.0 1.0 1209.134774431209 1209.135507691209 1209.3762502812094 1208.5671312012087 1210.9140410507011 1209.2919253812092 -1.0 1209.2919253812092 -1.0 1
246 nan 0.125 0.2 -1.0 1.0 1212.1345410912122 1212.135407671212 1212.3722506512124 1211.4578421012116 1213.9139440766528 1212.2608951212123 1.0 1212.2608951212123 1.0 1
247 nan 0.0625 0.2 -1.0 1.0 1215.4513427112154 1215.4520093112155 1224.3152895612243 1214.4578420712144 1225.880476221102 1223.844303331224 1.0 1224.047716321224 -1.0 2
248 nan 0.25 0.2 -1.0 1.0 1227.8343709512278 1227.8351042112279 1228.2251652012283 1226.4421768512263 1229.7846882509964 1227.999887731228 1.0 1227.999887731228 1.0 1
249 nan 0.0 0.2 -1.0 1.0 1230.913596331231 1230.914396251231 1232.6643879012327 1230.3323877912303 1234.234408794804 1232.4110799012324 -1.0 1232.4110799012324 -1.0 1
250 nan 1.0 0.2 -1.0 1.0 1235.3800829712354 1235.3809495512353 1235.6502892812357 1234.7819094612348 1237.2177033966022 1235.5476995412355 1.0 1235.5476995412355 1.0 1
251 nan 1.0 0.2 -1.0 1.0 1238.3301879312382 1238.3308878612384 1238.5661976612387 1237.8712005012378 1240.1341173897454 1238.4678075012384 1.0 1238.4678075012384 1.0 1
252 nan 1.0 0.2 -1.0 1.0 1241.2966245912412 1241.2974911712413 1241.5168025712414 1240.6741201812406 1243.08412556766 1241.4237785412415 1.0 1241.4237785412415 1.0 1
253 nan 0.25 0.2 -1.0 1.0 1244.2465962312442 1244.2474628112443 1244.4963045912446 1243.6300245612435 1246.0634271895892 1244.3637178512445 1.0 1244.3637178512445 1.0 1
254 nan 0.0625 0.2 -1.0 1.0 1247.1839691312473 1247.1847023912471 1247.4586083312474 1246.6120263312466 1249.0132316418074 1247.3373537912473 1.0 1247.3373537912473 1.0 1
255 0.125 nan 0.2 1.0 1.0 1250.2507290912502 1250.2516623312504 1250.5408334112506 1249.5588316212495 1252.096526708551 1250.3903817912503 1.0 1250.3903817912503 1.0 1
256 1.0 nan 0.8 1.0 1.0 1253.2006674012532 1253.2016006412532 1253.4162458412534 1252.6425232212528 1254.9837350955063 1253.3271880812533 -1.0 1253.3271880812533 -1.0 1
257 0.25 nan 0.8 1.0 1.0 1256.096344471256 1256.0975443512561 1256.3474526912564 1255.5304344012554 1257.9129411313131 1256.2256315412562 -1.0 1256.2256315412562 -1.0 1
258 0.25 nan 0.8 1.0 1.0 1259.2005673512592 1259.2015005912592 1259.3858488212593 1258.4619412212585 1260.946440744877 1259.3132227512592 -1.0 1259.3132227512592 -1.0 1
259 0.25 nan 0.8 1.0 1.0 1262.067347311262 1262.068113901262 1262.2620611712623 1261.4918382012615 1263.812850842494 1262.1777696012623 -1.0 1262.1777696012623 -1.0 1
260 nan 0.25 0.8 -1.0 1.0 1264.933660651265 1264.9343605812649 1265.1542719212653 1264.3600513512645 1266.7127511806523 1265.078779471265 1.0 1265.078779471265 1.0 1
261 1.0 nan 0.8 1.0 1.0 1267.8335706312678 1267.8343038912678 1268.015352451268 1267.3747498512673 1269.579670898011 1267.9370269512679 -1.0 1267.9370269512679 -1.0 1
262 0.25 nan 0.8 1.0 1.0 1270.8503022612708 1270.8512355012708 1271.042982991271 1270.1244748512702 1272.5959742631464 1270.957091581271 -1.0 1270.957091581271 -1.0 1
263 nan 0.0625 0.8 -1.0 1.0 1273.849968931274 1273.850868841274 1274.3305875312744 1273.1435729112732 1275.8999781564585 1273.977656161274 -1.0 1273.977656161274 -1.0 1
264 1.0 nan 0.8 1.0 1.0 1277.1293409612772 1277.1301075512772 1277.3424863112773 1276.4476758012765 1278.9001774632982 1277.2568282112773 -1.0 1277.2568282112773 -1.0 1
265 0.0625 nan 0.8 1.0 1.0 1280.0792126112801 1280.08004586128 1280.4158789412804 1279.4537751612795 1281.9792986271036 1280.2582613712802 -1.0 1280.2582613712802 -1.0 1
266 0.25 nan 0.8 1.0 1.0 1282.999953841283 1283.0006871012831 1283.2213983612833 1282.5257012712825 1284.7833913070347 1283.1246413712831 -1.0 1283.1246413712831 -1.0 1
267 0.125 nan 0.8 1.0 1.0 1285.945925881286 1285.946625811286 1286.5436994312865 1285.3281876612853 1288.0958912732822 1286.0928778512862 -1.0 1286.3282876412864 -1.0 2
268 0.125 nan 0.8 1.0 1.0 1289.2665604512893 1289.2672270512892 1289.6544216612897 1288.6418895912886 1291.2124084394725 1289.3894148312895 -1.0 1289.6270577312896 -1.0 2
269 nan 1.0 0.8 -1.0 1.0 1292.2328637912922 1292.2335303912923 1292.5044033012925 1291.7585112312918 1294.0664250984244 1292.4021468612925 1.0 1292.4021468612925 1.0 1
270 nan 0.125 0.8 -1.0 1.0 1295.2954241712953 1295.2960907712952 1295.5614309012956 1294.6115259012947 1297.1288215864108 1295.4592077912955 1.0 1295.4592077912955 1.0 1
271 1.0 nan 0.8 1.0 1.0 1303.1660703613031 1303.1669369413032 1303.3411528513034 1297.6759194312976 1304.8994298265832 1303.2229646713033 -1.0 1303.2229646713033 -1.0 1
272 0.0625 nan 0.8 1.0 1.0 1306.5453657313064 1306.5462656413065 1306.8725330113068 1305.5832286213056 1308.4286531784694 1306.6806855313066 -1.0 1306.6806855313066 -1.0 1
273 1.0 nan 0.8 1.0 1.0 1309.6829186113098 1309.6838185213096 1309.87616595131 1308.980255551309 1311.4286573474274 1309.7904745213098 -1.0 1309.7904745213098 -1.0 1
274 0.0625 nan 0.8 1.0 1.0 1312.5826952713126 1312.5833952013127 1313.013952141313 1311.982455301312 1314.5618730391127 1312.7239478113127 -1.0 1312.954158121313 -1.0 2
275 0.25 nan 0.8 1.0 1.0 1315.7325802513158 1315.7333801713157 1316.3195548813164 1315.1123756113152 1317.8785779037403 1316.0970438013162 -1.0 1316.2581276913163 -1.0 2
276 0.125 nan 0.8 1.0 1.0 1319.1322735813192 1319.132940181319 1319.6929841713197 1318.4298771613185 1321.2451751612527 1319.3443190413193 -1.0 1319.5440324013196 -1.0 2
277 1.0 nan 0.8 1.0 1.0 1322.782608511323 1322.7835750813229 1323.040482721323 1321.7987735713218 1324.5993740254157 1322.9380596313229 -1.0 1322.9380596313229 -1.0 1
278 0.125 nan 0.8 1.0 1.0 1325.7115822513258 1325.7125154913258 1325.983488391326 1325.1502717213252 1327.5449781526484 1325.8360031413258 -1.0 1325.8360031413258 -1.0 1
279 0.25 nan 0.8 1.0 1.0 1328.6824851313288 1328.6834850313287 1329.066580051329 1328.0954771713282 1330.6281994959893 1328.8825317913288 -1.0 1328.8825317913288 -1.0 1
280 0.0625 nan 0.8 1.0 1.0 1331.6823184513316 1331.6830183813317 1345.1141084713452 1331.1809019313312 1346.6780301621536 1336.2359963713363 1.0 1345.0544811013451 -1.0 4
281 nan 1.0 0.8 -1.0 1.0 1348.3487183113484 1348.3497182113483 1348.7936404813488 1347.2506281313472 1350.348631700087 1348.5636968113486 1.0 1348.7075157613488 1.0 2
282 0.0 nan 0.8 1.0 1.0 1351.4443753813514 1351.4453086213514 1358.872965781359 1350.9002298013509 1360.4318417088546 1358.3288535313584 -1.0 1358.3288535313584 -1.0 1
283 nan 1.0 0.8 -1.0 1.0 1362.5274003013626 1362.5281002313625 1362.915261511363 1361.1156414913612 1364.4775498790252 1362.7671763213627 1.0 1362.7671763213627 1.0 1
284 0.25 nan 0.8 1.0 1.0 1365.7315798513657 1365.7323464413657 1366.2478615513662 1365.0292500913652 1367.8108799257493 1365.935592781366 -1.0 1366.086944311366 1.0 2
285 0.0625 nan 0.8 1.0 1.0 1368.9482914813689 1368.948958081369 1369.9098619813699 1368.3620834413684 1371.4607868934104 1369.2140649013693 -1.0 1369.3780818313694 -1.0 2
286 0.125 nan 0.8 1.0 1.0 1372.5815614513726 1372.5825613513725 1372.9058956813728 1372.011285151372 1374.4607874620692 1372.7474448613727 -1.0 1372.7474448613727 -1.0 1
287 1.0 nan 0.8 1.0 1.0 1378.5145014313784 1378.5154346713784 1378.7803081813788 1375.007185531375 1380.343996780196 1378.6770851713786 -1.0 1378.6770851713786 -1.0 1
288 0.0625 nan 0.8 -1.0 -1.0 1381.3813480513813 1381.3820479813814 1397.5517308513977 1380.904395751381 1400.110150582368 1397.3009892613973 -1.0 1397.3009892613973 -1.0 1
289 0.0625 nan 0.8 -1.0 -1.0 1401.7807412414018 1401.7816411514018 1403.6902836014037 1400.6914501814008 1406.2475417116043 1403.4435416114034 -1.0 1403.5575635414036 1.0 2
290 0.25 nan 0.8 -1.0 -1.0 1407.4766049314076 1407.4775381714076 1413.2937231614133 1406.8050387614069 1415.8433780719888 1411.2014324114111 1.0 1413.2009324414132 1.0 2
291 0.25 nan 0.8 1.0 1.0 1416.930459451417 1416.931326031417 1421.6515872914217 1416.4082783414165 1423.2097792316683 1421.5359988514215 -1.0 1421.5359988514215 -1.0 1
292 0.0625 nan 0.8 1.0 1.0 1424.4137443814245 1424.4145109714245 1425.1119745514252 1423.7628761414237 1426.6637964986905 1424.8317359114249 -1.0 1425.067945621425 -1.0 2
293 0.25 nan 0.8 1.0 1.0 1429.85959974143 1429.86039966143 1430.1808009514302 1427.2109979614272 1431.747009630772 1430.04161487143 -1.0 1430.04161487143 -1.0 1
294 nan 0.0625 0.2 -1.0 1.0 1432.992753061433 1432.993652971433 1433.4860037314336 1432.4453078114325 1435.042897810431 1433.2433946614333 1.0 1433.4068116514334 1.0 2
295 1.0 nan 0.2 1.0 1.0 1436.2799909714363 1436.2806242414363 1436.5403982614366 1435.5902932814356 1438.092717258573 1436.4383418014365 -1.0 1436.4383418014365 -1.0 1
296 nan 0.0 0.2 1.0 -1.0 1439.146737601439 1439.147537521439 1439.7652090814397 1438.6430213114386 1442.330131799246 1439.5130009714396 -1.0 1439.5130009714396 -1.0 1
297 nan 1.0 0.2 -1.0 1.0 1443.4592729714434 1443.4601395514435 1443.7208134814437 1442.8784310614428 1445.275937232923 1443.6007254914437 1.0 1443.6007254914437 1.0 1
298 nan 0.0625 0.2 1.0 -1.0 1446.3466175414464 1446.3474174614464 1453.959922801454 1445.8268361914459 1456.51334566994 1453.854933301454 -1.0 1453.854933301454 -1.0 1
299 nan 0.0625 0.2 1.0 -1.0 1457.5421978714576 1457.5428311414576 1466.3946792014665 1457.0698451114572 1468.9421689533124 1459.6880166014596 -1.0 1466.2738246214662 1.0 3
300 0.25 nan 0.2 1.0 1.0 1470.02938236147 1470.03028227147 1476.8464005914768 1469.5064679914694 1478.4085876950305 1476.5732612414765 -1.0 1476.5732612414765 -1.0 1
301 nan 1.0 0.2 -1.0 1.0 1479.4959689414795 1479.4967355314795 1479.8059046114797 1478.9732878814789 1481.3626948246792 1479.6823836314798 1.0 1479.6823836314798 1.0 1
302 nan 0.25 0.2 -1.0 1.0 1482.4249760114824 1482.4256759414825 1505.994452161506 1481.912193961482 1507.5413704869484 1505.5634286015056 -1.0 1505.991152491506 1.0 2
303 0.0625 nan 0.2 1.0 1.0 1508.6453203815086 1508.6461536315087 1524.1167064215242 1508.136771241508 1525.67429383836 1519.8685312815198 -1.0 1524.039514141524 -1.0 4
304 nan 0.0625 0.2 -1.0 1.0 1526.8449335715268 1526.8458001515269 1527.3270853515273 1526.2452935415263 1528.878408253627 1527.0097170915271 1.0 1527.1611686115273 1.0 2
305 nan 0.0 0.2 -1.0 1.0 1530.0740439615302 1530.07474389153 1530.8662980615309 1529.4248088915294 1532.4243104027885 1530.3594487515304 1.0 1530.7412439015307 1.0 4
306 nan 0.125 0.2 -1.0 1.0 1533.828335161534 1533.8290017615338 1534.0787101215342 1533.107107291533 1535.6448029074245 1533.963721621534 1.0 1533.963721621534 1.0 1
307 nan 0.125 0.2 -1.0 1.0 1536.8574322215368 1536.858265471537 1537.095908371537 1536.1966983015361 1538.6615266161655 1537.008983731537 1.0 1537.008983731537 1.0 1
308 nan 0.25 0.2 -1.0 1.0 1539.7574088615397 1539.7582421115399 1543.7239455015438 1539.2102302515393 1545.2738362067848 1543.4703708615434 1.0 1543.4703708615434 1.0 1
309 nan 1.0 0.2 -1.0 1.0 1546.4944350915466 1546.4951016915466 1546.7309447715468 1545.8330345715458 1548.2945345744927 1546.6275551115466 1.0 1546.6275551115466 1.0 1
310 1.0 nan 0.2 1.0 1.0 1549.3902788115495 1549.3910120715493 1549.6778500515497 1548.844933351549 1551.2237411060935 1549.5488296215497 -1.0 1549.5488296215497 -1.0 1
311 nan 0.25 0.2 -1.0 1.0 1552.844466691553 1552.8452999415529 1553.2972547415534 1551.7715406615519 1554.8611452071625 1553.033814421553 1.0 1553.2546923315533 1.0 2
312 0.0625 nan 0.2 -1.0 -1.0 1555.8901620915558 1555.8908953515559 1562.3834460315625 1555.4096434815553 1564.9401691770206 1562.2859224515623 1.0 1562.2859224515623 1.0 1
313 nan 1.0 0.2 -1.0 1.0 1566.060811591566 1566.061744831566 1566.3044872215664 1565.5010675715655 1567.860877088257 1566.2100966615662 1.0 1566.2100966615662 1.0 1
314 nan 0.0625 0.2 -1.0 1.0 1568.9068269615689 1568.907693541569 1569.92909139157 1568.4081768315684 1571.4939801708288 1569.8402336115698 1.0 1569.8402336115698 1.0 1
315 nan 0.0625 0.2 -1.0 1.0 1574.6400202515747 1574.6408868315746 1584.7472094315847 1572.048679411572 1586.3065280966032 1584.6275880615847 1.0 1584.6275880615847 1.0 1
316 nan 1.0 0.2 -1.0 1.0 1587.6605180715876 1587.6613513215877 1594.4850355515946 1586.894428021587 1596.043925250822 1594.114872571594 1.0 1594.114872571594 1.0 1
317 1.0 nan 0.2 1.0 1.0 1597.056045091597 1597.0567783515971 1597.5306309615976 1596.6001240215967 1599.0893378959706 1597.2187288215973 -1.0 1597.2187288215973 -1.0 1
318 nan 0.125 0.2 -1.0 1.0 1600.2769229716002 1600.2777228916002 1607.5287643816075 1599.7787394615998 1609.0893536871577 1607.4198419416075 1.0 1607.4198419416075 1.0 1
319 nan 0.125 0.2 -1.0 1.0 1610.7765395716108 1610.7771728416108 1619.5532951416196 1609.6487523616097 1621.1055825228284 1619.4405064216194 1.0 1619.4405064216194 1.0 1
320 nan 0.0625 0.2 -1.0 1.0 1622.6098561216227 1622.6105893816227 1632.847198951633 1621.6747829716217 1634.4093189877779 1628.4385731916284 1.0 1632.8046365416328 1.0 3
321 nan 0.0 0.2 -1.0 1.0 1635.6720164416356 nan 1636.2026300416362 1634.974419541635 1637.75972028282 1636.051645141636 1.0 1636.051645141636 1.0 1
322 1.0 nan 0.2 1.0 1.0 1638.8552314216388 nan 1648.6524516016486 1638.3105192316384 1650.209040933402 1639.045845691639 -1.0 1648.2005634616482 1.0 5
323 nan 0.0625 0.2 1.0 -1.0 1651.4884013116516 1651.4890345816516 1657.7999034316579 1650.7696398616508 1660.355060059158 1657.0837417216571 -1.0 1657.1731994416573 1.0 2
324 0.125 nan 0.2 1.0 1.0 1661.4922008316614 1661.4931674016616 1700.2450584917003 1660.909459111661 1701.7915436915525 1661.8317335416618 -1.0 1700.2394257217002 -1.0 10
325 nan 0.25 0.2 -1.0 1.0 1702.903992571703 1702.9046925017028 1703.3588470817033 1702.4005429217025 1704.9039685182352 1703.1125050517032 1.0 1703.1125050517032 1.0 1
326 nan 1.0 0.2 -1.0 1.0 1705.958187121706 1705.9589203817059 1706.3282501117064 1705.4464716317054 1707.8748747302252 1706.111738431706 1.0 1706.111738431706 1.0 1
327 nan 0.0 0.2 1.0 -1.0 1708.953787531709 1708.954520791709 1719.98868393172 1708.4204742017084 1722.5411066218667 1714.1932635317141 1.0 1719.7193775317198 -1.0 5
328 nan 1.0 0.2 1.0 -1.0 1723.6368524117236 1723.6375856717236 1732.1381022017322 1723.1027058317231 1734.6908230197464 1731.9965163617321 -1.0 1731.9965163617321 -1.0 1
329 0.0625 nan 0.2 1.0 1.0 1736.2534239617362 1736.2543572017362 1777.1144041217772 1735.2649228217354 1778.6732061497112 1742.6994459617426 -1.0 1777.076541241777 -1.0 6
330 nan 0.25 0.2 -1.0 1.0 1779.93575529178 nan 1799.6828470517996 1779.4230065717795 1801.255964488485 1780.3548467117803 -1.0 1799.3618458217993 1.0 8
331 nan 0.0625 0.2 -1.0 1.0 1802.3687117718023 nan 1803.6848468118037 1801.8364650018018 1805.251968340483 1803.082407061803 1.0 1803.6389180718036 1.0 5
332 nan 0.0625 0.2 -1.0 1.0 1806.7892363418068 1806.789969601807 1809.2359583118093 1805.8088677218059 1810.8060795052595 1807.6408511718078 1.0 1809.2323586718092 1.0 7
333 0.0625 nan 0.2 1.0 1.0 1812.7349750418127 1812.7358749518128 1814.5713913818147 1811.3661786018115 1816.139281398243 1813.5612257418136 -1.0 1814.1240694518142 -1.0 2
334 nan 0.25 0.2 -1.0 1.0 1817.3349150018173 1817.3358149118174 1818.8602957818189 1816.7000784918166 1820.4223854777322 1818.1811637018182 1.0 1818.789002911819 1.0 5
335 nan 0.25 0.2 -1.0 1.0 1821.4848333018215 1821.4857332118215 1822.5405943818225 1820.977184071821 1824.1016851033023 1821.882760171822 1.0 1822.5153635718225 1.0 6
336 nan 0.25 0.2 -1.0 1.0 1825.1556661818252 1825.1562661218252 1826.3980086018264 1824.6548829318247 1827.972294713788 1825.5487602018256 1.0 1826.3824768218265 1.0 6
337 nan 0.125 0.2 -1.0 1.0 1829.3846765718295 1829.3855098218294 1830.8104006518308 1828.5285955218285 1832.372319637308 1829.97971706183 1.0 1830.774870871831 1.0 3
338 nan 0.0625 0.2 -1.0 1.0 1833.4013748618333 1833.4021081218334 1834.8300319818347 1832.930121991833 1836.3846223499872 1833.967051621834 1.0 1834.4828333718344 1.0 4
339 0.25 nan 0.2 1.0 1.0 1837.4387044218374 1837.4397043218376 1843.6190529918435 1836.9488200818369 1845.188839456819 1837.6315518018378 -1.0 1843.5056643318435 -1.0 4
340 0.125 nan 0.2 1.0 1.0 1846.3011180918463 1846.3018513518464 1848.2625552618483 1845.7516397118459 1849.8220439563531 1847.1993615918473 -1.0 1847.4633685218475 -1.0 2
341 nan 0.125 0.2 -1.0 1.0 1851.051009721851 1851.051776311851 1852.914556681853 1850.3809434018503 1854.4842447979515 1851.6545826918516 1.0 1851.955719241852 1.0 2
342 nan 0.125 0.2 -1.0 1.0 1855.5882226218555 1855.5890225418557 1858.072074211858 1855.042643851855 1859.6341793078827 1857.3625785018573 1.0 1857.801034651858 -1.0 2
343 nan 0.25 0.2 -1.0 1.0 1861.054942561861 1861.055575831861 1866.1151698218662 1860.3332814018604 1867.6882900718485 1861.837764271862 1.0 1865.832098131866 1.0 10
344 1.0 nan 0.2 1.0 1.0 1868.7672045918687 1868.7681045018687 1869.1706975718691 1868.2506895818683 1870.733987604625 1868.930588251869 -1.0 1869.110936881869 -1.0 2
345 nan 1.0 0.2 -1.0 1.0 1871.904590821872 1871.9053574118718 1886.4048073218864 1871.2867859418714 1887.9712269628894 1876.1335678818762 -1.0 1886.3058172218864 1.0 10
346 0.0 nan 0.2 0.0 -1.0 1889.016979411889 1889.017712671889 1949.018478661949 1888.5480263118886 1951.5179645919275 nan 0.0 nan 0.0 0
347 nan 0.0625 0.2 1.0 -1.0 1952.2362901819522 1952.6830788319528 1983.018811621983 1952.1648639919522 1985.5857273885333 1956.053641741956 -1.0 1982.897757061983 -1.0 7
348 nan 1.0 0.2 -1.0 1.0 1987.5480586519875 1987.5486919219875 1987.950318421988 1986.1928275219861 1989.5190395188313 1987.7683366219878 1.0 1987.7683366219878 1.0 1
349 nan 0.25 0.2 -1.0 1.0 1990.7981336119908 1990.7989335319908 2006.6441488520068 1990.06444032199 2008.2020705155292 2006.024510822006 1.0 2006.4206045420065 -1.0 3
350 nan 0.25 0.2 -1.0 1.0 2009.3143484720094 2009.3152483820093 2024.5820882120247 2008.7714694320089 2026.1516098851368 2024.4491015120245 1.0 2024.4491015120245 1.0 1
351 nan 0.125 0.2 -1.0 1.0 2027.2307899820273 2027.2315565720273 2042.4810314720426 2026.7163081020267 2044.0470505845203 2032.891423862033 -1.0 2042.3636432120425 1.0 7
352 0.125 nan 0.2 -1.0 -1.0 2046.4178710820465 2046.4185376820465 2077.810198202078 2044.6196509220447 2080.3672158612276 2057.058173612057 -1.0 2077.5839208320776 -1.0 5
353 nan 0.0625 0.2 -1.0 1.0 2081.6128845620815 2081.6138178020815 2088.4359355220886 2080.965915932081 2089.9962249829214 2088.042074912088 1.0 2088.3519772520885 1.0 2
354 nan 0.0625 0.2 -1.0 1.0 2094.083770682094 2094.084537272094 2103.5756547321034 2090.5561234820907 2105.1334397682076 2103.3822074121035 -1.0 2103.3822074121035 -1.0 1
355 0.25 nan 0.8 0.0 -1.0 2106.929019362107 2106.929619302107 2166.930451952167 2105.7292393521057 2169.4298713024846 2127.948483872128 -1.0 2162.0043112821622 1.0 8
356 0.125 nan 0.8 -1.0 -1.0 2170.13166513217 2170.6616787921707 2191.9569157221918 2170.07677062217 2194.5148352554947 2174.3717410821746 1.0 2191.876157132192 1.0 5
357 1.0 nan 0.8 -1.0 -1.0 2195.760735302196 2195.7615018921956 2208.311913392208 2195.089635752195 2210.864769798465 2195.908853822196 1.0 2208.2740505122083 1.0 3
358 0.125 nan 0.8 -1.0 -1.0 2211.8935885222118 2211.8945217622118 2224.140263732224 2211.4228689322113 2226.697585586864 2214.938084042215 -1.0 2223.996344792224 1.0 2
359 0.0625 nan 0.8 1.0 1.0 2227.976680052228 2227.977546632228 2241.775333382242 2227.2589851622274 2243.330320846628 2241.3151794022415 -1.0 2241.4896952822414 1.0 2
360 0.25 nan 0.8 1.0 1.0 2244.942883262245 2244.943549862245 2287.8730231522877 2243.898221072244 2289.4254042461516 2251.7515689922516 1.0 2287.8358268722877 -1.0 7
361 0.0 nan 0.8 -1.0 -1.0 2291.779399142292 2291.780265722292 2318.5291239023186 2290.06040439229 2321.07467707899 2304.697673852305 -1.0 2318.3268441323185 -1.0 3
362 0.0625 nan 0.8 -1.0 -1.0 2322.212188892322 2322.213322112322 2342.744268812343 2321.6601774323217 2345.3117216567125 2325.841725902326 -1.0 2342.4309001523425 1.0 8
363 1.0 nan 0.8 1.0 1.0 2346.5742857723467 2346.5752190123467 2347.052437952347 2345.891820692346 2348.611728552805 2346.771266072347 -1.0 2346.969912872347 -1.0 2
364 0.25 nan 0.8 -1.0 -1.0 2349.80742909235 2349.80812902235 2378.788897322379 2349.154527722349 2381.3569828445443 2356.8541910123568 1.0 2378.752300982379 1.0 9
365 0.25 nan 0.8 0.0 -1.0 2382.5277567323824 2382.5284566623827 2442.5292559824425 2381.943681812382 2445.028710095116 2385.184224392385 1.0 2385.4630631723853 1.0 2
366 nan 0.25 0.8 -1.0 1.0 2446.372338302446 2446.3731715524464 2460.1799574024603 2445.6618093624456 2461.742846303524 2455.6885399224557 1.0 2460.0300057324603 1.0 2
367 0.0 nan 0.8 -1.0 -1.0 2462.888519852463 2462.889186452463 2513.861155412514 2462.3084445324625 2516.4248539521327 2475.3636055524753 -1.0 2513.7285353425136 -1.0 16
368 0.125 nan 0.8 -1.0 -1.0 2517.9206494225177 2517.921482672518 2529.91688301253 2517.213253502517 2532.4914027990376 2521.5252555925217 1.0 2529.8721208225297 1.0 4
369 0.25 nan 0.8 -1.0 -1.0 2533.5872159425335 2533.5881825125334 2557.2596817925573 2533.0546025425333 2559.824234830893 2533.7606985925336 -1.0 2557.113563072557 -1.0 4
370 0.125 nan 0.8 -1.0 -1.0 2560.953245732561 2560.953945662561 2588.822725172589 2560.4090334925604 2591.3902097343585 2565.8694207325657 -1.0 2588.805060272589 1.0 10
371 nan 0.25 0.8 -1.0 1.0 2594.019272132594 2594.0199387325943 2611.1728566026113 2591.982409172592 2612.739542724082 2610.6930379226105 1.0 2611.031837372611 -1.0 2
372 nan 1.0 0.8 -1.0 1.0 2613.8355236426137 2613.836556872614 2651.4312303626516 2613.3228415826134 2652.984715898667 2614.026704522614 1.0 2651.4071327726515 1.0 11
373 0.0 nan 0.8 -1.0 -1.0 2654.2720462526545 2654.2727461826544 2681.4101988326815 2653.5847149926535 2683.9672840872995 2666.3399726726666 -1.0 2681.3103088226812 1.0 17
374 nan 0.0625 0.8 -1.0 1.0 2685.104762672685 2685.1054626026853 2694.005205872694 2684.5541844026848 2695.567095166227 2693.697336662694 1.0 2693.697336662694 1.0 1
375 nan 0.125 0.8 0.0 -1.0 2697.5044559126977 2697.5052558326975 2757.5060218227577 2696.127093662696 2760.005541043469 2704.7970599127048 -1.0 2750.848254332751 -1.0 6
376 1.0 nan 0.8 0.0 -1.0 2760.6992358027605 2761.203951992761 2821.2047846428213 2760.642341492761 2823.704238771971 2761.3488375027614 -1.0 2801.684003582802 -1.0 6
377 1.0 nan 0.8 -1.0 -1.0 2824.8643186528247 2824.865018582825 2838.883749902839 2824.3401377428245 2841.4516711924216 2825.031068642825 -1.0 2838.4424607028386 -1.0 3
378 0.25 nan 0.8 1.0 1.0 2842.714133492843 2842.715000072843 2843.3158733128435 2842.013870192842 2844.880793623385 2842.847853452843 -1.0 2842.847853452843 -1.0 1
379 0.125 nan 0.8 1.0 1.0 2846.051333072846 2846.0519663428463 2861.126325422861 2845.4251956928456 2862.684515265176 2856.225048932856 -1.0 2861.042067182861 -1.0 10
380 0.125 nan 0.8 1.0 1.0 2863.713766652864 2863.714633232864 2865.4747238728655 2863.2519128428635 2867.0303294191226 2864.8412205628647 -1.0 2865.3114402028655 -1.0 4
381 nan 0.125 0.8 -1.0 1.0 2870.3176728628705 2870.3184727828702 2872.146256652872 2867.746629992868 2873.7010458239465 2870.921445812871 1.0 2872.057765502872 1.0 6
382 0.25 nan 0.8 1.0 1.0 2874.763428242875 2874.764361482875 2876.3809664728765 2874.2506461928742 2877.934156162371 2875.3011411328753 -1.0 2876.3535025528763 -1.0 6
383 0.125 nan 0.8 1.0 1.0 2879.213316542879 2879.2139831428794 2880.4269618328804 2878.4805564928783 2881.980054019109 2879.87598360288 -1.0 2880.1706208028804 -1.0 2
384 0.125 nan 0.8 1.0 1.0 2883.083862782883 2883.0845627128833 2884.3805664328843 2882.5202524828824 2885.917558731448 2883.769060922884 -1.0 2884.1772867628843 -1.0 4
385 0.125 nan 0.8 1.0 1.0 2887.296708122887 2887.2974747128874 2888.5701807628884 2886.4704574228863 2890.1174716540872 2887.8281216428877 -1.0 2888.4765234628885 -1.0 4
386 0.0 nan 0.8 1.0 1.0 2891.1965514328913 2891.1974180128914 2901.1150928129014 2890.6627714828905 2902.6463162479513 2896.4826894328967 -1.0 2900.900314292901 -1.0 3
387 0.125 nan 0.8 1.0 1.0 2903.816889272904 2903.817822512904 2906.960008262907 2903.2035172829032 2908.496302091822 2905.037833832905 -1.0 2906.814456152907 -1.0 10
388 0.0625 nan 0.8 1.0 1.0 2909.7834925529096 2909.78445912291 2911.4567252129114 2909.048399402909 2913.0003161808127 2910.6354406829105 -1.0 2911.4163292529115 -1.0 5
389 0.125 nan 0.8 1.0 1.0 2914.1459895929142 2914.146656192914 2915.5814127029157 2913.5464162229136 2917.1168370195282 2914.914479402915 -1.0 2915.5043204129156 -1.0 3
390 nan 0.0625 0.8 -1.0 1.0 2920.02913455292 2920.02986781292 2921.9316442829218 2917.6626378929177 2923.4624374760356 2921.1859855229213 1.0 2921.883782402922 1.0 6
391 0.25 nan 0.8 1.0 1.0 2925.033067442925 2925.033767372925 2927.787458642928 2924.021835242924 2929.333149951909 2926.4582915729266 -1.0 2927.5660474529277 -1.0 3
392 nan 0.125 0.8 -1.0 1.0 2930.3455694729305 2930.3463027329303 2932.4188621229323 2929.88104926293 2933.962354462815 2930.4657907829305 1.0 2932.4083631729322 1.0 7
393 0.125 nan 0.8 1.0 1.0 2935.2329473529353 2935.2335472929353 2936.889881642937 2934.5109528929347 2938.4288718336074 2936.1991173929364 -1.0 2936.755361762937 -1.0 5
394 0.0625 nan 0.8 1.0 1.0 2941.1995173029413 2941.2004505429413 2944.386198602944 2938.983772232939 2945.945387286875 2943.4525253129436 -1.0 2944.3423029929445 -1.0 2
395 1.0 nan 0.8 1.0 1.0 2946.983005562947 nan 2947.4388933029477 2946.5085863429467 2948.999384008664 2947.1459892629473 -1.0 2947.1459892629473 -1.0 1
396 0.0625 nan 0.8 1.0 1.0 2950.16195430295 nan 2952.1962841829522 2949.5489822729496 2953.7493049636123 2951.1243580529513 -1.0 2952.1571880929523 -1.0 3
397 nan 0.0 0.8 0.0 -1.0 2955.045199262955 2955.046232492955 3015.047031813015 2954.3030068229546 3017.5465144894542 2961.909879392962 1.0 3014.951174733015 -1.0 17
398 nan 1.0 0.8 -1.0 1.0 3018.2812083630183 3018.961273683019 3019.2597105030195 3018.2186146230183 3020.8105314577856 3019.106225853019 1.0 3019.106225853019 1.0 1
399 0.25 nan 0.8 -1.0 -1.0 3021.964440003022 3021.965239923022 3070.929309693071 3021.359733813021 3073.480125272305 3034.5132516630347 -1.0 3070.748427783071 1.0 6
400 0.0 nan 0.8 0.0 -1.0 3074.792723313075 3074.7935565630746 4447.883633824448 3074.115624363074 3137.293833801963 3121.5988089031216 1.0 4444.427712784444 1.0 465
