NR_0031 642c97ea-fe89-4ec9-8629-5e492ea4019d steinmetzlab 2023-07-12 _iblrig_tasks_ephysChoiceWorld6.6.2 F 133 489
0 nan 1.0 0.5 -1.0 1.0 49.32823335004933 49.23527598004924 50.027763390050026 48.53034648004853 51.58793799408345 49.523013870049525 1.0 49.523013870049525 1.0 1
1 0.25 nan 0.5 1.0 1.0 52.84461501005285 52.84554825005284 53.37886158005338 52.32683346005233 54.94476016918639 53.050994370053054 -1.0 53.050994370053054 -1.0 1
2 nan 0.25 0.5 -1.0 1.0 56.75449065005675 56.755457220056755 57.774755280057775 55.67696508005568 59.33776645591044 56.97850158005698 1.0 57.750557700057755 1.0 5
3 nan 0.125 0.5 -1.0 1.0 63.72792657006373 63.72899313006373 64.21664436006422 60.01726434006002 65.77095360835644 63.91930743006392 1.0 64.11422127006412 1.0 2
4 nan 0.25 0.5 -1.0 1.0 67.39452654006739 67.3956264300674 67.91334132006791 66.49325001006649 69.47765041504182 67.56287637006757 1.0 67.83698229006784 1.0 2
5 nan 1.0 0.5 -1.0 1.0 73.22071053007322 73.22151045007323 73.54664460007355 70.17924804007018 75.10415302194937 73.31900070007332 -1.0 73.31900070007332 -1.0 1
6 0.0625 nan 0.5 1.0 1.0 77.56090980007757 77.56177638007756 77.8893436200779 75.81125145007582 79.44445021727927 77.76335622007777 -1.0 77.76335622007777 -1.0 1
7 1.0 nan 0.5 1.0 1.0 82.35389712008235 82.35499701008236 82.77175533008277 80.18304756008018 84.32743719503688 82.5085816500825 -1.0 82.5085816500825 -1.0 1
8 0.125 nan 0.5 1.0 1.0 85.5038487600855 85.5046153500855 85.81505097008582 84.99273321008499 87.37735600155798 85.6919966100857 -1.0 85.6919966100857 -1.0 1
9 nan 0.125 0.5 -1.0 1.0 88.62047040008862 88.62157029008863 89.01413103008902 88.05845994008806 90.57734612169767 88.85684676008886 1.0 88.85684676008886 1.0 1
10 0.0625 nan 0.5 1.0 1.0 91.75372371009175 91.75482360009175 92.06515923009206 91.25913984009127 93.62723823286035 91.9047752700919 -1.0 91.9047752700919 -1.0 1
11 0.125 nan 0.5 1.0 1.0 94.98700035009499 94.988100240095 95.27833788009528 94.3052352000943 96.84414686291684 95.16784893009518 -1.0 95.16784893009518 -1.0 1
12 0.0625 nan 0.5 -1.0 -1.0 97.97026866009797 97.97140188009797 104.4039252301044 97.51604742009752 106.95343214899603 97.94557113009795 1.0 104.38212741010439 1.0 10
13 0.0625 nan 0.5 1.0 1.0 109.32696621010933 109.32786612010933 109.62113679010962 107.7014287801077 111.1700460932154 109.52501307010952 -1.0 109.52501307010952 -1.0 1
14 0.125 nan 0.5 1.0 1.0 112.46038617011246 112.46145273011247 112.71472740011272 111.85114710011186 114.27004148539953 112.61277093011262 -1.0 112.61277093011262 -1.0 1
15 0.0625 nan 0.5 1.0 1.0 115.62680283011562 115.62773607011563 115.99623255011599 114.94833735011495 117.55334361853886 115.88461038011589 -1.0 115.88461038011589 -1.0 1
16 0.0625 nan 0.5 1.0 1.0 118.92683946011893 118.92767271011893 119.26183929011927 118.24004148011824 120.81994799300004 119.16504897011917 -1.0 119.16504897011917 -1.0 1
17 0.25 nan 0.5 1.0 1.0 122.12681943012213 122.12761935012213 122.39345943012239 121.51574721012152 123.95323540440944 122.3034351001223 -1.0 122.3034351001223 -1.0 1
18 0.125 nan 0.5 1.0 1.0 125.19337941012519 125.19421266012519 125.96163591012596 124.6955292001247 127.52674323563421 125.33559852012533 1.0 125.9074413301259 -1.0 2
19 nan 0.0 0.5 -1.0 1.0 128.7864200701288 128.7874866301288 130.92693933013092 128.21234415012822 132.49335178930832 130.79171952013078 1.0 130.79171952013078 1.0 1
20 0.0625 nan 0.5 1.0 1.0 133.6196367001336 133.62073659013362 133.97623437013397 133.14685065013316 135.5363462693434 133.8772109401339 -1.0 133.8772109401339 -1.0 1
21 0.25 nan 0.5 1.0 1.0 136.72652598013673 136.72735923013673 137.12175312013713 136.22884242013623 138.66963480606606 136.88031060013688 -1.0 136.88031060013688 -1.0 1
22 nan 0.125 0.5 -1.0 1.0 140.00953098014 140.01063087014 140.36392887014037 139.35153012013936 141.91953932829065 140.22820911014023 1.0 140.22820911014023 1.0 1
23 0.0 nan 0.5 -1.0 -1.0 143.2931025901433 143.29390251014328 144.005864640144 142.5935392201426 146.55963700706192 143.35512972014337 1.0 143.97213468014397 1.0 3
24 nan 0.0625 0.5 -1.0 1.0 147.81918327014782 147.82014984014782 148.17684750014817 147.3098342101473 149.72635303880617 148.04219430014805 1.0 148.04219430014805 1.0 1
25 nan 0.0 0.5 -1.0 1.0 150.985899900151 150.986733150151 151.35582957015137 150.42585591015043 152.90944441206065 151.23520830015124 1.0 151.23520830015124 1.0 1
26 nan 0.0625 0.5 -1.0 1.0 157.65256650015766 157.65363306015766 157.87814394015788 153.5979386701536 159.43595079159627 157.74765699015774 1.0 157.74765699015774 1.0 1
27 0.25 nan 0.5 1.0 1.0 160.67616411016067 160.67723067016067 161.12255280016112 160.15035003016015 162.6760351381998 160.85297976016085 -1.0 161.04072765016105 -1.0 2
28 0.125 nan 0.5 1.0 1.0 163.86897813016387 163.86984471016387 164.62723563016462 163.36502853016336 166.19263766222906 164.06709165016406 -1.0 164.46511851016447 1.0 3
29 nan 0.0625 0.5 -1.0 1.0 169.95220308016997 169.95306966016994 170.42885541017043 166.94113755016696 171.99253255204124 170.17068123017017 -1.0 170.17068123017017 -1.0 1
30 nan 0.0625 0.5 -1.0 1.0 173.25213972017326 173.25333960017326 173.66033223017365 172.6868295901727 175.20924186061865 173.46908469017347 1.0 173.46908469017347 1.0 1
31 nan 1.0 0.5 -1.0 1.0 176.35212969017635 176.35332957017636 176.64293394017665 175.8894426301759 178.19234596602197 176.51611329017652 1.0 176.51611329017652 1.0 1
32 nan 0.0625 0.5 -1.0 1.0 179.3854263301794 179.38655955017938 179.85834570017985 178.87184436017887 181.40202943077833 179.5909391101796 1.0 179.5909391101796 1.0 1
33 nan 0.125 0.5 -1.0 1.0 182.64210063018265 182.64316719018265 182.93993751018294 182.0866228501821 184.48534450325158 182.8136501401828 1.0 182.8136501401828 1.0 1
34 nan 1.0 0.5 -1.0 1.0 189.07555722018907 189.07639047018907 189.2888358901893 185.16724809018518 190.84214153759032 189.17394738018916 1.0 189.17394738018916 1.0 1
35 nan 0.25 0.5 -1.0 1.0 192.16844790019218 192.16931448019218 192.4742506501925 191.5968384001916 194.01843078727833 192.35019639019237 1.0 192.35019639019237 1.0 1
36 0.125 nan 0.5 1.0 1.0 195.20867718019522 195.20961042019522 195.6778302601957 194.72052600019472 197.2350368243813 195.3973916401954 -1.0 195.3973916401954 -1.0 1
37 nan 0.0 0.5 1.0 -1.0 199.57537380019957 199.57620705019957 200.06385828020007 197.94053730019795 202.61843591262723 199.7985848101998 -1.0 199.97186748019996 -1.0 2
38 1.0 nan 0.5 1.0 1.0 204.4916487902045 204.4927820102045 204.72562539020473 203.3122334102033 206.27533495024767 204.62996829020463 -1.0 204.62996829020463 -1.0 1
39 nan 1.0 0.5 -1.0 1.0 207.6015377702076 207.6024376802076 207.86564469020786 206.984232840207 209.41824552822874 207.77202072020776 1.0 207.77202072020776 1.0 1
40 0.0625 nan 0.5 1.0 1.0 210.80848371021082 210.8093502902108 211.15324923021115 210.17704686021017 212.70833033257742 211.03826073021105 -1.0 211.03826073021105 -1.0 1
41 1.0 nan 0.5 1.0 1.0 217.65136602021767 217.65219927021766 217.8981413402179 213.4136231702134 219.45834452866706 217.7904854402178 -1.0 217.7904854402178 -1.0 1
42 1.0 nan 0.5 1.0 1.0 220.65129933022067 220.65213258022067 220.87814331022088 220.1957448902202 222.43465077802242 220.5968381102206 -1.0 220.5968381102206 -1.0 1
43 nan 0.0 0.5 1.0 -1.0 223.62463530022362 223.62576852022363 228.36632775022838 223.14425001022315 230.91773733789233 223.85487894022387 -1.0 228.28450260022828 -1.0 6
44 0.25 nan 0.5 1.0 1.0 232.2912018902323 232.29226845023229 234.66353130023467 231.63703398023165 236.22473298039756 234.55500882023455 -1.0 234.55500882023455 -1.0 1
45 0.0 nan 0.5 1.0 1.0 237.58430586023758 237.58517244023759 239.53164444023955 237.004930470237 241.08435085522137 238.34529642023836 -1.0 239.42265534023943 -1.0 2
46 nan 1.0 0.5 -1.0 1.0 242.35802844024235 242.35906167024237 242.8909418102429 241.7888520302418 244.4343513899288 242.54144343024254 1.0 242.54144343024254 1.0 1
47 nan 0.25 0.5 -1.0 1.0 245.64120009024563 245.64200001024565 245.97303357024597 245.15544867024516 247.51744517131738 245.81531601024582 1.0 245.81531601024582 1.0 1
48 nan 0.0625 0.5 -1.0 1.0 248.95780173024897 248.95860165024897 249.52054545024953 248.22664152024822 251.06745310813804 249.17024715024917 1.0 249.36666084024938 1.0 2
49 0.0625 nan 0.5 -1.0 -1.0 252.44105337025243 252.44188662025243 252.75288885025276 251.7732534902518 255.30763061537326 252.45401874025245 1.0 252.45401874025245 1.0 1
50 0.25 nan 0.5 1.0 1.0 257.15061570025716 257.15144895025713 257.4161224802574 256.0756232102561 258.9743298206803 257.31033306025734 -1.0 257.31033306025734 -1.0 1
51 0.0625 nan 0.5 1.0 1.0 260.3506623302604 260.35172889026035 260.7910516202608 259.6845289502597 262.3506303914985 260.5549085702606 -1.0 260.7852188702608 -1.0 2
52 nan 0.25 0.5 -1.0 1.0 266.5739066102666 266.57493984026655 266.8905416102669 263.024528250263 268.4505463512955 266.7754531202668 1.0 266.7754531202668 1.0 1
53 1.0 nan 0.5 1.0 1.0 269.79051825026977 269.7915514802698 270.1080531602701 269.1747465002692 271.6671326441291 269.98129917027 -1.0 269.98129917027 -1.0 1
54 nan 0.0625 0.5 -1.0 1.0 272.9072398802729 272.9081731202729 273.25283865027325 272.37822612027236 274.81704273168157 273.1181521202731 1.0 273.1181521202731 1.0 1
55 0.125 nan 0.5 1.0 1.0 276.54057651027654 276.5414764202765 277.1025536402771 275.5228449602755 278.6738308769968 276.7045267802767 -1.0 277.002763620277 -1.0 2
56 0.125 nan 0.5 1.0 1.0 280.95010218028096 280.95100209028095 281.44275291028146 279.3863252402794 283.0072275999808 281.1220849802811 -1.0 281.2768361702813 -1.0 2
57 nan 0.0625 0.5 -1.0 1.0 284.33346381028434 284.3345970302843 285.0967208102851 283.7149256702837 286.65682874947 284.36379411028435 1.0 284.91897192028495 -1.0 3
58 nan 0.125 0.5 -1.0 1.0 287.9000737802879 287.9008737002879 288.3790258802884 287.3678270102874 289.93343422537515 288.11701875028814 1.0 288.11701875028814 1.0 1
59 nan 1.0 0.5 -1.0 1.0 291.25720470029125 291.25813794029125 291.74492259029176 290.63443365029065 293.3070327630519 291.47221653029146 1.0 291.67266315029167 1.0 2
60 0.0 nan 0.5 -1.0 -1.0 296.53317705029656 296.53404363029654 297.3606942902974 294.003830010294 299.9234311678729 296.8116158702968 1.0 297.2958674402973 1.0 3
61 0.25 nan 0.5 1.0 1.0 301.1998436703012 301.2009768903012 301.4836486203015 300.6793290603007 303.04972675429 301.37922573030136 -1.0 301.37922573030136 -1.0 1
62 0.125 nan 0.5 1.0 1.0 304.2065763003042 304.20757620030423 304.7060263503047 303.73452351030375 306.2733342158958 304.3808255403044 -1.0 304.66023093030464 -1.0 2
63 1.0 nan 0.5 1.0 1.0 309.33303027030934 309.3341634903093 309.57863904030955 306.95703456030697 311.13314795584296 309.4723163403095 -1.0 309.4723163403095 -1.0 1
64 nan 0.25 0.5 -1.0 1.0 312.4399195503124 312.4411194303124 312.7078260903127 311.82374784031185 314.273238568118 312.61673520031263 1.0 312.61673520031263 1.0 1
65 nan 0.0 0.5 -1.0 1.0 315.53281023031553 315.5337101403155 316.37832567031637 314.96813337031494 317.93283168879753 315.47761575031546 1.0 316.2633371703163 1.0 2
66 nan 0.25 0.5 -1.0 1.0 320.23980615032025 320.2406394003202 320.47324947032047 318.6805287603187 322.0397288230274 320.35429470032034 1.0 320.35429470032034 1.0 1
67 0.125 nan 0.5 1.0 1.0 323.24937183032324 323.2502384103233 323.64913185032367 322.7033264403227 325.2228387153365 323.3848249503234 -1.0 323.3848249503234 -1.0 1
68 1.0 nan 0.5 1.0 1.0 327.999230130328 328.000163370328 328.4637503403285 325.9057395003259 330.02312899172364 328.14561549032817 -1.0 328.14561549032817 -1.0 1
69 0.25 nan 0.5 1.0 1.0 331.24920510033127 331.25010501033125 331.6467320103317 330.7181248803307 333.19933995166457 331.3989567903314 -1.0 331.3989567903314 -1.0 1
70 0.0 nan 0.5 1.0 1.0 335.8893077103359 335.8903409403359 336.1582474803362 333.8843415603339 337.71592753742885 336.016028370336 -1.0 336.016028370336 -1.0 1
71 nan 1.0 0.5 -1.0 1.0 338.9059726803389 338.9069725803389 339.3819250803394 338.4063226503384 340.93252884192844 339.06872307033905 1.0 339.06872307033905 1.0 1
72 0.25 nan 0.5 1.0 1.0 343.3890909903434 343.3902242103434 343.66013055034364 341.6849280903417 345.2226382256817 343.53320991034354 -1.0 343.53320991034354 -1.0 1
73 nan 0.125 0.5 -1.0 1.0 347.56570662034756 347.5668065103476 347.85344451034786 345.9204378303459 349.4224497541429 347.74028916034774 1.0 347.74028916034774 1.0 1
74 nan 0.125 0.5 -1.0 1.0 350.6822949303507 350.6833948203507 351.7904507703518 350.1339497703501 353.34883233528126 350.7085923003507 1.0 351.32506398035133 -1.0 2
75 nan 0.25 0.5 -1.0 1.0 357.13898253035717 357.13994910035717 357.4063224603574 354.036126180354 358.9724310104657 357.3097987803573 1.0 357.3097987803573 1.0 1
76 1.0 nan 0.5 1.0 1.0 360.14874819036015 360.14991474036015 360.5111452803605 359.66992941035966 362.0721433169811 360.2754021903603 -1.0 360.48454794036047 -1.0 2
77 1.0 nan 0.5 1.0 1.0 367.031926470367 367.033126350367 367.27723527036727 362.84554515036285 368.83204468192946 367.16737959036715 -1.0 367.16737959036715 -1.0 1
78 0.0 nan 0.5 -1.0 -1.0 371.42212074037144 371.4230206503714 371.986697610372 369.53914239036953 374.54844314691206 371.5917371103716 1.0 371.5917371103716 1.0 1
79 nan 0.0625 0.5 -1.0 1.0 375.6887273703757 375.6896606103757 375.97813176037596 375.21934098037525 377.5390415737988 375.6458316603757 1.0 375.6458316603757 1.0 1
80 nan 0.25 0.5 -1.0 1.0 378.76505304037875 378.7658862903788 379.14544833037917 378.23733915037826 380.7054283784171 378.94256862037895 1.0 378.94256862037895 1.0 1
81 nan 0.0625 0.5 -1.0 1.0 383.4150213303834 383.41582125038343 383.76665283038375 381.4007227803814 385.32192775234 383.64933123038367 1.0 383.64933123038367 1.0 1
82 nan 0.125 0.5 -1.0 1.0 386.63159964038664 386.6324328903866 386.96243322038697 386.03182629038605 388.514935142173 386.8362458403868 1.0 386.8362458403868 1.0 1
83 nan 1.0 0.5 -1.0 1.0 389.95530057038997 389.95636713038994 390.15874689039015 389.27533524038927 391.71482628838163 389.97016575039 1.0 389.97016575039 1.0 1
84 nan 0.125 0.5 -1.0 1.0 392.95510056039296 392.95596714039294 393.9025391403939 392.41602114039244 395.4647432159255 393.15471393039314 1.0 393.5017458903935 1.0 2
85 0.25 nan 0.5 1.0 1.0 396.7219238403967 396.7228904103967 397.20834186039724 396.1685458503962 398.7647503909909 396.8790747903969 -1.0 396.8790747903969 -1.0 1
86 nan 1.0 0.5 -1.0 1.0 401.95500048040196 401.955800400402 402.1157510704021 399.4692490803995 403.6716301000524 401.95923339040195 1.0 401.95923339040195 1.0 1
87 nan 0.25 0.5 -1.0 1.0 404.96456616040496 404.965432740405 405.3208305304053 404.3806245604044 406.8812370593861 405.16257969040515 1.0 405.16257969040515 1.0 1
88 1.0 nan 0.5 1.0 1.0 408.1881771004082 408.1890436804082 408.5097449404085 407.57933799040757 410.07144515732597 408.35159409040835 -1.0 408.35159409040835 -1.0 1
89 nan 0.125 0.5 -1.0 1.0 411.4978461004115 411.4989793204115 411.84604461041187 410.84464476041086 413.4047528871667 411.73428912041174 1.0 411.73428912041174 1.0 1
90 0.0 nan 0.8 -1.0 -1.0 414.73095609041474 414.73192266041474 417.2998658404173 414.0997525504141 419.85454548978197 415.0783546804151 -1.0 416.9218703104169 -1.0 3
91 1.0 nan 0.8 1.0 1.0 421.61433435042164 421.6154342404216 421.8653425804219 420.53374242042054 423.42124980360256 421.77265185042177 -1.0 421.77265185042177 -1.0 1
92 nan 1.0 0.8 -1.0 1.0 424.63089933042465 424.6317325804246 424.994129670425 424.13294913042415 426.5543410058012 424.8636760504249 1.0 424.8636760504249 1.0 1
93 0.25 nan 0.8 1.0 1.0 427.83084597042784 427.83197919042783 428.14964742042815 427.26353604042725 429.7041265724847 428.02099362042804 -1.0 428.02099362042804 -1.0 1
94 1.0 nan 0.8 1.0 1.0 430.88064096043087 430.88160753043087 431.1918431704312 430.4111212504304 432.74754266413925 431.036725350431 -1.0 431.036725350431 -1.0 1
95 nan 0.25 0.8 -1.0 1.0 434.15408025043416 434.15521347043415 435.5432413204355 433.48844682043347 437.10424939716006 434.3622594304344 1.0 435.50411190043553 1.0 3
96 0.125 nan 0.8 1.0 1.0 439.3305625504393 439.33142913043935 439.5919364104396 437.81444751043784 441.15434475255836 439.36109283043936 -1.0 439.36109283043936 -1.0 1
97 1.0 nan 0.8 1.0 1.0 442.34709420044237 442.34839407044234 442.55244033044255 441.8718417304419 444.1207462780018 442.3029319504423 -1.0 442.3029319504423 -1.0 1
98 0.25 nan 0.8 1.0 1.0 447.71379081044773 447.7146573904477 447.981930660448 444.83794509044486 449.5374423017148 447.8624092804479 -1.0 447.8624092804479 -1.0 1
99 1.0 nan 0.8 1.0 1.0 450.68039412045067 450.6812273704507 450.84674415045083 450.2256396004502 452.3969501156572 450.6618626404507 -1.0 450.6618626404507 -1.0 1
100 nan 0.25 0.8 1.0 -1.0 454.80401505045484 454.8048149704548 455.032492200455 453.11215092045313 457.58732990974244 454.7965158004548 -1.0 454.7965158004548 -1.0 1
101 0.25 nan 0.8 1.0 1.0 459.11345073045914 459.11441730045914 459.3916229104594 458.3826238204584 460.946930234385 459.26813526045925 -1.0 459.26813526045925 -1.0 1
102 nan 1.0 0.8 -1.0 1.0 463.2870999904633 463.2879999004633 463.5607392904636 461.6592294604617 465.1205437870981 463.4648822104635 1.0 463.4648822104635 1.0 1
103 0.0625 nan 0.8 1.0 1.0 466.3967223304664 466.3976222404664 466.7364216904667 465.8431443604658 468.2968333838617 466.5868033204666 -1.0 466.5868033204666 -1.0 1
104 nan 0.25 0.8 -1.0 1.0 469.62033327046964 469.62123318046963 469.9107375604699 469.010327610469 471.4634421184837 469.66379559046965 -1.0 469.78461684046977 1.0 2
105 0.0625 nan 0.8 1.0 1.0 474.6201332404746 474.6211331404746 475.65512973047566 472.1816437804722 477.19664015321507 474.6878264704747 1.0 475.5885697204756 -1.0 4
106 nan 0.0625 0.8 1.0 -1.0 479.8033148704798 479.8043814304798 480.23173869048026 477.91203735047793 482.77993996984156 480.00352818048003 -1.0 480.00352818048003 -1.0 1
107 0.25 nan 0.8 1.0 1.0 484.23673815048426 484.23760473048424 484.4977453804845 483.5709380704836 486.0464514029119 484.3824569104844 -1.0 484.3824569104844 -1.0 1
108 nan 0.0625 0.8 -1.0 1.0 487.35339312048734 487.35422637048737 488.0892528604881 486.7580526604868 489.6531323127839 487.5253425904875 -1.0 487.987529700488 1.0 2
109 0.25 nan 0.8 1.0 1.0 491.04629046049104 491.0471570404911 491.33342841049136 490.3698247804904 492.8866348142489 491.007261030491 1.0 491.1772773604912 -1.0 2
110 nan 0.125 0.8 1.0 -1.0 494.1962754304942 494.1971086804942 494.2797670804943 493.5997350904936 496.82954186804375 494.1379146004941 -1.0 494.1379146004941 -1.0 1
111 0.25 nan 0.8 1.0 1.0 498.05322303049803 498.0543562504981 498.3906226204984 497.54104092049755 499.9531331378505 498.23917110049825 -1.0 498.23917110049825 -1.0 1
112 0.0 nan 0.8 1.0 1.0 502.6128336905026 502.61393358050265 502.93923438050297 500.66752824050064 504.5031330724904 502.7918824505028 -1.0 502.7918824505028 -1.0 1
113 0.25 nan 0.8 1.0 1.0 505.86264201050585 505.8635419205059 506.07215439050606 505.2995316605053 507.6363288387411 505.8609088505059 -1.0 505.8609088505059 -1.0 1
114 nan 0.25 0.8 -1.0 1.0 510.3959219705104 510.3968552105104 510.95343288051095 508.36242534050837 512.4959390652518 510.6007681505106 1.0 510.90637092051094 1.0 3
115 1.0 nan 0.8 1.0 1.0 513.8360445905139 513.8370444905138 514.2052410005142 513.2240391305132 515.7695456069436 513.986662860514 -1.0 513.986662860514 -1.0 1
116 0.25 nan 0.8 1.0 1.0 516.979196910517 516.9799968305169 517.2813333605172 516.4994448905165 518.8361423682148 516.996828480517 -1.0 517.1645783705171 -1.0 2
117 1.0 nan 0.8 1.0 1.0 520.0958518805201 520.0969517705201 520.3973217305204 519.5583389705196 521.9526322636896 520.2075073805203 -1.0 520.2075073805203 -1.0 1
118 0.25 nan 0.8 1.0 1.0 525.2290718405252 525.2301717305253 525.4973450105255 522.6712276505227 527.045649609417 525.3635917205254 -1.0 525.3635917205254 -1.0 1
119 0.125 nan 0.8 1.0 1.0 528.3190294805283 528.3201293705283 528.5303416805285 527.7713509205278 530.0790450728718 528.3166630505283 -1.0 528.3166630505283 -1.0 1
120 0.0 nan 0.8 1.0 1.0 532.5190761005325 532.5203759705325 535.7453534405357 530.8766403605309 537.3023275791176 532.7047908605327 -1.0 535.6236322805356 -1.0 2
121 0.25 nan 0.8 1.0 1.0 539.9287350605399 539.9295683105399 540.1953417305402 538.040723880538 541.7453460207994 540.07485378054 -1.0 540.07485378054 -1.0 1
122 nan 0.25 0.2 -1.0 1.0 542.935534350543 542.9365009205429 544.1279484305442 542.4663479405425 545.685854769186 543.0926186405432 1.0 544.1120833505441 1.0 4
123 nan 0.25 0.2 -1.0 1.0 548.0452899905481 548.046423210548 548.3939551205484 546.4068538505464 549.9619350464834 548.2200391805483 -1.0 548.2200391805483 -1.0 1
124 nan 0.125 0.2 -1.0 1.0 551.2019076305512 551.2027075505512 551.3005311005513 550.6550289905507 552.8452375092797 551.1594452105512 1.0 551.1594452105512 1.0 1
125 nan 0.0 0.2 -1.0 1.0 554.1686109305542 554.1696441605542 554.7082236305547 553.5680376605536 556.2618528636546 554.3633247905543 1.0 554.6809596905547 1.0 2
126 0.125 nan 0.2 1.0 1.0 559.9686642005599 559.9695307805599 560.2329377705603 557.0630547905571 561.8019440191755 560.0893188005601 -1.0 560.0893188005601 -1.0 1
127 nan 0.0625 0.2 -1.0 1.0 563.2949648705633 563.2957981205633 563.6065337105637 562.5435400205625 565.1783400122602 563.4886455005635 1.0 563.4886455005635 1.0 1
128 nan 0.25 0.2 -1.0 1.0 568.6351308005686 568.6360307105687 568.9265349905689 565.9021374605659 570.5017391761178 568.8091800605688 1.0 568.8091800605688 1.0 1
129 nan 0.0625 0.2 -1.0 1.0 571.8114798005719 571.8123130505718 572.1940415405722 571.2382371305713 573.7614458055469 571.8518424305719 1.0 572.1746434805722 1.0 2
130 nan 0.25 0.2 -1.0 1.0 575.001560760575 575.0025939905751 575.2480361105753 574.4853457205745 576.8183431605664 575.1472461905752 1.0 575.1472461905752 1.0 1
131 nan 0.0 0.2 -1.0 1.0 578.1614114105781 578.1621780005781 578.4775464605785 577.5448397405776 580.0447517489249 578.0936848505781 1.0 578.4253516805784 1.0 2
132 nan 1.0 0.2 -1.0 1.0 583.9349006705839 583.9357672505839 584.2314376805842 580.7495525705807 585.7946387108549 584.0925182405841 1.0 584.0925182405841 1.0 1
133 nan 1.0 0.2 -1.0 1.0 587.2515023105873 587.2523688905873 587.5517389505876 586.5995341805866 589.1183446317915 587.4271514105874 1.0 587.4271514105874 1.0 1
134 nan 0.0 0.2 -1.0 1.0 590.3111963105903 590.3126295005903 593.6396301005936 589.8243450005898 595.2014375266116 590.4838457105905 -1.0 593.5680039305936 1.0 4
135 nan 1.0 0.2 -1.0 1.0 596.4776462705964 596.4785128505965 596.7971476505968 595.9313342405959 598.3611499816964 596.6574282905966 1.0 596.6574282905966 1.0 1
136 nan 0.0 0.2 -1.0 1.0 599.6345638805997 599.6354637905996 599.9387334605999 599.0859520805991 601.4943435762369 599.7986474705998 1.0 599.7986474705998 1.0 1
137 nan 0.0 0.2 -1.0 1.0 611.1844421106111 611.1856086606111 618.8137457706188 602.2224384006022 620.3773444231033 614.0823189606141 1.0 618.6611610306187 1.0 2
138 0.25 nan 0.2 1.0 1.0 623.3340603606233 623.3350602606233 623.7012569706237 621.1785426006212 625.2605314853173 623.5036767306235 -1.0 623.5036767306235 -1.0 1
139 nan 0.25 0.2 -1.0 1.0 626.4674803206265 626.4683135706265 626.9266344006269 625.999627110626 628.5008300522044 626.7397864206267 1.0 626.7397864206267 1.0 1
140 nan 0.125 0.2 -1.0 1.0 629.89377099063 629.8946042406299 630.3044299206304 629.3201283606294 631.8674341378023 630.1482122106302 1.0 630.1482122106302 1.0 1
141 1.0 nan 0.2 1.0 1.0 633.1103493006331 633.1112158806332 633.4126524006334 632.6044332306326 634.98395244034 633.2702666406333 -1.0 633.2702666406333 -1.0 1
142 nan 0.25 0.2 -1.0 1.0 636.2270042706363 636.2278041906362 636.5928343506366 635.7126557106358 638.1673432843537 636.4284841206364 1.0 636.4284841206364 1.0 1
143 nan 0.25 0.2 -1.0 1.0 639.5269409106395 639.5277408306396 639.8589410406398 638.8996369806389 641.426944981208 639.7251877506397 1.0 639.7251877506397 1.0 1
144 nan 1.0 0.2 -1.0 1.0 642.6337968606426 642.6346967706427 642.973929510643 642.1553447106421 644.5268386238961 642.7632172506428 1.0 642.7632172506428 1.0 1
145 0.125 nan 0.2 1.0 1.0 646.000760130646 646.002026670646 646.3971538206464 645.2609341206453 647.9600280067685 646.1806088106462 -1.0 646.1806088106462 -1.0 1
146 nan 0.125 0.2 -1.0 1.0 649.4336834706494 649.4345833806494 649.9125355806499 648.6972237906486 651.4838371253113 649.7361532206497 1.0 649.7361532206497 1.0 1
147 0.125 nan 0.2 1.0 1.0 652.6934241306527 652.6945240206527 653.2450356306532 652.2202381206522 654.817034048667 652.8932374806529 -1.0 653.2448023206532 -1.0 2
148 nan 0.25 0.2 -1.0 1.0 656.2932641106563 656.2940973606563 656.6446289706566 655.6330301406556 658.216833512285 656.4795121506564 1.0 656.4795121506564 1.0 1
149 nan 0.125 0.2 -1.0 1.0 659.4098190906594 659.4107190006595 659.7217545606597 658.948431900659 661.283529030149 659.6032664106596 1.0 659.6032664106596 1.0 1
150 nan 1.0 0.2 -1.0 1.0 662.5598707206626 662.5610039406625 662.8982368806629 662.012025510662 664.4598390379656 662.7479185806627 1.0 662.7479185806627 1.0 1
151 nan 1.0 0.2 -1.0 1.0 665.7335533206657 665.7346198806657 666.050454960666 665.1951405006652 667.616830828611 665.9019031506659 1.0 665.9019031506659 1.0 1
152 nan 0.125 0.2 -1.0 1.0 669.0430556706691 669.0442222206691 669.4034529606694 668.3467253106684 670.9667520567419 669.2638669206692 1.0 669.2638669206692 1.0 1
153 0.125 nan 0.2 1.0 1.0 672.4430156406725 672.4438155606724 673.1114487906731 671.6966569506717 674.6833560864486 672.6422957106727 -1.0 672.985894680673 -1.0 2
154 nan 0.125 0.2 -1.0 1.0 675.8929372806759 675.8940705006759 676.2287370306763 675.3984534006754 677.7928407292989 676.0937172006761 1.0 676.0937172006761 1.0 1
155 nan 0.25 0.2 -1.0 1.0 679.2332032206792 679.2340031406792 679.4959436106795 678.5939338206786 681.0596478466033 679.3920206706794 1.0 679.3920206706794 1.0 1
156 nan 0.25 0.2 -1.0 1.0 682.3831215306824 682.3842880806824 682.6007331006826 681.7719493206818 684.1663427915171 682.4013530406824 1.0 682.4013530406824 1.0 1
157 nan 0.0 0.2 -1.0 1.0 685.3760555406853 685.3769221206854 685.902636210686 684.8824382406849 687.4593433629245 685.3857879006854 1.0 685.8296768406858 1.0 3
158 nan 0.0625 0.2 -1.0 1.0 690.0496548006901 690.0508213506901 690.3773553606903 688.1755422306882 691.9495303377336 690.2583006006903 1.0 690.2583006006903 1.0 1
159 nan 1.0 0.2 -1.0 1.0 693.2425354806933 693.2434353906932 693.5088421806935 692.6740256706927 695.0662447743318 693.3946202706934 1.0 693.3946202706934 1.0 1
160 nan 0.25 0.2 -1.0 1.0 696.3425921106964 696.3436920006964 696.7041559506968 695.7846479106958 698.2592351630075 696.5356394706965 1.0 696.5356394706965 1.0 1
161 nan 0.125 0.2 -1.0 1.0 700.966063050701 700.966929630701 701.2482348307012 698.974428900699 702.8091392300752 701.1352794607011 1.0 701.1352794607011 1.0 1
162 nan 0.0 0.2 -1.0 1.0 705.4160846707055 705.4171845607054 706.983227940707 703.5414388207035 708.5424564488399 705.7498179607057 1.0 706.897903140707 1.0 2
163 0.25 nan 0.8 -1.0 -1.0 711.2825313007113 711.2833978807113 711.3660896107114 709.3590570007094 713.9255342422063 711.2421353407112 1.0 711.2421353407112 1.0 1
164 0.125 nan 0.8 1.0 1.0 715.2824646007153 715.2833311807153 715.5857342707156 714.6451283407147 717.1492393459265 715.4507477707155 -1.0 715.4507477707155 -1.0 1
165 nan 0.0 0.8 -1.0 1.0 718.5088419307185 718.5099418207185 722.6086319107226 717.8624399107179 724.1657394170667 718.7564171707188 -1.0 722.5680359707226 1.0 5
166 0.0 nan 0.8 -1.0 -1.0 725.3585902207253 725.3594901307254 725.7411519607258 724.8895371307249 728.2988561660851 725.5937000407256 1.0 725.5937000407256 1.0 1
167 0.125 nan 0.8 1.0 1.0 729.6252968407297 729.6263967307297 729.8956364707299 729.016257750729 731.4655473038782 729.7990128007298 -1.0 729.7990128007298 -1.0 1
168 0.25 nan 0.8 1.0 1.0 733.6918901407337 733.6929900307337 734.078551470734 732.1765416907322 735.6486304958128 733.8662727007339 -1.0 733.8662727007339 -1.0 1
169 0.0625 nan 0.8 1.0 1.0 737.008491780737 737.009591670737 737.2764316507373 736.3341258907363 738.8321371316597 737.1763083307371 -1.0 737.1763083307371 -1.0 1
170 1.0 nan 0.8 1.0 1.0 742.5751017307426 742.5761682907425 742.8107448307428 739.5482377807396 744.3583415530172 742.6948564207427 -1.0 742.6948564207427 -1.0 1
171 0.25 nan 0.8 1.0 1.0 745.6651593607456 745.6661259307457 745.8913367407459 745.1935398607452 747.441644768234 745.7835808507458 -1.0 745.7835808507458 -1.0 1
172 1.0 nan 0.8 1.0 1.0 749.7153876307498 749.7163542007497 749.95093074075 748.1549436907482 751.5155392461227 749.8354422907498 -1.0 749.8354422907498 -1.0 1
173 nan 0.125 0.8 -1.0 1.0 754.5247399807546 754.5260065207545 755.5485375907556 752.2327358707522 757.1151431226184 754.7125212007547 -1.0 755.4349156207554 1.0 3
174 0.125 nan 0.8 1.0 1.0 758.3414249407583 758.3422248607584 758.5499374207585 757.8385419007578 760.1081448199656 758.3679222907584 -1.0 758.3679222907584 -1.0 1
175 0.25 nan 0.8 1.0 1.0 762.7147209007627 762.7157874607627 762.9610296007629 760.8261431107609 764.5080389035281 762.8591731207629 -1.0 762.8591731207629 -1.0 1
176 nan 0.125 0.8 -1.0 1.0 766.6148975107666 766.6157307607666 766.970728590767 765.2333356807652 768.5245392434013 766.7569833007668 -1.0 766.7569833007668 -1.0 1
177 0.0 nan 0.8 -1.0 -1.0 770.8313758207709 770.8323090607709 771.2309691907712 769.2140375707693 773.7980426340439 771.0829839907711 1.0 771.0829839907711 1.0 1
178 0.0 nan 0.8 1.0 1.0 775.091149800775 775.0922496907751 775.3224266707754 774.5114411107745 776.8744560947974 775.2281361007753 -1.0 775.2281361007753 -1.0 1
179 0.0625 nan 0.8 1.0 1.0 778.1479440907782 778.1488440007781 778.3998522307784 777.6708584707777 779.9646352836041 778.2822973207783 -1.0 778.2822973207783 -1.0 1
180 nan 0.0625 0.8 -1.0 1.0 782.0076914107821 782.008791300782 782.5685353207825 780.6661255807807 784.1243417808495 782.1471441307822 -1.0 782.1471441307822 -1.0 1
181 0.25 nan 0.8 1.0 1.0 786.2479006807863 786.2487006007863 786.4855435807865 784.8281426707848 788.0482505821656 786.3838537507864 -1.0 786.3838537507864 -1.0 1
182 0.25 nan 0.8 1.0 1.0 790.3741213507903 790.3749546007904 790.7261528107907 788.7556498807887 792.2742332671128 790.5184402507905 -1.0 790.5184402507905 -1.0 1
183 0.0 nan 0.8 1.0 1.0 794.6643589507946 794.6651922007946 794.977127670795 792.978627540793 796.5310357726416 794.8477072807949 -1.0 794.8477072807949 -1.0 1
184 0.25 nan 0.8 1.0 1.0 798.7406512807987 798.7417845007988 798.968628480799 797.2368350107972 800.5310361072893 798.8664387007989 -1.0 798.8664387007989 -1.0 1
185 0.25 nan 0.8 1.0 1.0 801.7239529208017 801.7250861408017 802.004358210802 801.2474339108013 803.5573351739192 801.8481405008018 -1.0 801.8481405008018 -1.0 1
186 nan 0.125 0.8 1.0 -1.0 804.7973788808048 804.7986787508048 804.9123673808049 804.2567329508042 807.4640419066391 804.7504835708047 -1.0 804.7504835708047 -1.0 1
187 0.125 nan 0.8 1.0 1.0 809.7737478608097 809.7746144408097 810.0675518108101 808.1714414408082 811.6237493651103 809.94039786081 -1.0 809.94039786081 -1.0 1
188 0.25 nan 0.8 1.0 1.0 813.0307887908131 813.0318553508131 813.2312354108133 812.4312487508124 814.7973443876845 813.1254126608131 -1.0 813.1254126608131 -1.0 1
189 nan 0.0625 0.8 -1.0 1.0 817.1570427908172 817.1577760508171 817.4795438708175 815.5138404608156 819.030550921982 817.3686882908174 1.0 817.3686882908174 1.0 1
190 1.0 nan 0.8 1.0 1.0 821.3569227608214 821.3576893508214 821.5795338308216 819.7449506408198 823.1303471122768 821.4677783408215 -1.0 821.4677783408215 -1.0 1
191 nan 0.25 0.8 -1.0 1.0 825.3402243908254 825.3412909508254 825.6337283708257 823.8109440008238 827.1901385884481 825.5239726808255 1.0 825.5239726808255 1.0 1
192 1.0 nan 0.8 1.0 1.0 832.3135936508323 832.3144935608324 832.5870329708326 827.900235030828 834.1472403597212 832.4394144008324 -1.0 832.4394144008324 -1.0 1
193 1.0 nan 0.8 1.0 1.0 835.4065843208355 835.4074509008354 835.6212295208356 834.8624387408348 837.1803378488012 835.5355380908355 -1.0 835.5355380908355 -1.0 1
194 1.0 nan 0.8 1.0 1.0 839.5565692808395 839.5577025008396 839.8329416408399 837.900034950838 841.3969472189879 839.7027879908397 -1.0 839.7027879908397 -1.0 1
195 nan 1.0 0.8 -1.0 1.0 843.4898425808435 843.4906091708435 843.8352413708438 842.1093473108422 845.3898496310385 843.6975884708437 1.0 843.6975884708437 1.0 1
196 1.0 nan 0.8 1.0 1.0 846.6131968808467 846.6142301108466 846.8041444508468 846.1050477008461 848.3564443663629 846.7040211308467 -1.0 846.7040211308467 -1.0 1
197 0.25 nan 0.8 1.0 1.0 850.8965351708509 850.8975017408509 851.1523429208512 849.1775404208491 852.7132534487756 851.0231225108511 -1.0 851.0231225108511 -1.0 1
198 1.0 nan 0.8 1.0 1.0 854.3062608308543 854.3070940808543 854.5774337108546 853.3909523708534 856.1300454581009 854.4544126808545 -1.0 854.4544126808545 -1.0 1
199 0.25 nan 0.8 1.0 1.0 858.1561758008581 858.1570090508582 858.3505563608584 856.8360411608569 859.9299575206061 858.2502330608582 -1.0 858.2502330608582 -1.0 1
200 1.0 nan 0.8 1.0 1.0 861.1395107708612 861.1403106908612 861.3948519008615 860.6582589008607 862.9562604955581 861.1714075808612 -1.0 861.3840863108614 -1.0 2
201 0.25 nan 0.8 1.0 1.0 866.1297450308662 866.1308782508661 866.4070506308664 863.6632583708637 867.9798574040134 866.2834963208663 -1.0 866.2834963208663 -1.0 1
202 0.0625 nan 0.8 -1.0 -1.0 870.3559223708704 870.3567889508704 874.046386620874 868.6973549108687 876.606059226601 870.4938752408705 -1.0 873.958728720874 1.0 5
203 nan 0.125 0.8 -1.0 1.0 879.6292282808796 879.6302948408796 879.98955891088 877.3378574408773 881.5628343024007 879.8611050908798 1.0 879.8611050908798 1.0 1
204 0.0625 nan 0.8 1.0 1.0 882.8891355908829 882.8902354808829 883.2803298008832 882.2992279208823 884.8391351472126 883.1177460608832 -1.0 883.1177460608832 -1.0 1
205 0.0625 nan 0.8 1.0 1.0 886.1793398708862 886.1805064208862 886.4036507708864 885.5650346408855 887.9724440565261 886.1596418408861 -1.0 886.1596418408861 -1.0 1
206 nan 1.0 0.8 -1.0 1.0 890.06251818089 890.0634180908901 890.3638547108903 888.7984446008888 891.9293578652296 890.2295348108902 1.0 890.2295348108902 1.0 1
207 0.125 nan 0.8 1.0 1.0 893.1223121708931 893.1233787308931 893.4417468908935 892.6591584908927 895.0056547448268 893.2894954508934 -1.0 893.2894954508934 -1.0 1
208 1.0 nan 0.8 1.0 1.0 896.4291814508964 896.4303146708965 896.5918318508966 895.7341509608957 898.1555416858555 896.4428467508965 -1.0 896.4428467508965 -1.0 1
209 0.0625 nan 0.8 1.0 1.0 899.5289381108995 899.5299380108995 899.6835559808997 898.8803363108989 901.2459566666878 899.5005076208995 -1.0 899.5005076208995 -1.0 1
210 nan 1.0 0.2 -1.0 1.0 903.7054204209037 903.7064869809037 903.986958930904 901.973360310902 905.562635390518 903.8811361809039 1.0 903.8811361809039 1.0 1
211 nan 0.125 0.2 -1.0 1.0 907.971960390908 907.973093610908 908.2739301909082 906.2972278809063 909.8387348034609 908.1582750909082 1.0 908.1582750909082 1.0 1
212 nan 0.0625 0.2 -1.0 1.0 912.4956413109126 912.4966745409125 912.990858450913 910.5707338209106 914.5553312040464 912.6501925209127 -1.0 912.9246317409129 1.0 2
213 nan 0.125 0.2 -1.0 1.0 915.7619813109158 915.7629478809158 916.0796495409161 915.2916283509153 917.6455500094927 915.9498958509159 1.0 915.9498958509159 1.0 1
214 nan 0.0625 0.2 1.0 -1.0 918.988425300919 918.989558520919 919.1292112209192 918.3677540409184 921.6955429867992 919.016655810919 -1.0 919.016655810919 -1.0 1
215 nan 0.125 0.2 -1.0 1.0 923.3549552709234 923.3557885209234 924.1693404909241 922.5306377109225 925.7383439033631 923.8619712309239 1.0 924.1005807009241 1.0 2
216 nan 0.125 0.2 -1.0 1.0 927.0952812009272 927.0963810909271 927.4561451109274 926.4786428709265 929.0217495882927 927.3174589809273 1.0 927.3174589809273 1.0 1
217 nan 0.25 0.2 -1.0 1.0 931.5285045009315 931.5293044209316 931.8033436809318 929.7509489409298 933.3784486531547 931.7046535509318 1.0 931.7046535509318 1.0 1
218 nan 0.0625 0.2 1.0 -1.0 934.6881885009346 934.6892550609347 934.7895783609348 934.1113461909341 937.3617496439775 934.6232616609346 -1.0 934.6232616609346 -1.0 1
219 nan 1.0 0.2 -1.0 1.0 938.7214184709387 938.7225183609387 939.1544418309392 938.093147970938 940.7213481775075 938.8989007209389 1.0 939.0666839409391 1.0 2
220 nan 0.125 0.2 -1.0 1.0 942.1950710709422 942.1961043009422 942.5409364809426 941.4490456809415 944.1047437326744 942.4044834609424 1.0 942.4044834609424 1.0 1
221 nan 0.25 0.2 -1.0 1.0 945.5116727109455 945.5127059409455 945.8140424709459 944.8323406509448 947.3783474846852 945.7070198409457 1.0 945.7070198409457 1.0 1
222 nan 1.0 0.2 -1.0 1.0 948.5712333909486 948.5719999809486 948.8789359509489 948.1032468609482 950.4379441779704 948.7354836309487 1.0 948.7354836309487 1.0 1
223 nan 0.125 0.2 -1.0 1.0 953.6113959909536 953.6122292409536 953.998157310954 951.1643407209511 955.5615503376274 953.8571047509539 1.0 953.8571047509539 1.0 1
224 nan 0.0 0.2 -1.0 1.0 957.037819980957 957.0388532109571 957.3153588909573 956.4063498009564 958.8711371770905 957.1232114409571 1.0 957.1232114409571 1.0 1
225 0.0625 nan 0.2 1.0 1.0 960.1113459309602 960.1124458209601 961.2588311709612 959.5952308809597 962.8210375681541 960.3419228709604 -1.0 961.1534083809612 -1.0 3
226 nan 0.0625 0.2 -1.0 1.0 964.0612509009641 964.0623841209641 964.4339469609645 963.5496354009636 965.9947493022113 964.3226580909643 1.0 964.3226580909643 1.0 1
227 nan 0.0 0.2 -1.0 1.0 967.3209249009674 967.3220247909674 967.990457940968 966.7279508709668 969.5612612983003 967.6368599709676 1.0 967.908266160968 1.0 2
228 nan 0.125 0.2 -1.0 1.0 970.8207748809708 970.8219081009709 971.1002469309711 970.2883614609703 972.6611560210645 970.8547381509709 1.0 971.029820640971 1.0 2
229 nan 1.0 0.2 -1.0 1.0 974.954128170975 974.9551614009749 975.3938508609754 973.3851517509734 976.9539566321232 975.1162119609751 1.0 975.1162119609751 1.0 1
230 nan 1.0 0.2 -1.0 1.0 978.2942274609783 978.2954606709783 978.5797322409786 977.6833552209777 980.1443430997796 978.4580777409785 1.0 978.4580777409785 1.0 1
231 nan 0.0625 0.2 -1.0 1.0 982.5705664509826 982.5716996709825 982.9213313709829 980.8656369609809 984.4873398575697 982.8063762009829 1.0 982.8063762009829 1.0 1
232 0.0625 nan 0.2 1.0 1.0 986.5775657109866 986.5786322709866 987.1524415509872 985.1878380309852 988.7039479553703 986.8559045409869 -1.0 987.0230544909871 -1.0 2
233 nan 0.125 0.2 -1.0 1.0 989.94419568099 989.94522891099 990.2729294709903 989.4252475809894 991.844155918889 990.1264107909901 1.0 990.1264107909901 1.0 1
234 nan 0.0 0.2 -1.0 1.0 993.2537646909933 993.2548312509932 997.4932407009975 992.6731560909927 999.0606461183505 993.3447889209933 -1.0 997.3866180309974 1.0 7
235 nan 1.0 0.2 -1.0 1.0 1000.4869746310005 1000.4880411910005 1000.7374495810008 999.8061427209998 1002.303554565436 1000.6337932810006 1.0 1000.6337932810006 1.0 1
236 1.0 nan 0.2 1.0 1.0 1003.5438022510035 1003.5446355010035 1003.980158611004 1003.012755361003 1005.5440381684052 1003.6969202710037 -1.0 1003.8613038310039 -1.0 2
237 nan 0.125 0.2 -1.0 1.0 1007.6201279110077 1007.6215611010076 1007.9005332010079 1006.2585307510062 1009.4604391695124 1007.7904108810078 1.0 1007.7904108810078 1.0 1
238 0.0625 nan 0.2 1.0 1.0 1011.8200745410119 1011.8211411010118 1012.0923473110121 1010.1795386110102 1013.6534518510578 1011.984991381012 -1.0 1011.984991381012 -1.0 1
239 nan 1.0 0.2 -1.0 1.0 1016.2602971410163 1016.2613970310163 1017.1718393110172 1014.3766521910144 1018.7367468177266 1016.4998065210165 1.0 1017.1609737310172 1.0 4
240 nan 0.125 0.2 -1.0 1.0 1021.0601837710211 1021.061316991021 1021.3481549710214 1019.4621435910195 1022.9032595574063 1021.2389992210212 1.0 1021.2389992210212 1.0 1
241 nan 0.0625 0.2 1.0 -1.0 1024.1101454110242 1024.1112453010242 1024.177905301024 1023.6260604910236 1026.7365491884962 1024.054917601024 -1.0 1024.054917601024 -1.0 1
242 nan 0.0 0.2 1.0 -1.0 1027.960060381028 1027.961193601028 1028.4758421310285 1027.4561441110275 1031.0365513426686 1028.1298767310282 -1.0 1028.4512445910284 -1.0 3
243 nan 0.0 0.2 -1.0 1.0 1032.2266336810321 1032.2277669010323 1032.4552441510325 1031.7266503510318 1034.0197429033308 1032.2250338410322 1.0 1032.2250338410322 1.0 1
244 nan 0.0 0.2 -1.0 1.0 1036.2931603210363 1036.2940602310364 1036.901832781037 1034.855237461035 1038.4530405771527 1036.5004062610365 -1.0 1036.5004062610365 -1.0 1
245 nan 1.0 0.2 -1.0 1.0 1039.7097186310398 1039.7106518710398 1040.00195607104 1039.1747388010392 1041.5598581747367 1039.8385724110399 1.0 1039.8385724110399 1.0 1
246 nan 0.125 0.2 -1.0 1.0 1042.8529042810428 1042.853904181043 1043.2795616110434 1042.2814614310423 1044.8433413521418 1043.034986071043 1.0 1043.034986071043 1.0 1
247 0.125 nan 0.2 -1.0 -1.0 1046.069415931046 1046.070515821046 1046.5904971510465 1045.5640331410457 1049.1598363233584 1046.2500312010463 1.0 1046.5490679610466 1.0 2
248 nan 0.0 0.2 -1.0 1.0 1050.4527775510505 1050.4537774510504 1050.7785449710507 1049.8827345610498 1052.336049086346 1050.6666561610507 1.0 1050.6666561610507 1.0 1
249 0.125 nan 0.2 1.0 1.0 1053.5928635110536 1053.5937300910537 1053.8243403610538 1053.053850751053 1055.3860479015004 1053.6346926610536 -1.0 1053.6346926610536 -1.0 1
250 nan 0.0 0.2 1.0 -1.0 1056.7761784810568 1056.7769784010568 1057.159973431057 1056.117244381056 1059.7193472644385 1056.845238241057 1.0 1056.845238241057 1.0 1
251 0.25 nan 0.2 1.0 1.0 1061.8594367710618 1061.8605699910618 1062.2092351210622 1060.4395454410605 1063.7762423152587 1062.022487131062 -1.0 1062.022487131062 -1.0 1
252 nan 0.125 0.2 -1.0 1.0 1065.2357657710652 1065.2368323310652 1065.5711322310656 1064.5015392010646 1067.1190410911672 1065.4062820510653 1.0 1065.4062820510653 1.0 1
253 nan 0.25 0.2 -1.0 1.0 1069.1592067210693 1069.160106631069 1069.6441582210696 1067.8359390610678 1071.209449856718 1069.5271699210696 1.0 1069.5271699210696 1.0 1
254 0.25 nan 0.8 1.0 1.0 1072.5356690410727 1072.5367022710725 1072.979158021073 1072.0587500710722 1074.5357366972737 1072.7817111010727 -1.0 1072.965159421073 -1.0 2
255 nan 0.0625 0.8 -1.0 1.0 1075.7760116410757 1075.7769782110759 1076.1782380810762 1075.2569302210752 1077.7424422524605 1076.0662159510762 1.0 1076.0662159510762 1.0 1
256 0.125 nan 0.8 1.0 1.0 1079.118877321079 1079.119910551079 1079.4283463710794 1078.4606431510786 1080.9855545811538 1079.3041921210793 -1.0 1079.3041921210793 -1.0 1
257 0.125 nan 0.8 1.0 1.0 1083.909131581084 1083.9101648110839 1084.1920366210843 1081.6736551510817 1085.768843681199 1084.0732818310842 -1.0 1084.0732818310842 -1.0 1
258 0.0 nan 0.8 -1.0 -1.0 1087.2257998810871 1087.2267664510873 1088.3414216410883 1086.4985392810866 1090.8922593901425 1087.5169707610876 -1.0 1088.2186339210882 1.0 3
259 0.125 nan 0.8 1.0 1.0 1092.2853272110924 1092.2863271110923 1092.5842639810926 1091.6106613510917 1094.1590422590214 1092.4755748510925 -1.0 1092.4755748510925 -1.0 1
260 1.0 nan 0.8 1.0 1.0 1095.3519205210953 1095.3529537510954 1095.6718551910956 1094.8779345910948 1097.2185573646757 1095.5392684510955 -1.0 1095.5392684510955 -1.0 1
261 0.125 nan 0.8 1.0 1.0 1098.5587664710986 1098.5598996910985 1098.795942751099 1097.939261761098 1100.3518538580252 1098.6948195310988 -1.0 1098.6948195310988 -1.0 1
262 0.0625 nan 0.8 1.0 1.0 1101.5920964411016 1101.5931963311016 1101.890933221102 1101.067348921101 1103.4351440760172 1101.7535469611018 -1.0 1101.7535469611018 -1.0 1
263 0.0625 nan 0.8 1.0 1.0 1104.858703081105 1104.8597696411048 1105.108244791105 1104.1563399911042 1106.6517509569944 1104.981990751105 -1.0 1104.981990751105 -1.0 1
264 1.0 nan 0.8 1.0 1.0 1107.8251064111078 1107.826072981108 1108.116643921108 1107.3737515511075 1109.6682429782757 1108.014587461108 -1.0 1108.014587461108 -1.0 1
265 1.0 nan 0.8 1.0 1.0 1111.1753713511112 1111.176337921111 1111.4492439611115 1110.5183370611105 1113.025446975827 1111.3322556611113 -1.0 1111.3322556611113 -1.0 1
266 0.0625 nan 0.8 1.0 1.0 1114.5016053611146 1114.5026052611145 1114.8620359811148 1113.7493472611138 1116.4349427051159 1114.7363818811148 -1.0 1114.7363818811148 -1.0 1
267 0.0625 nan 0.8 1.0 1.0 1120.02488631112 1120.02581955112 1124.788143271125 1117.1657389211173 1126.3583460984946 1123.3640856911234 1.0 1124.6416912511247 -1.0 5
268 1.0 nan 0.8 1.0 1.0 1127.6512902611278 1127.6523568211276 1127.923263061128 1127.1087445211272 1129.4916381437995 1127.8155738311277 -1.0 1127.8155738311277 -1.0 1
269 0.0625 nan 0.8 1.0 1.0 1130.8179735611309 1130.8189734611308 1131.176537701131 1130.2177335911301 1132.758043286638 1131.043817641131 -1.0 1131.043817641131 -1.0 1
270 0.0625 nan 0.8 1.0 1.0 1134.167905201134 1134.1689051011342 1134.6321587711348 1133.4527433911335 1136.2082600425042 1134.4040149211344 -1.0 1134.4040149211344 -1.0 1
271 0.125 nan 0.8 1.0 1.0 1137.5177701811376 1137.5188367411374 1137.8492370311378 1136.9339619011369 1139.4178478017748 1137.7301489411377 -1.0 1137.7301489411377 -1.0 1
272 0.25 nan 0.8 1.0 1.0 1140.6579561311407 1140.6587893811407 1141.1755377011411 1140.1415411111402 1142.7413439798565 1140.870534871141 -1.0 1141.052616661141 -1.0 2
273 0.25 nan 0.8 1.0 1.0 1143.967691791144 1143.9687250211439 1144.2821603411444 1143.4634422211434 1145.851061250778 1144.134875071144 -1.0 1144.134875071144 -1.0 1
274 0.125 nan 0.8 1.0 1.0 1148.1078444011482 1148.1089776211481 1148.3154569711483 1146.5745644111466 1149.8909632573652 1148.2201665011482 -1.0 1148.2201665011482 -1.0 1
275 0.125 nan 0.8 1.0 1.0 1151.3009250611512 1151.3019249611514 1153.8421375811538 1150.6125605711507 1155.4077644402653 1153.6552562711536 -1.0 1153.6552562711536 -1.0 1
276 0.0625 nan 0.8 1.0 1.0 1156.850770021157 1156.851836581157 1162.172537791162 1156.2566627711562 1163.7340452351332 1161.9004650011618 -1.0 1162.1020115111621 -1.0 2
277 0.0 nan 0.8 -1.0 -1.0 1165.1576725811651 1165.1586724811652 1172.9075308511729 1164.4704413111644 1175.4671366121538 1168.7276822111687 1.0 1172.8723677011728 1.0 4
278 1.0 nan 0.8 1.0 1.0 1176.7073508311767 1176.7081174211767 1177.073047591177 1176.2074341611763 1178.6337497038298 1176.887499481177 -1.0 1176.887499481177 -1.0 1
279 nan 0.125 0.8 -1.0 1.0 1180.05714915118 1180.05804906118 1180.6791536111807 1179.3642517811793 1182.2573573682005 1180.4784070211806 1.0 1180.4784070211806 1.0 1
280 1.0 nan 0.8 1.0 1.0 1183.6835198111837 1183.6843197311837 1184.020052821184 1182.985656271183 1185.5836584505896 1183.8636351311839 -1.0 1183.8636351311839 -1.0 1
281 0.25 nan 0.8 1.0 1.0 1186.8404374211868 1186.8412373411868 1187.1879360011872 1186.3163565011864 1188.750248562924 1186.991455651187 -1.0 1186.991455651187 -1.0 1
282 0.25 nan 0.8 1.0 1.0 1189.97359074119 1189.97452398119 1190.3639517011904 1189.4437437311894 1191.9334548450515 1190.1927354911902 -1.0 1190.1927354911902 -1.0 1
283 1.0 nan 0.8 1.0 1.0 1193.2071006911933 1193.2081339211932 1193.4859394711934 1192.6590555011926 1195.0570480630843 1193.3405873411934 -1.0 1193.3405873411934 -1.0 1
284 0.125 nan 0.8 1.0 1.0 1196.2499963711962 1196.2510629311962 1196.6208592811965 1195.7816432111958 1198.1834610091923 1196.4531093911964 -1.0 1196.4531093911964 -1.0 1
285 nan 0.25 0.8 -1.0 1.0 1199.4570423011994 1199.4580088711996 1199.9826564012 1198.908963781199 1201.5500533735424 1199.6882525111996 1.0 1199.9716575012 1.0 2
286 0.0625 nan 0.8 1.0 1.0 1203.0736139412031 1203.074613841203 1203.5917621212036 1202.4062473512024 1205.1499386478956 1203.3765503112033 -1.0 1203.3765503112033 -1.0 1
287 1.0 nan 0.8 1.0 1.0 1206.5734305912065 1206.5742305112067 1206.8394373212068 1205.874533821206 1208.4069416985826 1206.7166496012067 -1.0 1206.7166496012067 -1.0 1
288 nan 1.0 0.8 -1.0 1.0 1209.6830529312097 1209.6841528212096 1209.96515805121 1209.1319413812091 1211.540061305545 1209.83843739121 1.0 1209.83843739121 1.0 1
289 0.0625 nan 0.8 1.0 1.0 1212.7164162312126 1212.7174161312128 1215.1872357912152 1212.2340644712122 1216.7497456879755 1214.8293049212148 -1.0 1215.075780271215 -1.0 2
290 0.0625 nan 0.8 1.0 1.0 1217.989955491218 1217.990988721218 1219.3485529512193 1217.4747403512174 1220.9162560442217 1218.2576287212182 1.0 1219.2060672012192 -1.0 4
291 0.125 nan 0.8 1.0 1.0 1222.156438801222 1222.1572720512222 1223.027751661223 1221.6418569312216 1224.5899585056625 1222.5016709412225 -1.0 1222.998254611223 -1.0 3
292 0.0 nan 0.8 -1.0 -1.0 1225.916096131226 1225.9175293212259 1233.6183591612337 1225.3134564012253 1236.1826637288175 1226.4498760812264 1.0 1233.4519091412335 1.0 5
293 0.25 nan 0.8 1.0 1.0 1237.6728203412376 1237.6736202612376 1238.042450041238 1236.922062091237 1239.6062580917035 1237.904563831238 -1.0 1237.904563831238 -1.0 1
294 0.0 nan 0.8 -1.0 -1.0 1241.032584331241 1241.0335509012411 1241.6612547912416 1240.3312544712403 1244.215861044932 1241.067414181241 1.0 1241.5856290212416 1.0 2
295 0.0 nan 0.8 -1.0 -1.0 1245.4226786112454 1245.4238118312455 1246.1034771912462 1244.943159901245 1248.672551582249 1245.948426031246 1.0 1245.948426031246 1.0 1
296 0.125 nan 0.8 1.0 1.0 1249.91569593125 1249.91672916125 1250.3753499612503 1249.3993475712493 1251.9393574034418 1250.1388069512502 -1.0 1250.1388069512502 -1.0 1
297 0.0625 nan 0.8 1.0 1.0 1253.1156425712531 1253.1166758012532 1253.4995375112535 1252.6326575412527 1255.0724626024032 1253.3417532912533 -1.0 1253.3417532912533 -1.0 1
298 0.0625 nan 0.8 1.0 1.0 1256.4155125512564 1256.4166124412563 1256.6216586012567 1255.9243616712558 1258.1892644744416 1256.3898817812565 -1.0 1256.3898817812565 -1.0 1
299 1.0 nan 0.8 1.0 1.0 1262.3654841612624 1262.3664840612623 1262.8350372012628 1258.913462731259 1264.39884473277 1262.5762630812626 -1.0 1262.5762630812626 -1.0 1
300 0.25 nan 0.8 1.0 1.0 1265.6890851012656 1265.6900850012657 1266.1639376112662 1265.139840031265 1267.739142046866 1265.845369471266 -1.0 1266.080046001266 -1.0 2
301 0.125 nan 0.8 1.0 1.0 1268.965257451269 1268.966357341269 1269.3936479412694 1268.4726400512684 1270.9488519406268 1269.1827690312691 -1.0 1269.1827690312691 -1.0 1
302 nan 0.0625 0.8 -1.0 1.0 1272.2889583812723 1272.2899582812722 1272.7243481712728 1271.6776528512717 1274.2820552660753 1272.5508321912725 1.0 1272.5508321912725 1.0 1
303 0.125 nan 0.8 1.0 1.0 1275.6889183512758 1275.6899182512757 1275.8418363912758 1275.005353381275 1277.4054460309296 1275.6108261612756 -1.0 1275.6108261612756 -1.0 1
304 nan 0.0 0.8 1.0 -1.0 1278.6152256912787 1278.6162255912786 1279.3648507212795 1278.126641221278 1281.922154909295 1278.7378134312787 -1.0 1279.3317540312794 -1.0 3
305 nan 0.0 0.8 -1.0 1.0 1284.5150356512845 1284.5160688812846 1290.1839687012903 1282.6534551612826 1291.7552413024628 1290.0287842212902 1.0 1290.0287842212902 1.0 1
306 1.0 nan 0.8 1.0 1.0 1294.4482422312944 1294.4492088012944 1294.7421461712947 1292.4905380212924 1296.3051495483746 1294.6187585112946 -1.0 1294.6187585112946 -1.0 1
307 nan 0.0625 0.8 -1.0 1.0 1297.5149022012974 1297.5158354412974 1297.980955591298 1297.043049391297 1299.5384593647186 1297.7119824912977 1.0 1297.7119824912977 1.0 1
308 0.25 nan 0.8 1.0 1.0 1300.7647771813008 1300.7657437513008 1301.095744081301 1300.2728597113003 1302.6551440221426 1300.957524571301 -1.0 1300.957524571301 -1.0 1
309 0.25 nan 0.8 1.0 1.0 1304.147972161304 1304.1490387213041 1304.5197683113045 1303.5131356513036 1306.0883404236997 1304.3260543513043 -1.0 1304.3260543513043 -1.0 1
310 nan 1.0 0.8 -1.0 1.0 1307.3812488013075 1307.3822820313073 1307.7331469413077 1306.810639201307 1309.3049502114404 1307.5609641613075 1.0 1307.5609641613075 1.0 1
311 nan 1.0 0.8 -1.0 1.0 1310.6145921013106 1310.6155586713107 1310.9354600113109 1310.0274508213101 1312.5049630781166 1310.8004068513108 1.0 1310.8004068513108 1.0 1
312 nan 0.0 0.8 -1.0 1.0 1313.831137081314 1313.8321703113138 1314.3666501913144 1313.2279640713132 1315.921659418643 1314.2471621413142 1.0 1314.2471621413142 1.0 1
313 nan 1.0 0.2 -1.0 1.0 1317.2978237113173 1317.2987569513173 1317.6214580113176 1316.6453556313168 1319.18806366845 1317.4971037813175 1.0 1317.4971037813175 1.0 1
314 nan 0.25 0.2 -1.0 1.0 1323.5809953313235 1323.5819952313236 1334.4318434713343 1319.90106336132 1335.9879495425412 1334.1360063913341 1.0 1334.1360063913341 1.0 1
315 nan 0.0625 0.2 -1.0 1.0 1337.4640735513374 1337.4650401213376 1338.1261406713381 1336.7315468113368 1339.6807493916533 1337.7752757613378 1.0 1338.082045081338 1.0 2
316 nan 0.125 0.2 -1.0 1.0 1341.1045761313412 1341.105642691341 1341.4995699613414 1340.3906475313404 1343.0641456189012 1341.3522513613414 1.0 1341.3522513613414 1.0 1
317 0.125 nan 0.2 1.0 1.0 1344.2708928013442 1344.2719260313443 1344.7643434513448 1343.7731425813438 1346.314049960688 1344.6599205613447 -1.0 1344.6599205613447 -1.0 1
318 nan 0.0 0.2 -1.0 1.0 1347.5372994613476 1347.5381993713474 1348.6839514513488 1347.037049491347 1350.254156997313 1347.997086811348 1.0 1348.6684530013488 1.0 3
319 nan 0.125 0.2 -1.0 1.0 1351.6471884313517 1351.6481883313515 1352.1586706113521 1350.969356221351 1353.7206469786233 1351.8439020913518 1.0 1352.1118086313522 1.0 2
320 nan 0.0625 0.2 -1.0 1.0 1354.997186731355 1354.998053311355 1355.5176680113555 1354.4443420213545 1357.063858887903 1355.3259871813552 1.0 1355.3259871813552 1.0 1
321 nan 0.125 0.2 -1.0 1.0 1358.4375426613585 1358.4383092513585 1358.866666411359 1357.913761711358 1360.4205473174877 1358.7383125813587 1.0 1358.7383125813587 1.0 1
322 nan 1.0 0.2 -1.0 1.0 1361.5802950213615 1361.5812615913617 1362.020650981362 1361.123340721361 1363.5873549505857 1361.802372811362 1.0 1361.802372811362 1.0 1
323 nan 1.0 0.2 -1.0 1.0 1364.913528331365 1364.914528231365 1365.2625600913652 1364.2987564813643 1366.8207663948153 1365.1409722513652 1.0 1365.1409722513652 1.0 1
324 nan 0.0625 0.2 -1.0 1.0 1368.046914961368 1368.047814871368 1368.7025493913686 1367.5303666213676 1370.2704587546257 1368.5722624213686 1.0 1368.5722624213686 1.0 1
325 0.25 nan 0.2 1.0 1.0 1371.5634632713716 1371.5643965113716 1372.6472548813726 1370.987854171371 1374.1967620538708 1372.4098786213724 -1.0 1372.4098786213724 -1.0 1
326 0.125 nan 0.2 1.0 1.0 1375.4869375513756 1375.4880041113754 1380.00985188138 1374.915461371375 1381.54666172055 1379.5848943813796 1.0 1379.5848943813796 1.0 1
327 0.25 nan 0.2 -1.0 -1.0 1383.1868674813832 1383.1878673813833 1391.5376989813915 1382.2663595413824 1394.0798733073236 1391.3745819613914 1.0 1391.3745819613914 1.0 1
328 0.0625 nan 0.2 -1.0 -1.0 1395.4535406913956 1395.4546405813956 1402.3884804614024 1394.8068720313947 1404.9532546499138 1402.2550271414023 1.0 1402.2550271414023 1.0 1
329 nan 0.0625 0.2 -1.0 1.0 1406.1462046514062 1406.1471045614062 1406.5426650014065 1405.6801512614056 1408.1031685810137 1406.4057786914063 1.0 1406.4057786914063 1.0 1
330 0.125 nan 0.2 1.0 1.0 1409.4294429614094 1409.4303762014094 1409.86636593141 1408.8149710814089 1411.4365729634808 1409.7565435814097 -1.0 1409.7565435814097 -1.0 1
331 0.0625 nan 0.2 -1.0 -1.0 1412.812671271413 1412.8136378414129 1424.939391811425 1412.1494709314122 1427.512563255416 1413.7961729114138 1.0 1424.813871031425 1.0 4
332 nan 0.0625 0.2 -1.0 1.0 1428.7362787514287 1428.7373453114287 1429.200865621429 1428.2492607914282 1430.769470844092 1429.0575132914291 1.0 1429.0575132914291 1.0 1
333 0.125 nan 0.2 -1.0 -1.0 1432.012384441432 1432.013284351432 1433.5235666414335 1431.4790711114315 1436.102663193476 1433.3765480114334 1.0 1433.3765480114334 1.0 1
334 nan 0.0 0.2 -1.0 1.0 1437.5122677314375 1437.5131676414376 1449.068645311449 1436.928759421437 1450.635650962441 1448.976821161449 1.0 1448.976821161449 1.0 1
335 nan 0.0 0.2 -1.0 1.0 1451.961955951452 1451.962889191452 1453.4847703214534 1451.3708484014514 1455.0453459197422 1453.3518836114533 1.0 1453.3518836114533 1.0 1
336 nan 0.0 0.2 -1.0 1.0 1456.4855035514565 1456.4864701214565 1457.7274460114577 1455.7572430514558 1459.295351579783 1457.5591961714576 1.0 1457.5591961714576 1.0 1
337 0.25 nan 0.2 1.0 1.0 1460.6852835314608 1460.6864167514607 1461.034348621461 1460.01165090146 1462.602054922277 1460.8595327714609 -1.0 1460.8595327714609 -1.0 1
338 nan 0.125 0.2 -1.0 1.0 1463.928492511464 1463.929325761464 1464.2635590014643 1463.3188534814633 1465.8353636268728 1464.1399380314642 1.0 1464.1399380314642 1.0 1
339 nan 0.25 0.2 -1.0 1.0 1467.028415821467 1467.029282401467 1467.3164536814672 1466.5473639314666 1468.8853618121138 1467.1838336114672 1.0 1467.1838336114672 1.0 1
340 nan 0.0625 0.2 -1.0 1.0 1470.12830580147 1470.1292057114701 1470.5288657414706 1469.6008585514696 1472.09507027823 1470.3874132214703 1.0 1470.3874132214703 1.0 1
341 nan 0.0 0.2 -1.0 1.0 1473.3686817314733 1473.3698149514735 1473.8277691514738 1472.8087710614727 1475.3950757744892 1473.5157670214735 1.0 1473.5157670214735 1.0 1
342 nan 0.0 0.2 -1.0 1.0 1476.7353783614767 1476.7364449214767 1477.117273501477 1476.107174521476 1478.6852764132332 1476.7962722714767 1.0 1477.062845611477 1.0 2
343 nan 1.0 0.2 -1.0 1.0 1479.97808739148 1479.97902063148 1480.3399512014803 1479.4415743814795 1481.9184640028552 1480.2032982014803 1.0 1480.2032982014803 1.0 1
344 nan 0.0625 0.2 -1.0 1.0 1483.2281623514832 1483.2292955714831 1483.6508534114837 1482.5990586014825 1485.2182607666155 1483.5171001214835 1.0 1483.5171001214835 1.0 1
345 nan 0.25 0.2 -1.0 1.0 1486.6447206614866 1486.6455872414867 1487.1335717714871 1485.929958811486 1488.6947521260365 1486.8480336614869 1.0 1486.8480336614869 1.0 1
346 nan 0.0625 0.2 -1.0 1.0 1490.1348049514902 1490.13583818149 1490.6069577314906 1489.3710480014895 1492.1850490910842 1490.4772040414905 1.0 1490.4772040414905 1.0 1
347 nan 0.125 0.2 -1.0 1.0 1493.6112239414936 1493.6121238514936 1493.945157211494 1493.049246811493 1495.5183604553488 1493.826502411494 1.0 1493.826502411494 1.0 1
348 1.0 nan 0.2 1.0 1.0 1498.1278055714981 1498.1287054814982 1498.4773706114986 1496.2321618214962 1500.0445757960879 1498.3607489414983 -1.0 1498.3607489414983 -1.0 1
349 nan 0.125 0.2 -1.0 1.0 1501.2345282015012 1501.2356280915012 1502.5156667415026 1500.7562760315009 1504.0847771848107 1502.2709245515023 1.0 1502.4956687415024 1.0 2
350 0.0625 nan 0.2 1.0 1.0 1505.4110438415055 1505.4118770915054 1505.951156491506 1504.7660750115049 1507.5110672649512 1505.6762173215056 -1.0 1505.904261181506 -1.0 2
351 nan 0.0625 0.2 -1.0 1.0 1508.7178131315088 1508.7188130315087 1509.2307618315092 1508.2217627415082 1510.7942692781353 1509.104107831509 1.0 1509.104107831509 1.0 1
352 nan 0.125 0.2 -1.0 1.0 1512.2179297515122 1512.2187630015123 1512.5565625515126 1511.5095672615116 1514.1276694580388 1512.4433405415125 1.0 1512.4433405415125 1.0 1
353 nan 0.0625 0.2 -1.0 1.0 1515.5344314015156 1515.5353646415156 1515.9276587415159 1514.840067511515 1517.5010683034884 1515.7817066715158 1.0 1515.7817066715158 1.0 1
354 0.25 nan 0.2 1.0 1.0 1518.7442103915187 1518.7453102815189 1519.6025578815197 1518.1882659915182 1521.1677656212703 1519.3772137515193 -1.0 1519.3772137515193 -1.0 1
355 nan 0.25 0.2 -1.0 1.0 1522.4107437015225 1522.4115769515224 1522.8818632515229 1521.883963051522 1524.4509687944667 1522.7528761515227 1.0 1522.7528761515227 1.0 1
356 nan 0.0625 0.2 -1.0 1.0 1526.7939053415269 1526.7951385515269 1544.4481730715445 1525.1690678415252 1546.0103770525682 1530.0427470915301 1.0 1544.3474164815443 1.0 4
357 nan 0.125 0.2 -1.0 1.0 1547.4172428015474 1547.4180760515474 1547.8280683815478 1546.7588753115467 1549.3936762016124 1547.6284550115477 1.0 1547.6284550115477 1.0 1
358 nan 1.0 0.2 -1.0 1.0 1550.6670177915507 1550.6680176915506 1551.058978591551 1550.1059739015502 1552.633956647629 1550.902827541551 1.0 1550.902827541551 1.0 1
359 nan 0.125 0.2 -1.0 1.0 1554.1267717815542 1554.127638361554 1566.4223754315665 1553.3529491715533 1567.9765685428338 1566.2764566915662 1.0 1566.2764566915662 1.0 1
360 nan 0.25 0.2 -1.0 1.0 1569.3333176415692 1569.3343508715693 1569.87706326157 1568.8341675615688 1571.4501697265 1569.7727736915697 1.0 1569.7727736915697 1.0 1
361 nan 0.0625 0.2 -1.0 1.0 1572.7431432915728 1572.7442765115727 1574.7618747315748 1572.1650677715722 1576.3332787221736 1574.4690040215744 1.0 1574.4690040215744 1.0 1
362 nan 0.25 0.2 -1.0 1.0 1577.7097465815777 1577.7105131715778 1578.099374281578 1577.0594782815772 1579.6597799621036 1577.986085611578 1.0 1577.986085611578 1.0 1
363 nan 0.125 0.2 -1.0 1.0 1580.916625861581 1580.917459111581 1582.6983810015827 1580.3965778715803 1584.2596584478024 1582.5834924915825 1.0 1582.5834924915825 1.0 1
364 0.25 nan 0.2 -1.0 -1.0 1585.6498524915858 1585.6507190715856 1607.2306275316073 1584.983852431585 1609.799463544503 1607.1131059516072 1.0 1607.1131059516072 1.0 1
365 nan 0.0 0.2 -1.0 1.0 1611.2757896416113 1611.2768895316112 1627.105673161627 1610.5540618216105 1628.6657775384672 1616.1034068316162 1.0 1626.912425821627 1.0 2
366 nan 1.0 0.2 -1.0 1.0 1630.0919411716302 1630.0928744116302 1630.4603709916305 1629.4093761016295 1632.025478360909 1630.3194517516304 1.0 1630.3194517516304 1.0 1
367 nan 0.0625 0.2 -1.0 1.0 1633.2156954316333 1633.2167953216333 1636.049978641636 1632.7390764316328 1637.6156844081431 1635.8743628716359 1.0 1635.8743628716359 1.0 1
368 nan 0.25 0.2 -1.0 1.0 1639.075242751639 1639.076042671639 1639.6131889516396 1638.3365832916384 1641.1821671693842 1639.3688133916394 1.0 1639.5800589316395 1.0 2
369 1.0 nan 0.2 1.0 1.0 1642.4752027216425 1642.4763026116425 1642.918858351643 1641.8962606216419 1644.475265857443 1642.7050130716427 -1.0 1642.7050130716427 -1.0 1
370 nan 0.125 0.2 -1.0 1.0 1645.7487420016457 1645.7495752516459 1646.1333702016461 1645.1879647516453 1647.691875008487 1645.983185221646 1.0 1645.983185221646 1.0 1
371 nan 0.0 0.2 -1.0 1.0 1649.0487786316492 1649.049845191649 1652.6320869316526 1648.4145753916484 1654.1916625915637 1652.3747126716523 1.0 1652.4424392316525 1.0 2
372 nan 0.0625 0.2 -1.0 1.0 1655.3987769016553 1655.3997101416553 1660.2904876816604 1654.9137587416549 1661.8484620376817 1660.12113795166 1.0 1660.12113795166 1.0 1
373 nan 1.0 0.2 -1.0 1.0 1663.174799221663 1663.1758991116633 1663.4976669316636 1662.5653601716626 1665.0581839362756 1663.3566477016634 1.0 1663.3566477016634 1.0 1
374 nan 0.125 0.2 -1.0 1.0 1666.5150318316664 1666.5158317516666 1668.8497650016689 1665.9372896116658 1670.414974305294 1668.7297436716688 1.0 1668.7297436716688 1.0 1
375 nan 0.25 0.2 -1.0 1.0 1671.6912474916717 1671.6920807416718 1672.2773888716722 1671.1377695116712 1673.841264326549 1672.1508348616721 1.0 1672.1508348616721 1.0 1
376 nan 1.0 0.2 -1.0 1.0 1675.2315934216751 1675.2326599816752 1676.4507714916765 1674.5617604116746 1678.0079759772545 1675.3481817616753 1.0 1676.3781454216764 1.0 3
377 nan 0.0625 0.2 -1.0 1.0 1679.93125674168 1679.93225664168 1696.1336696716962 1678.7305768216788 1697.6810739963362 1690.8374326816909 -1.0 1695.889827391696 1.0 2
378 nan 0.125 0.2 -1.0 1.0 1698.990817261699 1698.991883821699 1699.6016895016996 1698.4454718016984 1701.1812638182353 1699.4191077616995 1.0 1699.4191077616995 1.0 1
379 0.125 nan 0.2 1.0 1.0 1702.6739822417028 1702.6751487917027 1724.7459748217248 1701.901959451702 1726.3237766046402 1702.7072789117028 -1.0 1724.7043456517247 -1.0 5
380 nan 0.0625 0.2 -1.0 1.0 1728.3306163217283 1728.3316495517283 1733.905092151734 1727.0765750717271 1735.4804942274316 1733.5395620417335 1.0 1733.7901036517337 1.0 2
381 nan 0.0625 0.2 -1.0 1.0 1736.7234436217368 1736.7244768517367 1737.901592461738 1736.2222937417362 1739.4804958721327 1737.4577701817375 1.0 1737.6434182817377 1.0 2
382 nan 0.0625 0.2 -1.0 1.0 1740.7400085917407 1740.7410751517407 1742.068875691742 1740.2202939017402 1743.6400845197618 1741.7223436817417 1.0 1742.016780901742 1.0 2
383 nan 1.0 0.2 -1.0 1.0 1745.030312851745 1745.031312751745 1747.3114847117474 1744.3575801317443 1748.8801886266504 1747.033979131747 1.0 1747.2852206717473 1.0 2
384 nan 0.125 0.2 -1.0 1.0 1750.1565668417502 1750.1575334117501 1750.7263765217508 1749.6148876817497 1752.2898860870007 1750.4560702217505 1.0 1750.7003457917508 1.0 2
385 nan 1.0 0.2 -1.0 1.0 1753.6468177817537 1753.6478176817536 1754.052777181754 1752.993283141753 1755.6231841278063 1753.8661625117538 1.0 1753.8661625117538 1.0 1
386 0.0625 nan 0.2 -1.0 -1.0 1756.946754421757 1756.9478209817569 1781.926589521782 1756.3391818517564 1784.49629064594 1781.6181537017817 1.0 1781.850863761782 1.0 2
387 0.0 nan 0.2 0.0 -1.0 1785.7726048817858 1785.7735047917859 1845.7743707718457 1785.2664888317852 1848.2736732832677 1790.1134374217902 1.0 1791.9080912717918 -1.0 2
388 nan 0.0625 0.2 -1.0 1.0 1849.2447570318493 1850.779270231851 1852.4159732118524 1849.1045710518492 1853.9781781361276 1849.1323016118492 1.0 1852.2794868618523 1.0 4
389 nan 0.25 0.2 -1.0 1.0 1855.3211160018554 1855.3221825618552 1856.5868894118566 1854.7121769018547 1858.154592503979 1855.7060775018558 1.0 1856.4331381218565 1.0 4
390 nan 1.0 0.2 -1.0 1.0 1859.4946652718595 1859.4954318618595 1860.10110462186 1858.8803933718589 1861.6545819162413 1859.7815365818599 1.0 1860.0629084418601 1.0 2
391 nan 1.0 0.2 -1.0 1.0 1863.044676901863 1863.045710131863 1866.7459734018669 1862.3832763818625 1868.3044804051292 1866.3674779218663 1.0 1866.6919788018668 1.0 3
392 nan 0.25 0.2 -1.0 1.0 1869.6612151818697 1869.6622484118698 1873.4673012018734 1869.0265786518692 1875.037474484879 1873.1925286818732 1.0 1873.4524360218734 1.0 2
393 nan 1.0 0.2 -1.0 1.0 1876.2945517818764 1876.2954850218764 1876.7302748718766 1875.7616717418757 1878.2875807597873 1876.5273285018766 1.0 1876.5273285018766 1.0 1
394 nan 0.125 0.2 -1.0 1.0 1879.5278617518795 1879.5287283318796 1920.5438930719206 1879.004580751879 1922.1104970253996 1920.3678440119204 1.0 1920.3678440119204 1.0 1
395 nan 0.125 0.2 -1.0 1.0 1923.3367137619234 1923.3375803419233 1924.4420032219246 1922.854995271923 1926.003407169293 1924.2126261619242 1.0 1924.4322708619245 1.0 2
396 nan 0.0625 0.2 -1.0 1.0 1927.4270046919276 1927.4278379419275 1929.6856788019297 1926.7327074619268 1931.260288327424 1929.2938513219294 1.0 1929.2938513219294 1.0 1
397 nan 0.25 0.2 -1.0 1.0 1932.4865653519325 1932.4873986019325 1933.3563783619334 1931.976982981932 1934.9199856335754 1932.869327071933 1.0 1933.2779862019333 1.0 3
398 nan 0.125 0.2 -1.0 1.0 1936.2601879519364 1936.2613545019362 1937.0626077019372 1935.6351837919356 1938.62688241153 1936.6556150719366 1.0 1936.867027261937 1.0 2
399 nan 0.0625 0.2 -1.0 1.0 1939.8530286319399 1939.85392854194 1947.6767795119476 1939.3433796019394 1949.243285010891 1947.1931612119472 1.0 1947.3603111619475 1.0 2
400 nan 0.125 0.2 -1.0 1.0 1950.5028968719505 1950.5037301219504 1956.8308973419569 1949.97238326195 1958.3860874312768 1956.4873650319564 1.0 1956.785168581957 1.0 2
401 nan 0.125 0.2 -1.0 1.0 1959.8597944219598 1959.8605610119598 1961.133600361961 1959.2807856619593 1962.6860049456172 1960.890824641961 1.0 1960.890824641961 1.0 1
402 nan 0.25 0.2 -1.0 1.0 1964.093204371964 1964.094137611964 1964.7994004119648 1963.4044065919634 1966.3360104021933 1964.102636761964 1.0 1964.7391397719648 1.0 4
403 nan 0.0625 0.2 -1.0 1.0 1967.7262410319677 1967.7270742819678 1974.985181731975 1967.0482088419672 1976.519091978523 1974.6095526319746 1.0 1974.952085041975 1.0 2
404 nan 0.0 0.2 -1.0 1.0 1977.809399281978 1977.8105658319778 1979.3465122219793 1977.2503885219774 1980.8926882248682 1979.139632911979 1.0 1979.139632911979 1.0 1
405 nan 0.0 0.2 -1.0 1.0 1982.2189582819822 1982.2197915319823 1987.5462921619876 1981.6107857719817 1989.0924983069044 1987.2309237019872 1.0 1987.5166284619875 1.0 2
406 0.0 nan 0.8 -1.0 -1.0 1991.7022098619918 1991.7032764219916 2000.8784588120009 1989.8275973419898 2003.442096299498 1994.6603140219947 1.0 2000.6814451820007 1.0 3
407 0.0625 nan 0.8 -1.0 -1.0 2005.5684564320056 2005.5693563420057 2025.4429687820254 2004.1915941320042 2028.0083051367271 2012.8496615720128 1.0 2025.3358461620253 1.0 2
408 nan 0.25 0.8 -1.0 1.0 2029.4847645620296 2029.4855644820295 2036.2819847720364 2028.7629034220288 2037.8416889689513 2036.1061023620362 1.0 2036.1061023620362 1.0 1
409 nan 0.125 0.8 -1.0 1.0 2040.5512244720405 2040.5523576920405 2045.3595102620454 2038.6069855820385 2046.924713347443 2045.2292232920452 1.0 2045.2292232920452 1.0 1
410 1.0 nan 0.8 1.0 1.0 2048.2177910720484 2048.218557662048 2048.7608034320488 2047.6590136220477 2050.3178122588706 2048.5018293320486 -1.0 2048.5018293320486 -1.0 1
411 nan 0.125 0.8 -1.0 1.0 2052.124667012052 2052.125466932052 2057.907988622058 2051.034709352051 2059.46759613244 2057.7554372120576 1.0 2057.7554372120576 1.0 1
412 0.0 nan 0.8 -1.0 -1.0 2060.874491942061 2060.875658492061 2067.3462113720675 2060.19919281206 2069.900816793301 2067.184994162067 1.0 2067.184994162067 1.0 1
413 1.0 nan 0.8 1.0 1.0 2071.224456842071 2071.2254567420714 2071.5819877520717 2070.6285164420706 2073.1410008244175 2071.4546338220716 -1.0 2071.4546338220716 -1.0 1
414 0.0625 nan 0.8 1.0 1.0 2074.3506108620745 2074.351744082074 2076.800599172077 2073.8543938220737 2078.350609380081 2076.234322472076 -1.0 2076.7079417720765 -1.0 2
415 nan 0.125 0.8 -1.0 1.0 2079.85742679208 2079.85832670208 2088.7912999820887 2079.031109432079 2090.3503932392277 2088.3956395520886 1.0 2088.6330824720885 1.0 2
416 nan 0.25 0.8 -1.0 1.0 2091.7238400320916 2091.7247732720916 2094.3787078520945 2091.225889832091 2095.940412249538 2093.893723022094 -1.0 2094.292483142094 1.0 3
417 1.0 nan 0.8 1.0 1.0 2097.3168806720973 2097.3176805920975 2097.970715282098 2096.656813352097 2099.5239219113264 2097.7406049620977 -1.0 2097.901022252098 -1.0 2
418 0.25 nan 0.8 1.0 1.0 2100.7834673121006 2100.784267232101 2101.5643225521017 2100.2411215521 2103.1167022247214 2101.010844572101 -1.0 2101.4790644121017 -1.0 3
419 0.25 nan 0.8 1.0 1.0 2104.3237465821044 2104.324846472104 2105.054006882105 2103.8410948521037 2106.607111383682 2104.766535632105 -1.0 2104.968348782105 -1.0 2
420 0.125 nan 0.8 1.0 1.0 2107.916720582108 2107.917787142108 2113.893022892114 2107.3244131521074 2115.456997164912 2113.6990422921135 -1.0 2113.6990422921135 -1.0 1
421 0.125 nan 0.8 1.0 1.0 2116.6831438521167 2116.683977102117 2117.5208934021175 2116.186193552116 2119.0665013382077 2116.8972891021167 -1.0 2117.4630325221174 -1.0 4
422 1.0 nan 0.8 1.0 1.0 2120.4066714621204 2120.4076047021204 2120.957816342121 2119.78030077212 2122.5233194298044 2120.732405552121 -1.0 2120.732405552121 -1.0 1
423 0.125 nan 0.8 1.0 1.0 2123.849693792124 2123.850827012124 2124.852893462125 2123.236721762123 2126.3997059949224 2124.3164471121245 -1.0 2124.8068980621247 -1.0 4
424 0.125 nan 0.8 1.0 1.0 2127.923253062128 2127.924086312128 2129.1783942021293 2127.121199942127 2130.7397016917676 2128.791832862129 -1.0 2129.155629812129 -1.0 3
425 0.0625 nan 0.8 1.0 1.0 2131.966282052132 2131.967348612132 2156.974414322157 2131.4570996421317 2158.5158191415585 2131.937718242132 1.0 2156.916086822157 -1.0 7
426 0.25 nan 0.8 1.0 1.0 2159.8230294321597 2159.82416265216 2161.952916422162 2159.2744176321594 2163.4991237534496 2161.2929824221615 1.0 2161.921119602162 -1.0 3
427 1.0 nan 0.8 1.0 1.0 2164.6891761021648 2164.690076012165 2165.021209562165 2164.225622462164 2166.565620294127 2164.8590257821647 -1.0 2164.8590257821647 -1.0 1
428 nan 1.0 0.8 -1.0 1.0 2167.955682752168 2167.956682652168 2172.137797832172 2167.2797170221675 2173.682207832759 2171.970781202172 1.0 2171.970781202172 1.0 1
429 0.0625 nan 0.8 -1.0 -1.0 2174.989146002175 2174.990212562175 2178.4981617321787 2174.4035045721744 2181.055703277269 2178.3132802221785 1.0 2178.3132802221785 1.0 1
430 0.25 nan 0.8 1.0 1.0 2182.3652083221823 2182.3660749021824 2189.91152028219 2181.772600922182 2191.4552975727875 2189.6727774921897 1.0 2189.6727774921897 1.0 1
431 0.125 nan 0.8 -1.0 -1.0 2193.2984148921933 2193.2995481121934 2204.218356122204 2192.1622951821923 2206.7649094113576 2203.999911302204 1.0 2203.999911302204 1.0 1
432 0.0625 nan 0.8 1.0 1.0 2208.254985752208 2208.255918992208 2265.4881285322654 2207.697308192208 2267.0304263264065 2265.3585414922654 -1.0 2265.3585414922654 -1.0 1
433 0.125 nan 0.8 1.0 1.0 2268.4038702622684 2268.4048035022684 2281.755135002282 2267.8610245522677 2283.320506230784 2281.4168355022816 -1.0 2281.5972841222815 -1.0 2
434 nan 0.25 0.8 -1.0 1.0 2284.6800758122845 2284.6811757022847 2285.2760162122854 2284.0725032422843 2286.830118990025 2285.104466702285 1.0 2285.104466702285 1.0 1
435 0.125 nan 0.8 1.0 1.0 2288.7036400822885 2288.7048399622886 2289.1710266722894 2287.5647206522876 2290.730031077605 2288.936783432289 -1.0 2288.936783432289 -1.0 1
436 0.25 nan 0.8 1.0 1.0 2291.953681712292 2291.954714942292 2292.4860284722927 2291.4606310222916 2294.0537345719567 2292.1515285922924 -1.0 2292.4687635322925 -1.0 2
437 nan 1.0 0.8 -1.0 1.0 2295.4799290522956 2295.4809956122954 2296.1717265322964 2294.773833002295 2297.7367327486827 2295.808796162296 1.0 2296.152128492296 1.0 3
438 1.0 nan 0.8 1.0 1.0 2299.129830692299 2299.1309305822992 2299.5052264822993 2298.4682301922985 2301.0632337982647 2299.249018772299 -1.0 2299.249018772299 -1.0 1
439 0.25 nan 0.8 1.0 1.0 2303.1200982923033 2303.121164852303 2303.4847284923035 2301.780732242302 2305.053434242305 2303.3323437323033 -1.0 2303.3323437323033 -1.0 1
440 0.125 nan 0.8 1.0 1.0 2306.3630073023064 2306.364107192306 2310.596117282311 2305.780332242306 2312.153125717335 2310.2044897823102 -1.0 2310.5352233723106 -1.0 3
441 0.0625 nan 0.8 1.0 1.0 2313.5795189123137 2313.5806521323134 2320.2631171523203 2312.8745227523127 2321.81982292364 2319.89062107232 -1.0 2320.2030231623203 -1.0 2
442 0.0625 nan 0.8 1.0 1.0 2323.0794021623233 2323.080468722323 2325.842925782326 2322.560020772323 2327.3960317349697 2325.6999067523257 -1.0 2325.6999067523257 -1.0 1
443 1.0 nan 0.8 1.0 1.0 2328.7528680923288 2328.753701342329 2329.1423291423293 2328.123031082328 2330.6960361840274 2328.936816362329 -1.0 2328.936816362329 -1.0 1
444 nan 0.0625 0.8 1.0 -1.0 2332.002776402332 2332.003642982332 2345.031073442345 2331.4163350523313 2347.585813502719 2334.5140252523347 -1.0 2344.986677882345 -1.0 4
445 0.125 nan 0.8 1.0 1.0 2348.828926952349 2348.8299935123487 2357.901419612358 2348.3276104223482 2359.469122844438 2357.6890741823577 -1.0 2357.6890741823577 -1.0 1
446 nan 1.0 0.2 -1.0 1.0 2360.7287701823607 2360.7297700823606 2362.139829062362 2360.2152215423603 2363.7021318558895 2361.936916022362 1.0 2361.936916022362 1.0 1
447 nan 0.25 0.2 -1.0 1.0 2365.011975152365 2365.013041712365 2365.7991297623657 2364.4472316323645 2367.3689201259563 2365.5373559423656 1.0 2365.7700326723657 1.0 2
448 0.125 nan 0.2 1.0 1.0 2368.761833462369 2368.7629666823686 2373.178825052373 2368.2912138623683 2374.728634247212 2372.3506078823725 1.0 2373.1037658923733 -1.0 4
449 1.0 nan 0.2 1.0 1.0 2376.052204352376 2376.053170922376 2376.4513311023766 2375.4202342223753 2378.018437925062 2376.2494512923763 -1.0 2376.2494512923763 -1.0 1
450 nan 0.125 0.2 -1.0 1.0 2379.1949900423792 2379.195756632379 2379.6796415723798 2378.7315363923785 2381.235120880441 2379.5137914923794 1.0 2379.5137914923794 1.0 1
451 nan 0.0625 0.2 -1.0 1.0 2382.5449550123826 2382.5460549023824 2383.086134222383 2381.956813832382 2384.6450365381975 2382.948547982383 1.0 2382.948547982383 1.0 1
452 nan 0.25 0.2 -1.0 1.0 2386.5683193023865 2386.5692858723864 2387.116731122387 2385.3609400523856 2388.678239435675 2386.7833311323866 1.0 2387.0277066923873 1.0 2
453 nan 1.0 0.2 -1.0 1.0 2389.90155261239 2389.9025858423897 2390.6238137123905 2389.3923368723895 2392.1851243967285 2390.15859357239 1.0 2390.6030491223905 1.0 3
454 nan 0.125 0.2 -1.0 1.0 2393.6280799223937 2393.6291798123934 2394.176625062394 2392.907518652393 2395.7280310375477 2394.021940532394 1.0 2394.021940532394 1.0 1
455 nan 0.125 0.2 -1.0 1.0 2396.934915872397 2396.935782452397 2397.6719421623975 2396.4436316723964 2399.2351193843083 2397.4842276023974 1.0 2397.4842276023974 1.0 1
456 nan 0.0 0.2 -1.0 1.0 2400.5446881924004 2400.5457214224007 2412.3603398424125 2399.9564136924 2413.9111449109528 2411.921483732412 1.0 2412.193289882412 1.0 2
457 nan 0.0625 0.2 -1.0 1.0 2415.134495732415 2415.135428972415 2415.6711420624156 2414.6473444524145 2417.234822167229 2415.5472211224155 1.0 2415.5472211224155 1.0 1
458 nan 0.125 0.2 -1.0 1.0 2418.5776180524185 2418.5783846424188 2419.5623195724197 2417.957713382418 2421.117925274859 2419.124530022419 1.0 2419.5265564824194 1.0 2
459 nan 1.0 0.2 -1.0 1.0 2422.677574682423 2422.6786412424226 2423.201722262423 2421.835925522422 2424.7678289285936 2423.043304772423 1.0 2423.043304772423 1.0 1
460 nan 1.0 0.2 -1.0 1.0 2426.144161322426 2426.1452278824263 2426.766432422427 2425.4847272724255 2428.3108378664597 2426.5630194324267 1.0 2426.5630194324267 1.0 1
461 0.0625 nan 0.2 -1.0 -1.0 2429.66767560243 2429.6685088524296 2434.011407852434 2429.042838092429 2436.560748172182 2433.770631932434 1.0 2433.770631932434 1.0 1
462 nan 0.0625 0.2 -1.0 1.0 2437.967512202438 2437.968345452438 2438.4712284924385 2437.286746952437 2440.034138783933 2438.216420642438 1.0 2438.4492640224385 1.0 2
463 nan 0.25 0.2 -1.0 1.0 2441.2938128724413 2441.2946127924415 2456.924049692457 2440.7478341424408 2458.476922038619 2456.7690985224567 1.0 2456.7690985224567 1.0 1
464 0.25 nan 0.2 1.0 1.0 2459.96741199246 2459.96827857246 2461.6099477224616 2459.226319442459 2463.167032570314 2461.4044682724616 -1.0 2461.4044682724616 -1.0 1
465 nan 0.25 0.2 -1.0 1.0 2466.2767476624663 2466.277814222466 2472.642144392473 2464.088533172464 2474.2002517013975 2472.5403545724726 1.0 2472.5403545724726 1.0 1
466 nan 0.125 0.2 -1.0 1.0 2477.043237572477 2477.044304132477 2483.5865498424837 2474.910550862475 2485.150123080755 2483.3706047724836 1.0 2483.3706047724836 1.0 1
467 nan 0.0625 0.2 -1.0 1.0 2486.3928358524863 2486.3938024224863 2506.2765472825063 2485.895618912486 2507.8330501230694 2506.119796292506 1.0 2506.119796292506 1.0 1
468 nan 0.0625 0.2 -1.0 1.0 2509.192688972509 2509.1937222025094 2522.2280519725223 2508.5911491325087 2523.77572651034 2522.024905622522 1.0 2522.024905622522 1.0 1
469 nan 0.125 0.2 -1.0 1.0 2525.165891492525 2525.166758072525 2533.673440652534 2524.5144233125247 2535.225546387577 2532.797994872533 -1.0 2533.4681278525336 1.0 3
470 nan 1.0 0.2 -1.0 1.0 2536.5824163925367 2536.5832163125365 2537.2333512925375 2535.954845822536 2538.775431674724 2536.894218542537 1.0 2537.2306182325374 1.0 2
471 nan 0.0625 0.2 -1.0 1.0 2540.04906969254 2540.05016958254 2556.075533552556 2539.4902255825396 2557.632237983826 2555.3792031925555 -1.0 2555.8584219325558 1.0 2
472 nan 0.0625 0.2 1.0 -1.0 2559.2416502425594 2559.242483492559 2564.0754001525643 2558.380036412558 2566.6249403778907 2562.6050805325626 -1.0 2563.998041222564 -1.0 2
473 0.125 nan 0.8 1.0 1.0 2568.098564462568 2568.099664352568 2574.7514324425747 2567.3577385525673 2576.308138732074 2574.2749800925744 -1.0 2574.652442342575 -1.0 2
474 0.0625 nan 0.8 -1.0 -1.0 2581.798094372582 2581.799060942582 2602.5120227726024 2577.043136582577 2605.0742557491094 2591.794494632592 1.0 2602.4715601526027 1.0 5
475 0.0 nan 0.8 -1.0 -1.0 2606.5478524826067 2606.5489190426065 2633.5537516226336 2605.863754232606 2636.1070517024827 2618.671206692619 1.0 2633.1928877126334 1.0 5
476 0.125 nan 0.8 -1.0 -1.0 2637.5972805626375 2637.5983471226377 2651.884418372652 2636.907149582637 2654.440155656975 2642.6129456126428 1.0 2651.8271907626518 1.0 6
477 0.25 nan 0.8 1.0 1.0 2657.5802487326578 2657.5813152926576 2670.6316434626706 2655.196153832655 2672.189647380527 2670.1951537826703 -1.0 2670.4041662126706 -1.0 2
478 nan 0.0625 0.8 -1.0 1.0 2673.4299636026735 2673.4309968326734 2674.1701562426742 2672.949345002673 2675.7229599407146 2673.6506415326735 1.0 2674.116761582674 1.0 3
479 0.0625 nan 0.8 1.0 1.0 2676.963143582677 2676.963943502677 2694.6311432726948 2676.4522613426766 2696.1962473336553 2678.4355629926786 -1.0 2694.574715582695 -1.0 9
480 0.125 nan 0.8 1.0 1.0 2697.4726590926975 2697.4735590026976 2698.264046612698 2696.949744722697 2699.82956117275 2697.8577872426977 -1.0 2698.2536809826984 -1.0 2
481 nan 1.0 0.8 -1.0 1.0 2701.2391490727014 2701.240182302701 2701.7170679427018 2700.758263832701 2703.279672105002 2701.5640832427016 1.0 2701.5640832427016 1.0 1
482 nan 0.0625 0.8 -1.0 1.0 2706.172389032706 2706.173388932706 2717.3851676427175 2704.010371922704 2718.938871221158 2717.152124282717 1.0 2717.3207740827174 1.0 2
483 nan 0.125 0.8 -1.0 1.0 2720.2291832127203 2720.2301164527203 2725.600446032726 2719.70386908272 2727.155453998536 2725.4312296227254 1.0 2725.4312296227254 1.0 1
484 0.0625 nan 0.8 -1.0 -1.0 2728.5789814827285 2728.5799813827284 2729.1582902127293 2727.890750312728 2731.7053628213466 2728.989507092729 1.0 2728.989507092729 1.0 1
485 0.0625 nan 0.8 1.0 1.0 2733.028869782733 2733.029869682733 2749.1309594127492 2732.4318628227325 2750.6882632673232 2748.881251052749 -1.0 2748.881251052749 -1.0 1
486 1.0 nan 0.8 1.0 1.0 2752.795326272753 2752.796159522753 2753.119360532753 2751.4461612027517 2754.671566839997 2752.995739562753 -1.0 2752.995739562753 -1.0 1
487 0.25 nan 0.8 1.0 1.0 2755.878451262756 2755.8794511627557 2756.3057751927563 2755.4011656627554 2757.8618529181335 2756.1678223227564 -1.0 2756.1678223227564 -1.0 1
488 0.125 nan 0.8 -1.0 -1.0 2759.221350272759 2759.2223835027594 4119.147377404119 2758.5920465427585 2769.0711857509723 2765.964542552766 -1.0 4115.248633984115 1.0 392
