CSHL059 37e96d0b-5b4b-4c6e-9b29-7edbdc94bbd0 churchlandlab 2020-03-08 _iblrig_tasks_ephysChoiceWorld6.4.0 M 296 630
0 nan 1.0 0.5 -1.0 1.0 43.811733333333336 43.8126 44.28863333333334 43.148133333333334 45.857464631953455 44.011 1.0 44.231366666666666 1.0 2
1 nan 0.125 0.5 -1.0 1.0 47.2617 47.2626 47.60576666666667 46.23056666666667 49.17419932184846 47.43513333333333 1.0 47.43513333333333 1.0 1
2 0.0 nan 0.5 1.0 1.0 50.5122 50.51323333333333 50.6573 49.5393 52.224102 50.553 -1.0 50.553 -1.0 1
3 nan 0.125 0.5 -1.0 1.0 54.045 54.04593333333333 54.30603333333333 52.6162 55.8785319214154 54.19193333333333 1.0 54.19193333333333 1.0 1
4 nan 0.25 0.5 -1.0 1.0 57.84036666666667 57.8412 58.10176666666667 56.25053333333334 59.678365430284835 57.882133333333336 -1.0 57.882133333333336 -1.0 1
5 nan 1.0 0.5 -1.0 1.0 60.7572 60.7582 61.0319 60.04696666666667 62.60719774830465 60.7959 -1.0 60.7959 -1.0 1
6 nan 0.0625 0.5 -1.0 1.0 68.26173333333334 68.2628 68.40363333333333 62.9815 69.97796506132713 68.24953333333333 1.0 68.24953333333333 1.0 1
7 nan 0.125 0.5 -1.0 1.0 71.2739 71.2748 71.50786666666667 70.37796666666667 73.0736978579906 71.33586666666666 1.0 71.33586666666666 1.0 1
8 nan 1.0 0.5 -1.0 1.0 75.2949 75.29576666666667 75.445 73.4562 77.00713214092183 75.32676666666667 1.0 75.32676666666667 1.0 1
9 nan 0.25 0.5 -1.0 1.0 78.2616 78.26243333333333 78.36453333333333 77.38323333333334 79.92343533333333 78.25173333333333 1.0 78.25173333333333 1.0 1
10 nan 1.0 0.5 -1.0 1.0 82.5447 82.54573333333333 82.77126666666666 80.34273333333333 84.3443657855349 82.671 1.0 82.671 1.0 1
11 0.125 nan 0.5 1.0 1.0 85.40683333333334 85.4077 85.6538 84.72296666666666 87.22339760047676 85.58503333333333 -1.0 85.58503333333333 -1.0 1
12 nan 0.0 0.5 1.0 -1.0 88.47796666666666 88.47903333333333 90.9907 87.6036 93.55676452831476 88.45286666666667 1.0 90.8376 -1.0 5
13 nan 0.125 0.5 -1.0 1.0 94.5947 94.59566666666667 95.09776666666667 93.95076666666667 96.66156866666667 94.75653333333334 1.0 94.9949 1.0 2
14 1.0 nan 0.5 1.0 1.0 97.52333333333333 97.52433333333333 97.7157 97.01976666666667 99.2734972079075 97.65166666666667 -1.0 97.65166666666667 -1.0 1
15 0.125 nan 0.5 1.0 1.0 100.2946 100.29563333333333 100.5146 99.6519 102.07813087923154 100.438 -1.0 100.438 -1.0 1
16 0.0 nan 0.5 -1.0 -1.0 103.57326666666667 103.5743 103.87563333333334 102.45233333333333 106.4400667318133 103.76876666666666 1.0 103.76876666666666 1.0 1
17 nan 0.125 0.5 -1.0 1.0 107.3944 107.3956 107.67946666666667 106.82506666666667 109.24429708206772 107.55913333333334 1.0 107.55913333333334 1.0 1
18 nan 0.25 0.5 -1.0 1.0 110.1399 110.14093333333334 110.3482 109.663 111.90660199999999 110.26236666666667 1.0 110.26236666666667 1.0 1
19 nan 0.0625 0.5 -1.0 1.0 116.42756666666666 116.42856666666667 116.75903333333333 112.3051 118.32776453415569 116.64646666666667 1.0 116.64646666666667 1.0 1
20 nan 0.25 0.5 -1.0 1.0 119.33966666666667 119.3409 119.76786666666666 118.72576666666667 121.33979792078787 119.47826666666667 1.0 119.717 1.0 2
21 0.0625 nan 0.5 1.0 1.0 122.22733333333333 122.2282 122.4613 121.7043 124.027402 122.38676666666667 -1.0 122.38676666666667 -1.0 1
22 nan 0.125 0.5 -1.0 1.0 127.00646666666667 127.0075 127.26703333333333 124.4049 128.84433269361708 127.15626666666667 1.0 127.15626666666667 1.0 1
23 1.0 nan 0.5 1.0 1.0 129.85643333333334 129.8575 130.06676666666667 129.22613333333334 131.6394642781376 129.9959 -1.0 129.9959 -1.0 1
24 1.0 nan 0.5 1.0 1.0 133.82776666666666 133.8288 133.967 132.00536666666667 135.53959835810838 133.88833333333332 -1.0 133.88833333333332 -1.0 1
25 0.125 nan 0.5 1.0 1.0 136.9107 136.9118 137.1541 135.9731 138.7230312508536 137.0628 -1.0 137.0628 -1.0 1
26 0.125 nan 0.5 1.0 1.0 140.79413333333332 140.7951 140.99823333333333 139.10683333333333 142.56046522455622 140.92493333333334 -1.0 140.92493333333334 -1.0 1
27 0.125 nan 0.5 1.0 1.0 143.75606666666667 143.7571 143.96656666666667 142.95816666666667 145.5440978078592 143.89113333333333 -1.0 143.89113333333333 -1.0 1
28 0.0 nan 0.5 1.0 1.0 147.65586666666667 147.65673333333334 148.977 145.9161 150.54393263998463 148.74283333333332 -1.0 148.955 -1.0 2
29 0.25 nan 0.5 1.0 1.0 152.63936666666666 152.6404 152.87513333333334 150.95073333333335 154.43936557231268 152.74493333333334 -1.0 152.74493333333334 -1.0 1
30 nan 0.125 0.5 -1.0 1.0 155.41053333333332 155.4114 155.63496666666666 154.80856666666668 157.2103685319626 155.3833 1.0 155.3833 1.0 1
31 0.25 nan 0.5 1.0 1.0 159.90586666666667 159.9067 160.1381 157.58426666666668 161.727129699726 160.0308 -1.0 160.0308 -1.0 1
32 nan 0.125 0.5 -1.0 1.0 163.0392 163.04 163.28833333333333 162.10953333333333 164.87283533333334 163.1929 1.0 163.1929 1.0 1
33 0.125 nan 0.5 1.0 1.0 170.09383333333332 170.09463333333332 170.3855 165.30973333333333 171.9557982841595 170.25326666666666 -1.0 170.25326666666666 -1.0 1
34 nan 1.0 0.5 -1.0 1.0 172.89356666666666 172.89463333333333 173.1769 172.3481 174.7436307375177 173.0403 1.0 173.0403 1.0 1
35 nan 0.0625 0.5 1.0 -1.0 175.75583333333333 175.75693333333334 175.84226666666666 175.12673333333333 178.4057661283666 175.72046666666665 -1.0 175.72046666666665 -1.0 1
36 nan 0.0625 0.5 -1.0 1.0 181.44316666666666 181.44423333333333 181.7507 178.79516666666666 183.32239934250788 181.6451 1.0 181.6451 1.0 1
37 0.125 nan 0.5 1.0 1.0 184.24303333333333 184.2439 184.5523 183.7146 186.12243068684919 184.317 1.0 184.317 1.0 1
38 nan 0.0625 0.5 -1.0 1.0 188.47646666666665 188.47753333333333 188.92843333333334 186.51243333333332 190.48876769073848 188.65206666666666 1.0 188.65206666666666 1.0 1
39 1.0 nan 0.5 1.0 1.0 192.5435 192.5445 192.73676666666665 190.87856666666667 194.31019821022093 192.6056 1.0 192.6056 1.0 1
40 0.0625 nan 0.5 1.0 1.0 198.28886666666668 198.28983333333332 198.38353333333333 194.7504 199.96023298969746 198.21863333333334 -1.0 198.21863333333334 -1.0 1
41 nan 0.0 0.5 1.0 -1.0 204.05526666666665 204.05613333333332 204.21746666666667 200.35423333333333 206.7932980632072 204.0576 -1.0 204.0576 -1.0 1
42 1.0 nan 0.5 1.0 1.0 208.0221 208.0231 208.2387 207.1974 209.81003104343282 208.1676 -1.0 208.1676 -1.0 1
43 0.0625 nan 0.5 1.0 1.0 210.8386 210.83943333333335 211.09283333333335 210.19593333333333 212.65523533333334 210.90426666666667 1.0 210.90426666666667 1.0 1
44 nan 0.0625 0.5 1.0 -1.0 215.1931 215.19406666666666 216.05573333333334 213.04463333333334 218.6219974545171 215.6626 -1.0 215.6626 -1.0 1
45 nan 0.25 0.5 -1.0 1.0 219.67643333333334 219.67743333333334 219.9924 219.0301 221.555302 219.84666666666666 1.0 219.84666666666666 1.0 1
46 nan 1.0 0.5 -1.0 1.0 223.40946666666667 223.41036666666668 223.61143333333334 221.9486 225.17653124698506 223.4856 1.0 223.4856 1.0 1
47 nan 0.25 0.5 -1.0 1.0 226.87166666666667 226.87266666666667 227.17916666666667 225.62753333333333 228.7384649263054 227.03736666666666 1.0 227.03736666666666 1.0 1
48 nan 0.125 0.5 -1.0 1.0 230.07636666666667 230.07733333333334 230.4079 229.13166666666666 231.97169793990744 230.2391 1.0 230.2391 1.0 1
49 nan 1.0 0.5 -1.0 1.0 233.34273333333334 233.34363333333334 233.5385 232.3656 235.10943118503627 233.4426 1.0 233.4426 1.0 1
50 1.0 nan 0.5 1.0 1.0 237.2214 237.2223 237.43133333333333 235.49943333333334 239.00516527970547 237.3362 -1.0 237.3362 -1.0 1
51 0.0625 nan 0.5 1.0 1.0 240.5428 240.54393333333334 240.74626666666666 239.40166666666667 242.3092980604333 240.59843333333333 -1.0 240.59843333333333 -1.0 1
52 0.25 nan 0.5 1.0 1.0 243.22153333333333 243.2226 243.4028 242.699 244.97160200000002 243.31746666666666 -1.0 243.31746666666666 -1.0 1
53 nan 0.25 0.5 -1.0 1.0 247.55896666666666 247.5599 247.82003333333333 245.3822 249.3882323457413 247.71173333333334 1.0 247.71173333333334 1.0 1
54 nan 0.25 0.5 -1.0 1.0 251.95946666666666 251.96053333333333 252.17526666666666 249.78263333333334 253.73809491026714 252.07406666666665 1.0 252.07406666666665 1.0 1
55 nan 0.0625 0.5 -1.0 1.0 254.7091 254.7102 254.9519 254.2088 256.521302 254.8514 1.0 254.8514 1.0 1
56 0.0625 nan 0.5 1.0 1.0 257.4925333333333 257.4935 257.755 256.9105 259.3257307482979 257.5278666666667 -1.0 257.5278666666667 -1.0 1
57 0.25 nan 0.5 1.0 1.0 261.388 261.3888333333333 261.59183333333334 259.71093333333334 263.1588661922874 261.5138333333333 -1.0 261.5138333333333 -1.0 1
58 0.0625 nan 0.5 1.0 1.0 266.5878333333333 266.5888 266.8618 263.56006666666667 268.42120042068404 266.76706666666666 -1.0 266.76706666666666 -1.0 1
59 0.25 nan 0.5 1.0 1.0 270.07576666666665 270.0768 270.28753333333333 268.8289 271.85453139475374 270.2057 -1.0 270.2057 -1.0 1
60 nan 0.25 0.5 -1.0 1.0 274.2590333333333 274.2601 274.56236666666666 272.2599333333333 276.1256655452236 274.40186666666665 1.0 274.40186666666665 1.0 1
61 0.25 nan 0.5 1.0 1.0 279.3211 279.3220666666667 279.589 276.52506666666665 281.15439890694 279.4857666666667 -1.0 279.4857666666667 -1.0 1
62 nan 1.0 0.5 -1.0 1.0 283.17543333333333 283.1763666666667 283.43493333333333 281.6279 285.0090318678645 283.32573333333335 1.0 283.32573333333335 1.0 1
63 0.125 nan 0.5 1.0 1.0 285.9543 285.95543333333336 286.2115333333333 285.40133333333335 287.77116399983066 286.1297 -1.0 286.1297 -1.0 1
64 nan 0.0625 0.5 -1.0 1.0 289.15883333333335 289.1596666666667 290.6167 288.1569666666667 292.19199895197136 289.42316666666665 1.0 290.5806333333333 1.0 2
65 0.0625 nan 0.5 1.0 1.0 293.77073333333334 293.77166666666665 294.0207 292.5981 295.58743248379494 293.92376666666667 -1.0 293.92376666666667 -1.0 1
66 nan 1.0 0.5 -1.0 1.0 297.37573333333336 297.37663333333336 297.70913333333334 295.97773333333333 299.2752649772648 297.40406666666667 -1.0 297.5430666666667 1.0 2
67 0.25 nan 0.5 1.0 1.0 302.4873 302.4882666666667 302.7326 299.6856666666667 304.30879924091823 302.64593333333335 -1.0 302.64593333333335 -1.0 1
68 1.0 nan 0.5 1.0 1.0 306.0874 306.0886 306.2271 304.726 307.7873315324284 306.14073333333334 -1.0 306.14073333333334 -1.0 1
69 nan 0.0 0.5 1.0 -1.0 309.8752 309.87623333333335 310.0382333333333 308.1813333333333 312.60846684256444 309.92626666666666 -1.0 309.92626666666666 -1.0 1
70 0.25 nan 0.5 1.0 1.0 315.8872333333333 315.8882 316.1335 313.01826666666665 317.7038992939185 316.03706666666665 -1.0 316.03706666666665 -1.0 1
71 nan 0.25 0.5 -1.0 1.0 318.67533333333336 318.6761666666667 318.9028333333333 318.1179 320.47073048669984 318.66296666666665 -1.0 318.66296666666665 -1.0 1
72 1.0 nan 0.5 1.0 1.0 327.3917666666667 327.3928 327.614 320.87103333333334 329.1747994632812 327.5282 -1.0 327.5282 -1.0 1
73 0.0625 nan 0.5 1.0 1.0 330.5203333333333 330.52143333333333 330.76433333333335 329.64 332.325030926042 330.6819 -1.0 330.6819 -1.0 1
74 1.0 nan 0.5 1.0 1.0 335.3204666666667 335.3214 335.5389666666667 332.7341333333333 337.1085668267528 335.45823333333334 -1.0 335.45823333333334 -1.0 1
75 nan 0.0 0.5 1.0 -1.0 338.0203 338.0214 338.16173333333336 337.51596666666666 340.725298305858 337.9968333333333 -1.0 337.9968333333333 -1.0 1
76 1.0 nan 0.5 1.0 1.0 342.8036666666667 342.8047 342.94213333333335 341.1253 344.5084310487279 342.86066666666665 -1.0 342.86066666666665 -1.0 1
77 0.0625 nan 0.5 1.0 1.0 346.93673333333334 346.93766666666664 347.20436666666666 345.0074333333333 348.77026543839855 347.11513333333335 -1.0 347.11513333333335 -1.0 1
78 nan 0.125 0.5 -1.0 1.0 350.62446666666665 350.62533333333334 351.0601 349.17376666666667 352.6243984068261 350.7948333333333 1.0 350.7948333333333 1.0 1
79 nan 0.0 0.5 1.0 -1.0 353.58686666666665 353.58796666666666 353.9523 353.0413 356.5201328635333 353.84956666666665 -1.0 353.84956666666665 -1.0 1
80 nan 0.0625 0.5 -1.0 1.0 357.4413333333333 357.44233333333335 358.00143333333335 356.9243333333333 359.5703641729065 357.6268666666667 1.0 357.75806666666665 -1.0 2
81 0.125 nan 0.5 1.0 1.0 361.05803333333336 361.05893333333336 361.31716666666665 359.98266666666666 362.88669801069074 361.1211666666667 1.0 361.1211666666667 1.0 1
82 nan 0.0625 0.5 -1.0 1.0 364.50753333333336 364.50856666666664 365.1236 363.2815 366.6911317607688 364.6659333333333 1.0 364.6659333333333 1.0 1
83 0.0625 nan 0.5 1.0 1.0 368.2366 368.2375333333333 368.46823333333333 367.10043333333334 370.03683533333333 368.3881666666667 -1.0 368.3881666666667 -1.0 1
84 0.25 nan 0.5 1.0 1.0 371.42426666666665 371.4252 371.5149666666667 370.44003333333336 373.0745642080689 371.38623333333334 -1.0 371.38623333333334 -1.0 1
85 0.125 nan 0.5 1.0 1.0 374.66976666666665 374.67083333333335 374.8889 373.48136666666664 376.4577990214904 374.81333333333333 -1.0 374.81333333333333 -1.0 1
86 0.0 nan 0.5 1.0 1.0 379.70323333333334 379.70413333333335 380.03023333333334 376.8612 381.5866326255639 379.90403333333336 -1.0 379.90403333333336 -1.0 1
87 nan 1.0 0.5 1.0 -1.0 383.9406666666667 383.9418 384.0598 382.00443333333334 386.62449630896947 383.9003333333333 -1.0 383.9003333333333 -1.0 1
88 0.0 nan 0.5 1.0 1.0 388.13646666666665 388.1374333333333 388.4816 387.0557 390.036402 388.274 -1.0 388.274 -1.0 1
89 0.25 nan 0.5 1.0 1.0 391.65756666666664 391.6584 391.8707333333333 390.4638 393.45733135669315 391.749 -1.0 391.749 -1.0 1
90 nan 0.0625 0.8 1.0 -1.0 394.4696666666667 394.4707666666667 394.5614 393.86283333333336 397.13626503456095 394.40863333333334 -1.0 394.40863333333334 -1.0 1
91 0.0 nan 0.8 1.0 1.0 398.90723333333335 398.9080333333333 399.5078 397.53656666666666 401.0860984979241 399.319 -1.0 399.319 -1.0 1
92 0.0625 nan 0.8 1.0 1.0 402.15743333333336 402.15836666666667 402.447 401.5028 404.02423065066756 402.23986666666667 1.0 402.34746666666666 -1.0 2
93 0.125 nan 0.8 1.0 1.0 407.436 407.437 407.6784666666667 404.4363333333333 409.25256545455113 407.5917 -1.0 407.5917 -1.0 1
94 1.0 nan 0.8 1.0 1.0 411.9742 411.9753 412.2192 409.76616666666666 413.80269886124637 412.1119 -1.0 412.1119 -1.0 1
95 0.0 nan 0.8 1.0 1.0 415.0237666666667 415.0246333333333 415.8165333333333 414.2223 417.402731594495 415.72183333333334 -1.0 415.72183333333334 -1.0 1
96 0.25 nan 0.8 1.0 1.0 419.04026666666664 419.0412666666667 419.24756666666667 417.8045333333333 420.81936462999244 419.17196666666666 -1.0 419.17196666666666 -1.0 1
97 0.0625 nan 0.8 1.0 1.0 422.4906 422.4916 422.77476666666666 421.23476666666664 424.3568980857668 422.6748666666667 -1.0 422.6748666666667 -1.0 1
98 1.0 nan 0.8 1.0 1.0 428.2858 428.2869 428.4209333333333 424.7723 430.00683289131246 428.2164 -1.0 428.2164 -1.0 1
99 0.25 nan 0.8 1.0 1.0 432.03586666666666 432.03686666666664 432.27146666666664 430.42063333333334 433.85246515589967 432.1845333333333 -1.0 432.1845333333333 -1.0 1
100 0.0625 nan 0.8 1.0 1.0 435.50696666666664 435.50786666666664 435.7636 434.25646666666665 437.335797979952 435.68336666666664 -1.0 435.68336666666664 -1.0 1
101 0.125 nan 0.8 1.0 1.0 438.2406 438.2415 438.4886 437.7581 440.0690302016792 438.3966 -1.0 438.3966 -1.0 1
102 0.0 nan 0.8 1.0 1.0 444.6569 444.6578 445.6367666666667 440.4895333333333 447.22359786149843 445.2264 -1.0 445.41046666666665 1.0 2
103 nan 0.25 0.8 -1.0 1.0 450.05223333333333 450.0531 450.1766 447.6693 451.7568321992745 450.05396666666667 1.0 450.05396666666667 1.0 1
104 1.0 nan 0.8 1.0 1.0 453.8522 453.8531 454.0192333333333 452.18103333333335 455.60226498031165 453.89546666666666 -1.0 453.89546666666666 -1.0 1
105 0.0625 nan 0.8 1.0 1.0 456.62323333333336 456.6240666666667 456.87666666666667 456.0276666666667 458.45656866666667 456.7914333333333 -1.0 456.7914333333333 -1.0 1
106 0.125 nan 0.8 1.0 1.0 460.4354333333333 460.4364 460.6531 458.87826666666666 462.2352982816108 460.57233333333335 -1.0 460.57233333333335 -1.0 1
107 0.125 nan 0.8 1.0 1.0 463.7565333333333 463.75776666666667 464.0074333333333 462.6568 465.58543116643756 463.89303333333334 -1.0 463.89303333333334 -1.0 1
108 0.25 nan 0.8 1.0 1.0 467.6233 467.6243666666667 467.83976666666666 466.0038333333333 469.42316505037286 467.75666666666666 -1.0 467.75666666666666 -1.0 1
109 1.0 nan 0.8 1.0 1.0 471.03546666666665 471.03633333333335 471.2564 469.8392666666667 472.83979795242834 471.07886666666667 1.0 471.07886666666667 1.0 1
110 1.0 nan 0.8 1.0 1.0 473.85183333333333 473.85266666666666 474.0816 473.2545 475.651930400526 473.985 -1.0 473.985 -1.0 1
111 0.25 nan 0.8 -1.0 -1.0 477.6897333333333 477.6906333333333 477.8273 476.0683333333333 480.4018657464348 477.69283333333334 1.0 477.69283333333334 1.0 1
112 nan 1.0 0.8 -1.0 1.0 485.6231666666667 485.62426666666664 486.1639 480.8179666666667 487.7396302845927 485.7589 1.0 485.99853333333334 1.0 2
113 0.125 nan 0.8 1.0 1.0 489.3349 489.3359 489.64843333333334 488.19443333333334 491.2185634574558 489.54813333333334 -1.0 489.54813333333334 -1.0 1
114 1.0 nan 0.8 1.0 1.0 493.1897 493.19056666666665 493.39846666666665 491.75946666666664 494.96839906918825 493.32096666666666 -1.0 493.32096666666666 -1.0 1
115 0.0625 nan 0.8 1.0 1.0 496.556 496.5568666666667 496.7093 495.3974 498.28500199999996 496.59886666666665 -1.0 496.59886666666665 -1.0 1
116 0.25 nan 0.8 1.0 1.0 499.47296666666665 499.47386666666665 499.69163333333336 498.7215 501.27283067662535 499.61173333333335 -1.0 499.61173333333335 -1.0 1
117 0.0625 nan 0.8 -1.0 -1.0 503.135 503.1362 503.4232333333333 501.68713333333335 506.00606571112655 503.12013333333334 1.0 503.12013333333334 1.0 1
118 1.0 nan 0.8 1.0 1.0 507.86826666666667 507.8691333333333 508.0381 506.42626666666666 509.6180980457466 507.8183333333333 -1.0 507.8183333333333 -1.0 1
119 0.25 nan 0.8 1.0 1.0 510.60583333333335 510.6068 510.8173 510.0477 512.4059301522575 510.7445 -1.0 510.7445 -1.0 1
120 0.0 nan 0.8 1.0 1.0 514.0847333333334 514.0857666666667 514.7633333333333 512.8399333333333 516.339364929338 514.1371666666666 -1.0 514.5231666666666 -1.0 2
121 0.25 nan 0.8 1.0 1.0 517.6845666666667 517.6854333333333 517.9077666666667 516.7812666666666 519.4846973743443 517.8048333333334 -1.0 517.8048333333334 -1.0 1
122 1.0 nan 0.8 1.0 1.0 521.1892666666666 521.1904 521.4082 519.9203 522.9893313586072 521.3146333333333 -1.0 521.3146333333333 -1.0 1
123 0.25 nan 0.8 1.0 1.0 524.0013666666666 524.0024 524.0817333333333 523.4048333333334 525.6512353333334 523.9920666666667 -1.0 523.9920666666667 -1.0 1
124 0.125 nan 0.8 1.0 1.0 529.2554666666666 529.2563666666666 529.4633666666666 526.0800333333333 531.0391952117678 529.3885 -1.0 529.3885 -1.0 1
125 0.125 nan 0.8 1.0 1.0 532.9179333333333 532.919 533.1676 531.6014 534.734602 533.0752666666667 -1.0 533.0752666666667 -1.0 1
126 0.0 nan 0.8 1.0 1.0 536.1890666666667 536.19 536.3811333333333 535.156 537.9347309611031 536.2762333333334 -1.0 536.2762333333334 -1.0 1
127 0.125 nan 0.8 1.0 1.0 539.1055333333334 539.1066666666667 539.3270666666666 538.3542333333334 540.8845648711216 539.2004333333333 -1.0 539.2004333333333 -1.0 1
128 0.125 nan 0.8 1.0 1.0 543.2891333333333 543.2899666666667 543.5074 541.3097666666666 545.0675985331585 543.2241333333334 -1.0 543.2241333333334 -1.0 1
129 1.0 nan 0.8 1.0 1.0 546.8054 546.8062666666667 546.9365 545.5038 548.5008321704676 546.7961333333334 -1.0 546.7961333333334 -1.0 1
130 nan 0.125 0.8 -1.0 1.0 550.3055 550.3066 550.5665333333334 548.9285333333333 552.1175647369809 550.4212333333334 1.0 550.4212333333334 1.0 1
131 0.125 nan 0.8 1.0 1.0 553.0886 553.0896 553.3741666666666 552.5437666666667 554.9343968783544 553.2500666666666 -1.0 553.2500666666666 -1.0 1
132 nan 0.25 0.8 -1.0 1.0 557.0053333333333 557.0062333333333 557.2732 555.3684 558.8344317100316 557.1576666666666 1.0 557.1576666666666 1.0 1
133 0.25 nan 0.2 1.0 1.0 561.6220333333333 561.6232 561.7442333333333 559.2571333333333 563.305465388212 561.6058333333333 -1.0 561.6058333333333 -1.0 1
134 nan 0.125 0.2 1.0 -1.0 565.4342666666666 565.4352666666666 565.5312666666666 563.7470666666667 568.0841989101851 565.4211666666666 -1.0 565.4211666666666 -1.0 1
135 nan 0.0625 0.2 -1.0 1.0 570.2881666666667 570.2891666666667 570.624 568.5273 572.1840308060847 570.5041666666667 1.0 570.5041666666667 1.0 1
136 nan 0.0625 0.2 -1.0 1.0 573.4053666666666 573.4065 573.6803333333334 572.7587333333333 575.2341638560614 573.5717333333333 1.0 573.5717333333333 1.0 1
137 1.0 nan 0.2 1.0 1.0 576.2385 576.2394666666667 576.4691666666666 575.6516666666666 578.0383686666667 576.3812666666666 -1.0 576.3812666666666 -1.0 1
138 nan 0.125 0.2 -1.0 1.0 579.2173666666666 579.2184666666667 579.4932 578.4739666666667 581.0553971844586 579.3861666666667 1.0 579.3861666666667 1.0 1
139 0.0625 nan 0.2 1.0 1.0 582.0339 582.0348 582.3388 581.4913 583.905430228178 582.0139333333333 1.0 582.2497 -1.0 2
140 0.0625 nan 0.2 1.0 1.0 585.2838666666667 585.2847666666667 585.5773333333333 584.3420333333333 587.1340650958165 585.4518333333333 -1.0 585.4518333333333 -1.0 1
141 nan 0.125 0.2 -1.0 1.0 588.3715 588.3724333333333 588.6251666666667 587.5777666666667 590.1883686666666 588.4094666666666 1.0 588.4094666666666 1.0 1
142 nan 0.0 0.2 1.0 -1.0 591.3839333333333 591.3847333333333 591.6894 590.6373666666667 594.2503983227613 591.6105333333334 -1.0 591.6105333333334 -1.0 1
143 1.0 nan 0.2 1.0 1.0 595.7213 595.7224 595.9511333333334 594.6984 597.5216308830438 595.8482666666666 -1.0 595.8482666666666 -1.0 1
144 nan 0.125 0.2 -1.0 1.0 599.2838666666667 599.2847333333333 599.5100666666667 597.9566333333333 601.0715645779443 599.423 1.0 599.423 1.0 1
145 nan 0.0625 0.2 -1.0 1.0 602.8000666666667 602.8010333333333 602.9054666666667 601.5070666666667 604.4669977006846 602.7929333333333 1.0 602.7929333333333 1.0 1
146 nan 0.25 0.2 -1.0 1.0 606.3883 606.3893333333333 606.7636 604.9053 608.3336314247067 606.5658333333333 1.0 606.5658333333333 1.0 1
147 nan 0.0625 0.2 -1.0 1.0 613.0881 613.089 613.3981666666666 608.7890333333334 614.9547973229274 613.2802333333333 1.0 613.2802333333333 1.0 1
148 nan 0.25 0.2 -1.0 1.0 615.9003666666666 615.9013 616.1899 615.42 617.7504020000001 616.0809666666667 1.0 616.0809666666667 1.0 1
149 nan 0.25 0.2 -1.0 1.0 620.1376333333334 620.1386 620.3295333333333 618.3164 621.8879315248416 620.2033666666666 1.0 620.2033666666666 1.0 1
150 nan 1.0 0.2 -1.0 1.0 629.6166 629.6175666666667 629.8683 622.3486333333333 631.4547300346179 629.7621 1.0 629.7621 1.0 1
151 nan 0.0625 0.2 -1.0 1.0 632.4999333333334 632.5012666666667 632.7674333333333 631.9642333333334 634.3501353333335 632.6697 1.0 632.6697 1.0 1
152 nan 1.0 0.2 -1.0 1.0 635.7879 635.7888666666666 636.0338666666667 634.8066333333334 637.6000640189155 635.9200333333333 1.0 635.9200333333333 1.0 1
153 nan 1.0 0.2 -1.0 1.0 640.6708666666667 640.6718666666667 640.8131 638.0526666666667 642.3831998370292 640.7173 1.0 640.7173 1.0 1
154 nan 0.125 0.2 -1.0 1.0 643.5541666666667 643.5551666666667 643.8427333333333 642.8372 645.4163314952272 643.7017666666667 1.0 643.7017666666667 1.0 1
155 nan 0.0 0.2 -1.0 1.0 647.8042 647.8051333333333 648.5290666666667 645.8542333333334 650.0999654472579 648.4046333333333 1.0 648.4046333333333 1.0 1
156 nan 0.125 0.2 -1.0 1.0 652.3376 652.3384666666667 652.5031 650.5538666666666 654.0876982288311 652.4033 1.0 652.4033 1.0 1
157 nan 0.0625 0.2 -1.0 1.0 655.8163666666667 655.8174333333334 656.1407333333333 654.5385 657.7164320132015 656.0239666666666 1.0 656.0239666666666 1.0 1
158 nan 0.25 0.2 -1.0 1.0 661.6709 661.6717333333333 661.8866666666667 658.1896333333333 663.4706965612771 661.7968333333333 1.0 661.7968333333333 1.0 1
159 nan 0.25 0.2 -1.0 1.0 664.4328 664.4337333333333 664.6802 663.9398 666.249602 664.5860333333334 1.0 664.5860333333334 1.0 1
160 nan 1.0 0.2 -1.0 1.0 669.3372666666667 669.3383666666666 669.5632333333333 666.6937 671.1326623944572 669.2783 1.0 669.2783 1.0 1
161 1.0 nan 0.2 1.0 1.0 672.7370333333333 672.7380333333333 672.9693666666667 671.5936666666666 674.5491964530813 672.8878333333333 -1.0 672.8878333333333 -1.0 1
162 nan 1.0 0.2 -1.0 1.0 675.6537666666667 675.6546666666667 675.8603 675.1392 677.4372020000001 675.7608333333334 1.0 675.7608333333334 1.0 1
163 nan 0.0625 0.2 -1.0 1.0 679.3494666666667 679.3503333333333 679.9152333333334 677.8935 681.4828324506914 679.7845666666667 1.0 679.7845666666667 1.0 1
164 nan 0.0 0.2 1.0 -1.0 683.3373 683.3383 683.5503 681.9560333333334 686.1203643799811 683.3887 -1.0 683.3887 -1.0 1
165 nan 0.125 0.2 -1.0 1.0 688.3994333333334 688.4002666666667 688.7092 686.5915666666667 690.2824982040464 688.6012666666667 1.0 688.6012666666667 1.0 1
166 nan 0.25 0.2 -1.0 1.0 691.2370333333333 691.2379333333333 691.5244333333334 690.7413 693.1039299039791 691.2120666666667 -1.0 691.2120666666667 -1.0 1
167 nan 0.0625 0.2 -1.0 1.0 695.2826333333334 695.2835666666666 695.5290666666667 693.5636333333333 697.0991647973232 695.4402 1.0 695.4402 1.0 1
168 nan 0.0625 0.2 -1.0 1.0 698.2538333333333 698.2549 698.5118666666667 697.5634666666666 700.087096933768 698.413 1.0 698.413 1.0 1
169 nan 0.125 0.2 -1.0 1.0 701.6824 701.6835333333333 701.806 700.5394 703.3870317288439 701.6727 1.0 701.6727 1.0 1
170 nan 0.125 0.2 -1.0 1.0 704.4326 704.4335333333333 704.6865333333334 703.8434333333333 706.2699363333332 704.5185 -1.0 704.5185 -1.0 1
171 nan 0.125 0.2 -1.0 1.0 710.6655333333333 710.6665 710.9564 706.7366333333333 712.537096861698 710.8479333333333 1.0 710.8479333333333 1.0 1
172 nan 0.0625 0.2 -1.0 1.0 713.5989 713.5998333333333 713.6997 713.0215 715.2703296116349 713.582 1.0 713.582 1.0 1
173 nan 1.0 0.2 -1.0 1.0 718.7322333333333 718.7331333333333 718.9301666666667 715.7363333333333 720.4988656702528 718.7999 1.0 718.7999 1.0 1
174 nan 1.0 0.2 -1.0 1.0 721.5201333333333 721.5211 721.7187666666666 720.9692666666666 723.3031960939941 721.5541333333333 -1.0 721.5541333333333 -1.0 1
175 nan 0.0625 0.2 -1.0 1.0 726.8821333333333 726.8831 727.0952333333333 723.9131 728.6655332749036 726.9156666666667 -1.0 726.9156666666667 -1.0 1
176 nan 0.25 0.2 -1.0 1.0 730.0366 730.0377333333333 730.2883333333333 729.1456333333333 731.8701638848718 730.1917333333333 1.0 730.1917333333333 1.0 1
177 nan 1.0 0.2 -1.0 1.0 734.0653 734.0664 734.2825666666666 732.3264666666666 735.8534980870348 734.1847666666666 1.0 734.1847666666666 1.0 1
178 nan 0.0 0.2 1.0 -1.0 742.5153666666666 742.5163333333334 743.33 736.3226 745.8987653931246 743.2311666666667 -1.0 743.2311666666667 -1.0 1
179 nan 0.25 0.2 -1.0 1.0 747.5364 747.5373333333333 747.7689 746.3932666666667 749.331697441523 747.6728666666667 1.0 747.6728666666667 1.0 1
180 nan 0.25 0.2 -1.0 1.0 750.8196333333333 750.8206333333334 751.4467333333333 749.7972 753.0192310647508 751.0247333333333 1.0 751.0247333333333 1.0 1
181 1.0 nan 0.2 1.0 1.0 754.3151333333333 754.3159666666667 754.5423666666667 753.4924333333333 756.1192635785162 754.4667333333333 -1.0 754.4667333333333 -1.0 1
182 nan 1.0 0.2 -1.0 1.0 757.7151666666666 757.7159333333333 757.9587666666666 756.5924666666666 759.5364973959248 757.8402 1.0 757.8402 1.0 1
183 nan 0.0625 0.2 -1.0 1.0 760.4982666666667 760.4992666666667 760.781 760.0083 762.3485297436189 760.5936333333333 -1.0 760.5936333333333 -1.0 1
184 0.0625 nan 0.2 -1.0 -1.0 765.9194 765.9202666666666 766.0629 762.8200333333333 768.6314651231056 765.9446666666666 1.0 765.9446666666666 1.0 1
185 0.25 nan 0.2 1.0 1.0 771.1526 771.1535666666666 771.4028 769.1276666666666 772.985998289526 771.3102333333334 -1.0 771.3102333333334 -1.0 1
186 0.25 nan 0.8 1.0 1.0 774.9815333333333 774.9825666666667 775.1308333333334 773.4535 776.7027311288078 775.0366666666666 -1.0 775.0366666666666 -1.0 1
187 0.25 nan 0.8 1.0 1.0 777.6648 777.6658666666667 777.8894333333334 777.1717333333333 779.4647629855167 777.7903666666666 -1.0 777.7903666666666 -1.0 1
188 nan 1.0 0.8 -1.0 1.0 781.1861333333334 781.1872 781.4205666666667 779.9358666666667 782.9980974773584 781.2950666666667 1.0 781.2950666666667 1.0 1
189 0.125 nan 0.8 1.0 1.0 784.6693333333334 784.6701666666667 784.9047 783.4788 786.4860295702917 784.8261666666667 -1.0 784.8261666666667 -1.0 1
190 0.25 nan 0.8 1.0 1.0 790.4812 790.4821333333333 790.7307666666667 787.1146333333334 792.2979658296238 790.5034 1.0 790.5034 1.0 1
191 0.0625 nan 0.8 1.0 1.0 794.6692 794.6701333333333 795.4769 792.7801666666667 797.052498763686 794.6661 -1.0 795.3802333333333 -1.0 2
192 0.125 nan 0.8 1.0 1.0 798.4976666666666 798.4987666666667 798.7278333333334 797.5119 800.3025304525944 798.6473 -1.0 798.6473 -1.0 1
193 0.0 nan 0.8 1.0 1.0 801.3813 801.3821 801.6940333333333 800.7812333333334 803.2686633011537 801.5789 -1.0 801.5789 -1.0 1
194 0.0 nan 0.8 1.0 1.0 804.2811 804.2820666666667 804.4783666666667 803.7458666666666 806.0478963253194 804.3789666666667 -1.0 804.3789666666667 -1.0 1
195 0.0625 nan 0.8 1.0 1.0 807.1858333333333 807.1867333333333 807.4241 806.5202 809.0023019999999 807.3393 -1.0 807.3393 -1.0 1
196 nan 0.0625 0.8 1.0 -1.0 812.0141 812.0150333333333 812.0977 809.478 814.6642630116289 811.9851 -1.0 811.9851 -1.0 1
197 0.0625 nan 0.8 1.0 1.0 815.7518 815.7527 815.9762666666667 815.1449666666666 817.5474686666666 815.7996333333333 -1.0 815.7996333333333 -1.0 1
198 nan 0.125 0.8 -1.0 1.0 818.5521666666667 818.553 818.8402 818.0306666666667 820.4143963577287 818.605 -1.0 818.605 -1.0 1
199 0.125 nan 0.8 1.0 1.0 821.9353333333333 821.9363333333333 822.1599333333334 820.9001 823.7354315218796 822.0081333333334 -1.0 822.0081333333334 -1.0 1
200 0.0 nan 0.8 -1.0 -1.0 824.7807333333334 824.7816333333334 824.8929666666667 824.2137333333334 827.4644634801929 824.7395666666666 1.0 824.7395666666666 1.0 1
201 0.0625 nan 0.8 1.0 1.0 828.5017 828.5026333333333 828.6374666666667 827.9479666666666 830.2142961589938 828.4947666666667 -1.0 828.4947666666667 -1.0 1
202 0.125 nan 0.8 1.0 1.0 831.8518666666666 831.8529333333333 831.9937 830.6789 833.5688305498553 831.9205666666667 -1.0 831.9205666666667 -1.0 1
203 0.0625 nan 0.8 1.0 1.0 834.9304666666667 834.9316 835.1561333333333 834.0530333333334 836.7307353333333 835.0737666666666 -1.0 835.0737666666666 -1.0 1
204 1.0 nan 0.8 1.0 1.0 838.6019 838.6029 838.8131666666667 837.2150333333333 840.3806641773501 838.7341666666666 -1.0 838.7341666666666 -1.0 1
205 0.125 nan 0.8 1.0 1.0 842.5682 842.5692333333334 842.7281 840.8733666666667 844.2971976389134 842.6394333333334 -1.0 842.6394333333334 -1.0 1
206 nan 0.0625 0.8 1.0 -1.0 845.9351666666666 845.9362 846.0438666666666 844.9534 848.6184314746993 845.8992 -1.0 845.8992 -1.0 1
207 0.125 nan 0.8 1.0 1.0 850.6138 850.6148666666667 850.8674666666667 849.0982333333334 852.4305644361534 850.5902 1.0 850.7903666666666 -1.0 2
208 0.125 nan 0.8 1.0 1.0 854.5680333333333 854.5688666666666 854.8027 852.9149666666667 856.3849978121419 854.7273 -1.0 854.7273 -1.0 1
209 nan 0.0 0.2 1.0 -1.0 857.6303666666666 857.6315 860.0331333333334 856.8836 862.6014635005888 858.1706666666666 1.0 859.8414666666666 -1.0 2
210 nan 0.25 0.2 -1.0 1.0 863.8135666666667 863.8144666666667 864.1797666666666 863.0817666666667 865.7679968327776 863.9977 1.0 863.9977 1.0 1
211 nan 0.125 0.2 -1.0 1.0 866.947 866.9481 867.464 866.2608 869.051402 867.036 -1.0 867.036 -1.0 1
212 nan 0.25 0.2 -1.0 1.0 871.8637 871.8647666666667 872.0803333333333 869.5357 873.6681616112662 871.9520333333334 -1.0 871.9520333333334 -1.0 1
213 nan 0.25 0.2 -1.0 1.0 876.3636333333334 876.3647333333333 876.6351666666667 874.1572666666667 878.213399411779 876.5326333333334 1.0 876.5326333333334 1.0 1
214 0.0625 nan 0.2 1.0 1.0 880.1011333333333 880.1020333333333 881.2878 878.7027 882.8803318468365 880.0484 1.0 881.1336333333334 -1.0 2
215 nan 0.125 0.2 -1.0 1.0 884.6512333333334 884.6524333333333 884.7861333333333 883.3683333333333 886.3847637419827 884.6942 1.0 884.6942 1.0 1
216 nan 0.25 0.2 -1.0 1.0 888.9464333333333 888.9473666666667 889.1718 886.9076666666666 890.7635992478174 888.9415333333334 1.0 888.9415333333334 1.0 1
217 0.125 nan 0.2 1.0 1.0 891.7843666666666 891.7853333333334 892.0272 891.2527 893.613229599495 891.9516333333333 -1.0 891.9516333333333 -1.0 1
218 nan 0.25 0.2 -1.0 1.0 894.8180333333333 894.8189666666667 895.0879333333334 894.1036333333333 896.6845353333334 894.9886 1.0 894.9886 1.0 1
219 nan 0.125 0.2 -1.0 1.0 897.8796666666667 897.8806333333333 898.1199666666666 897.1734333333334 899.7177631636367 898.0054 1.0 898.0054 1.0 1
220 nan 0.0 0.2 1.0 -1.0 900.7299666666667 900.7309666666666 900.9399666666667 900.2208666666667 903.5341977192511 900.8327 -1.0 900.8327 -1.0 1
221 nan 0.0625 0.2 -1.0 1.0 906.3799 906.3809333333334 906.7351333333334 904.0224 908.3176318819527 906.5660666666666 1.0 906.5660666666666 1.0 1
222 0.0625 nan 0.2 1.0 1.0 909.7466 909.7475666666667 909.8161666666666 908.8137333333333 911.4008633896606 909.7304 -1.0 909.7304 -1.0 1
223 nan 0.25 0.2 -1.0 1.0 912.5297333333333 912.5305666666667 913.0721 911.8874666666667 914.6676970453414 912.7084666666667 1.0 912.8869333333333 1.0 2
224 0.0 nan 0.2 1.0 1.0 916.413 916.4138666666666 916.6013 915.1531 918.1797306544914 916.5137 -1.0 916.5137 -1.0 1
225 nan 0.125 0.2 1.0 -1.0 920.0339333333334 920.0349 980.0339333333334 918.6739333333334 922.7129650425815 919.9877 -1.0 922.5688 -1.0 4
226 nan 0.125 0.2 -1.0 1.0 923.8506666666667 923.8518333333334 924.1281666666666 923.2056666666666 925.7172965278489 924.0112333333333 1.0 924.0112333333333 1.0 1
227 nan 0.0625 0.2 -1.0 1.0 926.6962666666667 926.6971666666667 926.8503 926.2106 928.412902 926.7479333333333 1.0 926.7479333333333 1.0 1
228 nan 0.125 0.2 -1.0 1.0 929.6674666666667 929.6684666666666 930.0516333333334 928.909 931.612730184701 929.7727 -1.0 929.7727 -1.0 1
229 nan 0.125 0.2 -1.0 1.0 934.1836333333333 934.1844666666667 934.3548666666667 932.1066333333333 935.9296648611968 934.2526333333333 1.0 934.2526333333333 1.0 1
230 nan 0.0625 0.2 -1.0 1.0 939.6673666666667 939.6684333333334 939.8515 936.4223666666667 941.4171300285332 939.687 1.0 939.687 1.0 1
231 0.125 nan 0.2 1.0 1.0 944.6792333333333 944.6800666666667 944.9412666666667 941.9388333333334 946.5174653494736 944.8610666666667 -1.0 944.8610666666667 -1.0 1
232 nan 0.125 0.2 -1.0 1.0 948.5792666666666 948.5800333333333 948.8536 947.0234666666666 950.4338977468024 948.7436333333334 1.0 948.7436333333334 1.0 1
233 nan 0.0625 0.2 -1.0 1.0 952.2458666666666 952.2467 952.5091333333334 950.9327 954.079330712492 952.4229 1.0 952.4229 1.0 1
234 0.0625 nan 0.2 -1.0 -1.0 955.0670333333334 955.0680333333333 955.1747 954.5857333333333 957.7505641252002 955.0578 1.0 955.0578 1.0 1
235 1.0 nan 0.2 1.0 1.0 960.5624666666666 960.5636666666667 960.8097 958.2497666666667 962.3788982946364 960.7196666666666 -1.0 960.7196666666666 -1.0 1
236 nan 0.25 0.2 1.0 -1.0 965.2337666666666 965.2346333333334 965.3453 962.8953 967.916863562788 965.1863666666667 -1.0 965.1863666666667 -1.0 1
237 nan 0.125 0.2 -1.0 1.0 968.9625 968.9636333333333 969.4348666666667 968.4229666666666 971.0000686666666 969.1220333333333 1.0 969.3024333333333 1.0 2
238 0.25 nan 0.8 1.0 1.0 972.5788666666666 972.5799333333333 972.7775 971.5020666666667 974.345696929155 972.7091333333333 -1.0 972.7091333333333 -1.0 1
239 nan 0.25 0.8 -1.0 1.0 975.7835333333334 975.7845666666667 976.1275333333333 974.8559 977.6999287215567 975.961 1.0 975.961 1.0 1
240 0.25 nan 0.8 1.0 1.0 979.5621333333333 979.5632333333333 979.7950333333333 978.4036333333333 981.362363875978 979.7075666666667 -1.0 979.7075666666667 -1.0 1
241 0.0625 nan 0.8 1.0 1.0 982.5998666666667 982.6009 982.8969666666667 981.8589666666667 984.4668965780703 982.8016 -1.0 982.8016 -1.0 1
242 1.0 nan 0.8 1.0 1.0 987.9620333333334 987.9632 988.1801333333333 984.9735 989.7455320596658 988.1002666666667 -1.0 988.1002666666667 -1.0 1
243 0.25 nan 0.8 1.0 1.0 991.1000333333334 991.1008333333333 991.2271333333333 990.2652333333333 992.7999631361787 991.1358333333334 -1.0 991.1358333333334 -1.0 1
244 nan 0.125 0.8 -1.0 1.0 994.2621 994.2631666666666 994.5607666666667 993.3041666666667 996.1286968967248 994.4469666666666 1.0 994.4469666666666 1.0 1
245 0.0625 nan 0.8 1.0 1.0 997.2499 997.2508 997.577 996.6393 999.145302 997.4701333333334 -1.0 997.4701333333334 -1.0 1
246 1.0 nan 0.8 1.0 1.0 1000.3163666666667 1000.3178 1000.4303333333334 999.6459 1001.9997294825972 1000.2945666666667 -1.0 1000.2945666666667 -1.0 1
247 0.125 nan 0.8 1.0 1.0 1003.6619 1003.6628 1003.8267666666667 1002.5008333333334 1005.3954637485571 1003.7456333333333 -1.0 1003.7456333333333 -1.0 1
248 0.0625 nan 0.8 1.0 1.0 1006.6664 1006.6674333333333 1006.7685666666666 1005.8964666666667 1008.3283962055307 1006.6450666666667 -1.0 1006.6450666666667 -1.0 1
249 0.0625 nan 0.8 1.0 1.0 1011.7493666666667 1011.7504 1011.8156333333334 1008.8401 1013.3786329642356 1011.7001333333334 -1.0 1011.7001333333334 -1.0 1
250 nan 0.0 0.8 1.0 -1.0 1018.5161333333333 1018.5170666666667 1019.0464 1013.8889333333333 1021.6160975340521 1018.9354 -1.0 1018.9354 -1.0 1
251 nan 0.0625 0.8 -1.0 1.0 1022.7450666666666 1022.7460333333333 1023.0318 1022.1709 1024.5988306296815 1022.9367 1.0 1022.9367 1.0 1
252 0.25 nan 0.8 1.0 1.0 1025.6450666666667 1025.6460333333334 1025.8400333333334 1025.1000333333334 1027.411562563354 1025.7477666666666 -1.0 1025.7477666666666 -1.0 1
253 0.25 nan 0.8 1.0 1.0 1028.7493333333334 1028.7503333333334 1028.9064666666666 1027.9296666666667 1030.4826686666665 1028.8339333333333 -1.0 1028.8339333333333 -1.0 1
254 1.0 nan 0.8 1.0 1.0 1032.6114666666667 1032.6123 1032.8089 1031.0058666666666 1034.3824975583677 1032.6826333333333 1.0 1032.6826333333333 1.0 1
255 0.0625 nan 0.8 1.0 1.0 1035.4279666666666 1035.4289666666666 1035.6203333333333 1034.9016 1037.1783292309974 1035.4174333333333 -1.0 1035.4174333333333 -1.0 1
256 0.0625 nan 0.8 1.0 1.0 1038.1661 1038.1669666666667 1038.3021333333334 1037.6885333333332 1039.8611622943797 1038.1886 -1.0 1038.1886 -1.0 1
257 nan 0.0 0.8 1.0 -1.0 1041.6161333333334 1041.6169333333332 1041.9836 1040.3746666666666 1044.5490969934312 1041.8746 -1.0 1041.8746 -1.0 1
258 0.125 nan 0.8 1.0 1.0 1046.8447333333334 1046.8459666666668 1047.0612 1045.2869 1048.6324308649203 1046.9846 -1.0 1046.9846 -1.0 1
259 nan 0.0625 0.8 1.0 -1.0 1049.7612 1049.7622333333334 1049.9095666666667 1049.1503333333333 1052.4825651963204 1049.8218 -1.0 1049.8218 -1.0 1
260 1.0 nan 0.8 1.0 1.0 1053.7778 1053.7789 1054.0015666666666 1052.9986666666666 1055.5613964891595 1053.9267666666667 -1.0 1053.9267666666667 -1.0 1
261 0.0625 nan 0.8 1.0 1.0 1057.1154333333334 1057.1165333333333 1057.3515 1056.069 1058.9158302210856 1057.2759666666666 -1.0 1057.2759666666666 -1.0 1
262 1.0 nan 0.8 1.0 1.0 1059.9945 1059.9955 1060.2062333333333 1059.4315333333334 1061.7820353333334 1060.1013666666668 -1.0 1060.1013666666668 -1.0 1
263 nan 0.125 0.8 -1.0 1.0 1064.9442333333334 1064.9451666666666 1065.3308666666667 1062.2992333333334 1066.8984952070819 1065.1506 1.0 1065.1506 1.0 1
264 0.25 nan 0.8 1.0 1.0 1068.6611333333333 1068.6621333333333 1068.8878 1067.4203 1070.444530296627 1068.8115333333333 -1.0 1068.8115333333333 -1.0 1
265 0.25 nan 0.8 1.0 1.0 1072.0818333333334 1072.0828 1072.3822333333333 1070.9828333333332 1073.9319353333333 1072.214 -1.0 1072.214 -1.0 1
266 0.25 nan 0.8 1.0 1.0 1075.8610666666666 1075.8621 1076.0759666666668 1074.4616333333333 1077.6277639573457 1076.0025333333333 -1.0 1076.0025333333333 -1.0 1
267 0.125 nan 0.8 1.0 1.0 1079.6484333333333 1079.6494666666667 1079.8412 1078.1486666666667 1081.4152973913701 1079.7671 -1.0 1079.7671 -1.0 1
268 nan 0.0625 0.8 -1.0 1.0 1082.5607333333332 1082.5617333333332 1082.8906333333334 1081.9394 1084.4654305713348 1082.5080333333333 -1.0 1082.6998666666666 1.0 2
269 1.0 nan 0.8 1.0 1.0 1086.6108333333334 1086.6117 1086.8190666666667 1084.9933333333333 1088.3942641072306 1086.6572666666666 1.0 1086.6572666666666 1.0 1
270 0.25 nan 0.8 1.0 1.0 1090.9485 1090.9493666666667 1091.1917 1088.9331666666667 1092.7819979066612 1091.1106333333332 -1.0 1091.1106333333332 -1.0 1
271 nan 0.125 0.8 -1.0 1.0 1094.5107333333333 1094.5116666666668 1094.8764333333334 1093.3208 1096.4650314677224 1094.649 1.0 1094.8470666666667 1.0 2
272 0.0625 nan 0.8 1.0 1.0 1098.2441 1098.245 1098.4875666666667 1097.0024333333333 1100.0649636772362 1098.4144333333334 -1.0 1098.4144333333334 -1.0 1
273 nan 0.125 0.8 -1.0 1.0 1102.9604 1102.9613 1103.233 1100.6040666666668 1104.8107981557207 1103.1366666666668 1.0 1103.1366666666668 1.0 1
274 0.125 nan 0.8 1.0 1.0 1107.0148666666666 1107.0159333333334 1107.2270333333333 1105.3592 1108.810630835936 1107.1474 -1.0 1107.1474 -1.0 1
275 0.25 nan 0.8 1.0 1.0 1110.8481 1110.8489333333334 1110.9914666666666 1109.3489333333334 1112.5818639359982 1110.8178666666668 -1.0 1110.8178666666668 -1.0 1
276 1.0 nan 0.8 1.0 1.0 1115.2772 1115.2782333333334 1115.431 1113.1165666666666 1117.0104979021405 1115.2670333333333 -1.0 1115.2670333333333 -1.0 1
277 0.125 nan 0.8 1.0 1.0 1119.1648666666667 1119.1659 1119.4738333333332 1117.5563 1121.065129299691 1119.0815333333333 -1.0 1119.0815333333333 -1.0 1
278 0.25 nan 0.8 1.0 1.0 1123.4770666666666 1123.4781666666668 1123.7492666666667 1121.8406333333332 1125.3316641841127 1123.6515 -1.0 1123.6515 -1.0 1
279 0.0625 nan 0.8 1.0 1.0 1126.4102333333333 1126.4111666666668 1126.643 1125.8740666666667 1128.226995892711 1126.5659666666666 -1.0 1126.5659666666666 -1.0 1
280 1.0 nan 0.8 1.0 1.0 1131.1148333333333 1131.1158 1131.2265333333332 1128.7548 1132.8147314151036 1131.1157 -1.0 1131.1157 -1.0 1
281 0.125 nan 0.8 1.0 1.0 1134.9434333333334 1134.9444666666666 1135.1489666666666 1133.3555333333334 1136.7315640379043 1134.8638 1.0 1134.8638 1.0 1
282 0.25 nan 0.8 1.0 1.0 1138.5268666666666 1138.5277666666666 1138.7281 1137.2759666666666 1140.309996891779 1138.6243333333334 -1.0 1138.6243333333334 -1.0 1
283 0.0625 nan 0.8 1.0 1.0 1143.0478 1143.0490666666667 1143.3308333333334 1140.8591 1144.9102313538972 1143.2582 -1.0 1143.2582 -1.0 1
284 0.125 nan 0.8 1.0 1.0 1146.9648 1146.9657333333334 1147.2126666666666 1145.4594333333334 1148.7978639672694 1147.1239333333333 -1.0 1147.1239333333333 -1.0 1
285 0.0 nan 0.8 1.0 1.0 1150.2932666666666 1150.2940333333333 1150.4151 1149.3457666666666 1151.9934972719234 1150.2092333333333 1.0 1150.2092333333333 1.0 1
286 1.0 nan 0.8 1.0 1.0 1153.7811333333334 1153.7820333333334 1153.9922333333334 1152.5429 1155.580830281126 1153.9123 -1.0 1153.9123 -1.0 1
287 0.0625 nan 0.8 1.0 1.0 1156.6601333333333 1156.661 1156.9945333333333 1156.1235333333334 1158.5811625991234 1156.9239 -1.0 1156.9239 -1.0 1
288 nan 0.125 0.8 1.0 -1.0 1161.6099333333334 1161.611 1161.7666666666667 1159.1280666666667 1164.3429988093892 1161.6085 -1.0 1161.6085 -1.0 1
289 nan 0.25 0.8 -1.0 1.0 1165.8477 1165.8486333333333 1166.1124333333332 1164.895 1167.6932298677625 1166.0163333333333 1.0 1166.0163333333333 1.0 1
290 0.125 nan 0.8 1.0 1.0 1169.7978666666668 1169.7989333333333 1169.9332666666667 1168.2420333333334 1171.5141638894447 1169.8446333333334 -1.0 1169.8446333333334 -1.0 1
291 1.0 nan 0.8 1.0 1.0 1172.7763666666667 1172.7772666666667 1172.9163666666666 1172.0615666666667 1174.497495867341 1172.7637 -1.0 1172.7637 -1.0 1
292 0.0 nan 0.8 1.0 1.0 1175.6763333333333 1175.6772666666666 1175.8313 1175.0467 1177.4139290766361 1175.7360666666666 -1.0 1175.7360666666666 -1.0 1
293 0.25 nan 0.8 1.0 1.0 1181.6595666666667 1181.6605666666667 1181.7408666666668 1177.9609333333333 1183.3304654819683 1181.6074666666666 -1.0 1181.6074666666666 -1.0 1
294 0.0625 nan 0.8 1.0 1.0 1185.2927 1185.2935333333332 1185.5152 1183.8976666666667 1187.0972970334415 1185.4279666666666 -1.0 1185.4279666666666 -1.0 1
295 1.0 nan 0.8 1.0 1.0 1191.5094666666666 1191.5105333333333 1191.7259333333334 1187.6575 1193.3142635396412 1191.6464 -1.0 1191.6464 -1.0 1
296 nan 0.25 0.8 -1.0 1.0 1194.3926333333334 1194.3935 1194.7406666666666 1193.8867666666667 1196.3308686666667 1194.4866 -1.0 1194.4866 -1.0 1
297 0.125 nan 0.8 1.0 1.0 1198.1426666666666 1198.1435 1198.3861 1196.8735666666666 1199.9638968947897 1198.3023333333333 -1.0 1198.3023333333333 -1.0 1
298 0.0625 nan 0.8 1.0 1.0 1201.4594333333334 1201.4604666666667 1201.5554333333334 1200.5228 1203.1428275413095 1201.4585 -1.0 1201.4585 -1.0 1
299 1.0 nan 0.8 1.0 1.0 1206.4639666666667 1206.4651333333334 1206.5801666666666 1203.9421333333332 1208.1640647581492 1206.483 -1.0 1206.483 -1.0 1
300 0.0625 nan 0.8 -1.0 -1.0 1209.9426333333333 1209.9434666666666 1210.0487666666668 1208.7248666666667 1212.6305280463826 1209.9553666666666 1.0 1209.9553666666666 1.0 1
301 0.25 nan 0.8 1.0 1.0 1214.2257666666667 1214.2267666666667 1214.4504333333334 1213.1849333333332 1216.0305353333335 1214.3789 -1.0 1214.3789 -1.0 1
302 nan 0.125 0.8 -1.0 1.0 1218.1089666666667 1218.1100666666666 1218.3767666666668 1216.5883333333334 1219.9636638747 1218.0652666666667 -1.0 1218.2735666666667 1.0 2
303 1.0 nan 0.8 1.0 1.0 1221.6593 1221.6604 1221.8484 1220.5303666666666 1223.425796576039 1221.7795666666666 -1.0 1221.7795666666666 -1.0 1
304 1.0 nan 0.8 1.0 1.0 1225.48 1225.4810333333332 1225.6762333333334 1223.9885 1227.2635304243956 1225.5965666666666 -1.0 1225.5965666666666 -1.0 1
305 0.0625 nan 0.8 1.0 1.0 1229.3589333333334 1229.3600333333334 1229.6470666666667 1227.8291333333334 1231.2256640052337 1229.5561333333333 -1.0 1229.5561333333333 -1.0 1
306 1.0 nan 0.8 1.0 1.0 1232.3132666666668 1232.3143333333333 1232.4174 1231.7778666666666 1233.9922953092941 1232.2992 -1.0 1232.2992 -1.0 1
307 0.0 nan 0.8 1.0 1.0 1235.6131666666668 1235.614 1236.0075 1234.5484 1237.5754301364343 1235.8342 1.0 1235.8342 1.0 1
308 0.125 nan 0.8 1.0 1.0 1239.5463666666667 1239.5473 1239.7054333333333 1238.1345333333334 1241.2797636226119 1239.5161333333333 -1.0 1239.5161333333333 -1.0 1
309 0.25 nan 0.8 1.0 1.0 1243.7089 1243.7099666666666 1243.9132666666667 1241.8405666666667 1245.4921984707037 1243.8362333333334 -1.0 1243.8362333333334 -1.0 1
310 0.0 nan 0.8 -1.0 -1.0 1248.3134 1248.3142666666668 1248.4699333333333 1246.0664 1251.0462319448702 1248.2912 1.0 1248.2912 1.0 1
311 1.0 nan 0.8 1.0 1.0 1252.8087666666668 1252.8099 1252.9500666666668 1251.6097333333332 1254.5254631910686 1252.8527333333334 -1.0 1252.8527333333334 -1.0 1
312 nan 0.0625 0.2 -1.0 1.0 1257.0962333333334 1257.0972333333334 1257.2353 1255.0985666666666 1258.8085976087746 1257.0027333333333 1.0 1257.0027333333333 1.0 1
313 0.0 nan 0.2 1.0 1.0 1260.6632 1260.6642 1261.0972333333334 1259.3715 1262.6752303691587 1260.9986333333334 -1.0 1260.9986333333334 -1.0 1
314 nan 0.125 0.2 -1.0 1.0 1265.596 1265.5968666666668 1265.9066666666668 1263.2533333333333 1267.491693803962 1265.6860666666666 -1.0 1265.6860666666666 -1.0 1
315 nan 0.0625 0.2 -1.0 1.0 1268.8964333333333 1268.8975 1269.2113 1268.0858 1270.791702 1268.9656 -1.0 1268.9656 -1.0 1
316 nan 0.0625 0.2 -1.0 1.0 1273.3296 1273.3305333333333 1273.6105333333333 1271.3793 1275.174930914246 1273.5003 1.0 1273.5003 1.0 1
317 nan 1.0 0.2 -1.0 1.0 1277.0127333333332 1277.0138 1277.2278666666666 1275.7550333333334 1278.791763220872 1276.9946666666667 1.0 1276.9946666666667 1.0 1
318 nan 1.0 0.2 -1.0 1.0 1280.8795 1280.8804666666667 1281.0986 1279.3847666666666 1282.6627969719107 1281.0142 1.0 1281.0142 1.0 1
319 nan 0.125 0.2 -1.0 1.0 1285.0247 1285.0257666666666 1285.2804333333333 1283.2451 1286.8461307030775 1285.1824 1.0 1285.1824 1.0 1
320 nan 0.25 0.2 -1.0 1.0 1289.1246666666666 1289.1260666666667 1289.2579666666666 1287.4270333333334 1290.8247620077095 1289.1599 1.0 1289.1599 1.0 1
321 nan 0.0625 0.2 -1.0 1.0 1293.7458666666666 1293.7470666666666 1294.09 1291.6729666666668 1295.6583268802513 1293.9466666666667 1.0 1293.9466666666667 1.0 1
322 0.25 nan 0.2 1.0 1.0 1298.3626666666667 1298.3637 1298.5084333333334 1296.2370333333333 1300.0580642776868 1298.3442 -1.0 1298.3442 -1.0 1
323 nan 1.0 0.2 -1.0 1.0 1303.4125666666666 1303.4136666666666 1303.6572 1300.6374666666666 1305.2287981502532 1303.56 1.0 1303.56 1.0 1
324 nan 0.0 0.2 1.0 -1.0 1306.3411333333333 1306.3420333333333 1306.8216666666667 1305.8283 1309.3746305780066 1306.6649333333332 -1.0 1306.6649333333332 -1.0 1
325 nan 1.0 0.2 -1.0 1.0 1311.3288 1311.3296333333333 1311.6021666666666 1309.9647333333332 1313.1623634438731 1311.4866333333334 1.0 1311.4866333333334 1.0 1
326 nan 0.125 0.2 -1.0 1.0 1315.5913666666668 1315.5923 1315.8236 1313.7564666666667 1317.4077973833848 1315.7292666666667 1.0 1315.7292666666667 1.0 1
327 nan 0.0 0.2 1.0 -1.0 1318.7289 1318.7299333333333 1319.2049333333334 1317.9948 1321.7746308823328 1319.0785666666666 -1.0 1319.0785666666666 -1.0 1
328 nan 0.25 0.2 -1.0 1.0 1323.9289333333334 1323.9299333333333 1324.1967666666667 1322.3571333333334 1325.774563798874 1324.0819 1.0 1324.0819 1.0 1
329 nan 0.25 0.2 -1.0 1.0 1328.812 1328.8129 1329.0505 1326.3589666666667 1330.6289273812688 1328.9576 1.0 1328.9576 1.0 1
330 nan 0.0625 0.2 -1.0 1.0 1331.9410333333333 1331.9419 1332.1965333333333 1331.2072333333333 1333.774235333333 1332.1144 1.0 1332.1144 1.0 1
331 nan 0.0 0.2 1.0 -1.0 1335.1784 1335.1795333333334 1335.7825333333333 1334.3542333333332 1338.362064412674 1335.4079666666667 1.0 1335.4079666666667 1.0 1
332 nan 1.0 0.2 -1.0 1.0 1339.4909 1339.4918666666667 1339.7293 1338.9483666666667 1341.3120964341545 1339.6260333333332 1.0 1339.6260333333332 1.0 1
333 nan 0.0625 0.2 -1.0 1.0 1344.9407 1344.9415 1345.2701333333334 1341.8919 1346.8409613704505 1345.0718666666667 -1.0 1345.0718666666667 -1.0 1
334 nan 0.125 0.2 -1.0 1.0 1347.9617333333333 1347.9628333333333 1348.5054666666667 1347.4491666666668 1350.0783686666668 1348.3999666666666 1.0 1348.3999666666666 1.0 1
335 nan 0.0 0.2 1.0 -1.0 1352.2072666666666 1352.2081333333333 1352.8461333333332 1350.6647666666668 1355.4286289633053 1352.4781666666668 -1.0 1352.4781666666668 -1.0 1
336 nan 0.125 0.2 1.0 -1.0 1356.7074 1356.7084666666667 1356.8581333333334 1356.0207333333333 1359.444963859792 1356.7352 -1.0 1356.7352 -1.0 1
337 0.25 nan 0.2 1.0 1.0 1361.1073666666666 1361.1084333333333 1361.4182666666666 1360.0219666666667 1362.9948965568847 1361.3286 -1.0 1361.3286 -1.0 1
338 nan 0.0 0.2 1.0 -1.0 1364.9407666666666 1364.9417666666666 1365.6561 1363.5751 1368.2283316327557 1365.5480333333333 -1.0 1365.5480333333333 -1.0 1
339 nan 0.0625 0.2 -1.0 1.0 1369.5404666666666 1369.5414 1369.8379333333332 1368.8094333333333 1371.411462579713 1369.737 1.0 1369.737 1.0 1
340 nan 0.25 0.2 -1.0 1.0 1372.6405666666667 1372.6417333333334 1372.9702666666667 1371.9927666666667 1374.5403957371373 1372.8841666666667 1.0 1372.8841666666667 1.0 1
341 nan 0.0 0.2 1.0 -1.0 1376.9282333333333 1376.9293666666667 1377.1997 1375.1298 1379.7739315945937 1377.1184 -1.0 1377.1184 -1.0 1
342 nan 0.0 0.2 1.0 -1.0 1380.9951666666666 1380.996 1381.6956666666667 1380.3606333333332 1384.2781652234735 1381.4132 -1.0 1381.4132 -1.0 1
343 nan 0.0 0.2 1.0 -1.0 1385.607 1385.608 1386.7903333333334 1384.8806666666667 1389.3568965755987 1386.687 -1.0 1386.687 -1.0 1
344 nan 0.0625 0.2 1.0 -1.0 1392.2276 1392.2286333333334 1392.8153 1390.2269 1395.3947617461383 1392.6190333333334 -1.0 1392.6190333333334 -1.0 1
345 nan 0.125 0.2 -1.0 1.0 1397.3066333333334 1397.3076 1397.6675666666667 1395.9933666666666 1399.2445978192666 1397.5286 1.0 1397.5286 1.0 1
346 nan 0.25 0.2 -1.0 1.0 1400.4235666666666 1400.4246333333333 1400.7934 1399.8429 1402.3781291159103 1400.6080333333334 1.0 1400.6080333333334 1.0 1
347 nan 0.0625 0.2 -1.0 1.0 1403.8566666666666 1403.8576 1405.0665333333334 1402.9594333333334 1406.639965116721 1404.1894666666667 1.0 1405.0037 1.0 2
348 nan 0.125 0.2 -1.0 1.0 1407.8273 1407.8282333333334 1408.0285666666666 1407.2217666666666 1409.6067953150314 1407.7745 -1.0 1407.7745 -1.0 1
349 1.0 nan 0.2 -1.0 -1.0 1410.7607333333333 1410.7615666666666 1410.8415333333332 1410.2051 1413.4069300328674 1410.7085 1.0 1410.7085 1.0 1
350 nan 0.25 0.2 -1.0 1.0 1414.7278333333334 1414.7288666666666 1415.0207333333333 1414.0123333333333 1416.5900363333333 1414.9010666666666 1.0 1414.9010666666666 1.0 1
351 nan 0.0 0.2 -1.0 1.0 1417.8944 1417.8955333333333 1418.1491666666666 1417.1881333333333 1419.727662314294 1418.0295 1.0 1418.0295 1.0 1
352 nan 0.125 0.2 -1.0 1.0 1420.8232333333333 1420.8241666666668 1421.0313666666666 1420.3255666666666 1422.6111952199685 1420.8668666666667 1.0 1420.8668666666667 1.0 1
353 nan 1.0 0.2 -1.0 1.0 1424.2062333333333 1424.2071666666666 1424.4851 1423.1948 1426.0565296741613 1424.359 1.0 1424.359 1.0 1
354 nan 1.0 0.2 -1.0 1.0 1431.0274666666667 1431.0284666666666 1431.2920666666666 1426.6417333333334 1432.8607657225537 1431.1815333333334 1.0 1431.1815333333334 1.0 1
355 nan 1.0 0.2 -1.0 1.0 1435.5061333333333 1435.5071 1435.7434 1433.4632666666666 1437.3273261551474 1435.6554 1.0 1435.6554 1.0 1
356 nan 0.25 0.2 -1.0 1.0 1439.3229666666666 1439.3241 1439.6097333333332 1437.9442333333334 1441.189763500959 1439.4997 1.0 1439.4997 1.0 1
357 nan 0.125 0.2 -1.0 1.0 1443.0938333333334 1443.0947333333334 1443.3205666666668 1441.7849666666666 1444.8939966711525 1443.0488333333333 -1.0 1443.0488333333333 -1.0 1
358 0.25 nan 0.2 1.0 1.0 1446.3062666666667 1446.3070666666667 1446.55 1445.4856 1448.1270020000002 1446.4615666666666 -1.0 1446.4615666666666 -1.0 1
359 0.25 nan 0.2 1.0 1.0 1450.2729 1450.2737 1450.5031333333334 1448.7197 1452.0728302219136 1450.4323 -1.0 1450.4323 -1.0 1
360 nan 1.0 0.2 -1.0 1.0 1454.8273666666666 1454.8283333333334 1455.0620666666666 1452.6801333333333 1456.6392930655466 1454.9595666666667 1.0 1454.9595666666667 1.0 1
361 nan 0.0625 0.2 1.0 -1.0 1460.2105 1460.2113333333334 1460.3073333333334 1457.252 1462.8774319906277 1460.1734666666666 -1.0 1460.1734666666666 -1.0 1
362 nan 1.0 0.2 -1.0 1.0 1464.0227333333332 1464.0236666666667 1464.2719333333334 1463.5044333333333 1465.84386181663 1464.1671333333334 1.0 1464.1671333333334 1.0 1
363 nan 0.125 0.2 -1.0 1.0 1468.8392 1468.8402666666666 1469.1369 1466.4489666666666 1470.7100978377111 1468.9669333333334 1.0 1468.9669333333334 1.0 1
364 nan 0.0 0.2 1.0 -1.0 1472.4557666666667 1472.4566 1473.0696 1471.3181 1475.6437311504221 1472.8072 -1.0 1472.8886333333332 -1.0 2
365 0.0625 nan 0.8 1.0 1.0 1478.5223333333333 1478.5232333333333 1478.7859666666666 1476.2644333333333 1480.355694436283 1478.5382666666667 1.0 1478.6743 -1.0 2
366 0.0625 nan 0.8 1.0 1.0 1481.6269666666667 1481.6279 1481.8417 1480.9587 1483.4222019999997 1481.7364666666667 -1.0 1481.7364666666667 -1.0 1
367 1.0 nan 0.8 1.0 1.0 1484.5769 1484.5778666666668 1484.7495 1484.043 1486.3223284220946 1484.6745666666666 -1.0 1484.6745666666666 -1.0 1
368 0.125 nan 0.8 1.0 1.0 1492.4767333333334 1492.4778333333334 1492.8222 1486.9185333333332 1494.3890968835362 1492.4240666666667 -1.0 1492.4240666666667 -1.0 1
369 nan 0.125 0.8 -1.0 1.0 1496.1268333333333 1496.1278333333332 1497.0857333333333 1495.0101 1498.6598316574875 1496.5736333333334 1.0 1497.0175 1.0 2
370 nan 1.0 0.8 -1.0 1.0 1500.2888333333333 1500.2898 1500.5916666666667 1499.2553333333333 1502.1768629379026 1500.4476333333334 1.0 1500.4476333333334 1.0 1
371 nan 0.125 0.8 -1.0 1.0 1505.4223 1505.4234333333334 1505.6908 1502.7831666666666 1507.2722979801883 1505.5837 1.0 1505.5837 1.0 1
372 0.0625 nan 0.8 1.0 1.0 1508.5932666666668 1508.5941 1508.8932333333332 1507.8879 1510.4721290897749 1508.8190666666667 -1.0 1508.8190666666667 -1.0 1
373 1.0 nan 0.8 1.0 1.0 1513.5433333333333 1513.5444 1513.7535666666668 1511.0677333333333 1515.322064516563 1513.6684666666667 -1.0 1513.6684666666667 -1.0 1
374 nan 0.0625 0.8 1.0 -1.0 1517.3094 1517.3103666666666 1517.7717 1515.9270666666666 1520.3429271544978 1517.4267 1.0 1517.4267 1.0 1
375 0.0625 nan 0.8 1.0 1.0 1521.6051666666667 1521.6060333333332 1522.5775333333333 1520.9604333333334 1524.1428631956155 1521.7370333333333 1.0 1522.5006333333333 -1.0 2
376 0.25 nan 0.8 1.0 1.0 1526.4883 1526.4893333333334 1526.7279666666666 1524.7677666666666 1528.309397063318 1526.6466333333333 -1.0 1526.6466333333333 -1.0 1
377 1.0 nan 0.8 1.0 1.0 1529.6549333333332 1529.6559666666667 1529.8921 1528.9251 1531.459602 1529.7498333333333 1.0 1529.7498333333333 1.0 1
378 1.0 nan 0.8 1.0 1.0 1536.2218333333333 1536.2226 1536.3714666666667 1532.0791 1537.9216630348649 1536.2705 -1.0 1536.2705 -1.0 1
379 nan 0.25 0.8 1.0 -1.0 1539.1094333333333 1539.1102666666666 1539.2279333333333 1538.5670666666667 1541.8049966263752 1539.1224 -1.0 1539.1224 -1.0 1
380 nan 0.125 0.8 -1.0 1.0 1542.9591 1542.9602333333332 1543.2159 1542.4273 1544.7923283912826 1543.0788 1.0 1543.0788 1.0 1
381 nan 0.125 0.8 -1.0 1.0 1546.6882333333333 1546.6892 1546.9607333333333 1545.4144333333334 1548.5380631647377 1546.8510333333334 1.0 1546.8510333333334 1.0 1
382 nan 0.125 0.8 -1.0 1.0 1550.4926 1550.4935333333333 1550.6987666666666 1549.1555666666666 1552.2759965373525 1550.4447333333333 -1.0 1550.4447333333333 -1.0 1
383 0.0625 nan 0.8 1.0 1.0 1553.5549 1553.5558333333333 1553.8098 1552.8876 1555.371428744646 1553.6488666666667 -1.0 1553.6488666666667 -1.0 1
384 nan 0.0625 0.8 1.0 -1.0 1556.5592333333334 1556.5601666666666 1556.6588333333334 1555.9833333333333 1559.2262633231658 1556.5713333333333 -1.0 1556.5713333333333 -1.0 1
385 0.125 nan 0.8 1.0 1.0 1560.8380333333334 1560.8388 1561.0954666666667 1559.8453666666667 1562.6711686666667 1560.7389666666666 1.0 1560.7389666666666 1.0 1
386 0.0625 nan 0.8 1.0 1.0 1564.3925 1564.3934666666667 1564.7372 1563.2963666666667 1566.304596304659 1564.6035666666667 -1.0 1564.6035666666667 -1.0 1
387 1.0 nan 0.8 1.0 1.0 1568.8754333333334 1568.8764333333334 1569.0724333333333 1566.9245 1570.6381305006178 1568.9830333333334 -1.0 1568.9830333333334 -1.0 1
388 1.0 nan 0.8 1.0 1.0 1574.6920333333333 1574.6930666666667 1574.8746666666666 1571.2678333333333 1576.4421947394446 1574.7818666666667 -1.0 1574.7818666666667 -1.0 1
389 0.0 nan 0.8 1.0 1.0 1578.4712666666667 1578.4720666666667 1578.7107 1577.0746 1580.2878298112623 1578.6210333333333 -1.0 1578.6210333333333 -1.0 1
390 nan 0.125 0.8 1.0 -1.0 1582.3423666666667 1582.3433666666667 1582.4437 1580.9258333333332 1585.0211642463817 1582.2878666666666 -1.0 1582.2878666666666 -1.0 1
391 0.0 nan 0.8 1.0 1.0 1586.2423 1586.2433666666666 1586.5101666666667 1585.6472666666666 1588.092395235776 1586.4181333333333 -1.0 1586.4181333333333 -1.0 1
392 1.0 nan 0.8 1.0 1.0 1590.0877333333333 1590.0887333333333 1590.1771 1588.7149 1591.754429641385 1590.0803333333333 -1.0 1590.0803333333333 -1.0 1
393 0.0625 nan 0.8 1.0 1.0 1594.7585666666666 1594.7596666666666 1595.0819333333334 1592.3803333333333 1596.6542643932635 1595.0142666666666 -1.0 1595.0142666666666 -1.0 1
394 nan 1.0 0.8 -1.0 1.0 1599.3582666666666 1599.3593 1599.6788 1597.2827666666667 1601.2542972987717 1599.5323666666666 1.0 1599.5323666666666 1.0 1
395 0.125 nan 0.8 1.0 1.0 1604.8754666666666 1604.8763 1604.9348333333332 1601.9064 1606.5041572884193 1604.8133 -1.0 1604.8133 -1.0 1
396 1.0 nan 0.8 1.0 1.0 1608.4254333333333 1608.4262666666666 1608.6618666666666 1607.4503666666667 1610.2373686666665 1608.4151 1.0 1608.4151 1.0 1
397 0.25 nan 0.8 1.0 1.0 1611.392 1611.3932666666667 1611.6058 1610.8648666666666 1613.1704948839688 1611.3714333333332 1.0 1611.5077 -1.0 2
398 0.125 nan 0.8 1.0 1.0 1616.0253333333333 1616.0262666666667 1616.2643333333333 1613.7963 1617.8373307574866 1616.1872 -1.0 1616.1872 -1.0 1
399 1.0 nan 0.8 1.0 1.0 1621.3417333333334 1621.3425666666667 1621.5185666666666 1618.4803333333334 1623.0872939095464 1621.4410666666668 -1.0 1621.4410666666668 -1.0 1
400 0.25 nan 0.8 1.0 1.0 1624.9583666666667 1624.9592333333333 1625.1752 1623.7236 1626.7369305966242 1625.0940333333333 -1.0 1625.0940333333333 -1.0 1
401 nan 0.125 0.8 1.0 -1.0 1628.6916666666666 1628.6925333333334 1628.8485333333333 1627.3633333333332 1631.4249651243267 1628.7252 -1.0 1628.7252 -1.0 1
402 0.125 nan 0.8 1.0 1.0 1632.6036666666666 1632.6045333333334 1632.8488666666667 1632.0657666666666 1634.4204949509299 1632.7541666666666 -1.0 1632.7541666666666 -1.0 1
403 0.0625 nan 0.8 1.0 1.0 1635.6081333333334 1635.6092 1635.9184 1635.052 1637.491702 1635.8246333333334 -1.0 1635.8246333333334 -1.0 1
404 0.125 nan 0.8 1.0 1.0 1639.0536 1639.0545 1639.1677333333334 1638.119 1640.7371288316886 1639.0346 -1.0 1639.0346 -1.0 1
405 0.125 nan 0.8 1.0 1.0 1641.9747333333332 1641.9758333333334 1642.1222333333333 1641.3715333333334 1643.691761565422 1641.9363333333333 -1.0 1641.9363333333333 -1.0 1
406 0.25 nan 0.8 1.0 1.0 1645.0201333333334 1645.0211666666667 1645.2764666666667 1644.3198666666667 1646.8368952754222 1645.1779 -1.0 1645.1779 -1.0 1
407 nan 0.125 0.8 1.0 -1.0 1648.5747666666666 1648.5758333333333 1648.6944666666666 1647.473 1651.2580305193458 1648.5598 -1.0 1648.5598 -1.0 1
408 1.0 nan 0.8 1.0 1.0 1653.9034 1653.9044666666666 1654.0950333333333 1651.8969333333334 1655.6579637869722 1653.9588 -1.0 1653.9588 -1.0 1
409 nan 0.25 0.8 -1.0 1.0 1656.937 1656.9384666666667 1657.2340666666666 1656.3029666666666 1658.7909953059445 1657.1168333333333 1.0 1657.1168333333333 1.0 1
410 0.0 nan 0.8 1.0 1.0 1659.9200333333333 1659.9211 1660.2108 1659.4162 1661.7698282368406 1660.0857666666666 -1.0 1660.0857666666666 -1.0 1
411 0.0625 nan 0.8 1.0 1.0 1664.6911 1664.6921 1664.8091333333334 1662.4064333333333 1666.374763910229 1664.6751666666667 -1.0 1664.6751666666667 -1.0 1
412 1.0 nan 0.8 1.0 1.0 1668.5032333333334 1668.5040666666666 1668.6194666666668 1667.0352666666668 1670.1740962326614 1668.5312666666666 -1.0 1668.5312666666666 -1.0 1
413 nan 0.0625 0.8 -1.0 1.0 1671.9030333333333 1671.9040666666667 1672.4037 1670.8308 1673.9578295917622 1672.017 -1.0 1672.017 -1.0 1
414 nan 1.0 0.2 -1.0 1.0 1679.0032333333334 1679.0040333333334 1679.2818666666667 1674.6085333333333 1680.8408654288598 1679.1450666666667 1.0 1679.1450666666667 1.0 1
415 1.0 nan 0.2 1.0 1.0 1684.3031333333333 1684.304 1684.5074 1681.5113666666666 1686.0574269936105 1684.4283 -1.0 1684.4283 -1.0 1
416 1.0 nan 0.2 1.0 1.0 1689.0863333333334 1689.0873333333334 1689.2649333333334 1686.7074333333333 1690.8197640699914 1689.1445 -1.0 1689.1445 -1.0 1
417 nan 1.0 0.2 -1.0 1.0 1692.4075666666668 1692.4086333333332 1692.7633666666666 1691.4775666666667 1694.3195957240755 1692.5626666666667 1.0 1692.5626666666667 1.0 1
418 nan 0.0625 0.2 -1.0 1.0 1699.5570333333333 1699.5579666666667 1699.8344333333334 1694.9788 1701.3909632729062 1699.7432333333334 1.0 1699.7432333333334 1.0 1
419 nan 0.125 0.2 1.0 -1.0 1703.503 1703.5039666666667 1703.6179666666667 1702.0711666666666 1706.1695974146728 1703.4796333333334 -1.0 1703.4796333333334 -1.0 1
420 nan 0.125 0.2 -1.0 1.0 1709.2571 1709.2579 1709.6249333333333 1706.8233 1711.1741309862157 1709.4978666666666 1.0 1709.4978666666666 1.0 1
421 nan 0.125 0.2 -1.0 1.0 1712.5860333333333 1712.5869 1712.7600333333332 1711.8266333333333 1714.323961717093 1712.5553 -1.0 1712.5553 -1.0 1
422 nan 0.0625 0.2 -1.0 1.0 1716.9357333333332 1716.9365666666667 1717.2171 1714.9817666666668 1718.769297051501 1717.1235333333334 1.0 1717.1235333333334 1.0 1
423 nan 0.0625 0.2 -1.0 1.0 1720.1737 1720.1745333333333 1720.8307 1719.4296 1722.3901270084643 1720.1669666666667 -1.0 1720.7516333333333 1.0 3
424 nan 0.0 0.2 -1.0 1.0 1724.386 1724.3868666666667 1727.1471666666666 1723.3756333333333 1728.7024947288967 1724.8508333333334 -1.0 1727.0824 1.0 5
425 nan 0.25 0.2 -1.0 1.0 1734.1065 1734.1075 1734.3742333333332 1729.3546 1735.9191323171044 1734.1009333333334 -1.0 1734.1009333333334 -1.0 1
426 nan 0.0625 0.2 -1.0 1.0 1737.9570666666666 1737.9581333333333 1738.2294666666667 1736.5722333333333 1739.785763022808 1738.1294666666668 1.0 1738.1294666666668 1.0 1
427 nan 0.25 0.2 -1.0 1.0 1741.2570666666666 1741.2581333333333 1741.4986 1740.4407666666666 1743.0522953470438 1741.4022333333332 1.0 1741.4022333333332 1.0 1
428 nan 0.125 0.2 -1.0 1.0 1747.0903333333333 1747.0914333333333 1747.3710333333333 1743.7035 1748.923461151377 1747.264 1.0 1747.264 1.0 1
429 nan 0.125 0.2 1.0 -1.0 1750.2354666666668 1750.2364333333333 1750.3271 1749.5866666666666 1752.868796477084 1750.2159666666666 -1.0 1750.2159666666666 -1.0 1
430 nan 0.125 0.2 -1.0 1.0 1755.4232333333334 1755.4240666666667 1755.7094 1753.5206 1757.2686303771861 1755.5897333333332 1.0 1755.5897333333332 1.0 1
431 nan 0.0625 0.2 -1.0 1.0 1758.4734 1758.4744 1758.7882333333334 1757.9232333333334 1760.3399617116474 1758.6776333333332 1.0 1758.6776333333332 1.0 1
432 0.0 nan 0.2 1.0 1.0 1762.4686666666666 1762.4697 1762.9282666666666 1760.9771666666666 1764.4892967781007 1762.6619333333333 1.0 1762.6619333333333 1.0 1
433 nan 0.0 0.2 1.0 -1.0 1765.8519666666666 1765.8530333333333 1766.2113666666667 1765.1417 1768.7688301249186 1766.1003333333333 -1.0 1766.1003333333333 -1.0 1
434 nan 1.0 0.2 -1.0 1.0 1770.1064 1770.1073333333334 1770.3634333333334 1769.4405333333334 1771.918861654007 1770.2581333333333 1.0 1770.2581333333333 1.0 1
435 nan 1.0 0.2 -1.0 1.0 1773.6398666666666 1773.641 1774.0589666666667 1772.5791666666667 1775.6019959899486 1773.807 1.0 1774.0046 1.0 2
436 nan 0.125 0.2 -1.0 1.0 1777.4394666666667 1777.4403 1777.5965 1776.2669 1779.1688020000001 1777.4305333333334 1.0 1777.4305333333334 1.0 1
437 nan 0.0625 0.2 1.0 -1.0 1781.4229333333333 1781.4239666666667 1781.5346333333334 1779.8439 1784.106459598265 1781.4201666666668 -1.0 1781.4201666666668 -1.0 1
438 nan 0.25 0.2 -1.0 1.0 1785.9017 1785.9026 1786.2203666666667 1784.7775666666666 1787.785095875261 1786.1010333333334 1.0 1786.1010333333334 1.0 1
439 0.25 nan 0.2 -1.0 -1.0 1789.3726 1789.3735666666666 1789.5445666666667 1788.4621 1792.1229302194934 1789.3450666666668 1.0 1789.3450666666668 1.0 1
440 nan 0.25 0.2 -1.0 1.0 1794.0183 1794.0192333333334 1794.3856333333333 1792.7863333333332 1795.9516629118964 1794.2354333333333 1.0 1794.2354333333333 1.0 1
441 nan 0.0 0.2 -1.0 1.0 1798.2895 1798.2905333333333 1800.6614 1796.6121666666666 1802.2388984404122 1798.6766 -1.0 1800.3816666666667 1.0 6
442 nan 0.125 0.2 -1.0 1.0 1803.5180333333333 1803.5192 1803.9123333333334 1802.9116 1805.4685284336651 1803.7051 1.0 1803.7051 1.0 1
443 nan 0.25 0.2 -1.0 1.0 1806.956 1806.9568333333334 1807.3577333333333 1806.1359333333332 1808.922662169315 1807.1434666666667 1.0 1807.1434666666667 1.0 1
444 nan 0.25 0.2 -1.0 1.0 1811.7179 1811.7188333333334 1811.9274 1809.5973666666666 1813.5055970889202 1811.7458333333334 1.0 1811.8257 -1.0 2
445 nan 1.0 0.2 -1.0 1.0 1814.7848 1814.7858 1815.0758 1814.1809 1816.6392281607764 1814.9158333333332 1.0 1814.9158333333332 1.0 1
446 0.0 nan 0.2 -1.0 -1.0 1819.6013 1819.6021333333333 1823.0221666666666 1817.3132333333333 1825.5885968862856 1819.8628666666666 -1.0 1822.8668 -1.0 3
447 nan 1.0 0.2 -1.0 1.0 1826.9679333333333 1826.9687666666666 1827.2961333333333 1826.2761 1828.8677283808506 1827.1599333333334 1.0 1827.1599333333334 1.0 1
448 nan 0.25 0.2 -1.0 1.0 1830.1724 1830.1734 1830.4863333333333 1829.5507333333333 1832.0553615663994 1830.3408666666667 1.0 1830.3408666666667 1.0 1
449 1.0 nan 0.2 1.0 1.0 1834.4012333333333 1834.4020666666668 1834.5885666666666 1832.7332666666666 1836.155396517164 1834.5094333333334 -1.0 1834.5094333333334 -1.0 1
450 1.0 nan 0.2 1.0 1.0 1842.8512 1842.8520333333333 1843.0846666666666 1836.8291 1844.650863171803 1843.0011 -1.0 1843.0011 -1.0 1
451 nan 0.0 0.2 1.0 -1.0 1847.4222666666667 1847.4233333333334 1848.08 1845.3534666666667 1850.6508275560038 1847.9579333333334 -1.0 1847.9579333333334 -1.0 1
452 nan 0.125 0.2 -1.0 1.0 1852.105 1852.106 1852.4472333333333 1851.3504333333333 1854.01766030259 1852.3150333333333 1.0 1852.3150333333333 1.0 1
453 nan 0.25 0.2 -1.0 1.0 1857.2720666666667 1857.2729666666667 1857.5336666666667 1855.0596666666668 1859.1008971434833 1857.4298 1.0 1857.4298 1.0 1
454 nan 0.25 0.2 -1.0 1.0 1860.5220666666667 1860.5229666666667 1860.7994 1859.7901 1862.372028396577 1860.6801333333333 1.0 1860.6801333333333 1.0 1
455 nan 0.0 0.2 -1.0 1.0 1863.5840666666666 1863.5849333333333 1867.2209666666668 1863.0505333333333 1868.784065197656 1863.6159 -1.0 1867.0758666666666 1.0 7
456 0.0 nan 0.2 -1.0 -1.0 1870.4714666666666 1870.4722333333334 1870.6932333333334 1869.4500666666668 1873.2549970136486 1870.6031666666668 1.0 1870.6031666666668 1.0 1
457 nan 0.0 0.2 -1.0 1.0 1874.4170333333334 1874.4179 1876.0926333333334 1873.9243 1877.6505582797333 1874.6838333333333 1.0 1875.9767666666667 1.0 4
458 nan 1.0 0.2 -1.0 1.0 1878.9049666666667 1878.9058666666667 1879.2467666666666 1878.3262666666667 1880.8171686666667 1879.0891 1.0 1879.0891 1.0 1
459 nan 0.125 0.2 -1.0 1.0 1882.1215 1882.1225333333334 1882.3611 1881.4956666666667 1883.9337947364897 1882.2542333333333 1.0 1882.2542333333333 1.0 1
460 nan 0.25 0.2 -1.0 1.0 1885.8883333333333 1885.8892 1886.1864333333333 1884.6131 1887.7505293469135 1886.0666333333334 1.0 1886.0666333333334 1.0 1
461 0.0625 nan 0.2 1.0 1.0 1889.0382 1889.0391666666667 1889.4042333333334 1888.4373333333333 1890.9670615467753 1889.2901333333334 -1.0 1889.2901333333334 -1.0 1
462 nan 0.125 0.2 -1.0 1.0 1892.2545666666667 1892.2555 1892.4976666666666 1891.6541666666667 1894.067195676702 1892.3924 1.0 1892.3924 1.0 1
463 nan 1.0 0.2 -1.0 1.0 1896.8713333333333 1896.8724666666667 1897.0607 1894.7466 1898.6217303423075 1896.9494666666667 1.0 1896.9494666666667 1.0 1
464 nan 0.25 0.2 -1.0 1.0 1902.4837333333332 1902.4848 1902.8009666666667 1899.3041333333333 1904.371464627483 1902.4338 1.0 1902.4338 1.0 1
465 nan 0.125 0.2 -1.0 1.0 1907.0669333333333 1907.0677666666666 1907.6764 1905.0701666666666 1909.2335257564637 1907.4392666666668 1.0 1907.4392666666668 1.0 1
466 nan 0.25 0.2 -1.0 1.0 1910.5047333333334 1910.5057333333334 1910.7228333333333 1909.9319333333333 1912.2835353333332 1910.5188333333333 -1.0 1910.5188333333333 -1.0 1
467 nan 0.0625 0.2 -1.0 1.0 1913.5046666666667 1913.5058 1914.0584666666666 1912.9810333333332 1915.6169617520595 1913.7271333333333 1.0 1913.7271333333333 1.0 1
468 nan 0.0625 0.2 -1.0 1.0 1917.5378666666666 1917.5387333333333 1917.8339 1916.3068666666666 1919.400195895479 1917.7250333333334 1.0 1917.7250333333334 1.0 1
469 nan 0.0625 0.2 -1.0 1.0 1921.6044666666667 1921.6053666666667 1921.9293333333333 1920.0937 1923.5001297633953 1921.6890333333333 1.0 1921.6890333333333 1.0 1
470 nan 0.0 0.2 1.0 -1.0 1926.6709333333333 1926.672 1930.6843333333334 1924.1835333333333 1933.2499280424431 1927.4638666666667 -1.0 1930.5617333333332 -1.0 4
471 nan 0.0625 0.2 1.0 -1.0 1934.5541666666666 1934.5549666666666 1934.9356333333333 1933.9629333333332 1937.4998631450699 1934.8275 -1.0 1934.8275 -1.0 1
472 nan 0.125 0.2 -1.0 1.0 1938.8042666666668 1938.8053 1939.2474666666667 1938.2020666666667 1940.8164949362554 1939.0100333333332 1.0 1939.1448 1.0 2
473 nan 0.25 0.2 -1.0 1.0 1942.4874 1942.4883333333332 1942.7503 1941.5195 1944.3209286305623 1942.6256333333333 1.0 1942.6256333333333 1.0 1
474 nan 0.0 0.2 -1.0 1.0 1946.1664 1946.1672666666666 1947.0628333333334 1945.0260333333333 1948.6375632969568 1946.8455666666666 1.0 1946.8455666666666 1.0 1
475 1.0 nan 0.8 1.0 1.0 1950.933 1950.9339 1951.1335666666666 1949.3310666666666 1952.7043963450421 1951.0548666666666 -1.0 1951.0548666666666 -1.0 1
476 nan 0.0625 0.8 -1.0 1.0 1957.1662333333334 1957.1672 1957.4390333333333 1953.3936 1959.004031599158 1957.3449666666668 1.0 1957.3449666666668 1.0 1
477 0.0625 nan 0.8 1.0 1.0 1960.2662666666668 1960.2672 1960.5751666666667 1959.7118333333333 1962.137561216599 1960.4768666666666 -1.0 1960.4768666666666 -1.0 1
478 nan 0.0625 0.8 -1.0 1.0 1965.1994 1965.2008333333333 1965.6981 1962.8357666666666 1967.2660975047095 1965.4280333333334 1.0 1965.6166666666666 1.0 2
479 0.0625 nan 0.8 1.0 1.0 1968.4368 1968.4378333333334 1968.7288333333333 1967.9567 1970.3038277705239 1968.6291333333334 -1.0 1968.6291333333334 -1.0 1
480 0.0625 nan 0.8 1.0 1.0 1971.4662 1971.4671333333333 1971.6879333333334 1970.9926333333333 1973.2494607314675 1971.4658333333334 -1.0 1971.4658333333334 -1.0 1
481 0.25 nan 0.8 1.0 1.0 1978.3036333333334 1978.3048 1978.5578 1973.9545666666668 1980.116028412726 1978.4716666666666 -1.0 1978.4716666666666 -1.0 1
482 0.25 nan 0.8 1.0 1.0 1981.5370333333333 1981.5381 1981.7884333333334 1980.8297333333333 1983.3536614015845 1981.6957666666667 -1.0 1981.6957666666667 -1.0 1
483 nan 0.0625 0.8 -1.0 1.0 1985.5659333333333 1985.5667333333333 1986.5532666666666 1984.0570666666667 1988.115797116443 1985.7910333333334 1.0 1986.4938333333334 1.0 3
484 0.125 nan 0.8 1.0 1.0 1989.3866 1989.3874 1989.4733 1988.8125 1991.0369244993883 1989.3237 -1.0 1989.3237 -1.0 1
485 0.0625 nan 0.8 1.0 1.0 1993.5823 1993.5833666666667 1993.7468333333334 1992.1080333333334 1995.3157627243058 1993.6421 -1.0 1993.6421 -1.0 1
486 0.0 nan 0.8 1.0 1.0 1996.7701666666667 1996.7710333333334 1997.1208666666666 1996.0116666666668 1998.6824686666666 1997.0309 -1.0 1997.0309 -1.0 1
487 0.125 nan 0.8 1.0 1.0 2000.0533666666668 2000.0543333333333 2000.3164 1999.3878666666667 2001.8867947735848 2000.2382 -1.0 2000.2382 -1.0 1
488 0.25 nan 0.8 1.0 1.0 2004.1822666666667 2004.1833333333334 2004.3855333333333 2002.5785 2005.9531294498481 2004.2644 -1.0 2004.2644 -1.0 1
489 0.125 nan 0.8 1.0 1.0 2007.1821333333332 2007.1836333333333 2007.3480666666667 2006.6764333333333 2008.932360693084 2007.1545 1.0 2007.1545 1.0 1
490 0.125 nan 0.8 1.0 1.0 2011.9364 2011.9373 2012.1681 2009.6416666666667 2013.7363969841078 2012.0873666666666 -1.0 2012.0873666666666 -1.0 1
491 0.0625 nan 0.8 1.0 1.0 2016.4653333333333 2016.4662666666666 2016.7141333333334 2014.4617 2018.2699300004558 2016.5879333333332 -1.0 2016.5879333333332 -1.0 1
492 0.0 nan 0.8 1.0 1.0 2019.4987333333333 2019.4996 2019.6647666666668 2018.9952333333333 2021.2320605788357 2019.5555333333334 -1.0 2019.5555333333334 -1.0 1
493 nan 0.25 0.8 1.0 -1.0 2023.9867333333334 2023.9875666666667 2024.0942333333332 2021.9486666666667 2026.6487265616552 2023.9760666666666 -1.0 2023.9760666666666 -1.0 1
494 0.0625 nan 0.8 1.0 1.0 2028.4195 2028.4205666666667 2028.7483333333332 2027.3608333333334 2030.3200621209571 2028.6589 -1.0 2028.6589 -1.0 1
495 0.25 nan 0.8 1.0 1.0 2031.5653333333332 2031.5662 2031.8339666666666 2031.0431666666666 2033.4028686666666 2031.7475666666667 -1.0 2031.7475666666667 -1.0 1
496 0.0625 nan 0.8 1.0 1.0 2035.6818 2035.6829 2035.9387 2034.1155666666666 2037.4985960691583 2035.6835666666666 -1.0 2035.8721333333333 -1.0 2
497 0.125 nan 0.8 1.0 1.0 2040.4359 2040.4368666666667 2040.7433333333333 2038.2308 2042.3030585890135 2040.3811666666666 1.0 2040.3811666666666 1.0 1
498 1.0 nan 0.8 1.0 1.0 2045.0985 2045.0995 2045.3365666666666 2043.0282666666667 2046.8982977988444 2045.2456666666667 -1.0 2045.2456666666667 -1.0 1
499 0.125 nan 0.8 1.0 1.0 2048.319466666667 2048.3204666666666 2048.7926 2047.6138 2050.3526284442255 2048.6062 1.0 2048.6062 1.0 1
500 1.0 nan 0.8 1.0 1.0 2052.1316 2052.1324666666665 2052.2606333333333 2051.0661333333333 2053.8148617590946 2052.1641666666665 -1.0 2052.1641666666665 -1.0 1
501 0.25 nan 0.8 1.0 1.0 2055.0531 2055.0541 2055.2408666666665 2054.5333666666666 2056.8024686666668 2054.9913666666666 -1.0 2054.9913666666666 -1.0 1
502 0.25 nan 0.8 1.0 1.0 2059.6979666666666 2059.698766666667 2059.8231 2057.515266666667 2061.3817247343873 2059.667033333333 -1.0 2059.667033333333 -1.0 1
503 1.0 nan 0.8 1.0 1.0 2063.752466666667 2063.7534 2063.8714333333332 2062.112633333333 2065.4361626784817 2063.736033333333 -1.0 2063.736033333333 -1.0 1
504 0.125 nan 0.8 1.0 1.0 2066.8146 2066.8157333333334 2066.9466666666667 2066.1639666666665 2068.5149686666664 2066.8534666666665 -1.0 2066.8534666666665 -1.0 1
505 0.25 nan 0.8 1.0 1.0 2069.952 2069.953033333333 2070.0629 2069.2433666666666 2071.6312950240313 2069.952533333333 -1.0 2069.952533333333 -1.0 1
506 nan 0.25 0.8 -1.0 1.0 2074.0855666666666 2074.0866666666666 2074.5264333333334 2072.3824 2076.085630781176 2074.2397666666666 -1.0 2074.4490333333333 1.0 2
507 nan 0.0 0.8 1.0 -1.0 2080.9146 2080.9156333333335 2082.0579666666667 2076.825733333333 2084.6189275628967 2081.8561666666665 -1.0 2081.8561666666665 -1.0 1
508 0.0625 nan 0.8 1.0 1.0 2085.9644 2085.9653 2086.1377333333335 2085.3681333333334 2087.702436333333 2085.9445666666666 -1.0 2085.9445666666666 -1.0 1
509 0.125 nan 0.8 1.0 1.0 2088.8979 2088.8989333333334 2089.0295333333333 2088.4189333333334 2090.5813613481173 2088.8370666666665 -1.0 2088.8370666666665 -1.0 1
510 0.0 nan 0.8 1.0 1.0 2093.5021666666667 2093.5032666666666 2094.0627 2091.3004666666666 2095.63539718726 2093.9603666666667 -1.0 2093.9603666666667 -1.0 1
511 1.0 nan 0.8 1.0 1.0 2097.0976666666666 2097.0985666666666 2097.2258333333334 2096.3669 2098.7811275877266 2097.1133666666665 -1.0 2097.1133666666665 -1.0 1
512 0.25 nan 0.8 1.0 1.0 2100.5349 2100.5359333333336 2100.7772666666665 2099.511933333333 2102.3310617918496 2100.6970333333334 -1.0 2100.6970333333334 -1.0 1
513 1.0 nan 0.8 1.0 1.0 2103.6186333333335 2103.6195333333335 2103.7593666666667 2103.0635666666667 2105.31409379285 2103.6007666666665 -1.0 2103.6007666666665 -1.0 1
514 nan 0.25 0.8 1.0 -1.0 2107.0347666666667 2107.0358666666666 2107.258533333333 2106.0492 2109.818929949805 2107.1393333333335 -1.0 2107.1393333333335 -1.0 1
515 nan 0.25 0.2 1.0 -1.0 2112.3474333333334 2112.3485 2112.523833333333 2110.5450333333333 2115.085363997399 2112.4205666666667 -1.0 2112.4205666666667 -1.0 1
516 nan 0.0625 0.2 1.0 -1.0 2116.630866666667 2116.6318 2117.1651333333334 2115.8249666666666 2119.7309247666035 2116.981 -1.0 2116.981 -1.0 1
517 nan 0.125 0.2 1.0 -1.0 2121.0018333333333 2121.0028 2122.6781333333333 2120.4666333333334 2125.230664200299 2122.5700333333334 -1.0 2122.5700333333334 -1.0 1
518 nan 0.0625 0.2 1.0 -1.0 2126.7354 2126.7364333333335 2127.8757666666666 2125.9677666666666 2130.4348952537107 2127.8029333333334 -1.0 2127.8029333333334 -1.0 1
519 0.25 nan 0.2 1.0 1.0 2135.2139666666667 2135.2150666666666 2135.5012333333334 2131.5684 2137.0686606791487 2135.3956 -1.0 2135.3956 -1.0 1
520 nan 0.25 0.2 -1.0 1.0 2138.3137 2138.3147 2138.7359666666666 2137.8173666666667 2140.3014944212 2138.5364666666665 1.0 2138.5364666666665 1.0 1
521 nan 1.0 0.2 1.0 -1.0 2141.780333333333 2141.7813666666666 2141.8747 2141.0325 2144.430429469114 2141.7373666666667 -1.0 2141.7373666666667 -1.0 1
522 0.25 nan 0.2 1.0 1.0 2146.618466666667 2146.6193333333335 2146.8786333333333 2145.1558333333332 2148.4345626053964 2146.792733333333 -1.0 2146.792733333333 -1.0 1
523 nan 0.25 0.2 -1.0 1.0 2149.6637333333333 2149.6646666666666 2150.0951666666665 2149.1632666666665 2151.6511944646095 2149.8633666666665 1.0 2150.0307666666668 1.0 2
524 nan 1.0 0.2 -1.0 1.0 2152.8803666666668 2152.8813 2153.2646 2152.3779 2154.8350277404065 2153.097566666667 1.0 2153.097566666667 1.0 1
525 nan 1.0 0.2 -1.0 1.0 2158.2634333333335 2158.2642666666666 2158.5931333333333 2155.5598333333332 2160.1517640965385 2158.4790666666668 1.0 2158.4790666666668 1.0 1
526 nan 0.25 0.2 -1.0 1.0 2162.3302 2162.3312666666666 2163.100966666667 2160.8813666666665 2164.663397527957 2162.8292333333334 1.0 2162.8292333333334 1.0 1
527 nan 0.25 0.2 1.0 -1.0 2165.9348666666665 2165.935933333333 2166.031933333333 2165.4062 2168.5848289862465 2165.921066666667 -1.0 2165.921066666667 -1.0 1
528 1.0 nan 0.2 1.0 1.0 2169.8634333333334 2169.8645666666666 2170.1293333333333 2169.3324333333335 2171.6848607024494 2170.0299333333332 -1.0 2170.0299333333332 -1.0 1
529 nan 0.25 0.2 -1.0 1.0 2172.913233333333 2172.9142 2173.301066666667 2172.423366666667 2174.8635942332444 2173.1354333333334 1.0 2173.1354333333334 1.0 1
530 nan 0.25 0.2 -1.0 1.0 2176.2840666666666 2176.284866666667 2178.0302 2175.6049 2179.58023001126 2177.5630333333334 -1.0 2177.8404 1.0 3
531 0.25 nan 0.2 1.0 1.0 2182.6344 2182.6355 2196.335866666667 2180.3355333333334 2197.901094941614 2182.794766666667 -1.0 2196.1721666666667 -1.0 4
532 nan 0.25 0.2 -1.0 1.0 2205.6297666666665 2205.6307 2206.631066666667 2198.6779 2208.2004635077187 2206.3231333333333 1.0 2206.5224 1.0 2
533 nan 0.25 0.2 -1.0 1.0 2209.7629 2209.7640333333334 2211.5036 2208.9991666666665 2213.0628967580674 2211.300133333333 1.0 2211.300133333333 1.0 1
534 nan 0.25 0.2 -1.0 1.0 2214.8006333333333 2214.8016666666667 2218.3334666666665 2213.8212 2219.9004613730053 2217.9516 1.0 2218.0781 1.0 2
535 nan 0.125 0.2 1.0 -1.0 2221.2794 2221.2803 2222.8683 2220.647266666667 2225.42952642273 2222.7685333333334 -1.0 2222.7685333333334 -1.0 1
536 0.125 nan 0.2 1.0 1.0 2226.8171666666667 2226.8182666666667 2227.1120333333333 2226.1673333333333 2228.662761037927 2227.004933333333 -1.0 2227.004933333333 -1.0 1
537 0.25 nan 0.2 1.0 1.0 2230.050366666667 2230.051266666667 2230.401066666667 2229.4033666666664 2231.962568666667 2230.294 -1.0 2230.294 -1.0 1
538 nan 1.0 0.2 -1.0 1.0 2233.3000333333334 2233.3009333333334 2233.678 2232.7114666666666 2235.229194395835 2233.4763 1.0 2233.4763 1.0 1
539 nan 1.0 0.2 -1.0 1.0 2236.6001 2236.6009 2236.9061 2235.9733 2238.479227710261 2236.7725 1.0 2236.7725 1.0 1
540 nan 0.0 0.2 1.0 -1.0 2239.9502333333335 2239.951233333333 2243.1662 2239.2222333333334 2245.7456959322826 2241.8954 1.0 2243.0736666666667 -1.0 2
541 nan 0.25 0.2 -1.0 1.0 2247.0504 2247.0515 2249.5304333333333 2246.5193 2251.116930612871 2249.3993 1.0 2249.3993 1.0 1
542 nan 0.125 0.2 1.0 -1.0 2252.512166666667 2252.5131666666666 2254.056466666667 2251.875433333333 2256.633192762291 2252.5774333333334 1.0 2253.9073 -1.0 2
543 nan 0.125 0.2 -1.0 1.0 2258.9291 2258.9301333333333 2262.1429333333335 2257.3985 2263.716461510776 2261.7216333333336 -1.0 2261.7216333333336 -1.0 1
544 nan 0.0625 0.2 1.0 -1.0 2265.2121333333334 2265.2131 2267.7687666666666 2264.476166666667 2270.345498223622 2267.6643 -1.0 2267.6643 -1.0 1
545 nan 0.25 0.2 1.0 -1.0 2271.6828333333333 2271.6837333333333 2277.8507 2271.0954 2280.432994217688 2277.5831 -1.0 2277.5831 -1.0 1
546 nan 0.0625 0.2 1.0 -1.0 2281.6954 2281.6963666666666 2304.1269 2281.221 2306.6994282522564 2303.9315 -1.0 2303.9315 -1.0 1
547 nan 0.0 0.2 -1.0 1.0 2308.1951 2308.1958666666665 2329.482 2307.496833333333 2331.0658288922805 2317.3976666666667 -1.0 2329.4700666666668 1.0 4
548 nan 0.25 0.2 1.0 -1.0 2332.5614 2332.562733333333 2332.6730666666667 2331.8501333333334 2335.2445625923515 2332.4978 -1.0 2332.4978 -1.0 1
549 nan 0.0625 0.2 1.0 -1.0 2336.682333333333 2336.6834 2341.6547 2336.0009666666665 2344.228029644009 2341.5302666666666 -1.0 2341.5302666666666 -1.0 1
550 nan 1.0 0.2 -1.0 1.0 2345.8489666666665 2345.85 2346.4395666666665 2344.9956333333334 2348.011262004971 2346.2623 1.0 2346.2623 1.0 1
551 0.125 nan 0.2 1.0 1.0 2349.2489333333333 2349.2499666666668 2349.5787666666665 2348.7644666666665 2351.1441939570855 2349.4804 -1.0 2349.4804 -1.0 1
552 nan 1.0 0.2 -1.0 1.0 2352.5651333333335 2352.5659666666666 2353.017 2351.901 2354.598827960373 2352.8412 1.0 2352.8412 1.0 1
553 nan 0.25 0.2 -1.0 1.0 2356.8108666666667 2356.8119333333334 2357.0487333333335 2355.3650333333335 2358.6318623305815 2356.953033333333 1.0 2356.953033333333 1.0 1
554 nan 0.125 0.2 -1.0 1.0 2360.527633333333 2360.5286 2360.9418666666666 2359.3985666666667 2362.5110927285587 2360.7412 1.0 2360.7412 1.0 1
555 nan 1.0 0.2 -1.0 1.0 2364.6155 2364.6165666666666 2364.8643 2363.7104 2366.4484280323263 2364.744366666667 1.0 2364.744366666667 1.0 1
556 0.0625 nan 0.2 1.0 1.0 2367.944033333333 2367.9449 2368.2874333333334 2367.2163333333333 2369.8608611550176 2368.170433333333 -1.0 2368.170433333333 -1.0 1
557 0.0625 nan 0.2 1.0 1.0 2371.3821333333335 2371.3832 2371.6244666666666 2370.630166666667 2373.1988944817294 2371.5263666666665 -1.0 2371.5263666666665 -1.0 1
558 nan 0.25 0.2 -1.0 1.0 2376.0106333333333 2376.0115 2376.5794 2373.947 2378.1443301860804 2376.3553666666667 -1.0 2376.3553666666667 -1.0 1
559 1.0 nan 0.2 1.0 1.0 2379.5985 2379.5994666666666 2379.8107333333332 2378.9108333333334 2381.377260723513 2379.6294666666668 -1.0 2379.6294666666668 -1.0 1
560 nan 0.0625 0.2 -1.0 1.0 2383.348466666667 2383.3494666666666 2384.007666666667 2382.148866666667 2385.581595985134 2383.7507666666666 1.0 2383.9355 1.0 2
561 nan 0.0625 0.2 1.0 -1.0 2387.0275 2387.0284333333334 2387.5634333333333 2386.3374 2390.115030675964 2387.448533333333 -1.0 2387.448533333333 -1.0 1
562 nan 1.0 0.2 -1.0 1.0 2391.960466666667 2391.9614 2392.337433333333 2390.8872333333334 2393.898461854167 2392.1798 1.0 2392.1798 1.0 1
563 nan 0.0 0.2 -1.0 1.0 2395.293866666667 2395.294733333333 2395.3805666666667 2394.671966666667 2396.9273935722745 2395.2658 1.0 2395.2658 1.0 1
564 nan 0.125 0.2 -1.0 1.0 2399.581366666667 2399.5824333333335 2399.9037 2397.6906 2401.4602296903786 2399.7860666666666 1.0 2399.7860666666666 1.0 1
565 nan 0.0625 0.2 -1.0 1.0 2403.314766666667 2403.3157 2403.609933333333 2402.228433333333 2405.1651617765287 2403.4877666666666 1.0 2403.4877666666666 1.0 1
566 nan 1.0 0.2 -1.0 1.0 2406.4267333333332 2406.4276666666665 2406.555966666667 2405.9303666666665 2408.110494245609 2406.4578666666666 1.0 2406.4578666666666 1.0 1
567 0.125 nan 0.2 1.0 1.0 2409.9144 2409.9153333333334 2410.1058 2408.887 2411.66452799708 2410.0246 -1.0 2410.0246 -1.0 1
568 nan 0.25 0.2 -1.0 1.0 2415.5267 2415.527633333333 2415.7838666666667 2412.4483333333333 2417.3435640863554 2415.6671 1.0 2415.6671 1.0 1
569 nan 1.0 0.2 -1.0 1.0 2419.7646666666665 2419.7656 2419.9996 2418.1233666666667 2421.5602968208345 2419.895 1.0 2419.895 1.0 1
570 0.25 nan 0.2 1.0 1.0 2424.3476666666666 2424.3485666666666 2424.616233333333 2422.3424 2426.180930629044 2424.5080333333335 -1.0 2424.5080333333335 -1.0 1
571 0.25 nan 0.2 1.0 1.0 2427.609966666667 2427.6109 2427.859466666667 2426.9734333333336 2429.4145605182875 2427.7411 -1.0 2427.7411 -1.0 1
572 nan 0.25 0.2 -1.0 1.0 2430.9767333333334 2430.9778666666666 2431.4315 2430.204366666667 2432.997394827924 2431.1613666666667 1.0 2431.1613666666667 1.0 1
573 nan 0.0 0.2 1.0 -1.0 2435.0932 2435.0942 2435.699866666667 2433.7631 2438.260058739305 2435.591066666667 -1.0 2435.591066666667 -1.0 1
574 nan 0.0625 0.2 -1.0 1.0 2439.6477666666665 2439.648833333333 2440.066566666667 2439.0468666666666 2441.6268686666667 2439.8774333333336 1.0 2439.8774333333336 1.0 1
575 0.0 nan 0.2 -1.0 -1.0 2443.2144 2443.2155 2443.3308333333334 2442.4029666666665 2445.8806958908744 2443.2156 1.0 2443.2156 1.0 1
576 nan 0.125 0.2 -1.0 1.0 2447.9599 2447.9608 2448.6660333333334 2446.6611 2450.22655662083 2448.5310666666664 1.0 2448.5310666666664 1.0 1
577 nan 0.125 0.2 1.0 -1.0 2451.7474666666667 2451.748433333333 2451.8901 2451.0128666666665 2454.442995817941 2451.7699666666667 -1.0 2451.7699666666667 -1.0 1
578 nan 0.25 0.2 1.0 -1.0 2455.9807 2455.9817666666668 2456.8427666666666 2455.224 2459.4143301362396 2456.7237666666665 -1.0 2456.7237666666665 -1.0 1
579 nan 1.0 0.2 -1.0 1.0 2460.9095 2460.9104 2461.169033333333 2460.1883333333335 2462.726361917009 2461.0572666666667 1.0 2461.0572666666667 1.0 1
580 nan 0.125 0.2 -1.0 1.0 2464.380633333333 2464.3817 2465.6201666666666 2463.4951666666666 2467.1762961546033 2465.347133333333 -1.0 2465.347133333333 -1.0 1
581 nan 0.25 0.2 -1.0 1.0 2468.5974333333334 2468.5984 2468.8184 2467.9591 2470.3970272370807 2468.6116 -1.0 2468.6116 -1.0 1
582 nan 0.0625 0.2 -1.0 1.0 2472.5595333333335 2472.5606666666667 2472.819933333333 2471.1791333333335 2474.3928621068208 2472.652633333333 1.0 2472.652633333333 1.0 1
583 nan 0.25 0.2 -1.0 1.0 2475.7806 2475.7816333333335 2476.3716666666664 2475.1802666666667 2477.946994658268 2476.2679 1.0 2476.2679 1.0 1
584 nan 0.25 0.2 -1.0 1.0 2479.2427333333335 2479.2436333333335 2479.4427 2478.7285 2481.0138268626692 2479.3514666666665 1.0 2479.3514666666665 1.0 1
585 0.125 nan 0.2 1.0 1.0 2482.326 2482.3269333333333 2482.5911333333333 2481.7924333333335 2484.159535333333 2482.5022 -1.0 2482.5022 -1.0 1
586 nan 0.25 0.2 -1.0 1.0 2485.6306666666665 2485.6316 2485.8479666666667 2484.946033333333 2487.4093606111915 2485.7590333333333 1.0 2485.7590333333333 1.0 1
587 nan 0.125 0.2 -1.0 1.0 2489.7136666666665 2489.7145666666665 2490.3167 2488.1943666666666 2491.8925960315664 2489.7937 -1.0 2490.207033333333 1.0 2
588 nan 0.125 0.2 -1.0 1.0 2494.1132333333335 2494.1142333333332 2494.461533333333 2492.6992 2496.0302289132733 2494.3423 1.0 2494.3423 1.0 1
589 nan 0.25 0.2 -1.0 1.0 2497.3591333333334 2497.3602 2497.6338666666666 2496.824833333333 2499.214060367145 2497.5354333333335 1.0 2497.5354333333335 1.0 1
590 nan 0.0625 0.2 -1.0 1.0 2502.2924666666668 2502.2935 2502.6229 2500.0061666666666 2504.192424547515 2502.340133333333 -1.0 2502.340133333333 -1.0 1
591 nan 1.0 0.2 -1.0 1.0 2505.5966 2505.5974666666666 2505.945833333333 2505.000433333333 2507.513335333333 2505.757866666667 1.0 2505.757866666667 1.0 1
592 nan 0.0625 0.8 -1.0 1.0 2508.859233333333 2508.860133333333 2509.234966666667 2508.2962333333335 2510.8090606928863 2508.922466666667 -1.0 2508.922466666667 -1.0 1
593 0.0625 nan 0.8 1.0 1.0 2512.3136666666664 2512.314766666667 2512.4437 2511.599166666667 2514.009093798872 2512.3152333333333 -1.0 2512.3152333333333 -1.0 1
594 0.25 nan 0.8 1.0 1.0 2515.5469333333335 2515.5477666666666 2515.8155 2514.7955 2517.3755275549483 2515.7024 -1.0 2515.7024 -1.0 1
595 nan 0.125 0.8 -1.0 1.0 2519.462666666667 2519.4637333333335 2519.8377333333333 2518.1608333333334 2521.4133632084145 2519.6788666666666 1.0 2519.6788666666666 1.0 1
596 0.25 nan 0.8 1.0 1.0 2522.7587 2522.7597333333333 2523.027666666667 2522.1949666666665 2524.5921936047894 2522.9364333333333 -1.0 2522.9364333333333 -1.0 1
597 0.0625 nan 0.8 1.0 1.0 2525.963 2525.964033333333 2526.2699 2525.3992 2527.846827266091 2526.1647333333335 -1.0 2526.1647333333335 -1.0 1
598 0.0625 nan 0.8 1.0 1.0 2529.1251666666667 2529.1260333333335 2529.4706333333334 2528.6283333333336 2531.042260473432 2529.3667666666665 -1.0 2529.3667666666665 -1.0 1
599 0.0 nan 0.8 1.0 1.0 2532.5464666666667 2532.5473333333334 2537.812 2531.8289666666665 2539.38002881652 2532.7315 -1.0 2537.7246 -1.0 5
600 0.125 nan 0.8 1.0 1.0 2540.958666666667 2540.9596333333334 2541.292933333333 2540.1981333333333 2542.8628609522657 2541.1660666666667 -1.0 2541.1660666666667 -1.0 1
601 nan 0.125 0.8 -1.0 1.0 2544.358566666667 2544.3596333333335 2544.8289666666665 2543.665266666667 2546.396594427348 2544.5448666666666 1.0 2544.7260666666666 1.0 2
602 0.125 nan 0.8 1.0 1.0 2547.791833333333 2547.792933333333 2548.1957 2547.1995 2549.758602 2548.0050666666666 -1.0 2548.0050666666666 -1.0 1
603 1.0 nan 0.8 1.0 1.0 2551.2959 2551.2969333333335 2551.5635333333335 2550.5584 2553.1293283091454 2551.4602333333332 -1.0 2551.4602333333332 -1.0 1
604 0.25 nan 0.8 1.0 1.0 2556.1585333333333 2556.1595666666667 2556.7914666666666 2553.944433333333 2558.3629915709093 2556.6495 -1.0 2556.6495 -1.0 1
605 0.125 nan 0.8 1.0 1.0 2560.3585 2560.3595666666665 2561.1259 2559.1824 2562.6964290922633 2561.0357 -1.0 2561.0357 -1.0 1
606 nan 1.0 0.8 -1.0 1.0 2564.108133333333 2564.1088666666665 2564.4639333333334 2563.5059333333334 2566.0292605961636 2564.3015333333333 1.0 2564.3015333333333 1.0 1
607 0.125 nan 0.8 1.0 1.0 2567.3415 2567.3425333333334 2568.3894666666665 2566.8353666666667 2569.962596187491 2568.2583666666665 -1.0 2568.2583666666665 -1.0 1
608 0.25 nan 0.8 1.0 1.0 2571.9248333333335 2571.9258666666665 2572.1766 2570.7659 2573.7462283070727 2572.0922 -1.0 2572.0922 -1.0 1
609 1.0 nan 0.8 1.0 1.0 2575.1248333333333 2575.1258333333335 2575.373633333333 2574.542233333333 2576.9414353333336 2575.2828666666665 -1.0 2575.2828666666665 -1.0 1
610 1.0 nan 0.8 1.0 1.0 2578.5126 2578.513466666667 2578.822866666667 2577.7584333333334 2580.396160810992 2578.6836333333335 -1.0 2578.6836333333335 -1.0 1
611 nan 1.0 0.8 -1.0 1.0 2581.9412 2581.9421333333335 2582.4284 2581.2094666666667 2583.991394389293 2582.2044666666666 1.0 2582.2044666666666 1.0 1
612 nan 0.0625 0.8 -1.0 1.0 2585.4288333333334 2585.4297666666666 2594.2056 2584.8145 2595.774794996555 2593.7517666666668 -1.0 2594.078233333333 1.0 2
613 nan 0.25 0.2 -1.0 1.0 2597.1792 2597.1804 2604.0891666666666 2596.6002 2605.6623935715324 2598.8774 -1.0 2599.8139 1.0 5
614 0.25 nan 0.2 1.0 1.0 2607.174433333333 2607.175366666667 2607.8141 2606.4965 2609.378627957166 2607.6091666666666 -1.0 2607.6091666666666 -1.0 1
615 nan 0.125 0.2 -1.0 1.0 2610.807566666667 2610.8086333333335 2616.5208 2610.197633333333 2618.0908956823746 2615.7566666666667 -1.0 2616.4530666666665 1.0 4
616 nan 0.0625 0.2 1.0 -1.0 2619.5787 2619.5796 2626.1132333333335 2618.9172 2628.673994122576 2625.9528333333333 -1.0 2625.9528333333333 -1.0 1
617 nan 1.0 0.2 -1.0 1.0 2630.1450333333332 2630.1458666666667 2630.4663 2629.5083 2632.040827162221 2630.0987 1.0 2630.3143333333333 1.0 3
618 nan 0.0625 0.2 -1.0 1.0 2633.3450333333335 2633.3461666666667 2645.3748333333333 2632.8632333333335 2646.9405621746105 2637.4637 1.0 2645.3323666666665 1.0 5
619 nan 0.125 0.2 -1.0 1.0 2648.2780666666667 2648.2791 2666.857933333333 2647.7786666666666 2668.4239287546156 2653.8925 1.0 2666.5301666666664 -1.0 4
620 nan 0.0625 0.2 0.0 -1.0 2669.8782333333334 2669.8793333333333 2729.8807 2669.2723333333333 2732.3799938192524 2686.5191 -1.0 2726.2231333333334 -1.0 23
621 nan 0.125 0.2 -1.0 1.0 2733.3942333333334 2733.824 2740.043866666667 2733.3044 2741.610262604616 2734.1336666666666 1.0 2739.8252 1.0 3
622 0.25 nan 0.2 1.0 1.0 2743.1727333333333 2743.1736333333333 2743.5705 2742.4410666666668 2745.1436941689267 2743.4587 -1.0 2743.4587 -1.0 1
623 nan 0.25 0.2 -1.0 1.0 2746.8559333333333 2746.8569333333335 2747.6471333333334 2745.9736 2749.2105286161955 2747.3272666666667 1.0 2747.4832 1.0 2
624 1.0 nan 0.2 1.0 1.0 2750.5392 2750.540266666667 2750.9182333333333 2750.027433333333 2752.489260369966 2750.7978 -1.0 2750.7978 -1.0 1
625 nan 0.0 0.2 1.0 -1.0 2753.9772 2753.9782333333333 2754.1082333333334 2753.305066666667 2756.672595485462 2753.9489 -1.0 2753.9489 -1.0 1
626 nan 0.0 0.2 1.0 -1.0 2758.0270333333333 2758.0279 2768.2298333333333 2757.4906 2770.7890273974167 2758.2758 -1.0 2768.076866666667 1.0 12
627 nan 0.0625 0.2 -1.0 1.0 2772.2432 2772.244166666667 2816.2402 2771.630633333333 2817.805027613317 2779.3884 -1.0 2816.1168333333335 1.0 21
628 nan 1.0 0.2 -1.0 1.0 2819.2094666666667 2819.2106 2820.8717666666666 2818.7137333333335 2822.438262617863 2820.6078333333335 1.0 2820.6078333333335 1.0 1
629 nan 0.0625 0.2 -1.0 1.0 2823.892733333333 2823.8935666666666 2827.2533 2823.263966666667 2828.821509379178 2826.9085 -1.0 2826.9085 -1.0 1
