NYU-65 a2ec6341-c55f-48a0-a23b-0ef2f5b1d71e angelakilab 2022-09-12 _iblrig_tasks_ephysChoiceWorld6.6.4 M 163 411
0 nan 0.25 0.5 -1.0 1.0 76.32336690007632 76.21771080007622 76.51564767007652 74.79025356007479 78.09035979708514 76.38229434007638 1.0 76.38229434007638 1.0 1
1 1.0 nan 0.5 1.0 1.0 83.82158367008383 83.82268356008382 84.47631819008448 78.73915863007873 86.03852631186504 84.06672582008407 -1.0 84.06672582008407 -1.0 1
2 1.0 nan 0.5 1.0 1.0 87.38966016008739 87.3906600600874 87.67833129008768 86.6996291700867 89.23814305994065 87.56947551008757 -1.0 87.56947551008757 -1.0 1
3 nan 1.0 0.5 -1.0 1.0 91.33983177009134 91.34066502009134 91.7040620100917 89.89554288008989 93.27117006668283 91.53354573009153 1.0 91.53354573009153 1.0 1
4 nan 0.0625 0.5 -1.0 1.0 94.64003505009464 94.64100162009464 94.97376834009498 93.93877185009394 96.52148169872565 94.84398132009484 1.0 94.84398132009484 1.0 1
5 1.0 nan 0.5 1.0 1.0 98.30670168009831 98.30763492009831 98.79278640009879 97.17348168009717 100.3401263852698 98.52551313009853 -1.0 98.52551313009853 -1.0 1
6 0.125 nan 0.5 -1.0 -1.0 103.28823681010329 103.28930337010328 103.63796850010364 100.991533170101 106.20494548401902 103.54014495010354 1.0 103.54014495010354 1.0 1
7 nan 0.25 0.5 -1.0 1.0 107.58940665010759 107.59030656010759 107.84434782010784 106.88564370010688 109.40478609362044 107.73645861010773 1.0 107.73645861010773 1.0 1
8 0.0625 nan 0.5 1.0 1.0 110.72289327011072 110.72395983011073 111.08519037011109 110.05619328011005 112.65460019714618 110.98436712011099 -1.0 110.98436712011099 -1.0 1
9 1.0 nan 0.5 1.0 1.0 115.3895598901154 115.3905931201154 115.63250226011563 113.32729947011333 117.2042375740007 115.52061345011552 -1.0 115.52061345011552 -1.0 1
10 nan 0.0 0.5 -1.0 1.0 118.85617986011886 118.85727975011886 119.27163831011927 117.91174098011791 120.83784956782587 119.11665381011912 1.0 119.11665381011912 1.0 1
11 0.25 nan 0.5 -1.0 -1.0 129.17254812012916 129.17364801012917 129.52591278012952 121.50934785012151 132.08761563438804 129.38649339012937 1.0 129.38649339012937 1.0 1
12 nan 1.0 0.5 -1.0 1.0 133.2728380501333 133.2739046101333 133.55514315013355 132.8057181001328 135.12254799708538 133.44225444013344 1.0 133.44225444013344 1.0 1
13 0.0625 nan 0.5 -1.0 -1.0 136.42098987013642 136.4218897801364 138.98623332013898 135.7805539201358 141.5560069957973 138.87594435013887 1.0 138.87594435013887 1.0 1
14 nan 0.0 0.5 -1.0 1.0 142.82104980014282 142.82188305014282 143.03929464014303 142.21121079014222 144.60410495835197 142.93953795014295 1.0 142.93953795014295 1.0 1
15 nan 0.0625 0.5 -1.0 1.0 146.32263294014632 146.32353285014634 146.6251360201466 145.3124006401453 148.20413942821773 146.51831337014653 1.0 146.51831337014653 1.0 1
16 nan 1.0 0.5 -1.0 1.0 150.5052146401505 150.5062145401505 150.74255757015075 148.86064578014887 152.30596778368653 150.62103639015064 1.0 150.62103639015064 1.0 1
17 nan 0.125 0.5 -1.0 1.0 153.72055974015373 153.72152631015373 154.02306282015402 152.96706843015298 155.5889016929654 153.8870430901539 1.0 153.8870430901539 1.0 1
18 nan 0.125 0.5 -1.0 1.0 156.7203930601567 156.72152628015672 156.93070536015694 156.24280749015625 158.4893181574042 156.8154502201568 1.0 156.8154502201568 1.0 1
19 1.0 nan 0.5 1.0 1.0 160.1874129901602 160.18817958016018 160.95693603016096 159.14351739015913 162.5205398398087 160.40222484016041 1.0 160.5982052401606 1.0 2
20 0.0625 nan 0.5 -1.0 -1.0 163.75545615016375 163.75652271016375 164.22884214016423 163.22904213016324 166.7872548482542 163.9093407601639 1.0 163.9093407601639 1.0 1
21 0.25 nan 0.5 1.0 1.0 167.95516947016796 167.95616937016797 168.25717260016825 167.43525480016743 169.8223805066381 168.14615037016816 -1.0 168.14615037016816 -1.0 1
22 nan 0.0625 0.5 -1.0 1.0 170.95380291017096 170.95483614017095 171.25040658017124 170.46718491017046 172.8053146152574 171.14231739017114 1.0 171.14231739017114 1.0 1
23 nan 0.125 0.5 -1.0 1.0 174.45391953017446 174.45481944017445 174.73112514017473 173.44712022017345 176.28883709701296 174.62146944017462 1.0 174.62146944017462 1.0 1
24 nan 0.0625 0.5 -1.0 1.0 179.1205528201791 179.12148606017914 179.4084573601794 176.94273729017695 180.97196292337932 179.3000682001793 1.0 179.3000682001793 1.0 1
25 0.125 nan 0.5 -1.0 -1.0 182.43688782018245 182.43778773018244 182.7087939601827 181.67636388018167 185.27170298244016 182.60327118018262 1.0 182.60327118018262 1.0 1
26 0.25 nan 0.5 1.0 1.0 186.4867494601865 186.4877826901865 186.77548725018679 185.9168064601859 188.33870333898588 186.6122702401866 -1.0 186.6122702401866 -1.0 1
27 nan 0.0625 0.5 1.0 -1.0 190.9033410901909 190.9044409801909 191.6947619401917 188.981299980189 194.25363904982015 191.46525156019146 1.0 191.56444164019157 -1.0 2
28 nan 1.0 0.5 -1.0 1.0 195.53824422019554 195.53911080019554 195.94007070019595 194.9085405301949 197.52207693460556 195.75138957019576 1.0 195.75138957019576 1.0 1
29 nan 1.0 0.5 -1.0 1.0 198.8031843601988 198.8040842701988 199.08068994019908 198.15938208019816 200.6535006549282 198.95980203019897 1.0 198.95980203019897 1.0 1
30 nan 0.125 0.5 -1.0 1.0 202.23817416020225 202.23907407020224 202.52091255020252 201.2965016702013 204.08651982611272 202.3995580202024 1.0 202.3995580202024 1.0 1
31 0.0625 nan 0.5 1.0 1.0 205.37192742020537 205.3730939702054 206.9136399002069 204.77392056020477 208.47005141479033 206.77382055020678 -1.0 206.77382055020678 -1.0 1
32 nan 0.0625 0.5 -1.0 1.0 209.77182072020977 209.77272063020976 210.12415215021014 209.1022543502091 211.6880641094556 209.99426514021 1.0 209.99426514021 1.0 1
33 0.0625 nan 0.5 1.0 1.0 214.02019584021403 214.02106242021404 214.35719547021435 212.33816406021234 215.92190332420506 214.22850834021423 -1.0 214.22850834021423 -1.0 1
34 0.0625 nan 0.5 1.0 1.0 217.66993083021768 217.67106405021767 218.04922623021804 216.56490801021656 219.60493625044546 217.8217156502178 -1.0 217.8217156502178 -1.0 1
35 1.0 nan 0.5 1.0 1.0 220.83634749022085 220.83738072022084 221.14051707022114 220.24673979022026 222.70305670587265 221.01782934022103 -1.0 221.01782934022103 -1.0 1
36 0.0625 nan 0.5 1.0 1.0 225.8044173002258 225.80535054022582 226.53587748022653 223.40105766022342 228.08778858324962 226.08352272022609 -1.0 226.5026141402265 -1.0 2
37 nan 0.0625 0.5 -1.0 1.0 229.41978906022942 229.42068897022943 229.75138923022976 228.74858952022876 231.3051017054029 229.63340103022963 1.0 229.63340103022963 1.0 1
38 nan 1.0 0.5 -1.0 1.0 232.7026940702327 232.7036939702327 233.02099557023303 231.95390229023195 234.56951123752302 232.85391228023286 1.0 232.85391228023286 1.0 1
39 nan 0.125 0.5 -1.0 1.0 236.03786052023605 236.03869377023605 236.37172713023637 235.21280970023523 237.9212371839488 236.23590738023623 1.0 236.23590738023623 1.0 1
40 nan 1.0 0.5 -1.0 1.0 240.25287231024026 240.25403886024026 240.52317861024054 238.56384123023858 242.1042791582647 240.39315828024039 1.0 240.39315828024039 1.0 1
41 0.0 nan 0.5 1.0 1.0 243.33596397024334 243.33699720024333 243.8733768902439 242.8001842202428 245.45308846778727 243.75962160024378 -1.0 243.75962160024378 -1.0 1
42 nan 0.0625 0.5 -1.0 1.0 246.67106376024668 246.67199700024668 246.96850068024696 246.10518702024612 248.53780773995302 246.86201133024687 1.0 246.86201133024687 1.0 1
43 nan 0.125 0.5 -1.0 1.0 250.15258224025015 250.15364880025015 250.44921924025044 249.21190965024923 252.02092897621347 250.33026447025034 1.0 250.33026447025034 1.0 1
44 0.125 nan 0.5 1.0 1.0 255.46898388025548 255.46998378025546 255.81278283025583 252.66523095025266 257.3878869987981 255.6911949902557 -1.0 255.6911949902557 -1.0 1
45 0.125 nan 0.5 1.0 1.0 258.61930215025865 258.6203020502586 259.06889052025906 258.04859256025804 260.6372014000627 258.87397668025886 -1.0 258.87397668025886 -1.0 1
46 0.125 nan 0.5 1.0 1.0 261.86944377026185 261.8703103502619 262.15291542026216 261.2958011402613 263.70242029832247 262.029361110262 -1.0 262.029361110262 -1.0 1
47 nan 1.0 0.5 -1.0 1.0 265.03762692026504 265.03862682026505 265.36572744026535 264.4191221102644 266.92073996308744 265.2098097002652 1.0 265.2098097002652 1.0 1
48 0.25 nan 0.5 1.0 1.0 269.019128730269 269.01996198026904 269.3763596702694 267.56534079026756 270.93566878849873 269.2278745202692 -1.0 269.2278745202692 -1.0 1
49 0.0625 nan 0.5 1.0 1.0 272.6038035602726 272.6049367802726 272.93457048027295 271.5879718202716 274.48718423390744 272.7999506102728 -1.0 272.7999506102728 -1.0 1
50 nan 0.125 0.5 -1.0 1.0 275.9191386602759 275.92027188027595 276.3177987902763 275.13898335027517 277.86890807123143 276.13278396027613 1.0 276.13278396027613 1.0 1
51 0.25 nan 0.5 1.0 1.0 279.1208851202791 279.12191835027915 279.43792008027947 278.5236115202785 280.98572760564895 279.2724366302793 -1.0 279.2724366302793 -1.0 1
52 0.125 nan 0.5 1.0 1.0 282.33736344028233 282.3382633502823 282.7739531102828 281.6884283402817 284.3371602231998 282.55670817028255 1.0 282.55670817028255 1.0 1
53 0.0625 nan 0.5 1.0 1.0 285.5021136002855 285.5032468202855 285.84307950028585 284.983065510285 287.4017885390492 285.6896281802857 -1.0 285.6896281802857 -1.0 1
54 nan 0.25 0.5 -1.0 1.0 288.75385506028874 288.75492162028877 289.16018109028914 288.04949217028803 290.73559521059235 288.95210190028894 1.0 288.95210190028894 1.0 1
55 nan 0.125 0.5 -1.0 1.0 291.8869750502919 291.8879082902919 292.2894014702923 291.3819922202914 293.8540103309139 292.0817889002921 1.0 292.0817889002921 1.0 1
56 0.125 nan 0.5 1.0 1.0 295.0685901902951 295.0695567602951 295.4622508202955 294.52301142029455 297.03555230618304 295.3036666802953 -1.0 295.3036666802953 -1.0 1
57 0.25 nan 0.5 1.0 1.0 299.05369164029906 299.05455822029904 299.66666367029967 297.7089594602977 301.2368701534549 299.25600474029926 -1.0 299.5946042102996 -1.0 3
58 0.25 nan 0.5 1.0 1.0 302.55180846030254 302.55287502030257 302.93796984030297 301.93766988030194 304.50350807943454 302.8092493803028 -1.0 302.8092493803028 -1.0 1
59 1.0 nan 0.5 1.0 1.0 306.018461760306 306.019528320306 306.5350101003065 305.1507152103052 308.10362267363206 306.2181417903062 -1.0 306.2181417903062 -1.0 1
60 nan 0.0625 0.5 -1.0 1.0 309.35172840030936 309.3525283203094 309.73412349030974 308.75042187030874 311.30183402688755 309.5979704403096 1.0 309.5979704403096 1.0 1
61 0.25 nan 0.5 1.0 1.0 312.5030132403125 312.5041797903125 312.7809521103128 311.955834630312 314.35346040198976 312.65043183031264 -1.0 312.65043183031264 -1.0 1
62 0.0625 nan 0.5 -1.0 -1.0 315.5851716603156 315.58617156031556 315.8168484903158 314.99976354031503 318.3685872569046 315.6953939703157 1.0 315.6953939703157 1.0 1
63 0.0 nan 0.5 -1.0 -1.0 319.7700198003198 319.7712196803198 320.0772224103201 319.07028978031906 322.63673174572983 319.97523261032 1.0 319.97523261032 1.0 1
64 nan 0.125 0.5 -1.0 1.0 323.9017065903239 323.9024731803239 324.3566277603244 323.27693574032327 325.9030442589715 324.2145419703242 1.0 324.2145419703242 1.0 1
65 nan 0.0 0.5 1.0 -1.0 327.23487324032726 327.23580648032726 327.4851482103275 326.5413426003266 330.0364606823724 327.34986174032736 -1.0 327.34986174032736 -1.0 1
66 0.25 nan 0.5 1.0 1.0 331.41798822033144 331.41945474033145 331.7763857103318 330.6836616603307 333.33519267063195 331.64283240033166 -1.0 331.64283240033166 -1.0 1
67 0.0 nan 0.5 1.0 1.0 334.55284137033453 334.5537746103346 334.97289936033496 333.999696690334 336.53651072858617 334.8500783103349 -1.0 334.8500783103349 -1.0 1
68 nan 0.25 0.5 -1.0 1.0 337.95146814033797 337.95243471033797 338.3053327503383 337.1817117903372 339.86813659146947 338.16284700033816 1.0 338.16284700033816 1.0 1
69 1.0 nan 0.5 1.0 1.0 341.25287130034127 341.25377121034126 341.5755390303416 340.57283931034056 343.1531490059304 341.4614837703415 -1.0 341.4614837703415 -1.0 1
70 nan 0.25 0.5 -1.0 1.0 344.55124143034453 344.55210801034457 344.8879744203449 343.8215477403438 346.45287971766436 344.76438678034475 1.0 344.76438678034475 1.0 1
71 nan 0.25 0.5 -1.0 1.0 347.6678964003477 347.66876298034765 348.004196100348 347.12418411034713 349.5695056566025 347.87664219034787 1.0 347.87664219034787 1.0 1
72 0.25 nan 0.5 1.0 1.0 350.7009597303507 350.7017596503507 350.972199270351 350.2105087803502 352.53461297806643 350.8667764803509 -1.0 350.8667764803509 -1.0 1
73 0.125 nan 0.5 1.0 1.0 353.9028395103539 353.90373942035393 354.53614284035456 353.1821115903532 356.10104264697236 354.3448953003543 -1.0 354.3448953003543 -1.0 1
74 nan 0.0625 0.5 -1.0 1.0 357.5024461803575 357.5034127503575 357.79085067035777 356.81964780035685 359.352762573644 357.6735957303577 1.0 357.6735957303577 1.0 1
75 0.0 nan 0.5 -1.0 -1.0 360.53404299036055 360.53507622036057 360.8017162203608 359.99266380036 363.3674924361279 360.6800283903607 1.0 360.6800283903607 1.0 1
76 1.0 nan 0.5 1.0 1.0 364.5026460903645 364.5037126503645 364.84801155036484 364.019694390364 366.4176193908457 364.6953934803647 -1.0 364.6953934803647 -1.0 1
77 0.125 nan 0.5 1.0 1.0 367.65246441036766 367.65339765036765 368.1918438003682 367.0726224003671 369.7511525039818 367.9364693403679 -1.0 367.9364693403679 -1.0 1
78 nan 0.125 0.5 -1.0 1.0 372.3026326803723 372.3036992403723 372.7058590203727 370.4020560903704 374.26776437100347 372.5773718703726 1.0 372.5773718703726 1.0 1
79 0.125 nan 0.5 1.0 1.0 375.5358426603755 375.53670924037556 375.8395789503758 374.993663550375 377.4007873686776 375.7142914803757 -1.0 375.7142914803757 -1.0 1
80 nan 0.25 0.5 -1.0 1.0 378.5856709803786 378.58670421037857 378.9111051003789 378.04969125037803 380.46921413181354 378.7909504503788 1.0 378.7909504503788 1.0 1
81 nan 0.25 0.5 -1.0 1.0 382.5842377503826 382.5853709703826 382.87294221038286 381.1179177303811 384.4360491648535 382.76868597038276 1.0 382.76868597038276 1.0 1
82 nan 0.25 0.5 -1.0 1.0 389.23370607038925 389.23467264038925 393.3724921503934 385.10885193038513 394.93549877590965 392.8599767403929 1.0 393.2730021003933 1.0 3
83 nan 0.0 0.5 -1.0 1.0 399.5672726103996 399.56837250039956 399.92883645039996 395.63799891039565 401.4838653661131 399.8121481203998 1.0 399.8121481203998 1.0 1
84 nan 0.0 0.5 -1.0 1.0 402.8021157604028 402.8029823404028 405.73378923040576 402.24247173040226 407.3002993090368 405.6159676804056 1.0 405.6159676804056 1.0 1
85 nan 1.0 0.5 -1.0 1.0 408.4853140504085 408.4863139504085 408.76871904040877 407.95310061040794 410.33332672387627 408.65189739040864 1.0 408.65189739040864 1.0 1
86 nan 0.25 0.5 -1.0 1.0 411.6023023204116 411.6033022204116 411.976631550412 410.979531270411 413.5338448202404 411.78211767041176 1.0 411.78211767041176 1.0 1
87 nan 1.0 0.5 -1.0 1.0 414.8516106904149 414.8526105904149 415.3111314004153 414.1803444904142 416.86897348295344 415.0924532704151 1.0 415.0924532704151 1.0 1
88 0.0 nan 0.5 -1.0 -1.0 418.15004748041815 418.15094739041814 418.8082816504188 417.52347681041755 421.3686933223924 418.3445946904184 1.0 418.7638860904188 1.0 3
89 1.0 nan 0.5 1.0 1.0 422.5001124304225 422.5012789804225 423.003295440423 422.019993780422 424.5685002542107 422.83891188042287 -1.0 422.83891188042287 -1.0 1
90 nan 1.0 0.2 -1.0 1.0 426.033392400426 426.03425898042605 426.34642776042637 425.2954995304253 427.9167307493685 426.22847289042625 1.0 426.22847289042625 1.0 1
91 nan 0.0625 0.2 -1.0 1.0 429.1013522404291 429.1022521504291 429.6282328804296 428.5941363004286 431.2002448259637 429.5042786104295 1.0 429.5042786104295 1.0 1
92 nan 0.0625 0.2 -1.0 1.0 432.4183538404324 432.41962038043243 432.94366797043295 431.8579432204319 434.5183732981326 432.8107479304328 1.0 432.8107479304328 1.0 1
93 nan 0.0625 0.2 -1.0 1.0 435.8166139804358 435.8175805504358 445.84744413044587 435.17427822043516 447.4015531507424 445.73325555044573 1.0 445.73325555044573 1.0 1
94 0.125 nan 0.2 -1.0 -1.0 448.5829705504486 448.58387046044857 448.9255362904489 448.0704551404481 451.48490477194 448.80988119044883 1.0 448.80988119044883 1.0 1
95 nan 0.25 0.2 -1.0 1.0 452.7662521804528 452.7672187504528 453.18011079045317 452.1760112104522 454.73301759968473 453.03015912045305 1.0 453.03015912045305 1.0 1
96 1.0 nan 0.2 1.0 1.0 455.968098630456 455.96919852045596 456.47401470045645 455.4654155704555 458.03444989005885 456.3048982804563 -1.0 456.3048982804563 -1.0 1
97 nan 0.125 0.2 -1.0 1.0 459.36652542045937 459.3675253204594 459.72045669045974 458.7220565404587 461.28526657500544 459.5931360904596 1.0 459.5931360904596 1.0 1
98 nan 1.0 0.2 -1.0 1.0 462.7993487704628 462.8001820204628 463.13278209046314 461.95376667046196 464.6995904815244 462.97419795046295 1.0 462.97419795046295 1.0 1
99 nan 1.0 0.2 -1.0 1.0 465.93443523046597 465.93550179046593 466.2874999204663 465.36179250046536 467.8494089021248 466.14411426046615 1.0 466.14411426046615 1.0 1
100 nan 0.0 0.2 1.0 -1.0 468.984430200469 468.985496760469 477.8024816404778 468.5124107404685 480.3843875845816 477.6036681904776 -1.0 477.6036681904776 -1.0 1
101 nan 0.125 0.2 -1.0 1.0 481.7990819404818 481.8001485004818 482.2161069004822 481.06378881048107 483.8008130308039 482.0455906204821 1.0 482.0455906204821 1.0 1
102 nan 1.0 0.2 -1.0 1.0 485.03305851048503 485.03412507048506 485.3766241504854 484.46631519048447 486.95103303510143 485.23260522048525 1.0 485.23260522048525 1.0 1
103 nan 1.0 0.2 -1.0 1.0 488.1322818904881 488.13344844048817 488.5702380904886 487.5995351704876 490.1323509338824 488.37015810048837 1.0 488.37015810048837 1.0 1
104 nan 0.0625 0.2 -1.0 1.0 491.2674683404913 491.2684349104913 491.92956879049194 490.7726511604908 493.48257626240206 491.4890795104915 1.0 491.7862831204918 1.0 2
105 nan 1.0 0.2 -1.0 1.0 494.9004050104949 494.9014382404949 495.6978919204957 494.15097996049417 497.25060333363484 495.5120771704955 1.0 495.5120771704955 1.0 1
106 0.0625 nan 0.2 1.0 1.0 498.3988884604984 498.3997550404984 500.65442955050065 497.8926057604979 502.21713018523593 500.5048445105005 -1.0 500.5048445105005 -1.0 1
107 0.0625 nan 0.2 1.0 1.0 503.51597670050353 503.5170765905035 513.4543161005134 502.96253205050294 515.0174240240336 513.1777770905131 -1.0 513.1777770905131 -1.0 1
108 nan 0.125 0.2 -1.0 1.0 516.2323049405162 516.2333715005162 516.6493299005167 515.6788269605157 518.2003423447943 516.5244090605165 1.0 516.5244090605165 1.0 1
109 nan 0.0625 0.2 -1.0 1.0 519.3156299105193 519.3166964705193 519.6516629705196 518.8438437605189 521.2319685708828 519.5357745605195 1.0 519.5357745605195 1.0 1
110 nan 1.0 0.2 -1.0 1.0 522.3672247205224 522.3680246405223 522.6893925005227 521.8862728205219 524.2654997854157 522.5381076305225 1.0 522.5381076305225 1.0 1
111 nan 0.125 0.2 -1.0 1.0 525.6171663605256 525.6180329405256 525.9426004805259 524.9143033205249 527.5170126966818 525.7987148705258 1.0 525.7987148705258 1.0 1
112 nan 0.0625 0.2 -1.0 1.0 529.6486298405297 529.6496964005297 530.1674446205302 528.1676112905282 531.7338522875202 530.02975839053 1.0 530.02975839053 1.0 1
113 nan 0.25 0.2 -1.0 1.0 532.981863150533 532.982996370533 535.5631716605355 532.3845562205324 537.1333813817804 535.4325513905354 1.0 535.4325513905354 1.0 1
114 nan 0.0625 0.2 -1.0 1.0 538.3485930905383 538.3496596505383 538.7943818405388 537.7871825705378 540.3648929635042 538.6394640005386 1.0 538.6394640005386 1.0 1
115 0.25 nan 0.2 1.0 1.0 543.6340311605436 543.6349977305437 546.994328430547 541.015093080541 548.5501669364718 546.8637748205468 -1.0 546.8637748205468 -1.0 1
116 nan 0.25 0.2 -1.0 1.0 549.7985146505498 549.7996478705498 550.1091502505501 549.2407704305492 551.6653676317648 549.99282855055 1.0 549.99282855055 1.0 1
117 nan 0.25 0.2 -1.0 1.0 552.8498428205529 552.8506427405529 553.063888080553 552.3139630805523 554.6152945009626 552.9540324005529 1.0 552.9540324005529 1.0 1
118 nan 0.0625 0.2 -1.0 1.0 555.8497428005559 555.8506093805559 556.3225955105563 555.2692008605553 557.8833093212852 556.1652779105561 1.0 556.1652779105561 1.0 1
119 nan 0.0625 0.2 -1.0 1.0 559.2815662505593 559.2826328105593 559.6820262005597 558.5340076805585 561.2314284233388 559.4926118105595 1.0 559.4926118105595 1.0 1
120 0.125 nan 0.2 1.0 1.0 562.4337843305624 562.4346175805624 562.967664270563 561.962131500562 564.5162700616842 562.8385105205629 -1.0 562.8385105205629 -1.0 1
121 0.125 nan 0.2 1.0 1.0 565.8310445705658 565.8319444805659 571.991228490572 565.1693774105652 573.5660372777421 571.8240118805718 -1.0 571.8240118805718 -1.0 1
122 nan 0.0 0.2 1.0 -1.0 574.8315111005749 574.8325776605749 577.4815794005775 574.2220387205742 580.0480580644049 577.3666575605773 -1.0 577.3666575605773 -1.0 1
123 nan 1.0 0.2 -1.0 1.0 581.4162858905814 581.4172191305814 581.7566851805817 580.7061569105807 583.3313909809175 581.6312977205816 1.0 581.6312977205816 1.0 1
124 1.0 nan 0.2 1.0 1.0 584.5995675305846 584.6005674305846 584.8202121305849 583.984495710584 586.3809195859344 584.6565285005846 -1.0 584.7300878105848 -1.0 2
125 nan 0.25 0.2 -1.0 1.0 587.5824358805876 587.5835357705876 588.002127240588 587.0387235905871 589.5662316790846 587.8839390605879 1.0 587.8839390605879 1.0 1
126 0.0625 nan 0.2 1.0 1.0 590.7811826405908 590.7822158705908 591.1552452305912 590.2933314305903 592.7327517908368 591.0335907305911 -1.0 591.0335907305911 -1.0 1
127 nan 0.125 0.2 -1.0 1.0 593.914069320594 593.9152025405939 594.2506689905942 593.3930547605934 595.8141758848719 594.1068167105941 1.0 594.1068167105941 1.0 1
128 nan 1.0 0.2 -1.0 1.0 597.1828090805972 597.1838423105972 597.6536953205976 596.4820791605965 599.2160041033547 597.4292511005974 -1.0 597.5078765705975 1.0 2
129 nan 1.0 0.2 -1.0 1.0 600.5143425606005 600.5151758106006 600.8484091506009 599.8760064005999 602.397322081007 600.6611278806007 1.0 600.6611278806007 1.0 1
130 1.0 nan 0.2 1.0 1.0 603.6828256806037 603.6838255806036 604.0189254006041 603.0494223606031 605.5641393378146 603.8840055606039 -1.0 603.8840055606039 -1.0 1
131 nan 0.125 0.2 -1.0 1.0 606.8823390306069 606.883538910607 607.2872652006073 606.2069399106063 608.8472654577007 607.1256813606071 1.0 607.1256813606071 1.0 1
132 nan 1.0 0.2 -1.0 1.0 610.3162956006104 610.3171621806104 610.7763829206108 609.5730699306096 612.3307910837786 610.6470958506106 1.0 610.6470958506106 1.0 1
133 nan 0.0625 0.2 1.0 -1.0 613.7656173006138 613.7664838806138 614.7844820706148 613.001293740613 617.3491252348505 614.5553383206145 -1.0 614.5553383206145 -1.0 1
134 0.25 nan 0.2 1.0 1.0 618.4971441006185 618.4981440006185 633.4987437906335 618.006126540618 635.0634515179827 633.3542582406334 -1.0 633.3542582406334 -1.0 1
135 nan 0.125 0.2 1.0 -1.0 636.4154854206364 636.4164519906365 636.9324670506369 635.7364533306358 639.4971779620968 636.7935809406368 -1.0 636.7935809406368 -1.0 1
136 nan 1.0 0.2 -1.0 1.0 640.6319970606406 640.6330969506406 640.977295860641 640.1488787106401 642.5488002724371 640.8260776506409 1.0 640.8260776506409 1.0 1
137 nan 0.0625 0.2 -1.0 1.0 644.3970538506444 644.3981204106444 646.003926480646 643.2307038306433 647.563635995926 645.8092126206458 1.0 645.8092126206458 1.0 1
138 0.25 nan 0.2 1.0 1.0 648.7820486406488 648.7830818706487 649.1911410606492 648.2164385406483 650.7483466476999 649.0846850406491 -1.0 649.0846850406491 -1.0 1
139 nan 0.0 0.2 1.0 -1.0 652.2465354906523 652.2474687306523 653.0460888606531 651.4835451306515 655.6131934093418 652.9192015506529 -1.0 652.9192015506529 -1.0 1
140 0.25 nan 0.2 1.0 1.0 656.7482186106567 656.7490851906567 657.1804753806572 656.2789988706563 658.7302172444339 657.046022160657 -1.0 657.046022160657 -1.0 1
141 nan 1.0 0.8 -1.0 1.0 660.06508689066 660.0660534606601 660.4770123606605 659.4033197406594 662.0317272649229 660.2980969206603 1.0 660.2980969206603 1.0 1
142 nan 0.125 0.8 1.0 -1.0 663.4135520106635 663.4143852606634 664.0480552206641 662.6799253806627 666.6149646480943 663.6981235506637 1.0 663.920068020664 -1.0 2
143 0.25 nan 0.8 -1.0 -1.0 667.8295103706679 667.8303769506679 683.3806884306833 667.2575675706672 685.9482949136083 683.1009830706831 -1.0 683.1009830706831 -1.0 1
144 0.125 nan 0.8 1.0 1.0 687.1297801506871 687.1306800606872 687.5979999906876 686.6332964706867 689.163010984849 687.4520145906874 -1.0 687.4520145906874 -1.0 1
145 0.0625 nan 0.8 -1.0 -1.0 690.3812549706904 690.3823215306904 690.7279869606907 689.8212109806898 693.2979503228805 690.5818015806906 1.0 690.5818015806906 1.0 1
146 0.25 nan 0.8 1.0 1.0 694.7962134306948 694.7969800206948 695.3186611806954 694.045855140694 696.8794695912223 695.2082722206952 -1.0 695.2082722206952 -1.0 1
147 nan 0.25 0.8 1.0 -1.0 698.1977732406982 698.1986398206982 702.2976298807023 697.5697693806976 704.8628042168209 701.911235190702 -1.0 702.0836846107021 -1.0 2
148 nan 1.0 0.8 -1.0 1.0 706.064319840706 706.0652864107061 706.4083187707064 705.5433052807056 707.9796255669214 706.2720657307062 1.0 706.2720657307062 1.0 1
149 nan 0.125 0.8 -1.0 1.0 709.3140281707093 709.3149614107093 709.7221540207097 708.6436285507086 711.2793608247628 709.5719690407096 1.0 709.5719690407096 1.0 1
150 1.0 nan 0.8 1.0 1.0 712.5474048007126 712.5482713807125 712.8788716507129 711.9434652007119 714.4457813249851 712.7380190707128 -1.0 712.7380190707128 -1.0 1
151 0.25 nan 0.8 1.0 1.0 715.7806814407157 715.7816146807157 716.1680760307162 715.1103818107151 717.7291164218266 716.039488890716 -1.0 716.039488890716 -1.0 1
152 0.25 nan 0.8 1.0 1.0 719.013958080719 719.014957980719 719.8341093907198 718.3818213007183 721.3976428857284 719.7441183907198 -1.0 719.7441183907198 -1.0 1
153 1.0 nan 0.8 1.0 1.0 722.6790915307226 722.6799247807227 723.2717322607233 722.1375456907222 724.8292474927687 723.1573770307232 -1.0 723.1573770307232 -1.0 1
154 0.25 nan 0.8 1.0 1.0 726.1972063507262 726.1982395807262 726.5150745607265 725.4854442007255 728.0805775002741 726.3991194907264 -1.0 726.3991194907264 -1.0 1
155 nan 0.0 0.8 1.0 -1.0 729.4791114607295 729.4802446807295 730.2425684407302 728.7571836607287 732.7956094024552 730.04272176073 -1.0 730.04272176073 -1.0 1
156 0.0625 nan 0.8 1.0 1.0 733.980761250734 733.981561170734 734.4593133907345 733.4791114207335 736.0139245441301 734.3196273607343 -1.0 734.3196273607343 -1.0 1
157 0.0 nan 0.8 1.0 1.0 737.3954864107374 737.3965529707374 745.6547937307456 736.6841242207366 747.2118006710527 745.4471478307455 -1.0 745.4471478307455 -1.0 1
158 nan 0.0625 0.8 -1.0 1.0 748.4470478107485 748.4482476907484 748.8022122907488 747.890503470748 750.3640209419659 748.6926565807487 1.0 748.6926565807487 1.0 1
159 0.125 nan 0.8 1.0 1.0 751.7449179907518 751.7458512307518 752.1518439607521 751.027323090751 753.7299488789768 752.019990480752 -1.0 752.019990480752 -1.0 1
160 0.0 nan 0.8 1.0 1.0 754.9455312307549 754.9465311307549 755.5351722607555 754.3970527507544 757.1135706236173 755.4076850107555 -1.0 755.4076850107555 -1.0 1
161 0.0625 nan 0.8 1.0 1.0 758.5120078807586 758.5128411307585 761.4818108707615 757.8609729907579 763.0619175703147 761.3481909007613 -1.0 761.3481909007613 -1.0 1
162 0.125 nan 0.8 1.0 1.0 764.4967760107645 764.4978759007645 764.8081115407648 763.7249198707638 766.3799231418802 764.6898233707647 -1.0 764.6898233707647 -1.0 1
163 0.125 nan 0.8 1.0 1.0 767.8448078407679 767.8458077407679 768.1848405007682 767.054520210767 769.7450464146494 768.068918760768 -1.0 768.068918760768 -1.0 1
164 nan 1.0 0.8 -1.0 1.0 775.8631059307759 775.8641391607758 776.3620893607764 770.4182504707704 777.9295267353181 776.2013721007762 1.0 776.2013721007762 1.0 1
165 0.25 nan 0.8 1.0 1.0 779.2946627407794 779.2957959607793 779.6654256607796 778.6077314407786 781.2283393501001 779.5503371707796 -1.0 779.5503371707796 -1.0 1
166 0.125 nan 0.8 1.0 1.0 782.7635158207828 782.7644490607828 783.2538334507833 781.8672387907819 784.8130487235372 783.1080147007831 -1.0 783.1080147007831 -1.0 1
167 nan 0.0 0.8 1.0 -1.0 786.9283326307869 786.9294325207869 794.1921395107942 785.4492472207854 796.7459384121461 794.0925161407941 -1.0 794.0925161407941 -1.0 1
168 0.0 nan 0.8 1.0 1.0 798.0276892507981 798.028722480798 798.4260494107984 797.4968423407975 799.9963594706326 798.3138606307983 -1.0 798.3138606307983 -1.0 1
169 0.125 nan 0.8 1.0 1.0 801.2113708508012 801.2124040808012 801.6305622608016 800.6420611208007 803.2113740081546 801.5323054208015 -1.0 801.5323054208015 -1.0 1
170 0.0 nan 0.8 1.0 1.0 804.5130739808045 804.5140405508046 808.1847067808081 803.8491737108038 809.7626429872721 808.0915827608081 -1.0 808.0915827608081 -1.0 1
171 0.25 nan 0.8 1.0 1.0 810.910900800811 810.9117340508109 811.986859860812 810.4428476108104 813.5630696749038 811.5776341208116 1.0 811.8435075308118 -1.0 2
172 nan 0.0625 0.8 1.0 -1.0 817.3109607308173 817.3120272908174 817.7516833208177 814.2121706408142 820.3278937378635 817.6388946008176 -1.0 817.6388946008176 -1.0 1
173 1.0 nan 0.8 1.0 1.0 827.2623988208272 827.2633653908273 832.8693714008328 820.978093980821 834.4275101742527 832.4080842008324 1.0 832.7356847708328 -1.0 2
174 1.0 nan 0.8 1.0 1.0 836.7458503808367 836.7469836008368 846.5353713308465 835.1198130008352 848.0940794290611 846.2685313508463 -1.0 846.2685313508463 -1.0 1
175 0.125 nan 0.8 1.0 1.0 849.2619653108493 849.2629318808492 899.1835393208992 848.7837798008488 900.7598636867538 898.8183091808988 -1.0 899.1534423308991 -1.0 2
176 0.125 nan 0.8 1.0 1.0 902.1112131909022 902.1121464309022 902.5220721009025 901.5764666709016 904.0931823482863 902.3199589809024 -1.0 902.3199589809024 -1.0 1
177 0.0625 nan 0.8 1.0 1.0 905.6612581509057 905.6621247309057 910.7268182109108 904.7376838509048 912.2936278772346 910.5732335709106 -1.0 910.5732335709106 -1.0 1
178 0.125 nan 0.8 1.0 1.0 913.5446697309136 913.5457696209136 914.957361780915 912.9469295109129 916.5277690911071 914.8045104009149 -1.0 914.8045104009149 -1.0 1
179 1.0 nan 0.8 1.0 1.0 917.8262748609178 917.8274414109178 918.1874720709181 917.1699738309172 919.761584177981 918.0856822509181 -1.0 918.0856822509181 -1.0 1
180 0.0 nan 0.8 1.0 1.0 921.1591415409212 921.1601414409212 925.914732600926 920.3989842309204 927.4776409400729 925.8103763709258 -1.0 925.8103763709258 -1.0 1
181 0.0625 nan 0.8 1.0 1.0 928.7425164609288 928.7434163709288 929.3222584809293 928.1337440109281 930.8757672439604 929.1994707609292 -1.0 929.1994707609292 -1.0 1
182 0.0625 nan 0.8 1.0 1.0 932.4107496009324 932.4117495009324 938.8544051709389 931.5365703609316 940.4258158173359 938.7217517709387 -1.0 938.7217517709387 -1.0 1
183 0.125 nan 0.8 1.0 1.0 941.5772328609415 941.5783994109416 946.7990772909468 941.0798159409411 948.3586757394396 946.6894549209467 -1.0 946.6894549209467 -1.0 1
184 0.25 nan 0.8 1.0 1.0 949.97725944095 949.97802603095 950.3090929209503 949.1081796909491 951.8758026051995 949.99332450095 1.0 950.1280110309501 -1.0 2
185 0.125 nan 0.8 1.0 1.0 953.3273577309533 953.3283909609534 986.5746326709866 952.5284043009525 988.143336396882 986.4170484309865 -1.0 986.4170484309865 -1.0 1
186 0.25 nan 0.8 1.0 1.0 990.1583409309902 990.1593075009902 992.927264010993 988.8451389309888 994.4914750844056 992.7702797109928 -1.0 992.7702797109928 -1.0 1
187 1.0 nan 0.8 1.0 1.0 995.6765890509956 995.6776556109957 995.9721928209959 995.1414759009951 997.5249997352591 995.8513382409959 -1.0 995.8513382409959 -1.0 1
188 nan 0.0625 0.8 1.0 -1.0 999.5267706609995 999.5276372409995 1006.6719560710067 998.1948038709982 1009.2428960813097 1006.5267705910065 -1.0 1006.5267705910065 -1.0 1
189 nan 0.0 0.8 1.0 -1.0 1010.4249807310105 1010.4259473010104 1020.1099121410201 1009.9041994810099 1022.6745874497519 1019.9557942210199 -1.0 1019.9557942210199 -1.0 1
190 nan 0.0625 0.8 1.0 -1.0 1023.8430387910239 1023.8439053710239 1031.984891191032 1023.3420888910233 1034.5577657468218 1031.7104519710317 -1.0 1031.7104519710317 -1.0 1
191 0.0625 nan 0.8 1.0 1.0 1035.876268681036 1035.877235251036 1071.4015158010714 1035.2250671410352 1072.9585100796396 1045.1723389810452 -1.0 1071.166339321071 -1.0 3
192 nan 0.125 0.8 -1.0 1.0 1074.3736852210743 1074.3744851410743 1074.8831342710748 1073.7702122410738 1076.44064218415 1074.7371488710749 1.0 1074.7371488710749 1.0 1
193 0.0625 nan 0.8 1.0 1.0 1077.5917633810775 1077.5927966110776 1077.9999558910781 1077.089246971077 1079.5754656565525 1077.859669921078 -1.0 1077.859669921078 -1.0 1
194 0.0625 nan 0.8 1.0 1.0 1080.7901435110807 1080.7911434110808 1081.2034688410813 1080.2244667510802 1082.775178382917 1081.030486141081 -1.0 1081.030486141081 -1.0 1
195 nan 0.0625 0.8 -1.0 1.0 1084.040485111084 1084.041451681084 1084.4170141210843 1083.4483776610834 1085.9919174733457 1084.2854606110843 1.0 1084.2854606110843 1.0 1
196 0.0 nan 0.8 1.0 1.0 1087.3403884210873 1087.3414549810873 1094.089080151094 1086.6402251110867 1095.6584884938218 1093.8571700110938 -1.0 1093.8571700110938 -1.0 1
197 0.125 nan 0.8 1.0 1.0 1097.006621701097 1097.007421621097 1097.3926830910973 1096.3241899510963 1098.9587955812194 1097.2694287510974 -1.0 1097.2694287510974 -1.0 1
198 1.0 nan 0.8 1.0 1.0 1100.0899133411 1100.0907799211002 1100.4612095411005 1099.6118944810996 1102.0068191926682 1100.3137909511004 -1.0 1100.3137909511004 -1.0 1
199 0.0625 nan 0.8 1.0 1.0 1103.3248898111033 1103.3257563911034 1114.201002091114 1102.6562233511027 1115.7563119207998 1113.906531541114 -1.0 1113.906531541114 -1.0 1
200 0.25 nan 0.8 1.0 1.0 1117.1751046511172 1117.1760712211171 1117.5036384611176 1116.4223132711165 1119.056336596618 1117.3811173811173 -1.0 1117.3811173811173 -1.0 1
201 0.0625 nan 0.8 1.0 1.0 1120.4746080011205 1120.4754079211204 1125.139774771125 1119.8140407311198 1126.7081822131847 1124.927762641125 -1.0 1124.927762641125 -1.0 1
202 0.0 nan 0.8 1.0 1.0 1128.1563397511281 1128.1574063111282 1128.5111042711285 1127.3903830211275 1130.0915110486358 1128.4079812511284 -1.0 1128.4079812511284 -1.0 1
203 nan 0.0625 0.8 -1.0 1.0 1131.3393547511314 1131.3403879811312 1131.8380382111318 1130.7458141111308 1133.4059459324678 1131.6702216611318 1.0 1131.6702216611318 1.0 1
204 0.25 nan 0.8 1.0 1.0 1135.2240995711352 1135.2250661411351 1135.7030516711357 1134.053749951134 1137.2729635512867 1135.5305689211355 -1.0 1135.5305689211355 -1.0 1
205 nan 0.0 0.8 1.0 -1.0 1138.6743211811388 1138.6753877411386 1142.1927026411422 1137.925862701138 1144.7577118973072 1142.065748671142 -1.0 1142.065748671142 -1.0 1
206 0.25 nan 0.8 1.0 1.0 1145.989289611146 1145.990356171146 1146.3568195211465 1145.4082143911455 1147.9228283323266 1146.2254659911462 -1.0 1146.2254659911462 -1.0 1
207 nan 0.25 0.2 -1.0 1.0 1149.3078910511492 1149.3086909711494 1149.6617556611498 1148.5901295011486 1151.2222628777868 1149.5136704711495 1.0 1149.5136704711495 1.0 1
208 nan 1.0 0.2 -1.0 1.0 1152.7410143711527 1152.7420142711528 1153.120676401153 1151.8659685511518 1154.6743872162951 1152.981157021153 1.0 1152.981157021153 1.0 1
209 nan 1.0 0.2 -1.0 1.0 1157.938961191158 1157.940027751158 1158.2718945611582 1155.3385879211553 1159.8226272633738 1158.123242761158 1.0 1158.123242761158 1.0 1
210 0.25 nan 0.2 1.0 1.0 1161.4241793011615 1161.4250125511614 1161.7334150411618 1160.5799304011605 1163.2891317039182 1161.6087275111615 -1.0 1161.6087275111615 -1.0 1
211 nan 1.0 0.2 -1.0 1.0 1164.4905726311645 1164.4916725211644 1164.8487368111648 1163.9215295411639 1166.405745373762 1164.7199830211648 1.0 1164.7199830211648 1.0 1
212 0.0625 nan 0.2 1.0 1.0 1167.6739875911676 1167.6749874911677 1171.7458803611717 1167.078747121167 1173.3238189081817 1171.5752974211716 -1.0 1171.5752974211716 -1.0 1
213 nan 0.125 0.2 -1.0 1.0 1174.5721977011747 1174.5733309211746 1174.912930291175 1173.984123181174 1176.4892399114533 1174.7669115611748 1.0 1174.7669115611748 1.0 1
214 0.0 nan 0.2 1.0 1.0 1179.97385748118 1179.9749907011799 1185.7627785311859 1177.1320416911772 1187.340516437594 1185.1382743211852 1.0 1185.6243257111857 -1.0 3
215 nan 0.125 0.2 -1.0 1.0 1192.7555125211927 1192.7562791111927 1193.1428404511933 1188.021619291188 1194.7072464297314 1192.992388831193 1.0 1192.992388831193 1.0 1
216 1.0 nan 0.2 1.0 1.0 1200.2054674512003 1200.2066673312002 1209.1202425512092 1195.4097470711954 1210.6737499938436 1208.988489061209 -1.0 1208.988489061209 -1.0 1
217 nan 0.0 0.2 1.0 -1.0 1211.8383707112118 1211.8392706212119 1218.6005610912187 1211.3539524912114 1221.1731359959592 1218.4440434112184 -1.0 1218.4440434112184 -1.0 1
218 0.125 nan 0.2 1.0 1.0 1222.3383872712222 1222.3392205212224 1228.6967847012288 1221.8275383612217 1230.2550839843282 1228.5146362512285 -1.0 1228.5146362512285 -1.0 1
219 nan 1.0 0.2 -1.0 1.0 1231.7897420412319 1231.7908752612318 1232.176503361232 1231.017585931231 1233.7376099096707 1231.984055941232 1.0 1231.984055941232 1.0 1
220 0.125 nan 0.2 -1.0 -1.0 1236.3065236512364 1236.3075568812362 1237.8228720012378 1234.4098133412344 1240.3878780442794 1237.5230019912376 1.0 1237.6914851412378 1.0 2
221 nan 0.25 0.2 0.0 -1.0 1247.4895385712475 1247.4905384712474 1307.4920710513074 1241.046382951241 1309.9911373182779 1247.7374471112478 1.0 1247.7374471112478 1.0 1
222 0.25 nan 0.2 1.0 1.0 1310.8869981913108 1311.5044031113116 1332.7266806713328 1310.805739651311 1334.2864197740535 1331.7634436713317 1.0 1332.6237909613326 -1.0 4
223 nan 0.25 0.2 -1.0 1.0 1335.5047361713355 1335.5056694113355 1337.813438611338 1334.970222961335 1339.3716505263774 1337.6689197313376 1.0 1337.6689197313376 1.0 1
224 1.0 nan 0.2 1.0 1.0 1340.7200145913407 1340.7210144913408 1341.084744781341 1340.02115115134 1342.6366600819883 1340.943392251341 -1.0 1340.943392251341 -1.0 1
225 nan 0.25 0.2 -1.0 1.0 1343.7711761113437 1343.7723759913438 1384.5575637313846 1343.2802585413433 1386.1206637614134 1384.4269767913845 1.0 1384.4269767913845 1.0 1
226 nan 0.25 0.2 -1.0 1.0 1387.8691992013878 1387.8702324313879 1388.1286732513881 1386.8581669813868 1389.68738492196 1388.038715581388 1.0 1388.038715581388 1.0 1
227 nan 0.0625 0.2 -1.0 1.0 1391.5690625113916 1391.5698624313916 1393.4824044913935 1390.3405853713903 1395.0369347950948 1393.3233870613933 1.0 1393.3233870613933 1.0 1
228 nan 0.25 0.2 -1.0 1.0 1396.4691391213964 1396.4702056813965 1396.933226041397 1395.8003393413958 1398.485641196456 1396.7756751313968 1.0 1396.7756751313968 1.0 1
229 0.125 nan 0.2 -1.0 -1.0 1399.6205906113996 1399.6215238513996 1403.8191707114038 1399.1351391613991 1406.3869085493359 1403.4902036114036 -1.0 1403.4902036114036 -1.0 1
230 nan 1.0 0.2 -1.0 1.0 1407.6187573814077 1407.6198572714077 1425.7845406214258 1407.074211841407 1427.3519471783243 1425.6137577014256 1.0 1425.6137577014256 1.0 1
231 1.0 nan 0.2 1.0 1.0 1428.6866503814288 1428.6877836014287 1429.3937463314294 1428.027649621428 1430.951458018623 1429.1462377514292 -1.0 1429.1462377514292 -1.0 1
232 nan 1.0 0.2 -1.0 1.0 1432.1031087014321 1432.1044419014322 1432.4066783414323 1431.6154574714317 1433.9684861748979 1432.2563600414323 1.0 1432.2563600414323 1.0 1
233 nan 0.125 0.2 -1.0 1.0 1435.119773671435 1435.1207735714352 1435.4947028414356 1434.6087914414347 1437.0534137342706 1435.3545835214354 1.0 1435.3545835214354 1.0 1
234 nan 0.125 0.2 -1.0 1.0 1438.4514738014384 1438.4524403714386 1438.8533336114388 1437.6980158214378 1440.4035435165583 1438.7156140514387 1.0 1438.7156140514387 1.0 1
235 nan 0.125 0.2 -1.0 1.0 1441.7845737914417 1441.7854403714418 1442.1270395414422 1441.046347621441 1443.6867529099152 1441.993019611442 1.0 1441.993019611442 1.0 1
236 nan 0.0625 0.2 -1.0 1.0 1444.8012054314447 1444.8021053414448 1445.1126742814452 1444.3383517214443 1446.6699809824613 1444.999085641445 1.0 1444.999085641445 1.0 1
237 0.125 nan 0.2 1.0 1.0 1450.2344287214503 1450.2354286214502 1455.5383316114555 1447.3224866114474 1457.1017602183188 1455.3369850814554 -1.0 1455.3369850814554 -1.0 1
238 nan 0.0625 0.2 -1.0 1.0 1458.5197001114586 1458.5207333414585 1459.104974911459 1457.891662921458 1460.6678852897537 1458.945957481459 1.0 1458.945957481459 1.0 1
239 nan 0.0 0.2 1.0 -1.0 1461.8029717514619 1461.803738341462 1471.3380514814714 1461.3188868314614 1473.9010593764458 1471.1841335414713 -1.0 1471.1841335414713 -1.0 1
240 nan 0.0625 0.2 -1.0 1.0 1475.069678281475 1475.070711511475 1475.8490670014758 1474.5743611514745 1477.418077663129 1475.7272125214758 1.0 1475.7272125214758 1.0 1
241 nan 1.0 0.2 -1.0 1.0 1479.2193299414791 1479.2203631714792 1486.2307620614863 1478.074377781478 1487.7845703186786 1486.065011971486 1.0 1486.065011971486 1.0 1
242 0.0625 nan 0.2 1.0 1.0 1488.935958181489 1488.937024741489 1489.5334650914895 1488.4401744314885 1491.084479911999 1489.3820802314895 -1.0 1489.3820802314895 -1.0 1
243 nan 0.0 0.2 -1.0 1.0 1493.2021981814933 1493.2033647314931 1494.4763040914945 1491.7298787614918 1496.0362130162293 1494.3564494114944 1.0 1494.3564494114944 1.0 1
244 nan 0.0625 0.2 -1.0 1.0 1497.3672483014973 1497.3683481914975 1508.3655150315085 1496.6911159214967 1509.9354217918778 1508.2390943415082 1.0 1508.2390943415082 1.0 1
245 0.125 nan 0.2 -1.0 -1.0 1511.2004315115112 1511.2013314215112 1516.980620101517 1510.6087240215106 1519.551891451375 1516.8068041515169 1.0 1516.8068041515169 1.0 1
246 nan 0.125 0.2 -1.0 1.0 1520.933524771521 1520.934624661521 1526.1598354215262 1520.2366944615203 1527.7170460640543 1525.989952411526 1.0 1525.989952411526 1.0 1
247 nan 0.0625 0.2 1.0 -1.0 1528.9019611815288 1528.902961081529 1535.3416171515353 1528.3738473315284 1537.9022128800414 1534.7673412515348 1.0 1535.3160197115353 -1.0 2
248 nan 0.25 0.2 -1.0 1.0 1539.3167862615394 1539.3175861815394 1547.9456566215479 1538.6851161015386 1549.51829763766 1547.7223456215477 1.0 1547.823502171548 1.0 2
249 nan 0.0 0.2 1.0 -1.0 1550.7667411515508 1550.7675744015507 1565.2792230915652 1550.1836994615503 1567.8327984093405 1564.835334151565 1.0 1565.008350181565 -1.0 2
250 nan 1.0 0.2 -1.0 1.0 1569.1678341915692 1569.168867421569 1569.5544288615695 1568.5086001215686 1571.1165353906338 1569.3964779915693 1.0 1569.3964779915693 1.0 1
251 nan 1.0 0.2 -1.0 1.0 1572.2344275015723 1572.2355273915723 1600.4807359216004 1571.7712404915717 1602.032342489682 1600.2268279816003 -1.0 1600.2268279816003 -1.0 1
252 nan 1.0 0.2 -1.0 1.0 1605.4343738416055 1605.4354737316055 1621.070376751621 1602.7321440916028 1622.6320829666945 1620.7427095216208 -1.0 1620.976919431621 1.0 2
253 nan 0.25 0.2 -1.0 1.0 1626.7840053316268 1626.7847719216268 1657.8018365716578 1623.3240846916233 1659.3483403334822 1657.4998667716575 1.0 1657.7159451616578 1.0 3
254 nan 0.0625 0.2 -1.0 1.0 1660.6334533816607 1660.6343532916605 1661.018148241661 1660.06674339166 1662.5834594159383 1660.882495141661 1.0 1660.882495141661 1.0 1
255 0.125 nan 0.2 -1.0 -1.0 1663.9146252316639 1663.915691791664 1664.2776889216643 1663.2357597916632 1666.8315955771025 1664.123837641664 1.0 1664.123837641664 1.0 1
256 1.0 nan 0.8 1.0 1.0 1668.066709981668 1668.0677432116681 1673.5659266716737 1667.5120987816674 1675.1149383033758 1673.1534679216732 1.0 1673.1534679216732 1.0 1
257 0.25 nan 0.8 1.0 1.0 1676.966753221677 1676.967686461677 1683.1232041816831 1675.7807385016758 1684.698209816159 1682.971852651683 -1.0 1682.971852651683 -1.0 1
258 0.25 nan 0.8 1.0 1.0 1686.1162381816862 1686.1173047416862 1686.871729291687 1685.3679130216854 1688.4496493966228 1686.7128785116868 -1.0 1686.7128785116868 -1.0 1
259 0.25 nan 0.8 1.0 1.0 1689.8640966916898 1689.86496327169 1695.2321931616952 1689.2774553616894 1696.7976009430524 1695.1207043116951 -1.0 1695.1207043116951 -1.0 1
260 nan 0.25 0.8 -1.0 1.0 1698.049211431698 1698.050277991698 1698.882694741699 1697.4686028316976 1700.447533964157 1698.7261104016986 1.0 1698.7261104016986 1.0 1
261 1.0 nan 0.8 1.0 1.0 1701.999349711702 1702.000282951702 1749.3719453117494 1701.1119384617011 1750.931878281881 1749.1496342117491 -1.0 1749.1496342117491 -1.0 1
262 0.25 nan 0.8 1.0 1.0 1752.6969794417528 1752.6981459917527 1753.088473621753 1751.6780813417517 1754.6465858072743 1752.911724631753 -1.0 1752.911724631753 -1.0 1
263 nan 0.0625 0.8 1.0 -1.0 1756.0319125817562 1756.032812491756 1763.2907866217633 1755.3141843617552 1765.8488593808931 1763.125169851763 -1.0 1763.125169851763 -1.0 1
264 1.0 nan 0.8 1.0 1.0 1767.2299926617673 1767.2311258817672 1767.5525937317675 1766.5452611417666 1769.1134983728325 1767.4251731417673 -1.0 1767.4251731417673 -1.0 1
265 0.0625 nan 0.8 -1.0 -1.0 1770.4985324417705 1770.4994656817705 1787.9294225117878 1769.7804042617697 1790.4976596024792 1787.7415746317877 1.0 1787.7415746317877 1.0 1
266 0.25 nan 0.8 1.0 1.0 1791.6627491417917 1791.6637490417918 1811.5998885618117 1791.1933627517913 1813.1626936437685 1811.2522566618113 -1.0 1811.4629355918114 -1.0 2
267 0.125 nan 0.8 1.0 1.0 1814.4810337518145 1814.4820003218144 1831.6496167218318 1813.8611957418138 1833.230853773176 1831.109437411831 -1.0 1831.4024081118314 -1.0 2
268 0.125 nan 0.8 1.0 1.0 1834.5455271018345 1834.5462936918345 1844.2066275618442 1833.920356291834 1845.7636205752751 1843.8510297918438 -1.0 1844.090539171844 -1.0 2
269 nan 1.0 0.8 -1.0 1.0 1847.5286953218476 1847.5295952318475 1848.0206461218481 1846.5863229018466 1849.5789515221713 1847.8751606718479 1.0 1847.8751606718479 1.0 1
270 nan 0.125 0.8 1.0 -1.0 1852.880460091853 1852.8815933118528 1855.6179196518556 1850.2500564918503 1858.1799264558051 1855.4002080918553 -1.0 1855.4002080918553 -1.0 1
271 1.0 nan 0.8 1.0 1.0 1859.5618252218596 1859.5632917418595 1862.4424371318626 1858.8550292418588 1863.996645682933 1862.3122501518624 -1.0 1862.3122501518624 -1.0 1
272 0.0625 nan 0.8 1.0 1.0 1865.3449801818654 1865.3459134218654 1865.8203659718658 1864.6905456318648 1867.3783729744132 1865.4682345218655 -1.0 1865.4682345218655 -1.0 1
273 1.0 nan 0.8 1.0 1.0 1868.7636382818687 1868.7645715218687 1869.163298311869 1868.0409772218682 1870.7453029814048 1869.020445931869 -1.0 1869.020445931869 -1.0 1
274 0.0625 nan 0.8 1.0 1.0 1872.014013211872 1872.014879791872 1881.5574587718816 1871.4112068318714 1883.1299983889096 1881.4070071518813 -1.0 1881.4070071518813 -1.0 1
275 0.25 nan 0.8 1.0 1.0 1884.4282716618845 1884.4292049018845 1884.8225988918848 1883.8066005018838 1886.3950095824277 1884.6689142618848 -1.0 1884.6689142618848 -1.0 1
276 0.125 nan 0.8 1.0 1.0 1888.846729771889 1888.8478629918889 1892.4487362018924 1887.063108151887 1894.0129448474117 1892.3161494618923 -1.0 1892.3161494618923 -1.0 1
277 1.0 nan 0.8 1.0 1.0 1897.9279215618978 1897.928821471898 1898.3494794018984 1894.6924451418947 1899.8945875361057 1897.992215131898 1.0 1898.1673976118982 -1.0 2
278 0.125 nan 0.8 1.0 1.0 1901.146566331901 1901.147499571901 1905.1419334219052 1900.5793897219005 1906.6962400705359 1904.8246651519048 -1.0 1904.8246651519048 -1.0 1
279 0.25 nan 0.8 1.0 1.0 1907.961384781908 1907.962484671908 1910.7476727919109 1907.3759433319074 1912.3110779073752 1910.5007974819105 -1.0 1910.5007974819105 -1.0 1
280 0.0625 nan 0.8 1.0 1.0 1913.962817911914 1913.963817811914 1943.4808991419436 1913.0025806119131 1945.0292236979053 1943.1759296419432 -1.0 1943.1759296419432 -1.0 1
281 nan 1.0 0.8 -1.0 1.0 1946.5102961719465 1946.5110960919465 1946.956418221947 1945.868826991946 1948.512130692052 1946.8233648619469 1.0 1946.8233648619469 1.0 1
282 0.0 nan 0.8 -1.0 -1.0 1949.8440294319498 1949.8450959919498 1954.112102581954 1949.1805291219491 1956.662378492565 1953.6367167919536 -1.0 1954.089238201954 1.0 2
283 nan 1.0 0.8 -1.0 1.0 1957.7770360519578 1957.7780692819579 1958.1002037319581 1957.3303807219575 1959.6622090721169 1957.960551031958 1.0 1957.960551031958 1.0 1
284 0.25 nan 0.8 1.0 1.0 1961.043776011961 1961.0447425819611 1961.4056398219614 1960.3250145619604 1962.979243370024 1961.2251912019613 -1.0 1961.2251912019613 -1.0 1
285 0.0625 nan 0.8 0.0 -1.0 1964.2605876319642 1964.2613875519644 2024.2626201620242 1963.6664470519636 2026.7619892212365 1984.3283806519844 1.0 1986.4627338619864 1.0 6
286 0.125 nan 0.8 1.0 1.0 2028.1109686220282 2028.111935192028 2040.3733755920405 2027.5375926320276 2041.942680175334 2039.97348225204 1.0 2039.97348225204 1.0 1
287 1.0 nan 0.8 1.0 1.0 2043.943951832044 2043.9449184020439 2044.4130049220444 2042.6392823120427 2045.977612328274 2044.2217240520442 -1.0 2044.2217240520442 -1.0 1
288 0.0625 nan 0.8 1.0 1.0 2047.126100252047 2047.126900172047 2054.6035857620545 2046.6478147520468 2056.1607937712197 2054.074205372054 -1.0 2054.074205372054 -1.0 1
289 0.0625 nan 0.8 1.0 1.0 2059.225523522059 2059.2265234220595 2059.7245069520595 2056.832896142057 2061.2921158696695 2059.5186942020596 -1.0 2059.5186942020596 -1.0 1
290 0.25 nan 0.8 1.0 1.0 2064.060073352064 2064.061173242064 2082.5295595520824 2061.961816532062 2084.09386519794 2082.3256466120824 -1.0 2082.3256466120824 -1.0 1
291 0.25 nan 0.8 1.0 1.0 2085.3089149220855 2085.3098148320855 2111.4041718021113 2084.7903667820847 2112.958176548865 2110.6466142321106 -1.0 2111.226122942111 1.0 2
292 0.0625 nan 0.8 1.0 1.0 2114.3259795921144 2114.326746182114 2115.205991582115 2113.658179712114 2116.757902912317 2115.089069942115 -1.0 2115.089069942115 -1.0 1
293 0.25 nan 0.8 1.0 1.0 2117.909821172118 2117.910721082118 2126.4031717521266 2117.4131041821174 2127.9578799579945 2126.095269212126 -1.0 2126.2607859921263 -1.0 2
294 nan 0.0625 0.2 1.0 -1.0 2129.1758944521293 2129.177061002129 2130.30371499213 2128.627382642129 2132.8593232561684 2130.1554631521303 -1.0 2130.1554631521303 -1.0 1
295 1.0 nan 0.2 1.0 1.0 2134.2076245621342 2134.208691122134 2146.776000932147 2133.5249261721337 2148.34250704543 2146.6355483121465 -1.0 2146.6355483121465 -1.0 1
296 nan 0.0 0.2 1.0 -1.0 2149.5737877921497 2149.57465437215 2154.3756742221544 2149.051206722149 2156.9429802188283 2153.153163152153 -1.0 2154.008944232154 -1.0 2
297 nan 1.0 0.2 1.0 -1.0 2158.2242226621584 2158.225322552158 2186.082669872186 2157.618383252158 2188.641906141297 2163.035474822163 -1.0 2185.980813392186 -1.0 3
298 nan 0.0625 0.2 1.0 -1.0 2190.4403673921906 2190.4412673021907 2191.883289752192 2189.3555092221895 2194.442032740345 2191.693408742192 -1.0 2191.693408742192 -1.0 1
299 nan 0.0625 0.2 -1.0 1.0 2195.5901523621956 2195.5916188821957 2201.8023977422017 2195.111433572195 2203.3751040615157 2201.133064682201 -1.0 2201.133064682201 -1.0 1
300 0.25 nan 0.2 1.0 1.0 2204.5901856022047 2204.5912521622045 2205.715606382206 2204.047406552204 2207.2917157153393 2205.5615217922054 -1.0 2205.5615217922054 -1.0 1
301 nan 1.0 0.2 -1.0 1.0 2208.5897856022084 2208.5905855222086 2209.006943882209 2207.960615192208 2210.575147779566 2208.859725272209 1.0 2208.859725272209 1.0 1
302 nan 0.25 0.2 -1.0 1.0 2211.7734338722116 2211.7742671222118 2212.0531725622122 2211.242953592211 2213.6253773482767 2211.946516562212 1.0 2211.946516562212 1.0 1
303 0.0625 nan 0.2 1.0 1.0 2214.8232955222147 2214.8242620922147 2218.599217892219 2214.2970814822143 2220.1731235301772 2215.6331478622155 -1.0 2218.4933284822187 -1.0 2
304 nan 0.0625 0.2 1.0 -1.0 2222.7412703122227 2222.7422368822226 2227.6225821322278 2220.849826142221 2230.1746742570144 2226.3267450622266 -1.0 2227.5257918122275 -1.0 5
305 nan 0.0 0.2 1.0 -1.0 2235.6063836722356 2235.6072169222357 2238.6932082922385 2231.012876402231 2241.241278379533 2238.640013612239 -1.0 2238.640013612239 -1.0 1
306 nan 0.125 0.2 -1.0 1.0 2242.6895086222426 2242.690541852243 2257.5317909122577 2241.943383242242 2259.1074947295792 2257.2807826822573 -1.0 2257.2807826822573 -1.0 1
307 nan 0.125 0.2 -1.0 1.0 2260.989045152261 2260.989911732261 2289.7244046622895 2259.8023971622597 2291.2907078179514 2289.002876822289 -1.0 2289.002876822289 -1.0 1
308 nan 0.25 0.2 -1.0 1.0 2297.171959832297 2297.173426352297 2316.5061928823166 2292.008609552292 2318.0715933464603 2316.264117092316 1.0 2316.4217013323164 1.0 2
309 nan 1.0 0.2 -1.0 1.0 2321.5892511923216 2321.590351082322 2322.103633082322 2318.8035964523187 2323.671439979994 2321.888821232322 1.0 2321.888821232322 1.0 1
310 1.0 nan 0.2 1.0 1.0 2324.889754442325 2324.890687682325 2325.288047942325 2324.341942562324 2326.8570546233627 2325.1488285323253 -1.0 2325.1488285323253 -1.0 1
311 nan 0.25 0.2 -1.0 1.0 2328.221554562328 2328.222687782328 2329.3694730923294 2327.546755382328 2330.9397806086613 2329.219321442329 1.0 2329.219321442329 1.0 1
312 0.0625 nan 0.2 -1.0 -1.0 2332.087934552332 2332.089001112332 2346.8829549023467 2331.6020831423316 2349.454524963161 2346.4125019523462 -1.0 2346.4125019523462 -1.0 1
313 nan 1.0 0.2 -1.0 1.0 2350.7227375523507 2350.723637462351 2376.4602968723766 2350.14772839235 2378.0225014957414 2375.932649642376 -1.0 2376.3606068423765 1.0 3
314 nan 0.0625 0.2 -1.0 1.0 2379.2372858123795 2379.2382190523795 2380.0307397923802 2378.7241038023785 2381.605743076471 2379.87358884238 1.0 2379.87358884238 1.0 1
315 nan 0.0625 0.2 -1.0 1.0 2383.5036924623837 2383.5048923423838 2383.8331595123836 2382.2656496123823 2385.4038681831494 2383.648311332384 -1.0 2383.648311332384 -1.0 1
316 nan 1.0 0.2 -1.0 1.0 2386.5554872523867 2386.5565538123865 2386.854457352387 2386.064669672386 2388.422584624687 2386.728336632387 1.0 2386.728336632387 1.0 1
317 1.0 nan 0.2 1.0 1.0 2390.10389904239 2390.10493227239 2390.888187272391 2389.2368857523893 2392.453523151136 2390.714671292391 -1.0 2390.714671292391 -1.0 1
318 nan 0.125 0.2 -1.0 1.0 2393.6557438223936 2393.6568437123938 2394.044038322394 2393.151227612393 2395.603947038804 2393.930916302394 1.0 2393.930916302394 1.0 1
319 nan 0.125 0.2 -1.0 1.0 2396.905785452397 2396.906852012397 2397.8165610323977 2396.263149722396 2399.372370649268 2397.6914068823976 1.0 2397.6914068823976 1.0 1
320 nan 0.0625 0.2 -1.0 1.0 2400.5036922924005 2400.5048255124007 2408.4547304424086 2400.0332726724 2410.020438639286 2408.2172875224082 -1.0 2408.2172875224082 -1.0 1
321 nan 0.0 0.2 1.0 -1.0 2411.4051687024116 2411.4061686024115 2413.760133182414 2410.6934398824105 2416.3219757515444 2413.4364988824136 -1.0 2413.4364988824136 -1.0 1
322 1.0 nan 0.2 1.0 1.0 2418.070102142418 2418.071135372418 2425.5665524224255 2416.991676662417 2427.121657991462 2425.198355912425 -1.0 2425.198355912425 -1.0 1
323 nan 0.0625 0.2 1.0 -1.0 2429.2867803624295 2429.2877802624294 2467.5861167124676 2427.8100613824276 2470.137451663823 2467.177657562467 -1.0 2467.177657562467 -1.0 1
324 0.125 nan 0.2 1.0 1.0 2471.4693283524716 2471.4703615824715 2472.105164762472 2470.872854672471 2473.6692733800783 2471.979010712472 -1.0 2471.979010712472 -1.0 1
325 nan 0.25 0.2 -1.0 1.0 2474.871054812475 2474.872021382475 2475.6788740224756 2474.3324753424745 2477.254308284527 2475.3523066824755 1.0 2475.3523066824755 1.0 1
326 nan 1.0 0.2 -1.0 1.0 2479.3190433024793 2479.320043202479 2480.01300723248 2477.949113642478 2481.587347598891 2479.78156371248 1.0 2479.78156371248 1.0 1
327 nan 0.0 0.2 -1.0 1.0 2482.802328272483 2482.803361502483 2495.5161234324955 2482.249450232482 2497.0854295530967 2495.3449072224953 1.0 2495.3449072224953 1.0 1
328 nan 1.0 0.2 -1.0 1.0 2498.7872629524986 2498.788362842499 2499.2817468324993 2497.772231132498 2500.8352558625375 2499.140860922499 1.0 2499.140860922499 1.0 1
329 0.0625 nan 0.2 -1.0 -1.0 2502.070467932502 2502.071301182502 2509.7086373725097 2501.4955587625013 2512.2684558242704 2508.9155833525087 -1.0 2509.5936822025096 1.0 3
330 nan 0.25 0.2 1.0 -1.0 2513.653676162514 2513.654609402514 2531.931248222532 2513.1340614625133 2534.501487530544 2520.5984482825206 -1.0 2531.4354311425313 -1.0 3
331 nan 0.0625 0.2 -1.0 1.0 2535.736634312536 2535.737567552536 2562.5432867125623 2535.194588522535 2564.101090668721 2562.160091702562 -1.0 2562.3260417725623 1.0 2
332 nan 0.0625 0.2 -1.0 1.0 2565.935947412566 2565.936847322566 2573.6665742725736 2564.807893562565 2575.2341799561727 2573.5122230425736 1.0 2573.5122230425736 1.0 1
333 0.0625 nan 0.2 -1.0 -1.0 2576.5025906425767 2576.5035905425766 2611.338773342611 2575.908283412576 2613.8839441749833 2610.986108612611 1.0 2611.2001538726113 1.0 2
334 nan 0.25 0.2 -1.0 1.0 2615.252015312615 2615.2531152026154 2618.5047900026184 2614.6012470626147 2620.066994623596 2618.039536532618 -1.0 2618.316242192618 1.0 2
335 nan 0.25 0.2 -1.0 1.0 2621.2854119126214 2621.2864451426212 2621.6686069226216 2620.764797312621 2623.2351153508803 2621.4672937226214 1.0 2621.4672937226214 1.0 1
336 nan 0.25 0.2 -1.0 1.0 2624.867053712625 2624.868086942625 2625.4152322226255 2623.894617632624 2626.985440363256 2625.2768460626253 1.0 2625.2768460626253 1.0 1
337 nan 0.125 0.2 -1.0 1.0 2631.2002536626314 2631.201420212631 2631.5788824626316 2627.654241632628 2633.133188840092 2631.4127990726315 1.0 2631.4127990726315 1.0 1
338 nan 0.0625 0.2 -1.0 1.0 2634.285111812634 2634.2860783826345 2652.355604582652 2633.8121924426337 2653.916341977597 2652.1546913426523 1.0 2652.1546913426523 1.0 1
339 0.25 nan 0.2 1.0 1.0 2655.1181949626553 2655.1190615426553 2655.6806387126558 2654.626344152655 2657.24985006714 2655.3716029526554 -1.0 2655.3716029526554 -1.0 1
340 0.125 nan 0.2 1.0 1.0 2658.4681266026587 2658.4690265126583 2659.2581809226594 2657.910349052658 2660.8349862737273 2658.644675612659 -1.0 2658.644675612659 -1.0 1
341 nan 0.125 0.2 -1.0 1.0 2662.166456732662 2662.167356642662 2662.7117022026628 2661.4800920426615 2664.2847120486176 2662.5173216426624 1.0 2662.5173216426624 1.0 1
342 nan 0.125 0.2 -1.0 1.0 2665.882918382666 2665.8843515726658 2668.8714195026687 2664.936813002665 2670.434932944281 2668.6132786526687 1.0 2668.6132786526687 1.0 1
343 nan 0.25 0.2 -1.0 1.0 2671.799426672672 2671.800359912672 2679.0388026626792 2671.0802319326713 2680.599724109326 2678.5542844526785 -1.0 2678.5542844526785 -1.0 1
344 1.0 nan 0.2 1.0 1.0 2681.951078072682 2681.951977982682 2682.3705361226826 2681.4319299926815 2683.934947836962 2682.217751402682 -1.0 2682.217751402682 -1.0 1
345 nan 1.0 0.2 -1.0 1.0 2685.7160348726857 2685.7169681126857 2720.4870907527206 2684.578348652685 2722.048891425707 2719.95601053272 1.0 2720.3643030327203 1.0 2
346 0.0 nan 0.2 1.0 1.0 2723.250647702723 2723.2515476127232 2742.668139092743 2722.7860941627227 2744.2323446911505 2742.130359542742 -1.0 2742.5229869427426 -1.0 3
347 nan 0.0625 0.2 -1.0 1.0 2745.4499608827455 2745.4508274627456 2798.043534332798 2744.927446472745 2799.597532233674 2797.794559232798 1.0 2797.794559232798 1.0 1
348 nan 1.0 0.2 -1.0 1.0 2800.8994153828007 2800.900415282801 2801.3242395628013 2800.3638356128004 2802.899173681031 2801.128892432801 1.0 2801.128892432801 1.0 1
349 nan 0.25 0.2 -1.0 1.0 2804.3310721828043 2804.3320387528042 2804.689569662805 2803.5846801628036 2806.2656821145524 2804.5470839128047 1.0 2804.5470839128047 1.0 1
350 nan 0.25 0.2 -1.0 1.0 2807.9310788128078 2807.932045382808 2808.275711012808 2806.918280102807 2809.8495165553813 2808.130225562808 1.0 2808.130225562808 1.0 1
351 nan 0.125 0.2 -1.0 1.0 2812.5477837628127 2812.5487170028127 2813.4263292328133 2810.5082210728106 2814.997539007874 2813.3190399628133 1.0 2813.3190399628133 1.0 1
352 0.125 nan 0.2 -1.0 -1.0 2816.4156636028165 2816.4166968328163 2857.0492998328573 2815.6693382428157 2859.6151684860342 2856.886716092857 1.0 2856.886716092857 1.0 1
353 nan 0.0625 0.2 1.0 -1.0 2860.963008422861 2860.963941662861 2866.843253672867 2860.33857087286 2869.41532874317 2865.6525727528656 -1.0 2866.7975249128667 -1.0 3
354 nan 0.0625 0.2 -1.0 1.0 2872.0299682828722 2872.030934852872 2886.877250072887 2870.08192977287 2888.4298567641927 2875.933811192876 1.0 2875.933811192876 1.0 1
355 0.25 nan 0.8 -1.0 -1.0 2889.71433300289 2889.71523291289 2907.7151994029077 2889.116659442889 2910.2795047913087 2907.4733235929075 1.0 2907.4733235929075 1.0 1
356 0.125 nan 0.8 -1.0 -1.0 2913.5307177929135 2913.5315177129137 2921.021501972921 2910.967707452911 2923.5790068901974 2919.81658914292 1.0 2920.30417371292 -1.0 3
357 1.0 nan 0.8 1.0 1.0 2924.964174332925 2924.965174232925 2935.809889652936 2924.281609262924 2937.3789098344364 2935.185118802935 1.0 2935.4557917329353 -1.0 2
358 0.125 nan 0.8 1.0 1.0 2938.730564222939 2938.731464132939 2945.127757772945 2938.2304142429384 2946.7135648482567 2944.6787026829447 -1.0 2944.986471902945 -1.0 3
359 0.0625 nan 0.8 1.0 1.0 2948.111826002948 2948.1127925729484 2949.5213850329496 2947.3723666229475 2951.0804956010156 2949.167287112949 1.0 2949.167287112949 1.0 1
360 0.25 nan 0.8 1.0 1.0 2952.3954309329524 2952.3964308329523 2960.807756282961 2951.7330971729516 2962.361964612966 2954.4791558729544 -1.0 2960.5902113729608 -1.0 5
361 0.0 nan 0.8 1.0 1.0 2963.7467956829637 2963.7477622529636 2988.013068812988 2963.035466822963 2989.5948709178556 2987.5464821429878 1.0 2987.7937907429878 -1.0 2
362 0.0625 nan 0.8 -1.0 -1.0 2991.162953792991 2991.1640870129913 3013.6639701330137 2990.2920742229903 3016.2295432020396 2994.2105823329944 -1.0 3013.197050163013 -1.0 3
363 1.0 nan 0.8 1.0 1.0 3017.5942770630177 3017.5952769630176 3023.194017033023 3016.918844613017 3024.7609249132556 3023.064796623023 -1.0 3023.064796623023 -1.0 1
364 0.25 nan 0.8 1.0 1.0 3026.079328473026 3026.080261713026 3054.706032183055 3025.4238273630253 3056.2603373105317 3052.5570137730524 1.0 3054.4045956630544 1.0 4
365 0.25 nan 0.8 1.0 1.0 3057.5292498330577 3057.5301830730577 3058.063029783058 3056.960640033057 3059.6287712988064 3057.8745153030577 -1.0 3057.8745153030577 -1.0 1
366 nan 0.25 0.8 -1.0 1.0 3060.977138343061 3060.978171573061 3061.4874539730613 3060.2757751530603 3063.043670388251 3061.3565670630614 1.0 3061.3565670630614 1.0 1
367 0.0 nan 0.8 1.0 1.0 3064.2617431830645 3064.2628430730642 3072.4483577730725 3063.692266803064 3074.0119607782867 3071.957406873072 1.0 3072.248111133072 -1.0 3
368 0.125 nan 0.8 1.0 1.0 3080.1767181930804 3080.17781808308 3114.1935495031144 3074.7092649930746 3115.7446523662215 3104.033365623104 -1.0 3113.999268933114 -1.0 2
369 0.25 nan 0.8 -1.0 -1.0 3116.993236173117 3116.9940694231173 3165.3440339431654 3116.4772544431166 3167.8939029712124 3165.1894160731654 1.0 3165.1894160731654 1.0 1
370 0.125 nan 0.8 1.0 1.0 3169.158952413169 3169.159985643169 3175.046363613175 3168.6242058931684 3176.6103712288223 3174.5968419031747 -1.0 3174.944373813175 -1.0 2
371 nan 0.25 0.8 -1.0 1.0 3177.858582363178 3177.8596489231777 3178.4666882131787 3177.2809734631774 3180.0419034969746 3178.087092843178 1.0 3178.4091939631785 1.0 3
372 nan 1.0 0.8 -1.0 1.0 3182.5099171831826 3182.5109504131824 3190.5369810631905 3180.923909133181 3192.1081867818784 3190.1863161331903 1.0 3190.4344579831904 1.0 2
373 0.0 nan 0.8 -1.0 -1.0 3195.043597023195 3195.044596923195 3198.5866093531986 3192.7869893731927 3201.1603504079208 3198.2883391831983 1.0 3198.5057507731985 1.0 2
374 nan 0.0625 0.8 -1.0 1.0 3202.3744971932024 3202.3755970832026 3219.041563653219 3201.826252023202 3220.6099690977076 3218.6563021832185 -1.0 3218.6563021832185 -1.0 1
375 nan 0.125 0.8 -1.0 1.0 3227.8747135832277 3227.875880133228 3235.138587123235 3221.2980713132215 3236.6907900538613 3233.983069353234 1.0 3234.9816694832352 1.0 2
376 1.0 nan 0.8 1.0 1.0 3238.4093600132383 3238.4101932632384 3239.3038038932395 3237.4079934932374 3240.875812309878 3238.971637113239 1.0 3238.971637113239 1.0 1
377 1.0 nan 0.8 1.0 1.0 3256.857548343257 3256.858514913257 3268.5904082732686 3241.5405135332417 3270.1759375616634 3267.868047183268 -1.0 3268.3377335432683 -1.0 2
378 0.25 nan 0.8 -1.0 -1.0 3271.6571349032715 3271.658134803272 3278.3777961032783 3270.935340423271 3280.942204258486 3272.063460933272 1.0 3272.063460933272 1.0 1
379 0.125 nan 0.8 1.0 1.0 3282.223678143282 3282.2244447332823 3287.4490555532875 3281.6081063732818 3289.0088625395206 3287.1271544132874 -1.0 3287.2654072532873 -1.0 2
380 0.125 nan 0.8 1.0 1.0 3290.2067797532904 3290.2077796532903 3301.5724430733017 3289.6829654732896 3303.140049620839 3301.3441992333014 -1.0 3301.3441992333014 -1.0 1
381 nan 0.125 0.8 -1.0 1.0 3304.5747094833046 3304.5757427133044 3306.5922743733067 3303.818651763304 3308.1584813370555 3306.4068929133064 1.0 3306.4068929133064 1.0 1
382 0.25 nan 0.8 -1.0 -1.0 3316.706696163317 3316.7080626933166 3316.901376693317 3308.843782533309 3319.473778418788 3316.715295303317 -1.0 3316.715295303317 -1.0 1
383 0.125 nan 0.8 -1.0 -1.0 3321.874645983322 3321.8757125433217 3360.5913405933607 3320.18498163332 3363.1571751844167 3352.8153182733527 1.0 3360.3785618733605 1.0 8
384 0.125 nan 0.8 1.0 1.0 3364.4728190733645 3364.4736523233646 3375.7253603733757 3363.892077153364 3377.288966394562 3373.217511183373 -1.0 3375.600039573376 -1.0 2
385 0.125 nan 0.8 1.0 1.0 3378.4905838233785 3378.4916503833783 3433.655166813434 3377.973668853378 3435.2214763129036 3391.341598593391 1.0 3433.5111478834338 -1.0 3
386 0.0 nan 0.8 1.0 1.0 3436.756789953437 3436.7582231434367 3442.4752180534424 3436.1882801434363 3444.023127864654 3442.224976413442 -1.0 3442.224976413442 -1.0 1
387 0.125 nan 0.8 1.0 1.0 3445.7880200734458 3445.788886653446 3455.3411979934554 3444.691229763445 3456.9064045613623 3455.059792803455 -1.0 3455.2884699334554 -1.0 2
388 0.0625 nan 0.8 1.0 1.0 3460.4378882734604 3460.4388548434604 3470.03609502347 3457.5880066234577 3471.604529535745 3465.4629190534656 -1.0 3469.94613735347 -1.0 6
389 0.125 nan 0.8 1.0 1.0 3472.956036333473 3472.957169553473 3497.607804243498 3472.3160336734722 3499.153709762546 3489.4736510734897 -1.0 3497.5107472834975 -1.0 5
390 nan 0.0625 0.8 -1.0 1.0 3500.3549961635003 3500.3557960835005 3520.27447068352 3499.8599123434997 3521.8388764111423 3520.13281818352 1.0 3520.13281818352 1.0 1
391 0.25 nan 0.8 1.0 1.0 3523.0366944335233 3523.037760993523 3531.825948753532 3522.5296784735224 3533.3879566073274 3531.013663323531 -1.0 3531.243307023531 1.0 2
392 nan 0.125 0.8 1.0 -1.0 3534.5528760335346 3534.5537092835348 3540.17404719354 3534.0637582835343 3542.7384208329445 3539.82984828354 -1.0 3540.05559237354 -1.0 2
393 0.125 nan 0.8 -1.0 -1.0 3544.136150943544 3544.1370175235443 3544.585705983545 3543.4104235235436 3547.1549473851605 3544.2231422435443 1.0 3544.2231422435443 1.0 1
394 0.0625 nan 0.8 -1.0 -1.0 3548.902807563549 3548.903674143549 3560.3183325635605 3547.819249263548 3562.8881682510482 3560.05532553356 1.0 3560.05532553356 1.0 1
395 1.0 nan 0.8 -1.0 -1.0 3564.069090783564 3564.0699906935643 3565.840980243566 3563.5930717235638 3568.4024905467245 3564.657198633565 1.0 3565.707426933566 1.0 3
396 0.0625 nan 0.8 -1.0 -1.0 3569.6879955035697 3569.6889954035696 3571.020328923571 3569.067690873569 3573.5861364277434 3570.896307993571 1.0 3570.896307993571 1.0 1
397 nan 0.0 0.8 -1.0 1.0 3575.0043971435753 3575.005297053575 3575.5850390735754 3574.246139643574 3577.137451124057 3575.4659843135755 1.0 3575.4659843135755 1.0 1
398 nan 1.0 0.8 -1.0 1.0 3584.2858022435844 3584.2869687935845 3584.624201733585 3577.796051283578 3586.185705937104 3584.3246316935843 -1.0 3584.3246316935843 -1.0 1
399 0.25 nan 0.8 -1.0 -1.0 3589.5705403835896 3589.57160694359 3595.4705836535954 3586.891008363587 3598.0522890101915 3595.109553093595 1.0 3595.324198293595 1.0 2
400 0.0 nan 0.8 0.0 -1.0 3602.3367969636024 3602.3379635136025 3662.339129463662 3598.7326907435986 3664.8384665661974 nan 0.0 nan 0.0 0
401 0.25 nan 0.8 1.0 1.0 3665.6676632436656 3666.0871212936663 3666.961367193667 3665.5998700236655 3668.5193881647897 3666.849345063667 -1.0 3666.849345063667 -1.0 1
402 1.0 nan 0.8 1.0 1.0 3669.88430820367 3669.88544142367 3670.2099089736703 3669.4022897436694 3671.7694162941834 3670.07658897367 -1.0 3670.07658897367 -1.0 1
403 1.0 nan 0.8 1.0 1.0 3676.167879783676 3676.1687796936762 3679.019061303679 3672.4221210636724 3680.5692692719513 3678.7239241536786 -1.0 3678.7239241536786 -1.0 1
404 0.0625 nan 0.8 0.0 -1.0 3681.834279753682 3681.8354129736817 3741.8366455837418 3681.2536711536814 3744.3360162222334 3699.4708159236993 -1.0 3741.5357423437417 1.0 9
405 0.0 nan 0.8 1.0 1.0 3745.600202523746 3745.6009691137456 3789.001428633789 3745.096519563745 3790.5659288661777 3787.884673653788 1.0 3788.892772833789 -1.0 3
406 0.0625 nan 0.8 1.0 1.0 3792.067955283792 3792.068888523792 3804.9002385938047 3791.3024318437915 3806.46614545033 3792.5685385537927 1.0 3804.2484371138044 1.0 6
407 nan 1.0 0.8 -1.0 1.0 3807.6675618338077 3807.6685284038076 3808.043657553808 3807.1452474038074 3809.6173663780787 3807.872408013808 1.0 3807.872408013808 1.0 1
408 0.25 nan 0.8 -1.0 -1.0 3810.932468643811 3810.933535203811 3811.3448607338114 3810.2759676338105 3813.9174990168094 3811.1666785538114 1.0 3811.1666785538114 1.0 1
409 0.0 nan 0.8 -1.0 -1.0 3815.082286953815 3815.083220193815 3845.1531462338453 3814.6048013738146 3847.715316123771 3844.972164333845 1.0 3844.972164333845 1.0 1
410 0.0 nan 0.8 -1.0 -1.0 3849.083619813849 3849.084486393849 5194.879960055195 3848.4281187038487 3853.4334538653793 3850.3823565938505 -1.0 5188.290785705189 -1.0 524
