SWC_058 9545aa05-3945-4054-a5c3-a259f7209d61 mrsicflogellab 2020-12-10 _iblrig_tasks_ephysChoiceWorld6.4.2 M 255 487
0 nan 1.0 0.5 -1.0 1.0 45.37829505004538 45.37909497004538 45.656133930045655 37.8003529200378 47.212333852515094 45.54101211004554 1.0 45.54101211004554 1.0 1
1 0.25 nan 0.5 1.0 1.0 58.54041204005854 58.54131195005854 59.24534154005924 47.65043448004765 60.81192827030563 58.65840024005866 1.0 59.07342540005907 -1.0 2
2 nan 0.25 0.5 -1.0 1.0 63.623403690063626 63.624236940063625 63.94017201006394 61.35963009006136 65.50697383425842 63.73432593006373 1.0 63.73432593006373 1.0 1
3 nan 0.125 0.5 -1.0 1.0 67.21174482006721 67.21254474006722 67.43058960006744 65.9019758100659 68.98989597792772 67.31036829006732 1.0 67.31036829006732 1.0 1
4 nan 0.25 0.5 -1.0 1.0 69.94490481006994 69.94583805006995 70.22201043007023 69.37519512006938 71.79011577850463 70.07045892007007 1.0 70.07045892007007 1.0 1
5 nan 1.0 0.5 -1.0 1.0 73.6950964200737 73.6961296500737 73.995533040074 72.17051556007218 75.56183692998073 73.83878205007385 1.0 73.83878205007385 1.0 1
6 0.0625 nan 0.5 -1.0 -1.0 76.5065152500765 76.50744849007651 76.73142609007674 75.95403717007595 79.2900645237304 76.52028054007653 1.0 76.52028054007653 1.0 1
7 1.0 nan 0.5 1.0 1.0 84.22794303008423 84.22900959008423 84.64933422008465 79.67116542007967 86.21152771243148 84.38272755008438 1.0 84.38272755008438 1.0 1
8 0.125 nan 0.5 1.0 1.0 87.22324347008723 87.22434336008723 88.16094969008816 86.6999291400867 89.71185575903668 87.35276385008736 1.0 88.03609551008803 -1.0 3
9 nan 0.125 0.5 -1.0 1.0 90.65646678009065 90.65763333009066 90.90977478009091 90.0996558000901 92.46137945998635 90.7883535900908 1.0 90.7883535900908 1.0 1
10 0.0625 nan 0.5 -1.0 -1.0 93.33986508009335 93.34096497009334 93.83058267009383 92.84738100009285 96.37322025728247 93.33193254009333 1.0 93.7948529100938 1.0 2
11 0.125 nan 0.5 -1.0 -1.0 98.44435458009845 98.44522116009844 98.6988624600987 96.76622241009677 101.24453486839842 98.43982170009843 1.0 98.43982170009843 1.0 1
12 0.0625 nan 0.5 -1.0 -1.0 102.80651832010281 102.80748489010281 103.07882442010307 101.65253373010165 105.62759312927055 102.96403590010297 1.0 102.96403590010297 1.0 1
13 0.0625 nan 0.5 -1.0 -1.0 106.52284665010653 106.52377989010652 106.77312162010678 106.02039690010602 109.34441815515981 106.65966630010666 1.0 106.65966630010666 1.0 1
14 0.125 nan 0.5 -1.0 -1.0 110.40605829011041 110.40709152011041 110.62440312011063 109.8010188001098 113.17764250683875 110.34749748011035 -1.0 110.5009488001105 1.0 2
15 0.0625 nan 0.5 -1.0 -1.0 114.83954823011484 114.84038148011484 115.07935758011509 113.56954191011357 117.64456063851817 114.95373681011496 1.0 114.95373681011496 1.0 1
16 0.0625 nan 0.5 -1.0 -1.0 120.73939152012075 120.74032476012074 121.27397139012128 118.05176031011806 123.82270678506657 120.8913763201209 1.0 121.001565300121 -1.0 2
17 0.25 nan 0.5 1.0 1.0 135.11098755013512 135.11182080013512 135.44102121013543 124.25080701012425 137.00590929213584 135.23440854013523 1.0 135.23440854013523 1.0 1
18 0.125 nan 0.5 1.0 1.0 144.55994256014455 144.56074248014457 145.16658189014518 137.54781051013754 146.72250493361696 144.44658723014444 -1.0 145.1124539701451 -1.0 4
19 nan 0.0 0.5 1.0 -1.0 150.5941390801506 150.5950056601506 151.4926492201515 147.24700716014726 154.06084811871747 150.71259390015072 1.0 151.43528829015145 -1.0 4
20 0.0625 nan 0.5 -1.0 -1.0 155.005331250155 155.00663112015502 155.2989352201553 154.4983486201545 157.85557294659856 155.17964715015518 1.0 155.17964715015518 1.0 1
21 0.25 nan 0.5 1.0 1.0 158.74412400015873 158.74525722015875 159.20847756015922 158.24857356015826 160.77731261266422 158.9105073601589 1.0 159.06462528015908 -1.0 2
22 nan 0.125 0.5 -1.0 1.0 162.42198951016243 162.42288942016242 162.82551582016282 161.16571515016116 164.3890198720087 162.55887582016257 1.0 162.72999204016273 1.0 2
23 0.0 nan 0.5 -1.0 -1.0 173.6104705501736 173.6114371201736 175.31873304017532 164.8013182201648 177.8770193847323 173.76392187017376 1.0 175.02336258017502 1.0 5
24 nan 0.0625 0.5 -1.0 1.0 180.92210598018093 180.92300589018092 181.1040544501811 178.44252063017845 182.66055708054517 180.98929926018099 1.0 180.98929926018099 1.0 1
25 nan 0.0 0.5 -1.0 1.0 188.77192092018876 188.77292082018877 189.03962748018904 183.06455838018306 190.58852418134245 188.88510960018888 1.0 188.88510960018888 1.0 1
26 nan 0.0625 0.5 -1.0 1.0 196.84308039019683 196.84418028019684 197.1137866501971 191.05302612019105 198.67688343324303 196.93703766019695 1.0 196.93703766019695 1.0 1
27 0.25 nan 0.5 1.0 1.0 199.95496917019994 199.95583575019995 200.87381061020088 199.13268474019912 202.4218160529611 200.10922041020012 1.0 200.81248341020083 -1.0 5
28 0.125 nan 0.5 -1.0 -1.0 216.32646519021634 216.32736510021633 216.57037413021658 202.81531644020282 219.12653111553388 216.4094568902164 1.0 216.4094568902164 1.0 1
29 nan 0.0625 0.5 -1.0 1.0 224.62140228022463 224.62226886022464 225.03289446022504 219.66033177021967 226.58801621709136 224.84661309022485 1.0 224.84661309022485 1.0 1
30 nan 0.0625 0.5 1.0 -1.0 256.89227487025687 256.8932414402569 257.25790497025724 227.1067203902271 259.8098408328614 256.95116898025697 1.0 256.95116898025697 1.0 1
31 nan 1.0 0.5 -1.0 1.0 261.00443028026103 261.005530170261 261.2913682502613 260.53704369026053 262.83767344444703 261.14641608026113 1.0 261.14641608026113 1.0 1
32 nan 0.0625 0.5 -1.0 1.0 274.1926779902742 274.1937112202742 274.45275198027446 263.22427494026323 276.00907774368335 274.3156323602743 1.0 274.3156323602743 1.0 1
33 nan 0.125 0.5 -1.0 1.0 286.85404506028686 286.85491164028684 287.0609577002871 276.5184787202765 288.60878177555634 286.9352036102869 1.0 286.9352036102869 1.0 1
34 nan 1.0 0.5 -1.0 1.0 297.4871816402975 297.4881482102975 297.7591544402978 289.1297841302891 299.30404984070117 297.6061364102976 1.0 297.6061364102976 1.0 1
35 nan 0.25 0.5 -1.0 1.0 301.15901442030116 301.16011431030114 301.4143555503014 299.7942509102998 302.95909101379243 301.2976005603013 1.0 301.2976005603013 1.0 1
36 0.125 nan 0.5 -1.0 -1.0 303.85367826030387 303.85474482030384 304.0840885503041 303.3741928803034 306.62519624427125 303.9105059103039 1.0 303.9105059103039 1.0 1
37 nan 0.0 0.5 -1.0 1.0 313.37032650031335 313.37132640031336 313.6342667703136 307.03639329030705 315.18686415668003 313.4879814003135 1.0 313.4879814003135 1.0 1
38 1.0 nan 0.5 1.0 1.0 320.975265930321 320.976232500321 321.6854282403217 315.64176600031567 323.236926639152 321.1910110203212 -1.0 321.64706541032166 -1.0 2
39 nan 1.0 0.5 -1.0 1.0 329.85837753032985 329.8594774203299 330.0873879603301 323.6865281103237 331.65348723089875 329.97256611033 1.0 329.97256611033 1.0 1
40 0.0625 nan 0.5 -1.0 -1.0 333.19184415033317 333.1927773903332 333.4574509203335 332.0934873303321 336.02012075955986 333.2889677703333 1.0 333.2889677703333 1.0 1
41 1.0 nan 0.5 1.0 1.0 337.6915941303377 337.6927940103377 338.13794949033814 336.42412089033644 339.70324288836474 337.9164049803379 -1.0 337.9164049803379 -1.0 1
42 1.0 nan 0.5 1.0 1.0 343.32496407034336 343.32633060034334 343.8128819403438 340.1938438803402 345.3754128388778 343.57003956034356 -1.0 343.57003956034356 -1.0 1
43 nan 0.0 0.5 -1.0 1.0 347.5531412103476 347.55427443034756 347.7925172703478 345.8019163503458 349.35852114674896 347.6342331003476 1.0 347.6342331003476 1.0 1
44 0.25 nan 0.5 -1.0 -1.0 350.45305119035044 350.4539177703505 350.64659850035065 349.7814183603498 353.2030629372504 350.45698413035046 1.0 350.45698413035046 1.0 1
45 0.0 nan 0.5 -1.0 -1.0 359.40828891035943 359.4091554903594 359.63783262035963 353.63486631035363 362.20842867683996 359.5235107203595 1.0 359.5235107203595 1.0 1
46 nan 1.0 0.5 -1.0 1.0 366.7363227003667 366.73742259036675 367.003762620367 362.6648298903627 368.5747619682745 366.90793887036693 1.0 366.90793887036693 1.0 1
47 nan 0.25 0.5 -1.0 1.0 370.25300433037023 370.25407089037026 370.95960033037096 369.018261150369 372.5245998410884 370.3997563203704 1.0 370.3997563203704 1.0 1
48 nan 0.0625 0.5 -1.0 1.0 381.9029725503819 381.9039391203819 382.1655796203822 372.95090118037297 383.7191746596012 382.06308987038204 1.0 382.06308987038204 1.0 1
49 0.0625 nan 0.5 -1.0 -1.0 389.99089701039 389.99183025039 390.53550921039056 384.2028758703842 393.1077689728132 390.24950448039027 1.0 390.4708156803905 1.0 2
50 0.25 nan 0.5 1.0 1.0 394.35269412039435 394.3537940103944 394.83677904039484 393.5858708103936 396.4073827176482 394.48711401039446 1.0 394.48711401039446 1.0 1
51 0.0625 nan 0.5 1.0 1.0 397.3857907803974 397.3867573503974 398.44738461039844 396.8168810103968 400.0028193640915 397.51204482039753 1.0 398.36685933039837 -1.0 3
52 nan 0.25 0.5 -1.0 1.0 404.8738419004049 404.8750084504049 405.0958530304051 400.4170209604004 406.6573532703126 404.979797970405 1.0 404.979797970405 1.0 1
53 1.0 nan 0.5 1.0 1.0 408.15234735040815 408.15331392040815 408.66246300040865 407.1023523604071 410.22429573118086 408.36405951040837 -1.0 408.36405951040837 -1.0 1
54 nan 0.0625 0.5 -1.0 1.0 411.4024223104114 411.4032555604114 411.6831942304117 410.6339991604106 413.24079907421304 411.4982793904115 1.0 411.4982793904115 1.0 1
55 0.125 nan 0.5 -1.0 -1.0 414.3859572604144 414.3868905004144 414.71355783041474 413.65789674041366 417.2690269301096 414.52097709041453 1.0 414.52097709041453 1.0 1
56 0.125 nan 0.5 1.0 1.0 421.5240433804215 421.52480997042153 421.9298694604219 417.6874270804177 423.4906990596384 421.71115800042173 -1.0 421.71115800042173 -1.0 1
57 nan 0.0625 0.5 -1.0 1.0 428.018993820428 428.020093710428 428.5008123004285 423.9336024004239 430.0573464361939 428.1918432004282 1.0 428.45198385042846 1.0 2
58 nan 0.125 0.5 -1.0 1.0 434.968798770435 434.969732010435 435.41898708043544 430.4833473604305 436.97358629335156 435.1977092104352 -1.0 435.1977092104352 -1.0 1
59 nan 1.0 0.5 -1.0 1.0 438.03549207043807 438.03629199043803 438.44298465043846 437.42118684043743 440.0069097870291 438.2027753404382 1.0 438.2027753404382 1.0 1
60 0.0 nan 0.5 -1.0 -1.0 441.018593730441 441.019593630441 441.5756046904416 440.51551071044054 444.1404398370832 441.34356123044137 -1.0 441.34356123044137 -1.0 1
61 0.25 nan 0.5 -1.0 -1.0 446.0517570304461 446.05255695044605 446.33656188044637 444.55713984044456 448.88536431609964 446.1935428504462 1.0 446.1935428504462 1.0 1
62 0.125 nan 0.5 -1.0 -1.0 449.77395144044976 449.7748513504498 450.06085608045004 449.3098645204493 452.6235911682643 449.92293654044994 1.0 449.92293654044994 1.0 1
63 1.0 nan 0.5 1.0 1.0 454.40172195045443 454.4027885104544 454.7939160604548 453.03259221045306 456.3517472120995 454.5936027604546 -1.0 454.5936027604546 -1.0 1
64 nan 0.25 0.5 -1.0 1.0 457.7903497204578 457.7914162804578 458.68606014045866 456.7786509004568 460.240162790466 458.02502625045804 -1.0 458.4815472604585 1.0 2
65 nan 0.0 0.5 -1.0 1.0 462.36862518046235 462.3697250704624 462.6900930304627 460.6671620104607 464.2516929972533 462.4967457004625 1.0 462.4967457004625 1.0 1
66 nan 0.25 0.5 -1.0 1.0 471.23997129047126 471.24093786047126 471.54204108047156 464.6862933904647 473.1066681006809 471.42168645047144 1.0 471.42168645047144 1.0 1
67 0.125 nan 0.5 -1.0 -1.0 474.7183567504747 474.71925666047474 478.5775374604786 473.5837702204736 481.1349347170447 474.87780747047486 1.0 478.32889566047834 1.0 10
68 1.0 nan 0.5 1.0 1.0 485.53984116048554 485.54080773048554 485.968864920486 481.5872364604816 487.5180631393408 485.65592955048567 1.0 485.65592955048567 1.0 1
69 0.25 nan 0.5 1.0 1.0 488.8567094404889 488.85777600048885 489.5028781504895 487.986963090488 491.0564988401912 489.12591585048915 -1.0 489.4194864904894 -1.0 3
70 0.0 nan 0.5 1.0 1.0 502.8177798605028 502.8189464105028 508.1077174805081 491.5904027104916 509.6729384790888 503.015560080503 -1.0 507.75781914050776 1.0 5
71 nan 1.0 0.5 -1.0 1.0 512.5177431005126 512.5185096905125 512.8754406605129 510.22063950051023 514.4178747910742 512.6754939905127 1.0 512.6754939905127 1.0 1
72 0.25 nan 0.5 -1.0 -1.0 515.3396275505154 515.3404941305154 517.025792250517 514.8527762405149 519.5843929513007 515.4324849305154 1.0 516.7616853305168 1.0 4
73 nan 0.125 0.5 -1.0 1.0 526.1725441505262 526.1737440305262 526.4832464105265 520.0247923205201 528.0341754428173 526.3539260105264 1.0 526.3539260105264 1.0 1
74 nan 0.125 0.5 -1.0 1.0 529.0389908105291 529.0399907105291 529.3468933505294 528.4989781505285 530.9059964456645 529.1983082105291 1.0 529.1983082105291 1.0 1
75 nan 0.25 0.5 -1.0 1.0 532.0341246005321 532.0349911805321 532.4002879805324 531.3084971705313 533.9509238107687 532.1738106305322 1.0 532.3656581105324 1.0 2
76 1.0 nan 0.5 1.0 1.0 538.938734070539 538.9395673205389 539.3605585505394 534.3678245405343 540.9174572491057 539.061121830539 1.0 539.061121830539 1.0 1
77 1.0 nan 0.5 1.0 1.0 542.1894423005422 542.1905421905421 542.6092669805427 541.3720573805414 544.1723002251575 542.3358276605423 1.0 542.3358276605423 1.0 1
78 0.0 nan 0.5 -1.0 -1.0 551.4007210805514 551.4017876405514 552.4170861005524 544.5817030505445 554.9722803430786 551.5896688505516 -1.0 552.1475797205521 1.0 3
79 nan 0.0625 0.5 -1.0 1.0 556.3172293805563 556.3180959605563 556.6064671205567 555.4590818705555 558.1555035559302 556.4605817105564 1.0 556.4605817105564 1.0 1
80 nan 0.25 0.5 -1.0 1.0 561.1171493405611 561.1180159205611 561.4233187205614 558.5761034705586 562.9890378944249 561.2202723605612 1.0 561.2202723605612 1.0 1
81 nan 0.0625 0.5 -1.0 1.0 564.017159310564 564.018292530564 564.4036539905644 563.5544389205636 565.9504572158293 564.1495460705642 1.0 564.2806329605643 1.0 2
82 nan 0.125 0.5 -1.0 1.0 571.6550954405717 571.6562286605716 571.990495230572 566.3741569205664 573.5558242065268 571.7937482405717 1.0 571.7937482405717 1.0 1
83 nan 1.0 0.5 -1.0 1.0 576.3003975305763 576.3011641205763 576.6256316705766 574.022125380574 578.1837341953737 576.3954546905765 1.0 576.3954546905765 1.0 1
84 nan 0.125 0.5 -1.0 1.0 579.6551286905797 579.6561285905797 579.9167691905799 578.6240318105787 581.483568400525 579.4679807405795 1.0 579.7911484205798 1.0 2
85 0.25 nan 0.5 -1.0 -1.0 584.7388202705847 584.7397535105847 584.991428340585 581.904970350582 587.5553243329217 584.8650076505849 1.0 584.8650076505849 1.0 1
86 nan 1.0 0.5 -1.0 1.0 589.3500591005893 589.3510256705894 589.6267314305896 588.009426510588 591.1883330038943 589.4946113105894 1.0 589.4946113105894 1.0 1
87 nan 0.25 0.5 -1.0 1.0 592.2168057305922 592.2176723105922 592.4929447805926 591.6246316205917 594.0552732161445 592.3887218705923 1.0 592.3887218705923 1.0 1
88 1.0 nan 0.5 1.0 1.0 595.1000840405951 595.1009839505952 595.5745699205955 594.4907783105945 597.1334015079394 595.3596247505953 -1.0 595.3596247505953 -1.0 1
89 nan 0.125 0.5 -1.0 1.0 599.7384868205997 599.7392534105998 599.9974942506 597.5763030605976 601.5668258918013 599.8506089405998 1.0 599.8506089405998 1.0 1
90 0.0 nan 0.8 -1.0 -1.0 612.8050133706128 612.8061132606128 613.2384366906133 602.011026210602 615.7998243902782 612.984395430613 1.0 612.984395430613 1.0 1
91 1.0 nan 0.8 1.0 1.0 616.987995030617 616.989061590617 617.6886249606177 616.3432261806164 619.2497554239272 617.2459359006173 -1.0 617.4874450806175 -1.0 2
92 nan 1.0 0.8 -1.0 1.0 620.2044066906202 620.2053732606203 620.6365634706207 619.6953576006197 622.1997658861511 620.3990872206205 1.0 620.3990872206205 1.0 1
93 0.25 nan 0.8 -1.0 -1.0 626.3382599106263 626.3392931406263 629.6539283106297 622.6330638006226 632.2163534523338 626.4926778006266 1.0 629.1150822006291 1.0 10
94 1.0 nan 0.8 -1.0 -1.0 633.1875749106332 633.1885748106332 633.4618808106335 632.7103559706327 636.0164793377987 633.3598910106334 1.0 633.3598910106334 1.0 1
95 nan 0.25 0.8 -1.0 1.0 639.0381231306391 639.039156360639 639.2957973606393 636.4671802506365 640.8497265434728 639.1729096506392 1.0 639.1729096506392 1.0 1
96 0.125 nan 0.8 -1.0 -1.0 641.8045131306418 641.8054797006419 642.072486330642 641.3105292006413 644.632851855296 641.9520983706419 1.0 641.9520983706419 1.0 1
97 1.0 nan 0.8 1.0 1.0 645.5713364106456 645.5721030006456 646.047055500646 645.0760526106451 647.6039593911692 645.9096692406459 -1.0 645.9096692406459 -1.0 1
98 0.25 nan 0.8 -1.0 -1.0 648.6493285806487 648.6503951406487 648.9423992706489 648.0315570306481 651.4993973709031 648.7940807706487 1.0 648.7940807706487 1.0 1
99 1.0 nan 0.8 1.0 1.0 652.5544047006525 652.5553712706526 652.974496020653 651.9432991506519 654.532827773321 652.6628938506527 1.0 652.7455189206528 -1.0 2
100 nan 0.25 0.8 -1.0 1.0 657.3042630006573 657.3052962306573 657.5934340806576 654.976229160655 659.1492663020975 657.4760124906575 1.0 657.4760124906575 1.0 1
101 0.25 nan 0.8 -1.0 -1.0 662.004392940662 662.005259520662 662.2029064206622 659.5976669706596 664.7712030941499 662.0921508306621 1.0 662.0921508306621 1.0 1
102 nan 1.0 0.8 -1.0 1.0 665.7322534506658 665.7332200206657 665.967696570666 665.2361030706652 667.53262839813 665.8306436106658 1.0 665.8306436106658 1.0 1
103 0.0625 nan 0.8 -1.0 -1.0 668.5208412306686 668.5218411306686 668.7891810606689 667.9700296506679 671.3489465118075 668.6047661706687 1.0 668.6047661706687 1.0 1
104 nan 0.25 0.8 -1.0 1.0 673.5871012206736 673.5881344506736 673.936966230674 671.8011465006718 675.498864760087 673.7578174806738 1.0 673.7578174806738 1.0 1
105 0.0625 nan 0.8 -1.0 -1.0 677.8208111406778 677.8217443806778 678.1290803106781 675.951564750676 680.6821970155241 677.943898830678 1.0 677.943898830678 1.0 1
106 nan 0.0625 0.8 -1.0 1.0 683.7706161006838 683.7716826606837 684.0892509006841 681.2875977606813 685.6531464648995 683.8933038306839 1.0 683.8933038306839 1.0 1
107 0.25 nan 0.8 -1.0 -1.0 687.1321799106871 687.1333131306872 687.3729891606873 686.1150483006861 689.9320877358815 687.2045726706872 1.0 687.2045726706872 1.0 1
108 nan 0.0625 0.8 -1.0 1.0 690.970596030691 690.971595930691 691.3408923306913 690.3746889606904 692.8988935192355 691.0640533506911 1.0 691.2669997206913 1.0 2
109 0.25 nan 0.8 -1.0 -1.0 698.7703826406988 698.7711825606988 699.1178478906992 693.3442919706933 701.6704731020627 698.8721058006989 1.0 698.8721058006989 1.0 1
110 nan 0.125 0.8 -1.0 1.0 704.1320130907042 704.1331463107041 704.4517811107045 702.1711758607022 706.0206101096737 704.2642665307043 1.0 704.2642665307043 1.0 1
111 0.25 nan 0.8 -1.0 -1.0 711.3318263707114 711.3327596107114 711.6360626107116 706.4767119307065 714.1866573280942 711.4547474107114 1.0 711.4547474107114 1.0 1
112 0.0 nan 0.8 -1.0 -1.0 716.1982396807163 716.1993395707162 716.5263402007165 714.6908571007147 719.0870019372243 716.3312930407163 1.0 716.3312930407163 1.0 1
113 0.25 nan 0.8 1.0 1.0 720.3648563107204 720.3659562007203 721.2220039207212 719.5502044507195 722.7867329320692 720.6190642207206 -1.0 721.0953165907212 -1.0 2
114 nan 0.25 0.8 -1.0 1.0 723.7817145907238 723.7825811707238 724.0578203107241 723.2473347007233 725.6202527500856 723.952430850724 1.0 723.952430850724 1.0 1
115 1.0 nan 0.8 1.0 1.0 726.981494580727 726.982561140727 727.9616632207279 726.0681525907261 729.5199925144922 727.1422451707272 1.0 727.923200400728 -1.0 5
116 0.25 nan 0.8 -1.0 -1.0 730.6483278607307 730.6491611107307 730.9961597407311 729.98239446073 733.5535240540538 730.7806812907307 1.0 730.7806812907307 1.0 1
117 1.0 nan 0.8 1.0 1.0 735.9313995007359 735.932432730736 737.6524273807377 734.015024490734 739.1982580574019 736.2607998907363 -1.0 737.4299163007374 -1.0 3
118 0.25 nan 0.8 -1.0 -1.0 742.986493920743 742.987360500743 743.3360589607433 739.6700589307396 745.8813896679716 743.1702088807432 1.0 743.1702088807432 1.0 1
119 0.125 nan 0.8 -1.0 -1.0 748.6695588907487 748.6706254507487 748.8983026807489 746.3701888507463 751.4530474882945 748.7768148307488 1.0 748.7768148307488 1.0 1
120 0.0 nan 0.8 -1.0 -1.0 754.2314026507543 754.2322359007543 754.5962328307546 752.0781513307521 757.1530965571542 754.4404150807544 1.0 754.4404150807544 1.0 1
121 0.25 nan 0.8 -1.0 -1.0 759.8646726007598 759.8655058507599 760.1701753807602 757.6066984207577 762.7192391722573 760.03105596076 1.0 760.03105596076 1.0 1
122 nan 0.25 0.2 -1.0 1.0 763.6476276007636 763.6487941507637 763.971428550764 763.1834406907632 765.5360598861299 763.8300093607638 1.0 763.8300093607638 1.0 1
123 nan 0.25 0.2 -1.0 1.0 766.9143675607669 766.9154341207669 767.1963726907672 765.989960010766 768.7528744491268 767.0732850007671 1.0 767.0732850007671 1.0 1
124 nan 0.125 0.2 -1.0 1.0 773.2977291607733 773.2986957307733 773.5718017507736 769.1904732607692 775.1309289842648 773.4216167707734 1.0 773.4216167707734 1.0 1
125 nan 0.0 0.2 -1.0 1.0 779.3693552707794 779.3702885107793 779.7102545107797 775.6093313107756 781.2809804773652 779.5342721107795 1.0 779.5342721107795 1.0 1
126 0.125 nan 0.2 -1.0 -1.0 787.2023385607872 787.2032051407872 787.4755112407875 781.7635824907818 790.0359379810334 787.1975723707872 1.0 787.4214833107874 1.0 2
127 nan 0.0625 0.2 -1.0 1.0 794.8140106507948 794.8151105407949 795.1466773807952 790.5292391707906 796.7193708367994 794.989159800795 1.0 794.989159800795 1.0 1
128 nan 0.25 0.2 -1.0 1.0 798.0472872907981 798.048387180798 798.2752978207983 797.2084711807972 799.852093179168 798.1594760707982 1.0 798.1594760707982 1.0 1
129 nan 0.0625 0.2 -1.0 1.0 800.8639056008009 800.8647055208008 801.2017051508012 800.2977955508003 802.7689334254735 801.053453310801 1.0 801.053453310801 1.0 1
130 nan 0.25 0.2 -1.0 1.0 804.3139272308043 804.3149937908044 804.6009318608046 803.2170369308033 806.1637628983165 804.4467139508045 1.0 804.4467139508045 1.0 1
131 nan 0.0 0.2 -1.0 1.0 807.4688117108075 807.4696116308074 807.6711581408077 806.6182634408066 809.2306879962995 807.4478804708075 1.0 807.4478804708075 1.0 1
132 nan 1.0 0.2 -1.0 1.0 824.2687982108242 824.2697647808243 824.5391711708246 809.6847900908097 826.0969865087981 824.3971520408244 1.0 824.3971520408244 1.0 1
133 nan 1.0 0.2 -1.0 1.0 827.6519265308276 827.6530597508277 827.8413075908278 826.7039880008267 829.4018350099124 827.5938990008276 1.0 827.5938990008276 1.0 1
134 nan 0.0 0.2 -1.0 1.0 837.4634786108375 837.4646451608374 837.6689913908377 829.8561394208299 839.2300960755804 837.5669682608376 1.0 837.5669682608376 1.0 1
135 nan 1.0 0.2 -1.0 1.0 840.9518297408409 840.952962960841 841.3968185708414 839.93419818084 842.9635145380937 841.1271788708411 1.0 841.3753873808414 1.0 2
136 nan 0.0 0.2 -1.0 1.0 844.4351147108445 844.4358813008445 844.8013447508448 843.4346147708435 846.3685396013925 844.6320616808447 1.0 844.6320616808447 1.0 1
137 nan 0.0 0.2 -1.0 1.0 852.996725130853 852.997791690853 853.2662981708532 846.8362412408468 854.8301193241892 853.1252456108531 1.0 853.1252456108531 1.0 1
138 0.25 nan 0.2 1.0 1.0 877.0344544508771 877.035521010877 877.5618683708776 855.3674213708554 879.1349008304518 877.3150597208773 -1.0 877.3150597208773 -1.0 1
139 nan 0.25 0.2 -1.0 1.0 881.6464265408816 881.6474597708817 881.9191326008819 879.8689043108799 883.484826823012 881.7993445808818 1.0 881.7993445808818 1.0 1
140 nan 0.125 0.2 -1.0 1.0 884.8629381908848 884.8641047408848 885.064551360885 883.969227570884 886.6345483293379 884.8913686808849 1.0 884.8913686808849 1.0 1
141 1.0 nan 0.2 1.0 1.0 890.7129864608908 890.7140530208907 892.4308813208925 887.0940483908871 894.0006054129686 890.972827140891 -1.0 892.1889721808922 1.0 4
142 nan 0.25 0.2 -1.0 1.0 895.4295147608955 895.4306479808954 895.8286081808958 894.5130064208945 897.401134814709 895.6369273508957 1.0 895.6369273508957 1.0 1
143 nan 0.25 0.2 -1.0 1.0 898.8960347408989 898.8969346508989 899.2625314208992 897.8723371208979 900.8294613523592 899.0782165208991 1.0 899.0782165208991 1.0 1
144 nan 1.0 0.2 -1.0 1.0 902.9345308509029 902.935630740903 903.2307678909033 901.2930616809012 904.7846957130629 903.1224120609031 1.0 903.1224120609031 1.0 1
145 0.125 nan 0.2 -1.0 -1.0 906.6125963409066 906.6135295809066 907.8788363709078 905.2618980909052 910.4344312529839 906.8408735109068 -1.0 907.2813961209073 1.0 2
146 nan 0.125 0.2 -1.0 1.0 914.6456596209147 914.6467595109146 915.0176557509151 910.9204321809109 916.5838810457929 914.8420066509149 1.0 914.8420066509149 1.0 1
147 0.125 nan 0.2 -1.0 -1.0 920.0789829009201 920.0800494609201 920.4113829909204 917.0870821209171 922.9675097215083 920.2387669209203 1.0 920.2387669209203 1.0 1
148 nan 0.25 0.2 -1.0 1.0 924.7788795309248 924.7799794209247 925.0462527909251 923.4750099309235 926.5957485268118 924.912932790925 1.0 924.912932790925 1.0 1
149 nan 0.125 0.2 -1.0 1.0 927.5342706309275 927.5353038609276 927.9199653909279 927.065150880927 929.4840746715789 927.6357604809276 1.0 927.8809692909279 1.0 2
150 nan 1.0 0.2 -1.0 1.0 931.9454961309319 931.946562690932 932.3172922809323 930.1343772609301 933.8790189917418 932.0802826509321 1.0 932.0802826509321 1.0 1
151 nan 1.0 0.2 -1.0 1.0 934.8841022409349 934.8852021309349 935.3084264709353 934.3530220209344 936.8672265217523 935.1098463309352 1.0 935.1098463309352 1.0 1
152 nan 0.125 0.2 -1.0 1.0 946.4288809809465 946.4297475609465 946.8077097609469 937.3349238009373 948.3669270194339 946.6155956409466 1.0 946.6155956409466 1.0 1
153 0.125 nan 0.2 -1.0 -1.0 950.3288242809504 950.3297241909503 950.7530485209508 948.936030240949 953.3119455529163 950.5546683609506 1.0 950.5546683609506 1.0 1
154 nan 0.125 0.2 -1.0 1.0 954.2835287709543 954.2843286909543 954.5712666609546 953.7879450009538 956.1286632392581 954.4736097609544 1.0 954.4736097609544 1.0 1
155 nan 0.25 0.2 -1.0 1.0 961.033887000961 961.0349535609611 961.3361234409614 956.5930644609566 962.9000150832701 961.1283108909612 1.0 961.1283108909612 1.0 1
156 nan 0.25 0.2 -1.0 1.0 964.011922500964 964.012922400964 964.3812189009644 963.4109159409634 965.9285476811104 964.1881715409642 1.0 964.1881715409642 1.0 1
157 nan 0.0 0.2 -1.0 1.0 967.7333169909678 967.7342169009678 968.1021467709681 966.4024500909665 969.6669748625039 967.9071329409679 1.0 967.9071329409679 1.0 1
158 nan 0.0625 0.2 -1.0 1.0 973.2949274409733 973.2958273509734 973.5589010409735 970.1412761709702 975.116626742477 973.3708865109734 1.0 973.3708865109734 1.0 1
159 nan 1.0 0.2 -1.0 1.0 976.1783057409762 976.1791389909762 976.4595109509764 975.6071295309756 978.0117425204267 976.3287240309763 1.0 976.3287240309763 1.0 1
160 nan 0.25 0.2 -1.0 1.0 979.8832685409799 979.8844350909799 980.3229579009803 978.4757426409785 981.8834549990997 980.05425144098 1.0 980.2245677409802 1.0 2
161 nan 0.125 0.2 -1.0 1.0 982.9448623509829 982.9457289309829 983.3269908009834 982.3684533309823 984.8782832269706 983.1653069709831 1.0 983.1653069709831 1.0 1
162 nan 0.0 0.2 -1.0 1.0 995.4834417009955 995.4842749509955 995.8354731609959 985.3680866709853 997.400089590558 995.6799553809957 1.0 995.6799553809957 1.0 1
163 0.25 nan 0.8 1.0 1.0 998.6611239009986 998.6622237909987 1000.1101123210001 997.975992420998 1001.6614070173587 998.971159560999 1.0 999.9698263509999 -1.0 5
164 0.125 nan 0.8 -1.0 -1.0 1005.5997633010056 1005.6008298610056 1005.983824891006 1002.1657067410022 1008.5281520595531 1005.7907775310058 1.0 1005.7907775310058 1.0 1
165 nan 0.0 0.8 -1.0 1.0 1009.6828882810097 1009.6837881910097 1010.01518838101 1009.041052471009 1011.5666827310354 1009.8743691310099 1.0 1009.8743691310099 1.0 1
166 0.0 nan 0.8 -1.0 -1.0 1012.7111520910128 1012.7120853310128 1013.2054359910132 1012.049384941012 1015.761227201582 1012.8652033510128 1.0 1013.1812717410132 1.0 2
167 0.125 nan 0.8 -1.0 -1.0 1017.6995532010177 1017.7003864510177 1018.0770487810181 1016.2590306010163 1020.6278447622796 1017.8513713510179 1.0 1017.8513713510179 1.0 1
168 0.25 nan 0.8 -1.0 -1.0 1021.7661131710217 1021.7670464110217 1022.008655581022 1021.1231441410212 1024.5662819859585 1021.8568041010219 1.0 1021.8568041010219 1.0 1
169 0.0625 nan 0.8 -1.0 -1.0 1027.3606869910275 1027.3616202310275 1027.6439253310277 1025.057883961025 1030.2110181511039 1027.5184045510275 1.0 1027.5184045510275 1.0 1
170 1.0 nan 0.8 1.0 1.0 1031.3995830610313 1031.4005829610314 1032.4090487710325 1030.7149182010307 1033.9775413332934 1031.7075855910318 -1.0 1032.135876091032 -1.0 3
171 0.25 nan 0.8 1.0 1.0 1034.949261391035 1034.950194631035 1036.7227840210367 1034.4712425310345 1038.299274434402 1035.1826047210352 -1.0 1036.5916971310367 -1.0 4
172 1.0 nan 0.8 1.0 1.0 1039.8110418310398 1039.8121417210398 1040.5395023110405 1038.7993763410389 1042.1161232973614 1040.03091984104 -1.0 1040.3879174710405 -1.0 2
173 nan 0.125 0.8 -1.0 1.0 1043.3272568410434 1043.3281234210433 1043.6747220910436 1042.6151280610427 1045.2486478634853 1043.4837078610435 1.0 1043.4837078610435 1.0 1
174 0.125 nan 0.8 1.0 1.0 1048.4940734410486 1048.4950733410485 1049.135875921049 1045.7482480510457 1050.6939691995642 1048.7115850210487 1.0 1048.886934151049 -1.0 2
175 0.25 nan 0.8 -1.0 -1.0 1057.6656895210576 1057.6666560910576 1058.3413219510583 1051.2031691710513 1060.9154710378584 1057.8610699810579 1.0 1057.8610699810579 1.0 1
176 nan 0.125 0.8 -1.0 1.0 1062.094013311062 1062.094946551062 1062.4507776310625 1061.4788748310616 1064.0155753772708 1062.3345892510624 1.0 1062.3345892510624 1.0 1
177 0.0 nan 0.8 1.0 1.0 1065.0273866110651 1065.028253191065 1065.6006959410656 1064.5078719010646 1067.1603906986952 1065.2553304810654 1.0 1065.2553304810654 1.0 1
178 0.0 nan 0.8 -1.0 -1.0 1068.2488311010682 1068.2498643310682 1068.5611998610686 1067.6423917510676 1071.1320251304646 1068.2376322210682 1.0 1068.5424684010686 1.0 2
179 0.0625 nan 0.8 -1.0 -1.0 1072.093646581072 1072.0945131610722 1072.5438348910725 1071.6283264510716 1075.110261394254 1072.2971928910722 1.0 1072.2971928910722 1.0 1
180 nan 0.0625 0.8 -1.0 1.0 1076.2488310210763 1076.2497975910762 1083.7472144410838 1075.5971628610755 1085.3099356424082 1078.091080111078 1.0 1083.6713553610837 1.0 2
181 0.25 nan 0.8 -1.0 -1.0 1086.4986392710864 1086.4997058310864 1088.931029341089 1085.8490375710858 1091.4936871496197 1086.6709887010866 1.0 1088.8219735810887 1.0 3
182 0.25 nan 0.8 1.0 1.0 1092.4985725510926 1092.4996391110926 1093.3037920210934 1091.996889391092 1094.8650169605028 1092.6044286310926 1.0 1092.6044286310926 1.0 1
183 0.0 nan 0.8 -1.0 -1.0 1096.010088031096 1096.010954611096 1096.6499573710967 1095.3631194010954 1099.2147491040373 1096.2574299610962 1.0 1096.4953728310966 1.0 2
184 0.25 nan 0.8 -1.0 -1.0 1100.4099813311004 1100.4109145711004 1108.2148341011082 1099.7162507110997 1110.7814216721858 1100.4927063911005 1.0 1108.124876431108 1.0 8
185 0.25 nan 0.8 -1.0 -1.0 1111.826439571112 1111.8274728011118 1113.031785691113 1111.3348220711114 1115.5983756950707 1112.119943551112 -1.0 1112.918497021113 1.0 4
186 nan 0.125 0.8 -1.0 1.0 1116.6430245311167 1116.6440910911167 1118.6051949611185 1116.1016786711161 1120.1647996278987 1116.8971991111168 1.0 1117.7853102911179 1.0 5
187 0.125 nan 0.8 -1.0 -1.0 1123.5597327911237 1123.5606993611236 1124.1376749911242 1120.889599831121 1126.6982336798583 1123.7243829911238 1.0 1124.106478111124 1.0 2
188 0.25 nan 0.8 -1.0 -1.0 1127.8096410911278 1127.810640991128 1129.87863417113 1127.2091344811272 1132.4428896393324 1128.6915528911286 1.0 1129.7853101711298 1.0 2
189 nan 0.0625 0.8 -1.0 1.0 1133.6981855111337 1133.6992520711337 1134.4880065211346 1132.957992871133 1136.047832114628 1134.0818804711341 1.0 1134.4535433011345 1.0 2
190 1.0 nan 0.8 -1.0 -1.0 1137.4762410011374 1137.4772075711376 1139.2035682511391 1136.5377348611366 1141.7592608194996 1137.7105175711376 -1.0 1139.1598059611392 1.0 5
191 nan 0.25 0.8 -1.0 1.0 1142.8477038011429 1142.8488370211428 1143.8663685911438 1142.2739611811423 1145.431092625799 1143.018720031143 1.0 1143.835438351144 1.0 4
192 1.0 nan 0.8 -1.0 -1.0 1150.1592059111501 1150.1601058211502 1150.4981053511506 1145.932395301146 1153.0645582187133 1150.3767841511503 1.0 1150.3767841511503 1.0 1
193 1.0 nan 0.8 1.0 1.0 1156.6092608411566 1156.6100274311566 1157.1400744211571 1153.6092608711535 1158.6975982120662 1156.8721678811569 -1.0 1156.8721678811569 -1.0 1
194 1.0 nan 0.8 -1.0 -1.0 1161.2423641511612 1161.2433307211613 1163.9226294311638 1159.2293988011593 1166.4759527640488 1161.3583192211613 1.0 1163.4667416911634 -1.0 8
195 nan 1.0 0.8 -1.0 1.0 1167.5303352911676 1167.5312685311676 1168.065448441168 1167.014453551167 1169.6259737195846 1167.7581791711677 1.0 1167.992355751168 1.0 2
196 1.0 nan 0.8 1.0 1.0 1170.6633552911708 1170.6642218711706 1180.1673381311803 1170.1418741111702 1181.725456913325 1170.9342948611709 -1.0 1180.03345152118 -1.0 11
197 0.25 nan 0.8 -1.0 -1.0 1182.963725131183 1182.964758361183 1183.5154366211834 1182.3028578911824 1186.08079307796 1183.1553726311831 1.0 1183.4946720311834 1.0 2
198 1.0 nan 0.8 1.0 1.0 1187.092412221187 1187.0933787911872 1197.901664521198 1186.5922955711867 1199.4585825257082 1187.5474333811876 1.0 1197.810740281198 -1.0 5
199 0.25 nan 0.8 -1.0 -1.0 1201.5972615912017 1201.5982281612016 1201.916896291202 1200.0463833612 1204.4807191132973 1201.7961083712019 1.0 1201.7961083712019 1.0 1
200 1.0 nan 0.8 -1.0 -1.0 1205.4753737412054 1205.4762069912056 1207.5138365412076 1205.002021081205 1210.0804581667717 1205.7022843812058 -1.0 1207.4570755512075 1.0 7
201 0.25 nan 0.8 -1.0 -1.0 1211.1751037112112 1211.176136941211 1214.0991112812142 1210.6137598512107 1216.6583326934528 1211.3298882312113 1.0 1211.932161331212 1.0 2
202 0.0625 nan 0.8 -1.0 -1.0 1217.9468931312178 1217.947726381218 1218.5470664412185 1217.1869358012173 1221.1138567965252 1218.2532958212182 1.0 1218.4813063512186 1.0 2
203 nan 0.125 0.8 -1.0 1.0 1226.5916619012266 1226.5926284712266 1226.884299301227 1221.6378573312215 1228.458316405838 1226.7829761012267 1.0 1226.7829761012267 1.0 1
204 0.0625 nan 0.8 -1.0 -1.0 1230.4800063612304 1230.4809396012306 1230.7856091312308 1229.019419101229 1233.341336528421 1230.5701306812307 1.0 1230.5701306812307 1.0 1
205 0.0625 nan 0.8 -1.0 -1.0 1237.0632479712372 1237.064214541237 1240.2058336812402 1233.857435251234 1242.7630185258702 1237.5950614512376 1.0 1240.11017658124 1.0 4
206 nan 1.0 0.8 -1.0 1.0 1243.957925101244 1243.958791681244 1244.3197222512442 1243.3257216612433 1245.891225826914 1244.1141094812442 1.0 1244.1141094812442 1.0 1
207 0.125 nan 0.8 -1.0 -1.0 1249.89659784125 1249.89739776125 1250.1244083912502 1246.6308244512466 1252.6961915171 1249.95459204125 1.0 1249.95459204125 1.0 1
208 1.0 nan 0.8 -1.0 -1.0 1255.841103331256 1255.842036571256 1256.1963678012562 1253.2530954912534 1258.7634257017298 1256.0849789412562 1.0 1256.0849789412562 1.0 1
209 0.0625 nan 0.8 -1.0 -1.0 1259.9245616112598 1259.92566150126 1260.2949912312604 1259.2878252912592 1262.862177274839 1260.1534387212603 1.0 1260.1534387212603 1.0 1
210 nan 1.0 0.2 -1.0 1.0 1267.7745432012678 1267.7759097312678 1268.1734033112682 1263.3916815312634 1269.7463231702125 1268.0510488812681 1.0 1268.0510488812681 1.0 1
211 nan 0.125 0.2 -1.0 1.0 1278.2243647812782 1278.2254980012783 1280.10417678128 1270.3040235612702 1281.674190960088 1279.4459426112794 1.0 1280.04474939128 1.0 2
212 nan 0.0625 0.2 -1.0 1.0 1286.6288909112866 1286.6296908312866 1287.025951201287 1282.2905914512824 1288.5907688519108 1286.8213716612868 1.0 1286.8213716612868 1.0 1
213 nan 0.125 0.2 -1.0 1.0 1289.6125925112897 1289.6136590712897 1289.97115665129 1289.1371733912893 1291.5407823498895 1289.8013069712897 1.0 1289.8013069712897 1.0 1
214 nan 0.0625 0.2 -1.0 1.0 1292.7293141412927 1292.7302807112928 1293.051481921293 1292.052481831292 1294.6238054837283 1292.895830821293 1.0 1292.895830821293 1.0 1
215 nan 0.125 0.2 -1.0 1.0 1295.6290241412955 1295.6299240512956 1296.3641172912965 1295.1377066112952 1297.9289380787552 1295.8191384612958 1.0 1295.981122261296 1.0 2
216 nan 0.125 0.2 -1.0 1.0 1299.9740562613 1299.9748895113 1301.090044651301 1298.4539416212986 1302.6573663000863 1300.1750028313002 1.0 1301.005353121301 1.0 5
217 nan 0.25 0.2 -1.0 1.0 1304.6957173813048 1304.6968506013047 1305.080278921305 1303.2082661413033 1306.6455996564036 1304.869500001305 1.0 1304.869500001305 1.0 1
218 nan 0.0625 0.2 -1.0 1.0 1308.1406728513082 1308.141839401308 1308.5776958113086 1307.177302531307 1310.145717776082 1308.3412861213083 1.0 1308.5558646613085 1.0 2
219 nan 1.0 0.2 -1.0 1.0 1311.4239111613115 1311.4251110413115 1311.7803421813119 1310.6870181913107 1313.340533791505 1311.5835618613116 1.0 1311.5835618613116 1.0 1
220 nan 0.125 0.2 -1.0 1.0 1314.5953273213147 1314.5963938813145 1315.9562578813159 1313.8575344413139 1317.5287790870632 1314.8338368013149 1.0 1315.5289006213156 1.0 4
221 nan 0.25 0.2 -1.0 1.0 1318.7238810913188 1318.7250143113188 1319.2345966813193 1318.048381981318 1320.7952896593454 1318.929760501319 1.0 1319.2136654413193 1.0 2
222 nan 1.0 0.2 -1.0 1.0 1321.7903744113219 1321.7913076513219 1322.105109601322 1321.3138887313214 1323.6791266098198 1321.954358011322 1.0 1321.954358011322 1.0 1
223 nan 0.125 0.2 -1.0 1.0 1324.7569777213248 1324.7579442913247 1325.052214861325 1324.2079326313242 1326.6069415850748 1324.917228361325 1.0 1324.917228361325 1.0 1
224 nan 0.0 0.2 -1.0 1.0 1327.7620105213277 1327.7629104313278 1328.1111422713282 1327.123141081327 1329.678765947496 1327.926060781328 1.0 1327.926060781328 1.0 1
225 0.0625 nan 0.2 -1.0 -1.0 1330.7071493113308 1330.7082158713308 1330.967223301331 1330.1934673513301 1333.5285809391585 1330.6870513213307 1.0 1330.868666491331 1.0 2
226 nan 0.0625 0.2 -1.0 1.0 1334.5566309913345 1334.5575309013345 1334.9257940713348 1334.058780781334 1336.4902142366525 1334.7979735213348 1.0 1334.7979735213348 1.0 1
227 nan 0.0 0.2 -1.0 1.0 1338.0619804213381 1338.062813671338 1338.4202112613384 1337.010018961337 1339.9901351210817 1338.2404625713382 1.0 1338.2404625713382 1.0 1
228 nan 0.125 0.2 -1.0 1.0 1343.5618303813435 1343.5627636213435 1343.912661961344 1340.5100355913405 1345.4733815011762 1343.7625436413439 1.0 1343.7625436413439 1.0 1
229 nan 1.0 0.2 -1.0 1.0 1346.6119920013466 1346.6130585613466 1346.974689061347 1346.032083331346 1348.5452145062773 1346.7602771713468 1.0 1346.7602771713468 1.0 1
230 nan 1.0 0.2 -1.0 1.0 1349.93982585135 1349.94069243135 1350.3357195913504 1349.3288202913493 1351.8899435662324 1350.09407709135 1.0 1350.09407709135 1.0 1
231 nan 0.0625 0.2 -1.0 1.0 1353.928026991354 1353.928993561354 1354.3088555713543 1352.4173447413525 1355.878348001152 1354.0967101213541 1.0 1354.0967101213541 1.0 1
232 0.0625 nan 0.2 -1.0 -1.0 1357.6564874413577 1357.6576206613577 1357.997619991358 1356.4139450413563 1360.55657602965 1357.8171047113578 1.0 1357.8171047113578 1.0 1
233 nan 0.125 0.2 -1.0 1.0 1361.6281902313617 1361.6292234613616 1362.0816115513621 1361.0970766813612 1363.6397013653618 1361.787207661362 1.0 1361.787207661362 1.0 1
234 nan 0.0 0.2 -1.0 1.0 1364.7448452013648 1364.7458784313649 1365.115008181365 1364.1571039813641 1366.6783313124254 1364.9191277713649 1.0 1364.9191277713649 1.0 1
235 nan 1.0 0.2 -1.0 1.0 1369.2062990113693 1369.2075322213693 1369.4047458313694 1367.1858344113673 1370.9782670177517 1369.2773919013694 1.0 1369.2773919013694 1.0 1
236 1.0 nan 0.2 1.0 1.0 1372.906395631373 1372.9074621913728 1373.5598969413736 1371.5141682013716 1375.1228846316792 1373.1133416013731 -1.0 1373.4572405413735 -1.0 3
237 nan 0.125 0.2 -1.0 1.0 1376.6279234413767 1376.6290566613766 1377.2586270313773 1375.6804848613756 1378.8228133276216 1376.6964165913766 1.0 1377.2156646613773 1.0 2
238 0.0625 nan 0.2 -1.0 -1.0 1381.3941801013814 1381.3950133513815 1382.000019511382 1379.3694159313793 1384.561071598623 1381.6395888913817 1.0 1381.885264321382 1.0 2
239 nan 1.0 0.2 -1.0 1.0 1385.822603881386 1385.8236371113858 1386.3768817813864 1385.108875261385 1387.939602030975 1386.008185321386 1.0 1386.008185321386 1.0 1
240 nan 0.125 0.2 -1.0 1.0 1389.111374971389 1389.112274881389 1389.5397987913896 1388.4802047613884 1391.1061208746805 1389.3294864913894 1.0 1389.3294864913894 1.0 1
241 nan 0.0625 0.2 -1.0 1.0 1392.8272700113928 1392.8282365813927 1393.2440283313933 1391.6432217613917 1394.8112497854393 1393.0436483713931 1.0 1393.0436483713931 1.0 1
242 nan 0.0 0.2 -1.0 1.0 1400.2727253914004 1400.2738586114003 1400.5402986314004 1395.3500510413953 1402.1059147548967 1400.4269099714004 1.0 1400.4269099714004 1.0 1
243 nan 0.0 0.2 1.0 -1.0 1411.2107314814111 1411.2116980514113 1411.9123613114118 1402.6897170014026 1414.4776051314402 1411.3368522014114 1.0 1411.7236468514118 -1.0 2
244 nan 0.0 0.2 -1.0 1.0 1415.7225469214156 1415.7236468114158 1417.6641194114177 1415.1140077814152 1419.227139085178 1415.943024871416 1.0 1417.5700621514177 1.0 5
245 nan 1.0 0.2 -1.0 1.0 1421.7057152114216 1421.7065817914217 1422.0983426114221 1419.7810410314198 1423.655664009545 1421.8933964414218 1.0 1421.8933964414218 1.0 1
246 nan 0.125 0.2 -1.0 1.0 1425.6603530414257 1425.6612196214257 1426.2464944214262 1424.2184639114241 1427.805782965329 1425.8815309214258 1.0 1426.1901333914261 1.0 2
247 0.125 nan 0.2 -1.0 -1.0 1431.6275229314317 1431.6284895014317 1432.019817031432 1428.3657824714285 1434.5723350175736 1431.832869061432 1.0 1431.832869061432 1.0 1
248 nan 0.0 0.2 -1.0 1.0 1435.7270129414358 1435.7281128314357 1436.1382384814362 1435.146237691435 1437.69365966146 1435.9307259014358 1.0 1435.9307259014358 1.0 1
249 0.125 nan 0.2 -1.0 -1.0 1438.7721084014388 1438.7730749714387 1439.7727416614398 1438.2482607914383 1442.3271956405556 1438.923193291439 1.0 1439.7123143714398 1.0 3
250 nan 0.0 0.2 -1.0 1.0 1443.5387650214436 1443.5396982614436 1444.002118681444 1442.8856970014428 1445.5552363037693 1443.7906065014438 1.0 1443.7906065014438 1.0 1
251 0.25 nan 0.2 1.0 1.0 1448.910594451449 1448.9116276814489 1450.4156772614504 1446.102541951446 1451.9721647856898 1449.0292159214491 1.0 1449.9502238114499 -1.0 4
252 nan 0.125 0.2 -1.0 1.0 1459.84366770146 1459.8445009514598 1460.1913329314602 1452.5400648014524 1461.743644883555 1460.0646456014601 1.0 1460.0646456014601 1.0 1
253 nan 0.25 0.2 -1.0 1.0 1464.7884065114647 1464.789506401465 1465.1026750814651 1462.3716482114623 1466.671893560676 1464.952656751465 1.0 1464.952656751465 1.0 1
254 0.25 nan 0.8 1.0 1.0 1472.4938025614724 1472.4947024714725 1473.6376215014736 1467.2263960214673 1475.1935381227956 1472.7326120114728 -1.0 1473.2730579614733 1.0 2
255 nan 0.0625 0.8 1.0 -1.0 1477.7213797514778 1477.7223129914778 1491.7361781314917 1475.8045381214758 1494.3099831823927 1491.1564027814911 1.0 1491.4039780214914 -1.0 2
256 0.125 nan 0.8 -1.0 -1.0 1495.6714179014957 1495.6724511314958 1514.5762605615146 1494.986386411495 1517.1430635997199 1496.2507932914962 -1.0 1514.5034011815146 1.0 6
257 0.125 nan 0.8 -1.0 -1.0 1519.7377443615198 1519.7385442815198 1520.0751772815202 1517.8530661815178 1522.6373979326333 1519.95798900152 1.0 1519.95798900152 1.0 1
258 0.0 nan 0.8 -1.0 -1.0 1523.943123781524 1523.9441570115239 1538.2313281515383 1523.1979983015233 1540.792136437112 1538.1024410415382 1.0 1538.1024410415382 1.0 1
259 0.125 nan 0.8 1.0 1.0 1542.6539858415426 1542.6549524115426 1543.3015544115433 1541.4505395315414 1544.8757713969962 1542.971820721543 1.0 1542.971820721543 1.0 1
260 1.0 nan 0.8 1.0 1.0 1546.9208591115469 1546.921892341547 1549.5905921115495 1545.4359742815454 1551.1593105696682 1547.2075971015472 -1.0 1549.5407304315495 -1.0 5
261 0.125 nan 0.8 -1.0 -1.0 1552.4705374215525 1552.4715039915525 1556.2064637915562 1551.7356109215518 1558.7707793390869 1552.6382206515527 1.0 1554.5321979015546 1.0 5
262 0.0625 nan 0.8 -1.0 -1.0 1559.8753302015598 1559.87643009156 1560.7737403515607 1559.3493828015594 1563.3421965121831 1560.1307713215601 -1.0 1560.3193857915603 1.0 2
263 0.0625 nan 0.8 -1.0 -1.0 1567.020315631567 1567.021348861567 1567.4803362915675 1563.893694991564 1570.0371531648855 1567.3039539315673 1.0 1567.3039539315673 1.0 1
264 1.0 nan 0.8 1.0 1.0 1571.0754100815711 1571.0763099915712 1572.8284680915729 1570.6120564215705 1574.3920871418145 1572.4513391415724 1.0 1572.7261116615728 -1.0 3
265 1.0 nan 0.8 1.0 1.0 1577.6700838815777 1577.6709171315777 1594.7835390315947 1574.948789371575 1596.33664334021 1577.9278581015778 -1.0 1594.5451628715946 -1.0 10
266 0.0625 nan 0.8 -1.0 -1.0 1598.6251215015986 1598.6260214115987 1620.7441427116207 1597.043346361597 1623.3082430403683 1609.2076964716093 1.0 1620.7107460516206 1.0 5
267 0.0625 nan 0.8 -1.0 -1.0 1624.5362634616245 1624.5374300116246 1642.2922210216423 1624.039646461624 1644.852824178306 1631.6036899816315 1.0 1642.2521250316422 1.0 5
268 1.0 nan 0.8 1.0 1.0 1646.0908744516462 1646.0918410216461 1646.5882247116467 1645.5544281016455 1648.1358479051437 1646.3248843816464 -1.0 1646.3248843816464 -1.0 1
269 0.0625 nan 0.8 -1.0 -1.0 1649.6410527316496 1649.6421526216498 1650.0878080516502 1648.6837484716486 1652.6528649180411 1649.8050363316497 1.0 1649.8050363316497 1.0 1
270 0.0625 nan 0.8 -1.0 -1.0 1653.907926001654 1653.908759251654 1654.3274507116544 1653.1970637616532 1656.8907012089928 1654.1620672516542 1.0 1654.1620672516542 1.0 1
271 0.125 nan 0.8 -1.0 -1.0 1658.035579861658 1658.036413111658 1658.3010533116583 1657.4547046216576 1660.8525405116716 1658.1444689716582 1.0 1658.1444689716582 1.0 1
272 0.25 nan 0.8 1.0 1.0 1661.9074926316619 1661.908359211662 1674.3669132316743 1661.4052428616615 1675.9237544875575 1662.3061527616624 -1.0 1674.2143618216742 -1.0 7
273 0.25 nan 0.8 1.0 1.0 1678.018848001678 1678.019881231678 1678.3761456016784 1676.5904575216766 1679.9406665427798 1678.2260272816782 -1.0 1678.2260272816782 -1.0 1
274 0.125 nan 0.8 -1.0 -1.0 1681.985451301682 1681.986484531682 1693.0366794016932 1680.5079657316805 1695.601988806528 1682.1771321316821 -1.0 1692.7724391616928 1.0 4
275 0.125 nan 0.8 -1.0 -1.0 1696.957353961697 1696.958320531697 1697.2846545616974 1696.2537909916962 1699.8573073652337 1697.1055391416971 1.0 1697.1055391416971 1.0 1
276 0.0625 nan 0.8 -1.0 -1.0 1701.018581131701 1701.019614361701 1701.5509278917016 1700.4205076117005 1704.123844011404 1701.2691894017014 1.0 1701.2691894017014 1.0 1
277 0.0 nan 0.8 -1.0 -1.0 1705.3851111017054 1705.3862776517053 1705.933222951706 1704.6901472717047 1708.501875408371 1705.810435231706 1.0 1705.810435231706 1.0 1
278 1.0 nan 0.8 1.0 1.0 1709.8734288917099 1709.87449545171 1719.3154512617193 1709.3803782017094 1720.884762926216 1718.057743711718 -1.0 1719.2545240217194 -1.0 5
279 nan 0.125 0.8 -1.0 1.0 1722.4404387317225 1722.4413719717224 1722.7232771117228 1721.5071654017215 1724.306693422984 1722.6233871017225 1.0 1722.6233871017225 1.0 1
280 1.0 nan 0.8 1.0 1.0 1728.984850891729 1728.985984111729 1731.3890437817315 1724.8726954817248 1732.9561572895468 1729.2273599717294 -1.0 1731.2574902717313 -1.0 6
281 0.25 nan 0.8 1.0 1.0 1735.0848075017352 1735.0859073917352 1742.6573501717426 1733.5722587717337 1744.2229625375548 1735.2435916217353 1.0 1742.5256300117426 1.0 8
282 0.25 nan 0.8 -1.0 -1.0 1745.784670741746 1745.7858039617458 1746.2284596917461 1744.838565361745 1748.8011786067057 1745.938088731746 1.0 1745.938088731746 1.0 1
283 1.0 nan 0.8 1.0 1.0 1749.93945522175 1749.94042179175 1752.1228035317522 1749.3871771217493 1753.6845199013903 1750.1799978317501 -1.0 1752.006415171752 -1.0 6
284 0.125 nan 0.8 -1.0 -1.0 1754.922990151755 1754.924023381755 1755.1183706117552 1754.2578233417544 1757.6895551531936 1754.980284421755 1.0 1754.980284421755 1.0 1
285 nan 0.25 0.8 -1.0 1.0 1759.0510106417591 1759.052010541759 1759.4162741117593 1758.2551569017583 1760.9898611852298 1759.2326591417593 1.0 1759.2326591417593 1.0 1
286 0.0625 nan 0.8 -1.0 -1.0 1766.0345122217661 1766.0355787817662 1766.5705919417667 1761.5605596617615 1769.1343364684285 1766.181897481766 1.0 1766.4684354917665 1.0 2
287 1.0 nan 0.8 1.0 1.0 1771.7223433817717 1771.7232099617718 1773.2792543417734 1769.7606395717698 1774.8509697419845 1772.007481531772 -1.0 1773.1146708017732 -1.0 4
288 nan 1.0 0.8 -1.0 1.0 1777.3390816517774 1777.3401482117774 1777.6616827217777 1775.4560699717754 1779.2396988113994 1777.5117643817775 1.0 1777.5117643817775 1.0 1
289 0.0625 nan 0.8 1.0 1.0 1780.3005854717803 1780.3014520517804 1780.909124611781 1779.8239998017798 1782.4675387595282 1780.4175071117804 1.0 1780.7573397917809 -1.0 2
290 0.0625 nan 0.8 -1.0 -1.0 1785.855229951786 1785.856063201786 1786.2030285017863 1783.040644771783 1788.7673773123897 1785.987483391786 1.0 1785.987483391786 1.0 1
291 0.125 nan 0.8 -1.0 -1.0 1789.88922651179 1789.8903930617898 1791.170998321791 1789.3691785217893 1793.7389151240334 1790.2736880617904 1.0 1791.1523001917913 1.0 5
292 0.0 nan 0.8 -1.0 -1.0 1794.933988651795 1794.934955221795 1795.3679452517954 1794.3212166017943 1797.9393593611715 1795.0866733817952 1.0 1795.0866733817952 1.0 1
293 0.25 nan 0.8 1.0 1.0 1800.2506569318002 1800.2515568418003 1801.5758577318015 1798.5254628017985 1803.1389760693612 1800.7537399518008 -1.0 1801.5555930918015 -1.0 3
294 0.0 nan 0.8 -1.0 -1.0 1804.7504402418049 1804.7515068018047 1806.6838468818066 1803.7421744118037 1809.25032882583 1804.869428341805 1.0 1805.5224630318055 1.0 3
295 0.0 nan 0.8 -1.0 -1.0 1811.071874701811 1811.0727746118112 1811.4624689718114 1809.8391313218099 1814.039152188577 1811.2453906818112 1.0 1811.2453906818112 1.0 1
296 0.125 nan 0.8 1.0 1.0 1815.1499001918153 1815.1507334418152 1828.4084742018285 1814.6346517218146 1829.9669816703981 1816.2193932318162 1.0 1828.3984752018284 -1.0 7
297 0.0625 nan 0.8 -1.0 -1.0 1831.1217361818312 1831.1229027318311 1831.4589024618315 1830.6410842518308 1834.0167182383827 1831.3282821918312 1.0 1831.3282821918312 1.0 1
298 0.0625 nan 0.8 1.0 1.0 1835.105037811835 1835.1058710618352 1842.3054843618422 1834.6097206818347 1843.8668950362903 1842.1631985918423 -1.0 1842.1631985918423 -1.0 1
299 1.0 nan 0.8 1.0 1.0 1846.105404331846 1846.1064375618462 1846.5072974718464 1844.5021980018446 1848.0711159066002 1846.3265488818463 -1.0 1846.3265488818463 -1.0 1
300 0.25 nan 0.8 1.0 1.0 1849.1998948518492 1849.200728101849 1849.6082206818496 1848.6614153718488 1851.1716368689547 1849.3324149318494 1.0 1849.3324149318494 1.0 1
301 0.125 nan 0.8 1.0 1.0 1852.2330248418523 1852.2340247418522 1852.6709477118527 1851.7449403218518 1854.2383654975308 1852.2897191718523 -1.0 1852.4168397918525 -1.0 2
302 nan 0.0625 0.8 1.0 -1.0 1855.4165064618555 1855.4173397118554 1855.8286652418558 1854.8036677518548 1858.3830833070817 1855.5161964918555 1.0 1855.5161964918555 1.0 1
303 0.125 nan 0.8 1.0 1.0 1860.1547992518601 1860.1556325018603 1860.947719951861 1858.978483561859 1862.5000332664536 1860.2534893818602 1.0 1860.5966550618607 -1.0 2
304 nan 0.0 0.8 -1.0 1.0 1863.5875892718636 1863.5885891718635 1865.6230523718657 1863.0880392318631 1867.1877698929359 1863.5386941618635 -1.0 1865.5184628318655 1.0 3
305 nan 0.0 0.8 -1.0 1.0 1868.866161361869 1868.8671945918688 1869.3512795118693 1867.7715708318678 1870.921495506867 1869.000181291869 1.0 1869.3031843218694 1.0 2
306 1.0 nan 0.8 -1.0 -1.0 1880.6661812418806 1880.6670811518807 1881.3443800818814 1871.5136965818715 1883.8995864894382 1880.8347977118808 1.0 1881.2533558518812 1.0 4
307 nan 0.0625 0.8 -1.0 1.0 1885.054742341885 1885.055675581885 1885.3568787918853 1884.5846893518847 1886.9211976963811 1885.1947616718853 1.0 1885.1947616718853 1.0 1
308 0.25 nan 0.8 -1.0 -1.0 1887.999081211888 1887.999981121888 1888.5069970818886 1887.5050972818876 1891.0548442445547 1888.1895954918882 1.0 1888.4374040418884 1.0 2
309 0.25 nan 0.8 -1.0 -1.0 1893.2992178118934 1893.3002510418933 1893.6412502718936 1891.6467497418917 1896.1826695722139 1893.4213056018934 1.0 1893.4213056018934 1.0 1
310 nan 1.0 0.8 -1.0 1.0 1897.3543789218975 1897.3555454718974 1897.7949681918979 1896.7778699118967 1899.3378876038362 1897.6063870518976 1.0 1897.6063870518976 1.0 1
311 nan 1.0 0.8 -1.0 1.0 1900.5160627219004 1900.5168626419006 1900.863394651901 1899.9299880019 1902.4158109635746 1900.6857457519006 1.0 1900.6857457519006 1.0 1
312 nan 0.0 0.8 -1.0 1.0 1905.1044038419052 1905.1054704019052 1905.806333641906 1903.003813921903 1907.3712473885541 1905.2247918019052 1.0 1905.5251617619056 -1.0 2
313 nan 1.0 0.2 -1.0 1.0 1909.3824759919094 1909.3834092319094 1909.6067868919097 1907.978249761908 1911.1874689924125 1909.4706338419096 1.0 1909.4706338419096 1.0 1
314 nan 0.25 0.2 -1.0 1.0 1913.8822593019138 1913.883359191914 1914.3278147419144 1911.7740701419118 1915.8874250729946 1914.000080851914 1.0 1914.2342241019142 1.0 2
315 nan 0.0625 0.2 -1.0 1.0 1924.8654942019248 1924.866594091925 1925.4712002919255 1916.4989309419166 1927.053705877623 1925.048975851925 1.0 1925.4532687519254 1.0 2
316 nan 0.125 0.2 -1.0 1.0 1931.5821224719316 1931.5831890319316 1931.9719501519319 1927.7322075019279 1933.5537599130773 1931.7908349319318 1.0 1931.7908349319318 1.0 1
317 0.125 nan 0.2 1.0 1.0 1934.6818124719348 1934.6828123719347 1935.1578648619352 1934.1737632819343 1936.736979220579 1935.070540261935 -1.0 1935.070540261935 -1.0 1
318 nan 0.0 0.2 -1.0 1.0 1939.1154357319392 1939.116435631939 1939.3470792319395 1937.3348804719374 1940.9202951340617 1939.2165589519393 1.0 1939.2165589519393 1.0 1
319 nan 0.125 0.2 -1.0 1.0 1943.4153057019435 1943.4164055919434 1943.7145091119437 1941.5199952519415 1945.286824041332 1943.5262612719434 1.0 1943.5262612719434 1.0 1
320 nan 0.0625 0.2 -1.0 1.0 1953.1986272719532 1953.1996271719531 1953.5523918919537 1945.8872251519458 1955.1153002186195 1953.3665438119533 1.0 1953.3665438119533 1.0 1
321 nan 0.125 0.2 -1.0 1.0 1957.4538350419575 1957.4549016019575 1957.7782359319579 1955.7803024119557 1959.3535454593032 1957.5732231019576 1.0 1957.5732231019576 1.0 1
322 nan 1.0 0.2 -1.0 1.0 1960.4484355519605 1960.4492021419605 1960.7532384019607 1959.96575049196 1962.336656307135 1960.5632907319605 1.0 1960.5632907319605 1.0 1
323 nan 1.0 0.2 -1.0 1.0 1963.814832211964 1963.8158321119638 1964.3534783419643 1962.930254011963 1965.936688919767 1963.912855741964 1.0 1964.3259810919644 1.0 3
324 nan 0.0625 0.2 -1.0 1.0 1967.3317471519674 1967.3328137119674 1969.1706965719693 1966.5352934719665 1970.7534401701284 1967.3709099019675 1.0 1968.025777741968 -1.0 3
325 0.25 nan 0.2 -1.0 -1.0 1971.964750471972 1971.965750371972 1972.2747528019722 1971.3675435319715 1974.852967791926 1972.1063363119722 1.0 1972.1063363119722 1.0 1
326 0.125 nan 0.2 -1.0 -1.0 1978.4481687319785 1978.4490019819784 1978.7150087119787 1975.4513684419755 1981.2814195264323 1978.5979870819785 1.0 1978.5979870819785 1.0 1
327 0.25 nan 0.2 1.0 1.0 1982.4700998319825 1982.4709664119825 1984.029210571984 1981.917421771982 1985.5979270889113 1982.8965905119828 -1.0 1983.4790655919835 1.0 2
328 0.0625 nan 0.2 -1.0 -1.0 1986.8698264819868 1986.8709263719868 1987.1769291019873 1986.2116256419863 1989.7480735228016 1987.058207641987 1.0 1987.058207641987 1.0 1
329 nan 0.0625 0.2 -1.0 1.0 1991.7861014719917 1991.7872013619917 1992.007479331992 1990.3523781919903 1993.586093509317 1991.902023211992 1.0 1991.902023211992 1.0 1
330 0.125 nan 0.2 1.0 1.0 1994.8147985719947 1994.8158318019948 1996.6047195619967 1994.1937940119942 1998.1690326688943 1994.957950921995 1.0 1996.4075726119963 1.0 6
331 0.0625 nan 0.2 -1.0 -1.0 2000.2310902220001 2000.2321234520002 2000.5194613820006 1998.7712362219988 2003.0811755826196 2000.3675432420005 1.0 2000.3675432420005 1.0 1
332 nan 0.0625 0.2 -1.0 1.0 2004.1697296520042 2004.170729552004 2028.9506513120289 2003.6891777120038 2030.5192779219058 2004.4437022520044 1.0 2028.820131032029 1.0 7
333 0.125 nan 0.2 1.0 1.0 2032.3641432620325 2032.3651098320324 2033.1551974820331 2031.3219808220313 2034.7190108832792 2032.6195843820326 -1.0 2032.6195843820326 -1.0 1
334 nan 0.0 0.2 -1.0 1.0 2035.930686572036 2035.931719802036 2036.1897939920361 2035.3352127920355 2037.7521132230888 2036.022310742036 1.0 2036.022310742036 1.0 1
335 nan 0.0 0.2 -1.0 1.0 2038.930653212039 2038.9316864420389 2039.5156280420395 2038.3545108320384 2041.0804412530933 2039.018977712039 1.0 2039.2259236820391 1.0 2
336 nan 0.0 0.2 -1.0 1.0 2042.6857443320428 2042.6866442420428 2044.816764542045 2041.6857443420417 2046.3803763468175 2042.819530952043 1.0 2043.927386822044 1.0 4
337 0.25 nan 0.2 -1.0 -1.0 2051.5187942720518 2051.5195608620515 2052.2208907220524 2047.022177312047 2054.785433740783 2051.6640130820515 1.0 2051.6640130820515 1.0 1
338 nan 0.125 0.2 -1.0 1.0 2056.030409732056 2056.031509622056 2056.6475480120566 2055.4317362720553 2058.2184602134316 2056.2879173120564 1.0 2056.623217112057 1.0 2
339 nan 0.25 0.2 -1.0 1.0 2059.81376469206 2059.81479792206 2060.14439829206 2058.830463032059 2061.71890834055 2059.99721301206 1.0 2059.99721301206 1.0 1
340 nan 0.0625 0.2 -1.0 1.0 2062.847028002063 2062.848127892063 2063.195193182063 2062.319114132062 2064.7637133845938 2062.968149222063 1.0 2062.968149222063 1.0 1
341 nan 0.0 0.2 -1.0 1.0 2074.8683257520747 2074.869325652075 2075.1103015520753 2065.3655094620653 2076.6635060194167 2074.8649594220747 1.0 2074.8649594220747 1.0 1
342 nan 0.0 0.2 -1.0 1.0 2085.6518472920857 2085.6528805220855 2086.173995072086 2077.3604098520773 2087.730199140782 2085.995412932086 1.0 2085.995412932086 1.0 1
343 nan 1.0 0.2 -1.0 1.0 2089.95131730209 2089.95215055209 2090.4434014220906 2088.4277030120884 2092.002016208106 2090.09573619209 1.0 2090.24012175209 1.0 2
344 nan 0.0625 0.2 -1.0 1.0 2093.8297960820937 2093.830795982094 2094.4334357120943 2092.6290161720926 2095.9966462263246 2093.961216272094 1.0 2094.4151375420943 1.0 3
345 nan 0.25 0.2 -1.0 1.0 2104.5683887821046 2104.5693553521046 2105.001412142105 2096.6287494920966 2106.5627188216154 2104.7803342521047 1.0 2104.7803342521047 1.0 1
346 nan 0.0625 0.2 -1.0 1.0 2113.4010720921133 2113.4019053421134 2113.7305724721136 2107.251720422107 2115.296380313961 2113.5952526721135 1.0 2113.5952526721135 1.0 1
347 nan 0.125 0.2 -1.0 1.0 2121.1845270021213 2121.1854935721212 2121.4461341721217 2115.967782062116 2123.001441344216 2121.351943592121 1.0 2121.351943592121 1.0 1
348 1.0 nan 0.2 1.0 1.0 2124.3461441421246 2124.3471440421245 2126.702375162127 2123.672844812124 2128.246186428585 2124.5797541121246 -1.0 2126.602285172127 -1.0 6
349 nan 0.125 0.2 -1.0 1.0 2130.1842269421304 2130.18506019213 2130.4794974121305 2128.887289982129 2132.029412516492 2130.3719081721306 1.0 2130.3719081721306 1.0 1
350 0.0625 nan 0.2 -1.0 -1.0 2133.3012152121332 2133.3020484621334 2133.8496936921338 2132.652813392133 2136.401440068863 2133.4812972021336 1.0 2133.8044648821337 1.0 2
351 nan 0.0625 0.2 -1.0 1.0 2137.4957623821374 2137.4966622921374 2138.043874232138 2137.030842212137 2139.5961826904627 2137.665245432138 1.0 2137.981380482138 1.0 2
352 nan 0.125 0.2 -1.0 1.0 2143.5173268321437 2143.5182600721437 2143.9000218921437 2140.21899003214 2145.4625323951373 2143.7193399621437 1.0 2143.7193399621437 1.0 1
353 nan 0.0625 0.2 -1.0 1.0 2146.800798452147 2146.8018983421466 2160.07103796216 2146.109534252146 2161.633639253932 2146.7383713621466 -1.0 2159.96258214216 1.0 5
354 0.25 nan 0.2 -1.0 -1.0 2163.2452871721634 2163.246387062163 2163.641714192164 2162.3628420921623 2166.1955614795834 2163.4110372621635 1.0 2163.4110372621635 1.0 1
355 nan 0.25 0.2 -1.0 1.0 2167.3506765921675 2167.3516764921674 2167.6722777621676 2166.8265623421667 2169.2287893709095 2167.5676215621675 1.0 2167.5676215621675 1.0 1
356 nan 0.0625 0.2 1.0 -1.0 2170.5337582521706 2170.5346248321707 2171.070304592171 2169.84509379217 2173.629017239912 2170.6796769921707 1.0 2170.894588832171 -1.0 2
357 nan 0.125 0.2 -1.0 1.0 2174.900854832175 2174.9019213921747 2175.5679547821755 2174.2610188221743 2177.1287632535805 2175.102767972175 1.0 2175.102767972175 1.0 1
358 nan 1.0 0.2 -1.0 1.0 2179.050239852179 2179.051206422179 2179.3522763121796 2177.7557693121776 2180.9173897441187 2179.185259682179 1.0 2179.185259682179 1.0 1
359 nan 0.125 0.2 -1.0 1.0 2182.2120236421824 2182.212856892182 2182.5102938121827 2181.5463902121814 2184.067106703941 2182.150863092182 -1.0 2182.150863092182 -1.0 1
360 nan 0.25 0.2 -1.0 1.0 2185.1953586121854 2185.196491832185 2185.5585222921854 2184.6982083321845 2187.1122338688856 2185.1485632921854 -1.0 2185.3226458821855 1.0 2
361 nan 0.0625 0.2 -1.0 1.0 2191.3166130921913 2191.3174130121915 2191.869057842192 2187.735137942188 2193.4284672219283 2191.4477999721917 1.0 2191.840160732192 1.0 3
362 nan 0.25 0.2 -1.0 1.0 2194.7500030521946 2194.751036282195 2195.083569692195 2194.0963684221942 2196.6450840549546 2194.9240856421948 1.0 2194.9240856421948 1.0 1
363 nan 0.125 0.2 -1.0 1.0 2197.7837663121977 2197.7846662221978 2198.0967016821983 2197.2719841621974 2199.6451131202575 2197.949116442198 1.0 2197.949116442198 1.0 1
364 0.25 nan 0.2 -1.0 -1.0 2206.166694602206 2206.167594512206 2206.4855960422065 2200.2650181622002 2209.050300934101 2206.3763069722063 1.0 2206.3763069722063 1.0 1
365 nan 0.0 0.2 -1.0 1.0 2210.4449667322106 2210.4461999422106 2210.7737005222107 2209.73730417221 2212.333913815174 2210.6481797422107 1.0 2210.6481797422107 1.0 1
366 nan 1.0 0.2 -1.0 1.0 2216.7115733422165 2216.7124732522166 2216.992245272217 2212.975013702213 2218.5497523036624 2216.8710573922167 1.0 2216.8710573922167 1.0 1
367 nan 0.0625 0.2 -1.0 1.0 2225.927984942226 2225.929051502226 2226.1921251922263 2219.2303547722195 2227.7446302199655 2226.066971042226 1.0 2226.066971042226 1.0 1
368 nan 0.25 0.2 -1.0 1.0 2229.183226052229 2229.1843259422294 2229.8634246922297 2228.4453331822283 2231.4162410997374 2229.4050372022293 1.0 2229.86325804223 1.0 2
369 1.0 nan 0.2 1.0 1.0 2233.3111132222334 2233.3119464722336 2236.095701402236 2232.0400403422323 2237.644598859285 2233.7776998922336 -1.0 2235.6762766822358 1.0 8
370 nan 0.125 0.2 -1.0 1.0 2239.4993610022393 2239.5005608822394 2239.8443265022397 2238.701007512239 2241.400037832219 2239.7129396422397 1.0 2239.7129396422397 1.0 1
371 nan 0.0 0.2 -1.0 1.0 2242.661378102243 2242.6625446522426 2243.367440822243 2242.030341212242 2244.9162540329485 2242.825328372243 1.0 2243.2740168322434 -1.0 3
372 nan 0.0625 0.2 -1.0 1.0 2249.4776630722495 2249.4784629922497 2249.83289421225 2245.5641544622454 2251.3779035860575 2249.67451005225 1.0 2249.67451005225 1.0 1
373 nan 1.0 0.2 -1.0 1.0 2252.6327808622527 2252.6337474322527 2252.989711832253 2252.0387069422522 2254.5442244307224 2252.7692005522526 1.0 2252.7692005522526 1.0 1
374 nan 0.125 0.2 -1.0 1.0 2255.7661341622556 2255.7670340722557 2256.3983376022566 2255.189525162255 2257.9443493429158 2255.937850322256 1.0 2256.2758165222563 1.0 2
375 nan 0.25 0.2 -1.0 1.0 2259.6824758222597 2259.6833424022598 2259.8770563622597 2258.5826524822587 2261.4277695379837 2259.6574449922596 1.0 2259.6574449922596 1.0 1
376 nan 1.0 0.2 -1.0 1.0 2266.699140752267 2266.7002739722666 2267.073203342267 2262.076369742262 2268.632741673033 2266.882589072267 1.0 2266.882589072267 1.0 1
377 nan 0.0625 0.2 -1.0 1.0 2269.84419288227 2269.8452261122698 2271.3371435722715 2269.3146458422693 2272.8990570763463 2269.99714425227 1.0 2271.127297892271 1.0 6
378 nan 0.125 0.2 -1.0 1.0 2274.010776182274 2274.011909402274 2274.6540785122747 2273.5502555722737 2276.193989070046 2274.1885584022743 1.0 2274.6522120322747 1.0 3
379 0.125 nan 0.2 -1.0 -1.0 2279.248918982279 2279.249818892279 2279.5614543922798 2276.837393492277 2282.110731483206 2279.4304341622797 1.0 2279.4304341622797 1.0 1
380 nan 0.0625 0.2 -1.0 1.0 2283.2657172622835 2283.2667504922833 2284.2587512822843 2282.7655339522826 2285.81566032049 2283.4851953122834 1.0 2284.2146890222843 1.0 2
381 nan 0.0625 0.2 -1.0 1.0 2288.094034382288 2288.095367582288 2288.3856718822885 2286.4692635422866 2289.9322840663854 2288.2659171922883 1.0 2288.2659171922883 1.0 1
382 nan 0.0625 0.2 -1.0 1.0 2291.0939010322913 2291.095334222291 2292.916818722293 2290.5934844122908 2294.465626677562 2291.4503320522913 1.0 2292.748402232293 -1.0 5
383 nan 1.0 0.2 -1.0 1.0 2298.193590992298 2298.194590892298 2298.4780292122987 2295.1327304422953 2300.032269636023 2298.344175932298 1.0 2298.344175932298 1.0 1
384 nan 0.125 0.2 -1.0 1.0 2301.2270209523012 2301.2278875323013 2301.7139722523016 2300.7088727723008 2303.265485543826 2301.3943042223013 1.0 2301.692341082302 1.0 2
385 nan 1.0 0.2 -1.0 1.0 2305.027040912305 2305.028174132305 2305.4234012723055 2303.919185042304 2306.965613066332 2305.2164553023053 1.0 2305.2164553023053 1.0 1
386 0.0625 nan 0.2 -1.0 -1.0 2308.1934909023084 2308.1944908023083 2309.4614640923096 2307.6152154023075 2312.0151412271666 2308.760034242309 1.0 2309.3396762723096 -1.0 4
387 0.0 nan 0.2 -1.0 -1.0 2313.1768591823134 2313.1777590923134 2313.6787423223136 2312.685041702313 2316.2317842678376 2313.344309102313 1.0 2313.5999168723138 1.0 2
388 nan 0.0625 0.2 -1.0 1.0 2317.4433991523174 2317.4443657223173 2317.780598762318 2316.882988532317 2319.3269087908593 2317.6245810323176 1.0 2317.6245810323176 1.0 1
389 nan 0.25 0.2 -1.0 1.0 2320.898486942321 2320.899353522321 2321.2222212323213 2319.98431170232 2322.76553192951 2321.045705552321 1.0 2321.045705552321 1.0 1
390 nan 1.0 0.2 -1.0 1.0 2325.710239052326 2325.711272282326 2325.999743432326 2323.4251342523235 2327.543353735301 2325.874689272326 1.0 2325.874689272326 1.0 1
391 nan 1.0 0.2 -1.0 1.0 2328.848591852329 2328.8495917523287 2329.175959112329 2328.2210546123283 2330.731770533732 2328.996077102329 1.0 2328.996077102329 1.0 1
392 nan 0.25 0.2 -1.0 1.0 2332.243219022332 2332.2442189223325 2332.571586182333 2331.3789721223316 2334.115196796425 2332.3651401623324 1.0 2332.3651401623324 1.0 1
393 nan 1.0 0.2 -1.0 1.0 2337.8933872823377 2337.894487172338 2338.2090223823384 2334.7761990323347 2339.7644588917906 2338.053337952338 1.0 2338.053337952338 1.0 1
394 nan 0.125 0.2 -1.0 1.0 2341.076335622341 2341.077502172341 2341.3825716623414 2340.4507648523404 2342.9264835051545 2341.251318122341 1.0 2341.251318122341 1.0 1
395 nan 0.125 0.2 -1.0 1.0 2344.064803412344 2344.065736652344 2344.4369661923442 2343.5855846723434 2345.9813095413133 2344.2298535723444 1.0 2344.2298535723444 1.0 1
396 nan 0.0625 0.2 -1.0 1.0 2352.8430255023527 2352.8439920723526 2354.091967262354 2346.6398125523465 2355.64306913514 2353.133163152353 1.0 2354.071735952354 1.0 3
397 nan 0.25 0.2 -1.0 1.0 2357.6144483123576 2357.6152815623577 2357.9071857023578 2356.3815716123563 2359.4430957141335 2357.7415022723576 1.0 2357.7415022723576 1.0 1
398 nan 0.125 0.2 -1.0 1.0 2360.748101582361 2360.7492348023607 2361.2867143823614 2360.11189854236 2362.8430219073343 2360.9063190923607 1.0 2361.131129942361 -1.0 2
399 nan 0.0625 0.2 -1.0 1.0 2367.014341562367 2367.015841412367 2368.1601603023682 2363.5122251423636 2369.7143651089145 2367.237985862367 1.0 2368.129263392368 1.0 3
400 nan 0.125 0.2 -1.0 1.0 2370.959447012371 2370.960480242371 2371.2843811823714 2370.4124683823707 2372.8426884742953 2371.1229639923713 1.0 2371.1229639923713 1.0 1
401 nan 0.125 0.2 -1.0 1.0 2374.097799812374 2374.098766382374 2374.5379891223747 2373.5119917323736 2376.0926276715154 2374.4300999123743 1.0 2374.4300999123743 1.0 1
402 nan 0.25 0.2 -1.0 1.0 2377.4644297823775 2377.4653963523774 2378.191423742378 2376.7633332323767 2379.7427389301934 2377.6397122523776 1.0 2378.034306122378 1.0 3
403 nan 0.0625 0.2 -1.0 1.0 2382.6479113823825 2382.6490112723827 2398.3751718323983 2380.3967365223803 2399.931198255065 2382.826793492383 1.0 2398.374938522398 1.0 6
404 nan 0.0 0.2 -1.0 1.0 2401.292246762401 2401.2931466724012 2402.017507562402 2400.731902802401 2403.575716319334 2401.4437649424017 1.0 2401.799029412402 -1.0 2
405 nan 0.0 0.2 -1.0 1.0 2405.914317842406 2405.915084432406 2406.3069452424065 2404.2555170724045 2407.8590506723485 2406.128096462406 1.0 2406.128096462406 1.0 1
406 0.0 nan 0.8 -1.0 -1.0 2409.030872822409 2409.031739402409 2409.3867039024094 2408.5455546924086 2411.942168503012 2409.215554352409 1.0 2409.215554352409 1.0 1
407 0.0625 nan 0.8 -1.0 -1.0 2413.613614502414 2413.6146810624136 2413.948347692414 2413.054970372413 2416.5140178649135 2413.798229372414 1.0 2413.798229372414 1.0 1
408 nan 0.25 0.8 -1.0 1.0 2417.908918262418 2417.909951492418 2418.782530892419 2417.1894235524173 2420.3470403456136 2418.157026782418 1.0 2418.730469432419 1.0 3
409 nan 0.125 0.8 -1.0 1.0 2422.4918599224225 2422.4928931524223 2423.2319525724233 2421.021640292421 2424.797189152337 2422.6980726324227 1.0 2423.039071862423 -1.0 2
410 1.0 nan 0.8 1.0 1.0 2426.7252032124265 2426.726203112427 2429.3534070324295 2425.4796944424256 2430.9134129122126 2426.991109952427 -1.0 2429.2446512424294 -1.0 8
411 nan 0.125 0.8 -1.0 1.0 2434.308444812434 2434.3094447124345 2434.811861132435 2431.6261130724315 2436.363463206713 2434.5163240224347 1.0 2434.5163240224347 1.0 1
412 0.0 nan 0.8 -1.0 -1.0 2438.6915397924386 2438.6924063724387 2476.8486237024767 2437.082667362437 2479.396165190765 2460.4983922224606 -1.0 2476.4062346124765 -1.0 7
413 1.0 nan 0.8 1.0 1.0 2480.974244432481 2480.975244332481 2486.3797371624864 2480.3938691424805 2487.9244403701323 2486.079900482486 -1.0 2486.189389532486 -1.0 2
414 0.0625 nan 0.8 -1.0 -1.0 2491.079633792491 2491.080467042491 2491.3214762724915 2488.6454439024888 2493.8794819469363 2491.2230861124913 1.0 2491.2230861124913 1.0 1
415 nan 0.125 0.8 -1.0 1.0 2495.191089272495 2495.1920891724953 2496.0818001924963 2494.5807836424947 2497.624507607021 2495.4756608124953 1.0 2496.006941012496 1.0 4
416 nan 0.25 0.8 -1.0 1.0 2498.812693742499 2498.813726972499 2499.053536322499 2498.311210562498 2500.612441055125 2498.9170499724987 1.0 2498.9170499724987 1.0 1
417 1.0 nan 0.8 1.0 1.0 2503.307544212503 2503.3086774325034 2504.180856872504 2501.2885461325013 2505.7242664881014 2503.5063909925034 -1.0 2504.056669292504 -1.0 2
418 0.25 nan 0.8 1.0 1.0 2507.1958886725074 2507.196955232507 2520.925582232521 2506.4205662125064 2522.4791101952383 2519.5851496225196 -1.0 2520.6291785425205 -1.0 4
419 0.25 nan 0.8 1.0 1.0 2524.107330692524 2524.1084639125243 2527.0948319125273 2523.2727141625232 2528.645439925746 2524.4347646125243 -1.0 2526.8925521425267 -1.0 6
420 0.125 nan 0.8 1.0 1.0 2529.92374899253 2529.92471556253 2538.9004179025387 2529.3480399025293 2540.4455197044836 2537.3207092225375 -1.0 2538.880486562539 -1.0 4
421 0.125 nan 0.8 -1.0 -1.0 2543.023872182543 2543.024905412543 2543.4085670425434 2541.193721882541 2545.961871565349 2543.2282850725433 1.0 2543.2282850725433 1.0 1
422 1.0 nan 0.8 1.0 1.0 2547.2737138225475 2547.274880372547 2549.2295848825493 2546.6581753825467 2550.773694801077 2547.6564422125475 -1.0 2549.219485892549 -1.0 3
423 0.125 nan 0.8 -1.0 -1.0 2552.078466632552 2552.079499862552 2561.964044642562 2551.4658945625515 2564.5117091017514 2561.156958692561 -1.0 2561.960944952562 1.0 4
424 0.125 nan 0.8 -1.0 -1.0 2565.8399570125657 2565.840990242566 2580.8751533425807 2565.2734136725653 2583.439945081864 2580.5699172025807 1.0 2580.8131928725807 1.0 2
425 0.0625 nan 0.8 1.0 1.0 2584.778362982585 2584.7794628725846 2592.218618882592 2584.2528488725843 2593.7730187183415 2591.942379842592 -1.0 2592.0633010825923 -1.0 2
426 0.25 nan 0.8 1.0 1.0 2595.078299552595 2595.079332782595 2596.643742992597 2594.5201220425947 2598.211745817043 2595.3056101525954 -1.0 2596.4487624925964 -1.0 7
427 1.0 nan 0.8 1.0 1.0 2599.3896350425994 2599.3906349425993 2601.3888684326016 2598.9264480325987 2602.961601158729 2599.6179455425995 -1.0 2601.318808772601 -1.0 5
428 nan 1.0 0.8 -1.0 1.0 2605.756264982606 2605.757231552606 2606.112596012606 2603.659608002604 2607.6726338046287 2605.899617312606 1.0 2605.899617312606 1.0 1
429 0.0625 nan 0.8 -1.0 -1.0 2609.7277344626095 2609.7288676826097 2610.5101895426105 2608.3903348826084 2613.0778600453477 2609.94881235261 1.0 2610.17572299261 -1.0 2
430 0.25 nan 0.8 1.0 1.0 2614.3891349426144 2614.3901348426143 2631.5571846326316 2613.7896615626137 2633.1061100252778 2631.126994322631 -1.0 2631.4691267726316 -1.0 2
431 0.125 nan 0.8 1.0 1.0 2636.227850852636 2636.2289174126363 2639.0736662426393 2633.9274142526338 2640.6391578465878 2636.4980571626365 1.0 2639.032137062639 -1.0 8
432 0.0625 nan 0.8 -1.0 -1.0 2642.927547482643 2642.928514052643 2643.900850142644 2641.4598609326413 2646.4556163345765 2643.109895912643 1.0 2643.889617932644 1.0 3
433 0.125 nan 0.8 1.0 1.0 2647.7438991326476 2647.7447990426476 2653.731366992654 2647.191421052647 2655.2888698240527 2653.5836151026538 -1.0 2653.5836151026538 -1.0 1
434 nan 0.25 0.8 -1.0 1.0 2656.6436424026565 2656.6447089626568 2657.3976003326575 2656.024570982656 2658.9604025273024 2656.828423922657 1.0 2656.828423922657 1.0 1
435 0.125 nan 0.8 -1.0 -1.0 2660.3888678426606 2660.3896677626603 2660.719334792661 2659.6585075526596 2663.2723412741066 2660.5251875426607 1.0 2660.5251875426607 1.0 1
436 0.25 nan 0.8 1.0 1.0 2664.4438623026645 2664.4449621926647 2671.081698452671 2663.959144112664 2672.6434981325065 2670.960943862671 -1.0 2670.960943862671 -1.0 1
437 nan 1.0 0.8 -1.0 1.0 2675.704936082676 2675.705835992676 2675.995040402676 2673.3931006226735 2677.543841600962 2675.864453462676 1.0 2675.864453462676 1.0 1
438 1.0 nan 0.8 1.0 1.0 2679.3218410226796 2679.3228075926795 2680.28804439268 2678.268146402678 2681.842781384654 2679.4433288726796 1.0 2680.1912874026802 -1.0 5
439 0.25 nan 0.8 1.0 1.0 2683.2383826626833 2683.239415892683 2684.840389112685 2682.5511847226826 2686.3885964968745 2683.666906472684 -1.0 2684.8071591026846 -1.0 5
440 0.125 nan 0.8 -1.0 -1.0 2687.693670422688 2687.6947036526876 2703.121860782703 2687.1014963126872 2705.6717509771133 2702.4350628027023 1.0 2703.0876975327033 1.0 3
441 0.0625 nan 0.8 1.0 1.0 2707.2100852527074 2707.211151812707 2719.144758332719 2706.5044558227064 2720.693153685896 2718.967442732719 -1.0 2718.967442732719 -1.0 1
442 0.0625 nan 0.8 -1.0 -1.0 2722.5378523227228 2722.5390188727224 2727.7662960927278 2721.4904570727217 2730.3266428186694 2727.2830444227275 1.0 2727.5813479227277 1.0 3
443 1.0 nan 0.8 1.0 1.0 2732.1542905827323 2732.1552238227323 2732.8240569327327 2731.5476512527316 2734.3711649306865 2732.4130313727323 -1.0 2732.5430183727326 -1.0 2
444 nan 0.0625 0.8 -1.0 1.0 2735.6595400227357 2735.6605399227356 2743.5362189427437 2735.080364612735 2745.087749539361 2742.1940865027423 1.0 2743.4951897127435 1.0 4
445 0.125 nan 0.8 1.0 1.0 2746.3594699227465 2746.3604031627465 2750.755563602751 2745.853253882746 2752.309498233068 2750.5374854127504 -1.0 2750.5374854127504 -1.0 1
446 nan 1.0 0.2 -1.0 1.0 2753.5541837127535 2753.5550169627536 2753.920013792754 2753.0473010727533 2755.475718711927 2753.7207003927538 1.0 2753.7207003927538 1.0 1
447 nan 0.25 0.2 -1.0 1.0 2756.7539637027567 2756.7549636027566 2757.4909233327576 2756.1908200227563 2759.0424312818327 2756.921813582757 1.0 2756.921813582757 1.0 1
448 0.125 nan 0.2 -1.0 -1.0 2760.2040853227604 2760.20558517276 2761.9433113827617 2759.74183155276 2764.487280432367 2760.5793811227604 1.0 2761.8522538227617 1.0 4
449 1.0 nan 0.2 1.0 1.0 2765.825556452766 2765.8265230227657 2774.738165102775 2765.212384442765 2776.2873641689807 2774.586413612775 -1.0 2774.586413612775 -1.0 1
450 nan 0.125 0.2 1.0 -1.0 2777.792059682778 2777.793059582778 2786.017303742786 2777.057266502777 2788.5702671853574 2784.3931661727843 -1.0 2785.910647742786 -1.0 5
451 nan 0.0625 0.2 1.0 -1.0 2789.95870956279 2789.95960947279 2800.6231430128005 2789.3466707727894 2803.1917685938133 2795.5977122727954 1.0 2800.4683584928007 -1.0 4
452 nan 0.25 0.2 -1.0 1.0 2804.953376612805 2804.954443172805 2805.3665686228055 2803.997872172804 2806.94150100291 2805.2188167328054 1.0 2805.2188167328054 1.0 1
453 nan 1.0 0.2 -1.0 1.0 2809.2699449128095 2809.271078132809 2809.5304188628097 2807.6634055828076 2811.091722657626 2809.4207964928096 1.0 2809.4207964928096 1.0 1
454 nan 0.125 0.2 -1.0 1.0 2813.5535498428135 2813.5546830628136 2814.094629062814 2811.813823832812 2815.653362368262 2813.756229572814 1.0 2813.756229572814 1.0 1
455 nan 0.125 0.2 -1.0 1.0 2817.808390982818 2817.809324222818 2818.3437707728185 2816.378967272816 2819.9033761136625 2817.996172202818 1.0 2818.2338817628183 1.0 2
456 nan 0.0 0.2 -1.0 1.0 2823.074597642823 2823.0755975428233 2823.4293288328236 2820.6293755228207 2824.986528114196 2823.2758108528233 1.0 2823.2758108528233 1.0 1
457 nan 0.0625 0.2 -1.0 1.0 2826.208417562826 2826.209550782826 2826.768128252827 2825.7165334228257 2828.336661298313 2826.346570412826 1.0 2826.7072676728267 1.0 2
458 nan 0.125 0.2 -1.0 1.0 2833.958075852834 2833.959142412834 2834.304207902834 2829.064965212829 2835.8747047780303 2834.092695722834 1.0 2834.092695722834 1.0 1
459 nan 1.0 0.2 -1.0 1.0 2838.6196429828387 2838.6207428728385 2838.961342142839 2836.6460070328367 2840.519642601027 2838.784426502839 -1.0 2838.784426502839 -1.0 1
460 nan 1.0 0.2 -1.0 1.0 2842.1250257428424 2842.126058972842 2842.4955553528425 2841.2468469028413 2844.0578606491813 2842.2849430828423 1.0 2842.2849430828423 1.0 1
461 0.0625 nan 0.2 -1.0 -1.0 2845.4025979528456 2845.4036978428453 2846.074697402846 2844.7781604028446 2848.6362971346834 2845.5656483128455 1.0 2845.960442162846 1.0 2
462 nan 0.0625 0.2 -1.0 1.0 2850.0578990428503 2850.05896560285 2850.782626562851 2849.3648016928496 2852.336324284589 2850.4405607728504 1.0 2850.665204972851 1.0 2
463 nan 0.25 0.2 -1.0 1.0 2854.4241623728544 2854.4252622628546 2854.7397308128548 2853.105227612853 2856.3029625928725 2854.5966117928547 1.0 2854.5966117928547 1.0 1
464 0.25 nan 0.2 1.0 1.0 2857.7744939728577 2857.775560532858 2871.3069739228713 2857.033068122857 2872.874465019557 2861.8089238228617 1.0 2871.166154672871 -1.0 2
465 nan 0.25 0.2 -1.0 1.0 2874.4691243428747 2874.4700575828747 2875.031301452875 2873.6996679628737 2876.590700614118 2874.844220162875 1.0 2874.844220162875 1.0 1
466 nan 0.125 0.2 -1.0 1.0 2877.902480972878 2877.903347552878 2878.4390273128784 2877.3159063028775 2880.00772757893 2878.118126072878 1.0 2878.4174961328786 1.0 2
467 nan 0.0625 0.2 -1.0 1.0 2881.252345952881 2881.253312522881 2881.5925452628817 2880.7372308028807 2883.157648706724 2881.4304281428813 1.0 2881.4304281428813 1.0 1
468 nan 0.0625 0.2 -1.0 1.0 2884.4690242528845 2884.4699574928845 2885.259478532885 2883.864751352884 2886.819179991466 2884.953809102885 1.0 2885.1613883428854 1.0 2
469 nan 0.125 0.2 -1.0 1.0 2888.2072503928885 2888.2082502928884 2888.5659811828887 2887.5335844328874 2890.1242152150576 2888.4456265528884 1.0 2888.4456265528884 1.0 1
470 nan 1.0 0.2 -1.0 1.0 2891.4689575228913 2891.4698574328913 2891.917312682892 2890.844819942891 2893.468920028061 2891.6442399928915 1.0 2891.6442399928915 1.0 1
471 nan 0.0625 0.2 -1.0 1.0 2894.773760342895 2894.774826902895 2895.3081402328953 2894.202317492894 2896.8738402646145 2894.907413642895 1.0 2895.2950748728954 1.0 3
472 nan 0.0625 0.2 -1.0 1.0 2898.2690774428984 2898.270144002898 2899.018369172899 2897.6041439428977 2900.5736690794865 2898.4189957828985 1.0 2898.8753501428987 1.0 3
473 0.125 nan 0.8 -1.0 -1.0 2902.052132432902 2902.053099002902 2902.4527590329026 2901.3146728529014 2905.0071232256764 2902.2713438429023 1.0 2902.2713438429023 1.0 1
474 0.0625 nan 0.8 -1.0 -1.0 2906.3521357229065 2906.3530356329065 2918.337270422918 2905.7351307629056 2920.885029827187 2917.901080712918 1.0 2918.176553162918 -1.0 2
475 0.0 nan 0.8 1.0 1.0 2922.3898984529224 2922.3908983529222 2922.7609613429227 2921.710033112922 2924.323461550015 2922.5427165029228 -1.0 2922.5427165029228 -1.0 1
476 0.125 nan 0.8 -1.0 -1.0 2925.7352305529257 2925.7361971229257 2931.560447972932 2925.051165632925 2934.118440433945 2931.4134960029314 1.0 2931.4134960029314 1.0 1
477 0.25 nan 0.8 1.0 1.0 2943.7233315629437 2943.7243314629436 2953.4095628429536 2934.924144902935 2954.956377739473 2952.7696601729526 1.0 2953.3569681029535 -1.0 3
478 nan 0.0625 0.8 1.0 -1.0 2956.351635272956 2956.352535182956 2962.138489862962 2955.886281812956 2964.6896536761865 2962.006936352962 -1.0 2962.006936352962 -1.0 1
479 0.0625 nan 0.8 1.0 1.0 2966.1846518729662 2966.1854517929664 2996.861983832997 2965.4690567729654 2998.417493869532 2967.6830020229677 1.0 2996.741495882997 -1.0 4
480 0.125 nan 0.8 1.0 1.0 3000.005902743 3000.006769323 3006.3268705830064 2999.3793987329996 3007.889267112665 3005.5421157330056 1.0 3006.0873945330063 -1.0 5
481 nan 1.0 0.8 -1.0 1.0 3009.150554853009 3009.151354773009 3009.4948870830094 3008.665070073009 3011.0554883893565 3009.3397026030093 1.0 3009.3397026030093 1.0 1
482 nan 0.0625 0.8 -1.0 1.0 3012.3838648230126 3012.3846647430123 3013.333003233013 3011.797390143012 3014.9056320197647 3012.5808784530127 1.0 3013.2767088630135 1.0 3
483 nan 0.125 0.8 -1.0 1.0 3016.167219783016 3016.168286343016 3016.892147283017 3015.6486383130155 3018.4558590272377 3016.3782320130163 1.0 3016.780058493017 1.0 3
484 0.0625 nan 0.8 1.0 1.0 3020.4006630630206 3020.4015629730206 3025.055197563025 3019.7107653930198 3026.6220966621772 3022.6165747830228 1.0 3024.825953823025 -1.0 3
485 0.0625 nan 0.8 1.0 1.0 3028.6670030130285 3028.6678029330287 3032.965239813033 3027.3849978930275 3034.5334675826093 3032.8593504030327 -1.0 3032.8593504030327 -1.0 1
486 1.0 nan 0.8 1.0 1.0 3036.571779123037 3036.5727456930367 3038.3950967730384 3035.3012728530352 3039.9500198724904 3038.030066613038 -1.0 3038.0948934630383 -1.0 2
