SWC_043 6f09ba7e-e3ce-44b0-932b-c003fb44fb89 hoferlab 2020-09-16 _iblrig_tasks_ephysChoiceWorld6.4.2 M 288 551
0 1.0 nan 0.5 1.0 1.0 1571.927224891572 1571.928124801572 1572.3195189915723 1571.4173092215715 1573.8719247234822 1572.1516357815722 -1.0 1572.1516357815722 -1.0 1
1 nan 0.125 0.5 -1.0 1.0 1574.959921591575 1574.960788171575 1575.5153660415756 1574.2606248615743 1577.0769680214241 1575.3671808615754 1.0 1575.3671808615754 1.0 1
2 0.25 nan 0.5 1.0 1.0 1578.4051437015785 1578.4060769415785 1578.7053803415788 1577.4594716115776 1580.255283593795 1578.5948580615786 -1.0 1578.5948580615786 -1.0 1
3 nan 1.0 0.5 -1.0 1.0 1581.1933981815812 1581.1943647515811 1586.2124295615863 1580.6775831015807 1587.7598340680681 1585.6491858915856 -1.0 1585.6491858915856 -1.0 1
4 0.0 nan 0.5 1.0 1.0 1593.938190241594 1593.939256801594 1594.1339040015941 1588.1595348315882 1595.6933026231663 1593.932457481594 -1.0 1593.932457481594 -1.0 1
5 nan 0.0 0.5 -1.0 1.0 1599.3212518815994 1599.3221851215994 1599.4482391815995 1596.1294044315962 1600.9932427901815 1599.2719901415992 -1.0 1599.2719901415992 -1.0 1
6 nan 1.0 0.5 -1.0 1.0 1604.2878885016044 1604.2888217416044 1604.5585614316046 1601.4014438416013 1606.1046969225577 1604.3070532516044 -1.0 1604.3070532516044 -1.0 1
7 nan 0.125 0.5 -1.0 1.0 1607.1430362916071 1607.1441028516072 1607.4536052316075 1606.5124993516065 1609.0099065876445 1607.3633475916074 1.0 1607.3633475916074 1.0 1
8 1.0 nan 0.5 1.0 1.0 1610.8547650816108 1610.8557316516108 1611.042912931611 1609.4506055116094 1612.6047485722472 1610.977619461611 -1.0 1610.977619461611 -1.0 1
9 nan 0.125 0.5 -1.0 1.0 1615.076376211615 1615.0773761116152 1615.4412397216154 1612.9895515816131 1617.0046768496547 1615.3074531016152 1.0 1615.3074531016152 1.0 1
10 nan 0.25 0.5 -1.0 1.0 1618.6431861616186 1618.6443193816187 1618.972486561619 1617.4001771416174 1620.5378898047456 1618.8568314616189 1.0 1618.8568314616189 1.0 1
11 0.0 nan 0.5 1.0 1.0 1621.876296151622 1621.877296051622 1623.6830154616237 1620.945989191621 1625.2542457062436 1623.5256978616235 -1.0 1623.5256978616235 -1.0 1
12 0.0 nan 0.5 1.0 1.0 1626.1596677716261 1626.160601011626 1627.0214482516271 1625.6798490916258 1628.5925521088907 1626.8423661616268 -1.0 1626.8423661616268 -1.0 1
13 1.0 nan 0.5 1.0 1.0 1631.2876882516314 1631.2885548316312 1631.4834686716315 1629.001250251629 1633.059302432846 1631.3907779416313 -1.0 1631.3907779416313 -1.0 1
14 nan 0.0 0.5 -1.0 1.0 1634.4709698916345 1634.4718364716346 1635.5387964316355 1633.4506052716335 1637.109531088093 1634.7429760216348 -1.0 1635.127270921635 1.0 3
15 0.125 nan 0.5 1.0 1.0 1638.887661511639 1638.8884947616389 1639.065443731639 1637.5187317516375 1640.6209498995772 1638.964320511639 -1.0 1638.964320511639 -1.0 1
16 0.25 nan 0.5 1.0 1.0 1642.2252277216423 1642.2261276316422 1642.4874681616425 1641.003649891641 1644.0543711122166 1642.3943774716424 -1.0 1642.3943774716424 -1.0 1
17 nan 0.125 0.5 -1.0 1.0 1644.975752641645 1644.976752541645 1645.3838784916454 1644.4526716216444 1646.9373837870423 1645.1305371616452 -1.0 1645.1305371616452 -1.0 1
18 1.0 nan 0.5 1.0 1.0 1654.5089658916545 1654.5099991216546 1654.7524415416547 1647.3344834116474 1656.3042714666792 1654.6621505716546 -1.0 1654.6621505716546 -1.0 1
19 nan 0.0625 0.5 -1.0 1.0 1657.8423991816578 1657.8432990916579 1657.999783441658 1656.7623738616567 1659.5420827502335 1657.872062881658 1.0 1657.872062881658 1.0 1
20 nan 0.25 0.5 -1.0 1.0 1661.0873079916612 1661.0882412316612 1661.3498150716614 1660.01478192166 1662.8872200288108 1661.2602240316612 1.0 1661.2602240316612 1.0 1
21 nan 0.25 0.5 -1.0 1.0 1668.108839101668 1668.1098390016682 1668.2844548716682 1663.2818218516634 1669.8203877536032 1668.198230161668 1.0 1668.198230161668 1.0 1
22 nan 0.125 0.5 -1.0 1.0 1670.7419757616708 1670.7428423416707 1671.3208845316713 1670.2652901016702 1672.8872939357013 1671.145135441671 1.0 1671.145135441671 1.0 1
23 nan 0.0 0.5 1.0 -1.0 1675.891627411676 1675.8927606316759 1676.137769461676 1673.2668899116734 1678.7089340089622 1676.006482591676 -1.0 1676.006482591676 -1.0 1
24 0.0625 nan 0.5 1.0 1.0 1679.80383615168 1679.80473606168 1680.09454041168 1679.1449353816793 1681.6584750404224 1680.01154871168 -1.0 1680.01154871168 -1.0 1
25 0.25 nan 0.5 1.0 1.0 1683.6203877916837 1683.6213543616836 1683.931190041684 1682.043678811682 1685.487087061579 1683.7133118316838 1.0 1683.7133118316838 1.0 1
26 nan 0.0625 0.5 1.0 -1.0 1687.8250006216879 1687.8259671916878 1687.974652321688 1685.971985941686 1690.5369190180227 1687.880295091688 -1.0 1687.880295091688 -1.0 1
27 nan 0.0625 0.5 -1.0 1.0 1692.775138891693 1692.7762721116928 1693.1744656216931 1690.964919931691 1694.7370648924705 1693.0188811816931 1.0 1693.0188811816931 1.0 1
28 nan 1.0 0.5 -1.0 1.0 1696.6419521716966 1696.6429187416966 1696.946088421697 1695.154067641695 1698.5084924845257 1696.827233641697 1.0 1696.827233641697 1.0 1
29 0.25 nan 0.5 1.0 1.0 1701.936689311702 1701.937522561702 1702.2496246817022 1698.898693141699 1703.8034259916058 1702.1203042817021 -1.0 1702.1203042817021 -1.0 1
30 nan 0.0625 0.5 -1.0 1.0 1706.1751654217062 1706.1761319917061 1706.4735689117065 1704.2295266717042 1708.0366688361878 1706.3420820617064 1.0 1706.3420820617064 1.0 1
31 nan 0.0625 0.5 1.0 -1.0 1709.041778731709 1709.042778631709 1713.5960565917137 1708.4504712017085 1716.1532205763954 1713.4358392817135 -1.0 1713.4358392817135 -1.0 1
32 nan 1.0 0.5 -1.0 1.0 1720.4415386417204 1720.4426718617206 1720.8118682717209 1716.6142214117167 1722.3698664022008 1720.7077120217207 1.0 1720.7077120217207 1.0 1
33 nan 1.0 0.5 -1.0 1.0 1725.2913202817253 1725.2923201817252 1725.6601167317256 1722.816967741723 1727.2032177898175 1725.5680259417256 1.0 1725.5680259417256 1.0 1
34 1.0 nan 0.5 1.0 1.0 1728.6579169217287 1728.6589168217288 1729.2104283317292 1727.6233203917277 1730.7582342105002 1728.849897721729 -1.0 1729.102805761729 -1.0 2
35 nan 0.25 0.5 -1.0 1.0 1731.7030123817317 1731.7039122917317 1731.994449901732 1731.156433711731 1733.5415565385813 1731.8795613917318 1.0 1731.8795613917318 1.0 1
36 nan 0.125 0.5 1.0 -1.0 1734.3696123617344 1734.3705456017344 1734.5108649017345 1733.915257801734 1737.0580015086234 1734.3204172817343 -1.0 1734.3204172817343 -1.0 1
37 0.0 nan 0.5 -1.0 -1.0 1739.4696689717396 1739.4705022217395 1739.8971595517398 1737.4463046617375 1742.4362308536397 1739.7730386317398 1.0 1739.7730386317398 1.0 1
38 0.0625 nan 0.5 1.0 1.0 1748.2581233717483 1748.2590899417482 1748.6062885517485 1742.8504308617428 1750.1577804530882 1748.4823009517486 -1.0 1748.4823009517486 -1.0 1
39 0.25 nan 0.5 1.0 1.0 1753.4360055317534 1753.4370387617535 1753.7299094717537 1750.6734818117507 1755.269344308921 1753.5957562217536 -1.0 1753.5957562217536 -1.0 1
40 0.0625 nan 0.5 1.0 1.0 1756.4241066917564 1756.4250066017564 1756.7130444617567 1755.6805477217556 1758.2579515998516 1756.6261198217567 -1.0 1756.6261198217567 -1.0 1
41 nan 0.125 0.5 -1.0 1.0 1759.3858438217594 1759.3869770417593 1759.6308526517596 1758.6585498917586 1761.1910865967063 1759.3749449117595 1.0 1759.3749449117595 1.0 1
42 0.0625 nan 0.5 1.0 1.0 1762.3024854617622 1762.3036186817624 1766.5239299417665 1761.5898900617617 1768.0692324148463 1764.965452471765 -1.0 1766.5070649617664 -1.0 2
43 0.0 nan 0.5 -1.0 -1.0 1770.1739649017702 1770.1748648117702 1770.3645458417705 1768.4926330517685 1772.902750774078 1770.2162940017702 1.0 1770.2162940017702 1.0 1
44 1.0 nan 0.5 1.0 1.0 1773.907391521774 1773.9084914117739 1774.004481811774 1773.3200502617733 1775.5521835417453 1773.881027491774 -1.0 1773.881027491774 -1.0 1
45 1.0 nan 0.5 1.0 1.0 1777.2071948417772 1777.2081614117772 1777.4268062117774 1775.951087131776 1778.9691111317877 1777.3414480817773 -1.0 1777.3414480817773 -1.0 1
46 0.25 nan 0.5 1.0 1.0 1780.3071181517803 1780.3081180517804 1780.5560265917807 1779.3683120417793 1782.107323117735 1780.4613360617805 -1.0 1780.4613360617805 -1.0 1
47 nan 0.0 0.5 1.0 -1.0 1786.3523135717865 1786.3533801317865 1787.3673787217874 1782.5944227317825 1789.9356070134809 1787.032745521787 1.0 1787.032745521787 1.0 1
48 nan 1.0 0.5 -1.0 1.0 1792.2241929917923 1792.2249929117922 1792.5027984617925 1790.3869100717905 1794.0572338122277 1792.3758778217923 1.0 1792.3758778217923 1.0 1
49 0.0625 nan 0.5 -1.0 -1.0 1795.035478501795 1795.036645051795 1795.4559697817954 1794.4775343017945 1798.0074726782734 1795.3210832717953 1.0 1795.3210832717953 1.0 1
50 0.125 nan 0.5 1.0 1.0 1802.2355250918022 1802.2366249818022 1802.7110775318026 1798.4056747817983 1804.2737114146225 1802.6332186518027 -1.0 1802.6332186518027 -1.0 1
51 0.0625 nan 0.5 1.0 1.0 1805.1853634118052 1805.1862299918052 1805.6296189818056 1804.7002119318047 1807.190223008416 1805.5290623718056 -1.0 1805.5290623718056 -1.0 1
52 0.125 nan 0.5 1.0 1.0 1808.8350984018089 1808.836164961809 1809.0411444618092 1807.5944224818077 1810.6020465855233 1808.883893521809 -1.0 1808.883893521809 -1.0 1
53 nan 0.25 0.5 -1.0 1.0 1813.7902695018138 1813.7911360818139 1814.1666651918142 1811.009747581811 1815.7184993879569 1814.023479511814 1.0 1814.023479511814 1.0 1
54 0.125 nan 0.5 1.0 1.0 1816.6570827918167 1816.6581160218166 1817.2938191118174 1816.1339017818161 1818.8570135482898 1817.029945501817 -1.0 1817.029945501817 -1.0 1
55 nan 0.0625 0.5 -1.0 1.0 1820.9184232818209 1820.919423181821 1821.3381479718214 1819.3515133218193 1822.9065475448451 1821.2096608218212 1.0 1821.2096608218212 1.0 1
56 0.125 nan 0.5 1.0 1.0 1823.868194941824 1823.8690615218238 1823.9288555418239 1823.3243493318234 1825.4905601677717 1823.8367314218237 -1.0 1823.8367314218237 -1.0 1
57 0.25 nan 0.5 1.0 1.0 1826.4351048918265 1826.4361047918264 1826.6896794318268 1825.8862597818259 1828.2566819302883 1826.5962554418265 -1.0 1826.5962554418265 -1.0 1
58 0.125 nan 0.5 1.0 1.0 1829.3182832118293 1829.3193164418294 1829.5755908118297 1828.6509832818288 1831.135023745519 1829.4804669918294 -1.0 1829.4804669918294 -1.0 1
59 nan 0.0625 0.5 1.0 -1.0 1836.7566393018367 1836.7576058718369 1837.8929256618378 1831.5371279718315 1840.4515861725674 1837.6876461918378 -1.0 1837.6876461918378 -1.0 1
60 1.0 nan 0.5 1.0 1.0 1842.2233592418422 1842.2242258218423 1842.4614021018424 1840.943187271841 1844.0183046116904 1842.3646117818423 -1.0 1842.3646117818423 -1.0 1
61 0.0625 nan 0.5 1.0 1.0 1845.089772571845 1845.090872461845 1845.3284153718453 1844.4353046918445 1846.889919612165 1845.183029911845 -1.0 1845.183029911845 -1.0 1
62 nan 0.0 0.5 1.0 -1.0 1847.7682380318479 1847.7691712718479 1848.6341514318487 1847.2850196918473 1851.1848547265774 1848.5223626118486 -1.0 1848.5223626118486 -1.0 1
63 1.0 nan 0.5 1.0 1.0 1852.3399808118525 1852.3411140318524 1852.6429838418526 1851.5868561318516 1854.2015763856718 1852.5005647518526 -1.0 1852.5005647518526 -1.0 1
64 0.0625 nan 0.5 1.0 1.0 1855.1729641518552 1855.1737640718552 1855.8176996718557 1854.7023778818548 1857.367801635828 1855.1264021418551 1.0 1855.7468400918558 -1.0 2
65 0.0625 nan 0.5 1.0 1.0 1865.089505731865 1865.0903389818652 1865.5996880418656 1857.7839030318578 1867.1562804158757 1865.5177629018656 -1.0 1865.5177629018656 -1.0 1
66 nan 0.0625 0.5 -1.0 1.0 1868.4513028518684 1868.4523027518685 1869.0520094418691 1867.6555824318677 1870.606410614488 1868.807033941869 1.0 1868.8839262518688 1.0 2
67 nan 0.25 0.5 -1.0 1.0 1871.6511495018717 1871.6522827218716 1872.000814531872 1871.023112311871 1873.556247471169 1871.875227091872 1.0 1871.875227091872 1.0 1
68 nan 0.25 0.5 -1.0 1.0 1875.2677211418752 1875.2685877218753 1875.6032542518756 1873.970350891874 1877.156258822348 1875.4819663818755 1.0 1875.4819663818755 1.0 1
69 0.125 nan 0.5 1.0 1.0 1878.1176027918782 1878.1185693618781 1878.4030742418784 1877.5696575918776 1879.955978700855 1878.3118167018783 -1.0 1878.3118167018783 -1.0 1
70 nan 0.125 0.5 -1.0 1.0 1881.001047751881 1881.001881001881 1881.4285050018814 1880.3469798318804 1882.984507442913 1881.2529225618812 1.0 1881.2529225618812 1.0 1
71 nan 0.25 0.5 -1.0 1.0 1883.9057572518839 1883.9068571418838 1884.8560288818849 1883.3850093318833 1886.4178302435084 1884.3431801718843 1.0 1884.7698041718847 1.0 2
72 nan 0.25 0.5 -1.0 1.0 1889.6723472018896 1889.6734470918898 1890.1452665718903 1886.8361308518868 1891.7010664269942 1889.87676009189 1.0 1889.87676009189 1.0 1
73 0.25 nan 0.5 1.0 1.0 1895.8891587918959 1895.890058701896 1896.126101761896 1892.1364674318922 1897.6842019950611 1895.950752631896 1.0 1895.950752631896 1.0 1
74 nan 0.125 0.5 -1.0 1.0 1898.6560154118986 1898.6570486418987 1899.072640411899 1898.1181025418982 1900.634239540312 1898.7459064218988 -1.0 1898.897524591899 1.0 2
75 0.25 nan 0.5 1.0 1.0 1904.0557753819041 1904.0566752919042 1904.2509558619042 1901.044143241901 1905.8058870566101 1904.1556653919042 -1.0 1904.1556653919042 -1.0 1
76 nan 0.125 0.5 -1.0 1.0 1906.917422521907 1906.918622401907 1907.5118964019075 1906.2528889819064 1909.0725018496003 1907.3689440319074 1.0 1907.3689440319074 1.0 1
77 nan 1.0 0.5 1.0 -1.0 1910.00051418191 1910.0016140719101 1910.0896052719102 1909.4732002519095 1912.6341394280842 1909.97678322191 -1.0 1909.97678322191 -1.0 1
78 0.125 nan 0.5 1.0 1.0 1914.905423641915 1914.9062235619149 1915.2839524519154 1913.051942341913 1916.8338565878182 1915.1417333419151 -1.0 1915.1417333419151 -1.0 1
79 nan 1.0 0.5 -1.0 1.0 1917.7554719419177 1917.7565385019177 1917.917355751918 1917.2489559319172 1919.4721882708989 1917.7834024819178 1.0 1917.7834024819178 1.0 1
80 0.25 nan 0.5 1.0 1.0 1920.5172624019206 1920.5181623119206 1920.848295961921 1919.8884919519198 1922.4005999892686 1920.7270414219208 -1.0 1920.7270414219208 -1.0 1
81 nan 0.0625 0.5 1.0 -1.0 1923.3048836119233 1923.3058168519233 1925.2801194019253 1922.817798991923 1927.8383513691383 1923.5716236019236 1.0 1925.1342339919252 -1.0 3
82 nan 1.0 0.5 -1.0 1.0 1929.4834990219294 1929.4844322619294 1929.7743699319299 1928.2701537019284 1931.3337712148405 1929.6741132919296 1.0 1929.6741132919296 1.0 1
83 nan 1.0 0.5 -1.0 1.0 1932.3888751219324 1932.3897750319325 1932.852795391933 1931.7597713719317 1934.4004869853463 1932.6635809819327 1.0 1932.6635809819327 1.0 1
84 0.125 nan 0.5 1.0 1.0 1935.4887651019355 1935.4896983419355 1935.7480058419358 1934.9293877119349 1937.304908621462 1935.6618144619356 -1.0 1935.6618144619356 -1.0 1
85 nan 0.0625 0.5 -1.0 1.0 1939.8001005919398 1939.8010005019398 1940.2455560419403 1937.7188087419377 1941.8003533620265 1940.0612411419402 1.0 1940.0612411419402 1.0 1
86 0.125 nan 0.5 1.0 1.0 1944.4715334019445 1944.4725999619445 1944.7006771519448 1942.2456560119422 1946.2553773605553 1944.6050533819446 -1.0 1944.6050533819446 -1.0 1
87 1.0 nan 0.5 1.0 1.0 1947.1501321819471 1947.151265401947 1947.3094829119473 1946.6970774919466 1948.8669154164372 1947.2175587719473 -1.0 1947.2175587719473 -1.0 1
88 nan 0.25 0.5 1.0 -1.0 1950.3220482919503 1950.3228815419504 1950.8662272019508 1949.2707201019493 1953.416928911739 1950.4221049519504 -1.0 1950.5349936619505 1.0 2
89 0.0625 nan 0.5 1.0 1.0 1954.7551716019548 1954.7561715019547 1954.924854631955 1953.861527641954 1956.4881556736643 1954.819698481955 -1.0 1954.819698481955 -1.0 1
90 0.25 nan 0.2 1.0 1.0 1957.5334937419575 1957.5344936419576 1957.929087511958 1956.904556641957 1959.4832878109262 1957.8138990319578 -1.0 1957.8138990319578 -1.0 1
91 nan 0.0625 0.2 1.0 -1.0 1960.5049965619605 1960.5061631119606 1961.025444511961 1959.89889051196 1963.5665134402902 1960.7752695319607 1.0 1960.7752695319607 1.0 1
92 nan 0.0 0.2 1.0 -1.0 1965.5045632219656 1965.5053964719655 1965.8923911019658 1963.997913901964 1968.4332572544765 1965.7813022119658 -1.0 1965.7813022119658 -1.0 1
93 nan 1.0 0.2 -1.0 1.0 1969.3881081619695 1969.3890414019695 1969.7144755219697 1968.8759593819689 1971.271178373283 1969.5767226319697 1.0 1969.5767226319697 1.0 1
94 nan 1.0 0.2 -1.0 1.0 1972.2166586119722 1972.2176585119723 1972.5766892719726 1971.6769792519717 1974.138007814729 1972.3339802119724 -1.0 1972.3339802119724 -1.0 1
95 nan 0.0625 0.2 -1.0 1.0 1975.8498952519758 1975.8509618119758 1976.2673201719763 1974.6853117219748 1977.8212230130828 1976.147665471976 1.0 1976.147665471976 1.0 1
96 nan 0.125 0.2 -1.0 1.0 1979.8164985519797 1979.8175984419797 1980.3575444419803 1978.2461222719783 1981.9048467031068 1980.06357384198 1.0 1980.3449123719804 1.0 2
97 nan 1.0 0.2 -1.0 1.0 1982.883158521983 1982.884225081983 1983.1860615619833 1982.3287473019823 1984.7329647221743 1983.0418759819831 1.0 1983.0418759819831 1.0 1
98 nan 1.0 0.2 -1.0 1.0 1985.7043763719857 1985.7055429219856 1986.0867048019861 1985.1476653819852 1987.633104225908 1985.936086531986 1.0 1985.936086531986 1.0 1
99 nan 0.25 0.2 -1.0 1.0 1988.5546913119886 1988.5555578919887 1988.921021341989 1988.050408411988 1990.4662246361343 1988.7379729819888 1.0 1988.7379729819888 1.0 1
100 nan 0.0 0.2 1.0 -1.0 1991.7715362619917 1991.7725028319917 1992.1954938619922 1990.8833250919909 1994.737960298582 1992.113635381992 -1.0 1992.113635381992 -1.0 1
101 nan 1.0 0.2 -1.0 1.0 1995.866093431996 1995.8671266619958 1996.881658531997 1995.1794621019951 1998.437991307674 1996.7144085919967 1.0 1996.7144085919967 1.0 1
102 nan 0.125 0.2 -1.0 1.0 2000.8327967120008 2000.8337299520008 2002.6930106720026 1998.8708929219988 2004.2374416857751 2002.4789987420024 1.0 2002.4789987420024 1.0 1
103 nan 0.125 0.2 -1.0 1.0 2012.8326299420128 2012.833629842013 2013.3112820720132 2004.6960436820048 2014.8660003615512 2013.068706332013 1.0 2013.2639868020133 1.0 2
104 nan 0.0 0.2 -1.0 1.0 2017.887591062018 2017.8885909620178 2018.7038427620187 2015.4501015020155 2020.2660380242887 2018.4822982520186 1.0 2018.6302834520186 1.0 2
105 nan 0.25 0.2 -1.0 1.0 2023.070439392023 2023.0715392820232 2023.2454885520233 2020.7372394020208 2024.7990719686225 2023.1312333120231 1.0 2023.1312333120231 1.0 1
106 0.0625 nan 0.2 1.0 1.0 2027.3541443120273 2027.3551442120274 2027.4735990320276 2025.3868743920254 2029.0210286360868 2027.3172480020273 -1.0 2027.3172480020273 -1.0 1
107 nan 1.0 0.2 -1.0 1.0 2029.98234813203 2029.98348135203 2030.12653371203 2029.4666330420296 2031.6873376201286 2029.99864650203 1.0 2029.99864650203 1.0 1
108 nan 0.0625 0.2 -1.0 1.0 2032.7324397620328 2032.7334396620327 2033.2274569220333 2032.102436102032 2034.7824566185998 2033.0495080520332 1.0 2033.0495080520332 1.0 1
109 1.0 nan 0.2 1.0 1.0 2035.970382602036 2035.971415832036 2036.1828613520363 2035.2200576420353 2037.7491924484418 2036.0952701120361 -1.0 2036.0952701120361 -1.0 1
110 nan 0.25 0.2 -1.0 1.0 2038.854194192039 2038.8550607720388 2038.969782632039 2038.1703959120382 2040.537415520433 2038.7968332620387 1.0 2038.7968332620387 1.0 1
111 nan 0.125 0.2 -1.0 1.0 2042.2156913420422 2042.2166912420423 2042.6229172820426 2040.962416682041 2044.1874480386325 2042.4991629920426 1.0 2042.4991629920426 1.0 1
112 nan 1.0 0.2 -1.0 1.0 2045.7655029920459 2045.7663362420458 2046.115534652046 2044.6283500520447 2047.6823679767494 2045.982081332046 1.0 2045.982081332046 1.0 1
113 nan 0.25 0.2 -1.0 1.0 2048.7206741120485 2048.721640682049 2049.248687972049 2048.112968222048 2050.8155868153144 2048.961283382049 1.0 2048.961283382049 1.0 1
114 nan 0.25 0.2 -1.0 1.0 2051.770669082052 2051.771602322052 2052.1800948020523 2051.2531875020513 2053.7487952644087 2051.950517762052 1.0 2051.950517762052 1.0 1
115 nan 0.0 0.2 1.0 -1.0 2054.670579062055 2054.671578962055 2055.131899592055 2054.185194272054 2057.703928998596 2055.032142902055 -1.0 2055.032142902055 -1.0 1
116 nan 1.0 0.2 -1.0 1.0 2058.781967882059 2058.782867792059 2059.1575636520593 2058.1494311420583 2060.71506181991 2059.002845792059 1.0 2059.002845792059 1.0 1
117 nan 0.25 0.2 1.0 -1.0 2061.820364012062 2061.821497232062 2061.901489232062 2061.1473646520612 2064.4484895561573 2061.783134402062 -1.0 2061.783134402062 -1.0 1
118 nan 0.0625 0.2 -1.0 1.0 2065.3867073420656 2065.3878072320654 2065.7548038620657 2064.887490602065 2067.320204164113 2065.645314812066 1.0 2065.645314812066 1.0 1
119 nan 0.125 0.2 -1.0 1.0 2068.231756142068 2068.232789372068 2068.6295163620684 2067.7511042120677 2070.1817329106793 2068.4676658820686 1.0 2068.4676658820686 1.0 1
120 0.0 nan 0.2 -1.0 -1.0 2071.5203605820716 2071.5214271420714 2071.909421672072 2070.7654360820707 2074.4698545853767 2071.7579701520717 1.0 2071.7579701520717 1.0 1
121 nan 0.0 0.2 1.0 -1.0 2075.3984060720754 2075.3993726420754 2075.921053802076 2074.9135545620748 2078.4863844670936 2075.8255966820757 -1.0 2075.8255966820757 -1.0 1
122 nan 1.0 0.2 -1.0 1.0 2079.89832270208 2079.8993559320797 2080.27221864208 2078.932585952079 2081.8317169622387 2080.07457174208 1.0 2080.07457174208 1.0 1
123 0.0625 nan 0.8 1.0 1.0 2082.987113792083 2082.987980372083 2083.8198305120836 2082.265419302082 2085.381560737193 2083.6509807320836 -1.0 2083.6509807320836 -1.0 1
124 0.25 nan 0.8 1.0 1.0 2088.236722112088 2088.237588692088 2088.4706653820886 2085.8157642320857 2090.031696113467 2088.3874737020883 -1.0 2088.3874737020883 -1.0 1
125 0.0 nan 0.8 1.0 1.0 2093.086670402093 2093.0875703120932 2093.152797122093 2090.4843973220904 2094.7150278663507 2093.026876382093 -1.0 2093.026876382093 -1.0 1
126 0.125 nan 0.8 1.0 1.0 2098.5366920120987 2098.5375252620984 2098.7973659420986 2095.167928922095 2100.353162685831 2098.677877892099 -1.0 2098.677877892099 -1.0 1
127 nan 0.0 0.8 1.0 -1.0 2101.931519162102 2101.932485732102 2105.110801202105 2100.821063552101 2107.669528820355 2101.899022412102 -1.0 2105.073171632105 -1.0 4
128 0.0625 nan 0.8 1.0 1.0 2108.848094102109 2108.849094002109 2109.245221052109 2108.1438312021082 2110.798055065705 2109.151930382109 -1.0 2109.151930382109 -1.0 1
129 0.0625 nan 0.8 1.0 1.0 2111.7030419121115 2111.704075142112 2112.009444602112 2111.2339554921114 2113.564876030615 2111.928419372112 -1.0 2111.928419372112 -1.0 1
130 0.25 nan 0.8 1.0 1.0 2115.719606882116 2115.7207067721156 2116.002378602116 2114.012677592114 2117.564508767634 2115.916087232116 -1.0 2115.916087232116 -1.0 1
131 1.0 nan 0.8 1.0 1.0 2118.669411872119 2118.670345112119 2118.913020842119 2118.016710482118 2120.46462223198 2118.802965182119 -1.0 2118.802965182119 -1.0 1
132 1.0 nan 0.8 1.0 1.0 2124.653046782125 2124.6539466921245 2124.921053312125 2120.901521972121 2126.486048832869 2124.823763042125 -1.0 2124.823763042125 -1.0 1
133 1.0 nan 0.8 1.0 1.0 2127.764335622128 2127.765268862128 2127.9983788821282 2126.964348962127 2129.5477896094735 2127.909121142128 -1.0 2127.909121142128 -1.0 1
134 0.125 nan 0.8 1.0 1.0 2134.219156742134 2134.2201899721344 2134.3816071621345 2130.1535966721303 2135.936435391268 2134.295715752134 -1.0 2134.295715752134 -1.0 1
135 nan 0.0625 0.8 1.0 -1.0 2139.6973755321396 2139.69847542214 2140.06713855214 2136.4216364721365 2142.618999281324 2139.92358624214 -1.0 2139.92358624214 -1.0 1
136 0.25 nan 0.8 1.0 1.0 2144.114267132144 2144.115100382144 2144.3887063521443 2143.099101992143 2145.952705732147 2144.2789506621443 -1.0 2144.2789506621443 -1.0 1
137 1.0 nan 0.8 1.0 1.0 2148.6975420921485 2148.6984086721486 2148.9174201021488 2146.4119040121464 2150.4857483233486 2148.6921093021488 1.0 2148.844194092149 -1.0 2
138 0.125 nan 0.8 1.0 1.0 2152.180860392152 2152.1816936421524 2152.4888629221523 2150.941051052151 2154.052761517532 2152.3839400821525 -1.0 2152.3839400821525 -1.0 1
139 0.25 nan 0.8 1.0 1.0 2155.030642052155 2155.031675282155 2155.2074910321553 2154.5102607621548 2156.764088420903 2155.056939422155 -1.0 2155.056939422155 -1.0 1
140 0.25 nan 0.8 1.0 1.0 2158.2684515721585 2158.269318152158 2158.4768973921587 2157.2033914221574 2160.030627327512 2158.3662417921582 -1.0 2158.3662417921582 -1.0 1
141 1.0 nan 0.8 1.0 1.0 2161.052773112161 2161.053606362161 2161.257619292161 2160.4771306821604 2162.8142508258525 2161.1820935121614 -1.0 2161.1820935121614 -1.0 1
142 0.25 nan 0.8 1.0 1.0 2164.2685848321644 2164.2695847321643 2164.5172599621646 2163.2607522921635 2166.063961265477 2164.4371346421644 -1.0 2164.4371346421644 -1.0 1
143 nan 0.125 0.8 -1.0 1.0 2167.718539802168 2167.719573032168 2168.062672052168 2166.5128603821663 2169.6189000707886 2167.966848302168 1.0 2167.966848302168 1.0 1
144 0.0 nan 0.8 1.0 1.0 2170.730638562171 2170.7315384721705 2171.5113938121717 2170.0797036621702 2173.0637260151498 2171.3288120721713 -1.0 2171.3288120721713 -1.0 1
145 nan 0.25 0.8 1.0 -1.0 2174.102234702174 2174.103167942174 2174.211490442174 2173.5119270721734 2176.7637540779565 2174.112966962174 -1.0 2174.112966962174 -1.0 1
146 0.25 nan 0.8 1.0 1.0 2180.01854301218 2180.01944292218 2180.2879827321804 2177.2259556321774 2181.847279153818 2180.2012247421803 -1.0 2180.2012247421803 -1.0 1
147 0.125 nan 0.8 1.0 1.0 2183.0519396421832 2183.052739562183 2183.3205127821834 2182.3214793621823 2184.880408061043 2183.229021932183 -1.0 2183.229021932183 -1.0 1
148 0.125 nan 0.8 1.0 1.0 2186.318879582186 2186.3197128321863 2186.6699111421867 2185.339610852185 2188.235124279533 2186.5447903221866 -1.0 2186.5447903221866 -1.0 1
149 0.0625 nan 0.8 1.0 1.0 2190.2636184021903 2190.26468496219 2190.5457568521906 2188.8667247721887 2192.0970533824952 2190.4632317721903 -1.0 2190.4632317721903 -1.0 1
150 0.0625 nan 0.8 1.0 1.0 2193.2516195721932 2193.252652802193 2193.4437670221932 2192.5619552121925 2194.9968956286357 2193.2673513321934 -1.0 2193.2673513321934 -1.0 1
151 1.0 nan 0.8 1.0 1.0 2195.952049502196 2195.952949412196 2196.3316115421962 2195.4408006321955 2197.880211480687 2196.117066332196 -1.0 2196.117066332196 -1.0 1
152 0.125 nan 0.8 1.0 1.0 2198.968447832199 2198.969281082199 2199.2525194221994 2198.3355111321985 2200.8019194569574 2199.091168892199 -1.0 2199.091168892199 -1.0 1
153 1.0 nan 0.8 1.0 1.0 2205.2466866122054 2205.2475531922055 2205.5188593922057 2201.2602186322015 2207.0684854824526 2205.4062039922055 -1.0 2205.4062039922055 -1.0 1
154 0.0625 nan 0.8 1.0 1.0 2208.996644912209 2208.997511492209 2209.3174794922093 2207.5565889322074 2210.863210401349 2209.219022672209 -1.0 2209.219022672209 -1.0 1
155 0.25 nan 0.8 1.0 1.0 2213.801731022214 2213.8027975822138 2214.055838942214 2211.3338111722114 2215.61803522034 2213.961648362214 -1.0 2213.961648362214 -1.0 1
156 1.0 nan 0.8 1.0 1.0 2216.5966515022164 2216.5977847222166 2216.882456252217 2216.088635642216 2218.4350542245647 2216.7697675222166 -1.0 2216.7697675222166 -1.0 1
157 0.125 nan 0.8 1.0 1.0 2219.4129365122194 2219.4137364322196 2221.3793731822216 2218.890355442219 2222.9298997913365 2221.1585952622213 -1.0 2221.1585952622213 -1.0 1
158 nan 0.0625 0.8 1.0 -1.0 2224.4843959822247 2224.4853625522246 2224.6103500522245 2223.4155028822233 2227.167744035562 2224.5267584122244 -1.0 2224.5267584122244 -1.0 1
159 0.125 nan 0.8 1.0 1.0 2229.162928082229 2229.163994642229 2229.4566320422296 2227.640846972228 2231.0130619573933 2229.3675409522293 -1.0 2229.3675409522293 -1.0 1
160 1.0 nan 0.8 1.0 1.0 2232.984712532233 2232.985612442233 2233.2256884322333 2231.4921618022313 2234.784284520045 2233.126964972233 -1.0 2233.126964972233 -1.0 1
161 nan 0.125 0.8 -1.0 1.0 2237.729538002238 2237.7305712322377 2238.120398912238 2235.2549854822355 2239.6629266507907 2237.998944392238 1.0 2237.998944392238 1.0 1
162 0.125 nan 0.8 1.0 1.0 2240.6341808422408 2240.6352140722406 2240.930617862241 2240.1526290022402 2242.484447534886 2240.7861323122406 1.0 2240.7861323122406 1.0 1
163 0.0 nan 0.8 1.0 1.0 2243.6959746322436 2243.6968412122437 2243.928351392244 2242.953748862243 2245.479580233217 2243.8388270122437 -1.0 2243.8388270122437 -1.0 1
164 0.125 nan 0.8 1.0 1.0 2246.4345340822465 2246.4355006522464 2246.6148827122465 2245.939583582246 2248.167695440626 2246.5323243022467 -1.0 2246.5323243022467 -1.0 1
165 0.25 nan 0.8 1.0 1.0 2249.7295712122495 2249.7304711222496 2249.94251658225 2248.8121962922487 2251.4960131644916 2249.86499100225 -1.0 2249.86499100225 -1.0 1
166 0.125 nan 0.8 1.0 1.0 2252.5011940222525 2252.5020939322526 2252.6139160822527 2251.970213792252 2254.1678438478025 2252.4999941422525 -1.0 2252.4999941422525 -1.0 1
167 nan 0.125 0.8 -1.0 1.0 2256.879256172257 2256.880389392257 2257.2834490822574 2254.6303477522547 2258.8343780404007 2257.1794261522573 1.0 2257.1794261522573 1.0 1
168 0.25 nan 0.8 1.0 1.0 2260.34597613226 2260.3470093622605 2260.5403900222605 2259.314679272259 2262.0959873782663 2260.3873386622604 -1.0 2260.3873386622604 -1.0 1
169 0.0 nan 0.8 1.0 1.0 2264.234220602264 2264.2353204922642 2265.1051335022653 2262.5760864322624 2266.66742663863 2264.996244392265 -1.0 2264.996244392265 -1.0 1
170 0.0 nan 0.8 1.0 1.0 2267.728971092268 2267.7299376622677 2268.0512388622683 2267.148629132267 2269.617763861778 2267.947449242268 -1.0 2267.947449242268 -1.0 1
171 nan 0.125 0.8 -1.0 1.0 2270.6123160622706 2270.6132493022706 2271.063870902271 2270.0915681422703 2272.6344697867285 2270.889721652271 1.0 2270.889721652271 1.0 1
172 0.0625 nan 0.8 1.0 1.0 2273.6289810322737 2273.6298809422738 2273.994277832274 2273.095467722273 2275.5625030710407 2273.770800182274 1.0 2273.770800182274 1.0 1
173 nan 0.125 0.8 -1.0 1.0 2276.5342571422766 2276.5351903822766 2276.916718892277 2276.031607412276 2278.4844166172425 2276.5868518822767 -1.0 2276.5868518822767 -1.0 1
174 0.125 nan 0.8 1.0 1.0 2279.4622976422793 2279.4631642222794 2280.0715367122802 2278.945715972279 2281.6289334612993 2279.95848135228 -1.0 2279.95848135228 -1.0 1
175 1.0 nan 0.8 1.0 1.0 2283.5671537822836 2283.5681870122835 2283.7682670022837 2282.096834162282 2285.3288609314845 2283.6862085422836 -1.0 2283.6862085422836 -1.0 1
176 nan 0.0 0.8 1.0 -1.0 2289.3170454022893 2289.318078632289 2289.8817222622897 2285.811762632286 2292.445611941102 2289.74060304229 -1.0 2289.74060304229 -1.0 1
177 nan 1.0 0.8 -1.0 1.0 2297.3338436422973 2297.3350101922974 2297.6962740622976 2292.967413662293 2299.267062465144 2297.5463557222974 1.0 2297.5463557222974 1.0 1
178 1.0 nan 0.8 1.0 1.0 2301.2786824523014 2301.2796156923014 2301.5523884123018 2299.7929643722996 2303.1171097448614 2301.4600309823013 -1.0 2301.4600309823013 -1.0 1
179 1.0 nan 0.8 1.0 1.0 2304.095234102304 2304.0962673323043 2304.3322104023046 2303.625814382304 2305.9008356127724 2304.248552102304 -1.0 2304.248552102304 -1.0 1
180 0.0 nan 0.8 1.0 1.0 2306.995310732307 2306.996243972307 2308.0826353223083 2306.3917377623065 2309.6619597775584 2307.969313322308 -1.0 2307.969313322308 -1.0 1
181 0.0625 nan 0.8 1.0 1.0 2310.867190172311 2310.868190072311 2311.5950840423116 2310.15126177231 2313.178485822238 2311.4661636023116 -1.0 2311.4661636023116 -1.0 1
182 0.0625 nan 0.8 1.0 1.0 2314.5665535323146 2314.5674867723146 2314.950181832315 2313.877189142314 2316.5335078829326 2314.796663852315 -1.0 2314.796663852315 -1.0 1
183 0.0625 nan 0.8 1.0 1.0 2317.678608962318 2317.6794422123176 2317.805029652318 2317.012608902317 2319.383522779239 2317.6539114323177 -1.0 2317.6539114323177 -1.0 1
184 nan 1.0 0.8 -1.0 1.0 2320.5284906123206 2320.5294238523206 2320.9071527423207 2319.86922321232 2322.478545032472 2320.798263632321 1.0 2320.798263632321 1.0 1
185 1.0 nan 0.8 1.0 1.0 2324.916551762325 2324.9177183123247 2325.1723595123253 2322.966946742323 2326.7501822636996 2325.081035312325 -1.0 2325.081035312325 -1.0 1
186 0.0625 nan 0.8 1.0 1.0 2329.4949272123295 2329.4959937723297 2329.88292174233 2327.253384722327 2331.466913419674 2329.78226514233 -1.0 2329.78226514233 -1.0 1
187 0.0625 nan 0.8 1.0 1.0 2332.978212182333 2332.978978772333 2333.4252341423335 2331.955014512332 2334.9949571672973 2333.2597173623335 -1.0 2333.2597173623335 -1.0 1
188 0.25 nan 0.8 1.0 1.0 2336.183191652336 2336.1842915423363 2336.4194680223363 2335.4828616923355 2337.999963482733 2336.3362763423365 -1.0 2336.3362763423365 -1.0 1
189 1.0 nan 0.8 1.0 1.0 2338.961413802339 2338.962247052339 2339.3994699923396 2338.4850614423385 2340.978292564785 2339.245152092339 -1.0 2339.245152092339 -1.0 1
190 nan 1.0 0.8 -1.0 1.0 2342.6666432423426 2342.6675431523427 2342.958814022343 2341.4694963023417 2344.533207876413 2342.860057232343 1.0 2342.860057232343 1.0 1
191 0.25 nan 0.8 1.0 1.0 2345.994510422346 2345.995510322346 2346.4148350523465 2345.024707412345 2348.0001552590893 2346.278648672346 -1.0 2346.278648672346 -1.0 1
192 1.0 nan 0.8 1.0 1.0 2349.028073702349 2349.029140262349 2349.2783486723492 2348.4903608123486 2350.849875554988 2349.1936904723493 -1.0 2349.1936904723493 -1.0 1
193 nan 0.0 0.8 1.0 -1.0 2351.861223692352 2351.862123602352 2352.3914373323523 2351.336376182351 2354.961598094355 2352.3011130323525 -1.0 2352.3011130323525 -1.0 1
194 nan 1.0 0.8 -1.0 1.0 2356.7826981623566 2356.783731392357 2357.1596271323574 2355.4436987423555 2358.7329187131068 2357.0385392423573 1.0 2357.0385392423573 1.0 1
195 0.125 nan 0.8 1.0 1.0 2359.99461027236 2359.99571016236 2360.5880509223607 2359.236119462359 2362.1662431347145 2360.4704626823604 -1.0 2360.4704626823604 -1.0 1
196 0.25 nan 0.8 1.0 1.0 2363.3446085723635 2363.3456751323633 2363.6111485823635 2362.649944712363 2365.1777739961235 2363.5271236523636 -1.0 2363.5271236523636 -1.0 1
197 1.0 nan 0.8 1.0 1.0 2366.2657164323664 2366.2666496723664 2366.5122917723666 2365.6582771823655 2368.077886298356 2366.4233673323665 -1.0 2366.4233673323665 -1.0 1
198 0.25 nan 0.8 1.0 1.0 2369.082834692369 2369.0839345823692 2369.2996130123693 2368.5722857523688 2370.8832043136563 2369.2230540023693 -1.0 2369.2230540023693 -1.0 1
199 0.0625 nan 0.8 1.0 1.0 2371.960846862372 2371.961913422372 2372.2855143923725 2371.3714058123714 2373.8612361239193 2372.1759586823723 -1.0 2372.1759586823723 -1.0 1
200 0.0625 nan 0.8 1.0 1.0 2375.5829846123756 2375.5838845223757 2375.875655342376 2374.3641398423742 2377.4443588597987 2375.7710991323756 -1.0 2375.7710991323756 -1.0 1
201 0.125 nan 0.8 1.0 1.0 2378.7159712823786 2378.7168711923787 2378.966879522379 2378.1543607823783 2380.5494993147468 2378.871889022379 -1.0 2378.871889022379 -1.0 1
202 1.0 nan 0.8 1.0 1.0 2384.0942667323843 2384.095133312384 2384.3155112723844 2381.046304892381 2385.89923362252 2384.219287562384 -1.0 2384.219287562384 -1.0 1
203 0.125 nan 0.8 1.0 1.0 2389.177591682389 2389.178424932389 2389.4633631023894 2386.4166344723862 2391.0277558531293 2389.3663394723894 -1.0 2389.3663394723894 -1.0 1
204 0.125 nan 0.8 1.0 1.0 2392.998909512393 2393.000042732393 2393.3062787723934 2391.5343559823914 2394.8775996812988 2393.1987561923934 -1.0 2393.1987561923934 -1.0 1
205 0.25 nan 0.8 1.0 1.0 2397.032606102397 2397.0337059923972 2397.3106116323975 2395.3868040323955 2398.882435152948 2397.2176542623974 -1.0 2397.2176542623974 -1.0 1
206 1.0 nan 0.8 1.0 1.0 2400.1273299324002 2400.1282965024 2400.4996260324006 2399.3865373523995 2402.082550434862 2400.3655394424004 -1.0 2400.3655394424004 -1.0 1
207 1.0 nan 0.8 1.0 1.0 2403.760666562404 2403.761599802404 2403.999176042404 2402.5879505124026 2405.5774675151483 2403.9064519824037 -1.0 2403.9064519824037 -1.0 1
208 0.0625 nan 0.8 1.0 1.0 2406.6493443324066 2406.6502442424066 2406.981677762407 2406.079068032406 2408.549001201448 2406.890153582407 -1.0 2406.890153582407 -1.0 1
209 nan 0.25 0.2 -1.0 1.0 2412.5106248124125 2412.5115247224126 2412.8703221724127 2409.0493043124093 2414.4439447832865 2412.744034802413 1.0 2412.744034802413 1.0 1
210 nan 0.25 0.2 -1.0 1.0 2416.4822609424164 2416.4831608524164 2416.788663632417 2414.970745442415 2418.365584979714 2416.6794078924167 1.0 2416.6794078924167 1.0 1
211 nan 0.0625 0.2 -1.0 1.0 2419.5602531124196 2419.5611196924197 2419.97777802242 2418.872288582419 2421.5482044128125 2419.85852328242 1.0 2419.85852328242 1.0 1
212 nan 0.0 0.2 1.0 -1.0 2422.6938063924226 2422.6947396324226 2423.4471310524236 2422.041504962422 2426.010224419174 2423.191423292423 1.0 2423.191423292423 1.0 1
213 nan 0.125 0.2 -1.0 1.0 2427.848824172428 2427.8496907524277 2428.154960222428 2426.5111246224265 2429.731750782355 2428.0628361024283 1.0 2428.0628361024283 1.0 1
214 nan 0.25 0.2 -1.0 1.0 2430.8434913424308 2430.844324592431 2431.026873002431 2430.2316525324304 2432.5986937561856 2430.899552402431 1.0 2430.899552402431 1.0 1
215 nan 0.125 0.2 -1.0 1.0 2433.5936163024335 2433.594649532434 2433.921483512434 2433.090899912433 2435.4935104984897 2433.816693992434 1.0 2433.816693992434 1.0 1
216 nan 0.0625 0.2 1.0 -1.0 2436.5484874524363 2436.5492873724365 2436.6426113724365 2435.987110262436 2439.2101344772673 2436.5524870524364 -1.0 2436.5524870524364 -1.0 1
217 0.125 nan 0.2 1.0 1.0 2440.3148774424403 2440.31591067244 2440.6003488924407 2439.72883605244 2442.1652428561715 2440.5000922524405 -1.0 2440.5000922524405 -1.0 1
218 nan 1.0 0.2 -1.0 1.0 2443.8932529024437 2443.894219472444 2444.2163872524443 2442.6705418524425 2445.7768782715902 2444.0834672124442 1.0 2444.0834672124442 1.0 1
219 nan 0.0 0.2 1.0 -1.0 2446.8152273424466 2446.816193912447 2447.4278327424477 2446.2816807024465 2449.9987200171004 2447.3319423324474 -1.0 2447.3319423324474 -1.0 1
220 0.0625 nan 0.2 -1.0 -1.0 2452.1600594724523 2452.161126032452 2452.6974723924527 2450.5222232724504 2455.2651693747903 2452.5652189524526 1.0 2452.5652189524526 1.0 1
221 nan 0.0625 0.2 -1.0 1.0 2456.5098577824565 2456.5107576924565 2456.809261172457 2456.011274312456 2458.381886285358 2456.7074380224567 1.0 2456.7074380224567 1.0 1
222 nan 0.125 0.2 -1.0 1.0 2460.04320441246 2460.04407099246 2460.645110882461 2458.889886422459 2462.214401834616 2460.3516735624603 1.0 2460.3516735624603 1.0 1
223 nan 0.0625 0.2 -1.0 1.0 2463.2931127224633 2463.2940126324634 2463.6331120524637 2462.734401932463 2465.193234161125 2463.3764043924634 -1.0 2463.3764043924634 -1.0 1
224 0.125 nan 0.2 1.0 1.0 2467.181657162467 2467.182657062467 2467.4406312624674 2465.7025384224658 2468.9979558708787 2467.3574395824676 -1.0 2467.3574395824676 -1.0 1
225 nan 0.125 0.2 -1.0 1.0 2472.6762743124727 2472.6772742124726 2473.3756043724734 2469.5230563324694 2474.948291948858 2473.0038082224733 1.0 2473.0038082224733 1.0 1
226 nan 0.125 0.2 -1.0 1.0 2476.009674272476 2476.010574182476 2476.3812037824764 2475.4862932824753 2477.943025336687 2476.2441841524765 1.0 2476.2441841524765 1.0 1
227 nan 0.125 0.2 -1.0 1.0 2478.947447132479 2478.948547022479 2479.2685483524792 2478.4560296124787 2480.8315403312754 2479.145660642479 1.0 2479.145660642479 1.0 1
228 nan 0.125 0.2 1.0 -1.0 2482.5928825524825 2482.5938491224824 2482.738501322483 2481.3495402324816 2485.314489071202 2482.6050146724824 -1.0 2482.6050146724824 -1.0 1
229 1.0 nan 0.2 1.0 1.0 2487.9429474924877 2487.943780742488 2488.2024882024884 2485.830992042486 2489.7592130996054 2488.105331252488 -1.0 2488.105331252488 -1.0 1
230 nan 0.25 0.2 -1.0 1.0 2490.931315292491 2490.932081882491 2491.3546396224915 2490.2813136324903 2492.9308295199994 2491.2094208124913 1.0 2491.2094208124913 1.0 1
231 nan 0.25 0.2 -1.0 1.0 2493.992642462494 2493.993709022494 2494.3114439124943 2493.4483302324934 2495.8812638003515 2494.206821042494 1.0 2494.206821042494 1.0 1
232 nan 0.125 0.2 -1.0 1.0 2497.059135782497 2497.060035692497 2497.363272032497 2496.3985685124962 2498.925895464764 2497.268448182497 1.0 2497.268448182497 1.0 1
233 nan 0.25 0.2 -1.0 1.0 2503.5642185425036 2503.5653517625037 2503.932215072504 2499.4320984624997 2505.492735439141 2503.7955954025037 1.0 2503.7955954025037 1.0 1
234 0.25 nan 0.8 1.0 1.0 2506.6309451725065 2506.631945072507 2506.8827533225067 2506.049536652506 2508.442546794159 2506.796728592507 -1.0 2506.796728592507 -1.0 1
235 nan 0.0625 0.8 -1.0 1.0 2509.58085015251 2509.5822500125096 2509.9062842725098 2508.950546522509 2511.4756728962752 2509.80909399251 1.0 2509.80909399251 1.0 1
236 0.0 nan 0.8 -1.0 -1.0 2512.780663472513 2512.7815300525126 2514.3121769725144 2511.990175862512 2516.8757299238796 2514.2098872025144 1.0 2514.2098872025144 1.0 1
237 nan 0.125 0.8 -1.0 1.0 2517.9144500425177 2517.915483272518 2518.2722475925184 2517.4219326325174 2519.8475388612596 2518.175057312518 1.0 2518.175057312518 1.0 1
238 nan 0.0625 0.8 -1.0 1.0 2521.025638892521 2521.026472142521 2521.6016479525215 2520.3702377725203 2523.163866734342 2521.1375610325213 -1.0 2521.1375610325213 -1.0 1
239 0.0625 nan 0.8 1.0 1.0 2524.2590821825243 2524.260082082524 2524.933181432525 2523.713870042524 2526.497302433093 2524.7765970925248 -1.0 2524.7765970925248 -1.0 1
240 1.0 nan 0.8 1.0 1.0 2527.5921488425274 2527.5930487525275 2527.810593662528 2527.019306132527 2529.38091658051 2527.717336322528 -1.0 2527.717336322528 -1.0 1
241 0.25 nan 0.8 1.0 1.0 2531.4087338125314 2531.4097003825314 2531.7482331925316 2529.91541649253 2533.314231541353 2531.4096337225315 1.0 2531.630644952532 -1.0 2
242 nan 0.125 0.8 1.0 -1.0 2534.6255787625346 2534.6267119825347 2534.688005852535 2534.0881325125342 2537.2419616420166 2534.5571189425345 -1.0 2534.5571189425345 -1.0 1
243 0.0 nan 0.8 1.0 1.0 2538.2969782525383 2538.2979448225383 2538.692072072539 2537.7709641925376 2540.2588922507775 2538.5902489225386 -1.0 2538.5902489225386 -1.0 1
244 0.0625 nan 0.8 -1.0 -1.0 2541.2968782325415 2541.2979447925413 2541.4289316925415 2540.7879957925406 2543.992120583371 2541.3010778125413 1.0 2541.3010778125413 1.0 1
245 0.0 nan 0.8 1.0 1.0 2545.2635481925454 2545.2645480925453 2546.2515493825463 2544.5220223525444 2547.8087680337335 2546.148493022546 -1.0 2546.148493022546 -1.0 1
246 0.25 nan 0.8 1.0 1.0 2548.813559822549 2548.814526392549 2548.938380672549 2548.3466731825483 2550.497174427086 2548.812659912549 -1.0 2548.812659912549 -1.0 1
247 0.0625 nan 0.8 1.0 1.0 2551.741800302552 2551.7428335325517 2552.0182726525522 2551.022472242551 2553.580594341808 2551.939647182552 -1.0 2551.939647182552 -1.0 1
248 0.25 nan 0.8 1.0 1.0 2555.008673582555 2555.009473502555 2555.274313682555 2554.112696522554 2556.841932687837 2555.1870890725554 -1.0 2555.1870890725554 -1.0 1
249 1.0 nan 0.8 1.0 1.0 2558.2801797325583 2558.2811129725583 2558.5000244125586 2557.3711373125575 2560.0636489692833 2558.4149329225584 -1.0 2558.4149329225584 -1.0 1
250 nan 0.0625 0.8 -1.0 1.0 2562.5249885425624 2562.5261217625625 2563.003574012563 2560.5887488525605 2564.562994411624 2562.896418062563 1.0 2562.896418062563 1.0 1
251 0.125 nan 0.8 1.0 1.0 2565.758398502566 2565.7593650725657 2565.972277112566 2565.104697212565 2567.530202781654 2565.755498792566 1.0 2565.755498792566 1.0 1
252 nan 0.0625 0.8 -1.0 1.0 2568.7083701425686 2568.7093367125685 2569.058901752569 2568.0609015625682 2570.625222942961 2568.967610882569 1.0 2568.967610882569 1.0 1
253 0.0625 nan 0.8 1.0 1.0 2572.980176252573 2572.981276142573 2573.245149752573 2571.1597249825713 2574.8084678889436 2573.1680907925734 -1.0 2573.1680907925734 -1.0 1
254 0.25 nan 0.8 1.0 1.0 2576.7133362325767 2576.7146027725767 2576.984775752577 2575.3555720225754 2578.5417974831107 2576.889285302577 -1.0 2576.889285302577 -1.0 1
255 nan 0.25 0.8 -1.0 1.0 2580.23001786258 2580.23088444258 2580.7143027625807 2579.080899452579 2582.2750234134737 2580.4405634725804 1.0 2580.4405634725804 1.0 1
256 0.125 nan 0.8 1.0 1.0 2583.313042862583 2583.3141760825833 2583.6285113125837 2582.823225182583 2585.1962343712776 2583.5302878025836 -1.0 2583.5302878025836 -1.0 1
257 0.25 nan 0.8 1.0 1.0 2589.041469962589 2589.042536522589 2589.3388735525896 2585.734734002586 2590.8914904016383 2589.2463494725894 -1.0 2589.2463494725894 -1.0 1
258 0.25 nan 0.8 1.0 1.0 2592.046369442592 2592.0474693325923 2592.3626044825924 2591.4631944325915 2593.9245976530283 2592.257381672592 -1.0 2592.257381672592 -1.0 1
259 nan 0.125 0.8 -1.0 1.0 2595.829357772596 2595.8303910025957 2596.174023302596 2594.4480959125945 2597.7294405042417 2596.0410366025963 1.0 2596.0410366025963 1.0 1
260 1.0 nan 0.8 1.0 1.0 2598.774729872599 2598.775696442599 2599.051435532599 2598.2832456925985 2600.608059270235 2598.946246052599 -1.0 2598.946246052599 -1.0 1
261 0.125 nan 0.8 1.0 1.0 2601.6463760126016 2601.6473425826016 2601.982975682602 2601.140659922601 2603.5465670671656 2601.7860620426018 1.0 2601.7860620426018 1.0 1
262 0.25 nan 0.8 1.0 1.0 2604.7576981826046 2604.758664752605 2605.016272322605 2604.077566202604 2606.5796930511474 2604.920448572605 -1.0 2604.920448572605 -1.0 1
263 0.125 nan 0.8 1.0 1.0 2608.907683142609 2608.908616382609 2609.232817292609 2607.109496312607 2610.7960361838723 2609.104163492609 -1.0 2609.104163492609 -1.0 1
264 nan 0.0 0.8 1.0 -1.0 2611.8079597526116 2611.808926322612 2612.5939144826125 2611.3410397826115 2615.162871553153 2611.821991682612 -1.0 2611.821991682612 -1.0 1
265 1.0 nan 0.8 1.0 1.0 2616.4911247226164 2616.4921912826167 2616.7308674126166 2615.9792759126162 2618.291091162028 2616.6379100426166 -1.0 2616.6379100426166 -1.0 1
266 0.25 nan 0.8 1.0 1.0 2619.3956675726195 2619.3965008226196 2619.65140866262 2618.8163921726186 2621.207800901923 2619.5518852826194 -1.0 2619.5518852826194 -1.0 1
267 0.0 nan 0.8 1.0 1.0 2622.9124158626228 2622.913482422623 2623.5475190126235 2621.7340003826216 2625.1075369863875 2623.4232981026234 -1.0 2623.4232981026234 -1.0 1
268 0.125 nan 0.8 1.0 1.0 2626.929280802627 2626.930114052627 2627.2266510626273 2625.663840692626 2628.774272390962 2627.1305606726273 -1.0 2627.1305606726273 -1.0 1
269 nan 0.125 0.8 -1.0 1.0 2629.77889581263 2629.77972906263 2630.2303839926303 2629.3148755526295 2631.7958761218065 2630.10416328263 1.0 2630.10416328263 1.0 1
270 0.0625 nan 0.8 1.0 1.0 2632.957577912633 2632.958711132633 2633.4703932926336 2632.3319738126324 2635.029011072293 2633.309876012633 -1.0 2633.309876012633 -1.0 1
271 nan 0.0625 0.8 -1.0 1.0 2636.6573745626365 2636.658341132637 2638.4577278426386 2635.574416202636 2640.012749464605 2637.037703192637 1.0 2638.3821354026386 1.0 3
272 1.0 nan 0.8 1.0 1.0 2644.4071661726443 2644.4082660626445 2644.7115690626447 2640.5668502426406 2646.2787853781147 2644.6167118826447 -1.0 2644.6167118826447 -1.0 1
273 0.25 nan 0.8 1.0 1.0 2648.173722812648 2648.174556062648 2648.6290106126485 2646.867386792647 2650.190626915001 2648.3619039926484 -1.0 2648.3619039926484 -1.0 1
274 1.0 nan 0.8 1.0 1.0 2651.3459055626513 2651.3468721326512 2651.5650503126517 2650.7544313826506 2653.123939850095 2651.4839250926516 -1.0 2651.4839250926516 -1.0 1
275 1.0 nan 0.8 1.0 1.0 2654.129127212654 2654.130160442654 2654.3565711326546 2653.6744393526537 2655.9071599281265 2654.266113512654 -1.0 2654.266113512654 -1.0 1
276 nan 0.125 0.8 -1.0 1.0 2657.3784689126574 2657.3794688126573 2657.681571932658 2656.4552612426564 2659.2404909936 2657.5924475126576 1.0 2657.5924475126576 1.0 1
277 0.25 nan 0.8 1.0 1.0 2660.5455188426604 2660.5464520826604 2660.751198272661 2659.78939446266 2662.3122190508575 2660.6489085026606 -1.0 2660.6489085026606 -1.0 1
278 0.25 nan 0.8 1.0 1.0 2663.4403293326636 2663.4413958926634 2663.680338662664 2662.848521852663 2665.2405292673498 2663.5854148226636 -1.0 2663.5854148226636 -1.0 1
279 1.0 nan 0.8 1.0 1.0 2666.5451188226666 2666.5460520626666 2666.805159482667 2665.7818284926657 2668.35704787953 2666.7041029226666 -1.0 2666.7041029226666 -1.0 1
280 0.0625 nan 0.8 1.0 1.0 2671.212018752671 2671.212985322671 2671.4848914626714 2668.904049572669 2673.040307481572 2671.381801772671 -1.0 2671.381801772671 -1.0 1
281 1.0 nan 0.8 1.0 1.0 2676.878452052677 2676.879651932677 2677.137226172677 2673.6019130726736 2678.695144538226 2677.034169812677 -1.0 2677.034169812677 -1.0 1
282 0.125 nan 0.8 1.0 1.0 2679.82355751268 2679.82459074268 2680.05256794268 2679.2732458826795 2681.6067563804568 2679.9715760426798 -1.0 2679.9715760426798 -1.0 1
283 1.0 nan 0.8 1.0 1.0 2683.2950769926833 2683.2962102126835 2683.4913906926836 2682.167556422682 2685.0401784007568 2683.3963002026835 -1.0 2683.3963002026835 -1.0 1
284 1.0 nan 0.8 1.0 1.0 2686.4278970126866 2686.4288302526866 2686.633209812687 2685.5954802626857 2688.1902243698387 2686.5441187226866 -1.0 2686.5441187226866 -1.0 1
285 0.125 nan 0.8 1.0 1.0 2689.2613469726894 2689.2624801926895 2689.5224208626896 2688.749931452689 2691.073344741987 2689.4434954226895 -1.0 2689.4434954226895 -1.0 1
286 0.25 nan 0.8 1.0 1.0 2694.3784018826946 2694.3794351126944 2694.649374782695 2691.610645352692 2696.2117605321737 2694.5553508526946 -1.0 2694.5553508526946 -1.0 1
287 1.0 nan 0.8 1.0 1.0 2697.4732257026976 2697.4740589526973 2697.722900732698 2696.794960202697 2699.278286675583 2697.629910032698 -1.0 2697.629910032698 -1.0 1
288 0.0625 nan 0.8 1.0 1.0 2700.3568039827005 2700.3577038927006 2700.6837046227006 2699.8289901026997 2702.239716902916 2700.4804582827005 -1.0 2700.4804582827005 -1.0 1
289 0.0625 nan 0.8 1.0 1.0 2703.3946668327035 2703.3956667327034 2703.6396423327037 2702.851121192703 2705.1947531636447 2703.5141215527037 -1.0 2703.5141215527037 -1.0 1
290 0.125 nan 0.8 1.0 1.0 2708.006372282708 2708.007305522708 2708.368569392708 2706.101762762706 2709.9280880133074 2708.224783772708 -1.0 2708.224783772708 -1.0 1
291 0.25 nan 0.8 1.0 1.0 2711.2398155727114 2711.240948792711 2711.4758919627116 2710.5006894927105 2713.028211272168 2711.3980664127116 -1.0 2711.3980664127116 -1.0 1
292 0.0625 nan 0.8 1.0 1.0 2714.1565572027143 2714.1575571027142 2714.3811014127145 2713.5918136827136 2715.923124164132 2714.2569138327144 -1.0 2714.2569138327144 -1.0 1
293 nan 1.0 0.8 -1.0 1.0 2717.960976722718 2717.961876632718 2718.3065421627184 2716.4862242127165 2719.87815719032 2718.188087342718 1.0 2718.188087342718 1.0 1
294 0.125 nan 0.8 1.0 1.0 2721.073065482721 2721.074165372721 2721.4509610227215 2720.4565604727204 2723.0282788022923 2721.3084419427214 -1.0 2721.3084419427214 -1.0 1
295 nan 0.125 0.8 -1.0 1.0 2724.856087142725 2724.8571203727247 2725.2019858827252 2723.5905803727237 2726.772804024753 2725.102995782725 1.0 2725.102995782725 1.0 1
296 0.125 nan 0.8 1.0 1.0 2727.960943292728 2727.961776542728 2728.3067087127283 2727.3354058527275 2729.8730265038757 2728.196886362728 -1.0 2728.196886362728 -1.0 1
297 1.0 nan 0.8 1.0 1.0 2730.944578232731 2730.945411482731 2731.139525402731 2730.4402286727304 2732.706244218309 2731.0662660627313 -1.0 2731.0662660627313 -1.0 1
298 0.125 nan 0.8 1.0 1.0 2733.9442449027338 2733.945378122734 2734.233749282734 2733.2707455927334 2735.7941676308915 2734.1378922027343 -1.0 2734.1378922027343 -1.0 1
299 nan 0.25 0.8 -1.0 1.0 2737.0062386727373 2737.007371892737 2737.3075752027376 2736.3585701127363 2738.877792629277 2737.1992527027373 1.0 2737.1992527027373 1.0 1
300 nan 0.25 0.8 1.0 -1.0 2740.05596700274 2740.05696690274 2740.25864673274 2739.4405952127395 2742.822730007119 2740.14159177274 -1.0 2740.14159177274 -1.0 1
301 1.0 nan 0.8 1.0 1.0 2744.160723152744 2744.1615897327442 2744.4296295927443 2743.3905335127433 2745.994549066609 2744.232049352744 1.0 2744.232049352744 1.0 1
302 0.0 nan 0.8 -1.0 -1.0 2747.939245262748 2747.940245162748 2748.2052186627484 2746.5586500027466 2750.772398872393 2747.998506002748 1.0 2747.998506002748 1.0 1
303 nan 0.0 0.8 1.0 -1.0 2751.894349712752 2751.8951829627517 2754.4344956727546 2751.3577033827514 2756.994244529277 2754.333705752754 -1.0 2754.333705752754 -1.0 1
304 0.0625 nan 0.8 1.0 1.0 2758.1223601827583 2758.123460072758 2758.4578266327585 2757.590846672758 2760.0224483812885 2758.3647026127583 -1.0 2758.3647026127583 -1.0 1
305 1.0 nan 0.8 1.0 1.0 2761.0777312827613 2761.078764512761 2761.2867770427615 2760.5941463127606 2762.8556617552576 2761.201785542761 -1.0 2761.201785542761 -1.0 1
306 0.25 nan 0.8 1.0 1.0 2763.960476312764 2763.961409552764 2764.2029853927643 2763.4255631427636 2765.772297638769 2764.115060852764 -1.0 2764.115060852764 -1.0 1
307 1.0 nan 0.8 1.0 1.0 2767.2606462627673 2767.2617461527675 2767.4877235527674 2766.3532036827664 2769.0555376563825 2767.4123644227675 -1.0 2767.4123644227675 -1.0 1
308 nan 0.125 0.8 -1.0 1.0 2772.910547882773 2772.911647772773 2773.4508605127735 2769.6316424727697 2775.0055763488836 2773.187320202773 1.0 2773.187320202773 1.0 1
309 1.0 nan 0.8 1.0 1.0 2776.777194512777 2776.7782944027767 2776.9217800527767 2775.6097779327756 2778.4938966616187 2776.814390792777 -1.0 2776.814390792777 -1.0 1
310 nan 0.25 0.8 -1.0 1.0 2779.6053783327798 2779.60624491278 2780.05030050278 2779.075098032779 2781.61071729974 2779.85901963278 1.0 2779.85901963278 1.0 1
311 0.125 nan 0.8 1.0 1.0 2783.1721216227834 2783.172888212783 2783.5452176427834 2782.1956192827824 2785.1105353509897 2783.4077313927833 -1.0 2783.4077313927833 -1.0 1
312 nan 0.25 0.8 -1.0 1.0 2786.3385382827864 2786.3395048527864 2786.671071692787 2785.693136162786 2788.238755776953 2786.5525168827867 1.0 2786.5525168827867 1.0 1
313 nan 0.0625 0.8 -1.0 1.0 2789.4095311527894 2789.4104977227894 2789.85448665279 2788.810457732789 2791.4220987643525 2789.74109799279 1.0 2789.74109799279 1.0 1
314 1.0 nan 0.8 1.0 1.0 2792.576981042793 2792.5781809227924 2792.875617842793 2792.000105402792 2794.4385063103205 2792.7626624727927 -1.0 2792.7626624727927 -1.0 1
315 0.25 nan 0.8 1.0 1.0 2796.6270426627966 2796.628109222797 2796.905348162797 2795.013304052795 2798.4720298766833 2796.806891342797 -1.0 2796.806891342797 -1.0 1
316 0.0625 nan 0.8 1.0 1.0 2800.3101743128004 2800.3110408928005 2800.635575102801 2799.3788341227996 2802.1938587164714 2800.5260860528006 -1.0 2800.5260860528006 -1.0 1
317 0.0625 nan 0.8 1.0 1.0 2803.2884431228035 2803.289343032803 2803.5917794528036 2802.7727613628026 2805.1552933130633 2803.5065213128037 -1.0 2803.5065213128037 -1.0 1
318 0.0 nan 0.8 1.0 1.0 2807.943410912808 2807.944310822808 2808.3509034928084 2805.733598582806 2809.909820694211 2808.2061513028084 -1.0 2808.2061513028084 -1.0 1
319 0.125 nan 0.8 1.0 1.0 2811.888249722812 2811.8892829528118 2812.2699448828125 2810.5034215528103 2813.8216604226704 2812.139424602812 -1.0 2812.139424602812 -1.0 1
320 0.0625 nan 0.8 1.0 1.0 2815.2431808628153 2815.244247422815 2815.6197765328156 2814.4030648828143 2817.17139162521 2815.5056879428157 -1.0 2815.5056879428157 -1.0 1
321 0.25 nan 0.8 1.0 1.0 2818.5765474928185 2818.577880692819 2818.855686242819 2817.7685949628176 2820.4268038185796 2818.753763102819 -1.0 2818.753763102819 -1.0 1
322 0.0 nan 0.8 1.0 1.0 2821.771494632822 2821.772527862822 2824.238147942824 2821.017803342821 2825.7881595326917 2822.6157768628227 -1.0 2824.1986185628243 -1.0 2
323 1.0 nan 0.8 1.0 1.0 2827.026602402827 2827.027468982827 2827.270977962827 2826.4052645428264 2828.8263663170474 2827.1794871128272 -1.0 2827.1794871128272 -1.0 1
324 0.25 nan 0.8 1.0 1.0 2830.15482288283 2830.15575612283 2830.2336816628303 2829.4077642628295 2831.7881951858494 2830.09802856283 -1.0 2830.09802856283 -1.0 1
325 0.0625 nan 0.8 1.0 1.0 2835.1429573528353 2835.144023912835 2835.4302286228353 2832.3797003728323 2836.99334199252 2835.3520697728354 -1.0 2835.3520697728354 -1.0 1
326 0.0 nan 0.8 1.0 1.0 2838.071197832838 2838.071997752838 2838.8037579028387 2837.5977451828376 2840.354773972359 2838.708467432839 -1.0 2838.708467432839 -1.0 1
327 0.125 nan 0.8 1.0 1.0 2841.5100205828417 2841.5109871528416 2841.7601622328416 2840.939377652841 2843.3213814046685 2841.696435272842 -1.0 2841.696435272842 -1.0 1
328 1.0 nan 0.8 1.0 1.0 2845.5262855828455 2845.5272854828454 2845.7731942228456 2843.917179842844 2847.3380082947588 2845.6700378728456 -1.0 2845.6700378728456 -1.0 1
329 1.0 nan 0.8 1.0 1.0 2848.725898922849 2848.7272654528488 2848.952909552849 2847.939110942848 2850.5046270481175 2848.869451232849 -1.0 2848.869451232849 -1.0 1
330 nan 0.125 0.2 -1.0 1.0 2851.7264655028516 2851.727565392852 2852.085262952852 2851.098428312851 2853.637845826885 2851.955375942852 1.0 2851.955375942852 1.0 1
331 nan 0.0 0.2 1.0 -1.0 2854.7261988328546 2854.727198732855 2855.4945219928554 2854.2395475028543 2858.054599033223 2855.4049976128554 -1.0 2855.4049976128554 -1.0 1
332 nan 0.25 0.2 -1.0 1.0 2859.1592888128594 2859.160155392859 2861.2133167228612 2858.6646049528586 2862.776029114115 2861.121292592861 1.0 2861.121292592861 1.0 1
333 nan 0.0625 0.2 -1.0 1.0 2864.0208692728643 2864.021769182864 2869.043067002869 2863.4084305228635 2870.609376715039 2868.889982312869 1.0 2868.889982312869 1.0 1
334 nan 0.125 0.2 -1.0 1.0 2879.0207358028792 2879.021635712879 2879.71696617288 2871.2591787028714 2881.2753636218813 2879.62897497288 1.0 2879.62897497288 1.0 1
335 nan 0.25 0.2 -1.0 1.0 2883.1041274228833 2883.104927342883 2883.5356842628835 2882.032867892882 2885.0872972607663 2883.3399038428834 1.0 2883.3399038428834 1.0 1
336 nan 1.0 0.2 -1.0 1.0 2886.4424935528864 2886.4435934428866 2886.824622002887 2885.7036007828856 2888.37513511374 2886.687669032887 1.0 2886.687669032887 1.0 1
337 nan 1.0 0.2 -1.0 1.0 2889.60367740289 2889.6045439828895 2889.96284148289 2888.974140362889 2891.5208566883425 2889.83642079289 1.0 2889.83642079289 1.0 1
338 nan 0.0625 0.2 -1.0 1.0 2892.7922585128927 2892.7931917528927 2893.2746436028933 2892.1296581128922 2894.8255631723296 2893.121325602893 1.0 2893.121325602893 1.0 1
339 nan 0.125 0.2 -1.0 1.0 2896.103727332896 2896.1048272228963 2896.5177859228966 2895.4252618528953 2898.075397890681 2896.3387371628965 1.0 2896.3387371628965 1.0 1
340 0.125 nan 0.2 1.0 1.0 2899.2371472928994 2899.2381471928993 2899.5177192328997 2898.6743035828986 2901.0754316583975 2899.4169626428993 -1.0 2899.4169626428993 -1.0 1
341 nan 0.25 0.2 -1.0 1.0 2902.5038205929027 2902.5047871629026 2902.7864256629027 2901.6808362329016 2904.3423439425314 2902.5439165829025 -1.0 2902.6759367129025 1.0 2
342 0.125 nan 0.2 1.0 1.0 2905.603843892906 2905.6047438029054 2906.5458496829065 2904.943843232905 2908.1086644359075 2906.2499792729063 1.0 2906.2499792729063 1.0 1
343 nan 0.0625 0.2 -1.0 1.0 2909.4371938529093 2909.4380604329094 2909.8218887129096 2908.7146661129086 2911.370501322661 2909.7112331129097 1.0 2909.7112331129097 1.0 1
344 nan 1.0 0.2 -1.0 1.0 2912.4584916929125 2912.4593582729126 2912.795791292913 2911.973506862912 2914.3587104719413 2912.6663375729127 1.0 2912.6663375729127 1.0 1
345 nan 0.0 0.2 1.0 -1.0 2915.853418832916 2915.854318742916 2918.1822859229183 2914.953108872915 2920.736862766856 2915.897014472916 1.0 2918.016035882918 -1.0 3
346 nan 0.125 0.2 -1.0 1.0 2921.841853262922 2921.842919822922 2922.171886922922 2921.3761665029215 2923.720099050675 2922.061264652922 1.0 2922.061264652922 1.0 1
347 nan 0.0 0.2 -1.0 1.0 2925.058264922925 2925.059264822925 2926.601310602927 2924.3249049329243 2928.1535275650203 2926.4415599129266 1.0 2926.4415599129266 1.0 1
348 0.125 nan 0.2 1.0 1.0 2929.3584015329293 2929.3592014529295 2929.5995440829297 2928.7635276929286 2931.1534571534207 2929.5277845929295 -1.0 2929.5277845929295 -1.0 1
349 0.0625 nan 0.2 1.0 1.0 2932.2580115429323 2932.2588447929325 2933.6026770629337 2931.7530620429316 2935.1534905284784 2933.4812892029336 -1.0 2933.4812892029336 -1.0 1
350 nan 0.125 0.2 -1.0 1.0 2936.2915414829363 2936.2924747229363 2936.751695462937 2935.7728933529356 2938.3251086371815 2936.5774462229365 1.0 2936.5774462229365 1.0 1
351 nan 0.125 0.2 -1.0 1.0 2939.4533919329397 2939.4544584929395 2939.7173988629397 2938.941009842939 2941.286515511883 2939.5886117429395 1.0 2939.5886117429395 1.0 1
352 nan 1.0 0.2 -1.0 1.0 2943.141489752943 2943.142422992943 2943.4775228129433 2941.894514462942 2945.0580610928832 2943.353035262943 1.0 2943.353035262943 1.0 1
353 nan 0.125 0.2 -1.0 1.0 2946.769726892947 2946.770726792947 2947.210249502947 2945.6917680329457 2948.769767476967 2946.999237272947 1.0 2946.999237272947 1.0 1
354 nan 0.0 0.2 -1.0 1.0 2949.94164300295 2949.94274289295 2950.793991092951 2949.3887649629496 2952.358201331376 2950.683002192951 1.0 2950.683002192951 1.0 1
355 nan 0.25 0.2 -1.0 1.0 2953.4696901629536 2953.4706567329536 2953.978505942954 2952.973506452953 2955.553219915783 2953.733830412954 1.0 2953.733830412954 1.0 1
356 nan 1.0 0.2 -1.0 1.0 2956.774459652957 2956.7752929029566 2957.0308340129573 2956.1647206329562 2958.6030442910005 2956.944942602957 1.0 2956.944942602957 1.0 1
357 nan 0.25 0.2 -1.0 1.0 2959.87448295296 2959.87561617296 2960.16725367296 2959.225847822959 2961.7364672724675 2959.91347905296 -1.0 2960.05183188296 1.0 2
358 nan 0.125 0.2 -1.0 1.0 2963.074429592963 2963.0752295129632 2963.5425827729637 2962.3422694829624 2965.102795896739 2963.3923977929635 1.0 2963.3923977929635 1.0 1
359 0.25 nan 0.2 1.0 1.0 2966.5581478529666 2966.5592144129664 2966.836020062967 2965.710699272966 2968.408029902048 2966.7430626929668 -1.0 2966.7430626929668 -1.0 1
360 0.0625 nan 0.2 1.0 1.0 2969.5026200429697 2969.5035199529693 2969.86235073297 2969.025234452969 2971.419436588734 2969.7128323529696 1.0 2969.7128323529696 1.0 1
361 1.0 nan 0.2 1.0 1.0 2972.5911444929725 2972.592144392973 2972.830953842973 2972.0232346229723 2974.4027635740795 2972.7425293529727 -1.0 2972.7425293529727 -1.0 1
362 nan 1.0 0.2 -1.0 1.0 2975.974539452976 2975.975439362976 2976.3193716329765 2975.017168532975 2977.8907852049724 2976.197917112976 1.0 2976.197917112976 1.0 1
363 0.25 nan 0.2 1.0 1.0 2979.185818292979 2979.186751532979 2979.4602908429797 2978.5053863429785 2981.024604211021 2979.3769325129792 -1.0 2979.3769325129792 -1.0 1
364 nan 0.0625 0.2 -1.0 1.0 2984.035799912984 2984.0366998229842 2984.977239092985 2981.640906092982 2986.541147809558 2984.8675833929847 1.0 2984.8675833929847 1.0 1
365 0.125 nan 0.2 1.0 1.0 2987.685901532988 2987.6870014229876 2987.957974322988 2987.190551072987 2989.5192841925777 2987.887014752988 -1.0 2987.887014752988 -1.0 1
366 nan 1.0 0.2 -1.0 1.0 2990.874016022991 2990.874982592991 2991.1395894629914 2990.13069036299 2992.7027033797654 2991.030600362991 1.0 2991.030600362991 1.0 1
367 0.25 nan 0.2 -1.0 -1.0 2994.1241909729943 2994.125257532994 2994.2922741629945 2993.3268040529933 2996.852649908876 2994.122791112994 1.0 2994.122791112994 1.0 1
368 nan 0.0 0.2 -1.0 1.0 2997.990737612998 2997.991904162998 2998.848751802999 2997.4768556729973 3000.419065923013 2998.7267306729987 1.0 2998.7267306729987 1.0 1
369 nan 0.0625 0.2 -1.0 1.0 3001.7404626030016 3001.741529163002 3002.099693343002 3001.043165673001 3003.6690014442847 3001.976039043002 1.0 3001.976039043002 1.0 1
370 nan 1.0 0.2 -1.0 1.0 3004.7909575230046 3004.7918574330047 3005.110692213005 3004.291707453004 3006.6737089854187 3004.991204163005 1.0 3004.991204163005 1.0 1
371 nan 0.0625 0.2 -1.0 1.0 3007.785624693008 3007.786491273008 3008.3499349230083 3007.297306863007 3009.9188421697045 3008.2320800430084 1.0 3008.2320800430084 1.0 1
372 0.0625 nan 0.2 1.0 1.0 3011.1906508230113 3011.191784043011 3011.4808551330116 3010.5503481930104 3013.040167960163 3011.400529833011 -1.0 3011.400529833011 -1.0 1
373 nan 0.0 0.2 1.0 -1.0 3014.1355563030143 3014.1364228830143 3015.7817250030157 3013.661370393014 3018.3406983841096 3015.5596805430155 -1.0 3015.5596805430155 -1.0 1
374 nan 0.125 0.2 1.0 -1.0 3019.83545292302 3019.8363528330196 3019.97700543302 3019.3451019630193 3022.5354180729164 3019.8775153830197 -1.0 3019.8775153830197 -1.0 1
375 nan 0.25 0.2 -1.0 1.0 3023.907379023024 3023.908312263024 3024.333136443024 3023.1753189030233 3025.9020464699242 3024.1960834830243 1.0 3024.1960834830243 1.0 1
376 0.0625 nan 0.2 1.0 1.0 3027.156920703027 3027.1579539330273 3027.4701560430276 3026.5273503330263 3029.04026825513 3027.3872976630273 -1.0 3027.3872976630273 -1.0 1
377 0.125 nan 0.2 1.0 1.0 3031.4518578330317 3031.4529577230314 3031.751094573032 3029.6617701930295 3033.3234026844234 3031.631839833032 -1.0 3031.631839833032 -1.0 1
378 nan 1.0 0.2 -1.0 1.0 3034.785224463035 3034.786191033035 3035.135222793035 3033.969306063034 3036.7070327536408 3035.017567893035 1.0 3035.017567893035 1.0 1
379 nan 0.0 0.2 -1.0 1.0 3037.885247763038 3037.886181003038 3040.849684623041 3037.332336393037 3042.401892711662 3038.093860233038 -1.0 3040.8092220030408 1.0 2
380 nan 0.0 0.2 -1.0 1.0 3043.640338863044 3043.6414387530435 3045.6274068030457 3043.0431985830432 3047.184918652691 3045.301406073045 1.0 3045.301406073045 1.0 1
381 0.0625 nan 0.2 1.0 1.0 3048.340202163048 3048.3410687430483 3048.798423003049 3047.8322196330478 3050.356835201888 3048.5310497430487 1.0 3048.5310497430487 1.0 1
382 nan 1.0 0.2 -1.0 1.0 3051.751527663052 3051.7526942130517 3052.0240670730523 3050.995236633051 3053.5899734720433 3051.921777303052 1.0 3051.921777303052 1.0 1
383 nan 0.25 0.2 -1.0 1.0 3054.734962623055 3054.7359958530546 3055.030566393055 3054.2275800330544 3056.5894810294935 3054.906478803055 1.0 3054.906478803055 1.0 1
384 nan 0.0625 0.2 -1.0 1.0 3057.734995923058 3057.7359624930577 3058.1817845730584 3057.2400787530573 3059.735096697244 3058.0687625430583 1.0 3058.0687625430583 1.0 1
385 nan 0.0625 0.2 1.0 -1.0 3060.8398187430607 3060.840918633061 3062.3079052530625 3060.3728987730606 3064.873245574348 3062.1592534530623 -1.0 3062.1592534530623 -1.0 1
386 nan 0.25 0.2 -1.0 1.0 3066.851517513067 3066.852517413067 3067.2115815030675 3065.5260500730656 3068.768289359226 3067.094426553067 1.0 3067.094426553067 1.0 1
387 0.0625 nan 0.2 1.0 1.0 3070.1060586930703 3070.10715858307 3070.4139945630704 3069.4120947630695 3071.9680079529476 3070.3340692230704 -1.0 3070.3340692230704 -1.0 1
388 nan 0.25 0.2 1.0 -1.0 3073.823020293074 3073.824120183074 3074.051464113074 3072.605308743073 3076.6063407873726 3073.9558403430738 -1.0 3073.9558403430738 -1.0 1
389 nan 0.125 0.2 -1.0 1.0 3077.901312423078 3077.902412313078 3078.3069385230783 3077.255643663077 3079.872551056028 3078.1835175330784 1.0 3078.1835175330784 1.0 1
390 0.25 nan 0.2 1.0 1.0 3081.5013190530817 3081.5023856130815 3081.769192263082 3080.5213503930804 3083.339797433575 3081.675401643082 -1.0 3081.675401643082 -1.0 1
391 nan 0.25 0.2 -1.0 1.0 3084.6514706730845 3084.6523372530846 3085.032599223085 3083.969905503084 3086.584513752043 3084.878281323085 1.0 3084.878281323085 1.0 1
392 nan 0.0625 0.2 -1.0 1.0 3087.822986823088 3087.8239867230877 3088.5021189030886 3087.2251132830875 3090.0556310456827 3088.3387019130882 1.0 3088.3387019130882 1.0 1
393 0.125 nan 0.2 1.0 1.0 3091.4509906530916 3091.4519572230915 3091.726663083092 3090.6980326230905 3093.2895686662455 3091.626539763092 -1.0 3091.626539763092 -1.0 1
394 0.25 nan 0.8 1.0 1.0 3094.4344922730943 3094.4355921630945 3094.6726684530945 3093.938675193094 3096.2344820224157 3094.601808873095 -1.0 3094.601808873095 -1.0 1
395 nan 0.0 0.8 1.0 -1.0 3098.006135073098 3098.007234963098 3099.6292060830997 3096.876581373097 3102.1843452022076 3099.4970859630994 -1.0 3099.4970859630994 -1.0 1
396 1.0 nan 0.8 1.0 1.0 3103.4225933731036 3103.4234932831037 3103.6615361431036 3102.847150923103 3105.2227518587674 3103.5812775031036 -1.0 3103.5812775031036 -1.0 1
397 0.125 nan 0.8 1.0 1.0 3107.1842505031073 3107.1851170831073 3107.6426713231076 3105.860349573106 3109.205878638576 3107.5151507431074 -1.0 3107.5151507431074 -1.0 1
398 0.0625 nan 0.8 1.0 1.0 3112.3674654631122 3112.3683987031122 3112.8131208931127 3109.86898200311 3114.367427731892 3112.6244730931126 -1.0 3112.6244730931126 -1.0 1
399 0.25 nan 0.8 1.0 1.0 3115.772358273116 3115.773358173116 3116.0250330031163 3115.033132203115 3117.584044035373 3115.924409733116 -1.0 3115.924409733116 -1.0 1
400 1.0 nan 0.8 1.0 1.0 3118.922443233119 3118.923343143119 3119.1322555831193 3118.242444573118 3120.68406620091 3119.0603961031193 -1.0 3119.0603961031193 -1.0 1
401 0.125 nan 0.8 1.0 1.0 3128.3556331531286 3128.3565663931286 3128.773424703129 3121.3274693731214 3130.338754844034 3128.6460374431285 -1.0 3128.6460374431285 -1.0 1
402 0.0625 nan 0.8 1.0 1.0 3131.917443603132 3131.918510163132 3132.623572983133 3131.088959793131 3134.184082834869 3132.4898530231326 -1.0 3132.4898530231326 -1.0 1
403 0.0625 nan 0.8 1.0 1.0 3135.4053281131355 3135.4061613631357 3135.797488893136 3134.833985253135 3137.3507008885567 3135.7017984631357 -1.0 3135.7017984631357 -1.0 1
404 0.0 nan 0.8 1.0 1.0 3138.6888330631386 3138.6897996331386 3143.7524266531436 3137.995702383138 3145.300567389203 3139.0878598231393 -1.0 3143.6800005631435 -1.0 2
405 0.0 nan 0.8 1.0 1.0 3146.4387246631463 3146.4396912331463 3149.4510900631494 3145.973471193146 3151.0003986247593 3147.6126405931477 -1.0 3149.388629643149 -1.0 2
406 0.0 nan 0.8 1.0 1.0 3152.155452933152 3152.156319513152 3153.105524583153 3151.6840000831517 3154.6723234946876 3152.953773093153 -1.0 3152.953773093153 -1.0 1
407 1.0 nan 0.8 1.0 1.0 3157.2835400731574 3157.2845733031572 3157.6296387931575 3155.727229053156 3159.1881478099945 3157.4604890431574 -1.0 3157.4604890431574 -1.0 1
408 0.25 nan 0.8 1.0 1.0 3160.616740053161 3160.6175399731605 3160.878580533161 3159.8600490631597 3162.455084420285 3160.780990293161 -1.0 3160.780990293161 -1.0 1
409 nan 0.25 0.8 -1.0 1.0 3165.116790003165 3165.117823233165 3165.4594890631656 3163.108790823163 3167.0167286264746 3165.3744975631653 1.0 3165.3744975631653 1.0 1
410 1.0 nan 0.8 1.0 1.0 3169.4718211231693 3169.4727876931697 3169.7270289331695 3167.688732783168 3171.2998386329414 3169.62237273317 -1.0 3169.62237273317 -1.0 1
411 0.0625 nan 0.8 1.0 1.0 3172.6211061631725 3172.622106063173 3173.338067793173 3171.966038343172 3174.8997732767803 3172.906244313173 -1.0 3173.2481101231733 -1.0 2
412 0.125 nan 0.8 1.0 1.0 3176.171684403176 3176.172750963176 3176.4792869731764 3175.5599789131757 3178.0500955955827 3176.3668315531763 -1.0 3176.3668315531763 -1.0 1
413 0.0625 nan 0.8 1.0 1.0 3179.3047377331795 3179.3057043031795 3179.73182835318 3178.719396273179 3181.304932093162 3179.5519463431797 -1.0 3179.5519463431797 -1.0 1
414 1.0 nan 0.8 1.0 1.0 3182.5498798531826 3182.550979743183 3182.7928222231826 3181.961638683182 3184.3719613743256 3182.706530853183 -1.0 3182.706530853183 -1.0 1
415 0.0 nan 0.8 1.0 1.0 3185.733161493186 3185.7342947131856 3186.0765604831863 3185.031165033185 3187.6546713211583 3185.990869053186 -1.0 3185.990869053186 -1.0 1
416 0.25 nan 0.8 1.0 1.0 3189.1497531331893 3189.150586383189 3189.4699877731896 3188.3105703931883 3191.033194210583 3189.3515329531892 -1.0 3189.3515329531892 -1.0 1
417 0.125 nan 0.8 1.0 1.0 3192.5046842731927 3192.5055508531927 3193.305404193193 3191.7048975931916 3194.8716125058963 3193.2006480031932 -1.0 3193.2006480031932 -1.0 1
418 0.0 nan 0.8 1.0 1.0 3196.2996380731965 3196.300504653196 3197.6633350231978 3195.5478132631956 3199.233168784708 3197.5208492731977 -1.0 3197.5208492731977 -1.0 1
419 0.0625 nan 0.8 1.0 1.0 3201.5881425032017 3201.5891424032015 3202.010366943202 3199.9133766632 3203.5827053623802 3201.891312183202 -1.0 3201.891312183202 -1.0 1
420 0.0 nan 0.8 1.0 1.0 3204.804520833205 3204.8054207432046 3205.1399872832053 3204.263108313204 3206.704828860273 3205.038864063205 -1.0 3205.038864063205 -1.0 1
421 nan 0.25 0.8 -1.0 1.0 3208.999401303209 3209.000367873209 3209.4381240932094 3207.3608318432075 3210.99956282149 3209.291072133209 1.0 3209.291072133209 1.0 1
422 0.25 nan 0.8 1.0 1.0 3212.954005803213 3212.955005703213 3213.2671744832132 3211.6828662632115 3214.8326815597525 3213.1311214232132 -1.0 3213.1311214232132 -1.0 1
423 1.0 nan 0.8 1.0 1.0 3216.3546990332165 3216.3556322732165 3216.5938751132167 3215.5204824632156 3218.1711115389603 3216.4927852232167 -1.0 3216.4927852232167 -1.0 1
424 0.25 nan 0.8 1.0 1.0 3219.4162261832194 3219.4172927432196 3219.7014976532196 3218.8470164432188 3221.271237931134 3219.5907420632197 -1.0 3219.5907420632197 -1.0 1
425 0.25 nan 0.8 1.0 1.0 3222.6324045332226 3222.6332377832227 3222.957038733223 3221.932041243222 3224.515949752454 3222.832017903223 -1.0 3222.832017903223 -1.0 1
426 0.125 nan 0.8 1.0 1.0 3226.3710972932263 3226.3721971832265 3226.6639680032267 3225.183149433225 3228.232572756691 3226.569410793227 -1.0 3226.569410793227 -1.0 1
427 1.0 nan 0.8 1.0 1.0 3230.38729563323 3230.3884955132303 3230.5296813932305 3228.921375573229 3232.0992159241723 3230.4198923732306 -1.0 3230.4198923732306 -1.0 1
428 nan 0.25 0.8 1.0 -1.0 3234.2205789332343 3234.2214788432343 3234.7131296732346 3232.7877222332327 3237.2878363212008 3234.4900853132344 1.0 3234.4900853132344 1.0 1
429 0.0 nan 0.8 1.0 1.0 3238.4490560432387 3238.4500892732385 3240.0145661432402 3237.981036183238 3241.5877703056676 3239.89787781324 -1.0 3239.89787781324 -1.0 1
430 0.125 nan 0.8 1.0 1.0 3242.8157193332427 3242.816719233243 3243.108090093243 3242.265674343242 3244.670394885188 3243.016999203243 -1.0 3243.016999203243 -1.0 1
431 1.0 nan 0.8 1.0 1.0 3246.165584313246 3246.1666842032464 3246.4251250232464 3245.3600982032453 3247.987328747357 3246.323668503246 -1.0 3246.323668503246 -1.0 1
432 0.125 nan 0.8 1.0 1.0 3249.332034303249 3249.332967543249 3249.73292754325 3248.6671341332485 3251.3038369267215 3249.5906084432495 -1.0 3249.5906084432495 -1.0 1
433 0.0625 nan 0.8 1.0 1.0 3252.598807593253 3252.5996075132525 3252.8176523732527 3251.990135133252 3254.3874575432974 3252.7227951932528 -1.0 3252.7227951932528 -1.0 1
434 0.125 nan 0.8 1.0 1.0 3256.4153925632563 3256.4162258132565 3256.780989333257 3255.061661283255 3258.3487933850765 3256.6402367432565 -1.0 3256.6402367432565 -1.0 1
435 0.125 nan 0.8 1.0 1.0 3259.5367470632596 3259.5378802832597 3259.7557251632597 3259.031097633259 3261.3153284520554 3259.67753298326 -1.0 3259.67753298326 -1.0 1
436 0.25 nan 0.8 1.0 1.0 3265.5369469832654 3265.5378135632654 3265.838750133266 3261.990734973262 3267.4033838303135 3265.7167290032658 -1.0 3265.7167290032658 -1.0 1
437 nan 0.25 0.2 -1.0 1.0 3271.815219093272 3271.816085673272 3272.4786194132726 3268.125688083268 3274.0368224540825 3272.3771295632723 1.0 3272.3771295632723 1.0 1
438 nan 0.0625 0.2 -1.0 1.0 3275.4983174132753 3275.4993839732756 3279.93757344328 3274.761624423275 3281.498474071809 3279.73722681328 1.0 3279.73722681328 1.0 1
439 nan 1.0 0.2 -1.0 1.0 3282.8368501532827 3282.837650073283 3283.168883613283 3282.2324772632824 3284.736989387618 3283.041196383283 1.0 3283.041196383283 1.0 1
440 nan 1.0 0.2 -1.0 1.0 3286.5317139632866 3286.5326138732867 3286.8428161832867 3285.4359902132855 3288.398520837595 3286.743459453287 1.0 3286.743459453287 1.0 1
441 nan 0.125 0.2 -1.0 1.0 3289.73666010329 3289.7375600132896 3290.3918279132904 3289.0832254532893 3291.953052860106 3289.98620181329 1.0 3290.3183685932904 1.0 2
442 nan 1.0 0.2 -1.0 1.0 3294.3980939132944 3294.3991938032946 3294.5511786032944 3293.0637606932933 3296.114980889761 3294.4303240232944 1.0 3294.4303240232944 1.0 1
443 nan 0.125 0.2 -1.0 1.0 3298.253508333298 3298.254508233298 3298.5802089932986 3296.8382832032967 3300.1479115415805 3298.4735196632987 1.0 3298.4735196632987 1.0 1
444 0.25 nan 0.2 1.0 1.0 3301.5861417033016 3301.5871416033015 3301.8191184033017 3300.851815143301 3303.3864255013787 3301.7387931033018 -1.0 3301.7387931033018 -1.0 1
445 nan 1.0 0.2 -1.0 1.0 3305.564643813306 3305.5657437033055 3305.875046103306 3304.0784257833043 3307.4313772566757 3305.7775891833057 1.0 3305.7775891833057 1.0 1
446 nan 0.25 0.2 -1.0 1.0 3309.102723303309 3309.103723203309 3309.58387518331 3308.135986653308 3311.1480131083213 3309.4590876633097 1.0 3309.4590876633097 1.0 1
447 0.0625 nan 0.2 1.0 1.0 3312.4030932333126 3312.4040264733126 3313.080625473313 3311.844515763312 3314.6365328877628 3312.921108093313 1.0 3312.921108093313 1.0 1
448 nan 0.25 0.2 1.0 -1.0 3316.064793693316 3316.065660273316 3316.153651473316 3315.3224346033153 3318.6980588612864 3316.058061033316 -1.0 3316.058061033316 -1.0 1
449 nan 0.0625 0.2 1.0 -1.0 3319.88597820332 3319.88694477332 3320.856647793321 3319.3986602733194 3323.4200864839445 3320.7381263133207 -1.0 3320.7381263133207 -1.0 1
450 0.25 nan 0.2 1.0 1.0 3324.631170303325 3324.6322368633246 3324.892410843325 3324.1142886633243 3326.447813972935 3324.819484803325 -1.0 3324.819484803325 -1.0 1
451 nan 0.0625 0.2 -1.0 1.0 3327.819584763328 3327.820518003328 3329.300036703329 3327.1446189333274 3330.869439821541 3329.1970136733294 1.0 3329.1970136733294 1.0 1
452 0.0625 nan 0.2 1.0 1.0 3332.6812985433326 3332.6821317933327 3333.1385528133333 3331.585641453332 3334.6978581879666 3333.043962273333 -1.0 3333.043962273333 -1.0 1
453 nan 1.0 0.2 -1.0 1.0 3336.085991373336 3336.0870912633363 3336.675899043337 3335.4044595333353 3338.23099968899 3336.3597306633364 1.0 3336.3597306633364 1.0 1
454 nan 1.0 0.2 -1.0 1.0 3339.61953798334 3339.6204045633394 3339.95450448334 3338.928407103339 3341.5143124512456 3339.8306835333397 1.0 3339.8306835333397 1.0 1
455 nan 0.0625 0.2 -1.0 1.0 3342.735959643343 3342.737026203343 3343.666033293344 3342.2188113633424 3345.2311360999925 3343.5712761033437 1.0 3343.5712761033437 1.0 1
456 nan 0.25 0.2 -1.0 1.0 3346.4526212733463 3346.4536545033466 3346.8112520733466 3345.937739433346 3348.369281926146 3346.660500483347 1.0 3346.660500483347 1.0 1
457 nan 1.0 0.2 -1.0 1.0 3350.0141650833502 3350.01499833335 3350.4583873233505 3349.080691773349 3352.0139951640376 3350.3683296633503 1.0 3350.3683296633503 1.0 1
458 nan 0.125 0.2 -1.0 1.0 3353.3518979433534 3353.352931173353 3353.7006297333537 3352.729693503353 3355.2689278436114 3353.5752756033535 1.0 3353.5752756033535 1.0 1
459 nan 0.0 0.2 -1.0 1.0 3356.7306933633567 3356.731893243357 3358.875845493359 3355.981834923356 3360.435678624564 3358.7412589533587 1.0 3358.7412589533587 1.0 1
460 nan 0.25 0.2 -1.0 1.0 3362.2639733133624 3362.2648398933625 3363.786987663364 3361.162883433361 3365.352393670358 3363.6935970033637 1.0 3363.6935970033637 1.0 1
461 nan 0.25 0.2 -1.0 1.0 3366.697196613367 3366.698129853367 3367.039829013367 3366.065993073366 3368.602329279608 3366.931639833367 1.0 3366.931639833367 1.0 1
462 nan 1.0 0.2 -1.0 1.0 3370.01389824337 3370.01476482337 3370.4022260733705 3369.2966366433693 3371.985759816282 3370.24134216337 1.0 3370.24134216337 1.0 1
463 nan 0.25 0.2 -1.0 1.0 3373.7969532333736 3373.798053123374 3374.207878803374 3372.6953634033725 3375.7687824345776 3374.0676928233743 1.0 3374.0676928233743 1.0 1
464 nan 1.0 0.2 -1.0 1.0 3377.163916503377 3377.1650163933773 3377.8815114033778 3376.4849844033765 3379.4353133384693 3377.764223133378 1.0 3377.764223133378 1.0 1
465 nan 1.0 0.2 -1.0 1.0 3380.7972531333808 3380.798319693381 3381.1895139033813 3380.15001786338 3382.752221134357 3381.0866575233813 1.0 3381.0866575233813 1.0 1
466 0.0625 nan 0.2 1.0 1.0 3383.9302398033838 3383.931273033384 3386.842048593387 3383.4668194833835 3388.401479576467 3386.7728555133867 -1.0 3386.7728555133867 -1.0 1
467 0.0625 nan 0.8 1.0 1.0 3389.93023974339 3389.9312396433897 3391.2577069833915 3389.1325861833893 3392.830209035822 3391.127520003391 -1.0 3391.127520003391 -1.0 1
468 0.125 nan 0.8 1.0 1.0 3394.2014459133943 3394.202512473394 3394.4962164333947 3393.5497110933934 3396.0635220202166 3394.3857941433944 -1.0 3394.3857941433944 -1.0 1
469 0.125 nan 0.8 1.0 1.0 3397.3020358233975 3397.3031357133973 3397.6115382033977 3396.768422523397 3399.1849398592926 3397.5256801233977 -1.0 3397.5256801233977 -1.0 1
470 0.0625 nan 0.8 -1.0 -1.0 3400.9468379734008 3400.9477712134008 3404.094423183404 3399.9025424133997 3406.6635193292445 3403.831182843404 1.0 3403.831182843404 1.0 1
471 1.0 nan 0.8 1.0 1.0 3408.0017324134083 3408.002732313408 3408.2988360334084 3407.4039255334073 3409.863439164362 3408.2182774234084 -1.0 3408.2182774234084 -1.0 1
472 0.0625 nan 0.8 1.0 1.0 3411.2682057334114 3411.269005653411 3414.0380620534143 3410.5864405834104 3415.6134920094696 3413.943204873414 -1.0 3413.943204873414 -1.0 1
473 0.0625 nan 0.8 1.0 1.0 3417.4682856634176 3417.4692855634175 3417.897109443418 3416.3522972734163 3419.468411289237 3417.7601564734177 -1.0 3417.7601564734177 -1.0 1
474 1.0 nan 0.8 1.0 1.0 3421.363262793421 3421.3642293634216 3421.756623453422 3420.20341212342 3423.334826080055 3421.5309460234216 -1.0 3421.5309460234216 -1.0 1
475 0.125 nan 0.8 1.0 1.0 3424.8798444334248 3424.880877663425 3425.3207336734254 3424.055926833424 3426.901462602523 3425.1460178134253 -1.0 3425.1460178134253 -1.0 1
476 0.125 nan 0.8 1.0 1.0 3428.196379413428 3428.1975126334282 3428.5883735434286 3427.631269263428 3430.1677774135183 3428.4465210634285 -1.0 3428.4465210634285 -1.0 1
477 nan 1.0 0.8 -1.0 1.0 3431.4629193934315 3431.4637859734316 3431.872011813432 3430.885377153431 3433.4464088623663 3431.7529570534316 1.0 3431.7529570534316 1.0 1
478 0.125 nan 0.8 1.0 1.0 3435.618037173436 3435.6191037334356 3436.4664189934365 3434.1706152634342 3438.0347389832273 3436.3713618334364 -1.0 3436.3713618334364 -1.0 1
479 0.0625 nan 0.8 1.0 1.0 3439.7130276334397 3439.71409419344 3440.3605628734404 3439.219643643439 3441.9296640769503 3440.2676721634402 -1.0 3440.2676721634402 -1.0 1
480 0.0625 nan 0.8 1.0 1.0 3443.4013920934435 3443.4023586634435 3444.162182673444 3442.652466993443 3445.7346120679617 3443.938871673444 -1.0 3443.938871673444 -1.0 1
481 nan 1.0 0.8 -1.0 1.0 3447.2128775734473 3447.2139774634475 3447.610404483448 3446.4541201234465 3449.1797371048974 3447.4907831134474 1.0 3447.4907831134474 1.0 1
482 0.125 nan 0.8 1.0 1.0 3450.5182803334505 3450.5192802334504 3450.997132443451 3449.91994017345 3452.5626652358033 3450.8345820334507 -1.0 3450.8345820334507 -1.0 1
483 0.0 nan 0.8 1.0 1.0 3453.8175837034537 3453.818583603454 3454.1824805434544 3453.2894698534533 3455.7460836891505 3453.7494571834536 -1.0 3453.7494571834536 -1.0 1
484 0.125 nan 0.8 1.0 1.0 3456.951303633457 3456.952203543457 3457.953403413458 3456.4692851734567 3459.5176060902704 3457.789619793458 -1.0 3457.789619793458 -1.0 1
485 1.0 nan 0.8 1.0 1.0 3460.962569133461 3460.963502373461 3461.304534933461 3460.2352085434604 3462.8628351382877 3461.150150373461 -1.0 3461.150150373461 -1.0 1
486 nan 1.0 0.8 -1.0 1.0 3464.5844735734645 3464.585473473465 3465.137851563465 3463.5877399234637 3466.7007554709708 3465.031595523465 1.0 3465.031595523465 1.0 1
487 0.25 nan 0.8 1.0 1.0 3467.995832403468 3467.996765643468 3468.3337652734685 3467.4205566034675 3469.8960959334563 3468.216277023468 -1.0 3468.216277023468 -1.0 1
488 0.0 nan 0.8 1.0 1.0 3471.117586863471 3471.118420113471 3471.8379148234717 3470.6177035234705 3473.4003172369453 3471.4977821734715 -1.0 3471.4977821734715 -1.0 1
489 0.0 nan 0.8 1.0 1.0 3474.6290690134747 3474.6300355834746 3475.0994219734753 3474.1359183334744 3476.662327721621 3474.901808403475 -1.0 3474.901808403475 -1.0 1
490 nan 0.125 0.8 -1.0 1.0 3477.9008418034778 3477.901975023478 3478.5139471534785 3477.3742278034774 3480.084247044659 3478.2815370634785 1.0 3478.2815370634785 1.0 1
491 1.0 nan 0.8 1.0 1.0 3481.4123572834815 3481.4132905234815 3481.727859063482 3480.8212497334807 3483.3006865816346 3481.5933391834815 -1.0 3481.5933391834815 -1.0 1
492 0.25 nan 0.8 1.0 1.0 3484.5457105834844 3484.5465771634845 3485.044094073485 3484.035794913484 3486.6175993926045 3484.794119073485 -1.0 3484.794119073485 -1.0 1
493 0.0625 nan 0.8 1.0 1.0 3488.5457105434884 3488.5468770934885 3490.00823094349 3487.3370980834875 3491.584157462303 3489.7153935634897 -1.0 3489.7153935634897 -1.0 1
494 nan 0.0625 0.8 1.0 -1.0 3492.979000503493 3492.979833753493 3495.0884562034953 3492.3288655234924 3497.6453899391618 3493.5754741834935 1.0 3494.7597557434947 1.0 3
495 0.25 nan 0.8 1.0 1.0 3498.966868323499 3498.967801563499 3500.0186964635 3498.4053911434985 3501.5788266858267 3499.9187064635 -1.0 3499.9187064635 -1.0 1
496 nan 1.0 0.8 -1.0 1.0 3502.867211583503 3502.868044833503 3503.232441723503 3502.324132563502 3504.800443876041 3503.093955573503 1.0 3503.093955573503 1.0 1
497 0.25 nan 0.8 1.0 1.0 3506.195312073506 3506.1963453035064 3506.6453670635065 3505.5363446435053 3508.212265738662 3506.4067909235064 -1.0 3506.4067909235064 -1.0 1
498 1.0 nan 0.8 1.0 1.0 3510.10018821351 3510.1013214335103 3510.3525963035104 3508.958469063509 3511.9164948943917 3510.2624053235104 -1.0 3510.2624053235104 -1.0 1
499 0.125 nan 0.8 1.0 1.0 3513.4452203435135 3513.4462869035133 3529.5822398135297 3512.6598988835126 3531.149556449546 3529.0435603535293 1.0 3529.2565057235292 -1.0 2
500 0.25 nan 0.8 1.0 1.0 3533.928205173534 3533.929071753534 3551.5134798035515 3532.028361843532 3553.0831954036794 3534.6278018735347 -1.0 3550.857578733551 1.0 13
501 0.25 nan 0.8 1.0 1.0 3554.6113366535546 3554.612169903555 3556.5231454535565 3553.987399053554 3558.0777439891212 3554.821015683555 -1.0 3556.3360308335564 -1.0 4
502 0.0 nan 0.8 0.0 -1.0 3561.4662177635614 3561.4671176735615 3621.4684836036213 3558.824348643559 3623.9677387039046 3564.4881155435646 1.0 3618.2793025536184 1.0 22
503 0.125 nan 0.8 1.0 1.0 3625.2437727036254 3625.7610876336257 3668.171646153668 3625.1796457836253 3669.7476766587547 3631.3770259836315 1.0 3667.931703483668 -1.0 11
504 0.0 nan 0.8 -1.0 -1.0 3673.4927139936735 3673.4935805736736 3721.927070073722 3670.8080824836707 3724.4923937491435 3679.2555043236794 1.0 3721.915437903722 1.0 23
505 0.25 nan 0.8 1.0 1.0 3726.163879683726 3726.165046233726 3749.92616988375 3725.6237003737256 3751.4919824277495 3728.2513709137284 1.0 3749.62410009375 -1.0 9
506 0.0 nan 0.8 -1.0 -1.0 3757.5635727337576 3757.5647059537578 3762.2183072137623 3752.4223869037523 3764.780094418246 3762.099385773762 1.0 3762.099385773762 1.0 1
507 0.0 nan 0.8 -1.0 -1.0 3767.108084853767 3767.1089181037673 3770.7278895037707 3765.6367986637656 3773.296550534789 3768.872008443769 1.0 3770.5833039637705 1.0 2
508 0.0625 nan 0.8 -1.0 -1.0 3774.691559763775 3774.692526333775 3779.4824472937794 3774.085853673774 3782.041505418939 3778.4655823237786 1.0 3779.3430945637792 1.0 2
509 nan 0.0625 0.8 -1.0 1.0 3783.5963358637837 3783.5974024237835 3793.6287991837935 3782.869108593783 3795.196220580194 3793.2809006437933 1.0 3793.4294524537936 1.0 2
510 1.0 nan 0.8 1.0 1.0 3796.857742923797 3796.8586095037967 3797.2378382437973 3796.0271259937963 3798.79663858148 3797.049723723797 -1.0 3797.049723723797 -1.0 1
511 1.0 nan 0.8 1.0 1.0 3801.3743578838016 3801.3752244638013 3801.761252523802 3799.5584394937996 3803.3295658395214 3801.5883031538015 -1.0 3801.5883031538015 -1.0 1
512 1.0 nan 0.8 1.0 1.0 3805.091186163805 3805.092186063805 3805.3700916038056 3804.5678718338045 3806.9296905006204 3805.2714014738053 -1.0 3805.2714014738053 -1.0 1
513 1.0 nan 0.8 1.0 1.0 3808.207741143808 3808.2088077038084 3808.5626056538085 3807.6811938038077 3810.124631838082 3808.3966889138082 -1.0 3808.3966889138082 -1.0 1
514 1.0 nan 0.8 1.0 1.0 3811.5462739238114 3811.5471405038115 3811.970231523812 3810.876340923811 3813.524263419784 3811.7751177038117 -1.0 3811.7751177038117 -1.0 1
515 nan 0.25 0.8 -1.0 1.0 3816.795482283817 3816.796382193817 3817.725489273818 3814.2792672638143 3819.2743875973197 3816.763952103817 1.0 3817.5855699338176 1.0 3
516 nan 0.125 0.8 1.0 -1.0 3820.779450513821 3820.780350423821 3822.3463271438222 3820.06628850382 3824.9074230936308 3822.182410203822 -1.0 3822.182410203822 -1.0 1
517 nan 1.0 0.8 -1.0 1.0 3827.845443843828 3827.846610393828 3828.213173733828 3825.6873263438256 3829.7740676584276 3827.7994484438277 1.0 3828.041924193828 1.0 2
518 nan 1.0 0.2 -1.0 1.0 3831.979130433832 3831.980230323832 3832.4892794138327 3830.5521731438307 3834.040808516062 3832.2967653338324 1.0 3832.2967653338324 1.0 1
519 nan 0.25 0.2 -1.0 1.0 3835.3788570938354 3835.3798569938353 3837.066421653837 3834.8110138838347 3838.6242505833525 3836.934134883837 1.0 3836.934134883837 1.0 1
520 1.0 nan 0.2 1.0 1.0 3839.99576202384 3839.99679525384 3840.3953553938404 3839.3935555838393 3841.9572585256983 3840.2205728738404 -1.0 3840.2205728738404 -1.0 1
521 nan 0.125 0.2 0.0 -1.0 3843.195375363843 3843.1964419238434 3903.197807853903 3842.7143568038427 3905.6970258606184 3845.1432138938453 1.0 3902.0539889139022 -1.0 20
522 nan 0.25 0.2 -1.0 1.0 3907.006260303907 3907.4241185139076 3924.145179573924 3906.944833113907 3925.711095288021 3912.7891486239128 -1.0 3923.980862673924 1.0 4
523 0.25 nan 0.2 1.0 1.0 3929.1893084439293 3929.1901750239294 3929.7323208039297 3926.5987008639268 3931.3114166641376 3929.4033870339294 -1.0 3929.4033870339294 -1.0 1
524 nan 0.0625 0.2 1.0 -1.0 3938.072720013938 3938.073753243938 3946.6419963339467 3932.103616983932 3949.210444425056 3938.5496389839386 1.0 3946.5261412539467 -1.0 5
525 nan 0.25 0.2 1.0 -1.0 3950.7223882539506 3950.7232881639507 3999.896403694 3950.11444905395 4002.455261501507 3951.2137391139513 -1.0 3999.872372764 -1.0 20
526 nan 0.125 0.2 1.0 -1.0 4004.143412284004 4004.144378854004 4039.0076588440393 4003.5828683440036 4041.576559350943 4007.8044128140077 1.0 4038.8354427340387 -1.0 15
527 1.0 nan 0.2 1.0 1.0 4043.087884114043 4043.088950674043 4043.627463484044 4042.6102652140426 4045.1879910394127 4043.3251937140435 -1.0 4043.4889773340437 -1.0 2
528 nan 0.0625 0.2 -1.0 1.0 4048.959163594049 4048.960230154049 4101.935098804102 4045.966396234046 4103.492013872485 4053.252067594053 1.0 4101.852373744102 1.0 24
529 nan 0.125 0.2 -1.0 1.0 4107.003491914107 4107.004591804107 4107.157343194107 4104.7157207141045 4108.703541856896 4106.9642291741075 1.0 4107.039055024107 1.0 2
530 nan 0.25 0.2 1.0 -1.0 4111.608564694112 4111.609531264112 4118.914134064119 4109.486243614109 4121.475152258139 4118.136211864118 -1.0 4118.621563324119 -1.0 4
531 nan 1.0 0.2 -1.0 1.0 4123.486610104123 4123.487410024123 4125.683290414126 4122.341457964122 4127.236687518331 4123.431982234123 -1.0 4125.5414379341255 1.0 2
532 nan 0.0 0.2 1.0 -1.0 4128.574901224129 4128.576034444129 4133.265965404134 4128.021189934128 4135.819757787831 4131.943764304132 1.0 4132.875037834133 -1.0 3
533 nan 0.25 0.2 -1.0 1.0 4137.374654494138 4137.375587734137 4151.130878734151 4136.626962604137 4152.691496962054 4148.074417744148 1.0 4151.047953694151 1.0 4
534 nan 0.125 0.2 -1.0 1.0 4156.102881484157 4156.103714734156 4172.807744164173 4153.563202144153 4174.357858924823 4156.282830154157 -1.0 4172.753949544172 1.0 6
535 0.25 nan 0.2 1.0 1.0 4180.41908295418 4180.42011618418 4189.73105166419 4175.278063774175 4191.285669552475 4189.081949914189 -1.0 4189.345923514189 1.0 3
536 1.0 nan 0.2 1.0 1.0 4193.390852314194 4193.391652234193 4193.628495214194 4192.180573354192 4195.17409350938 4193.512240174194 -1.0 4193.512240174194 -1.0 1
537 0.0 nan 0.2 1.0 1.0 4197.518906134198 4197.519939364198 4201.309127074202 4195.951496224196 4202.852252626781 4200.909100414201 1.0 4201.057118944201 -1.0 2
538 nan 0.25 0.2 1.0 -1.0 4204.190638894204 4204.191872104204 4204.997191564205 4203.675157114204 4207.540187717714 4204.751549464205 -1.0 4204.751549464205 -1.0 1
539 nan 1.0 0.2 -1.0 1.0 4213.001924344213 4213.002790924213 4221.069384184221 4208.330191564209 4222.623502803555 4217.205937234217 1.0 4221.067051084221 1.0 6
540 0.125 nan 0.2 -1.0 -1.0 4224.701887564224 4224.702654154225 4239.245199754239 4223.512306534223 4241.785149735381 4237.672490374238 1.0 4239.215669374239 1.0 4
541 0.0 nan 0.2 -1.0 -1.0 4243.173473554243 4243.1744734542435 4244.707453474245 4242.694754764243 4247.256481272834 4243.579966234243 1.0 4244.346689554244 1.0 4
542 nan 0.125 0.2 1.0 -1.0 4253.084715664253 4253.085782224253 4268.346222694268 4248.0719836542485 4270.889665486021 4266.861704494267 1.0 4267.843872934268 1.0 3
543 nan 0.0625 0.2 1.0 -1.0 4272.951328804273 4272.952162054273 4284.0493855542845 4271.861371144272 4286.601083781587 4281.364087444282 -1.0 4283.968293664284 -1.0 4
544 nan 0.25 0.2 1.0 -1.0 4288.889434834289 4288.890334744289 4310.641459414311 4287.982992154288 4313.204965920172 4292.414515624292 1.0 4310.05298493431 -1.0 8
545 nan 0.125 0.2 1.0 -1.0 4315.983858454316 4315.984725034316 4318.3017266443185 4314.195270664314 4320.872316774268 4317.854838004318 -1.0 4317.854838004318 -1.0 1
546 nan 0.125 0.2 1.0 -1.0 4322.233733404322 4322.234666644323 4331.180238664331 4321.698820234322 4333.733625789071 4325.420114734326 1.0 4331.161173904331 -1.0 3
547 nan 0.25 0.2 -1.0 1.0 4335.1388760943355 4335.139875994335 4340.327557174341 4334.588431144334 4341.888381866667 4335.959394034336 1.0 4340.32499076434 1.0 3
548 nan 0.0 0.2 -1.0 1.0 4343.266796554343 4343.2678631143435 4369.372585714369 4342.712085364343 4370.938490917412 4351.215934894351 -1.0 4369.051117864369 1.0 4
549 nan 0.0625 0.2 1.0 -1.0 4372.516571284373 4372.517471194373 4373.154807454373 4371.935096104372 4375.704733162392 4372.683054634373 1.0 4372.947761494373 -1.0 2
550 nan 0.0 0.2 1.0 -1.0 4377.116344594378 4377.117411154377 5694.182958095695 4376.509238644377 4379.988473001621 4377.2666962243775 -1.0 5678.538189395678 1.0 523
