KS094 3f859b5c-e73a-4044-b49e-34bb81e96715 cortexlab 2022-06-17 _iblrig_tasks_ephysChoiceWorld6.5.3 M 176 490
0 1.0 nan 0.5 1.0 1.0 181.38237435375808 181.28424978017225 181.59862171565513 154.2208324441123 183.16584615903017 181.42243744392457 -1.0 181.42243744392457 -1.0 1
1 0.125 nan 0.5 1.0 1.0 185.78741444167417 185.78824770062107 186.70179947963405 183.85145393482642 188.25392601490677 185.8762731757706 -1.0 186.65053738922134 -1.0 2
2 1.0 nan 0.5 1.0 1.0 192.2322391012206 192.23320568159903 192.6171714043262 188.91213549251395 194.18229946127772 192.38685863140566 -1.0 192.38685863140566 -1.0 1
3 nan 0.0625 0.5 1.0 -1.0 196.25391341285132 196.25484666287184 197.0908720294661 194.84970543555127 199.63727840909547 196.70427320846676 -1.0 196.70427320846676 -1.0 1
4 0.25 nan 0.5 1.0 1.0 203.28221931736843 203.28315256738895 203.5300305281737 200.29338613558758 205.09875578999018 203.41084116841046 -1.0 203.41084116841046 -1.0 1
5 0.0 nan 0.5 1.0 1.0 208.5873123893579 208.58847895188356 209.33901195052687 205.76666419341745 210.8873365949896 208.7206338208604 -1.0 209.2961491102988 -1.0 3
6 0.125 nan 0.5 1.0 1.0 212.13229592265142 212.1331291815983 212.70407821200774 211.5797452497893 214.26560230144383 212.51156206491814 -1.0 212.51156206491814 -1.0 1
7 nan 0.125 0.5 1.0 -1.0 215.43713422745105 215.4381341381873 217.11011821066015 214.90881472476454 219.6540887583572 216.92486808158742 -1.0 216.92486808158742 -1.0 1
8 0.0625 nan 0.5 1.0 1.0 222.49853717733868 222.4994370970013 222.7460150845652 220.3325972011491 224.31553840634174 222.57989658091307 -1.0 222.57989658091307 -1.0 1
9 0.125 nan 0.5 1.0 1.0 226.73722544909754 226.7380920384023 227.07319545648383 225.03084444729708 228.62049193156767 226.9056104170852 -1.0 226.9056104170852 -1.0 1
10 1.0 nan 0.5 1.0 1.0 230.33197120669936 230.33307110850924 230.55521794375028 229.27979846928164 232.1037440179359 230.44476113775048 -1.0 230.44476113775048 -1.0 1
11 0.0625 nan 0.5 1.0 1.0 234.78214059917906 234.78304051884172 235.0875799987513 232.77255333178405 236.6371093315863 234.92676102200141 -1.0 234.92676102200141 -1.0 1
12 nan 0.25 0.5 -1.0 1.0 239.94831273954296 239.94937931099497 240.41287126761338 237.2909166364773 241.97029328793903 240.24051998703854 1.0 240.24051998703854 1.0 1
13 nan 0.25 0.5 -1.0 1.0 243.51549429118162 243.5163608804864 243.90542614796854 242.67620254951552 245.46555323819086 243.7581059661583 1.0 243.7581059661583 1.0 1
14 nan 0.25 0.5 -1.0 1.0 247.97039659447967 247.9713298445002 248.2698031992764 246.11176251790337 249.82042234462588 248.16891220598689 1.0 248.16891220598689 1.0 1
15 0.0 nan 0.5 -1.0 -1.0 251.5317453334901 251.53264525315277 252.0073362100174 250.55243275838853 254.55377786548476 251.86024934071227 1.0 251.86024934071227 1.0 1
16 0.25 nan 0.5 1.0 1.0 255.79866441836964 255.79963099874803 256.04190937014596 255.20538404818353 257.59843430022306 255.92421987648711 -1.0 255.92421987648711 -1.0 1
17 0.0 nan 0.5 -1.0 -1.0 260.25363338238344 260.2546332931197 260.6859614543882 258.24884568652254 263.23710275034756 260.5207428703987 1.0 260.5207428703987 1.0 1
18 nan 1.0 0.5 -1.0 1.0 264.38179818742674 264.38259811601574 264.72963380221677 263.8880089354994 266.28165828730835 264.5933792992212 1.0 264.5933792992212 1.0 1
19 nan 0.125 0.5 -1.0 1.0 268.020373365635 268.02127328529764 268.406272249119 266.9420696276428 269.96530131150627 268.28914937154406 1.0 268.28914937154406 1.0 1
20 0.125 nan 0.5 1.0 1.0 272.0701784993127 272.07124507076475 272.43864560562776 270.6323068605583 273.99876322523903 272.3214227369792 -1.0 272.3214227369792 -1.0 1
21 nan 1.0 0.5 -1.0 1.0 276.6036404561236 276.60457370614415 276.8826155515426 274.73127427210255 278.4484386251712 276.7596598613394 1.0 276.7596598613394 1.0 1
22 0.25 nan 0.5 1.0 1.0 280.8201640398952 280.82123061134723 281.25205881724753 279.1301482438117 282.8314859463771 280.96778419492637 -1.0 280.96778419492637 -1.0 1
23 0.25 nan 0.5 1.0 1.0 285.0202557572341 285.02118900725463 285.4742152315001 283.5007914024002 287.02024431873616 285.2125385918186 -1.0 285.2125385918186 -1.0 1
24 1.0 nan 0.5 1.0 1.0 288.3316934728931 288.33252673184 288.87217855620423 287.6761519941954 290.4203053175476 288.50411141418374 1.0 288.61196845226925 -1.0 2
25 nan 0.25 0.5 -1.0 1.0 292.2316119872042 292.2325119068668 293.84633450484665 291.0720155063533 295.4153615253992 293.5832246597765 1.0 293.5832246597765 1.0 1
26 nan 0.25 0.5 -1.0 1.0 297.07014670965066 297.0711466203869 297.51590691587927 296.1018664830059 299.07012106990913 297.3154914739731 1.0 297.3154914739731 1.0 1
27 nan 0.0625 0.5 1.0 -1.0 300.3486207013707 300.3494872906754 301.33679915166715 299.8430325027553 303.91559387450826 300.49974054397876 -1.0 301.01919417147036 -1.0 3
28 1.0 nan 0.5 1.0 1.0 308.67004450038837 308.6711110718404 308.985549668039 304.64630370656937 310.56467444327205 308.81963114653416 -1.0 308.81963114653416 -1.0 1
29 0.0625 nan 0.5 1.0 1.0 312.0202120918989 312.0210786812036 312.7001180622037 311.25328055718074 314.2700379989142 312.17446498814724 -1.0 312.17446498814724 -1.0 1
30 1.0 nan 0.5 1.0 1.0 315.76484446886735 315.76574438853 316.15767606678946 314.95974967438167 317.73159612405914 315.97185932163285 -1.0 315.97185932163285 -1.0 1
31 nan 0.125 0.5 1.0 -1.0 319.1867389905262 319.1877055709046 324.46736757983496 318.44160550985873 327.02013239028605 324.33871239843506 -1.0 324.33871239843506 -1.0 1
32 nan 0.0625 0.5 1.0 -1.0 328.44844551557316 328.4493454352358 328.8023472554965 327.7413419732418 331.3810844894151 328.64506129668143 -1.0 328.64506129668143 -1.0 1
33 nan 0.125 0.5 1.0 -1.0 332.6033079372748 332.60434117836894 332.8579852018025 332.0454910678684 335.4317383947083 332.7144980111479 -1.0 332.7144980111479 -1.0 1
34 1.0 nan 0.5 1.0 1.0 337.33658538955007 337.3376519610021 337.58096357349416 336.25454865147583 339.13678941373666 337.4579745529331 -1.0 337.4579745529331 -1.0 1
35 nan 1.0 0.5 -1.0 1.0 342.51478978910706 342.51562304805395 342.7631676159962 339.82179686383023 344.33148806917416 342.6480445598938 1.0 342.6480445598938 1.0 1
36 1.0 nan 0.5 1.0 1.0 345.8199280671276 345.82092797786385 346.17709618212274 345.00890046894 347.7367262798407 345.93655098933436 -1.0 345.93655098933436 -1.0 1
37 nan 0.0625 0.5 1.0 -1.0 349.19855978426386 349.19959302535796 351.74156609910034 348.4077303829489 354.31492944059977 351.6059782032623 -1.0 351.6059782032623 -1.0 1
38 nan 0.125 0.5 -1.0 1.0 357.0032297147779 357.00422962551414 357.3623643208877 355.0407382430611 358.920089612408 357.2340424430666 1.0 357.2340424430666 1.0 1
39 nan 0.25 0.5 -1.0 1.0 361.0318034104888 361.03286998194085 361.3028125503755 359.61599646864806 362.8533411829399 361.19888849451934 1.0 361.19888849451934 1.0 1
40 nan 1.0 0.5 -1.0 1.0 364.1480252200703 364.1488584790172 364.60438448010336 363.5217477955873 366.16987945783046 364.387937136059 1.0 364.387937136059 1.0 1
41 nan 1.0 0.5 -1.0 1.0 367.51452468693986 367.5155245976761 367.7849005500269 366.8368851809705 369.3477221710459 367.65654534184785 1.0 367.65654534184785 1.0 1
42 0.25 nan 0.5 1.0 1.0 372.10304839496126 372.10381499319243 372.46908238515135 370.06663018947637 374.0199016970584 372.2984309528282 -1.0 372.2984309528282 -1.0 1
43 0.125 nan 0.5 1.0 1.0 375.48138013887666 375.48248004068654 376.51155484009644 374.74591246199316 378.06997033124355 376.3255381127926 -1.0 376.3255381127926 -1.0 1
44 0.125 nan 0.5 1.0 1.0 379.43126085964326 379.432127448948 379.93668240646923 378.8214819623087 381.48641085859833 379.77643004580324 -1.0 379.77643004580324 -1.0 1
45 nan 0.25 0.5 -1.0 1.0 383.6974466766495 383.6984465873858 384.2709621446154 382.16351694649757 385.8317844594134 383.8252685991025 -1.0 384.0311168893424 1.0 2
46 0.25 nan 0.5 1.0 1.0 387.95313343092494 387.95410001130335 390.414247056461 386.50849572952177 391.9811699712284 390.31102293812023 -1.0 390.31102293812023 -1.0 1
47 nan 0.0 0.5 1.0 -1.0 393.4531424357711 393.4540756857916 394.5490446027216 392.68777742787313 397.1030460878456 394.2525044087022 -1.0 394.3973914743875 -1.0 2
48 0.0625 nan 0.5 1.0 1.0 398.4644950638027 398.46536165310744 398.9428523600336 397.78825543286416 400.4864837518704 398.67850929172204 -1.0 398.67850929172204 -1.0 1
49 0.25 nan 0.5 1.0 1.0 401.6812079023792 401.6823744649048 402.46610449999224 401.1518884889564 404.0312490505831 401.83012794136744 -1.0 402.39364430197065 -1.0 2
50 0.0 nan 0.5 1.0 1.0 405.2529557130468 405.25402228449883 405.7728759655487 404.79206352434267 407.3479021416364 405.62588908731715 -1.0 405.62588908731715 -1.0 1
51 nan 0.125 0.5 -1.0 1.0 408.71981288747986 408.72064614642676 409.41301767057706 408.00960962186605 410.969742913627 409.0143865903846 1.0 409.3156596952224 1.0 2
52 0.0625 nan 0.5 1.0 1.0 415.6478610755071 415.64896097731696 415.93180239424953 411.6796486579089 417.4976289618408 415.7962144984115 -1.0 415.7962144984115 -1.0 1
53 nan 0.25 0.5 -1.0 1.0 419.60297466246016 419.6039412428386 419.9291788749889 418.1702358988186 421.4977029663554 419.72759687055714 -1.0 419.72759687055714 -1.0 1
54 nan 0.125 0.5 -1.0 1.0 422.7695919731496 422.77062521424375 423.6775109216816 422.1521137631458 425.247639757567 423.57158704435284 1.0 423.57158704435284 1.0 1
55 0.25 nan 0.5 1.0 1.0 427.5029360861406 427.50390266651897 427.8414725310833 425.9187441763122 429.4029979325318 427.6477231607523 -1.0 427.6477231607523 -1.0 1
56 1.0 nan 0.5 1.0 1.0 430.71381611208886 430.7152159871196 431.95893829124856 430.0785061606216 433.5310636819864 431.8340161099307 -1.0 431.8340161099307 -1.0 1
57 nan 1.0 0.5 -1.0 1.0 434.71962517337073 434.72055842339125 435.25957697095583 434.1821731526263 436.8304036770085 434.95140448203784 1.0 435.1656853528202 1.0 2
58 0.125 nan 0.5 1.0 1.0 438.23627790246996 438.2371778221326 438.9114509619565 437.5115092704645 440.4812714830537 438.3862311825524 -1.0 438.8399906746711 -1.0 2
59 nan 1.0 0.5 -1.0 1.0 442.15282826536094 442.1538281760972 442.5046968534539 441.15378411839697 444.05302532473445 442.30364813474813 1.0 442.30364813474813 1.0 1
60 nan 0.0625 0.5 -1.0 1.0 445.6143525825339 445.6154858147017 446.2562619448605 444.71853255391073 447.8028594360452 445.9672877420789 1.0 446.07534476231166 1.0 2
61 nan 0.0 0.5 1.0 -1.0 449.66399106442225 449.66515762694786 452.0371458755245 448.4751638597145 454.59777134141046 451.90999056022906 -1.0 451.90999056022906 -1.0 1
62 0.0625 nan 0.5 1.0 1.0 457.98591481880806 457.98678140811285 458.38161282750747 455.3503834305088 459.93604206508513 457.97894877401205 -1.0 458.2221603954305 -1.0 2
63 nan 0.25 0.5 -1.0 1.0 461.73121380293406 461.73208039223886 462.2123708492266 460.58734925100055 463.7693946659701 461.925796432212 1.0 461.925796432212 1.0 1
64 nan 0.125 0.5 -1.0 1.0 465.6142004954443 465.61506708474906 465.90334135001535 464.4622033361891 467.4528655964612 465.74125581966615 -1.0 465.74125581966615 -1.0 1
65 nan 0.0 0.5 -1.0 1.0 468.8135815479255 468.81471478009325 469.25007591466465 468.1157771754414 470.80290491200765 469.1354528139304 1.0 469.1354528139304 1.0 1
66 0.0625 nan 0.5 1.0 1.0 472.1141868972749 472.11505348657965 472.9511455138897 471.4879094727919 474.5144668925963 472.146850647993 -1.0 472.9340470402995 -1.0 2
67 nan 0.125 0.5 -1.0 1.0 475.96937607131684 475.9703759820531 476.291180676606 475.19667838468627 477.84720838589084 476.197389049544 1.0 476.197389049544 1.0 1
68 nan 0.125 0.5 -1.0 1.0 479.1527918823756 479.1536918020382 479.80533362886456 478.52291477924206 481.3527529773222 479.5471233464021 1.0 479.5471233464021 1.0 1
69 0.25 nan 0.5 1.0 1.0 482.7143739338911 482.71534051426954 482.959085421414 482.1030618400943 484.5028111346244 482.850828419034 -1.0 482.850828419034 -1.0 1
70 nan 0.0625 0.5 1.0 -1.0 488.2304148408754 488.2313147605381 488.51565604357506 485.1592223447839 491.0809943759557 488.3529039060684 -1.0 488.3529039060684 -1.0 1
71 nan 0.0625 0.5 -1.0 1.0 492.45263791584375 492.45363782658006 492.8670342553114 491.7535003290447 494.41935433118647 492.57152730238613 -1.0 492.57152730238613 -1.0 1
72 nan 0.0625 0.5 -1.0 1.0 496.08118065633147 496.08228055814135 496.6606622583571 495.1242660817223 498.23069225974575 496.5166751123344 1.0 496.5166751123344 1.0 1
73 0.0 nan 0.5 -1.0 -1.0 500.3359008302285 500.3369340713227 501.69224641361916 498.90219548620854 504.2359848514021 501.43843573839627 1.0 501.43843573839627 1.0 1
74 1.0 nan 0.5 1.0 1.0 505.6804237155849 505.6815902781105 505.9269017120751 504.8872945195765 507.4693431707924 505.7937136020041 -1.0 505.7937136020041 -1.0 1
75 nan 0.0625 0.5 1.0 -1.0 511.91410055798923 511.915233790157 512.1582120990703 508.30325623753345 514.7138465395807 512.0132250423113 -1.0 512.0132250423113 -1.0 1
76 nan 0.0 0.5 -1.0 1.0 516.0858948014917 516.0868613818701 516.609448063002 515.4090552241114 518.1526801662376 516.2509134033339 -1.0 516.2509134033339 -1.0 1
77 nan 0.25 0.5 -1.0 1.0 524.1973706762509 524.1985039084186 524.5235748887796 518.8206839955445 526.0806954395154 524.3189264914232 -1.0 524.3189264914232 -1.0 1
78 0.0625 nan 0.5 -1.0 -1.0 527.6190652157625 527.6201651175724 527.9738335449906 526.7973052423389 530.5307649346112 527.7584527723983 -1.0 527.7584527723983 -1.0 1
79 nan 1.0 0.5 -1.0 1.0 531.7357310473386 531.7371309223695 532.046769947034 531.2420751168428 533.6138984804588 531.8801514880138 1.0 531.8801514880138 1.0 1
80 0.0625 nan 0.5 -1.0 -1.0 534.8856831790903 534.8867830809002 535.4168024318384 534.2917028713888 537.9975668411828 535.1002306927356 -1.0 535.3671401986037 1.0 2
81 nan 0.0 0.5 1.0 -1.0 540.0857856237716 540.0867855345078 540.40775688085 538.6944764949693 542.9807284096181 540.20787472467 -1.0 540.20787472467 -1.0 1
82 0.125 nan 0.5 1.0 1.0 544.6358460988044 544.6367460184671 544.9354860161063 543.9694389234393 546.5025792467395 544.818463129605 -1.0 544.818463129605 -1.0 1
83 0.25 nan 0.5 1.0 1.0 553.6639068151433 553.6650733776689 553.8958861059576 547.1597874489361 555.4524087078137 553.7625980048131 -1.0 553.7625980048131 -1.0 1
84 0.125 nan 0.5 1.0 1.0 557.5305949626523 557.5316948644622 557.8299682370912 556.1650168701301 559.3969861414075 557.7032128860902 -1.0 557.7032128860902 -1.0 1
85 0.125 nan 0.5 -1.0 -1.0 561.019016878631 561.0200167893672 561.1810357482643 560.0902997867845 563.735743617048 561.01228414634 -1.0 561.01228414634 -1.0 1
86 nan 1.0 0.5 -1.0 1.0 567.0636106008069 567.0646771722588 567.329686847728 564.3897493009507 568.8856121666304 567.2049979789152 1.0 567.2049979789152 1.0 1
87 nan 0.0625 0.5 -1.0 1.0 572.2308159822649 572.2316492412118 572.7815668158017 569.5773195310707 574.3356893877767 572.6248141427126 1.0 572.6248141427126 1.0 1
88 nan 1.0 0.5 -1.0 1.0 576.3972773685073 576.3983106096014 576.6205241055582 575.0409984458324 578.1967411899 576.5192998086899 1.0 576.5192998086899 1.0 1
89 0.0625 nan 0.5 1.0 1.0 579.6022245907536 579.6032911622057 580.6208669881485 578.9434500673419 582.1856937567483 579.8940985346705 -1.0 580.5367744952283 -1.0 3
90 nan 1.0 0.8 -1.0 1.0 583.8803760062373 583.8812759258999 584.1692502179453 582.8580006087603 585.7355436063372 584.034528911412 1.0 584.034528911412 1.0 1
91 0.0625 nan 0.8 1.0 1.0 588.1967573422043 588.1975906011511 588.5264945726678 586.4119500083225 590.0856175812669 588.4220372310856 -1.0 588.4220372310856 -1.0 1
92 0.25 nan 0.8 1.0 1.0 592.6630586278958 592.6639252172005 592.9899627779399 590.7701276130655 594.5522854255748 592.809045595391 -1.0 592.809045595391 -1.0 1
93 0.0 nan 0.8 -1.0 -1.0 595.9970609958366 595.9978942547834 596.471551970554 595.2542939705783 599.0353557776798 596.2826688324728 -1.0 596.2826688324728 -1.0 1
94 0.0625 nan 0.8 1.0 1.0 600.9971479629062 600.9982145343582 601.3126864609147 599.6949642110634 602.8801090314499 601.1836313152203 -1.0 601.1836313152203 -1.0 1
95 0.25 nan 0.8 1.0 1.0 604.2854877405574 604.2865209816515 604.5825278899449 603.5892165645356 606.1352550086391 604.4377741456912 -1.0 604.4377741456912 -1.0 1
96 nan 0.0625 0.8 1.0 -1.0 607.5472298926238 607.5481964730022 610.6108230671198 606.8071626263535 613.1800511159589 608.2127704786843 1.0 610.5471620835773 -1.0 4
97 0.25 nan 0.8 1.0 1.0 614.5521712162702 614.5531711270064 614.795282846615 613.9377593991909 616.3522018349711 614.6818596387642 -1.0 614.6818596387642 -1.0 1
98 1.0 nan 0.8 1.0 1.0 619.2128884794502 619.2138217294707 619.441234761256 617.0724128966776 621.0133589499011 619.3322111606449 -1.0 619.3322111606449 -1.0 1
99 0.0625 nan 0.8 1.0 1.0 624.2689037870351 624.2697703763399 624.7354288062203 621.7064658735571 626.2854509878227 624.3854267181683 -1.0 624.6657350279023 -1.0 2
100 1.0 nan 0.8 1.0 1.0 628.4131004942166 628.4141004049529 628.7005748308939 626.9708625785805 630.2521050442136 628.550188256159 -1.0 628.550188256159 -1.0 1
101 1.0 nan 0.8 1.0 1.0 631.5962496624123 631.597416224938 632.1199362453541 630.9077111294177 633.6802612409037 631.9322196697987 -1.0 631.9322196697987 -1.0 1
102 0.25 nan 0.8 1.0 1.0 643.5186186655967 643.5197185674066 643.7786954481003 634.3465708032352 645.3472162706996 643.6593394365476 -1.0 643.6593394365476 -1.0 1
103 0.125 nan 0.8 1.0 1.0 646.8686196053178 646.8697195071278 647.331944910147 646.0648246947893 648.8853710357819 647.1788252460663 -1.0 647.1788252460663 -1.0 1
104 0.125 nan 0.8 1.0 1.0 650.1132299534362 650.1140298820252 650.5305926947548 649.5548797983038 652.0967109572914 650.3273108420714 -1.0 650.3273108420714 -1.0 1
105 nan 0.0625 0.8 -1.0 1.0 653.5852200029822 653.5863532351499 654.205631284479 652.8636177549748 655.7798543744435 653.912990742331 1.0 653.912990742331 1.0 1
106 0.0625 nan 0.8 1.0 1.0 657.1352697506727 657.1363363221247 657.5572987420938 656.4789616737438 659.1186205377502 657.3012216025355 -1.0 657.4335764536596 -1.0 2
107 0.0625 nan 0.8 1.0 1.0 660.2797557037327 660.2806556233954 660.5735294780485 659.7855331571529 662.13515917778 660.2522248281275 -1.0 660.2522248281275 -1.0 1
108 0.25 nan 0.8 1.0 1.0 663.5135670158994 663.5146335873515 664.3437929002233 662.8007639823713 665.9135174096297 663.644188688414 -1.0 664.1944728969405 -1.0 3
109 0.25 nan 0.8 1.0 1.0 667.1184785326533 667.1192784612423 667.6022353468601 666.5817264494243 669.1633634952888 667.282030598749 -1.0 667.282030598749 -1.0 1
110 0.125 nan 0.8 1.0 1.0 671.751931563091 671.7529314738274 671.989110389734 669.8130713151081 673.5466347153949 671.8629883155327 -1.0 671.8629883155327 -1.0 1
111 0.25 nan 0.8 1.0 1.0 675.9518899589984 675.9529232000926 676.2133666165328 674.2256440639042 677.7685928612215 676.056780595233 -1.0 676.056780595233 -1.0 1
112 0.25 nan 0.8 1.0 1.0 683.2128417614874 683.2139749936553 683.4912502408225 678.4540999157953 685.0518945602306 683.3379972553104 -1.0 683.3379972553104 -1.0 1
113 nan 1.0 0.8 -1.0 1.0 688.6792870959529 688.6802203459733 688.9342310033435 685.8652049805139 690.4850548583445 688.8351398493793 1.0 688.8351398493793 1.0 1
114 0.0625 nan 0.8 1.0 1.0 694.9299957512317 694.9308623405364 695.2296356685334 691.2064614907983 696.7966577156586 695.0847152724903 -1.0 695.0847152724903 -1.0 1
115 0.25 nan 0.8 1.0 1.0 699.7850290008265 699.7861622329943 700.0591045336378 697.4776683161707 701.6297266434523 699.8946525478794 -1.0 699.8946525478794 -1.0 1
116 0.125 nan 0.8 1.0 1.0 703.9184600024142 703.9194932435083 704.4866759434778 702.3380344230258 706.0462010280872 704.220533035841 -1.0 704.220533035841 -1.0 1
117 0.125 nan 0.8 1.0 1.0 708.368329421673 708.3694626538409 708.7697269215691 706.7119106263282 710.3184539555458 708.5384142379123 -1.0 708.5384142379123 -1.0 1
118 nan 0.25 0.8 -1.0 1.0 711.5298805179654 711.530780437628 711.8913815794843 711.0038608099723 713.4351040470807 711.7235632275806 1.0 711.7235632275806 1.0 1
119 0.0625 nan 0.8 1.0 1.0 715.0797969442244 715.0807635246028 715.435531853831 714.1295151108326 716.9966576967169 715.1703888569305 -1.0 715.1703888569305 -1.0 1
120 nan 0.0625 0.8 -1.0 1.0 718.1683878871271 718.1694211282212 718.3845685883083 717.6627663581538 719.9350891002456 718.2669124250074 1.0 718.2669124250074 1.0 1
121 nan 0.0625 0.8 1.0 -1.0 723.4962789239034 723.4974121560713 723.8767449590537 720.7080944965338 726.4348836296587 723.6389995163269 -1.0 723.6389995163269 -1.0 1
122 0.0 nan 0.8 1.0 1.0 729.363021856455 729.3640550975492 729.6091332190086 727.0884915743068 731.1633554712055 729.4785782072098 -1.0 729.4785782072098 -1.0 1
123 nan 0.25 0.2 -1.0 1.0 741.4181123447001 741.4190122643629 741.741083512515 731.8653651346833 743.2964406099842 741.6114284203788 1.0 741.6114284203788 1.0 1
124 0.125 nan 0.2 1.0 1.0 745.7681240117637 745.7690239314263 746.0525652858743 744.0022483211552 747.6298761346384 745.9064116665896 -1.0 745.9064116665896 -1.0 1
125 nan 0.125 0.2 -1.0 1.0 749.3848678055634 749.3856677341524 751.0915487805847 748.5004800896916 752.6514688040112 750.6894513431732 -1.0 751.0579517798461 1.0 3
126 nan 0.0 0.2 1.0 -1.0 757.2625978805407 757.2636644519928 761.0216289721116 753.3312821691109 763.5961305438949 760.7653518504059 -1.0 760.7653518504059 -1.0 1
127 1.0 nan 0.2 1.0 1.0 764.7514626701833 764.7522959291301 764.9887414878998 764.2677391863343 766.5514656014439 764.8793512533521 -1.0 764.8793512533521 -1.0 1
128 nan 0.25 0.2 -1.0 1.0 770.7297289801867 770.7305955694915 771.1057287473816 767.2557724395261 772.6681522950536 770.8849484568135 -1.0 770.8849484568135 -1.0 1
129 nan 0.0 0.2 1.0 -1.0 774.1629558235232 774.1639224039017 775.6412571863808 773.3644604398969 778.2131178587663 775.3507497871369 -1.0 775.3507497871369 -1.0 1
130 nan 0.0625 0.2 1.0 -1.0 781.3348155794107 781.3359821419364 781.6092577461586 778.9817256437495 784.1680205728909 781.456638037446 -1.0 781.456638037446 -1.0 1
131 nan 0.0625 0.2 -1.0 1.0 785.596168494525 785.597235065977 785.9300386893651 784.8796324609149 787.4960655590912 785.7923843113388 1.0 785.7923843113388 1.0 1
132 0.0625 nan 0.2 -1.0 -1.0 788.6680275977741 788.6688941870788 789.219545029542 788.172271854732 791.7965159490041 789.0889233570274 1.0 789.0889233570274 1.0 1
133 nan 0.25 0.2 -1.0 1.0 794.2513624973092 794.2521957562561 794.5340705928103 792.4576226275168 796.08469561435 794.4330796084471 1.0 794.4330796084471 1.0 1
134 nan 0.0 0.2 -1.0 1.0 799.9127570949892 799.913856996799 800.3400522829546 796.7343075072538 801.9125751466186 799.9995160165394 -1.0 799.9995160165394 -1.0 1
135 nan 0.0625 0.2 -1.0 1.0 804.0679528202695 804.0688527399321 804.3305960403295 802.6196821098579 805.8955214254646 804.2262386898209 1.0 804.2262386898209 1.0 1
136 nan 0.125 0.2 -1.0 1.0 807.1512775666278 807.1521774862904 807.5771395492046 806.5813284469546 809.1346643051648 807.4390185461681 1.0 807.4390185461681 1.0 1
137 1.0 nan 0.2 1.0 1.0 810.362690878302 810.3638241104699 810.8664125768763 809.8199726610133 812.4180072509731 810.5191769085282 -1.0 810.7537559672568 -1.0 2
138 1.0 nan 0.2 1.0 1.0 815.7793739884592 815.780473890269 816.0735810574272 813.0913139561479 817.6344890657942 815.92009475941 -1.0 815.92009475941 -1.0 1
139 0.0 nan 0.2 -1.0 -1.0 821.2126556168382 821.213788849006 821.4614667383797 818.4695005029586 824.0178997021846 821.1981902415203 -1.0 821.1981902415203 -1.0 1
140 nan 0.125 0.2 1.0 -1.0 825.2792592508853 825.2801258401901 828.5910969308388 824.7029107024999 831.1511005185151 825.5375028637056 1.0 825.9260015151038 -1.0 2
141 nan 0.0 0.2 -1.0 1.0 832.2957995390723 832.2967661194507 833.3668372590475 831.8195087250297 834.9179331340752 832.6275365910084 1.0 832.9455082051418 1.0 2
142 nan 0.25 0.2 -1.0 1.0 838.4293186560604 838.4304185578703 838.7171929570321 835.6063373350687 840.278811819742 838.5632733643625 -1.0 838.5632733643625 -1.0 1
143 nan 0.125 0.2 -1.0 1.0 841.617600699369 841.618400627958 842.0372632353809 841.0032222126476 843.6012572171677 841.9063082592876 1.0 841.9063082592876 1.0 1
144 nan 0.25 0.2 -1.0 1.0 846.0458387163666 846.0467386360292 846.4365038410267 844.2694639630273 847.9845268208273 846.2183233183729 1.0 846.2183233183729 1.0 1
145 nan 1.0 0.2 -1.0 1.0 849.2293545184989 849.230387759593 849.6810475284293 848.6864363190629 851.2344751038213 849.384207361189 1.0 849.384207361189 1.0 1
146 nan 0.0625 0.2 -1.0 1.0 852.4956962599522 852.4967295010464 853.2717936430861 851.9005827200829 854.8344215912682 852.8073351060892 1.0 853.2512954729926 1.0 2
147 nan 0.25 0.2 -1.0 1.0 856.1788341266401 856.1797007159449 856.4990722051092 855.5010279688814 858.0623799738605 856.3878821312361 1.0 856.3878821312361 1.0 1
148 0.0 nan 0.2 -1.0 -1.0 865.384279007593 865.3853455790451 865.8510040089254 858.871293766191 868.40113788232 865.6089589500326 -1.0 865.6089589500326 -1.0 1
149 nan 0.25 0.2 -1.0 1.0 869.629100065201 869.6300333152216 869.9170410268886 869.1095464466358 871.4677694390873 869.8069508548253 1.0 869.8069508548253 1.0 1
150 nan 0.125 0.2 -1.0 1.0 872.6626959176089 872.6636624979873 873.0554941851731 872.1551745582367 874.6287182604522 872.9040077086283 1.0 872.9040077086283 1.0 1
151 nan 0.25 0.2 -1.0 1.0 877.4008729324918 877.4019728343018 877.6794480636163 875.284028573453 879.2455776501275 877.5799236149996 1.0 877.5799236149996 1.0 1
152 nan 1.0 0.2 -1.0 1.0 880.7007783443258 880.7016116032728 881.2727272854715 879.8957835409138 882.8342478335734 880.8599974638977 1.0 881.2619282495199 1.0 2
153 nan 1.0 0.2 -1.0 1.0 885.4122577425505 885.4132909836446 885.7234632940352 883.5187601116363 887.2951930688256 885.5733433621634 1.0 885.5733433621634 1.0 1
154 nan 0.125 0.2 -1.0 1.0 889.6841430507535 889.6852762829212 890.1387358018192 887.9627967182669 891.7123579476137 889.998881620173 1.0 889.998881620173 1.0 1
155 0.25 nan 0.2 1.0 1.0 892.9507847654277 892.9515846940167 893.2456917719112 892.4156658697345 894.8118120328321 893.1204029566567 -1.0 893.1204029566567 -1.0 1
156 nan 1.0 0.2 -1.0 1.0 896.250856829051 896.2519234005031 896.4974348166149 895.501323741144 898.0509638725337 896.4030765734691 1.0 896.4030765734691 1.0 1
157 nan 0.0625 0.2 -1.0 1.0 900.195804656852 900.196904558662 900.6788948639014 898.6874726415485 902.2342111122412 900.5659716114187 1.0 900.5659716114187 1.0 1
158 nan 0.0625 0.2 1.0 -1.0 905.9291261668276 905.9302260686375 906.6855586388149 903.0379176032644 909.2454253014165 906.1032772867277 -1.0 906.1032772867277 -1.0 1
159 0.25 nan 0.2 1.0 1.0 913.9342448696055 913.9351781196261 914.260282430345 909.937734978171 915.8173079538755 914.0783320067019 -1.0 914.0783320067019 -1.0 1
160 nan 0.125 0.2 1.0 -1.0 918.8121760750611 918.8131759857973 919.5855403688491 916.5050153725525 922.1342106061143 918.7869783245071 -1.0 919.0151912848816 1.0 2
161 0.25 nan 0.2 1.0 1.0 924.3119184370441 924.3128183567069 924.5726284963473 922.7936206447359 926.1453534967802 924.4556722705618 -1.0 924.4556722705618 -1.0 1
162 nan 0.0625 0.2 1.0 -1.0 927.5508292939659 927.5518292047021 927.8961651319152 926.8533582250606 930.4620302052477 927.7213807352155 -1.0 927.7213807352155 -1.0 1
163 nan 0.25 0.2 -1.0 1.0 931.7340558502196 931.7351224216717 932.0805582506947 931.1387423282032 933.6341812084675 931.926671988383 1.0 931.926671988383 1.0 1
164 nan 0.0625 0.2 -1.0 1.0 937.3955504389733 937.3964503586359 937.7861489029176 934.3395899164309 939.3341453238363 937.5425373172047 -1.0 937.5425373172047 -1.0 1
165 nan 0.125 0.2 -1.0 1.0 942.6784454926175 942.6794454033538 942.9733191687432 940.0082505321276 944.5174405832473 942.8545297732744 1.0 942.8545297732744 1.0 1
166 nan 0.0625 0.2 -1.0 1.0 948.4121336365297 948.413100216908 948.6861091782673 945.2074530571463 950.2286250511867 948.5573873361516 1.0 948.5573873361516 1.0 1
167 nan 0.0625 0.2 -1.0 1.0 951.5671519826783 951.5680852326989 951.8686250696634 951.019234229561 953.4174550848381 951.7704338353618 1.0 951.7704338353618 1.0 1
168 nan 1.0 0.2 -1.0 1.0 956.9285400291197 956.9294066184245 957.2726093134698 954.0974594311642 958.8174340667603 957.1403877837772 1.0 957.1403877837772 1.0 1
169 0.0 nan 0.2 -1.0 -1.0 965.5784678353596 965.5794010853801 965.8690418953192 959.5008437285289 968.4286752695439 965.7193885884577 -1.0 965.7193885884577 -1.0 1
170 nan 1.0 0.2 -1.0 1.0 969.6837346845424 969.6847012649207 969.8581857776634 969.1260844669252 971.4288130272824 969.6687360234984 -1.0 969.6687360234984 -1.0 1
171 nan 0.0625 0.2 -1.0 1.0 973.0338356153371 973.0347022046419 973.8122661235222 972.1120179075709 975.3839881792758 973.607317752945 -1.0 973.607317752945 -1.0 1
172 nan 0.25 0.2 -1.0 1.0 976.5622206304085 976.5633538625763 976.8227973682801 976.046500002999 978.3839262775317 976.7203065178127 1.0 976.7203065178127 1.0 1
173 nan 0.125 0.2 1.0 -1.0 979.9454186065738 979.9463518565943 986.0139768560623 979.0597310067449 988.5839799569576 980.0653745645682 -1.0 985.8982538535181 -1.0 5
174 nan 0.0625 0.2 1.0 -1.0 990.6117330732153 990.6126329928779 991.7922943491699 989.2372891054981 994.3505643525612 990.9881328047047 1.0 991.2199121133718 1.0 3
175 nan 0.0625 0.2 1.0 -1.0 995.5452593156073 995.5462925567015 995.8809293497727 995.0180730450885 998.4504049433465 995.7625065882406 -1.0 995.7625065882406 -1.0 1
176 nan 1.0 0.2 -1.0 1.0 999.8284436151301 999.8296101776558 1000.1219507465829 999.0985087776539 1001.6952562981257 999.9726974040158 1.0 999.9726974040158 1.0 1
177 nan 0.0 0.2 -1.0 1.0 1003.8671164092774 1003.8682496414451 1004.4955936373801 1002.5316689602747 1006.0622161705827 1004.0722647620019 -1.0 1004.0722647620019 -1.0 1
178 nan 0.0625 0.2 -1.0 1.0 1007.4836602209299 1007.4845601405925 1007.8901572655809 1006.7768233214615 1009.4504761959064 1007.7706012718811 1.0 1007.7706012718811 1.0 1
179 0.0625 nan 0.2 1.0 1.0 1011.3619140026217 1011.3628805830001 1011.8041078605577 1010.1624877441095 1013.3670287009115 1011.5538968639853 -1.0 1011.6964508046194 -1.0 2
180 nan 0.0625 0.2 1.0 -1.0 1015.195305122613 1015.1962050422757 1016.6915715483656 1014.1084354826468 1019.2617065393428 1015.2900966604113 -1.0 1016.2937403967621 1.0 2
181 0.125 nan 0.2 1.0 1.0 1020.5835907678601 1020.5845240178805 1021.3011600425643 1019.9620129238375 1022.878678931066 1020.7689408880063 -1.0 1021.2629967827968 -1.0 2
182 nan 0.0625 0.2 1.0 -1.0 1026.5001959157935 1026.501162496172 1026.934490478913 1023.5495926544961 1029.5000587087134 1026.6550820888417 -1.0 1026.6550820888417 -1.0 1
183 nan 0.0 0.2 1.0 -1.0 1030.9445658260029 1030.9454990760235 1031.5091487580582 1030.2026653900493 1034.0781172679995 1031.1373486159555 -1.0 1031.2855353870707 -1.0 2
184 0.125 nan 0.2 1.0 1.0 1035.5336228197505 1035.5344894090551 1035.8835582470865 1034.7697243475989 1037.4618774277565 1035.728038797239 -1.0 1035.728038797239 -1.0 1
185 0.0 nan 0.2 1.0 1.0 1040.2002728866323 1040.201139475937 1040.4936133662957 1038.1570886184986 1042.0504370932115 1040.3582254526048 -1.0 1040.3582254526048 -1.0 1
186 nan 0.25 0.2 1.0 -1.0 1045.6615186852691 1045.6624519352895 1046.1261105436975 1042.7581445410813 1048.6944423433024 1045.7870741433865 -1.0 1045.7870741433865 -1.0 1
187 nan 0.0 0.2 1.0 -1.0 1051.1669938688067 1051.1680937706167 1051.6190868430317 1049.397751812053 1054.1952105963628 1051.220555753913 -1.0 1051.3993064631998 -1.0 2
188 nan 1.0 0.2 -1.0 1.0 1055.5502025723144 1055.5510691616191 1055.8761401419802 1055.0023181495549 1057.4335652802483 1055.7208540046377 1.0 1055.7208540046377 1.0 1
189 nan 0.125 0.2 -1.0 1.0 1059.7612599773943 1059.7620599059833 1060.2158193981022 1058.0934755300138 1061.795142048917 1059.9803404197107 -1.0 1059.9803404197107 -1.0 1
190 nan 1.0 0.2 -1.0 1.0 1064.9168330639538 1064.9176996532585 1065.1542785334598 1062.4670517600953 1066.7168046921352 1065.062586718944 1.0 1065.062586718944 1.0 1
191 0.0625 nan 0.2 1.0 1.0 1068.1115811966902 1068.1126810985002 1068.7122275759668 1067.4050109400848 1070.2667526269722 1068.424153292848 -1.0 1068.61600283278 -1.0 2
192 nan 0.0625 0.2 -1.0 1.0 1073.3280155167306 1073.3290154274669 1073.7273132040805 1070.950361107315 1075.2948322842442 1073.508232761764 1.0 1073.508232761764 1.0 1
193 nan 1.0 0.8 -1.0 1.0 1077.533606743119 1077.534673314571 1077.8947745010591 1076.0187419776719 1079.4619002428049 1077.7344554796773 1.0 1077.7344554796773 1.0 1
194 0.0625 nan 0.8 1.0 1.0 1083.116674999791 1083.1176415801694 1084.1617483709813 1080.11230987124 1085.7166726135151 1083.3121242183738 1.0 1083.6891238963049 1.0 3
195 1.0 nan 0.8 1.0 1.0 1087.3618626913358 1087.3629625931455 1087.693799725419 1086.4386784388967 1089.2620252876152 1087.4848850422547 -1.0 1087.4848850422547 -1.0 1
196 0.0 nan 0.8 1.0 1.0 1090.3834262845505 1090.3842928738552 1090.936943537791 1089.9138348724407 1092.5000699983486 1090.5682097886129 1.0 1090.5682097886129 1.0 1
197 0.0 nan 0.8 1.0 1.0 1094.6286473064529 1094.6296138868313 1095.7202165268795 1093.1766769263172 1097.2949574349987 1095.3498162598078 1.0 1095.3498162598078 1.0 1
198 nan 0.125 0.8 1.0 -1.0 1098.7999082642293 1098.8009081749656 1099.2445685686482 1098.0996707756203 1101.8111097637238 1098.9387625351392 -1.0 1099.1082474049367 -1.0 2
199 nan 0.0625 0.8 1.0 -1.0 1104.4833008981072 1104.4842341481278 1104.758576323802 1102.4562151928276 1107.3278813896422 1104.6158557313786 -1.0 1104.6158557313786 -1.0 1
200 0.25 nan 0.8 1.0 1.0 1108.4498801281695 1108.4508800389058 1108.6551284719676 1107.9860881983302 1110.2167446655405 1108.5482713446183 -1.0 1108.5482713446183 -1.0 1
201 nan 0.25 0.8 -1.0 1.0 1113.3942054065133 1113.3952053172495 1113.6921788059212 1110.9092605750961 1115.2614020625397 1113.4270358090207 1.0 1113.5978538931333 1.0 2
202 0.125 nan 0.8 1.0 1.0 1117.2998900727366 1117.300856653115 1117.610429017064 1115.9917068564764 1119.1780542712077 1117.4002477803003 -1.0 1117.4002477803003 -1.0 1
203 0.0 nan 0.8 1.0 1.0 1120.5164695898818 1120.5175361613337 1121.1062836028489 1119.8458627894242 1122.6781083280462 1120.682821406039 1.0 1120.682821406039 1.0 1
204 nan 1.0 0.8 -1.0 1.0 1125.8830905025095 1125.8841570739617 1126.1536663477439 1123.3380177054848 1127.7165897631994 1126.0526753633808 1.0 1126.0526753633808 1.0 1
205 0.25 nan 0.8 1.0 1.0 1129.577360708728 1129.5784606105378 1130.4283180756506 1128.3932997451964 1131.9946413774794 1129.7168482564375 -1.0 1130.0748829607376 -1.0 3
206 nan 0.125 0.8 -1.0 1.0 1134.3831650197405 1134.3844649036978 1134.8338914492927 1132.7027483667252 1136.383218825698 1134.5192862013048 -1.0 1134.5192862013048 -1.0 1
207 nan 0.0625 0.8 1.0 -1.0 1137.827990827618 1137.8291240597857 1138.338445258483 1137.027228979656 1140.911283594472 1138.0037084743383 -1.0 1138.0037084743383 -1.0 1
208 1.0 nan 0.8 1.0 1.0 1143.616374088804 1143.617407329898 1143.8706180586792 1141.5659904633692 1145.4282437573895 1143.729730635939 -1.0 1143.729730635939 -1.0 1
209 0.125 nan 0.8 1.0 1.0 1151.982960522743 1151.984060424553 1152.281533868593 1146.106751768555 1153.8445741581024 1152.1632777588502 -1.0 1152.1632777588502 -1.0 1
210 0.125 nan 0.8 1.0 1.0 1155.2659341127762 1155.2670340145862 1155.5764063963877 1154.6814862874273 1157.1444255012213 1155.4540506526264 -1.0 1155.4540506526264 -1.0 1
211 0.25 nan 0.8 1.0 1.0 1158.9163415680305 1158.9173414787667 1159.1188568224827 1157.8625356430769 1160.677678079526 1159.0247985525577 -1.0 1159.0247985525577 -1.0 1
212 nan 0.125 0.8 1.0 -1.0 1164.2163684256227 1164.2173350060011 1164.5010096818805 1161.3884875420233 1167.049749399804 1164.3612554913082 -1.0 1164.3612554913082 -1.0 1
213 0.25 nan 0.8 1.0 1.0 1168.2612073359771 1168.262307237787 1168.6233750046536 1167.720455609803 1170.1830971764282 1168.4001949283183 -1.0 1168.4001949283183 -1.0 1
214 nan 0.25 0.2 1.0 -1.0 1176.077709543537 1176.0786094631997 1180.454918782627 1170.872707536248 1182.9996859101939 1180.3242637797546 -1.0 1180.3242637797546 -1.0 1
215 nan 0.125 0.2 1.0 -1.0 1184.2112834455677 1184.212250025946 1184.357237082705 1183.705795238026 1186.89954238424 1184.1736868018838 -1.0 1184.1736868018838 -1.0 1
216 nan 0.0625 0.2 1.0 -1.0 1188.3273493307022 1188.3282159200069 1189.503544329775 1187.5719500998089 1192.0774116624198 1188.6037579885647 -1.0 1189.3381257636383 -1.0 3
217 nan 0.0625 0.2 1.0 -1.0 1193.2663084214278 1193.2672083410905 1194.0422058224144 1192.7756188927829 1196.6164019605037 1193.5696813388117 -1.0 1193.9104175873742 -1.0 2
218 nan 0.0 0.2 1.0 -1.0 1198.0107848739492 1198.0118514454014 1198.883173660986 1197.296415313601 1201.4609732829826 1198.531271742535 -1.0 1198.531271742535 -1.0 1
219 0.0 nan 0.2 1.0 1.0 1202.6829011195227 1202.6838343695433 1203.6511813461675 1202.1530817507319 1205.216207919547 1203.5259925219866 -1.0 1203.5259925219866 -1.0 1
220 0.125 nan 0.2 1.0 1.0 1213.111103509501 1213.112136750595 1213.4160429537048 1205.9142126548488 1214.9942469961215 1213.2782552542471 -1.0 1213.2782552542471 -1.0 1
221 nan 0.125 0.2 1.0 -1.0 1217.7994183090018 1217.800418219738 1218.7501001066883 1215.8638577664485 1221.3160644833633 1218.1334884859893 -1.0 1218.4219960637606 1.0 2
222 0.0625 nan 0.2 -1.0 -1.0 1222.543994752597 1222.545061324049 1223.0277515668038 1222.0002766245718 1225.599623042107 1222.8409682412687 1.0 1222.8409682412687 1.0 1
223 nan 1.0 0.2 -1.0 1.0 1227.0107626632987 1227.011729243677 1227.5500478537263 1226.2532302895015 1229.1275729576787 1227.2276433019954 1.0 1227.2276433019954 1.0 1
224 nan 0.125 0.2 1.0 -1.0 1233.6992655692738 1233.7003654710838 1234.45336491621 1229.796380653112 1237.0276701040873 1233.882215903653 -1.0 1234.1350599984976 1.0 2
225 nan 0.0625 0.2 1.0 -1.0 1238.3325852782802 1238.3333518765112 1239.0806851607986 1237.678776978192 1241.6609534831534 1238.7368158585957 -1.0 1238.9509967383044 -1.0 2
226 0.0 nan 0.2 1.0 1.0 1242.9160427719046 1242.916976021925 1243.2102831712305 1242.298464570827 1244.7776809399309 1243.0255996582416 -1.0 1243.0255996582416 -1.0 1
227 1.0 nan 0.2 1.0 1.0 1248.8992419748736 1248.9003085463255 1249.193349052768 1245.440784050625 1250.7608676590805 1249.0550947283 -1.0 1249.0550947283 -1.0 1
228 0.0625 nan 0.2 1.0 1.0 1253.4327705924002 1253.433603851347 1253.9821215509062 1251.484077888844 1255.5608404655698 1253.5843570600184 -1.0 1253.8922629060735 -1.0 2
229 nan 0.25 0.2 -1.0 1.0 1261.3324653732177 1261.3335652750275 1261.9367447615027 1256.27445024416 1263.4993659980864 1261.6146068526348 1.0 1261.8011901960226 1.0 2
230 1.0 nan 0.2 1.0 1.0 1265.0274355169515 1265.0282354455405 1265.473495696401 1264.1992761148158 1267.044117494265 1265.1808884846107 -1.0 1265.1808884846107 -1.0 1
231 nan 0.25 0.2 -1.0 1.0 1268.7824003048613 1268.7832002334503 1269.188230742355 1267.7431264159416 1270.7606752080758 1269.0643418021314 1.0 1269.0643418021314 1.0 1
232 1.0 nan 0.2 1.0 1.0 1272.0824723684848 1272.0835389399367 1272.4091765363817 1271.5581858391013 1273.9660203341614 1272.2680558011364 -1.0 1272.2680558011364 -1.0 1
233 nan 0.25 0.2 -1.0 1.0 1276.1771068335051 1276.1781734049573 1276.5055441800116 1274.7920304816257 1278.077072455028 1276.364490105482 1.0 1276.364490105482 1.0 1
234 1.0 nan 0.2 1.0 1.0 1279.399119198984 1279.400152440078 1279.7918841361902 1278.7332786397026 1281.3492126145545 1279.615933176965 -1.0 1279.615933176965 -1.0 1
235 nan 0.0 0.2 1.0 -1.0 1282.6100658856478 1282.6111657874578 1283.0258287697884 1282.0175187833352 1285.593995943633 1282.7465870315066 -1.0 1282.7465870315066 -1.0 1
236 nan 0.25 0.2 -1.0 1.0 1286.81575710311 1286.816790344204 1288.122707096129 1286.2489077067191 1289.6936359708386 1287.3815732584064 -1.0 1287.9389568331605 -1.0 3
237 nan 0.0625 0.2 1.0 -1.0 1291.199099128049 1291.2001323691431 1298.4834155114088 1290.3770391814046 1301.0492168689505 1298.3544936871458 -1.0 1298.3544936871458 -1.0 1
238 nan 0.0625 0.2 1.0 -1.0 1303.0271765488033 1303.028076468466 1309.8543670738989 1301.716826859281 1312.4157676627867 1309.7035805348696 -1.0 1309.7035805348696 -1.0 1
239 nan 0.0625 0.2 -1.0 1.0 1313.6433621571998 1313.644362067936 1314.3068029307142 1313.1168758241965 1315.8773236948246 1314.1818474190384 1.0 1314.1818474190384 1.0 1
240 nan 0.0625 0.2 -1.0 1.0 1317.5323483141276 1317.5333482248639 1317.9842413062054 1316.5772335788438 1319.5599679395216 1317.8685183036612 1.0 1317.8685183036612 1.0 1
241 nan 0.25 0.2 -1.0 1.0 1321.0989632496824 1321.0999964907767 1321.7049091558613 1320.2517722132 1323.2773323241538 1321.51932572321 1.0 1321.51932572321 1.0 1
242 nan 0.25 0.2 -1.0 1.0 1324.5656537723262 1324.5666536830624 1325.2972551276962 1323.939143035338 1326.8490838618059 1324.8347964121717 1.0 1325.211562777598 1.0 2
243 nan 0.25 0.2 -1.0 1.0 1327.9935810887605 1327.9946143298546 1328.8029088386963 1327.5123907121101 1330.377433666591 1328.2093618256472 1.0 1328.7789443113838 1.0 3
244 1.0 nan 0.8 1.0 1.0 1331.648954767338 1331.6499546780742 1331.9257633894952 1331.0431421825906 1333.493782528066 1331.7929752437185 -1.0 1331.7929752437185 -1.0 1
245 1.0 nan 0.8 1.0 1.0 1335.5489399423648 1335.549939853101 1335.8084167784266 1334.207892993239 1337.3773281113752 1335.6746953826296 -1.0 1335.6746953826296 -1.0 1
246 0.25 nan 0.8 1.0 1.0 1340.098700444177 1340.0995670334817 1340.6878811803442 1338.206436036504 1342.2489043554804 1340.2474538313759 -1.0 1340.5868901959811 -1.0 2
247 0.25 nan 0.8 1.0 1.0 1343.626952137817 1343.6278853878373 1343.8912285454126 1342.9362138012025 1345.4603521312445 1343.7616401139921 -1.0 1343.7616401139921 -1.0 1
248 1.0 nan 0.8 1.0 1.0 1352.8487622244866 1352.8498621262966 1353.1445691506328 1346.1420609431113 1354.6987898816992 1352.997115647391 -1.0 1352.997115647391 -1.0 1
249 1.0 nan 0.8 1.0 1.0 1356.3435502388195 1356.344516819198 1356.7142171487542 1355.416999620235 1358.2769423286434 1356.4589732681427 -1.0 1356.4589732681427 -1.0 1
250 1.0 nan 0.8 1.0 1.0 1359.648721847198 1359.649488445429 1359.9192643620743 1358.9475511085684 1361.4820858271635 1359.7804434215222 -1.0 1359.7804434215222 -1.0 1
251 1.0 nan 0.8 1.0 1.0 1363.3769890184494 1363.3778222773963 1363.556106361673 1362.197194340726 1365.1270311913256 1363.3783222327645 -1.0 1363.3783222327645 -1.0 1
252 0.125 nan 0.8 1.0 1.0 1366.9654686687707 1366.966468579507 1367.4101623035472 1365.819237661428 1368.9653889746871 1367.1836158610665 -1.0 1367.1836158610665 -1.0 1
253 0.25 nan 0.8 1.0 1.0 1370.276573080851 1370.2774730005135 1370.6148095525728 1369.6211982539426 1372.1655372058217 1370.4800882460395 -1.0 1370.4800882460395 -1.0 1
254 nan 0.0 0.8 1.0 -1.0 1373.3267341211229 1373.327800692575 1373.705133674085 1372.820545976066 1376.2763025392735 1373.4557226061015 -1.0 1373.585611010743 -1.0 2
255 1.0 nan 0.8 1.0 1.0 1377.5319253832167 1377.5327586421636 1377.8546299081686 1376.9320122718134 1379.426653199259 1377.667179975476 -1.0 1377.667179975476 -1.0 1
256 nan 0.25 0.8 1.0 -1.0 1383.2652135628343 1383.2660801521392 1383.561420453275 1380.0982629485661 1386.1097560436203 1383.4127670571497 -1.0 1383.4127670571497 -1.0 1
257 0.0625 nan 0.8 1.0 1.0 1387.2819883118573 1387.2830548833094 1387.7776773941837 1386.7909654796335 1389.3268051636203 1387.514100924103 -1.0 1387.514100924103 -1.0 1
258 0.125 nan 0.8 1.0 1.0 1390.5652285447536 1390.5660618037004 1391.2191035055575 1389.9895132731679 1392.7486504490978 1390.968159241112 1.0 1390.968159241112 1.0 1
259 1.0 nan 0.8 1.0 1.0 1395.0433287771332 1395.0443620182273 1395.459791598789 1393.5835590932543 1397.0100891305453 1395.2170466023808 -1.0 1395.2170466023808 -1.0 1
260 0.125 nan 0.8 1.0 1.0 1398.1319197200357 1398.132686318267 1398.5739135958243 1397.6777935939804 1400.1262367712065 1398.2926387057119 -1.0 1398.4713894149988 -1.0 2
261 0.0625 nan 0.8 1.0 1.0 1402.5318935935547 1402.5329934953645 1402.7610731343075 1400.8077475110065 1404.3267974309695 1402.6654816679202 -1.0 1402.6654816679202 -1.0 1
262 1.0 nan 0.8 1.0 1.0 1405.6152850006288 1405.6163182417229 1405.8556302112697 1405.0078058979875 1407.3987547631411 1405.7525060840026 -1.0 1405.7525060840026 -1.0 1
263 0.25 nan 0.8 1.0 1.0 1409.6267602227495 1409.6276268120541 1409.9116014611545 1408.0577669561123 1411.4653244807175 1409.762181466798 -1.0 1409.762181466798 -1.0 1
264 nan 1.0 0.8 -1.0 1.0 1415.8432719308478 1415.844271841584 1416.1238802138027 1412.151234858607 1417.6817041046988 1416.0167231132325 1.0 1416.0167231132325 1.0 1
265 nan 0.125 0.2 -1.0 1.0 1419.543241628263 1419.5442415389994 1419.8944436091986 1418.3841117724223 1421.4486663961354 1419.795152473087 1.0 1419.795152473087 1.0 1
266 nan 0.0625 0.2 -1.0 1.0 1426.576380434672 1426.5775469971977 1427.0221406409007 1422.1419763014676 1428.5818627145222 1426.718667732443 -1.0 1426.718667732443 -1.0 1
267 nan 0.25 0.2 -1.0 1.0 1429.8099251039757 1429.8108583539963 1430.2346871847428 1429.3037702892766 1431.792912095609 1429.9435131783412 -1.0 1429.9435131783412 -1.0 1
268 nan 0.25 0.2 -1.0 1.0 1433.4151032635928 1433.4162031654025 1433.7060439574889 1432.4704209303238 1435.2600647675467 1433.5886211066932 1.0 1433.5886211066932 1.0 1
269 nan 0.0625 0.2 -1.0 1.0 1436.8484634283607 1436.8494966694548 1437.588297382126 1435.9773745252812 1439.1485204568294 1437.2780917413775 1.0 1437.2780917413775 1.0 1
270 0.125 nan 0.2 1.0 1.0 1442.2762455476902 1442.2772121280686 1442.6502454934127 1439.8443293156533 1444.2150730632056 1442.3776031659902 -1.0 1442.3776031659902 -1.0 1
271 nan 1.0 0.2 -1.0 1.0 1446.6260905629645 1446.6271571344164 1446.9160313461246 1444.8921786855587 1448.493051617273 1446.780276798497 1.0 1446.780276798497 1.0 1
272 nan 1.0 0.2 -1.0 1.0 1451.4149963825341 1451.416129614702 1451.8846877857175 1449.1729631993144 1453.4483221879832 1451.6038461902574 1.0 1451.6038461902574 1.0 1
273 nan 0.125 0.2 1.0 -1.0 1454.859622208264 1454.8604221368532 1463.5767440159811 1454.3613333580236 1466.14841180802 1463.363496386293 -1.0 1463.363496386293 -1.0 1
274 nan 1.0 0.2 -1.0 1.0 1467.3764381441601 1467.3773713941807 1467.6508136501925 1466.8318200964725 1469.2149416328366 1467.5402235227612 1.0 1467.5402235227612 1.0 1
275 nan 0.0625 0.2 -1.0 1.0 1472.6098042860015 1472.610704205664 1473.270211996949 1469.8994462442713 1474.8316343616748 1472.796454290105 1.0 1473.1553555837097 1.0 4
276 nan 1.0 0.2 -1.0 1.0 1476.4596606027833 1476.4606605135195 1476.6412443924896 1475.5103453497698 1478.1982730666116 1476.3777679134828 -1.0 1476.3777679134828 -1.0 1
277 nan 0.0625 0.2 -1.0 1.0 1479.375866934753 1479.376666863342 1479.7140034154013 1478.870178745064 1481.2929204942034 1479.6019134218657 1.0 1479.6019134218657 1.0 1
278 nan 0.0625 0.2 1.0 -1.0 1483.398041201752 1483.3989744517723 1483.7619753793958 1482.0121315909255 1486.343206292347 1483.4088069073457 -1.0 1483.4088069073457 -1.0 1
279 nan 1.0 0.2 -1.0 1.0 1487.5648025612152 1487.5659691237408 1488.142117689979 1487.0299169780271 1489.709843623485 1487.7411534847352 1.0 1487.7411534847352 1.0 1
280 nan 0.0 0.2 1.0 -1.0 1491.2480404189769 1491.2489403386394 1499.737915846698 1490.4124483470348 1502.3098178576722 1499.64139113029 -1.0 1499.64139113029 -1.0 1
281 nan 1.0 0.2 -1.0 1.0 1503.6813971387523 1503.6822303976992 1503.941440590898 1502.981226310859 1505.4983669555943 1503.813618668445 1.0 1503.813618668445 1.0 1
282 nan 0.0625 0.2 1.0 -1.0 1507.1594533134316 1507.1605532152416 1508.2388902835917 1506.1551763002813 1510.8097603728525 1507.369467898406 -1.0 1508.139365834975 -1.0 2
283 nan 0.125 0.2 -1.0 1.0 1511.9480258294225 1511.9488924187274 1513.090290524178 1511.454569881074 1514.659716192091 1512.644896951886 1.0 1512.644896951886 1.0 1
284 nan 0.125 0.2 1.0 -1.0 1518.1313738314348 1518.1325070636026 1521.9471665224678 1515.324724385802 1524.526066529261 1518.9123707771764 1.0 1521.7148205977167 -1.0 3
285 nan 0.25 0.2 1.0 -1.0 1525.7312953735188 1525.7321619628235 1526.2658143227702 1525.2025759065377 1528.8422050133688 1525.9982382097446 -1.0 1525.9982382097446 -1.0 1
286 nan 0.25 0.2 -1.0 1.0 1530.314552884996 1530.3154861350165 1530.6338243830864 1529.680509487128 1532.2097475638645 1530.4843043976564 1.0 1530.4843043976564 1.0 1
287 nan 0.25 0.2 -1.0 1.0 1533.8146404262309 1533.8154736851777 1534.4507836366452 1532.890356271982 1536.0260040234816 1534.1846407290082 1.0 1534.2582008288398 1.0 2
288 nan 0.125 0.2 1.0 -1.0 1537.5145101325725 1537.515443382593 1544.5854122344547 1536.7394126601748 1547.1593773804266 1544.4021619268544 -1.0 1544.4021619268544 -1.0 1
289 nan 0.25 0.2 -1.0 1.0 1548.3312445043066 1548.3321444239693 1548.6051867156864 1547.8725854495801 1550.1645144912136 1548.5028291866504 1.0 1548.5028291866504 1.0 1
290 0.125 nan 0.2 1.0 1.0 1557.2593141470186 1557.2603807184705 1568.4463821251088 1550.8309213539048 1570.0093012059258 1568.3798880611469 -1.0 1568.3798880611469 -1.0 1
291 nan 0.125 0.2 -1.0 1.0 1571.481211200758 1571.4819777989892 1571.864443655612 1570.7484099525045 1573.442463333169 1571.7278558490377 1.0 1571.7278558490377 1.0 1
292 nan 1.0 0.2 -1.0 1.0 1577.3976163665443 1577.3989829112172 1577.970631879142 1574.1234753213482 1579.5312544213032 1577.588232683235 1.0 1577.8608750106575 1.0 2
293 nan 0.0625 0.2 -1.0 1.0 1581.8259877049734 1581.8269542853518 1582.2128864991937 1580.239662652241 1583.7757111645076 1582.0863644606977 1.0 1582.0863644606977 1.0 1
294 nan 1.0 0.2 -1.0 1.0 1585.047733427589 1585.048600016894 1585.3435403537353 1584.46061917361 1586.9092624116645 1585.2072525203819 1.0 1585.2072525203819 1.0 1
295 nan 1.0 0.2 -1.0 1.0 1588.164355201465 1588.1652551211278 1588.527189477299 1587.5992723140419 1590.0920143941316 1588.3375730713447 1.0 1588.3375730713447 1.0 1
296 1.0 nan 0.2 1.0 1.0 1592.631056451451 1592.631889710398 1592.928029940123 1590.7538240351803 1594.4810605800444 1592.7486126236784 -1.0 1592.7486126236784 -1.0 1
297 nan 0.0625 0.2 -1.0 1.0 1595.65898614302 1595.6598860626827 1596.3860879000767 1595.1513647925742 1597.94791229202 1596.156675046819 1.0 1596.156675046819 1.0 1
298 nan 1.0 0.2 -1.0 1.0 1599.7425882595837 1599.74358817032 1599.9967322383852 1598.6232215206887 1601.5477830456646 1599.8796760215262 1.0 1599.8796760215262 1.0 1
299 0.0625 nan 0.8 1.0 1.0 1602.8589433905966 1602.8598433102593 1605.5933326203549 1602.2628966007069 1607.14776491026 1605.471710144467 -1.0 1605.471710144467 -1.0 1
300 0.25 nan 0.8 -1.0 -1.0 1609.4088919988828 1609.4098252489034 1609.4658202501344 1608.1065749256086 1612.0256269574052 1609.3389649080598 1.0 1609.3389649080598 1.0 1
301 1.0 nan 0.8 1.0 1.0 1613.2642144943563 1613.2651477443767 1613.5485557773932 1612.6702341866549 1615.0974803277727 1613.4220670692553 -1.0 1613.4220670692553 -1.0 1
302 0.25 nan 0.8 1.0 1.0 1616.6254477646814 1616.6264476754177 1616.9345868339778 1615.7603916563776 1618.4809172277874 1616.7538696335762 -1.0 1616.7538696335762 -1.0 1
303 1.0 nan 0.8 1.0 1.0 1619.7091724753343 1619.7101057253547 1619.9508509002903 1619.1614213740063 1621.4808734496369 1619.831694870885 -1.0 1619.831694870885 -1.0 1
304 0.0625 nan 0.8 1.0 1.0 1623.659019865743 1623.6600864371949 1623.9227963179706 1622.168186288324 1625.475526895932 1623.7781425647904 -1.0 1623.7781425647904 -1.0 1
305 0.125 nan 0.8 1.0 1.0 1626.7475441479298 1626.7484107372345 1627.2022368900691 1626.1208334287944 1628.747665887263 1626.9130293747821 -1.0 1627.1172111471283 -1.0 2
306 nan 0.0625 0.8 1.0 -1.0 1630.12564257934 1630.12674248115 1630.438081354066 1629.422971974606 1632.9923204232666 1630.2783622791262 -1.0 1630.2783622791262 -1.0 1
307 0.25 nan 0.8 1.0 1.0 1634.1138865420214 1634.1147198009683 1634.4255587185164 1633.6497279782454 1635.9758818383448 1634.263539848883 -1.0 1634.263539848883 -1.0 1
308 0.0 nan 0.8 1.0 1.0 1637.2808371562896 1637.2817037455943 1637.940211626143 1636.6374945885743 1639.4974369608742 1637.4541550172428 -1.0 1637.4541550172428 -1.0 1
309 nan 0.125 0.8 -1.0 1.0 1640.6757007577114 1640.6767006684477 1641.0735319093149 1640.1720457198528 1642.642562527915 1640.9339443705317 1.0 1640.9339443705317 1.0 1
310 0.25 nan 0.8 1.0 1.0 1645.3140200203989 1645.315019931135 1645.679220751642 1643.3182648515224 1647.2309461338284 1645.5529320256514 -1.0 1645.5529320256514 -1.0 1
311 1.0 nan 0.8 1.0 1.0 1648.37518007877 1648.3760133377168 1648.791376257563 1647.8845572108407 1650.3589996819335 1648.5240667874002 -1.0 1648.5240667874002 -1.0 1
312 0.0625 nan 0.8 1.0 1.0 1652.9641704118017 1652.9650370011063 1653.5056220754911 1651.0377090569484 1655.064052350679 1653.2208808281596 1.0 1653.2208808281596 1.0 1
313 nan 1.0 0.8 -1.0 1.0 1659.658806103626 1659.659606032215 1659.9651120925027 1655.7382560977899 1661.5142343056975 1659.7641300345128 1.0 1659.7641300345128 1.0 1
314 1.0 nan 0.8 1.0 1.0 1662.775427877502 1662.7762611364487 1663.0419707494332 1662.2347428120434 1664.608776343177 1662.8910842193302 -1.0 1662.8910842193302 -1.0 1
315 0.125 nan 0.8 1.0 1.0 1668.1972771931296 1668.198243773508 1668.809255894084 1665.471787168924 1670.3752792084483 1668.3545631519446 -1.0 1668.612840095123 -1.0 2
316 0.0625 nan 0.8 -1.0 -1.0 1671.7305284404508 1671.731595011903 1672.1432582620248 1671.0356904698178 1674.7085305164285 1672.0336680453297 1.0 1672.0336680453297 1.0 1
317 0.0 nan 0.8 1.0 1.0 1676.064041580366 1676.0652414732494 1676.7767779531782 1675.3732365830358 1678.3306995933967 1676.2616572722104 -1.0 1676.5593973591135 1.0 2
318 0.25 nan 0.8 1.0 1.0 1682.3918100230533 1682.3928765945052 1682.6692519220098 1679.0017126628077 1684.2254775367837 1682.543229838882 -1.0 1682.543229838882 -1.0 1
319 nan 1.0 0.8 -1.0 1.0 1686.2640310099696 1686.2651975724953 1686.644397054046 1684.9130849445548 1688.1974234664099 1686.471379166314 1.0 1686.471379166314 1.0 1
320 0.125 nan 0.8 1.0 1.0 1689.5915672884826 1689.592500538503 1689.9077723936484 1688.8854303265296 1691.4750925062651 1689.7416538899963 -1.0 1689.7416538899963 -1.0 1
321 nan 0.25 0.8 -1.0 1.0 1692.6637263649525 1692.6648262667622 1692.9688991216617 1692.142106264199 1694.513827127325 1692.8481099047203 1.0 1692.8481099047203 1.0 1
322 0.0625 nan 0.8 1.0 1.0 1697.6087182504536 1697.6098181522634 1697.9032919533583 1695.2277308052505 1699.4581108408834 1697.772903593349 -1.0 1697.772903593349 -1.0 1
323 1.0 nan 0.8 1.0 1.0 1701.2471267768726 1701.2481266876089 1701.6635229378128 1700.1789221373167 1703.2138514611593 1701.4477422009259 -1.0 1701.4477422009259 -1.0 1
324 nan 0.0625 0.8 1.0 -1.0 1706.324940138508 1706.325773397455 1706.6587770029903 1703.9099557282718 1709.2138472299832 1706.482526070544 -1.0 1706.482526070544 -1.0 1
325 1.0 nan 0.8 1.0 1.0 1710.3586800396897 1710.3597466111419 1710.6021583039712 1709.8765564130188 1712.1472872556578 1710.325083038951 -1.0 1710.325083038951 -1.0 1
326 0.0625 nan 0.8 1.0 1.0 1714.6249991781276 1714.6260657495795 1715.0985235724665 1712.8184937812687 1716.658250178779 1714.7683197169927 -1.0 1714.9972659452403 -1.0 2
327 0.125 nan 0.8 1.0 1.0 1717.8304796861 1717.8314129361204 1718.2689738743115 1717.3203585588135 1719.8252950924757 1718.1117545762124 -1.0 1718.1117545762124 -1.0 1
328 0.25 nan 0.8 1.0 1.0 1721.33033391483 1721.331367155924 1721.6100089477643 1720.5423042635764 1723.1639609996503 1721.4906862665696 -1.0 1721.4906862665696 -1.0 1
329 1.0 nan 0.8 1.0 1.0 1724.3918939374953 1724.3930271696631 1724.8123564020964 1723.8801729530308 1726.3752098597224 1724.6697358007466 -1.0 1724.6697358007466 -1.0 1
330 nan 0.25 0.8 -1.0 1.0 1728.9137902601233 1728.9146568494282 1729.4579416828008 1727.0985189791431 1731.0137782057861 1729.0565441829046 -1.0 1729.3395189212688 1.0 3
331 0.125 nan 0.8 1.0 1.0 1732.5419663666744 1732.5429996077685 1732.9939926801837 1731.8995903793375 1734.5583189126032 1732.7089514596314 -1.0 1732.8632043558796 -1.0 2
332 0.0 nan 0.8 1.0 1.0 1735.9804260761975 1735.98132599586 1741.487501116913 1735.2554241316868 1743.0420283594415 1736.7539903521329 -1.0 1741.4681028486295 -1.0 3
333 0.125 nan 0.8 1.0 1.0 1744.6135887124258 1744.61462195352 1745.001554078098 1743.7189352463283 1746.558278442632 1744.8159373150888 -1.0 1744.8159373150888 -1.0 1
334 0.25 nan 0.8 1.0 1.0 1747.9803881525163 1747.981254741821 1748.2278993901007 1747.2423873684343 1749.7919489193125 1748.1240419949602 -1.0 1748.1240419949602 -1.0 1
335 0.25 nan 0.8 1.0 1.0 1751.297025404004 1751.2979253236665 1751.7792823521063 1750.495463627453 1753.3420988246717 1751.588266071121 -1.0 1751.588266071121 -1.0 1
336 1.0 nan 0.8 1.0 1.0 1755.8635844061853 1755.8645509865637 1756.2510164861314 1754.118306876744 1757.8081686308456 1756.0778652769677 -1.0 1756.0778652769677 -1.0 1
337 1.0 nan 0.8 1.0 1.0 1759.1636898001666 1759.1645563894713 1759.71857359808 1758.5317795452027 1761.274800702974 1759.433399056096 -1.0 1759.433399056096 -1.0 1
338 0.25 nan 0.8 1.0 1.0 1762.7803002725348 1762.7812001921975 1764.0494536397227 1761.9817048978348 1765.5970737308212 1763.7447808383818 -1.0 1763.9748602987972 -1.0 2
339 0.25 nan 0.8 1.0 1.0 1767.3583582481833 1767.3591915071302 1768.1385219349781 1766.3105851180053 1769.6803443527435 1767.567439583137 -1.0 1768.0265985932317 -1.0 3
340 nan 0.0 0.8 -1.0 1.0 1771.0583279455984 1771.0591612045453 1771.9614473225963 1770.3793552253142 1773.513476821396 1771.2805081111974 -1.0 1771.5880806536736 1.0 2
341 1.0 nan 0.8 1.0 1.0 1775.6580173235081 1775.659150555676 1775.948324740605 1774.2154794346511 1777.4969471744628 1775.8133034608509 -1.0 1775.8133034608509 -1.0 1
342 0.0 nan 0.8 1.0 1.0 1780.5916768873317 1780.5927767891417 1797.0431415704454 1778.1707596733936 1798.5913629646095 1786.5987739568975 1.0 1796.9556493810219 -1.0 4
343 1.0 nan 0.8 1.0 1.0 1799.7633987284644 1799.7643653088428 1800.0161761625932 1799.3093725934827 1801.5633016693985 1799.8946870081365 -1.0 1799.8946870081365 -1.0 1
344 0.0625 nan 0.8 1.0 1.0 1804.2081686029683 1804.209001861915 1804.5457384675326 1802.25840932796 1806.0801612377948 1804.3874859283392 -1.0 1804.3874859283392 -1.0 1
345 0.125 nan 0.8 1.0 1.0 1807.9082049610993 1807.9093381932669 1808.3867955698352 1806.8187688835765 1809.9416308641328 1808.2859379069037 -1.0 1808.2859379069037 -1.0 1
346 0.125 nan 0.8 1.0 1.0 1811.396526886004 1811.397326814593 1811.7233310449747 1810.8108458374136 1813.263464594208 1811.5936092921227 -1.0 1811.5936092921227 -1.0 1
347 0.125 nan 0.8 1.0 1.0 1815.3077777219928 1815.3089776148763 1815.926222512375 1813.932467164971 1817.4634167474983 1815.441765760653 -1.0 1815.8518291535968 -1.0 3
348 0.25 nan 0.8 1.0 1.0 1819.2082961827457 1819.209296093482 1819.5414664400705 1818.1499239987631 1821.090887181428 1819.3803808204575 -1.0 1819.3803808204575 -1.0 1
349 1.0 nan 0.8 1.0 1.0 1822.3299508406608 1822.330950751397 1822.6286908383001 1821.7837995965108 1824.1632241142959 1822.5037686569822 -1.0 1822.5037686569822 -1.0 1
350 0.125 nan 0.8 1.0 1.0 1825.3247834868594 1825.3255834154484 1826.2007719525466 1824.8222283508107 1827.7466675423952 1826.0785161998588 -1.0 1826.0785161998588 -1.0 1
351 nan 1.0 0.8 -1.0 1.0 1829.1077457753847 1829.1085790343318 1830.6293099427648 1828.4075749474916 1832.1632366443741 1830.3474351062107 1.0 1830.5586162537106 1.0 2
352 0.125 nan 0.8 1.0 1.0 1833.3413345023887 1833.3422677524093 1838.2706277893305 1832.8432456342953 1839.8131527278251 1838.1434391436771 -1.0 1838.1434391436771 -1.0 1
353 0.125 nan 0.8 1.0 1.0 1841.340787044328 1841.3418536157799 1843.1016965116128 1840.509761231415 1844.6584157682303 1842.8280876038118 -1.0 1842.8280876038118 -1.0 1
354 0.25 nan 0.8 1.0 1.0 1846.1296928638976 1846.1305261228445 1852.039631940256 1845.4050242229657 1853.579856515553 1847.0110475172028 -1.0 1851.9976023589747 -1.0 2
355 0.125 nan 0.8 1.0 1.0 1855.5412193475954 1855.542152597616 1855.7971964960802 1854.2753656858372 1857.346620451159 1855.676940564865 -1.0 1855.676940564865 -1.0 1
356 nan 0.0625 0.2 1.0 -1.0 1859.207858687135 1859.2088252675135 1859.6171554818477 1858.0235310807404 1862.174593571978 1859.3953419501854 -1.0 1859.3953419501854 -1.0 1
357 nan 0.25 0.2 -1.0 1.0 1863.429615137093 1863.43044839604 1863.976299666969 1862.8369013829908 1865.541127630634 1863.8459779676753 1.0 1863.8459779676753 1.0 1
358 nan 0.0 0.2 1.0 -1.0 1867.163148504889 1867.1641150852674 1868.4527667118125 1866.219832716293 1871.0131270941702 1868.0217718541228 -1.0 1868.0217718541228 -1.0 1
359 0.0625 nan 0.2 -1.0 -1.0 1872.2907240908328 1872.2917573319269 1872.8390751386025 1871.7369401947294 1875.3965807842915 1872.4901396220027 -1.0 1872.4901396220027 -1.0 1
360 nan 1.0 0.2 -1.0 1.0 1876.9405756573453 1876.9414089162924 1877.192819805748 1876.0763861383462 1878.746537011957 1877.0952285178882 1.0 1877.0952285178882 1.0 1
361 nan 0.0625 0.2 1.0 -1.0 1881.8912670340433 1881.892400266211 1882.1323788429156 1879.4848485257812 1884.6906231802311 1881.9906581612286 -1.0 1881.9906581612286 -1.0 1
362 nan 0.25 0.2 -1.0 1.0 1891.146374148231 1891.1473740589672 1891.7288221521076 1885.610435017595 1893.2908446842225 1891.3801866087285 1.0 1891.5927009705433 1.0 2
363 nan 1.0 0.2 -1.0 1.0 1895.0129956350243 1895.0140288761183 1895.278071971209 1894.0001527198997 1896.8411982175314 1895.1764810404043 1.0 1895.1764810404043 1.0 1
364 0.125 nan 0.2 1.0 1.0 1898.179546284998 1898.1806795171656 1898.5773107758855 1897.4966072521263 1900.129738957123 1898.3317660294158 -1.0 1898.3317660294158 -1.0 1
365 0.0625 nan 0.2 1.0 1.0 1901.707797978638 1901.7086645679426 1902.4464653698774 1900.8090448785217 1903.9963921876995 1901.6849333531352 -1.0 1902.3346420192047 -1.0 3
366 nan 0.125 0.2 1.0 -1.0 1905.1737552334082 1905.174655153071 1905.414967033354 1904.6646006865003 1907.9740651960126 1905.2551479673405 -1.0 1905.2551479673405 -1.0 1
367 nan 0.0625 0.2 -1.0 1.0 1909.2461250193678 1909.2469582783147 1909.8364723180607 1908.669076533467 1911.3963020797364 1909.5174008021174 -1.0 1909.5174008021174 -1.0 1
368 0.0625 nan 0.2 -1.0 -1.0 1912.6908508361714 1912.6919507379812 1912.9089646981095 1912.0635068402364 1915.4628642815674 1912.818572767551 1.0 1912.818572767551 1.0 1
369 nan 0.25 0.2 -1.0 1.0 1916.8738440799202 1916.87494398173 1917.9507146125236 1916.1563747962894 1919.5079351050972 1917.4844229058438 -1.0 1917.643242061121 1.0 2
370 nan 0.125 0.2 -1.0 1.0 1921.1961582195888 1921.19692481782 1921.549060048776 1920.2074464835664 1923.1075839246855 1921.4504355198221 1.0 1921.4504355198221 1.0 1
371 0.25 nan 0.2 -1.0 -1.0 1925.3628529183366 1925.3639194897885 1925.8832397958486 1923.817790848654 1928.429574673983 1925.5738007533314 -1.0 1925.5738007533314 -1.0 1
372 nan 0.125 0.2 -1.0 1.0 1929.7910576049762 1929.791890863923 1930.142692880564 1929.1036856345072 1931.7078155602105 1930.0356024407097 1.0 1930.0356024407097 1.0 1
373 nan 0.25 0.2 -1.0 1.0 1933.5128586867997 1933.513891927894 1933.7733354335978 1932.4244225200134 1935.3292619664721 1933.6670115919746 1.0 1933.6670115919746 1.0 1
374 nan 0.125 0.2 -1.0 1.0 1937.2576243851997 1937.2585243048625 1937.5317999090846 1936.011168991725 1939.0911237578036 1937.4158102636775 1.0 1937.4158102636775 1.0 1
375 nan 0.0625 0.2 -1.0 1.0 1940.4628382503092 1940.4638381610455 1940.8124403740667 1939.770433395801 1942.3742668960153 1940.7017835859197 1.0 1940.7017835859197 1.0 1
376 nan 0.0625 0.2 -1.0 1.0 1945.496122253823 1945.497188825275 1945.7887294656132 1943.0488740571632 1947.340851989791 1945.65290825727 1.0 1945.65290825727 1.0 1
377 nan 0.0625 0.2 -1.0 1.0 1948.4960877751344 1948.4971543465863 1958.020504180957 1948.0241632379734 1959.5626266985796 1957.8976818121853 1.0 1957.8976818121853 1.0 1
378 nan 0.125 0.2 -1.0 1.0 1961.224184849604 1961.2250847692667 1961.723940235591 1960.289734936203 1963.2736749336607 1961.596151643496 1.0 1961.596151643496 1.0 1
379 nan 1.0 0.2 -1.0 1.0 1964.9626844407235 1964.9637510121754 1965.2302938841067 1964.2110848706282 1966.7906213063886 1965.1276697122078 1.0 1965.1276697122078 1.0 1
380 nan 0.25 0.2 -1.0 1.0 1968.0625743749458 1968.0634076338927 1968.4498398031028 1967.4495291025394 1970.0074674623381 1968.253357343426 1.0 1968.253357343426 1.0 1
381 nan 1.0 0.2 -1.0 1.0 1971.7125818659053 1971.7133817944944 1971.9493940586117 1970.6680751107992 1973.5071192427304 1971.8292381184701 -1.0 1971.8292381184701 -1.0 1
382 nan 0.125 0.2 -1.0 1.0 1974.8292703004972 1974.830370202307 1975.363955901538 1974.189927375727 1976.912679229316 1975.204703451608 1.0 1975.204703451608 1.0 1
383 nan 0.25 0.2 -1.0 1.0 1980.74070924296 1980.7416758233385 1981.0241506063344 1977.5981897810148 1982.562675226835 1980.890762514116 1.0 1980.890762514116 1.0 1
384 nan 0.0625 0.2 -1.0 1.0 1983.9075598661545 1983.9083264643857 2007.5172188584265 1983.2542848517924 2009.0625386369318 1996.7411141929429 -1.0 2007.3808643643574 1.0 5
385 nan 1.0 0.2 -1.0 1.0 2010.3238349737014 2010.3249015451534 2010.5631802736061 2009.8069477837662 2012.1237996602702 2010.4520901908068 1.0 2010.4520901908068 1.0 1
386 nan 1.0 0.2 -1.0 1.0 2013.329066691557 2013.329866620146 2013.548013812442 2012.8037135907214 2015.0958404114408 2013.4627547569962 1.0 2013.4627547569962 1.0 1
387 nan 0.0625 0.2 -1.0 1.0 2018.3405193106623 2018.3415192213986 2022.7326605500805 2015.7976463172572 2024.2790806693747 2022.6044719936908 1.0 2022.6044719936908 1.0 1
388 nan 0.0625 0.2 -1.0 1.0 2025.490314369636 2025.491147628583 2025.8213848144146 2025.0052910018298 2027.3625150699554 2025.6570994804456 1.0 2025.6570994804456 1.0 1
389 0.25 nan 0.2 1.0 1.0 2028.6568650196098 2028.6577982696301 2029.2096490049769 2028.043919738277 2030.7623715017662 2029.0261653848715 -1.0 2029.0261653848715 -1.0 1
390 nan 1.0 0.2 -1.0 1.0 2031.9739355657496 2031.9748021550545 2032.228979464214 2031.4546819204054 2033.7907066633304 2032.1096234526613 1.0 2032.1096234526613 1.0 1
391 nan 0.125 0.2 -1.0 1.0 2034.9290050950026 2034.9298050235916 2035.4730231962485 2034.471712584949 2037.0123501112091 2035.1776828951126 1.0 2035.1776828951126 1.0 1
392 nan 0.125 0.2 -1.0 1.0 2038.2067791492073 2038.2077790599435 2038.5766794609108 2037.6973579594362 2040.1291040676936 2038.4348254577922 1.0 2038.4348254577922 1.0 1
393 0.0625 nan 0.2 -1.0 -1.0 2041.3236675659462 2041.3247674677561 2042.0061066434496 2040.7914150810302 2044.5570754504713 2041.5471476155021 1.0 2041.7967919959906 1.0 2
394 nan 0.0625 0.2 1.0 -1.0 2045.7122757874297 2045.7130757160187 2052.9093999545867 2045.2437842771299 2055.445738883602 2048.4127347128706 1.0 2052.740748343736 -1.0 3
395 nan 0.0625 0.2 -1.0 1.0 2056.623901688036 2056.6250349202032 2057.7017721313755 2056.1171469268947 2059.245505962763 2057.574416833933 1.0 2057.574416833933 1.0 1
396 nan 0.0625 0.2 -1.0 1.0 2060.7739645382035 2060.775097770371 2069.2973369755896 2060.148020417299 2070.8570627596937 2069.0630245597235 1.0 2069.1571494903646 1.0 2
397 nan 0.25 0.2 -1.0 1.0 2072.2121767628864 2072.2133099950543 2072.6011753696525 2071.5340706319066 2074.1455010577065 2072.4944848940927 1.0 2072.4944848940927 1.0 1
398 nan 0.25 0.2 -1.0 1.0 2075.4903174510277 2075.491317361764 2075.8817491739187 2074.849507990511 2077.4235707119005 2075.7610266176935 1.0 2075.7610266176935 1.0 1
399 nan 0.0625 0.2 -1.0 1.0 2079.1621563263957 2079.1629562549847 2079.5143915484255 2078.087185624191 2081.062218543454 2079.414233823009 1.0 2079.414233823009 1.0 1
400 nan 0.25 0.2 -1.0 1.0 2084.3738577356175 2084.3749243070697 2084.7187602789145 2081.7538249637305 2086.2739852641967 2084.5903717403776 1.0 2084.5903717403776 1.0 1
401 1.0 nan 0.2 1.0 1.0 2087.628667173246 2087.6296004232668 2087.965503769937 2086.972392426675 2089.528628599993 2087.83554870458 -1.0 2087.83554870458 -1.0 1
402 1.0 nan 0.2 1.0 1.0 2091.640109065009 2091.640908993598 2092.225390149305 2090.2102367121447 2093.7620876279584 2091.91105154418 -1.0 2091.91105154418 -1.0 1
403 nan 0.0 0.2 -1.0 1.0 2094.973344834719 2094.9742447543813 2104.7931682023927 2094.4137947867025 2106.357090910055 2104.6357155917885 1.0 2104.6357155917885 1.0 1
404 nan 1.0 0.2 -1.0 1.0 2107.59535138007 2107.596184639017 2107.8879252615025 2107.0395010017783 2109.445422501677 2107.7737687857784 1.0 2107.7737687857784 1.0 1
405 nan 1.0 0.2 -1.0 1.0 2110.6567447509465 2110.658177956335 2111.0519428042776 2110.107227140651 2112.6121678088957 2110.913021872652 1.0 2110.913021872652 1.0 1
406 nan 0.125 0.2 -1.0 1.0 2113.973415332792 2113.9745152346018 2114.4799034510697 2113.2785773621586 2116.04542577546 2114.1985952305995 1.0 2114.1985952305995 1.0 1
407 nan 1.0 0.2 -1.0 1.0 2117.1903614838734 2117.191528046399 2117.4887681779337 2116.7244364111302 2119.0569850900674 2117.2787869233175 1.0 2117.370545398549 1.0 2
408 nan 0.25 0.2 -1.0 1.0 2120.445370903649 2120.44613750188 2133.4328781534646 2119.7717977013403 2134.978401166862 2133.3120222758075 1.0 2133.3120222758075 1.0 1
409 nan 0.25 0.2 -1.0 1.0 2136.3565504855987 2136.3574170749034 2136.6058282321505 2135.703608774815 2138.161950801444 2136.503270720967 1.0 2136.503270720967 1.0 1
410 nan 0.0625 0.2 -1.0 1.0 2139.589961833471 2139.59076176206 2139.8550715000138 2138.861560192457 2141.42349498832 2139.733082390189 1.0 2139.733082390189 1.0 1
411 nan 1.0 0.2 -1.0 1.0 2143.3286280763796 2143.3293946746107 2143.5900380731982 2142.1174028711794 2145.1567588843113 2143.489613704919 1.0 2143.489613704919 1.0 1
412 nan 1.0 0.2 -1.0 1.0 2146.5118439052912 2146.512710494596 2147.2600104485255 2145.842770301296 2148.8119056079913 2146.6650635604456 1.0 2147.135721544007 1.0 2
413 nan 1.0 0.2 -1.0 1.0 2150.2063807543727 2150.2073806651088 2150.4572250277447 2149.489311435036 2152.0119576908382 2150.353367632604 1.0 2150.353367632604 1.0 1
414 nan 0.125 0.2 -1.0 1.0 2153.5065194787117 2153.5073527376585 2153.8179916730596 2152.9126724924417 2155.3735154574715 2153.6968024918237 1.0 2153.6968024918237 1.0 1
415 nan 0.125 0.2 1.0 -1.0 2156.711700013463 2156.7126665938417 2163.07933156417 2156.0571251151437 2165.6393656113114 2159.1567150761452 -1.0 2162.9601755347644 -1.0 6
416 nan 0.0 0.2 -1.0 1.0 2167.145035278554 2167.1459685285745 2167.5108026258813 2166.3310746088737 2169.0619232062313 2167.3459173454703 1.0 2167.3459173454703 1.0 1
417 0.25 nan 0.2 -1.0 -1.0 2170.8062417697597 2170.807308341212 2170.9990245597123 2169.7768336667714 2173.5566936065698 2170.800875582142 -1.0 2170.800875582142 -1.0 1
418 nan 1.0 0.2 -1.0 1.0 2174.745056811712 2174.7459900617323 2175.058995452542 2174.228702907503 2176.6235250325803 2174.9515050483933 1.0 2174.9515050483933 1.0 1
419 nan 0.0 0.2 -1.0 1.0 2177.911674122401 2177.912607372422 2178.2956398451283 2177.287029885454 2179.8562644164413 2178.1857496552125 1.0 2178.1857496552125 1.0 1
420 nan 0.0 0.2 -1.0 1.0 2181.128386960978 2181.1292535502826 2181.7410989298055 2180.5544715287174 2183.2951206290086 2181.589479131829 1.0 2181.589479131829 1.0 1
421 nan 0.0 0.2 -1.0 1.0 2184.6232083056684 2184.6242415467627 2196.507114075864 2183.98933155959 2198.0723351540723 2196.3899911982894 1.0 2196.3899911982894 1.0 1
422 1.0 nan 0.2 1.0 1.0 2199.3449940668265 2199.34619395971 2199.701762217527 2198.7816443580127 2201.2448871808724 2199.5258779190176 -1.0 2199.5258779190176 -1.0 1
423 nan 0.125 0.2 -1.0 1.0 2202.4062207859133 2202.4071873662915 2203.0945260064027 2201.9282967843346 2204.6449499479045 2202.943272842363 1.0 2202.943272842363 1.0 1
424 0.0625 nan 0.8 -1.0 -1.0 2206.0898252776115 2206.0908585187058 2210.0115085156153 2205.3200606624737 2212.5732740302087 2209.899651834585 1.0 2209.899651834585 1.0 1
425 0.125 nan 0.8 1.0 1.0 2214.4615112563056 2214.462477836684 2214.764684191542 2213.275383810586 2216.3117140868303 2214.645394840705 -1.0 2214.645394840705 -1.0 1
426 0.125 nan 0.8 1.0 1.0 2217.9731311013657 2217.9741310121017 2218.449855210061 2216.982319552797 2220.0063791165117 2218.3117008766662 -1.0 2218.3117008766662 -1.0 1
427 nan 1.0 0.8 -1.0 1.0 2221.378193792297 2221.3791270423176 2221.793690033575 2220.673490035733 2223.3449185663985 2221.5480786263893 1.0 2221.5480786263893 1.0 1
428 0.25 nan 0.8 1.0 1.0 2224.622904131489 2224.623770720794 2225.6465460825652 2224.023524305812 2227.2060726444115 2224.845484261383 -1.0 2225.5551209109126 -1.0 2
429 0.25 nan 0.8 1.0 1.0 2228.378202222978 2228.379468776577 2228.658110568417 2227.8642814348937 2230.211531442615 2228.5447873516405 -1.0 2228.5447873516405 -1.0 1
430 0.0625 nan 0.8 1.0 1.0 2232.988857288629 2232.9897572082914 2243.91561517171 2230.890444617495 2245.4730382027524 2238.449169837245 1.0 2243.59257734318 -1.0 2
431 0.0 nan 0.8 -1.0 -1.0 2249.377994202515 2249.379027443609 2249.737695424709 2246.1782465160973 2252.2780363583756 2249.5121155626066 -1.0 2249.5121155626066 -1.0 1
432 0.25 nan 0.8 1.0 1.0 2253.639113805124 2253.640013724787 2253.948186213705 2252.929243843089 2255.506107666948 2253.8231307109554 -1.0 2253.8231307109554 -1.0 1
433 0.25 nan 0.8 1.0 1.0 2257.927964265486 2257.92899750658 2258.564140806258 2256.4608285725167 2260.1222696413483 2258.2322704328903 -1.0 2258.2322704328903 -1.0 1
434 0.0625 nan 0.8 1.0 1.0 2261.678062821146 2261.6789627408084 2263.0484071548444 2260.796674837483 2264.6065301647236 2262.1337554740217 1.0 2262.8962540711423 -1.0 2
435 0.0 nan 0.8 -1.0 -1.0 2265.8113605013023 2265.8122937513226 2266.2126246797666 2265.305938954476 2268.761297160364 2266.1161999544324 1.0 2266.1161999544324 1.0 1
436 nan 0.125 0.8 1.0 -1.0 2269.972822333863 2269.973922235673 2291.7965074297276 2269.410105901849 2294.344677416961 2271.312469407958 -1.0 2291.695183141786 -1.0 9
437 0.25 nan 0.8 1.0 1.0 2295.622165906692 2295.623165817428 2302.242408239738 2295.01908641129 2303.7945291600363 2301.750318836062 -1.0 2302.1368176659876 -1.0 2
438 0.0 nan 0.8 1.0 1.0 2308.1726121736847 2308.1734787629894 2315.3107749377596 2304.5045396287564 2316.8443994420695 2314.98003779656 -1.0 2314.98003779656 -1.0 1
439 0.0625 nan 0.8 -1.0 -1.0 2320.622334099177 2320.623434000987 2320.9560709725856 2317.5583076300286 2323.5111052378716 2320.809950683659 1.0 2320.809950683659 1.0 1
440 0.0 nan 0.8 -1.0 -1.0 2324.78909545864 2324.7900620390187 2325.2320559148075 2324.202814463608 2327.8062609410795 2325.131098260802 1.0 2325.131098260802 1.0 1
441 1.0 nan 0.8 1.0 1.0 2329.077712606497 2329.0787125172333 2329.3942843455993 2328.4789660576193 2330.9611087541293 2329.2425645565495 -1.0 2329.2425645565495 -1.0 1
442 nan 1.0 0.8 -1.0 1.0 2332.438879216106 2332.439712475053 2332.7303531957286 2331.633517778758 2334.2777749990946 2332.622362836212 1.0 2332.622362836212 1.0 1
443 0.0625 nan 0.8 1.0 1.0 2335.6060298125217 2335.607029723258 2336.645203710368 2334.953088101738 2338.222327598397 2336.1893110753454 -1.0 2336.4634865992302 -1.0 2
444 0.0625 nan 0.8 -1.0 -1.0 2339.694498161335 2339.69536475064 2340.002370677032 2338.9215338318418 2342.5609963848747 2339.874782067084 1.0 2339.874782067084 1.0 1
445 nan 0.0 0.8 1.0 -1.0 2344.072540659372 2344.07367389154 2344.566663214878 2343.327807142999 2347.139064049521 2344.3581151656504 -1.0 2344.3581151656504 -1.0 1
446 0.125 nan 0.8 1.0 1.0 2348.561039963409 2348.562006543787 2361.99027444615 2347.8192728488866 2363.54429510484 2348.8470477643395 -1.0 2361.815923344103 -1.0 8
447 0.0625 nan 0.8 1.0 1.0 2366.238861834198 2366.23992840565 2373.3089640074913 2364.2695043087588 2374.8608568797445 2372.973460625115 -1.0 2373.2138058357564 -1.0 2
448 0.25 nan 0.8 1.0 1.0 2376.6059030174742 2376.6069029282107 2377.0739945634796 2375.532665493879 2378.6392141030256 2376.952772051886 -1.0 2376.952772051886 -1.0 1
449 1.0 nan 0.8 1.0 1.0 2380.360901135742 2380.3619343768364 2381.1154671076883 2379.3664232478072 2382.6774875454057 2380.338236492387 1.0 2381.016142641219 -1.0 3
450 1.0 nan 0.8 1.0 1.0 2383.988843929788 2383.98991050124 2384.4191055196043 2383.366299505387 2385.989131586667 2384.1652615140238 -1.0 2384.337246160662 -1.0 2
451 0.125 nan 0.8 1.0 1.0 2389.19411257994 2389.195179151392 2389.4767873450833 2386.6725376852173 2391.0275166369847 2389.3416994046133 -1.0 2389.3416994046133 -1.0 1
452 1.0 nan 0.8 1.0 1.0 2392.5716777256243 2392.572510984571 2393.606751989452 2391.9620321497214 2395.1609806085107 2392.7830588552715 -1.0 2393.525992532319 -1.0 3
453 0.25 nan 0.8 1.0 1.0 2396.355339951665 2396.356173210612 2396.6979093699106 2395.8157881183747 2398.272332119441 2396.5250914643257 -1.0 2396.5250914643257 -1.0 1
454 1.0 nan 0.8 1.0 1.0 2402.7773666464245 2402.7781332446557 2403.0190784017386 2398.946941928284 2404.5891041177165 2402.8867235506145 -1.0 2402.8867235506145 -1.0 1
455 0.25 nan 0.8 1.0 1.0 2406.643988133218 2406.645121365386 2407.2773649239284 2405.284109531892 2408.8275879010835 2407.168407984033 -1.0 2407.168407984033 -1.0 1
456 0.0 nan 0.8 1.0 1.0 2410.3717553491015 2410.3727885901953 2445.1320189079474 2409.495000285183 2446.677332148849 2420.2322417533837 -1.0 2444.9471687431696 -1.0 11
457 1.0 nan 0.8 1.0 1.0 2448.2384749226717 2448.2393081816185 2448.5578797421936 2447.4804425935063 2450.1223011592688 2448.404526765608 -1.0 2448.404526765608 -1.0 1
458 nan 0.0625 0.8 1.0 -1.0 2451.4271569302746 2451.4279901892214 2476.656937958165 2450.7819145321605 2479.2219355553493 2476.084289079504 -1.0 2476.6053758945313 -1.0 3
459 0.25 nan 0.8 1.0 1.0 2480.7604716287383 2480.7615382001904 2481.440944215127 2479.937245119568 2482.993673443896 2481.0348138044124 -1.0 2481.16836854842 -1.0 2
460 nan 0.125 0.8 1.0 -1.0 2485.6387028074146 2485.6398693699402 2486.4048677439014 2483.6706784962903 2488.9712660782416 2486.1106606749336 -1.0 2486.1106606749336 -1.0 1
461 nan 0.25 0.2 -1.0 1.0 2491.176975063102 2491.1778416524066 2492.0456308500566 2489.6772756104883 2493.6053512814156 2491.8972107664363 1.0 2491.8972107664363 1.0 1
462 nan 0.0625 0.2 -1.0 1.0 2497.5603385427257 2497.5611384713147 2504.3028032981015 2494.3057624176026 2505.8550242927104 2504.1251524906243 1.0 2504.1251524906243 1.0 1
463 nan 0.25 0.2 -1.0 1.0 2507.9270130920654 2507.9281129938754 2508.3388429939764 2506.5801333303116 2509.8769705224163 2508.238485286413 1.0 2508.238485286413 1.0 1
464 0.25 nan 0.2 1.0 1.0 2511.1046627512114 2511.1057626530214 2521.1678643920936 2510.570177132318 2522.7215904605623 2520.7324032664487 1.0 2520.9586830660664 -1.0 2
465 nan 0.25 0.2 1.0 -1.0 2523.8934877377305 2523.894454318109 2524.8617013036596 2523.392499128502 2527.410239577506 2523.964448069648 1.0 2524.7422786313914 -1.0 2
466 nan 0.25 0.2 1.0 -1.0 2528.5713368048587 2528.572403376311 2532.3633649507265 2528.103745214222 2534.9208647172873 2529.244143408936 -1.0 2532.240509251597 -1.0 2
467 0.125 nan 0.2 1.0 1.0 2536.5435584444135 2536.5443583730025 2544.9837049781845 2535.6045756023414 2546.5383273549796 2538.5804432749087 -1.0 2544.60063917512 -1.0 5
468 nan 0.125 0.2 -1.0 1.0 2548.6100145846945 2548.6109811650726 2560.783727816619 2547.258035278185 2562.3434792471844 2560.5378164362123 1.0 2560.5378164362123 1.0 1
469 nan 0.0 0.2 1.0 -1.0 2563.621241173644 2563.6222410843807 2615.5400729579355 2563.0745899741264 2618.1047979100836 2563.778660453891 -1.0 2615.5114421805206 -1.0 21
470 0.25 nan 0.2 -1.0 -1.0 2619.3598319615558 2619.3607318812183 2629.5013599434456 2618.8882073976156 2632.0716032982027 2621.3223234332727 1.0 2629.392736307129 1.0 5
471 nan 0.125 0.2 -1.0 1.0 2634.5597083760817 2634.56067495646 2634.905344187252 2632.983915716438 2636.4597653421893 2634.7813885863125 1.0 2634.7813885863125 1.0 1
472 0.125 nan 0.2 -1.0 -1.0 2639.137866342804 2639.138666271393 2639.486301904036 2637.19007355891 2642.0543673329994 2639.1183680834465 1.0 2639.1183680834465 1.0 1
473 nan 0.25 0.2 -1.0 1.0 2643.3262924348865 2643.3272923456225 2643.5913687710713 2642.7490772971964 2645.143099800904 2643.4953773403895 1.0 2643.4953773403895 1.0 1
474 nan 1.0 0.2 -1.0 1.0 2646.2880280357144 2646.288961285735 2646.5026088797176 2645.8052044715278 2648.0713354716477 2646.3178920363707 1.0 2646.3178920363707 1.0 1
475 nan 0.25 0.2 -1.0 1.0 2649.19300203708 2649.1939352871004 2668.29682993922 2648.731743214439 2669.842983101191 2668.177407266952 1.0 2668.177407266952 1.0 1
476 1.0 nan 0.2 1.0 1.0 2671.471079901863 2671.472213134031 2672.118088808945 2670.569093757033 2673.6762170843117 2671.6156669943275 -1.0 2672.066026789943 -1.0 2
477 nan 0.125 0.2 -1.0 1.0 2675.9711781704405 2675.9722114115343 2676.4787661905284 2674.370421072748 2678.0381882432057 2676.278450739696 1.0 2676.278450739696 1.0 1
478 0.25 nan 0.2 1.0 1.0 2679.2262209205737 2679.2271875009524 2718.4522858097434 2678.7283986953435 2720.009533071338 2680.208333245737 1.0 2718.349528316413 -1.0 14
479 nan 0.25 0.2 -1.0 1.0 2722.137423497904 2722.1383900782826 2722.4518620941026 2720.797243138083 2723.9927890873328 2722.3319061361085 1.0 2722.3319061361085 1.0 1
480 nan 0.0625 0.2 -1.0 1.0 2725.253511986054 2725.2547118789375 2726.011810958082 2724.679796535941 2727.57083550848 2725.907053643279 1.0 2725.907053643279 1.0 1
481 nan 0.0625 0.2 -1.0 1.0 2728.892720441062 2728.89368702144 2729.1979598584867 2728.262643355781 2730.754385165125 2729.062105319786 1.0 2729.062105319786 1.0 1
482 nan 0.0625 0.2 1.0 -1.0 2732.309248775103 2732.310348676913 2770.157236687547 2731.427194184282 2772.709096201756 2740.9977398054048 1.0 2768.282970673127 -1.0 13
483 nan 1.0 0.2 -1.0 1.0 2774.170745061498 2774.171878293666 2774.5468448197666 2773.4927055912344 2776.092466822651 2774.413523388264 1.0 2774.413523388264 1.0 1
484 nan 0.0 0.2 -1.0 1.0 2778.6537448564854 2778.6545447850744 2795.7823490902 2776.755980939763 2797.337671751535 2787.0220977993918 -1.0 2795.46777717257 1.0 4
485 nan 1.0 0.2 -1.0 1.0 2798.5590678744607 2798.5601344459124 2799.517515645532 2798.0519798097407 2801.0871345679902 2799.422357473797 1.0 2799.422357473797 1.0 1
486 nan 0.25 0.2 1.0 -1.0 2802.342330136207 2802.3434633683746 2817.8917420137745 2801.7930458384167 2820.459007903551 2817.7263901083534 -1.0 2817.7263901083534 -1.0 1
487 0.25 nan 0.2 -1.0 -1.0 2821.8870520123255 2821.88808525342 2827.3097345869 2821.1717158715987 2829.8757668325384 2827.1555150210097 1.0 2827.1555150210097 1.0 1
488 0.0625 nan 0.2 -1.0 -1.0 2831.486861687663 2831.4877282769676 2841.6533541076014 2830.562077578046 2844.208888385918 2831.6048178241845 1.0 2841.4491056745396 1.0 3
489 nan 0.0 0.2 1.0 -1.0 2845.470813316528 2845.471679905833 4180.655352456239 2844.905697098747 2852.4088144526645 2845.780119037614 1.0 4178.645165242402 -1.0 643
