NYU-39 35ed605c-1a1a-47b1-86ff-2b56144f55af angelakilab 2026-07-28T16:01:20.797097 _iblrig_tasks_ephysChoiceWorld6.4.2 M 294 522
0 1.0 nan 0.5 -1.0 -1.0 16.807652400016806 16.80861897001681 17.709595530017708 15.747691740015748 20.279419724797393 16.990134150016992 -1.0 17.48655117001749 1.0 2
1 0.125 nan 0.5 1.0 1.0 22.490917350022492 22.491917250022492 22.774555650022776 20.79132066002079 24.345452422679035 22.632803160022632 -1.0 22.632803160022632 -1.0 1
2 1.0 nan 0.5 1.0 1.0 25.49061735002549 25.49158392002549 25.794053670025793 24.7998531000248 27.362181347668333 25.622004210025622 -1.0 25.622004210025622 -1.0 1
3 nan 0.0625 0.5 -1.0 1.0 30.14055231003014 30.141585540030142 30.616104750030615 27.823184070027825 32.17880508796123 30.401726190030402 1.0 30.401726190030402 1.0 1
4 0.25 nan 0.5 1.0 1.0 34.59067392003459 34.59157383003459 34.93813917003494 32.624103930032625 36.495634823786 34.767922860034766 -1.0 34.767922860034766 -1.0 1
5 0.0 nan 0.5 -1.0 -1.0 37.95713724003796 37.95820380003796 41.02286397004102 36.97673529003698 43.573797278408684 40.83504942004083 1.0 40.83504942004083 1.0 1
6 0.125 nan 0.5 1.0 1.0 44.545711650044545 44.546511570044544 44.79482007004479 44.01349821004401 46.34031608609289 44.69473008004469 -1.0 44.69473008004469 -1.0 1
7 nan 0.125 0.5 -1.0 1.0 49.095556620049095 49.0965231900491 49.33796571004934 46.82161737004682 50.873664257255584 49.10788872004911 1.0 49.10788872004911 1.0 1
8 0.0625 nan 0.5 1.0 1.0 52.09562325005209 52.0964898300521 52.386460830052386 51.32256723005132 53.92379421644296 52.240542090052244 -1.0 52.240542090052244 -1.0 1
9 0.125 nan 0.5 1.0 1.0 55.361829930055364 55.36282983005536 55.86911253005587 54.36349644005436 57.42371321869635 55.54917786005555 -1.0 55.54917786005555 -1.0 1
10 1.0 nan 0.5 1.0 1.0 58.745324880058746 58.746458100058746 59.51061501005951 57.86091333005786 61.062048166859825 58.895843160058895 -1.0 59.23480926005924 -1.0 2
11 0.0625 nan 0.5 -1.0 -1.0 62.123353710062126 62.124453600062125 62.730126360062734 61.4987495100615 65.29018989386658 62.32163388006232 -1.0 62.57714166006258 1.0 2
12 nan 0.25 0.5 -1.0 1.0 69.07869144006908 69.07975800006908 69.46581939006947 65.74619139006575 71.02851127720234 69.27613836006928 1.0 69.37012896006937 1.0 2
13 nan 0.25 0.5 -1.0 1.0 73.38989361007339 73.3907601900734 73.70822844007371 71.54911104007155 75.26145890230868 73.6041721800736 1.0 73.6041721800736 1.0 1
14 nan 0.25 0.5 -1.0 1.0 76.43995524007644 76.44108846007644 76.76755581007677 75.7122613500757 78.32808623277535 76.66156641007666 1.0 76.66156641007666 1.0 1
15 0.0 nan 0.5 -1.0 -1.0 82.22337684008222 82.22441007008223 82.97240193008297 78.78798708007879 85.52863380706607 82.86131304008286 1.0 82.86131304008286 1.0 1
16 0.25 nan 0.5 1.0 1.0 86.57327514008658 86.57437503008657 86.86054641008685 85.98693378008599 88.40647309020514 86.73929187008675 -1.0 86.73929187008675 -1.0 1
17 0.0 nan 0.5 -1.0 -1.0 90.87861123009088 90.87971112009087 91.2961028100913 88.87467831008888 93.84460277095954 91.16111631009116 1.0 91.16111631009116 1.0 1
18 nan 1.0 0.5 -1.0 1.0 96.33976506009634 96.34069830009634 96.64403463009664 94.2958028100943 98.18982810618537 96.55704333009656 1.0 96.55704333009656 1.0 1
19 nan 0.125 0.5 -1.0 1.0 101.24440788010125 101.24534112010124 101.86977867010187 98.6986291500987 103.43937374256168 101.51478084010152 1.0 101.71509414010171 1.0 2
20 0.125 nan 0.5 1.0 1.0 104.61153780010461 104.61263769010462 104.87927769010489 103.8976758601039 106.43960753724656 104.77152180010478 -1.0 104.77152180010478 -1.0 1
21 nan 1.0 0.5 -1.0 1.0 107.52787947010754 107.52897936010753 107.81931699010782 106.8928096501069 109.38941734772193 107.68336392010768 1.0 107.68336392010768 1.0 1
22 0.25 nan 0.5 1.0 1.0 110.76122277011076 110.76228933011076 112.04946060011206 109.83711519010984 113.62755588193565 111.72729282011173 -1.0 111.97010187011198 -1.0 2
23 0.25 nan 0.5 1.0 1.0 114.73935825011473 114.74029149011474 115.06015950011506 114.07115841011407 116.6112917664463 114.90830802011492 -1.0 114.90830802011492 -1.0 1
24 1.0 nan 0.5 1.0 1.0 117.62283654011762 117.62393643011762 117.994999320118 117.04839399011705 119.54450035038185 117.75099039011775 -1.0 117.75099039011775 -1.0 1
25 nan 0.25 0.5 -1.0 1.0 120.53951151012055 120.54024477012054 120.94580421012094 119.99659914012 122.49462996049603 120.81405072012082 1.0 120.81405072012082 1.0 1
26 nan 0.25 0.5 -1.0 1.0 123.55607649012356 123.55690974012356 123.85374672012385 122.995632540123 125.4060463847491 123.74075802012374 1.0 123.74075802012374 1.0 1
27 nan 0.0625 0.5 -1.0 1.0 126.32739933012633 126.32823258012633 126.78625344012679 125.85484659012586 128.34408134622464 126.65829957012666 1.0 126.65829957012666 1.0 1
28 1.0 nan 0.5 1.0 1.0 129.6893964301297 129.6905629801297 130.0933893601301 128.8107843001288 131.64461980830652 129.85301340012987 -1.0 129.85301340012987 -1.0 1
29 0.0625 nan 0.5 1.0 1.0 132.97266807013298 132.97353465013296 133.47421791013346 132.0998220301321 135.0271497129129 133.1747811901332 -1.0 133.1747811901332 -1.0 1
30 1.0 nan 0.5 1.0 1.0 135.93903807013595 135.94053792013594 136.18364694013619 135.48105054013547 137.72754944907862 136.07129151013606 -1.0 136.07129151013606 -1.0 1
31 nan 0.125 0.5 -1.0 1.0 139.5057813601395 139.5068479201395 140.05825944014006 138.1846468201382 141.60588974490432 139.7977521601398 1.0 139.7977521601398 1.0 1
32 nan 0.0625 0.5 -1.0 1.0 143.34409749014335 143.34516405014335 143.64620061014364 142.06479210014206 145.18902426804408 143.51911332014353 1.0 143.51911332014353 1.0 1
33 nan 0.125 0.5 -1.0 1.0 146.32719915014633 146.32816572014633 147.33263193014733 145.7122273201457 148.89433397218863 146.63140206014663 1.0 147.24897363014725 1.0 2
34 1.0 nan 0.5 1.0 1.0 150.78888627015078 150.78981951015078 151.68906291015168 149.33693148014933 153.26068908852915 150.95123670015096 -1.0 151.3988586001514 -1.0 2
35 nan 1.0 0.5 -1.0 1.0 154.2889695601543 154.2898028101543 154.60947084015461 153.72569256015373 156.17760413839045 154.4909160301545 1.0 154.4909160301545 1.0 1
36 1.0 nan 0.5 1.0 1.0 158.82218286015882 158.8231161001588 159.84741366015984 156.62400270015664 161.4056448788104 158.96946813015896 -1.0 159.51014739015952 -1.0 3
37 nan 0.0625 0.5 -1.0 1.0 164.22694233016423 164.22777558016423 164.6038713001646 161.86104561016185 166.17686838435722 164.2951688401643 1.0 164.2951688401643 1.0 1
38 nan 0.125 0.5 -1.0 1.0 167.2055111101672 167.2064110201672 167.7000949801677 166.63096857016663 169.26049295732827 167.42292270016742 1.0 167.42292270016742 1.0 1
39 nan 0.25 0.5 -1.0 1.0 171.77182110017176 171.7727543401718 172.3974252001724 169.71329364016972 173.95554454225157 172.26870474017227 1.0 172.26870474017227 1.0 1
40 nan 1.0 0.5 -1.0 1.0 174.97710054017497 174.97806711017498 175.43355489017543 174.4949487601745 176.9936556343974 175.15591599017515 1.0 175.2923023501753 -1.0 2
41 nan 1.0 0.5 -1.0 1.0 179.67189768017968 179.67306423017968 180.67229763018068 177.44885334017746 182.24329244401218 179.92957191017993 1.0 180.56307522018056 1.0 3
42 0.25 nan 0.5 -1.0 -1.0 183.1885793101832 183.1893792301832 184.1973784201842 182.71819302018272 186.7433408245867 183.34516365018334 -1.0 184.04912658018404 1.0 2
43 0.125 nan 0.5 1.0 1.0 187.67159763018768 187.67269752018768 187.9213393201879 187.2069441001872 189.47656713201653 187.8152832601878 -1.0 187.8152832601878 -1.0 1
44 0.125 nan 0.5 1.0 1.0 190.53834426019054 190.53934416019055 190.94137062019095 189.95226954018995 192.48839908176254 190.74159060019073 -1.0 190.74159060019073 -1.0 1
45 nan 0.25 0.5 -1.0 1.0 193.47668373019349 193.4776503001935 193.92230583019392 192.95880219019296 195.49360452018175 193.7724208201938 1.0 193.7724208201938 1.0 1
46 0.25 nan 0.5 1.0 1.0 196.50491421019652 196.50598077019652 196.74842319019675 195.95460258019597 198.3051422403169 196.65029967019666 -1.0 196.65029967019666 -1.0 1
47 nan 0.0 0.5 -1.0 1.0 199.94343699019996 199.94430357019993 202.43305467020244 198.83794755019883 203.98838610376998 202.2966683102023 1.0 202.2966683102023 1.0 1
48 0.0625 nan 0.5 1.0 1.0 205.12625199020513 205.12761852020512 205.43648763020545 204.44998629020446 206.9883174465712 205.32719856020532 -1.0 205.32719856020532 -1.0 1
49 0.25 nan 0.5 1.0 1.0 209.00996358020902 209.010963480209 209.25390585020926 207.45021957020745 210.81023622008254 209.14335024020914 -1.0 209.14335024020914 -1.0 1
50 0.0 nan 0.5 -1.0 -1.0 212.2881357302123 212.2889356502123 214.43658753021444 211.28273628021128 216.9929836479792 214.26527133021426 1.0 214.26527133021426 1.0 1
51 nan 0.125 0.5 -1.0 1.0 218.93787069021894 218.93890392021893 219.34499664021934 217.46818434021748 220.91012591829798 219.2149763102192 1.0 219.2149763102192 1.0 1
52 0.0625 nan 0.5 1.0 1.0 223.0878223202231 223.0889222102231 223.3901254202234 221.36442801022136 224.95475584272583 223.25040606022324 -1.0 223.25040606022324 -1.0 1
53 nan 0.25 0.5 -1.0 1.0 226.15968177022617 226.16054835022615 226.55774196022656 225.41705604022542 228.1045757589669 226.38099297022637 1.0 226.38099297022637 1.0 1
54 nan 0.125 0.5 -1.0 1.0 230.82621507023083 230.82721497023084 231.21890913023122 228.55487556022857 232.77120722914768 231.02926143023103 1.0 231.02926143023103 1.0 1
55 0.25 nan 0.5 1.0 1.0 233.74255674023374 233.74355664023375 233.97610005023398 233.23610739023323 235.54312879173048 233.87077725023389 -1.0 233.87077725023389 -1.0 1
56 1.0 nan 0.5 1.0 1.0 236.62120218023662 236.62220208023663 237.1098533102371 236.003130660236 238.65975152404366 236.76745422023677 -1.0 237.01699593023702 -1.0 2
57 nan 1.0 0.5 -1.0 1.0 239.6875955102397 239.6888620502397 240.0858556802401 239.12615166023912 241.6427831080665 239.85687858023985 1.0 239.85687858023985 1.0 1
58 0.125 nan 0.5 1.0 1.0 242.85427881024285 242.85517872024286 243.0912884402431 242.1206855102421 244.65448950239644 242.995897980243 -1.0 242.995897980243 -1.0 1
59 nan 1.0 0.5 -1.0 1.0 245.77581996024577 245.7768531902458 246.0894219302461 245.1086866802451 247.64291837412932 245.96623425024598 1.0 245.96623425024598 1.0 1
60 nan 0.0625 0.5 -1.0 1.0 248.77088709024878 248.77182033024877 249.2986343102493 248.1027205802481 250.85895467600315 249.02862798024904 1.0 249.02862798024904 1.0 1
61 nan 0.0 0.5 1.0 -1.0 252.03762705025204 252.03852696025203 253.24813932025324 251.3973577502514 255.8089018808742 252.54994248025255 1.0 252.54994248025255 1.0 1
62 0.0625 nan 0.5 -1.0 -1.0 256.970767020257 256.971800250257 257.6151359102576 256.2754032302563 260.1755318464184 257.35009575025737 1.0 257.35009575025737 1.0 1
63 nan 0.25 0.5 -1.0 1.0 261.3706936502614 261.37179354026136 262.2867353702623 260.64353304026065 263.842461336324 261.5882718902616 1.0 262.1809459502622 -1.0 3
64 nan 0.125 0.5 -1.0 1.0 264.83744694026484 264.83844684026485 265.996264380266 264.35006235026435 267.5589920570869 265.52917776026555 1.0 265.92017199026594 1.0 2
65 nan 0.0 0.5 -1.0 1.0 269.1041535602691 269.1051534602691 270.5954044202706 268.042393080268 272.15393324969403 270.42455484027045 1.0 270.42455484027045 1.0 1
66 0.0625 nan 0.5 1.0 1.0 273.94256967027394 273.94340292027397 274.2032436002742 272.62743453027264 275.7587413872935 274.08465546027406 -1.0 274.08465546027406 -1.0 1
67 nan 0.125 0.5 -1.0 1.0 276.75395517027675 276.75505506027673 277.4943477902775 276.2377401302762 279.04227614763516 277.14584931027713 1.0 277.4096562602774 1.0 2
68 nan 0.125 0.5 -1.0 1.0 282.0704234702821 282.0713900402821 282.94390278028294 279.5074797902795 284.4925247719124 282.4673504402825 1.0 282.8816090102829 1.0 2
69 0.25 nan 0.5 1.0 1.0 285.67033011028565 285.67136334028567 285.97793268028596 285.04092639028505 287.55362951777664 285.84761238028585 -1.0 285.84761238028585 -1.0 1
70 nan 0.0625 0.5 -1.0 1.0 288.6253679102886 288.62670111028865 289.16024775028916 288.027227730288 290.74167080992186 288.983198790289 1.0 288.983198790289 1.0 1
71 nan 0.0625 0.5 -1.0 1.0 292.5700400702926 292.5710066402926 293.46948345029347 291.2218749002912 295.03721148335944 292.8229481102928 1.0 293.4085562102934 1.0 2
72 nan 0.0625 0.5 -1.0 1.0 296.5421094902965 296.54300940029657 300.25783788030026 295.5106126502955 301.80376807810603 299.6911945502997 1.0 300.1526817303002 1.0 2
73 0.0 nan 0.5 -1.0 -1.0 303.6919944303037 303.6929610003037 306.0626240103061 302.2793690403023 308.6251188262901 305.85627798030583 1.0 305.85627798030583 1.0 1
74 1.0 nan 0.5 1.0 1.0 309.6368998803096 309.63796644030964 310.3037331903103 309.1085193903091 311.8587319179289 309.7947174303098 -1.0 310.06988991031005 -1.0 2
75 nan 0.0625 0.5 -1.0 1.0 313.0700565303131 313.07095644031307 316.5677733903166 312.3299305503123 318.12529070286683 316.46011749031646 1.0 316.46011749031646 1.0 1
76 nan 0.0 0.5 -1.0 1.0 319.3865248203194 319.3875913803194 320.2048096503202 318.7009933803187 321.7584081675448 320.04539226032006 1.0 320.04539226032006 1.0 1
77 nan 0.25 0.5 -1.0 1.0 322.7034597603227 322.7045596503227 323.26033740032324 322.2312069903222 324.8201328296088 322.91313879032293 1.0 323.1660468303232 1.0 2
78 0.0625 nan 0.5 -1.0 -1.0 325.92473760032595 325.92590415032595 326.3672266803264 325.2940340103253 328.91995665395683 326.2505050203263 1.0 326.2505050203263 1.0 1
79 nan 1.0 0.5 -1.0 1.0 329.9083392003299 329.9092057803299 330.1975769403302 329.3935573503294 331.7700994211502 330.0665900403301 1.0 330.0665900403301 1.0 1
80 0.0625 nan 0.5 1.0 1.0 332.87494251033286 332.87587575033285 333.1484151603332 332.24570544033224 334.7200113447902 333.0556244403331 -1.0 333.0556244403331 -1.0 1
81 nan 0.0 0.5 -1.0 1.0 335.7248908203357 335.7258573903357 337.0680231603371 335.1988101003352 338.64124964143195 336.9293370303369 1.0 336.9293370303369 1.0 1
82 0.125 nan 0.5 1.0 1.0 340.26983628034026 340.2708695103403 340.5746724603406 339.1159516803391 342.1415688843209 340.43132013034045 -1.0 340.43132013034045 -1.0 1
83 0.25 nan 0.5 1.0 1.0 343.3195646103433 343.3204978503433 344.4774821403445 342.6178681203426 346.0364089099796 344.16321357034417 -1.0 344.16321357034417 -1.0 1
84 0.125 nan 0.5 1.0 1.0 347.024660730347 347.02549398034705 347.47581561034747 346.5195112503465 349.03633482685336 347.30599926034733 -1.0 347.30599926034733 -1.0 1
85 0.125 nan 0.5 1.0 1.0 350.1913440303502 350.1924772503502 350.94153567035096 349.6006364403496 352.4914647180248 350.3649933303504 -1.0 350.7299235003507 1.0 2
86 nan 1.0 0.5 -1.0 1.0 353.4360528603534 353.43715275035345 354.0793551903541 352.96146699035296 355.62448516956954 353.63516628035364 1.0 353.63516628035364 1.0 1
87 nan 0.0625 0.5 -1.0 1.0 356.8195478103568 356.8204810503568 357.4278869703574 356.1035860803561 358.9694155511475 357.06668976035706 1.0 357.2152749003572 1.0 2
88 nan 1.0 0.5 -1.0 1.0 359.95760064035994 359.95846722036 360.25450428036027 359.44921815035946 361.80763354689395 360.13321641036015 1.0 360.13321641036015 1.0 1
89 0.0625 nan 0.5 1.0 1.0 362.952767760363 362.95380099036294 363.3129317403633 362.2991331303623 364.8693609580151 363.12055098036313 -1.0 363.12055098036313 -1.0 1
90 nan 1.0 0.8 -1.0 1.0 365.8409122503658 365.8421121303658 366.3018661503663 365.33856249036535 367.85809122135345 366.11871780036614 1.0 366.11871780036614 1.0 1
91 0.0625 nan 0.8 1.0 1.0 368.8694427003689 368.87044260036885 369.34859478036935 368.3518944603683 370.90769266160436 369.0523577403691 -1.0 369.0523577403691 -1.0 1
92 0.25 nan 0.8 1.0 1.0 372.5025793503725 372.5034126003725 373.0792216803731 371.40898872037144 374.61911642411303 372.66069687037265 -1.0 372.66069687037265 -1.0 1
93 0.0 nan 0.8 -1.0 -1.0 376.3405955103763 376.34142876037635 376.87140909037686 375.1228173003751 379.41935866651176 376.73702253037675 1.0 376.73702253037675 1.0 1
94 0.0625 nan 0.8 1.0 1.0 380.7077254203807 380.7087253203807 381.03809238038104 380.00806206038 382.6078868275513 380.9090719503809 -1.0 380.9090719503809 -1.0 1
95 0.25 nan 0.8 1.0 1.0 383.5690392603836 383.5700391603836 383.958100350384 383.0835878103831 385.5242237645517 383.61246825038364 1.0 383.61246825038364 1.0 1
96 nan 0.0625 0.8 -1.0 1.0 387.4023558903874 387.40338912038743 388.0693225203881 386.02012746038605 389.63565118468574 387.9049389603879 1.0 387.9049389603879 1.0 1
97 0.25 nan 0.8 1.0 1.0 390.74025540039077 390.74138862039075 391.1878439703912 390.11815095039015 392.7573705980128 390.991163640391 -1.0 390.991163640391 -1.0 1
98 1.0 nan 0.8 1.0 1.0 394.2855675003943 394.2863674203943 394.5202773603945 393.24227184039324 396.0855029724419 394.4265534003944 -1.0 394.4265534003944 -1.0 1
99 0.0625 nan 0.8 1.0 1.0 397.1240169603971 397.12535016039715 398.16091326039816 396.5785048503966 399.7190382554197 397.3540606203974 -1.0 397.84087860039784 1.0 3
100 1.0 nan 0.8 1.0 1.0 400.8073485904008 400.8083484904008 401.0751218104011 400.2145412104002 402.64045060156593 400.955633760401 -1.0 400.955633760401 -1.0 1
101 1.0 nan 0.8 1.0 1.0 403.81898073040384 403.81998063040385 404.2299729604042 403.1372489104031 405.7853667490011 404.002395720404 -1.0 404.002395720404 -1.0 1
102 0.25 nan 0.8 1.0 1.0 406.84041189040687 406.84131180040686 407.1192840004071 406.2821677204063 408.68540756802446 407.00532873040703 -1.0 407.00532873040703 -1.0 1
103 0.125 nan 0.8 1.0 1.0 409.74025521040977 409.74128844040973 410.0641228204101 409.17211203040915 411.60702098441095 409.9227369604099 -1.0 409.9227369604099 -1.0 1
104 0.125 nan 0.8 1.0 1.0 412.56877233041257 412.56963891041255 412.8752416804129 412.1002191904121 414.42353600404965 412.74435477041277 -1.0 412.74435477041277 -1.0 1
105 nan 0.0625 0.8 -1.0 1.0 415.5689389504156 415.56993885041555 416.0613563704161 414.92013717041493 417.60218085456813 415.94250159041593 1.0 415.94250159041593 1.0 1
106 0.0625 nan 0.8 1.0 1.0 419.2400384704192 419.24093838041927 419.53247589041956 418.1035854604181 421.06880602222196 419.4150209704194 -1.0 419.4150209704194 -1.0 1
107 0.0625 nan 0.8 -1.0 -1.0 422.04032508042206 422.04125832042206 422.5765714504226 421.5649059604216 425.11853211766623 422.3266964404223 -1.0 422.44775100042244 1.0 2
108 0.25 nan 0.8 1.0 1.0 426.12318342042613 426.1242499804261 426.43985175042644 425.6220335404256 428.0018444798108 426.3078316204263 -1.0 426.3078316204263 -1.0 1
109 0.25 nan 0.8 1.0 1.0 429.007095000429 429.00822822042903 429.2233733704292 428.51314440042853 430.7901667639339 429.1358154604291 -1.0 429.1358154604291 -1.0 1
110 0.125 nan 0.8 1.0 1.0 431.8184805004318 431.81954706043183 432.07788789043207 431.2777679104313 433.64000959315734 431.972298450432 -1.0 431.972298450432 -1.0 1
111 0.25 nan 0.8 1.0 1.0 434.75152050043476 434.7525204004348 435.006694980435 434.14181481043414 436.5738230108107 434.8909732204349 -1.0 434.8909732204349 -1.0 1
112 0.25 nan 0.8 1.0 1.0 437.83501212043785 437.83617867043785 438.40632165043843 437.07872109043706 439.9682384610141 437.989263360438 -1.0 438.3624593704384 -1.0 2
113 nan 1.0 0.8 -1.0 1.0 441.14038155044113 441.1415147704411 441.47384820044147 440.5713384604406 443.04037112310283 441.3548267704414 1.0 441.3548267704414 1.0 1
114 0.0625 nan 0.8 1.0 1.0 444.05175705044405 444.0528236104441 444.3906898204444 443.53617528044356 445.95168547827836 444.27150174044425 -1.0 444.27150174044425 -1.0 1
115 0.25 nan 0.8 -1.0 -1.0 446.97313155044696 446.974164780447 447.8454776404478 446.44908396044644 450.4065335217756 447.71049114044774 1.0 447.71049114044774 1.0 1
116 0.125 nan 0.8 1.0 1.0 452.0518236304521 452.0527902004521 452.33412873045233 450.9223365904509 453.88495694658224 452.22890592045223 -1.0 452.22890592045223 -1.0 1
117 0.125 nan 0.8 1.0 1.0 454.8899397904549 454.8911063404549 455.11945017045514 454.3857568804544 456.6730758617199 455.028425940455 -1.0 455.028425940455 -1.0 1
118 nan 0.25 0.8 -1.0 1.0 457.7015252704577 457.7024251804577 458.13458196045815 457.1895764704572 459.6849074458286 457.94343441045794 1.0 457.94343441045794 1.0 1
119 0.0625 nan 0.8 1.0 1.0 460.82297976046084 460.8237796804608 461.18601012046116 460.1866100704602 462.73963655788964 461.020426680461 -1.0 461.020426680461 -1.0 1
120 nan 0.0625 0.8 -1.0 1.0 463.75152021046375 463.75242012046374 464.8623424504649 463.23883815046327 466.42326535967123 464.005128180464 1.0 464.67249477046465 1.0 2
121 nan 0.0625 0.8 -1.0 1.0 467.7179568604677 467.71872345046773 474.11891670047413 466.94506749046695 475.68453703968055 473.7995486404738 -1.0 473.976264300474 1.0 2
122 0.0 nan 0.8 -1.0 -1.0 476.82241299047683 476.82341289047685 480.4563495604805 476.22673923047626 483.0176755758046 479.3583927004794 1.0 479.86477539047985 -1.0 2
123 nan 0.25 0.2 -1.0 1.0 484.17284454048416 484.1736444604842 484.75048677048477 483.53387511048356 486.3012125808178 484.4147870104844 1.0 484.4147870104844 1.0 1
124 0.125 nan 0.2 1.0 1.0 487.33939452048736 487.34032776048736 487.64903022048765 486.7941157204868 489.20602432911886 487.51870992048754 -1.0 487.51870992048754 -1.0 1
125 nan 0.125 0.2 -1.0 1.0 490.23460497049024 490.23563820049026 490.88204022049086 489.7138237204897 492.4390615009618 490.4982119404905 1.0 490.7613522904908 1.0 2
126 nan 0.0 0.2 -1.0 1.0 494.33406165049433 494.33502822049434 497.2070076604972 492.95466627049296 498.76749819720345 497.12228280049715 1.0 497.12228280049715 1.0 1
127 1.0 nan 0.2 1.0 1.0 499.9059377404999 499.9069376404999 500.2210062305002 499.3046978704993 501.77232915640053 500.05048995050004 -1.0 500.05048995050004 -1.0 1
128 nan 0.25 0.2 -1.0 1.0 502.95079989050294 502.95159981050296 503.3836566005034 502.2841332305023 504.93954961170755 503.18620968050317 1.0 503.18620968050317 1.0 1
129 nan 0.0 0.2 -1.0 1.0 505.950766530506 505.95189975050596 506.6235659105066 505.45724922050545 508.18928531710014 506.37419085050635 1.0 506.37419085050635 1.0 1
130 nan 0.0625 0.2 -1.0 1.0 509.1839431805092 509.1849097505092 509.8649084105099 508.71678990050873 511.41750358135295 509.7097572605097 1.0 509.7097572605097 1.0 1
131 nan 0.0625 0.2 -1.0 1.0 512.6226659405127 512.6235658505126 513.989629230514 511.92300258051193 515.5341525730677 512.8729742405129 1.0 513.937401120514 1.0 3
132 0.0625 nan 0.2 1.0 1.0 516.5556392705165 516.5565391805166 516.8944387205169 516.0418573205161 518.4726653915852 516.7398875105167 -1.0 516.7398875105167 -1.0 1
133 nan 0.25 0.2 -1.0 1.0 519.6672280805196 519.6681946505197 520.1990748905203 518.980263450519 521.7673856886282 519.9321015905199 -1.0 519.9321015905199 -1.0 1
134 nan 0.0 0.2 -1.0 1.0 522.9222025505229 522.923169120523 523.5027111605235 522.3983882705224 525.0723315611795 523.2321048905233 1.0 523.2321048905233 1.0 1
135 nan 0.0625 0.2 -1.0 1.0 526.5007446605265 526.5018445505265 526.8742406405269 525.5846362805256 528.4390348126207 526.7288218505267 1.0 526.7288218505267 1.0 1
136 nan 0.125 0.2 -1.0 1.0 530.9503329905309 530.951199570531 533.6042009105336 528.970630980529 535.1670911421752 533.4574489205335 1.0 533.4574489205335 1.0 1
137 1.0 nan 0.2 1.0 1.0 536.2224057305363 536.2234722905363 536.6233989605366 535.6839929105357 538.1888208525972 536.4835796105365 -1.0 536.4835796105365 -1.0 1
138 1.0 nan 0.2 1.0 1.0 539.2836995705393 539.2847994605393 539.8234455905398 538.7042241905388 541.3889379735916 539.6222323805396 1.0 539.6222323805396 1.0 1
139 0.0 nan 0.2 -1.0 -1.0 542.8002478805428 542.8011144605429 548.3977880705484 541.9085370605419 550.9668087820511 548.0815530305481 -1.0 548.0815530305481 -1.0 1
140 nan 0.125 0.2 -1.0 1.0 552.5553722705525 552.5564055005526 553.1168494505531 551.5123099205515 554.6551409034388 552.8311113605529 1.0 552.8311113605529 1.0 1
141 nan 0.0 0.2 -1.0 1.0 557.7333210905578 557.7343876505578 558.3640913405584 555.1742436905552 559.9167825390896 558.1676443205582 1.0 558.1676443205582 1.0 1
142 nan 0.25 0.2 -1.0 1.0 561.1212822605611 561.1223821505612 561.935800800562 560.4421835105604 563.4889235850351 561.5504726705616 1.0 561.8795397605619 1.0 2
143 nan 0.125 0.2 -1.0 1.0 565.4999443505656 565.5010109105655 569.1675775505691 564.007926900564 570.7332675100402 569.017525890569 -1.0 569.017525890569 -1.0 1
144 nan 0.25 0.2 -1.0 1.0 571.9711971605719 571.972330380572 578.4278514305785 571.2576685205713 579.9831406254101 578.1577451105782 -1.0 578.2980644105783 1.0 2
145 nan 1.0 0.2 -1.0 1.0 581.0879187305811 581.0889519605811 581.4527489105815 580.5229419005806 583.0164870287313 581.2901651705813 1.0 581.2901651705813 1.0 1
146 nan 0.0625 0.2 -1.0 1.0 589.3547919605894 589.3555918805894 589.8274446905898 583.6593948905837 591.3880337451276 589.4535487505894 -1.0 589.4535487505894 -1.0 1
147 nan 0.25 0.2 -1.0 1.0 592.5995007905926 592.6005673505927 593.2777662905933 591.9410333105919 594.8331570572427 593.1277812905931 1.0 593.1277812905931 1.0 1
148 0.0 nan 0.2 -1.0 -1.0 596.2548352205963 596.2559017805962 600.7348871706007 595.3619578505953 603.2995418960353 599.3887551305994 -1.0 600.6165656706006 1.0 3
149 nan 0.25 0.2 -1.0 1.0 604.3546918206043 604.3555250706044 604.8681404706049 603.8298443106038 606.4327648044215 604.6224650406047 1.0 604.6224650406047 1.0 1
150 nan 0.125 0.2 -1.0 1.0 607.4376834906075 607.4385167406075 610.1625776406102 606.9529653006069 611.699403597816 610.01585898061 1.0 610.01585898061 1.0 1
151 nan 0.25 0.2 -1.0 1.0 613.1046500706132 613.1054833206131 614.015425650614 612.2269045206123 615.5710465552612 613.6109994306136 1.0 613.7689169706138 -1.0 2
152 nan 1.0 0.2 -1.0 1.0 617.4659139006175 617.4668138106175 618.0986506206181 616.1069498106161 619.6492739396904 617.6781260106177 1.0 617.973563130618 -1.0 2
153 nan 1.0 0.2 -1.0 1.0 620.9379333306209 620.9387999106209 624.8700067506248 620.1959742006202 626.4160288402938 624.5625375006246 -1.0 624.7088562006247 1.0 2
154 nan 0.125 0.2 -1.0 1.0 627.6210316206276 627.6220981806276 631.3757561106314 626.966530410627 632.932380326171 630.7009236006307 -1.0 631.1054831406311 1.0 3
155 0.25 nan 0.2 1.0 1.0 633.970496610634 633.971429850634 634.2332703306342 633.4555814406334 635.7823958317755 634.1252144706341 -1.0 634.1252144706341 -1.0 1
156 nan 1.0 0.2 -1.0 1.0 637.3372265706373 637.3380598206373 637.6379964906376 636.3152954406363 639.1875097083308 637.4929443306376 1.0 637.4929443306376 1.0 1
157 nan 0.0625 0.2 -1.0 1.0 640.2989637006403 640.3000635906403 641.7808488306418 639.8432092806398 643.3321389976634 640.6071995406406 1.0 641.6391296706416 1.0 4
158 nan 0.0625 0.2 -1.0 1.0 644.3874214806444 644.3883880506444 649.8432091806499 643.8679401006439 651.398930210066 649.6906911006497 1.0 649.6906911006497 1.0 1
159 0.25 nan 0.2 1.0 1.0 652.5536714406526 652.5546713406526 652.9387329306529 651.934133400652 654.4821299477157 652.7431524906527 -1.0 652.8132788106528 -1.0 2
160 nan 0.125 0.2 -1.0 1.0 655.6035330906556 655.6043663406556 656.8979703006569 654.999426840655 658.4485602363972 655.980995340656 1.0 656.7624171906567 1.0 2
161 0.25 nan 0.2 1.0 1.0 659.6871246906597 659.6879912706597 660.0745859406601 658.9708629906589 661.648704289548 659.8488085206599 -1.0 659.8488085206599 -1.0 1
162 nan 0.0625 0.2 -1.0 1.0 662.6708596206627 662.6716595406626 667.3463253606674 662.1680099106621 668.9033490715055 667.020857910667 1.0 667.2701663106673 1.0 2
163 nan 0.25 0.2 -1.0 1.0 670.2986301006703 670.2996300006703 672.7320867306728 669.4433489706695 674.2819087013065 672.5789687106726 1.0 672.5789687106726 1.0 1
164 nan 0.0625 0.2 -1.0 1.0 675.3538911906753 675.3549577506753 676.1988066906762 674.8132119306748 677.7538292285584 675.7226209806757 1.0 676.0071258606761 1.0 2
165 nan 0.125 0.2 -1.0 1.0 680.3148950406803 680.3159282706803 680.8021463106808 678.2982300606783 682.353069650025 680.6756922906807 1.0 680.6756922906807 1.0 1
166 nan 0.0625 0.2 -1.0 1.0 683.5652033106836 683.5662698706835 684.3285603006843 682.8839714406829 685.881784267847 684.010758750684 1.0 684.010758750684 1.0 1
167 nan 0.0625 0.2 -1.0 1.0 687.8029461606878 687.8039127306878 694.0453551906941 686.4224842206864 695.6030750453826 693.998726520694 1.0 693.998726520694 1.0 1
168 nan 1.0 0.2 -1.0 1.0 697.1316132006972 697.1325464406972 697.4461817406974 696.1472783106962 698.9984052230127 697.3284268506974 1.0 697.3284268506974 1.0 1
169 0.0 nan 0.2 -1.0 -1.0 700.1698760107001 700.1711758807002 702.7158547207027 699.5299066806996 705.2699320002058 702.5178078607025 1.0 702.5178078607025 1.0 1
170 nan 1.0 0.2 -1.0 1.0 706.4978764807065 706.4988430507065 706.8745388107069 705.946431630706 708.4533584675376 706.7117884207067 1.0 706.7117884207067 1.0 1
171 nan 0.0625 0.2 -1.0 1.0 709.5646031107095 709.5655030207096 712.9096019107129 708.990060570709 714.4812208432354 711.7259536207117 1.0 712.6495279207127 1.0 3
172 nan 0.25 0.2 -1.0 1.0 716.1032825107161 716.1041157607161 721.4424818707214 715.026523530715 723.0144695614332 720.6657595507206 1.0 721.3394588407214 1.0 3
173 nan 0.125 0.2 -1.0 1.0 724.7529174607248 724.7537840407248 728.7821145007288 723.5656695307235 730.3365362556082 728.018290890728 1.0 728.6392287907287 1.0 4
174 nan 0.0625 0.2 -1.0 1.0 732.4976429107325 732.4984095007325 742.3386253807423 730.8768383407308 743.8859465774087 742.1030489407422 -1.0 742.1030489407422 -1.0 1
175 nan 0.0625 0.2 -1.0 1.0 744.930832800745 744.9316993807449 745.7949463807458 744.4349490607444 747.3474695183636 745.098116070745 -1.0 745.5433382107456 1.0 3
176 nan 1.0 0.2 -1.0 1.0 748.6025989207486 748.6036654807486 748.939398570749 747.8827709107479 750.4973876706673 748.7931465307488 1.0 748.7931465307488 1.0 1
177 nan 0.0 0.2 -1.0 1.0 751.5194738707515 751.5203404507515 753.6305294107536 751.037688720751 755.1975466573358 753.4860438607535 1.0 753.4860438607535 1.0 1
178 nan 0.0625 0.2 -1.0 1.0 756.3359255107564 756.3369920707563 760.2836640307603 755.7384519307558 761.8475865268799 760.2263364307603 1.0 760.2263364307603 1.0 1
179 0.0625 nan 0.2 1.0 1.0 763.6520604907637 763.6529604007636 764.016590700764 762.3935863507623 765.5806132770601 763.8871703107638 -1.0 763.8871703107638 -1.0 1
180 nan 0.0625 0.2 -1.0 1.0 766.7185871407668 766.7196203707667 767.3823207607674 766.1139142807662 768.9524399419419 767.065052490767 1.0 767.3665890007674 1.0 2
181 0.125 nan 0.2 1.0 1.0 770.1804075907702 770.1812741707702 770.4568466107704 769.4981424907695 772.018666368874 770.3553567607704 -1.0 770.3553567607704 -1.0 1
182 nan 0.0625 0.2 -1.0 1.0 773.2639325407732 773.2649324407732 774.912700980775 772.5649691107726 776.4858888267861 773.4873435307735 1.0 774.7291860007747 1.0 4
183 nan 0.0 0.2 -1.0 1.0 777.7636158607778 777.7646157607778 784.4747780107845 777.0403881907771 786.0304829402974 784.3969191307845 1.0 784.3969191307845 1.0 1
184 0.125 nan 0.2 1.0 1.0 787.4355152407875 787.4365484707874 787.6859901907877 786.7183869607867 789.2350106535131 787.5881999707876 -1.0 787.5881999707876 -1.0 1
185 0.0 nan 0.2 1.0 1.0 791.1302790607912 791.1312123007912 791.4442143307914 789.7869134107898 792.980237874438 791.3063281207914 -1.0 791.3063281207914 -1.0 1
186 nan 0.25 0.2 -1.0 1.0 794.0515535707941 794.052853440794 794.7851468707948 793.5346386007935 796.3355691851929 794.3215599007943 1.0 794.7105876607948 1.0 3
187 nan 0.0 0.2 1.0 -1.0 797.4965423707976 797.4975089407975 798.7531833607987 796.8722714707969 801.3186041887246 798.6502269907986 -1.0 798.6502269907986 -1.0 1
188 nan 1.0 0.2 -1.0 1.0 802.4134506308025 802.4145171908024 802.7511168608028 801.8710048808019 804.3186083467809 802.6235629508026 1.0 802.6235629508026 1.0 1
189 nan 0.125 0.2 -1.0 1.0 805.3966856108054 805.3974855308054 806.3141271908063 804.8650054508049 807.8847448456146 806.018290110806 1.0 806.018290110806 1.0 1
190 nan 1.0 0.2 -1.0 1.0 808.979827260809 808.980827160809 809.3024616608093 808.4344484708084 810.8635801175076 809.1737412008092 1.0 809.1737412008092 1.0 1
191 0.0625 nan 0.2 1.0 1.0 812.0014917308121 812.002458300812 812.3501901908123 811.4158836308114 813.9181095580537 812.2021716608122 -1.0 812.2021716608122 -1.0 1
192 nan 0.0625 0.2 -1.0 1.0 815.0633188508151 815.064452070815 818.002624890818 814.4580127208145 819.5631452951532 817.7165535008178 1.0 817.8618723008178 1.0 2
193 nan 1.0 0.8 -1.0 1.0 820.8179433308209 820.8191098808209 821.1969387608212 820.1184466208201 822.7516623681394 821.032921830821 -1.0 821.032921830821 -1.0 1
194 0.0625 nan 0.8 1.0 1.0 823.9298321108239 823.9307653508239 824.3355915308243 823.2975620108233 825.8964796647145 824.1467437508242 -1.0 824.1467437508242 -1.0 1
195 1.0 nan 0.8 1.0 1.0 826.984626600827 826.985759820827 827.2165034108273 826.4526798008264 828.7797201810038 827.1112806008272 -1.0 827.1112806008272 -1.0 1
196 0.0 nan 0.8 1.0 1.0 830.3684215208303 830.3693880908304 831.2140369508312 829.3244259308293 832.7629592972372 830.7967453508309 1.0 830.989492740831 -1.0 2
197 0.0 nan 0.8 -1.0 -1.0 833.7677482208338 833.7687147908338 837.922032750838 833.3057610908334 840.479803632666 837.6716577908377 1.0 837.6716577908377 1.0 1
198 nan 0.125 0.8 -1.0 1.0 841.9012014608419 841.902001380842 842.3781204308424 841.1926056608412 843.934940441436 842.2285687208422 1.0 842.2285687208422 1.0 1
199 nan 0.0625 0.8 -1.0 1.0 845.0962152608452 845.0970485108451 845.9386310108459 844.4871428408445 847.4963518540319 845.5746007508455 1.0 845.8078107608458 1.0 2
200 0.25 nan 0.8 1.0 1.0 849.2846963708492 849.2856629408493 849.6568591508496 848.0699511908481 851.2124784746369 849.4376810708494 -1.0 849.4376810708494 -1.0 1
201 nan 0.25 0.8 1.0 -1.0 852.2675647208523 852.2686312808523 852.5693012108526 851.7826798808518 855.1295190509429 852.4268154608525 -1.0 852.4268154608525 -1.0 1
202 0.125 nan 0.8 1.0 1.0 856.3844863208564 856.3852862408564 856.971227640857 855.6930221408556 858.5294472756274 856.6029311408566 -1.0 856.8177763208569 -1.0 2
203 0.0 nan 0.8 1.0 1.0 860.2836630308603 860.2846296008603 860.7546492608608 859.0939486808591 862.3126702449011 860.5708343108606 -1.0 860.5708343108606 -1.0 1
204 nan 1.0 0.8 -1.0 1.0 863.5173063008635 863.5182728708635 864.1999047008642 862.8754704908629 865.7669916021889 863.992292130864 1.0 863.992292130864 1.0 1
205 0.25 nan 0.8 1.0 1.0 867.012490080867 867.013256670867 867.9108335708679 866.3144932208663 869.4626205189528 867.1713408608672 -1.0 867.5925320708676 1.0 3
206 nan 0.125 0.8 -1.0 1.0 870.6009978608706 870.6018977708707 877.0863825908771 870.01662297087 878.6508016502959 876.8284417208769 1.0 877.027455150877 1.0 2
207 nan 0.0625 0.8 -1.0 1.0 879.6790899608797 879.6802565108796 881.3400238508814 879.2099035508792 882.9008415050599 881.2199358608813 1.0 881.2199358608813 1.0 1
208 1.0 nan 0.8 1.0 1.0 883.978859940884 883.9798598408839 884.2049373308843 883.4619449708835 885.7623599776192 884.1079137008841 -1.0 884.1079137008841 -1.0 1
209 0.125 nan 0.8 1.0 1.0 886.7835461108868 886.7845126808868 887.0435534408871 886.3128598508863 888.5954750606146 886.9430968208869 -1.0 886.9430968208869 -1.0 1
210 0.125 nan 0.8 1.0 1.0 889.7502494108898 889.7511826508897 893.8088101808938 889.1484762608892 895.3788264862781 889.8961014908899 -1.0 893.7852792008938 -1.0 2
211 0.25 nan 0.8 1.0 1.0 896.5672009808966 896.5681675508965 897.0618515108971 895.954328940896 898.6287677468323 896.7212189108967 -1.0 897.018989130897 -1.0 3
212 nan 0.125 0.8 -1.0 1.0 899.7504159608998 899.7514825208998 900.3416568309003 899.1877722308992 901.8956932463027 900.1570752909001 1.0 900.1570752909001 1.0 1
213 0.25 nan 0.8 1.0 1.0 903.1674742209032 903.1684741209032 903.5274048909035 902.6253951009027 905.0839227792083 903.3459563709033 -1.0 903.3459563709033 -1.0 1
214 nan 0.25 0.2 -1.0 1.0 906.2618980809062 906.2627979909063 906.9311311509069 905.6432266209057 908.4837497109847 906.5869989009066 1.0 906.5869989009066 1.0 1
215 nan 0.125 0.2 -1.0 1.0 909.5453030409095 909.5461029609096 910.7394502809108 909.0561519609091 912.2996697001237 909.8583717309099 1.0 910.1404101909102 -1.0 2
216 nan 0.0625 0.2 -1.0 1.0 913.6118630109136 913.6127629209136 917.1243117309172 912.8706704709128 918.6835289968801 916.989491880917 1.0 916.989491880917 1.0 1
217 nan 0.0625 0.2 1.0 -1.0 919.7284846209197 919.7293845309198 923.5663674609236 919.2597315009193 926.1165849582727 923.3769864009234 -1.0 923.3769864009234 -1.0 1
218 nan 0.0 0.2 1.0 -1.0 928.928231220929 928.9293644409289 929.3130260709294 926.7005873409267 931.8617148987305 929.1953711709292 -1.0 929.1953711709292 -1.0 1
219 0.0 nan 0.2 -1.0 -1.0 932.949495720933 932.950328970933 933.7876785609338 932.4275145909324 936.3284622050223 933.3125594109333 1.0 933.4977742209335 -1.0 2
220 0.125 nan 0.2 1.0 1.0 937.5833656209376 937.5843321909376 937.8238749009379 936.9036669309369 939.3949900620844 937.7236849209378 -1.0 937.7236849209378 -1.0 1
221 nan 0.125 0.2 -1.0 1.0 940.5666006009405 940.5676338309406 941.5289043609415 939.97609299094 943.1001210406768 940.911932730941 1.0 940.911932730941 1.0 1
222 0.0625 nan 0.2 1.0 1.0 944.7615477309448 944.7626142909447 945.1230115809451 943.6788226809437 946.6997289339729 945.001390410945 -1.0 945.001390410945 -1.0 1
223 nan 1.0 0.2 -1.0 1.0 948.0447860409481 948.045619290948 948.6600578409486 947.2942277709473 950.2328700847163 948.4839421209485 1.0 948.4839421209485 1.0 1
224 nan 0.125 0.2 -1.0 1.0 952.3776527109524 952.3785859509524 952.973893080953 950.8113760209508 954.5448107402965 952.8142090509529 1.0 952.8142090509529 1.0 1
225 nan 0.0625 0.2 -1.0 1.0 956.0493188409561 956.050252080956 962.1165453909621 955.1122125609551 963.666065829501 961.2833953809613 1.0 962.0656504809621 1.0 2
226 0.0 nan 0.2 -1.0 -1.0 964.8444392409649 964.8455391309649 967.5735329709676 964.2414662109643 970.1333147620345 967.3774192509674 1.0 967.3774192509674 1.0 1
227 1.0 nan 0.2 1.0 1.0 971.8778691609718 971.8788357309719 972.3083261109723 970.7385164409708 973.8494449081162 972.027487530972 -1.0 972.1944041709722 -1.0 2
228 0.0625 nan 0.2 1.0 1.0 974.9107658409749 974.911832400975 975.2864616009753 974.4245478009744 976.8276648022279 975.1295772909751 -1.0 975.1295772909751 -1.0 1
229 nan 0.25 0.2 -1.0 1.0 978.0826819509781 978.0834818709781 982.2624306009823 977.5740661509776 983.8108148793924 982.1185116609821 1.0 982.1185116609821 1.0 1
230 1.0 nan 0.2 1.0 1.0 985.0494518709851 985.0504517709851 985.6386596109857 984.3956172609844 987.1940442342768 985.4043830409854 1.0 985.4043830409854 1.0 1
231 nan 0.25 0.2 -1.0 1.0 988.7157518709887 988.7167851009888 993.8925008109939 987.7726461909878 995.4660139063759 993.6419592009936 1.0 993.6419592009936 1.0 1
232 1.0 nan 0.2 1.0 1.0 996.7605473109968 996.7614138909968 996.982625100997 996.063617010996 998.544041699351 996.8888344809969 -1.0 996.8888344809969 -1.0 1
233 nan 0.25 0.2 -1.0 1.0 999.8324067609998 999.8334066609998 1000.5856647610005 999.1286438109992 1002.1438799729634 1000.2317001610003 1.0 1000.2317001610003 1.0 1
234 1.0 nan 0.2 1.0 1.0 1003.3993500310035 1003.4004165910034 1003.8023763910038 1002.7319834410027 1005.360593278487 1003.6262940010037 -1.0 1003.6262940010037 -1.0 1
235 nan 0.0 0.2 1.0 -1.0 1006.8493716610069 1006.8503715610069 1007.1700395910071 1005.9684930910059 1009.7324229223315 1007.018521411007 -1.0 1007.018521411007 -1.0 1
236 nan 0.25 0.2 1.0 -1.0 1010.8939338310109 1010.8950337210109 1011.4076824510114 1010.3242241410103 1013.9605645060597 1011.1168115410111 1.0 1011.1168115410111 1.0 1
237 nan 0.0625 0.2 -1.0 1.0 1015.0824149410151 1015.0833481810151 1015.7802784810158 1014.5556676210145 1017.3487933058669 1015.5409690810155 -1.0 1015.5409690810155 -1.0 1
238 nan 0.0625 0.2 -1.0 1.0 1019.1938704210193 1019.1950369710192 1023.8756355310239 1017.946595161018 1025.4149533782659 1023.3363561310233 -1.0 1023.6399257710236 1.0 2
239 nan 0.0625 0.2 -1.0 1.0 1026.5101387210266 1026.5109719710265 1030.02738696103 1026.015854821026 1031.5816020957177 1029.8547375610299 1.0 1029.8547375610299 1.0 1
240 nan 0.0625 0.2 -1.0 1.0 1033.6769553010338 1033.6779552010337 1038.198969721038 1032.190703941032 1039.7601818826035 1037.120877541037 1.0 1038.122610691038 1.0 3
241 nan 0.25 0.2 -1.0 1.0 1041.2653630510413 1041.2662296310414 1044.148708021044 1040.3791850110404 1045.709923233781 1043.960860141044 1.0 1043.960860141044 1.0 1
242 nan 0.25 0.2 -1.0 1.0 1046.9481947110469 1046.949227941047 1047.4606434610475 1046.3194242610464 1049.0101295707964 1047.2309664310471 1.0 1047.2309664310471 1.0 1
243 nan 0.25 0.2 -1.0 1.0 1050.09841299105 1050.09921291105 1050.3835511410505 1049.6119283110497 1051.9484635296026 1050.2439984310502 1.0 1050.2439984310502 1.0 1
244 1.0 nan 0.8 1.0 1.0 1056.6264934510566 1056.6274933510567 1057.1408086810573 1052.5410687010526 1058.6987070510013 1057.053050791057 -1.0 1057.053050791057 -1.0 1
245 1.0 nan 0.8 1.0 1.0 1060.04331840106 1060.04448495106 1060.2593301310603 1059.4756085110596 1061.814843277032 1060.1723388310602 -1.0 1060.1723388310602 -1.0 1
246 0.25 nan 0.8 1.0 1.0 1062.909531751063 1062.910464991063 1063.1846375710631 1062.4101483610625 1064.7431569598261 1063.049617741063 -1.0 1063.049617741063 -1.0 1
247 0.25 nan 0.8 1.0 1.0 1066.031352871066 1066.032119461066 1066.2621631210664 1065.3395553910655 1067.8147782633548 1066.1608732510663 -1.0 1066.1608732510663 -1.0 1
248 1.0 nan 0.8 1.0 1.0 1069.0597833310692 1069.060783231069 1069.3393887010693 1068.4133813110684 1070.8929057981568 1069.1993027110693 -1.0 1069.1993027110693 -1.0 1
249 1.0 nan 0.8 1.0 1.0 1072.047717841072 1072.049117701072 1072.3149244510723 1071.4806078910715 1073.8815362036426 1072.1898369610722 -1.0 1072.1898369610722 -1.0 1
250 1.0 nan 0.8 1.0 1.0 1077.3427882810774 1077.3440881510774 1077.6202605310775 1074.4844408110746 1079.1815758210846 1077.4855740010776 -1.0 1077.4855740010776 -1.0 1
251 1.0 nan 0.8 1.0 1.0 1080.3928499110805 1080.3937498210803 1080.869602231081 1079.78907696108 1082.4475119421757 1080.7478144110808 -1.0 1080.7478144110808 -1.0 1
252 0.125 nan 0.8 1.0 1.0 1083.5925632410836 1083.5933964910837 1083.861303031084 1083.061716331083 1085.4095228503272 1083.7499475010839 -1.0 1083.7499475010839 -1.0 1
253 0.25 nan 0.8 1.0 1.0 1086.6647559910866 1086.6657225610866 1087.2389319010872 1086.017120761086 1088.797745832841 1086.8826008710869 -1.0 1087.108711591087 -1.0 2
254 nan 0.0 0.8 1.0 -1.0 1089.90926484109 1089.91043139109 1095.4943729410954 1089.4025488510895 1098.0477220652751 1095.097146001095 1.0 1095.097146001095 1.0 1
255 1.0 nan 0.8 1.0 1.0 1099.2426314110992 1099.2436979710992 1099.5079382110996 1098.6505239610988 1101.064351661149 1099.3828840510994 -1.0 1099.3828840510994 -1.0 1
256 nan 0.25 0.8 -1.0 1.0 1102.3258563911024 1102.3269896111024 1102.7526470411028 1101.6741549011017 1104.3093656157992 1102.6206269111026 1.0 1102.6206269111026 1.0 1
257 0.0625 nan 0.8 1.0 1.0 1105.4309125211055 1105.4320457411054 1105.7723783711058 1104.912364381105 1107.3259922464022 1105.6281261311055 -1.0 1105.6281261311055 -1.0 1
258 0.125 nan 0.8 1.0 1.0 1108.8472708511088 1108.8483040811088 1109.063215921109 1107.934095511108 1110.6257296253993 1108.970025241109 -1.0 1108.970025241109 -1.0 1
259 1.0 nan 0.8 1.0 1.0 1112.4303791711125 1112.4313124111125 1112.935128691113 1111.2205335011113 1114.4923454428551 1112.5994622611126 -1.0 1112.7931095611127 -1.0 2
260 0.125 nan 0.8 1.0 1.0 1115.5808640911157 1115.5819639811157 1115.915563951116 1115.1137441411151 1117.464276396995 1115.7527135711157 -1.0 1115.7527135711157 -1.0 1
261 0.0625 nan 0.8 1.0 1.0 1118.6591895611186 1118.6602894511186 1119.2922929111194 1118.0666821511181 1120.847608074215 1118.857936351119 -1.0 1118.857936351119 -1.0 1
262 1.0 nan 0.8 1.0 1.0 1121.942194561122 1121.9432611211219 1122.1843036811222 1121.4538100711216 1123.7638295552338 1122.089979781122 -1.0 1122.089979781122 -1.0 1
263 0.25 nan 0.8 1.0 1.0 1125.3258561611253 1125.3269227211254 1125.5464341011257 1124.5648322711245 1127.108949888883 1125.4157805011255 -1.0 1125.4157805011255 -1.0 1
264 nan 1.0 0.8 -1.0 1.0 1128.4802073611286 1128.4812405911284 1128.8839669811289 1127.7167503811277 1130.4635794864653 1128.7058181311288 1.0 1128.7058181311288 1.0 1
265 nan 0.125 0.2 -1.0 1.0 1131.7086178211316 1131.7095510611318 1134.1297090211342 1131.064882201131 1135.6754256110726 1133.4772742711334 1.0 1133.999322061134 1.0 2
266 nan 0.0625 0.2 -1.0 1.0 1137.3134906111372 1137.3145238411373 1142.6517900611427 1136.2744278611362 1144.2137034655764 1142.3837502011424 1.0 1142.5428676211425 1.0 2
267 nan 0.25 0.2 -1.0 1.0 1145.3086910111454 1145.3098242311453 1145.7119840111457 1144.8151070411448 1147.2587039130922 1145.5521999911455 1.0 1145.5521999911455 1.0 1
268 nan 0.25 0.2 -1.0 1.0 1148.6304254711486 1148.6314920311486 1149.1484403311492 1147.8791006111478 1150.7133502440847 1148.932461931149 1.0 1148.932461931149 1.0 1
269 nan 0.0625 0.2 -1.0 1.0 1151.8752342911519 1151.876134201152 1155.8537697311558 1151.3136571211514 1157.4084874331825 1155.5117706011556 -1.0 1155.5117706011556 -1.0 1
270 0.125 nan 0.2 1.0 1.0 1158.5964954311587 1158.5974620011586 1159.5080042711595 1158.012787141158 1161.0635173566131 1158.7771440311587 -1.0 1159.020852991159 -1.0 2
271 nan 1.0 0.2 -1.0 1.0 1162.3750175411624 1162.3761174311624 1162.7175166211628 1161.6738210011617 1164.2751339098868 1162.5799637111627 1.0 1162.5799637111627 1.0 1
272 nan 1.0 0.2 -1.0 1.0 1165.3632853511654 1165.3640852711653 1165.7213495411656 1164.8845332311648 1167.2803625675276 1165.5830300411656 1.0 1165.5830300411656 1.0 1
273 nan 0.125 0.2 -1.0 1.0 1168.3749174911684 1168.3757507411683 1171.3168899311713 1167.8874662411679 1172.8803027763825 1170.7292153711708 1.0 1171.1209761911712 1.0 2
274 nan 1.0 0.2 -1.0 1.0 1174.041450781174 1174.042384021174 1174.6398242711746 1173.5093040011736 1176.2133346382147 1174.2757606811742 1.0 1174.4458103411744 -1.0 2
275 nan 0.0625 0.2 -1.0 1.0 1177.5914957411776 1177.5924289811776 1181.4263788811813 1176.8245391111768 1182.991391587331 1181.1542394311812 1.0 1181.1542394311812 1.0 1
276 nan 1.0 0.2 -1.0 1.0 1184.8800668111849 1184.8810333811848 1186.1265088211862 1183.6125935711837 1187.6914216875032 1185.0952119611852 1.0 1185.946726801186 1.0 4
277 nan 0.0625 0.2 -1.0 1.0 1188.813273451189 1188.8143400111887 1192.810373701193 1188.3221225711884 1194.3581855692923 1192.5197361011926 1.0 1192.5197361011926 1.0 1
278 nan 0.0625 0.2 -1.0 1.0 1195.5125367911955 1195.5136366811955 1198.2976249211983 1194.981789871195 1199.8462370742577 1197.919362751198 1.0 1198.1452401611982 1.0 2
279 nan 1.0 0.2 -1.0 1.0 1201.5077372112016 1201.5086371212014 1201.943426971202 1200.4711408812004 1203.4911457710366 1201.7110835412018 1.0 1201.7110835412018 1.0 1
280 nan 0.0 0.2 -1.0 1.0 1204.5963949812046 1204.5972948912047 1207.4084804112074 1204.1146431612042 1208.957792471314 1207.1562389712071 1.0 1207.1562389712071 1.0 1
281 nan 1.0 0.2 -1.0 1.0 1210.2797932512103 1210.2805931712103 1210.6255920012106 1209.5904955212095 1212.1743164696986 1210.4551090512105 1.0 1210.4551090512105 1.0 1
282 nan 0.0625 0.2 -1.0 1.0 1213.6461899112137 1213.6472564712137 1214.1782367012142 1213.006320571213 1215.72954966617 1213.916196241214 1.0 1213.916196241214 1.0 1
283 nan 0.125 0.2 -1.0 1.0 1216.8574687512169 1216.8585686412168 1220.5172694012206 1216.3520526312163 1222.079284374822 1220.3764168212203 1.0 1220.3764168212203 1.0 1
284 nan 0.125 0.2 -1.0 1.0 1224.3075236712243 1224.3085235712242 1225.7372140212258 1222.6889855412228 1227.3127242481448 1224.5287015512245 1.0 1225.6547889312258 1.0 4
285 nan 0.25 0.2 -1.0 1.0 1229.1909686112292 1229.1922351512292 1232.2730603712323 1227.948926161228 1233.8461002065415 1232.1661710612323 1.0 1232.1661710612323 1.0 1
286 nan 0.25 0.2 -1.0 1.0 1235.1241419012351 1235.125141801235 1236.059715001236 1234.4833059912346 1237.6239283303369 1235.4348441612356 1.0 1235.6164593312355 1.0 2
287 nan 0.25 0.2 -1.0 1.0 1239.3456197112394 1239.3468195912394 1242.1523390112422 1238.2509291912384 1243.7071525909232 1241.8341708312419 -1.0 1241.989421971242 1.0 2
288 nan 0.125 0.2 -1.0 1.0 1245.145506331245 1245.146772871245 1245.975889951246 1244.3446530912443 1247.540398288721 1245.5842291212457 1.0 1245.5842291212457 1.0 1
289 nan 0.25 0.2 -1.0 1.0 1248.6458229312486 1248.6467895012486 1251.3802161312515 1248.1722036312483 1252.9457279745393 1250.922395251251 1.0 1251.2690605812513 1.0 2
290 0.125 nan 0.2 1.0 1.0 1257.156805081257 1257.1577383212573 1257.4360771512575 1253.5958278812536 1258.9737883437842 1257.3269547312573 -1.0 1257.3269547312573 -1.0 1
291 nan 0.125 0.2 1.0 -1.0 1260.07877952126 1260.07971276126 1260.4163790912605 1259.6183922312596 1262.9569250525149 1260.18640209126 -1.0 1260.18640209126 -1.0 1
292 nan 1.0 0.2 1.0 -1.0 1264.2119994912641 1264.2130327212642 1264.7016838512648 1263.5960277612637 1267.2567617421864 1264.4757731112645 1.0 1264.4757731112645 1.0 1
293 nan 0.0625 0.2 1.0 -1.0 1268.6114595012687 1268.6123260812685 1268.892664711269 1267.887365251268 1271.4571797577119 1268.7835422912688 -1.0 1268.7835422912688 -1.0 1
294 nan 1.0 0.2 -1.0 1.0 1273.1618710812731 1273.1626376712732 1273.6345904712737 1272.0849787812722 1275.195502309571 1273.4363436312735 1.0 1273.4363436312735 1.0 1
295 nan 1.0 0.2 -1.0 1.0 1276.3902148812765 1276.3913147712765 1279.096944181279 1275.8257046712758 1280.6566546294357 1278.9149623812789 1.0 1278.9149623812789 1.0 1
296 1.0 nan 0.2 1.0 1.0 1282.2951909912822 1282.2962575512822 1282.5460659012826 1281.2936578212814 1284.1115791581599 1282.4140457712824 -1.0 1282.4140457712824 -1.0 1
297 nan 0.0625 0.2 -1.0 1.0 1285.2233314812852 1285.2242647212852 1288.912429201289 1284.7359802212848 1290.4735381854086 1287.5255679012876 1.0 1288.817871991289 1.0 4
298 nan 1.0 0.2 1.0 -1.0 1291.7284809012917 1291.7295474612918 1292.5282342512926 1291.1234414112912 1295.0731797988574 1291.946759071292 1.0 1292.2566947412922 -1.0 3
299 0.0625 nan 0.8 1.0 1.0 1296.3117225312963 1296.3125557812964 1297.4711732412975 1295.7118825212958 1299.0281887280778 1296.5428660812966 -1.0 1297.4209782612975 -1.0 3
300 0.25 nan 0.8 1.0 1.0 1300.7062830313007 1300.7071829413007 1300.987621561301 1299.6613875312996 1302.5448347832946 1300.874866171301 -1.0 1300.874866171301 -1.0 1
301 1.0 nan 0.8 1.0 1.0 1304.022984661304 1304.023851241304 1304.2445291713043 1303.4178451813034 1305.8063460796275 1304.1519051013042 -1.0 1304.1519051013042 -1.0 1
302 0.25 nan 0.8 1.0 1.0 1307.045115751307 1307.0461489813072 1307.6452557313078 1306.4314437913065 1309.1946680048916 1307.4467422513076 -1.0 1307.4467422513076 -1.0 1
303 1.0 nan 0.8 1.0 1.0 1310.3895479413104 1310.3904811813104 1310.6422893313106 1309.83636993131 1312.2061968741148 1310.5359666313107 -1.0 1310.5359666313107 -1.0 1
304 0.0625 nan 0.8 1.0 1.0 1313.5775624413136 1313.5784623513136 1317.3070561213174 1312.8520016713128 1318.856365915408 1316.9229612013169 1.0 1317.2016999913171 -1.0 2
305 0.125 nan 0.8 1.0 1.0 1320.14443902132 1320.1454389213202 1320.3845483413204 1319.5059695413195 1321.9394931306738 1320.3024232213204 -1.0 1320.3024232213204 -1.0 1
306 nan 0.0625 0.8 -1.0 1.0 1323.1114089613231 1323.112408861323 1326.6122255113266 1322.5789955413227 1328.1777327022587 1326.4470420313264 1.0 1326.4470420313264 1.0 1
307 0.25 nan 0.8 1.0 1.0 1329.6891511213298 1329.6900510313296 1329.96582345133 1328.851134931329 1331.5280663260307 1329.86076729133 -1.0 1329.86076729133 -1.0 1
308 0.0 nan 0.8 1.0 1.0 1332.6395227213327 1332.6403893013326 1338.7941072013389 1332.1658700913322 1340.3440195928808 1338.3701496013384 1.0 1338.3701496013384 1.0 1
309 nan 0.125 0.8 1.0 -1.0 1341.4893043213415 1341.4903375513416 1347.6646533913477 1340.996220301341 1350.2226959264951 1347.4327099213474 -1.0 1347.4327099213474 -1.0 1
310 0.25 nan 0.8 1.0 1.0 1351.3940470813513 1351.3949803213513 1351.6457219113518 1350.873699121351 1353.1890301476433 1351.5532978213516 -1.0 1351.5532978213516 -1.0 1
311 1.0 nan 0.8 1.0 1.0 1354.3272537313544 1354.3282869613543 1354.5646299913546 1353.835436251354 1356.105644599613 1354.4586739213544 -1.0 1354.4586739213544 -1.0 1
312 0.0625 nan 0.8 1.0 1.0 1357.4441753413575 1357.4453418913574 1357.7263471213578 1356.7535444113569 1359.2891581770875 1357.6121918713577 -1.0 1357.6121918713577 -1.0 1
313 nan 1.0 0.8 -1.0 1.0 1362.060880291362 1362.061946851362 1362.6786851713628 1359.9387591913598 1364.2438936456351 1362.3373859713624 -1.0 1362.3373859713624 -1.0 1
314 1.0 nan 0.8 1.0 1.0 1366.022217451366 1366.023250681366 1366.2715258513663 1364.908495501365 1367.82743258967 1366.1665696813661 -1.0 1366.1665696813661 -1.0 1
315 0.125 nan 0.8 1.0 1.0 1369.2054990913691 1369.2065656513691 1370.06264670137 1368.4789384213684 1371.6220595669668 1369.7605435813698 1.0 1369.7605435813698 1.0 1
316 0.0625 nan 0.8 1.0 1.0 1372.960490221373 1372.961556781373 1373.2119650713732 1372.2602602513723 1374.7721763642571 1373.1281734513732 -1.0 1373.1281734513732 -1.0 1
317 0.0 nan 0.8 1.0 1.0 1376.110608511376 1376.111541751376 1376.4897039313764 1375.4159779813754 1378.038812032255 1376.3536508713764 -1.0 1376.3536508713764 -1.0 1
318 0.25 nan 0.8 1.0 1.0 1379.2270968313792 1379.2281967213792 1379.4798382213794 1378.6942167913787 1381.0441457448326 1379.3612500813795 -1.0 1379.3612500813795 -1.0 1
319 nan 1.0 0.8 -1.0 1.0 1382.3720823013823 1382.3731821913823 1383.2408620813833 1381.6957499413818 1384.7935736132338 1382.6404221313826 1.0 1383.134839351383 1.0 2
320 0.125 nan 0.8 1.0 1.0 1387.855333921388 1387.8561671713878 1388.1209073613882 1385.4451749613854 1389.672217883952 1388.018750911388 -1.0 1388.018750911388 -1.0 1
321 nan 0.25 0.8 -1.0 1.0 1390.8432351013907 1390.8441350113908 1394.3409519613945 1390.3178209813902 1395.893461398986 1394.046214771394 -1.0 1394.046214771394 -1.0 1
322 0.0625 nan 0.8 1.0 1.0 1397.1050088613972 1397.106475381397 1397.4017791813974 1396.5541639513965 1398.960188120865 1397.2971229813973 -1.0 1397.2971229813973 -1.0 1
323 1.0 nan 0.8 1.0 1.0 1400.8051721414008 1400.8061053814008 1401.030982891401 1399.6059920713997 1402.5884969709434 1400.929826341401 -1.0 1400.929826341401 -1.0 1
324 nan 0.0625 0.8 -1.0 1.0 1403.7768416114038 1403.7781081514038 1404.4085117714044 1403.2369956014034 1405.9717198293788 1404.2429283314043 1.0 1404.2429283314043 1.0 1
325 1.0 nan 0.8 1.0 1.0 1407.8771648714078 1407.8780981114078 1408.1468379014082 1406.6277231614067 1409.7093481339473 1408.0053853814081 -1.0 1408.0053853814081 -1.0 1
326 0.0625 nan 0.8 1.0 1.0 1410.8383020614108 1410.8394019514108 1411.1578701014112 1410.3611497814104 1412.7262777874946 1411.0381154114111 -1.0 1411.0381154114111 -1.0 1
327 0.125 nan 0.8 1.0 1.0 1413.9049287014138 1413.906061921414 1414.1755016414143 1413.3754816514133 1415.743507839631 1414.058513341414 -1.0 1414.058513341414 -1.0 1
328 0.25 nan 0.8 1.0 1.0 1417.1215070114172 1417.122373591417 1417.3965128414175 1416.3996125414164 1418.959824913356 1417.2840574214174 -1.0 1417.2840574214174 -1.0 1
329 1.0 nan 0.8 1.0 1.0 1420.13787201142 1420.1387052614202 1420.3957462214205 1419.6149243114196 1421.9547544408215 1420.2786579314202 -1.0 1420.2786579314202 -1.0 1
330 nan 0.25 0.8 -1.0 1.0 1423.1932664414232 1423.1943663314232 1424.048680891424 1422.6016589414226 1425.6096894122597 1423.7720752214238 1.0 1423.943524741424 1.0 2
331 0.125 nan 0.8 1.0 1.0 1427.2047319214273 1427.2059984614273 1427.4808043114274 1426.2665924114262 1429.0379155435103 1427.3682822314274 -1.0 1427.3682822314274 -1.0 1
332 0.0 nan 0.8 1.0 1.0 1430.875898101431 1430.876997991431 1431.7844405714318 1429.6846172414298 1433.3211516059225 1431.5854604714316 1.0 1431.5854604714316 1.0 1
333 0.125 nan 0.8 1.0 1.0 1434.4762047014344 1434.4773045914344 1434.7597430114347 1433.980354291434 1436.309684612784 1434.6403549514346 -1.0 1434.6403549514346 -1.0 1
334 0.25 nan 0.8 1.0 1.0 1437.7043818514378 1437.7053150914378 1437.9435912614379 1436.963489281437 1439.4880040703285 1437.835368751438 -1.0 1437.835368751438 -1.0 1
335 0.25 nan 0.8 1.0 1.0 1440.8423346914408 1440.843301261441 1441.052313691441 1440.1478041514401 1442.6045226008282 1440.972388351441 -1.0 1440.972388351441 -1.0 1
336 1.0 nan 0.8 1.0 1.0 1445.909327941446 1445.910261181446 1446.1272394814462 1443.2836238714433 1447.6763499964136 1446.014484091446 -1.0 1446.014484091446 -1.0 1
337 1.0 nan 0.8 1.0 1.0 1448.8876300814488 1448.888596651449 1449.1874667614493 1448.3497505414484 1450.759374363047 1449.0281160314491 -1.0 1449.0281160314491 -1.0 1
338 0.25 nan 0.8 1.0 1.0 1452.1542367214522 1452.155236621452 1452.4094778614524 1451.4176770514514 1453.9712164220825 1452.2866234814524 -1.0 1452.2866234814524 -1.0 1
339 0.25 nan 0.8 1.0 1.0 1455.1759345214552 1455.1769010914552 1455.4710050114554 1454.6269227614546 1457.0425459949008 1455.3363518114554 -1.0 1455.3363518114554 -1.0 1
340 nan 0.0 0.8 1.0 -1.0 1458.3873800114584 1458.3882132614583 1459.8248695814598 1457.7023485214577 1462.3929773919222 1458.7831737614588 -1.0 1459.7097477614598 -1.0 5
341 1.0 nan 0.8 1.0 1.0 1463.7209466014638 1463.7218465114638 1464.1945992314643 1463.061479221463 1465.7545069285775 1463.849467081464 -1.0 1463.849467081464 -1.0 1
342 0.0 nan 0.8 1.0 1.0 1467.0593127314671 1467.060179311467 1467.3689151014673 1466.4197100314664 1468.9206253147204 1467.2701916414674 -1.0 1467.2701916414674 -1.0 1
343 1.0 nan 0.8 1.0 1.0 1470.05927937147 1470.06014595147 1470.2848234814703 1469.5846268414696 1471.8594410865624 1470.18130050147 -1.0 1470.18130050147 -1.0 1
344 0.0625 nan 0.8 1.0 1.0 1473.2874565214734 1473.2884897514732 1474.108074451474 1472.7606425414729 1475.675679707265 1473.4506735314735 -1.0 1473.4506735314735 -1.0 1
345 0.125 nan 0.8 1.0 1.0 1476.903961501477 1476.9047947514769 1477.0734778814772 1476.3406845014763 1478.6425903290449 1476.964822081477 -1.0 1476.964822081477 -1.0 1
346 0.125 nan 0.8 1.0 1.0 1479.90402813148 1479.90509469148 1480.1336051714802 1479.3039881414793 1481.687312310999 1480.03454841148 -1.0 1480.03454841148 -1.0 1
347 0.125 nan 0.8 1.0 1.0 1483.1091742514832 1483.1101074914832 1483.3667484914833 1482.3651153314825 1484.926152909134 1483.2796905314833 -1.0 1483.2796905314833 -1.0 1
348 0.25 nan 0.8 1.0 1.0 1486.154036401486 1486.1550696314862 1486.3524498914865 1485.5842600514857 1487.892464265535 1486.2742577114864 -1.0 1486.2742577114864 -1.0 1
349 1.0 nan 0.8 1.0 1.0 1489.1205063914892 1489.121406301489 1489.5878929814896 1488.5554629014887 1491.136998345375 1489.2371280614893 -1.0 1489.2371280614893 -1.0 1
350 0.125 nan 0.8 1.0 1.0 1492.3090208414924 1492.3100540714922 1492.5729944414925 1491.8013049514918 1494.125232351528 1492.4536063814924 -1.0 1492.4536063814924 -1.0 1
351 nan 1.0 0.8 -1.0 1.0 1495.3370846714954 1495.3380179114954 1495.923526021496 1494.805937791495 1497.4922383080986 1495.6242892814957 -1.0 1495.6242892814957 -1.0 1
352 0.125 nan 0.8 1.0 1.0 1498.6870829714987 1498.6880162114987 1498.947656911499 1498.1700346814982 1500.5084619429058 1498.8514665314988 -1.0 1498.8514665314988 -1.0 1
353 0.125 nan 0.8 1.0 1.0 1501.6869496215018 1501.6880161815018 1501.948090171502 1501.1897660115012 1503.5035959778386 1501.8256357515017 -1.0 1501.8256357515017 -1.0 1
354 0.25 nan 0.8 1.0 1.0 1504.7923057215048 1504.793338951505 1505.048913391505 1504.1749008015042 1506.608520432193 1504.926425641505 -1.0 1504.926425641505 -1.0 1
355 0.125 nan 0.8 1.0 1.0 1507.820302891508 1507.8213027915078 1508.0603122215082 1507.2947221215072 1509.6204507732723 1507.970254561508 -1.0 1507.970254561508 -1.0 1
356 nan 0.0625 0.2 1.0 -1.0 1510.8088040115108 1510.8096372615107 1511.0766438915111 1510.2966552315104 1513.642083531032 1510.939057651511 -1.0 1510.939057651511 -1.0 1
357 nan 0.25 0.2 -1.0 1.0 1514.903394511515 1514.904294421515 1515.3576824115153 1514.3137868115143 1516.9200927889676 1515.1539694515152 1.0 1515.1539694515152 1.0 1
358 nan 0.0 0.2 -1.0 1.0 1518.941357341519 1518.9422572515189 1519.7580090015197 1517.5966918215177 1521.3204448552685 1519.4870694315196 1.0 1519.4870694315196 1.0 1
359 0.0625 nan 0.2 1.0 1.0 1522.5583622715226 1522.5592621815226 1522.825135591523 1521.993652081522 1524.3915482927348 1522.7272787115228 -1.0 1522.7272787115228 -1.0 1
360 nan 1.0 0.2 -1.0 1.0 1526.7033144015268 1526.7042476415268 1528.4246755815284 1525.080743341525 1529.9865103491406 1526.898394891527 1.0 1528.2994214415282 1.0 3
361 nan 0.0625 0.2 -1.0 1.0 1531.2250955115312 1531.2262287315311 1535.8202359515358 1530.6826164315307 1537.3746442055722 1535.072810701535 1.0 1535.7654747615359 1.0 3
362 nan 0.25 0.2 -1.0 1.0 1538.8197693015388 1538.8208358615389 1539.6284884215397 1538.064244861538 1541.1911902917593 1539.2669245815393 1.0 1539.3681477915393 1.0 2
363 nan 1.0 0.2 -1.0 1.0 1542.902894281543 1542.903827521543 1543.4136098715435 1541.879496631542 1544.9747178299458 1543.1292049815431 1.0 1543.1292049815431 1.0 1
364 0.125 nan 0.2 -1.0 -1.0 1546.3529159115465 1546.3538158215463 1546.927491781547 1545.6570188415458 1549.4863620711528 1546.6672178115466 -1.0 1546.6672178115466 -1.0 1
365 0.0625 nan 0.2 1.0 1.0 1550.7076470615507 1550.7087802815506 1550.961854971551 1550.1812663715502 1552.5245918130872 1550.8686976215508 -1.0 1550.8686976215508 -1.0 1
366 nan 0.125 0.2 -1.0 1.0 1553.7194791815537 1553.7204457515538 1557.8390005215579 1553.2229955015532 1559.3911403507198 1557.5778266415575 -1.0 1557.7132131015578 1.0 2
367 nan 0.0625 0.2 1.0 -1.0 1560.6529524315606 1560.6540856515608 1563.2967546915634 1560.07934313156 1565.8527689305658 1563.1770666615632 -1.0 1563.1770666615632 -1.0 1
368 0.0625 nan 0.2 1.0 1.0 1567.4242419015675 1567.4250751515674 1567.6977812115676 1566.8127697215668 1569.257613662911 1567.6017241515676 -1.0 1567.6017241515676 -1.0 1
369 nan 0.25 0.2 -1.0 1.0 1570.936057351571 1570.9370572515709 1571.5711271715716 1569.95322231157 1573.124436117834 1571.4555387315716 1.0 1571.4555387315716 1.0 1
370 nan 0.125 0.2 -1.0 1.0 1574.4524723415745 1574.4533722515744 1579.6640844615797 1573.8210354915739 1581.2241891938418 1579.047079501579 -1.0 1579.5211654215796 1.0 2
371 0.25 nan 0.2 1.0 1.0 1582.5860255715827 1582.5869921415826 1583.2369271415832 1581.921192061582 1584.7912286160936 1582.961288041583 1.0 1582.961288041583 1.0 1
372 nan 0.125 0.2 -1.0 1.0 1586.169033901586 1586.169967141586 1586.8412333415868 1585.4910350415855 1588.3905433404998 1586.5258315515866 1.0 1586.7351772815869 1.0 2
373 nan 0.25 0.2 -1.0 1.0 1589.7858055215897 1589.7866387715899 1590.2975543415903 1589.0915416215892 1591.8735850792677 1590.1365037815901 1.0 1590.1365037815901 1.0 1
374 nan 0.125 0.2 -1.0 1.0 1593.2359604715932 1593.2370270315932 1593.6508856415937 1592.5833924015926 1595.224320967641 1593.5180989215935 1.0 1593.5180989215935 1.0 1
375 nan 0.0625 0.2 1.0 -1.0 1596.6358537815966 1596.6369536715968 1599.6045902115995 1595.926124761596 1602.1571626564587 1598.856431701599 1.0 1599.3415831815994 -1.0 2
376 nan 0.0625 0.2 -1.0 1.0 1603.5190653916036 1603.5202319416035 1605.004883461605 1602.8593647016028 1606.5573875297612 1604.3140192216044 -1.0 1604.7782061316047 1.0 2
377 nan 0.0625 0.2 -1.0 1.0 1608.8519653816088 1608.8528986216088 1620.842999491621 1607.2767895816073 1622.390633660902 1620.4859352016206 1.0 1620.4859352016206 1.0 1
378 nan 0.125 0.2 -1.0 1.0 1623.6188552116237 1623.6198217816236 1626.3232514116264 1623.128837551623 1627.868459951322 1625.855598181626 -1.0 1625.855598181626 -1.0 1
379 nan 1.0 0.2 -1.0 1.0 1630.0569780016301 1630.0581778816302 1630.3796790616304 1628.5721598316286 1631.9399843803974 1630.2243279316303 1.0 1630.2243279316303 1.0 1
380 nan 0.25 0.2 -1.0 1.0 1633.2518251516333 1633.2527917216332 1633.767406921634 1632.6331870216327 1635.3235134238976 1633.5159320716336 1.0 1633.5159320716336 1.0 1
381 nan 1.0 0.2 -1.0 1.0 1636.7183118016367 1636.7194450216368 1637.2388264116373 1636.006116361636 1638.806859056453 1636.9430226616369 -1.0 1636.9430226616369 -1.0 1
382 nan 0.125 0.2 -1.0 1.0 1640.1685334116403 1640.1693999916401 1640.4914677816405 1639.5092660116395 1642.0515760751193 1640.3395829716403 1.0 1640.3395829716403 1.0 1
383 nan 0.25 0.2 -1.0 1.0 1645.2902545216452 1645.2910544416452 1646.2062962416462 1642.7521750216429 1647.768329460349 1645.8144354316457 -1.0 1645.8144354316457 -1.0 1
384 nan 0.0625 0.2 -1.0 1.0 1649.1564345316492 1649.1573677716492 1652.4414393316524 1648.4959339216484 1654.0016778929655 1652.1145386916521 1.0 1652.1145386916521 1.0 1
385 nan 1.0 0.2 -1.0 1.0 1655.906726101656 1655.907692671656 1657.009282501657 1654.7002800916548 1658.5729911659678 1656.1352699116562 1.0 1656.919124851657 1.0 4
386 nan 1.0 0.2 -1.0 1.0 1659.8178349516597 1659.8186682016599 1663.7208446116638 1659.2711896216592 1665.27344747465 1662.2961204316623 1.0 1663.6322868016637 1.0 3
387 nan 0.0625 0.2 -1.0 1.0 1666.9013598616668 1666.902326431667 1671.4085091016714 1665.989851021666 1672.9563125830396 1671.2076291916712 1.0 1671.2076291916712 1.0 1
388 nan 0.0625 0.2 -1.0 1.0 1674.134469811674 1674.135269731674 1675.7309434816757 1673.6661166516737 1677.2844470251057 1674.4212411316744 1.0 1675.6267872316757 1.0 3
389 0.25 nan 0.2 1.0 1.0 1678.6059892816786 1678.6069225216786 1679.0774754616791 1677.993050581678 1680.6228791179508 1678.926223921679 -1.0 1678.926223921679 -1.0 1
390 nan 1.0 0.2 -1.0 1.0 1681.8513313816818 1681.8522312916818 1682.4189746116824 1681.3348830316813 1683.9891109101359 1682.1634001716823 1.0 1682.1634001716823 1.0 1
391 nan 0.125 0.2 -1.0 1.0 1685.1512346916852 1685.1522012616851 1691.012548501691 1684.6870144516847 1692.5730582079714 1689.5772587116896 1.0 1690.3822448716903 1.0 4
392 nan 0.125 0.2 -1.0 1.0 1694.2676896216942 1694.2688561716943 1698.839199091699 1693.5501613816937 1700.4009319683146 1697.972419111698 1.0 1698.2847545416982 -1.0 2
393 0.0625 nan 0.2 1.0 1.0 1702.5721924217025 1702.5731589917025 1702.880461591703 1701.1244372117012 1704.4390659134583 1702.779271711703 -1.0 1702.779271711703 -1.0 1
394 nan 0.0625 0.2 -1.0 1.0 1705.6174545317056 1705.6184544317057 1708.1488013717083 1705.1455683917052 1709.705505543621 1707.874862101708 1.0 1708.0922736917082 1.0 2
395 nan 0.0625 0.2 -1.0 1.0 1710.933989491711 1710.9351227117108 1715.2910537417154 1710.4169078717105 1716.8553555461353 1714.915124671715 -1.0 1715.120937421715 1.0 2
396 nan 0.0625 0.2 -1.0 1.0 1718.2006627517183 1718.2017293117183 1726.894326631727 1717.5750586517177 1728.4338313867759 1720.5858908717205 -1.0 1726.846264771727 1.0 4
397 nan 0.25 0.2 -1.0 1.0 1729.85533050173 1729.85636373173 1730.2494577517302 1729.1530340717293 1731.8053611211728 1730.07280875173 1.0 1730.07280875173 1.0 1
398 nan 0.25 0.2 1.0 -1.0 1733.5670592917336 1733.5679925317336 1737.3843108617375 1732.5145645517325 1739.933746175923 1737.1199039717371 -1.0 1737.1199039717371 -1.0 1
399 nan 0.0625 0.2 -1.0 1.0 1741.1718320717412 1741.172965291741 1742.5500609017427 1740.6514507817408 1744.1054667228157 1741.7277431417417 -1.0 1742.2962529517424 1.0 2
400 nan 0.25 0.2 -1.0 1.0 1747.4002758317474 1747.4012757317473 1748.0929065617481 1744.816267591745 1749.6501084878116 1747.6427182517477 1.0 1747.6427182517477 1.0 1
401 1.0 nan 0.2 1.0 1.0 1751.0552436317512 1751.056243531751 1751.3163175217514 1750.3689122717503 1752.8714235961036 1751.2093615517513 -1.0 1751.2093615517513 -1.0 1
402 1.0 nan 0.2 1.0 1.0 1754.1336357617542 1754.1345690017542 1754.4314393117545 1753.5946230017537 1755.9882439425849 1754.2859538617543 -1.0 1754.2859538617543 -1.0 1
403 nan 0.0 0.2 1.0 -1.0 1757.2500574217572 1757.2508906717574 1757.5555602017575 1756.6952462417566 1760.1218920773956 1757.4153075617573 -1.0 1757.4153075617573 -1.0 1
404 nan 1.0 0.2 -1.0 1.0 1761.3999423917614 1761.4008756317614 1761.8122011617618 1760.8429980917608 1763.366808520445 1761.6234867017617 1.0 1761.6234867017617 1.0 1
405 nan 1.0 0.2 -1.0 1.0 1764.6211202417646 1764.6221868017647 1765.6139209517655 1764.080707621764 1767.166653740153 1764.998649151765 -1.0 1765.5184638317655 1.0 2
406 nan 0.125 0.2 -1.0 1.0 1768.5715251617685 1768.5725250617686 1774.1503005617742 1767.882460741768 1775.7049040218865 1773.7758046817737 -1.0 1773.7758046817737 -1.0 1
407 nan 1.0 0.2 -1.0 1.0 1776.9164239217769 1776.917457151777 1777.3154173517773 1776.4409048117764 1778.888446452088 1777.1606994917772 1.0 1777.1606994917772 1.0 1
408 nan 0.25 0.2 1.0 -1.0 1780.2830872217803 1780.2841204517804 1784.1967624817842 1779.6073548017796 1786.7661981234846 1784.0243130617841 -1.0 1784.0243130617841 -1.0 1
409 nan 0.25 0.2 -1.0 1.0 1788.0713083217881 1788.072441541788 1788.4333054517886 1787.4955992317875 1789.9994354729738 1788.2729548217883 1.0 1788.2729548217883 1.0 1
410 nan 0.0625 0.2 -1.0 1.0 1791.821233291792 1791.822466501792 1794.8538633317949 1790.7322422017908 1796.4161653843146 1794.4465374017946 -1.0 1794.4465374017946 -1.0 1
411 nan 1.0 0.2 -1.0 1.0 1798.1549998517983 1798.1560330817981 1798.8326987417988 1797.1587661517972 1800.382899109965 1798.4891664317986 -1.0 1798.4891664317986 -1.0 1
412 nan 1.0 0.2 -1.0 1.0 1801.7711382018017 1801.7720381118017 1802.1229030218021 1801.112104111801 1803.6662363854132 1801.958452801802 1.0 1801.958452801802 1.0 1
413 nan 1.0 0.2 -1.0 1.0 1805.104371511805 1805.105338081805 1810.05367653181 1804.4014418118045 1811.5994808031871 1809.4187400318094 1.0 1809.83013222181 1.0 3
414 nan 0.125 0.2 -1.0 1.0 1812.921089761813 1812.921989671813 1816.078040701816 1812.3371814918123 1817.6375403080713 1815.7286089818158 1.0 1815.7286089818158 1.0 1
415 nan 0.125 0.2 -1.0 1.0 1819.0324119018192 1819.033278481819 1826.5650918918266 1818.3681450018184 1828.1326245693476 1821.6089875518217 -1.0 1826.5403277018265 1.0 7
416 nan 0.0 0.2 -1.0 1.0 1831.2870529818313 1831.2878862318314 1832.1555661218322 1828.876427401829 1833.7157676432792 1831.899291751832 1.0 1831.899291751832 1.0 1
417 0.25 nan 0.2 1.0 1.0 1834.937421241835 1834.938221161835 1835.2013615118353 1834.4471702718345 1836.7707941318793 1835.0998050018352 -1.0 1835.0998050018352 -1.0 1
418 nan 1.0 0.2 1.0 -1.0 1838.015613391838 1838.016546631838 1839.026212321839 1837.4935989318376 1841.5877170552446 1838.2004282418382 1.0 1838.2004282418382 1.0 1
419 nan 0.0 0.2 1.0 -1.0 1843.4489700018435 1843.4498365818436 1850.807467411851 1842.3150167418423 1853.3654305947186 1845.0573424818451 -1.0 1850.6691479118506 -1.0 3
420 nan 0.0 0.2 1.0 -1.0 1854.7203427518548 1854.7214759718547 1855.073474101855 1854.128735251854 1857.6371431271114 1854.925188931855 -1.0 1854.925188931855 -1.0 1
421 nan 0.0 0.2 1.0 -1.0 1859.015513191859 1859.016446431859 1870.9087237518709 1858.3804433718583 1873.4704884106754 1869.5664246618696 -1.0 1870.4115401418703 -1.0 3
422 1.0 nan 0.2 1.0 1.0 1874.7818697318748 1874.7827029818748 1875.036077641875 1874.2206925218743 1876.5984130060006 1874.934454471875 -1.0 1874.934454471875 -1.0 1
423 nan 0.125 0.2 1.0 -1.0 1877.7863359218777 1877.7873691518778 1878.4946984118785 1877.3254153518774 1881.0483357125686 1878.4121400018785 -1.0 1878.4121400018785 -1.0 1
424 0.0625 nan 0.8 1.0 1.0 1882.2694209018823 1882.2703541418823 1882.6142530818827 1881.7837361418817 1884.1648553730352 1882.3886423118824 -1.0 1882.3886423118824 -1.0 1
425 0.125 nan 0.8 1.0 1.0 1886.7201757818868 1886.7213423318867 1887.2816862918874 1884.9040574118849 1888.8363861856164 1886.9070237618869 -1.0 1887.0994378518872 1.0 2
426 0.125 nan 0.8 1.0 1.0 1890.1817295918902 1890.1826295018902 1890.4622015418904 1889.5848892818897 1892.015002949866 1890.3651779118904 -1.0 1890.3651779118904 -1.0 1
427 nan 1.0 0.8 -1.0 1.0 1893.4867990518935 1893.4876323018934 1893.883026091894 1892.7652045518928 1895.4368533318022 1893.7289415018938 1.0 1893.7289415018938 1.0 1
428 0.25 nan 0.8 1.0 1.0 1896.7646379018968 1896.7656044718967 1897.022745421897 1896.1797630618962 1898.5868802402217 1896.922222141897 -1.0 1896.922222141897 -1.0 1
429 0.25 nan 0.8 1.0 1.0 1899.8478962119 1899.8489294418998 1900.2246918619003 1899.3273816018993 1901.7862936777324 1900.0904052919002 -1.0 1900.0904052919002 -1.0 1
430 0.0625 nan 0.8 1.0 1.0 1903.3145828419033 1903.3155827419034 1903.8800929519039 1902.5291947219025 1905.431426815966 1903.6368172819036 1.0 1903.6368172819036 1.0 1
431 0.0 nan 0.8 1.0 1.0 1906.836230641907 1906.8372305419068 1912.125168361912 1906.1758300219062 1913.6813978464409 1911.4934982019115 -1.0 1911.4934982019115 -1.0 1
432 0.25 nan 0.8 1.0 1.0 1915.1688639619151 1915.1698638619152 1915.8371971219158 1914.4494025819145 1917.4032279655858 1915.3611114019154 -1.0 1915.3611114019154 -1.0 1
433 0.25 nan 0.8 1.0 1.0 1919.1976610419192 1919.1985276219193 1919.5051302919196 1918.1556319219183 1921.0812352414584 1919.3798428219195 -1.0 1919.3798428219195 -1.0 1
434 0.0625 nan 0.8 1.0 1.0 1922.6525821819228 1922.6535154219227 1922.952552181923 1921.817932321922 1924.5190777628052 1922.842129891923 -1.0 1922.842129891923 -1.0 1
435 0.0 nan 0.8 -1.0 -1.0 1925.8143993019257 1925.815499191926 1930.1711302519302 1925.2744866319254 1932.7193306726551 1929.5879219119297 1.0 1929.5879219119297 1.0 1
436 nan 0.125 0.8 -1.0 1.0 1934.0475759019341 1934.048442481934 1934.7726367219348 1933.4771329519335 1936.336064618827 1934.4248381719344 1.0 1934.4248381719344 1.0 1
437 0.25 nan 0.8 1.0 1.0 1937.7143425219376 1937.7154424119378 1937.951685451938 1937.112269401937 1939.497685789934 1937.8459626919378 -1.0 1937.8459626919378 -1.0 1
438 0.0 nan 0.8 1.0 1.0 1940.8694603119409 1940.8704268819408 1943.7213084319437 1940.2556883619402 1945.2641390733959 1943.6129192719436 -1.0 1943.6129192719436 -1.0 1
439 0.0625 nan 0.8 1.0 1.0 1946.7692702719469 1946.7704034919468 1947.077239471947 1946.037643441946 1948.6359701784418 1946.9487189919469 -1.0 1946.9487189919469 -1.0 1
440 0.0 nan 0.8 1.0 1.0 1949.94751908195 1949.94838566195 1950.4495688719505 1949.3852753119495 1951.997475451621 1950.3046833619503 -1.0 1950.3046833619503 -1.0 1
441 1.0 nan 0.8 1.0 1.0 1953.3527785219533 1953.3537117619533 1953.5654905819536 1952.7551716219527 1955.1192152642463 1953.4765661419535 -1.0 1953.4765661419535 -1.0 1
442 nan 1.0 0.8 -1.0 1.0 1956.3473790319563 1956.3483456019565 1957.040109751957 1955.8724265319559 1958.60204434321 1956.6201850819566 1.0 1956.868993531957 1.0 2
443 0.0625 nan 0.8 1.0 1.0 1959.98031570196 1959.98134893196 1960.2081595819602 1959.3500454019593 1961.7639595901585 1960.10613645196 -1.0 1960.10613645196 -1.0 1
444 0.0625 nan 0.8 1.0 1.0 1963.035243511963 1963.036310071963 1963.3186818319634 1962.5228614219625 1964.8803802969285 1963.2156588019632 -1.0 1963.2156588019632 -1.0 1
445 nan 0.0 0.8 -1.0 1.0 1967.2685868019673 1967.2696533619674 1974.5236612219746 1965.971583181966 1976.0805602319022 1973.846228971974 1.0 1974.2729529619744 -1.0 2
446 0.125 nan 0.8 1.0 1.0 1977.5856883219776 1977.5866215619776 1977.8225979619779 1976.840962801977 1979.3852920790976 1977.7294072819777 -1.0 1977.7294072819777 -1.0 1
447 0.0625 nan 0.8 1.0 1.0 1981.5469254919815 1981.5479253919816 1981.826797501982 1980.1522983019802 1983.3802273673648 1981.7170751419817 -1.0 1981.7170751419817 -1.0 1
448 0.25 nan 0.8 1.0 1.0 1984.8350633119849 1984.8358965619848 1985.080538761985 1984.1500318219842 1986.6468398051068 1984.965150301985 -1.0 1984.965150301985 -1.0 1
449 1.0 nan 0.8 1.0 1.0 1987.9350532819878 1987.935886531988 1988.195660551988 1987.4050396219875 1989.7683831594895 1988.0712063319882 -1.0 1988.0712063319882 -1.0 1
450 1.0 nan 0.8 1.0 1.0 1991.1466654219912 1991.1475653319912 1991.3616772519913 1990.5345933019905 1992.9137112311262 1991.2745859619913 -1.0 1991.2745859619913 -1.0 1
451 0.125 nan 0.8 1.0 1.0 1994.2680865819943 1994.2688865019943 1994.5773223219946 1993.6708129819938 1996.130125103563 1994.4582342319945 -1.0 1994.4582342319945 -1.0 1
452 1.0 nan 0.8 1.0 1.0 1997.4848982019976 1997.4858647719975 1997.7228410719977 1996.8846249019969 1999.263342885059 1997.6187848119976 -1.0 1997.6187848119976 -1.0 1
453 0.25 nan 0.8 1.0 1.0 2000.5515915020005 2000.5525247420005 2001.009445712001 2000.020144652 2002.5465765653325 2000.7195413720008 -1.0 2000.7195413720008 -1.0 1
454 1.0 nan 0.8 1.0 1.0 2003.951118182004 2003.952184742004 2004.834596492005 2003.3099823020034 2006.3850976580807 2004.120367922004 -1.0 2004.2646201620043 -1.0 2
455 0.25 nan 0.8 1.0 1.0 2007.6299835920076 2007.6308501720077 2008.044708782008 2007.1550977520071 2009.6132337350218 2007.8113654520077 -1.0 2007.8113654520077 -1.0 1
456 0.0 nan 0.8 -1.0 -1.0 2011.084338122011 2011.085138042011 2023.074772292023 2010.3761422820105 2025.634866071347 2017.6404491120177 1.0 2022.853694402023 1.0 5
457 1.0 nan 0.8 1.0 1.0 2028.5629567520286 2028.5637566720286 2028.812565122029 2026.4267703920264 2030.367995021496 2028.6980432420287 -1.0 2028.6980432420287 -1.0 1
458 nan 0.0625 0.8 -1.0 1.0 2031.879691712032 2031.880724942032 2037.889757312038 2031.1661964020311 2039.4511534361989 2037.6797783120378 1.0 2037.6797783120378 1.0 1
459 0.25 nan 0.8 1.0 1.0 2040.896123312041 2040.8970232220408 2041.820764172042 2040.2401555820402 2043.3845913420946 2041.0372092020411 -1.0 2041.6981764320417 -1.0 2
460 nan 0.125 0.8 -1.0 1.0 2044.7793349520448 2044.7803348520447 2056.2157911920563 2044.1529975920441 2057.7505890317925 2048.6853109820486 1.0 2056.1655962120562 1.0 5
461 nan 0.25 0.2 -1.0 1.0 2059.012544822059 2059.013611382059 2060.18522754206 2058.5485912220583 2061.745823641357 2059.2904836920593 1.0 2060.10253581206 1.0 6
462 nan 0.0625 0.2 -1.0 1.0 2063.184360932063 2063.185260842063 2068.4421684320687 2062.5164277320623 2070.0005956445066 2067.4837976120675 1.0 2068.3794413720684 1.0 3
463 nan 0.25 0.2 -1.0 1.0 2071.2456213920714 2071.2465546320714 2075.3247467720753 2070.787200572071 2076.884142389123 2073.814664462074 -1.0 2075.1731952620753 1.0 6
464 0.25 nan 0.2 1.0 1.0 2078.4289696520786 2078.4298695620782 2078.686977182079 2077.6809444620776 2080.245571188528 2078.5678557620786 -1.0 2078.5678557620786 -1.0 1
465 nan 0.25 0.2 -1.0 1.0 2081.5337258120817 2081.5348257020814 2082.082304282082 2081.024876702081 2083.645301176157 2081.8975227620817 1.0 2081.8975227620817 1.0 1
466 nan 0.25 0.2 -1.0 1.0 2085.2337224420853 2085.234822332085 2090.4972627020907 2084.4255032720844 2092.050360536599 2089.6545136520895 1.0 2090.3807076920903 1.0 3
467 0.125 nan 0.2 1.0 1.0 2093.295549512093 2093.2964494220932 2093.6425814720938 2092.826763062093 2095.200578757107 2093.4692654720934 -1.0 2093.4692654720934 -1.0 1
468 nan 0.125 0.2 -1.0 1.0 2096.5288261520964 2096.5297593920964 2097.3447112220974 2095.977981242096 2098.89520646349 2097.019343762097 1.0 2097.019343762097 1.0 1
469 nan 0.0 0.2 1.0 -1.0 2100.933518972101 2100.934485542101 2101.3404116121014 2099.6827107320996 2103.911869407911 2101.162696052101 -1.0 2101.162696052101 -1.0 1
470 0.25 nan 0.2 1.0 1.0 2105.166828932105 2105.167728842105 2105.4135709221055 2104.6792776921047 2106.9836991604893 2105.3048817921053 -1.0 2105.3048817921053 -1.0 1
471 nan 0.125 0.2 -1.0 1.0 2108.4950627421085 2108.4960293121085 2109.129999242109 2107.765002422108 2110.6999278548924 2108.858393072109 1.0 2108.858393072109 1.0 1
472 0.125 nan 0.2 1.0 1.0 2112.161396072112 2112.1623626421124 2112.4974291321123 2111.4806308221114 2114.061932630733 2112.362675942112 -1.0 2112.362675942112 -1.0 1
473 nan 0.25 0.2 -1.0 1.0 2115.7501371621156 2115.7510037421157 2116.6980423621167 2115.1639291221154 2118.245267809022 2116.1379650421163 1.0 2116.1379650421163 1.0 1
474 nan 1.0 0.2 -1.0 1.0 2119.99991214212 2120.00097870212 2120.753103482121 2119.035875222119 2122.316600748888 2120.26551891212 1.0 2120.5305257421205 1.0 2
475 nan 0.25 0.2 1.0 -1.0 2123.745104252124 2123.745970832124 2125.8722915121257 2123.090403062123 2128.42845397064 2125.717273682126 -1.0 2125.717273682126 -1.0 1
476 1.0 nan 0.2 1.0 1.0 2129.9330187321298 2129.93391864213 2130.22965573213 2129.2074579621294 2131.7782850085364 2130.08383698213 -1.0 2130.08383698213 -1.0 1
477 nan 0.125 0.2 -1.0 1.0 2133.4662320421335 2133.4672319421334 2134.069505042134 2132.5601893221324 2135.628204276636 2133.884590202134 1.0 2133.884590202134 1.0 1
478 0.25 nan 0.2 1.0 1.0 2136.899721992137 2136.9005552421368 2137.101501812137 2136.4098043221366 2138.6495296495855 2136.997112252137 -1.0 2136.997112252137 -1.0 1
479 nan 0.25 0.2 -1.0 1.0 2139.97814745214 2139.97921401214 2140.5747544521405 2139.4284357621395 2142.1331510511404 2140.2936492321405 -1.0 2140.3837068921403 1.0 2
480 nan 0.0625 0.2 -1.0 1.0 2143.6613790921438 2143.662545642144 2155.7006417121556 2142.923052932143 2157.2659670103903 2149.5754876221495 -1.0 2155.3824402021555 1.0 3
481 nan 0.0625 0.2 -1.0 1.0 2159.060905652159 2159.061805562159 2160.3958054821605 2158.080970322158 2161.9612003618754 2159.2412876121593 -1.0 2160.0997350921602 1.0 4
482 nan 0.0625 0.2 -1.0 1.0 2163.3661417521635 2163.3671083221634 2169.1974585621692 2162.754802892163 2170.760883782717 2163.590885942164 -1.0 2165.272151132165 1.0 4
483 nan 1.0 0.2 -1.0 1.0 2172.049506662172 2172.050439902172 2172.716106662173 2171.5635885921715 2174.2775035883506 2172.346910252172 1.0 2172.626948912173 1.0 2
484 nan 0.0 0.2 1.0 -1.0 2175.782466662176 2175.783399902176 2181.928718642182 2175.074704112175 2184.477780362352 2179.4544994221797 1.0 2181.796531862182 -1.0 3
485 nan 1.0 0.2 -1.0 1.0 2185.7988982521856 2185.8000314721858 2186.6437137621865 2185.2787836021853 2188.194208911235 2186.015943212186 1.0 2186.3249123121864 1.0 2
486 nan 0.25 0.2 -1.0 1.0 2189.58248652219 2189.5833531021894 2193.7610686221938 2188.982313212189 2195.310763953081 2193.6457801521938 1.0 2193.6457801521938 1.0 1
487 0.25 nan 0.2 1.0 1.0 2196.6486798321966 2196.6496464021966 2196.899688062197 2196.1000680321963 2198.460583428436 2196.805964102197 -1.0 2196.805964102197 -1.0 1
488 0.0625 nan 0.2 1.0 1.0 2199.8318948122 2199.8329947022 2200.1327980522 2199.2667846621994 2201.6988215252477 2200.0193427322 -1.0 2200.0193427322 -1.0 1
489 nan 0.0 0.2 1.0 -1.0 2203.043673602203 2203.044640172203 2203.3903056022036 2202.4850294722023 2205.965436640434 2203.246786622203 -1.0 2203.246786622203 -1.0 1
490 nan 0.0625 0.2 1.0 -1.0 2207.4269685622075 2207.4279351322075 2211.1689609922114 2206.754535812207 2213.7323187874044 2211.044606762211 -1.0 2211.044606762211 -1.0 1
491 nan 1.0 0.2 1.0 -1.0 2215.143763472215 2215.1445967222153 2215.856592182216 2214.5293249222145 2218.4155534442198 2215.320412472215 1.0 2215.320412472215 1.0 1
492 nan 1.0 0.2 -1.0 1.0 2219.71017345222 2219.7112400122196 2220.3774733822206 2219.2207557322195 2221.927172175904 2219.98744572222 1.0 2220.2477863522204 1.0 3
493 nan 1.0 0.2 -1.0 1.0 2223.4315346122235 2223.4325345122234 2224.8150962422246 2222.713573082223 2226.3767926578057 2223.968947532224 1.0 2224.8119965522246 1.0 4
494 nan 1.0 0.2 -1.0 1.0 2228.681709542229 2228.6828760922285 2232.906153722233 2227.1777932822274 2234.4600769249546 2232.4276015822325 1.0 2232.796764662233 1.0 3
495 nan 0.0 0.2 -1.0 1.0 2235.765067802236 2235.7661676922357 2239.83329427224 2235.2797830022355 2241.37672192457 2239.2262883122394 1.0 2239.6568452522397 1.0 2
496 0.0625 nan 0.8 1.0 1.0 2242.915052732243 2242.916119292243 2243.172926942243 2242.193724872242 2244.731052277267 2243.082136022243 -1.0 2243.082136022243 -1.0 1
497 0.0625 nan 0.8 1.0 1.0 2246.343009902246 2246.3441431222464 2246.6380470622466 2245.5383570422455 2248.19857554551 2246.5371904822464 -1.0 2246.5371904822464 -1.0 1
498 nan 1.0 0.8 -1.0 1.0 2249.5600215022496 2249.5610880622494 2250.22938789225 2249.002777232249 2251.798010517999 2249.93685048225 1.0 2250.10286721225 1.0 2
499 0.125 nan 0.8 1.0 1.0 2253.193091492253 2253.194091392253 2253.4706970622533 2252.5998174922524 2255.026528083445 2253.3658742122534 -1.0 2253.3658742122534 -1.0 1
500 0.0 nan 0.8 -1.0 -1.0 2256.5482892722566 2256.5493891622564 2260.927717952261 2255.831727602256 2263.4811799339864 2260.5416898922604 1.0 2260.819062152261 1.0 2
501 0.125 nan 0.8 1.0 1.0 2264.892954722265 2264.894021282265 2265.1639942822653 2264.2856821222645 2266.7264169375662 2265.0602379922652 -1.0 2265.0602379922652 -1.0 1
502 0.0625 nan 0.8 1.0 1.0 2268.014409212268 2268.015342452268 2268.310412942268 2267.5292244022676 2269.859741569236 2268.2117894722683 -1.0 2268.2117894722683 -1.0 1
503 nan 0.0 0.8 -1.0 1.0 2271.4809958522715 2271.4819957522714 2275.116165632275 2270.6712435022705 2276.6809889711067 2274.970380212275 1.0 2274.970380212275 1.0 1
504 1.0 nan 0.8 1.0 1.0 2283.6094162222835 2283.6102828022836 2283.874256402284 2277.5092929622774 2285.4309453319725 2283.760034492284 -1.0 2283.760034492284 -1.0 1
505 0.0 nan 0.8 -1.0 -1.0 2286.7927978522866 2286.793931072287 2290.4552315722904 2286.2942477122865 2293.009121958802 2289.8379933022898 -1.0 2290.16906019229 1.0 2
506 1.0 nan 0.8 1.0 1.0 2294.5805523322947 2294.5815522322946 2294.8192284622946 2293.8275276422937 2296.3811541036857 2294.7212715922947 -1.0 2294.7212715922947 -1.0 1
507 nan 0.0 0.8 1.0 -1.0 2297.709139442298 2297.7102060022976 2297.988511502298 2297.1853584922974 2300.547474146449 2297.874289592298 -1.0 2297.874289592298 -1.0 1
508 0.0625 nan 0.8 1.0 1.0 2302.009376042302 2302.010509262302 2302.311979112302 2301.349175402301 2303.864502157433 2302.2070896023024 -1.0 2302.2070896023024 -1.0 1
509 1.0 nan 0.8 1.0 1.0 2305.8421927223058 2305.8431592923057 2306.047405532306 2304.6870082523046 2307.5976338454566 2305.951748432306 -1.0 2305.951748432306 -1.0 1
510 0.25 nan 0.8 1.0 1.0 2308.959180992309 2308.960147562309 2309.2300539023095 2308.3985370623086 2310.7808494220913 2309.1142321523093 -1.0 2309.1142321523093 -1.0 1
511 0.25 nan 0.8 1.0 1.0 2312.142295982312 2312.1431292323123 2312.4067695323124 2311.5926509523115 2313.9588889926285 2312.281382072312 -1.0 2312.281382072312 -1.0 1
512 1.0 nan 0.8 1.0 1.0 2315.347475432315 2315.3484420023156 2315.5587876323157 2314.786098242315 2317.1141144155154 2315.4645637223157 -1.0 2315.4645637223157 -1.0 1
513 0.0 nan 0.8 1.0 1.0 2318.958814262319 2318.959747502319 2320.04143932232 2317.940616092318 2321.59233533392 2319.92838396232 -1.0 2319.92838396232 -1.0 1
514 0.0625 nan 0.8 1.0 1.0 2323.0301404223233 2323.0310736623233 2323.284648302323 2322.4081359623224 2324.846768835447 2323.183591742323 -1.0 2323.183591742323 -1.0 1
515 1.0 nan 0.8 1.0 1.0 2326.308812522326 2326.3097124323263 2326.5272906723267 2325.6624771623256 2328.075686950226 2326.4258008223264 -1.0 2326.4258008223264 -1.0 1
516 0.0 nan 0.8 -1.0 -1.0 2329.4970270023296 2329.4983602023294 2342.5673198423424 2328.891287582329 2345.1470056632493 2334.3984368123342 1.0 2342.5251240623425 1.0 4
517 1.0 nan 0.8 1.0 1.0 2346.6084490223466 2346.6092822723467 2346.935016362347 2346.001109762346 2348.5085392336646 2346.777665432347 -1.0 2346.777665432347 -1.0 1
518 0.0625 nan 0.8 1.0 1.0 2349.79636353235 2349.79729677235 2350.2076557323503 2349.3173447723493 2351.7584779478175 2350.04613855235 -1.0 2350.04613855235 -1.0 1
519 0.25 nan 0.8 1.0 1.0 2353.030273442353 2353.031273342353 2353.295780222353 2352.5684862923526 2354.8634995008742 2353.179858482353 -1.0 2353.179858482353 -1.0 1
520 1.0 nan 0.8 1.0 1.0 2356.224853952356 2356.2259205123564 2356.5011929823563 2355.746301812356 2358.0583182186174 2356.3650399323565 -1.0 2356.3650399323565 -1.0 1
521 1.0 nan 0.8 1.0 1.0 2359.5129917723593 2359.5139250123593 2359.7632334123596 2358.883821362359 2361.3470397107653 2359.63504623236 -1.0 2359.63504623236 -1.0 1
