ibl_witten_27 25d1920e-a2af-4b6c-9f2e-fc6c65576544 wittenlab 2026-07-28T16:01:20.797097 _iblrig_tasks_ephysChoiceWorld6.4.2 F 315 401
0 1.0 nan 0.5 1.0 1.0 9.419233333333333 9.420033333333333 10.462966666666667 5.666633333333333 12.019566659280077 9.608666666666666 -1.0 9.608666666666666 -1.0 1
1 nan 0.125 0.5 -1.0 1.0 13.201766666666666 13.202666666666667 13.553566666666667 12.426666666666666 15.119169666666666 13.340033333333333 -1.0 13.340033333333333 -1.0 1
2 0.125 nan 0.5 1.0 1.0 17.868866666666666 17.869966666666667 18.1376 15.509466666666667 19.702199030083136 17.983033333333335 -1.0 17.983033333333335 -1.0 1
3 1.0 nan 0.5 1.0 1.0 21.018766666666668 21.0196 21.2001 20.1123 22.71783216292267 21.128066666666665 -1.0 21.128066666666665 -1.0 1
4 0.25 nan 0.5 1.0 1.0 26.902433333333335 26.903233333333333 27.204833333333333 23.090433333333333 28.769266340639057 26.986366666666665 1.0 26.986366666666665 1.0 1
5 1.0 nan 0.5 1.0 1.0 31.084833333333332 31.085866666666668 31.286266666666666 29.195266666666665 32.85086866666667 31.189133333333334 -1.0 31.189133333333334 -1.0 1
6 nan 0.125 0.5 -1.0 1.0 36.7686 36.769466666666666 36.9925 33.33356666666667 38.55209934028096 36.90893333333333 -1.0 36.90893333333333 -1.0 1
7 nan 0.0625 0.5 -1.0 1.0 40.18553333333333 40.18643333333333 40.6115 39.0046 42.15203261063287 40.3222 -1.0 40.3222 -1.0 1
8 0.0625 nan 0.5 -1.0 -1.0 43.584833333333336 43.58573333333333 43.8494 42.54773333333333 46.384936333333336 43.7089 -1.0 43.7089 -1.0 1
9 nan 0.0625 0.5 -1.0 1.0 47.402033333333335 47.40303333333333 47.68476666666667 46.795633333333335 49.218663756311 47.539966666666665 -1.0 47.539966666666665 -1.0 1
10 0.25 nan 0.5 1.0 1.0 50.75196666666667 50.753033333333335 50.93796666666667 49.63726666666667 52.501568666666664 50.69683333333333 -1.0 50.826366666666665 -1.0 2
11 nan 1.0 0.5 -1.0 1.0 53.3521 53.353 53.57906666666667 52.881566666666664 55.13579704175321 53.5 1.0 53.5 1.0 1
12 nan 0.0 0.5 1.0 -1.0 57.451933333333336 57.45296666666667 57.6273 55.5297 60.185401999999996 57.541133333333335 -1.0 57.541133333333335 -1.0 1
13 0.0 nan 0.5 -1.0 -1.0 62.1521 62.15293333333333 62.46293333333333 60.5916 65.01833265222238 62.272466666666666 -1.0 62.272466666666666 -1.0 1
14 nan 0.25 0.5 -1.0 1.0 66.05243333333334 66.05356666666667 66.26093333333333 65.40553333333334 67.81826380280128 66.18243333333334 1.0 66.18243333333334 1.0 1
15 nan 1.0 0.5 -1.0 1.0 70.11846666666666 70.11953333333334 70.34046666666667 68.23046666666667 71.90196966666667 70.2453 1.0 70.2453 1.0 1
16 nan 0.25 0.5 -1.0 1.0 73.285 73.28616666666667 73.5381 72.31556666666667 75.10199884855055 73.40386666666667 -1.0 73.40386666666667 -1.0 1
17 0.0625 nan 0.5 1.0 1.0 76.66826666666667 76.6692 77.0005 75.4984 78.55170199999999 76.79126666666667 1.0 76.79126666666667 1.0 1
18 nan 0.0 0.5 1.0 -1.0 79.518 79.5188 79.79776666666666 78.9465 82.35133223054403 79.61486666666667 1.0 79.61486666666667 1.0 1
19 nan 1.0 0.5 -1.0 1.0 83.3684 83.36943333333333 83.55173333333333 82.82923333333333 85.10213633333333 83.481 1.0 83.481 1.0 1
20 nan 0.0 0.5 1.0 -1.0 87.31876666666666 87.31973333333333 87.4844 85.49343333333333 90.03626693078063 87.4135 -1.0 87.4135 -1.0 1
21 nan 0.25 0.5 -1.0 1.0 90.98506666666667 90.98603333333334 91.19976666666666 90.44246666666666 92.75139734048656 91.11206666666666 1.0 91.11206666666666 1.0 1
22 nan 0.0625 0.5 -1.0 1.0 93.61783333333334 93.61866666666667 93.9819 93.1266 95.535202 93.70836666666666 1.0 93.70836666666666 1.0 1
23 0.25 nan 0.5 1.0 1.0 96.46773333333333 96.4687 96.7155 95.9255 98.25210299999999 96.5608 1.0 96.5608 1.0 1
24 nan 0.25 0.5 -1.0 1.0 99.06823333333334 99.0693 99.27223333333333 98.6257 100.80203131957892 99.2088 1.0 99.2088 1.0 1
25 1.0 nan 0.5 1.0 1.0 101.66833333333334 101.66926666666667 102.12083333333334 101.18733333333333 103.68513633333333 101.81753333333333 -1.0 101.81753333333333 -1.0 1
26 0.0 nan 0.5 1.0 1.0 105.31796666666666 105.3189 105.63216666666666 104.07493333333333 107.18506580013454 105.46246666666667 1.0 105.46246666666667 1.0 1
27 nan 0.0625 0.5 1.0 -1.0 108.2178 108.21886666666667 108.42286666666666 107.59316666666666 110.98496966666667 108.36036666666666 -1.0 108.36036666666666 -1.0 1
28 nan 0.125 0.5 -1.0 1.0 111.9345 111.93553333333334 112.0911 111.38296666666666 113.62619701247205 112.02493333333334 1.0 112.02493333333334 1.0 1
29 nan 1.0 0.5 -1.0 1.0 114.98473333333334 114.98583333333333 115.2372 114.0209 116.784203 114.93776666666666 1.0 115.0686 -1.0 2
30 1.0 nan 0.5 1.0 1.0 118.6174 118.61846666666666 118.83343333333333 117.1901 120.38503168632808 118.70943333333334 1.0 118.70943333333334 1.0 1
31 nan 0.125 0.5 -1.0 1.0 121.5512 121.5521 121.78563333333334 120.77753333333334 123.33483533333333 121.71796666666667 1.0 121.71796666666667 1.0 1
32 nan 1.0 0.5 -1.0 1.0 124.9511 124.95206666666667 125.14556666666667 123.81583333333333 126.70106457603583 125.0615 1.0 125.0615 1.0 1
33 nan 0.0625 0.5 -1.0 1.0 127.68426666666667 127.6854 127.85746666666667 127.10466666666666 129.41806866666667 127.78026666666666 1.0 127.78026666666666 1.0 1
34 nan 1.0 0.5 -1.0 1.0 130.31796666666668 130.31903333333332 130.50176666666667 129.83326666666667 132.05139666452084 130.41776666666667 1.0 130.41776666666667 1.0 1
35 1.0 nan 0.5 1.0 1.0 133.38386666666668 133.38466666666667 133.6615 132.4741 135.21790199999998 133.4902 -1.0 133.4902 -1.0 1
36 nan 0.0 0.5 -1.0 1.0 136.53326666666666 136.5343 136.7678 135.6143 138.31803191722818 136.6784 1.0 136.6784 1.0 1
37 nan 0.125 0.5 -1.0 1.0 139.23476666666667 139.23566666666667 139.41433333333333 138.73093333333333 140.96803533333335 139.3262 1.0 139.3262 1.0 1
38 nan 0.125 0.5 1.0 -1.0 145.468 145.4689 145.6219 141.36893333333333 148.16756622525753 145.54283333333333 -1.0 145.54283333333333 -1.0 1
39 0.0625 nan 0.5 -1.0 -1.0 149.3166 149.31786666666667 149.56286666666668 148.70486666666667 152.11769840008714 149.4319 -1.0 149.4319 -1.0 1
40 0.125 nan 0.5 1.0 1.0 153.0513 153.05216666666666 153.3298 152.5309 154.88450199999997 153.14883333333333 1.0 153.14883333333333 1.0 1
41 0.0625 nan 0.5 1.0 1.0 155.951 155.95216666666667 156.2362 155.2796 157.78433071343903 156.04366666666667 1.0 156.04366666666667 1.0 1
42 nan 0.0625 0.5 1.0 -1.0 158.86736666666667 158.86846666666668 159.11316666666667 158.18733333333333 161.66743533333332 158.96263333333334 1.0 158.96263333333334 1.0 1
43 0.25 nan 0.5 1.0 1.0 163.70113333333333 163.7021 163.93886666666666 162.08693333333332 165.46346605345477 163.80243333333334 1.0 163.80243333333334 1.0 1
44 0.0625 nan 0.5 -1.0 -1.0 166.3678 166.36873333333332 166.56773333333334 165.87396666666666 169.1172686666667 166.47906666666665 1.0 166.47906666666665 1.0 1
45 nan 1.0 0.5 -1.0 1.0 171.1011 171.10203333333334 171.3391 169.51356666666666 172.88379772138455 171.23523333333333 1.0 171.23523333333333 1.0 1
46 1.0 nan 0.5 1.0 1.0 174.11753333333334 174.11866666666666 174.3218 173.3801 175.8682305821185 174.218 1.0 174.218 1.0 1
47 0.25 nan 0.5 1.0 1.0 177.11746666666667 177.11833333333334 177.34203333333335 176.28183333333334 178.9008353333333 177.26566666666668 -1.0 177.26566666666668 -1.0 1
48 1.0 nan 0.5 1.0 1.0 180.0172 180.0183 180.21893333333333 179.32433333333333 181.7665353333333 180.13206666666667 -1.0 180.13206666666667 -1.0 1
49 0.125 nan 0.5 1.0 1.0 182.90043333333332 182.90126666666666 183.10176666666666 182.17793333333333 184.65066372289004 183.00103333333334 -1.0 183.00103333333334 -1.0 1
50 0.125 nan 0.5 1.0 1.0 186.71713333333332 186.71823333333333 186.95646666666667 185.08126666666666 188.47959828614506 186.83026666666666 1.0 186.83026666666666 1.0 1
51 nan 0.125 0.5 -1.0 1.0 189.4173 189.41823333333335 189.6915 188.9057 191.249702 189.5571 1.0 189.5571 1.0 1
52 0.25 nan 0.5 1.0 1.0 192.68406666666667 192.6852 192.903 191.6749 194.45060199999998 192.75773333333333 -1.0 192.75773333333333 -1.0 1
53 nan 0.25 0.5 -1.0 1.0 196.5506 196.5515 196.79303333333334 194.8569 198.36693109580887 196.674 1.0 196.674 1.0 1
54 0.125 nan 0.5 1.0 1.0 200.70006666666666 200.70113333333333 200.89363333333333 198.87813333333332 202.4671661418332 200.80376666666666 -1.0 200.80376666666666 -1.0 1
55 0.25 nan 0.5 1.0 1.0 203.43383333333333 203.43476666666666 203.64286666666666 202.89156666666668 205.20066866666664 203.57126666666667 -1.0 203.57126666666667 -1.0 1
56 nan 0.25 0.5 -1.0 1.0 206.3338 206.33473333333333 206.94346666666667 205.60946666666666 208.50099784988043 206.45963333333333 -1.0 206.45963333333333 -1.0 1
57 0.0 nan 0.5 1.0 1.0 210.65046666666666 210.65136666666666 210.8399 208.9122 212.384102 210.7685 -1.0 210.7685 -1.0 1
58 nan 0.0625 0.5 -1.0 1.0 213.36783333333332 213.36873333333332 213.6609 212.7912 215.1998314674562 213.4702 -1.0 213.4702 -1.0 1
59 nan 0.25 0.5 -1.0 1.0 216.20056666666667 216.20166666666665 216.45953333333333 215.61153333333334 218.00083533333333 216.36186666666666 1.0 216.36186666666666 1.0 1
60 0.0625 nan 0.5 -1.0 -1.0 219.81716666666668 219.8183 227.9519 218.41933333333333 230.50049944582776 219.9841 -1.0 227.81003333333334 1.0 4
61 nan 0.125 0.5 -1.0 1.0 231.51706666666666 231.5182 231.7981 230.9818 233.35023125177736 231.72746666666666 1.0 231.72746666666666 1.0 1
62 0.0625 nan 0.5 -1.0 -1.0 234.4171 234.41823333333335 234.6882 233.77623333333332 237.18773633333333 234.56186666666667 1.0 234.56186666666667 1.0 1
63 0.0625 nan 0.5 -1.0 -1.0 238.04993333333334 238.05083333333334 238.31283333333334 237.59693333333334 240.86716597084464 238.17396666666667 1.0 238.17396666666667 1.0 1
64 0.0 nan 0.5 -1.0 -1.0 242.00033333333334 242.00113333333334 242.29946666666666 241.27496666666667 244.86686866666665 242.21856666666667 1.0 242.21856666666667 1.0 1
65 0.25 nan 0.5 1.0 1.0 245.93416666666667 245.9351 246.2336 245.28306666666666 247.8004983148635 246.0404 1.0 246.0404 1.0 1
66 nan 0.0625 0.5 1.0 -1.0 250.40016666666668 250.40106666666668 250.6404 248.2122 253.199933657711 250.4936 -1.0 250.4936 -1.0 1
67 nan 0.125 0.5 1.0 -1.0 254.38333333333333 254.38436666666666 254.74303333333333 253.63523333333333 257.3003363333333 254.54723333333334 1.0 254.54723333333334 1.0 1
68 0.0625 nan 0.5 1.0 1.0 258.4656 258.46666666666664 258.70373333333333 257.7260333333333 260.2664649898815 258.6373 -1.0 258.6373 -1.0 1
69 0.125 nan 0.5 1.0 1.0 261.48356666666666 261.4846333333333 261.65886666666665 260.68106666666665 263.2164696666667 261.5767333333333 -1.0 261.5767333333333 -1.0 1
70 0.125 nan 0.5 1.0 1.0 264.36626666666666 264.3673 264.58726666666666 263.63466666666665 266.15019834317144 264.5002666666667 -1.0 264.5002666666667 -1.0 1
71 0.0 nan 0.5 1.0 1.0 267.26683333333335 267.24693333333335 267.6355 266.5587 269.19980300000003 267.36216666666667 -1.0 267.60903333333334 -1.0 2
72 1.0 nan 0.5 1.0 1.0 271.5499 271.5509 271.7421 269.6166 273.2835328282249 271.6603 -1.0 271.6603 -1.0 1
73 nan 1.0 0.5 -1.0 1.0 274.1834333333333 274.1845333333333 274.42693333333335 273.7144333333333 275.9664363333333 274.2822 -1.0 274.2822 -1.0 1
74 nan 0.25 0.5 -1.0 1.0 277.4659 277.46686666666665 278.01443333333333 276.38193333333334 279.5667656714845 277.6983333333333 1.0 277.9712 1.0 2
75 nan 1.0 0.5 -1.0 1.0 281.6003666666667 281.6015 281.8740666666667 280.0004666666667 283.4159696666667 281.7683 1.0 281.7683 1.0 1
76 0.125 nan 0.5 -1.0 -1.0 284.49986666666666 284.5008 284.7728 283.8475666666667 287.3166983247158 284.6204333333333 -1.0 284.6204333333333 -1.0 1
77 0.0625 nan 0.5 -1.0 -1.0 288.41493333333335 288.4158 288.7138 287.7466 291.26613180759523 288.60836666666665 1.0 288.60836666666665 1.0 1
78 nan 0.0625 0.5 -1.0 1.0 292.183 292.1840666666667 292.46823333333333 291.68243333333334 294.03313533333335 292.31556666666665 -1.0 292.31556666666665 -1.0 1
79 nan 0.0625 0.5 -1.0 1.0 295.59976666666665 295.6007 295.81393333333335 294.44393333333335 297.38316441764135 295.7105666666667 1.0 295.7105666666667 1.0 1
80 1.0 nan 0.5 1.0 1.0 298.43313333333333 298.43403333333333 298.72366666666665 297.81256666666667 300.2832686666667 298.53656666666666 1.0 298.53656666666666 1.0 1
81 nan 0.25 0.5 -1.0 1.0 303.0160666666667 303.0169666666667 303.22526666666664 300.81936666666667 304.7829986905427 303.1394666666667 1.0 303.1394666666667 1.0 1
82 nan 0.125 0.5 -1.0 1.0 306.1662666666667 306.1673 306.3958 305.2199 307.94960299999997 306.2944 1.0 306.2944 1.0 1
83 nan 0.25 0.5 -1.0 1.0 309.44916666666666 309.4503 309.7021 308.3789 311.20613094795476 309.591 1.0 309.591 1.0 1
84 nan 1.0 0.5 -1.0 1.0 312.3820666666667 312.3829 312.5951333333333 311.63443333333333 314.14813633333335 312.4917 1.0 312.4917 1.0 1
85 0.25 nan 0.5 1.0 1.0 315.283 315.28386666666665 315.62353333333334 314.5708333333333 317.18276501129816 315.3754666666667 1.0 315.3754666666667 1.0 1
86 0.25 nan 0.5 1.0 1.0 318.16613333333333 318.1672 318.4320666666667 317.60676666666666 319.9995696666667 318.2692 1.0 318.2692 1.0 1
87 0.125 nan 0.5 1.0 1.0 321.4662333333333 321.4671666666667 321.70506666666665 320.42446666666666 323.24959850719716 321.5817 1.0 321.5817 1.0 1
88 nan 0.0 0.5 1.0 -1.0 324.3324 324.33346666666665 324.57913333333335 323.6897 327.11560299999996 324.4141666666667 1.0 324.4141666666667 1.0 1
89 0.125 nan 0.5 1.0 1.0 328.2658666666667 328.2668 328.5696 327.5377 330.11613153288846 328.3902 -1.0 328.3902 -1.0 1
90 nan 0.25 0.2 -1.0 1.0 331.216 331.2171 331.47953333333334 330.54993333333334 332.9936353333333 331.3342333333333 -1.0 331.3342333333333 -1.0 1
91 nan 0.125 0.2 1.0 -1.0 334.8491 334.8500666666667 335.0344 333.4291333333333 337.5990665086946 334.9488333333333 -1.0 334.9488333333333 -1.0 1
92 nan 0.0625 0.2 -1.0 1.0 338.58276666666666 338.5837 338.79786666666666 338.03546666666665 340.3491696666667 338.7133 1.0 338.7133 1.0 1
93 nan 0.25 0.2 -1.0 1.0 341.33253333333334 341.3333333333333 341.52186666666665 340.7730666666667 343.0824967544058 341.42606666666666 1.0 341.42606666666666 1.0 1
94 nan 0.0 0.2 -1.0 1.0 343.98286666666667 343.9836666666667 344.3159 343.5138 345.865302 344.10636666666664 1.0 344.10636666666664 1.0 1
95 1.0 nan 0.2 1.0 1.0 347.03256666666664 347.03363333333334 347.2859 346.3048 348.8495304795192 347.2013333333333 -1.0 347.2013333333333 -1.0 1
96 nan 0.25 0.2 -1.0 1.0 349.7823666666667 349.7832666666667 349.9637333333333 349.2832333333333 351.51553533333333 349.86926666666665 1.0 349.86926666666665 1.0 1
97 1.0 nan 0.2 1.0 1.0 353.14913333333334 353.1372666666667 353.3759333333333 351.9510333333333 354.93263633333333 353.2636 -1.0 353.2636 -1.0 1
98 nan 0.0625 0.2 1.0 -1.0 356.0654 356.06623333333334 356.3899 355.37893333333335 358.9488659898484 356.17963333333336 -1.0 356.17963333333336 -1.0 1
99 nan 1.0 0.2 -1.0 1.0 360.1147 360.11553333333336 360.3161666666667 359.39146666666664 361.86579697222413 360.2436 1.0 360.2436 1.0 1
100 nan 1.0 0.2 -1.0 1.0 362.8491666666667 362.85016666666667 363.0463 362.3053 364.59900200000004 362.93756666666667 1.0 362.93756666666667 1.0 1
101 nan 0.0625 0.2 -1.0 1.0 365.7825 365.7835 365.9894 365.0335 367.549502 365.8921 1.0 365.8921 1.0 1
102 0.25 nan 0.2 1.0 1.0 369.31536666666665 369.31646666666666 369.5729333333333 367.9782 371.13223039908155 369.4676666666667 -1.0 369.4676666666667 -1.0 1
103 nan 1.0 0.2 -1.0 1.0 372.3983333333333 372.3994333333333 372.60293333333334 371.6802333333333 374.16526373011084 372.50556666666665 1.0 372.50556666666665 1.0 1
104 0.125 nan 0.2 1.0 1.0 375.5321666666667 375.5330666666667 375.8971666666667 374.59726666666666 377.4490696666667 375.68913333333336 -1.0 375.68913333333336 -1.0 1
105 nan 0.25 0.2 -1.0 1.0 378.6988333333333 378.6997 378.97456666666665 377.88596666666666 380.51539823564434 378.85656666666665 1.0 378.85656666666665 1.0 1
106 nan 0.125 0.2 -1.0 1.0 381.61563333333334 381.6167 381.8597 380.9539 383.415702 381.73336666666665 1.0 381.73336666666665 1.0 1
107 nan 0.125 0.2 -1.0 1.0 384.5652666666667 384.5664 384.8116 383.8494 386.365502 384.6707333333333 1.0 384.6707333333333 1.0 1
108 nan 0.0625 0.2 -1.0 1.0 388.29876666666667 388.29963333333336 394.13596666666666 386.8019 395.6820660935593 394.04903333333334 1.0 394.04903333333334 1.0 1
109 nan 1.0 0.2 -1.0 1.0 396.8820333333333 396.8532333333333 397.0864666666667 396.18496666666664 398.6485696666667 396.97243333333336 1.0 396.97243333333336 1.0 1
110 nan 0.25 0.2 -1.0 1.0 400.3486 400.34953333333334 400.5476 399.0851666666667 402.06849768767876 400.45803333333333 1.0 400.45803333333333 1.0 1
111 nan 1.0 0.2 -1.0 1.0 403.2486 403.2495333333333 403.4152 402.5118 404.965303 403.3297333333333 1.0 403.3297333333333 1.0 1
112 0.125 nan 0.2 1.0 1.0 410.2157 410.2168 410.50943333333333 405.4135 412.0653339799733 410.37556666666666 1.0 410.37556666666666 1.0 1
113 nan 1.0 0.2 -1.0 1.0 413.1657666666667 413.16676666666666 413.41566666666665 412.5706333333333 414.9646633293076 413.30676666666665 1.0 413.30676666666665 1.0 1
114 nan 0.0625 0.2 -1.0 1.0 416.03153333333336 416.03243333333336 416.81326666666666 415.52666666666664 418.3652686666666 416.15246666666667 1.0 416.535 -1.0 2
115 nan 0.125 0.2 -1.0 1.0 419.89756666666665 419.8987333333333 420.2003 418.80536666666666 421.748798615514 420.0917 1.0 420.0917 1.0 1
116 1.0 nan 0.2 1.0 1.0 422.8652 422.86603333333335 423.0882 422.1946 424.648403 423.0048 -1.0 423.0048 -1.0 1
117 nan 0.0625 0.2 1.0 -1.0 425.564 425.56503333333336 425.8787 425.0879 428.4486323232032 425.6854666666667 1.0 425.6854666666667 1.0 1
118 nan 1.0 0.2 -1.0 1.0 429.48216666666667 429.483 429.6739333333333 428.9082333333333 431.24853633333333 429.60226666666665 1.0 429.60226666666665 1.0 1
119 nan 0.125 0.2 -1.0 1.0 432.3151 432.31596666666667 432.58476666666667 431.68923333333333 434.1486645935629 432.4231 -1.0 432.4231 -1.0 1
120 nan 0.25 0.2 -1.0 1.0 435.24873333333335 435.24963333333335 435.48636666666664 434.5901666666667 437.03176966666666 435.37733333333335 1.0 435.37733333333335 1.0 1
121 nan 0.125 0.2 -1.0 1.0 439.2819666666667 439.283 439.524 437.4732666666667 441.0816992369538 439.4218666666667 1.0 439.4218666666667 1.0 1
122 nan 0.0 0.2 -1.0 1.0 442.0149333333333 442.0159 442.2255 441.5409 443.78170200000005 442.1145666666667 1.0 442.1145666666667 1.0 1
123 nan 0.25 0.2 -1.0 1.0 445.8310666666667 445.83186666666666 446.09273333333334 444.2323 447.6477313737379 445.969 1.0 445.969 1.0 1
124 0.0625 nan 0.2 -1.0 -1.0 448.7483 448.7492 448.9685333333333 448.10813333333334 451.50976471194025 448.8571 1.0 448.8571 1.0 1
125 nan 0.25 0.2 -1.0 1.0 452.5810333333333 452.58183333333335 452.76986666666664 451.9676666666667 454.31486866666665 452.6920333333333 1.0 452.6920333333333 1.0 1
126 0.0625 nan 0.2 -1.0 -1.0 455.5147333333333 455.5158 455.7624666666667 454.76846666666665 458.3148971189147 455.6652 1.0 455.6652 1.0 1
127 nan 0.0625 0.2 -1.0 1.0 459.5821 459.5831 459.8674 458.9233 461.415002 459.77776666666665 1.0 459.77776666666665 1.0 1
128 nan 0.125 0.2 -1.0 1.0 462.84776666666664 462.8487333333333 463.0909 461.8633 464.64833065936034 462.9997666666667 1.0 462.9997666666667 1.0 1
129 nan 0.0 0.2 -1.0 1.0 465.83023333333335 465.8314 466.0292333333333 465.1025333333333 467.5812353333334 465.9204 1.0 465.9204 1.0 1
130 nan 1.0 0.2 -1.0 1.0 468.56486666666666 468.5657 468.74393333333336 468.03313333333335 470.2983630972447 468.6635 1.0 468.6635 1.0 1
131 nan 0.0625 0.2 -1.0 1.0 471.8481 471.849 472.18916666666667 470.7527666666667 473.7318686666666 471.95306666666664 -1.0 471.95306666666664 -1.0 1
132 nan 0.125 0.2 -1.0 1.0 475.28153333333336 475.2823333333333 475.50256666666667 474.18066666666664 477.0641973385437 475.3874 1.0 475.3874 1.0 1
133 0.0625 nan 0.2 -1.0 -1.0 478.0981 478.099 478.36463333333336 477.533 480.931102 478.2312333333333 1.0 478.2312333333333 1.0 1
134 0.25 nan 0.2 1.0 1.0 482.03116666666665 482.03226666666666 482.3191 481.3774 483.8812301171265 482.1360666666667 1.0 482.1360666666667 1.0 1
135 0.0625 nan 0.2 1.0 1.0 484.915 484.9159 485.18983333333335 484.3457333333333 486.74803533333335 485.04266666666666 1.0 485.04266666666666 1.0 1
136 nan 0.0625 0.2 -1.0 1.0 487.69803333333334 487.6989 487.90163333333334 487.2178333333333 489.4650629752144 487.8102666666667 1.0 487.8102666666667 1.0 1
137 nan 0.125 0.2 -1.0 1.0 491.76466666666664 491.76553333333334 491.9864666666667 489.9277666666667 493.5312686666666 491.8983666666667 1.0 491.8983666666667 1.0 1
138 nan 0.125 0.2 -1.0 1.0 495.49693333333335 495.49783333333335 498.7262 494.00606666666664 500.2814005587931 498.2110333333333 -1.0 498.2110333333333 -1.0 1
139 nan 0.0625 0.2 -1.0 1.0 502.2644 502.2654333333333 502.65753333333333 500.7773 504.1971303988005 502.5147666666667 -1.0 502.5147666666667 -1.0 1
140 nan 1.0 0.2 -1.0 1.0 505.3813 505.3821 505.5822333333333 504.6709333333333 507.13093613276226 505.50196666666665 1.0 505.50196666666665 1.0 1
141 nan 0.125 0.2 -1.0 1.0 509.09753333333333 509.0987333333333 514.2037666666666 507.7481333333333 515.7470990204154 513.9962333333333 1.0 513.9962333333333 1.0 1
142 nan 1.0 0.2 -1.0 1.0 516.7973333333333 516.7983333333333 517.0135 516.2549 518.564103 516.9433 1.0 516.9433 1.0 1
143 0.25 nan 0.2 1.0 1.0 520.2304333333333 520.2313 520.4688 519.0152 522.0142318296371 520.3963333333334 -1.0 520.3963333333334 -1.0 1
144 nan 0.125 0.2 -1.0 1.0 523.3810333333333 523.3819333333333 523.5763333333333 522.4827333333334 525.1312353333334 523.4724333333334 1.0 523.4724333333334 1.0 1
145 nan 1.0 0.2 -1.0 1.0 526.3140333333333 526.3149333333333 526.4924333333333 525.5808333333333 528.0311635084113 526.3581666666666 1.0 526.3581666666666 1.0 1
146 0.0 nan 0.2 -1.0 -1.0 529.2309333333334 529.2319 533.7355333333334 528.4797666666667 536.2973999687524 533.6443666666667 1.0 533.6443666666667 1.0 1
147 nan 1.0 0.2 -1.0 1.0 537.4801 537.4811666666667 537.7194 536.8047 539.281002 537.6347 1.0 537.6347 1.0 1
148 nan 0.125 0.2 -1.0 1.0 541.5461 541.5051333333333 543.2321333333333 539.7551 544.797533371165 543.0783333333334 1.0 543.0783333333334 1.0 1
149 nan 0.0625 0.2 -1.0 1.0 546.764 546.7651 547.0845666666667 545.2893333333334 548.6301645325747 546.9017666666666 -1.0 546.9827 1.0 2
150 nan 0.25 0.2 -1.0 1.0 550.3142 550.3110666666666 550.7645666666666 549.1031666666667 552.3141686666667 550.4697333333334 1.0 550.7371666666667 1.0 2
151 0.25 nan 0.2 1.0 1.0 553.5304666666667 553.5313666666667 553.8098 552.7806666666667 555.3476979149142 553.6224333333333 1.0 553.6224333333333 1.0 1
152 nan 0.125 0.2 -1.0 1.0 556.2804 556.2813333333334 556.5627 555.8098 558.114203 556.3982333333333 -1.0 556.3982333333333 -1.0 1
153 nan 0.125 0.2 -1.0 1.0 562.8807 562.8816333333333 564.3868333333334 558.5716 565.9052641512762 564.1813 1.0 564.1813 1.0 1
154 nan 0.0 0.2 -1.0 1.0 567.1305666666667 567.1316 571.0999666666667 566.4380666666667 572.6640998038134 567.2808333333334 1.0 570.9164 -1.0 3
155 nan 0.25 0.2 -1.0 1.0 574.6472 574.6482 574.9527 573.3244 576.5137030000001 574.7682 -1.0 574.7682 -1.0 1
156 1.0 nan 0.2 1.0 1.0 577.7974 577.7681666666666 578.003 576.9878 579.5632312214295 577.9131666666667 -1.0 577.9131666666667 -1.0 1
157 nan 0.0625 0.2 -1.0 1.0 580.7471333333333 580.7481333333334 581.1417333333334 580.0297333333333 582.6972353333334 580.9471666666667 -1.0 580.9471666666667 -1.0 1
158 nan 0.0 0.2 1.0 -1.0 583.7633666666667 583.7644666666666 585.3301 583.1680333333334 587.879966486232 584.9107333333334 -1.0 584.9107333333334 -1.0 1
159 nan 0.25 0.2 -1.0 1.0 591.4637 591.4647333333334 591.7928 588.3769666666667 593.3454999555833 591.6700333333333 1.0 591.6700333333333 1.0 1
160 0.125 nan 0.2 1.0 1.0 595.5301666666667 595.5311 595.795 593.8449 597.347003 595.7088333333334 -1.0 595.7088333333334 -1.0 1
161 nan 0.125 0.2 -1.0 1.0 599.3811 599.382 599.6530333333334 597.8289 601.213332159046 599.5287 -1.0 599.5287 -1.0 1
162 nan 0.0 0.2 1.0 -1.0 602.3964333333333 602.3973 602.6296333333333 601.6978333333333 605.1636655635959 602.5085666666666 -1.0 602.5085666666666 -1.0 1
163 nan 1.0 0.2 -1.0 1.0 606.1134 606.1142666666667 606.3653666666667 605.6501666666667 607.9133696666667 606.287 1.0 606.287 1.0 1
164 0.0625 nan 0.2 1.0 1.0 609.5635 609.5645666666667 609.8275666666667 608.3948666666666 611.3634983712858 609.7323666666666 -1.0 609.7323666666666 -1.0 1
165 nan 0.25 0.2 -1.0 1.0 613.3636333333334 613.3645666666666 613.727 611.8422 615.264002 613.4803333333333 1.0 613.4803333333333 1.0 1
166 nan 0.0625 0.2 -1.0 1.0 616.2634666666667 616.2646 616.6293333333333 615.7524 618.1799308054935 616.4745666666666 1.0 616.4745666666666 1.0 1
167 nan 1.0 0.2 -1.0 1.0 620.1968666666667 620.1875 620.4119333333333 618.6625333333334 621.9345363333333 620.3255 1.0 620.3255 1.0 1
168 nan 1.0 0.2 -1.0 1.0 623.1134 623.1144666666667 623.3622666666666 622.4278333333333 624.9125643473477 623.221 -1.0 623.221 -1.0 1
169 nan 0.25 0.2 -1.0 1.0 626.3131333333333 626.3141333333333 626.6596666666667 625.3843666666667 628.2134686666667 626.5360666666667 1.0 626.5360666666667 1.0 1
170 nan 1.0 0.2 -1.0 1.0 629.2802 629.2811 633.3597 628.6833666666666 634.9128995293145 633.2452666666667 1.0 633.2452666666667 1.0 1
171 nan 0.25 0.2 -1.0 1.0 636.0132 636.0140666666666 641.4917333333333 635.4116 643.0464643911253 641.4167 1.0 641.4167 1.0 1
172 nan 0.25 0.2 -1.0 1.0 644.2116 644.2126333333333 645.8108666666667 643.5696666666666 647.3624686666667 645.2824666666667 1.0 645.2824666666667 1.0 1
173 nan 1.0 0.2 -1.0 1.0 648.3627333333334 648.3636 648.606 647.8651666666667 650.1626971592835 648.5229333333333 1.0 648.5229333333333 1.0 1
174 nan 0.25 0.2 -1.0 1.0 651.3627333333334 651.3635666666667 651.5995 650.6508 653.146002 651.5153666666666 1.0 651.5153666666666 1.0 1
175 nan 1.0 0.8 -1.0 1.0 655.4791666666666 655.4805333333334 656.6063333333333 653.6206 658.163132010848 656.3689333333333 1.0 656.3689333333333 1.0 1
176 0.0 nan 0.8 -1.0 -1.0 659.3617333333333 659.3628333333334 660.0621666666667 658.6660333333333 662.5960649559429 659.4804 -1.0 659.9931666666666 1.0 2
177 0.0625 nan 0.8 -1.0 -1.0 663.8130666666667 663.8141333333333 666.0894333333333 663.0883666666666 668.6457992087228 665.1425 -1.0 665.8813333333334 1.0 3
178 nan 0.0 0.8 -1.0 1.0 670.6617666666667 670.6627333333333 677.8156333333334 669.1537 679.3625336425431 676.8750666666666 -1.0 677.5895333333333 1.0 2
179 nan 0.0 0.8 1.0 -1.0 680.7450333333334 680.7459666666666 681.0399666666667 679.9080333333334 683.595864759242 680.9489666666667 -1.0 680.9489666666667 -1.0 1
180 0.0 nan 0.8 -1.0 -1.0 684.6961 684.6969333333333 686.4029333333333 684.0855666666666 688.9629998517914 686.2293666666667 1.0 686.2293666666667 1.0 1
181 0.0625 nan 0.8 -1.0 -1.0 689.9452666666666 689.9462333333333 690.6615666666667 689.4717 693.2128324570401 690.2293333333333 -1.0 690.4183666666667 1.0 2
182 1.0 nan 0.8 1.0 1.0 699.3613666666666 699.3625 699.7892666666667 693.7051333333334 701.3457674549384 699.6891 -1.0 699.6891 -1.0 1
183 0.25 nan 0.8 1.0 1.0 704.1632666666667 704.1097666666667 704.4058666666666 701.8887666666667 705.9619992862993 704.2984 1.0 704.2984 1.0 1
184 0.0625 nan 0.8 -1.0 -1.0 707.6459 707.6467333333334 712.0377 706.4727 714.6121332796467 711.3303666666667 -1.0 711.9010666666667 1.0 2
185 0.0 nan 0.8 1.0 1.0 716.6951666666666 716.6960666666666 716.9351333333333 715.1465333333333 718.4789629975344 716.8220333333334 -1.0 716.8220333333334 -1.0 1
186 1.0 nan 0.8 1.0 1.0 719.7624666666667 719.7636333333334 719.9524666666666 719.1618666666667 721.4957686666667 719.8781666666666 -1.0 719.8781666666666 -1.0 1
187 0.0 nan 0.8 1.0 1.0 723.1123666666666 723.1132666666666 723.3371666666667 721.9750666666666 724.8956972294527 723.2409666666666 -1.0 723.2409666666666 -1.0 1
188 0.0 nan 0.8 1.0 1.0 726.011 726.0119 726.1819 725.3835 727.728902 726.1161 -1.0 726.1161 -1.0 1
189 1.0 nan 0.8 1.0 1.0 728.8623 728.8632 729.11 728.2117 730.6620019999999 728.9834333333333 -1.0 728.9834333333333 -1.0 1
190 1.0 nan 0.8 1.0 1.0 732.1292 732.1302 732.2893333333334 731.1504 733.8420301421745 732.2170666666667 -1.0 732.2170666666667 -1.0 1
191 0.125 nan 0.8 1.0 1.0 735.0121333333333 735.0131666666666 735.4369333333333 734.3385333333333 736.9781363333333 735.3451 -1.0 735.3451 -1.0 1
192 0.0625 nan 0.8 1.0 1.0 737.9620666666667 737.9631333333333 738.2130666666667 737.4684333333333 739.7616639579584 738.0901 -1.0 738.0901 -1.0 1
193 0.0625 nan 0.8 1.0 1.0 740.8270666666666 740.8281 741.0808666666667 740.2355666666666 742.6288696666667 740.957 -1.0 740.957 -1.0 1
194 nan 0.25 0.8 -1.0 1.0 744.9940666666666 744.9950666666666 745.3561 743.1285666666666 746.9121990317508 745.2023666666666 1.0 745.2023666666666 1.0 1
195 0.0625 nan 0.8 1.0 1.0 748.0955333333334 748.0963666666667 749.0192 747.4235 750.5616307878138 748.7622333333334 -1.0 748.7622333333334 -1.0 1
196 0.25 nan 0.8 1.0 1.0 751.7952333333334 751.7963333333333 752.0287333333333 751.0571333333334 753.5789363333333 751.9052333333333 -1.0 751.9052333333333 -1.0 1
197 nan 0.0625 0.8 1.0 -1.0 754.7285666666667 754.7296333333334 755.3106333333334 754.0698333333333 757.8788658625485 754.8657666666667 -1.0 754.9802666666667 1.0 2
198 nan 0.0625 0.8 1.0 -1.0 759.0288 759.03 759.4432666666667 758.3695666666666 762.0120686666667 759.2252 -1.0 759.2252 -1.0 1
199 0.0 nan 0.8 -1.0 -1.0 763.0125666666667 763.0032333333334 766.4715333333334 762.5265666666667 769.0288304908318 766.3204333333333 1.0 766.3204333333333 1.0 1
200 nan 0.25 0.8 -1.0 1.0 770.0453333333334 770.0362 781.3780666666667 769.5381333333333 782.9290002140473 781.0973333333334 -1.0 781.0973333333334 -1.0 1
201 0.0 nan 0.8 -1.0 -1.0 787.9782666666666 787.9793666666667 799.3352666666667 783.513 801.8782985111434 791.1607333333334 -1.0 798.9615 1.0 4
202 0.0625 nan 0.8 1.0 1.0 804.3275333333333 804.3285666666667 810.4830333333333 802.5422 812.0447334879681 808.3609666666666 1.0 810.4005333333333 -1.0 4
203 0.125 nan 0.8 1.0 1.0 813.6444666666666 813.6455 831.2551333333333 812.6016333333333 832.7947655711573 813.8971 1.0 831.1685 -1.0 4
204 1.0 nan 0.8 1.0 1.0 835.5276 835.5286333333333 836.2899666666667 833.4297666666666 837.8279696666667 836.1985666666667 -1.0 836.1985666666667 -1.0 1
205 nan 0.25 0.2 1.0 -1.0 838.9113666666667 838.9122666666667 840.3659666666666 838.3361666666667 842.9113986752722 839.9792666666667 1.0 840.2939 -1.0 2
206 nan 0.25 0.2 -1.0 1.0 845.3942 845.3952 851.6375666666667 843.4183 853.1935650794526 851.5554666666667 1.0 851.5554666666667 1.0 1
207 0.125 nan 0.2 1.0 1.0 859.1271 859.1281 859.4836 853.7494666666666 861.0396993210803 859.3855333333333 -1.0 859.3855333333333 -1.0 1
208 nan 0.125 0.2 -1.0 1.0 864.2445 864.2454 871.8682666666666 861.6768 873.4267655353069 871.4918666666666 -1.0 871.8025666666666 1.0 2
209 nan 0.125 0.2 1.0 -1.0 874.5109666666667 874.5119666666667 874.7026333333333 874.0058666666666 877.2607975606037 874.3671666666667 -1.0 874.6403333333334 -1.0 3
210 nan 1.0 0.2 -1.0 1.0 879.7440333333333 879.7449666666666 880.037 877.7609 881.5938011224641 879.9211 1.0 879.9211 1.0 1
211 nan 0.0 0.2 1.0 -1.0 882.6107666666667 882.6115666666667 882.9342333333333 882.1287 885.477130869517 882.7661333333333 -1.0 882.7661333333333 -1.0 1
212 1.0 nan 0.2 1.0 1.0 886.5941 886.5898666666667 886.8080333333334 885.9775333333333 888.3428363333334 886.7349 -1.0 886.7349 -1.0 1
213 1.0 nan 0.2 1.0 1.0 889.3607666666667 889.3618333333334 889.5579666666666 888.8343333333333 891.0598626850774 889.4805666666666 -1.0 889.4805666666666 -1.0 1
214 nan 0.0625 0.2 1.0 -1.0 892.2604333333334 892.2614666666667 892.8941333333333 891.5465666666666 895.4441980039292 892.4083 1.0 892.4083 1.0 1
215 nan 1.0 0.2 -1.0 1.0 896.6774333333333 896.6784333333334 896.8949 895.9751 898.441902 896.8136 1.0 896.8136 1.0 1
216 nan 1.0 0.2 -1.0 1.0 900.7101666666666 900.7110666666666 900.9872 898.955 902.543731130257 900.8814333333333 1.0 900.8814333333333 1.0 1
217 0.0625 nan 0.2 -1.0 -1.0 903.6272333333334 903.6283666666667 903.8543666666667 903.0615333333334 906.4106353333334 903.7504333333334 -1.0 903.7504333333334 -1.0 1
218 nan 0.25 0.2 -1.0 1.0 907.5600333333333 907.561 907.8017333333333 906.9207333333334 909.3608629181984 907.6845 1.0 907.6845 1.0 1
219 nan 0.25 0.2 -1.0 1.0 911.2107666666667 911.2116333333333 911.4954666666666 909.8693666666667 913.0438686666666 911.3787666666667 1.0 911.3787666666667 1.0 1
220 nan 0.125 0.2 -1.0 1.0 914.2438 914.2449666666666 914.4105 913.5670666666666 915.9604961836766 914.3231333333333 1.0 914.3231333333333 1.0 1
221 nan 0.0625 0.2 1.0 -1.0 917.1602 917.1612666666666 917.4326 916.4664 919.994002 917.2702333333333 1.0 917.2702333333333 1.0 1
222 nan 0.0625 0.2 -1.0 1.0 921.0105 921.0069666666667 921.4319333333333 920.5042 922.9940298707099 921.2798 1.0 921.2798 1.0 1
223 nan 1.0 0.2 -1.0 1.0 924.0269 924.0278666666667 924.2524333333333 923.4820333333333 925.8106353333333 924.1719666666667 1.0 924.1719666666667 1.0 1
224 nan 1.0 0.2 -1.0 1.0 927.0109333333334 927.0118333333334 927.2144666666667 926.3123333333333 928.7763630109744 927.0939 1.0 927.0939 1.0 1
225 nan 0.25 0.2 -1.0 1.0 929.8766333333333 929.8775 930.1128666666667 929.2798666666666 931.6603686666666 930.0189333333333 1.0 930.0189333333333 1.0 1
226 nan 0.25 0.2 -1.0 1.0 932.6437 932.6448 932.8469666666666 932.1679666666666 934.410295836205 932.7416 1.0 932.7416 1.0 1
227 nan 1.0 0.2 -1.0 1.0 935.4104 935.4114333333333 935.8075 934.919 937.360502 935.5706333333334 1.0 935.5706333333334 1.0 1
228 nan 0.0625 0.2 -1.0 1.0 938.6608333333334 938.6617333333334 940.6743333333334 937.8827 942.2103317117258 940.5811 1.0 940.5811 1.0 1
229 nan 1.0 0.2 -1.0 1.0 943.2764666666667 943.2774 943.4643333333333 942.7378333333334 945.0261353333334 943.3865 1.0 943.3865 1.0 1
230 nan 0.0625 0.2 -1.0 1.0 946.0768666666667 946.078 946.4763666666666 945.5398333333334 948.0270629009112 946.1776333333333 1.0 946.1776333333333 1.0 1
231 nan 0.0625 0.2 -1.0 1.0 949.1599333333334 949.161 949.6037666666666 948.5472666666667 951.1601686666668 949.3160333333333 1.0 949.5855666666666 1.0 3
232 nan 0.125 0.2 -1.0 1.0 953.3600666666666 953.3609666666666 953.6783 951.6755666666667 955.226798678341 953.5575666666666 1.0 953.5575666666666 1.0 1
233 nan 1.0 0.2 -1.0 1.0 956.4101666666667 956.4112666666666 956.6651 955.7558 958.227403 956.5843666666667 1.0 956.5843666666667 1.0 1
234 nan 0.25 0.2 -1.0 1.0 959.2101333333334 959.2112333333333 959.4650333333333 958.7443 961.0104301861676 959.3556 1.0 959.3556 1.0 1
235 0.125 nan 0.2 1.0 1.0 962.2601333333333 962.2609 962.6994333333333 961.5228333333333 964.2599363333334 962.5012666666667 -1.0 962.6571333333334 -1.0 2
236 nan 0.125 0.2 1.0 -1.0 965.3261333333334 965.3272 965.5425 964.7843333333333 968.0931650578256 965.2669333333333 -1.0 965.2669333333333 -1.0 1
237 nan 0.25 0.2 -1.0 1.0 969.0934666666667 969.0945 975.754 968.6240666666666 977.3102322462087 971.5705 -1.0 975.6845 1.0 2
238 0.0625 nan 0.2 1.0 1.0 979.1766 979.1774 979.4203333333334 977.8775333333333 980.9764363333334 979.3472 -1.0 979.3472 -1.0 1
239 nan 1.0 0.2 -1.0 1.0 981.96 981.9610333333334 982.2580333333333 981.4997333333333 983.8098626240195 982.1340333333334 1.0 982.1340333333334 1.0 1
240 nan 1.0 0.2 -1.0 1.0 985.0764333333333 985.0773666666666 985.3782666666667 984.3213666666667 986.9431696666667 985.2888666666666 1.0 985.2888666666666 1.0 1
241 nan 0.0625 0.2 -1.0 1.0 988.0590333333333 988.06 990.8264 987.4576666666667 992.3932997434673 990.7236333333333 1.0 990.7236333333333 1.0 1
242 nan 0.125 0.2 -1.0 1.0 993.6253 993.6263 994.2057 992.9277 995.759302 993.852 -1.0 994.1832 1.0 2
243 nan 1.0 0.2 -1.0 1.0 997.0263 997.0272666666667 997.2460333333333 996.2997 998.7930295554744 997.1449666666666 1.0 997.1449666666666 1.0 1
244 nan 0.125 0.2 -1.0 1.0 1000.0097666666667 1000.0109 1000.3151333333333 999.3158333333333 1001.8599353333334 1000.2148666666667 1.0 1000.2148666666667 1.0 1
245 nan 0.0625 0.2 -1.0 1.0 1003.0096666666667 1003.0105333333333 1018.3040333333333 1002.3859333333334 1019.8595318560201 1018.0927 1.0 1018.0927 1.0 1
246 nan 0.125 0.2 -1.0 1.0 1022.1261333333333 1022.0854333333333 1030.7005 1020.4890333333333 1032.2424997615278 1030.408 1.0 1030.408 1.0 1
247 nan 1.0 0.2 -1.0 1.0 1033.5096666666666 1033.5106333333333 1033.8118 1032.8426 1035.375529682897 1033.6324666666667 -1.0 1033.6324666666667 -1.0 1
248 nan 0.0625 0.2 1.0 -1.0 1036.6425 1036.6432666666667 1037.0372666666667 1035.8925333333334 1039.5922363333334 1036.8208666666667 -1.0 1036.8208666666667 -1.0 1
249 0.125 nan 0.2 -1.0 -1.0 1040.5924666666667 1040.5935666666667 1043.2962333333332 1040.1190333333334 1045.859166793211 1043.1510333333333 1.0 1043.1510333333333 1.0 1
250 nan 0.25 0.2 -1.0 1.0 1047.0585333333333 1047.0595333333333 1047.4096 1046.4006666666667 1048.9755973511164 1047.3011333333334 1.0 1047.3011333333334 1.0 1
251 nan 0.125 0.2 -1.0 1.0 1050.1092666666666 1050.1101666666666 1051.0405 1049.501 1052.609303 1050.2712 -1.0 1050.9022666666667 1.0 2
252 nan 0.125 0.2 1.0 -1.0 1053.6259 1053.6268 1053.8784666666666 1053.1384 1056.4256316167232 1053.7538 -1.0 1053.7538 -1.0 1
253 nan 0.0625 0.2 1.0 -1.0 1057.6093 1057.6101 1058.0064333333332 1056.9674333333332 1060.559265338316 1057.7817 -1.0 1057.7817 -1.0 1
254 nan 0.125 0.2 -1.0 1.0 1061.7429666666667 1061.7444666666668 1062.0710666666666 1061.0952666666667 1063.6096696666666 1061.9649333333334 1.0 1061.9649333333334 1.0 1
255 nan 0.0625 0.2 -1.0 1.0 1064.6926 1064.6937 1065.1423666666667 1064.1444666666666 1066.6925961720856 1064.9099333333334 -1.0 1064.9099333333334 -1.0 1
256 nan 0.0 0.2 1.0 -1.0 1068.7584 1068.7593333333334 1076.6012666666666 1067.2325 1079.1422663850537 1076.5012 -1.0 1076.5012 -1.0 1
257 nan 0.0 0.2 -1.0 1.0 1080.4921333333334 1080.4932333333334 1088.487 1079.7588666666666 1090.042400134894 1088.3077666666666 -1.0 1088.3077666666666 -1.0 1
258 nan 0.25 0.2 -1.0 1.0 1091.2755333333334 1091.2538 1092.1781333333333 1090.6519 1093.74243039491 1092.0617666666667 1.0 1092.0617666666667 1.0 1
259 nan 0.125 0.2 -1.0 1.0 1094.8756666666666 1094.8767666666668 1095.7774333333334 1094.2799333333332 1097.3420627684745 1095.6395333333332 1.0 1095.6395333333332 1.0 1
260 nan 0.125 0.2 -1.0 1.0 1099.2255333333333 1099.2264 1103.9958 1097.8887666666667 1105.558600556838 1103.7441666666666 1.0 1103.9409333333333 1.0 2
261 nan 0.0 0.8 -1.0 1.0 1107.2424333333333 1107.2433333333333 1108.4726 1106.1462 1110.0086321592344 1108.0405 1.0 1108.1804666666667 -1.0 2
262 nan 0.25 0.8 -1.0 1.0 1111.242 1111.2429666666667 1112.6346333333333 1110.5615333333333 1114.1758363333333 1112.0922333333333 1.0 1112.0922333333333 1.0 1
263 0.25 nan 0.8 1.0 1.0 1115.5087333333333 1115.5096 1120.8894666666667 1114.7302333333334 1122.4249973638703 1120.3838 1.0 1120.5074666666667 -1.0 2
264 0.0625 nan 0.8 -1.0 -1.0 1124.9085666666667 1124.9095333333332 1125.5535 1123.0001 1128.0920316638462 1125.1257333333333 -1.0 1125.3648333333333 1.0 2
265 1.0 nan 0.8 1.0 1.0 1129.5579333333333 1129.5111333333334 1129.7594333333334 1128.9215333333334 1131.3256363333333 1129.6082 1.0 1129.6082 1.0 1
266 1.0 nan 0.8 1.0 1.0 1132.8748666666668 1132.8757666666668 1135.2789666666667 1131.8729333333333 1136.8420662597564 1135.0064666666667 -1.0 1135.1811666666667 -1.0 2
267 0.125 nan 0.8 -1.0 -1.0 1138.6249666666668 1138.6260666666667 1149.7869666666666 1137.4077666666667 1152.3418326117992 1144.7718 -1.0 1149.6953333333333 1.0 7
268 0.125 nan 0.8 -1.0 -1.0 1153.5926333333334 1153.5936 1176.5867333333333 1152.9774333333332 1179.1414984857154 1176.2284 1.0 1176.2284 1.0 1
269 0.25 nan 0.8 1.0 1.0 1180.7746333333334 1180.7757 1181.9756 1179.8699 1183.524802 1181.6830333333332 -1.0 1181.8922 -1.0 2
270 0.25 nan 0.8 1.0 1.0 1185.4567333333334 1185.4576666666667 1185.7213333333334 1184.0757 1187.274930282739 1185.6073333333334 -1.0 1185.6073333333334 -1.0 1
271 0.125 nan 0.8 -1.0 -1.0 1190.6068666666667 1190.6079333333332 1192.6149333333333 1187.8462333333334 1195.1747671838232 1191.2018 1.0 1191.4558333333334 -1.0 3
272 0.25 nan 0.8 -1.0 -1.0 1196.3408333333334 1196.3419 1198.4032 1195.7645666666667 1200.9572996758727 1198.2768333333333 1.0 1198.2768333333333 1.0 1
273 0.125 nan 0.8 -1.0 -1.0 1202.5745666666667 1202.5755 1204.7198666666666 1201.5325 1207.2742323784114 1203.0984333333333 1.0 1204.6749666666667 1.0 3
274 nan 0.25 0.8 -1.0 1.0 1208.5076666666666 1208.5088 1229.1141666666667 1207.8327333333334 1230.6735656667572 1228.9548333333332 1.0 1228.9548333333332 1.0 1
275 nan 0.125 0.8 -1.0 1.0 1232.0243666666668 1232.0252666666668 1234.5679666666667 1231.3799666666666 1236.124398410269 1233.1354666666666 1.0 1234.4268333333334 1.0 2
276 0.0625 nan 0.8 -1.0 -1.0 1237.8068666666666 1237.8079 1238.4019 1236.697 1240.9572019999998 1238.1302333333333 1.0 1238.1302333333333 1.0 1
277 0.0625 nan 0.8 -1.0 -1.0 1242.2073 1242.2082 1248.2558 1241.523 1250.8035655765086 1247.9645 1.0 1248.1497 1.0 2
278 0.125 nan 0.8 -1.0 -1.0 1252.5905333333333 1252.5914333333333 1265.4456666666667 1251.4101666666666 1267.9906657988772 1265.149 1.0 1265.149 1.0 1
279 0.25 nan 0.8 1.0 1.0 1270.1736 1270.1746333333333 1271.6857666666667 1268.6577666666667 1273.2570982283926 1270.5773 1.0 1271.5697666666667 -1.0 4
280 nan 1.0 0.8 -1.0 1.0 1274.4239333333333 1274.4249333333332 1277.8127 1273.8439 1279.3573322175414 1277.6571 1.0 1277.6571 1.0 1
281 1.0 nan 0.8 1.0 1.0 1280.7897 1280.7905333333333 1281.0001333333332 1279.9258333333332 1282.5327363333333 1280.9245666666666 -1.0 1280.9245666666666 -1.0 1
282 0.125 nan 0.8 -1.0 -1.0 1284.3072666666667 1284.3081666666667 1286.8628666666666 1283.0917333333334 1289.4071657935206 1284.5493 -1.0 1286.6383 1.0 4
283 0.0625 nan 0.8 -1.0 -1.0 1290.6567333333332 1290.6578 1293.5351 1290.0028666666667 1296.0901990606253 1293.3824666666667 1.0 1293.3824666666667 1.0 1
284 1.0 nan 0.8 1.0 1.0 1297.1897333333334 1297.1907333333334 1317.6794333333332 1296.6789 1319.24023224316 1317.0449333333333 -1.0 1317.5836666666667 -1.0 2
285 0.0625 nan 0.8 -1.0 -1.0 1320.5219 1320.5228666666667 1321.3435333333334 1319.9542333333334 1323.9068637248995 1321.1861 1.0 1321.1861 1.0 1
286 1.0 nan 0.8 1.0 1.0 1325.2396 1325.2405 1327.5344666666667 1324.7642666666666 1329.0899990872133 1327.0709666666667 -1.0 1327.3642666666667 -1.0 2
287 0.25 nan 0.8 1.0 1.0 1330.2732333333333 1330.2741333333333 1332.3729 1329.6653 1333.923203 1332.3029333333334 -1.0 1332.3029333333334 -1.0 1
288 0.25 nan 0.8 1.0 1.0 1334.9559666666667 1334.9567666666667 1343.4104666666667 1334.4925 1344.956264936911 1343.3081666666667 -1.0 1343.3081666666667 -1.0 1
289 nan 0.0 0.8 -1.0 1.0 1348.0564666666667 1348.0573333333334 1350.1435 1345.5763666666667 1351.6888990512746 1349.8695 1.0 1350.0221 1.0 2
290 nan 0.125 0.8 1.0 -1.0 1352.923 1352.9239333333333 1360.8039 1352.2821 1363.3726650520111 1360.7314333333334 -1.0 1360.7314333333334 -1.0 1
291 0.0 nan 0.8 -1.0 -1.0 1365.5229333333334 1365.5239 1366.7041666666667 1364.0084666666667 1369.27299867768 1365.6663333333333 1.0 1366.6224333333332 1.0 3
292 nan 0.25 0.8 1.0 -1.0 1370.3394 1370.3404666666668 1374.3407666666667 1369.8558 1376.9058337334302 1374.1819 -1.0 1374.1819 -1.0 1
293 nan 0.125 0.8 -1.0 1.0 1379.0559666666666 1379.0570666666667 1381.8176666666666 1377.5022333333334 1383.3731666579322 1380.3730333333333 1.0 1381.6763333333333 1.0 2
294 0.0 nan 0.8 -1.0 -1.0 1384.5894666666666 1384.5903666666666 1397.3916 1383.9556666666667 1399.9282656708438 1387.7501666666667 -1.0 1397.3702333333333 1.0 3
295 0.25 nan 0.8 -1.0 -1.0 1401.3221 1401.3232333333333 1403.9298666666666 1400.5930666666666 1406.4725999110237 1401.9855333333333 1.0 1403.8835666666666 1.0 2
296 0.125 nan 0.8 -1.0 -1.0 1407.6891666666668 1407.6901666666668 1408.8021666666666 1407.0731 1411.3560323751922 1408.6414666666667 1.0 1408.6414666666667 1.0 1
297 0.0625 nan 0.8 -1.0 -1.0 1412.4392666666668 1412.4401333333333 1414.2008 1411.9331333333334 1416.756266120468 1414.0147333333334 1.0 1414.0147333333334 1.0 1
298 1.0 nan 0.8 -1.0 -1.0 1418.0389666666667 1418.0401 1421.2450666666666 1417.3304666666668 1423.8054002059248 1421.0801333333334 1.0 1421.0801333333334 1.0 1
299 0.25 nan 0.8 -1.0 -1.0 1424.8726666666666 1424.8737 1425.2320333333332 1424.3978 1427.788503 1424.8302666666666 1.0 1425.0320666666667 1.0 3
300 nan 0.25 0.8 -1.0 1.0 1429.0222666666666 1429.0233333333333 1436.8157666666666 1428.3642 1438.3723657894398 1436.741 1.0 1436.741 1.0 1
301 0.25 nan 0.8 -1.0 -1.0 1440.8229 1440.8239 1442.6272333333334 1438.9903666666667 1445.1435000015776 1442.3631666666668 -1.0 1442.5684666666666 1.0 2
302 0.125 nan 0.8 -1.0 -1.0 1446.4721666666667 1446.4732 1452.7538 1445.7517 1455.2889655837682 1449.2764 1.0 1452.561 -1.0 2
303 0.0625 nan 0.8 -1.0 -1.0 1456.5720666666666 1456.5731 1458.0921 1455.9111666666668 1460.6549982109166 1457.8891333333333 1.0 1457.8891333333333 1.0 1
304 0.0625 nan 0.8 -1.0 -1.0 1463.2388666666666 1463.2397333333333 1470.572 1461.2634 1473.1215652351166 1470.3817333333334 -1.0 1470.3817333333334 -1.0 1
305 0.25 nan 0.8 -1.0 -1.0 1475.5050666666666 1475.5059333333334 1478.6769 1473.7650666666666 1481.2386994621504 1478.5509333333334 1.0 1478.5509333333334 1.0 1
306 0.0625 nan 0.8 -1.0 -1.0 1482.5884 1482.5895333333333 1482.6722 1481.8546 1485.222431419559 1482.5570666666667 1.0 1482.5570666666667 1.0 1
307 1.0 nan 0.8 1.0 1.0 1486.7553 1486.7561666666666 1487.1485333333333 1485.8047333333334 1488.7051363333333 1486.9391666666668 -1.0 1486.9391666666668 -1.0 1
308 0.0625 nan 0.8 -1.0 -1.0 1489.7710666666667 1489.7721333333334 1497.3594 1489.2958333333333 1499.9051992245202 1492.4888666666666 1.0 1496.9320666666667 1.0 3
309 0.125 nan 0.8 -1.0 -1.0 1501.2714 1501.2723666666666 1502.3697 1500.5421 1504.9222324587452 1502.2927666666667 1.0 1502.2927666666667 1.0 1
310 0.125 nan 0.8 -1.0 -1.0 1506.4048333333333 1506.406 1511.6166 1505.4983333333332 1514.1711674102949 1507.7890333333332 1.0 1511.3489 1.0 5
311 0.0 nan 0.8 -1.0 -1.0 1515.4715333333334 1515.4725666666666 1518.0375333333334 1514.8008666666667 1520.5880988418191 1517.8679666666667 1.0 1517.8679666666667 1.0 1
312 0.0625 nan 0.8 -1.0 -1.0 1521.6714666666667 1521.6608333333334 1547.2356 1521.1938 1549.7499642856037 1547.1208333333334 1.0 1547.1208333333334 1.0 1
313 0.25 nan 0.8 -1.0 -1.0 1551.0875666666666 1551.0885666666666 1552.9899 1550.5208666666667 1555.5379994914963 1552.8775333333333 1.0 1552.8775333333333 1.0 1
314 1.0 nan 0.8 1.0 1.0 1556.7880666666667 1556.7888666666668 1565.0751333333333 1556.1282 1566.6210657913002 1564.6565666666668 1.0 1564.8357 1.0 2
315 nan 1.0 0.2 -1.0 1.0 1567.8549666666668 1567.8244333333334 1569.3337666666666 1567.2686666666666 1570.8871696666668 1569.2395666666666 1.0 1569.2395666666666 1.0 1
316 nan 0.0 0.2 -1.0 1.0 1572.0876333333333 1572.0887333333333 1578.084 1571.4743666666666 1579.620930426103 1578.0009 1.0 1578.0009 1.0 1
317 nan 0.25 0.2 -1.0 1.0 1581.0041 1581.0049666666666 1581.5576333333333 1580.2682333333332 1583.1031353333335 1581.2808 1.0 1581.2808 1.0 1
318 nan 0.0625 0.2 -1.0 1.0 1584.9042333333334 1584.9052666666666 1590.6931666666667 1583.7006333333334 1592.237297368084 1590.4843 -1.0 1590.4843 -1.0 1
319 nan 1.0 0.2 -1.0 1.0 1593.6040333333333 1593.6048666666666 1594.0733 1592.8747 1595.637202 1593.8083 1.0 1593.8083 1.0 1
320 nan 1.0 0.2 -1.0 1.0 1597.0875666666666 1597.0885 1607.3246666666666 1596.2302 1608.8874653042099 1607.0863333333334 1.0 1607.0863333333334 1.0 1
321 nan 0.25 0.2 -1.0 1.0 1610.0373666666667 1610.0384 1611.1798 1609.5597666666667 1612.7372968562531 1611.0867 1.0 1611.0867 1.0 1
322 nan 0.0625 0.2 -1.0 1.0 1614.5702666666666 1614.5713666666666 1615.7327 1613.3171 1617.2871318956552 1615.6083333333333 1.0 1615.6083333333333 1.0 1
323 0.25 nan 0.2 -1.0 -1.0 1619.8872666666666 1619.8883 1621.6319666666666 1617.8968333333332 1624.1703666625283 1621.5553333333332 1.0 1621.5553333333332 1.0 1
324 0.125 nan 0.2 -1.0 -1.0 1625.3866666666668 1625.3876 1630.3102 1624.7917666666667 1632.852400611025 1630.1546 1.0 1630.1546 1.0 1
325 0.0625 nan 0.2 -1.0 -1.0 1634.2033666666666 1634.2041666666667 1634.5371666666667 1633.4747 1637.0872306079857 1634.4429333333333 1.0 1634.4429333333333 1.0 1
326 nan 0.125 0.2 -1.0 1.0 1638.3533666666667 1638.3164666666667 1641.8647666666666 1637.6839333333332 1643.420465460438 1641.7487666666666 1.0 1641.7487666666666 1.0 1
327 nan 1.0 0.2 -1.0 1.0 1644.5865 1644.5874333333334 1660.4939666666667 1644.0309666666667 1662.0537659464185 1660.2127333333333 -1.0 1660.2127333333333 -1.0 1
328 nan 0.125 0.2 -1.0 1.0 1663.5373333333334 1663.4746 1670.9148 1662.7501666666667 1672.4533999377622 1670.2557 1.0 1670.6782666666666 1.0 2
329 nan 1.0 0.2 -1.0 1.0 1674.6198666666667 1674.6208333333334 1675.2808333333332 1673.0933 1676.8199306300512 1675.1154333333334 1.0 1675.1154333333334 1.0 1
330 nan 1.0 0.2 -1.0 1.0 1678.3699333333334 1678.3712 1680.5091666666667 1677.4321333333332 1682.0532648067149 1680.3767333333333 1.0 1680.3767333333333 1.0 1
331 0.125 nan 0.2 1.0 1.0 1683.1529666666668 1683.1538 1689.2661 1682.6584666666668 1690.8201005958883 1689.1813 -1.0 1689.1813 -1.0 1
332 nan 0.0625 0.2 -1.0 1.0 1692.1365 1692.1373666666666 1692.3882333333333 1691.4545 1693.953229957342 1692.0833 1.0 1692.2131666666667 1.0 2
333 nan 0.0625 0.2 -1.0 1.0 1695.8201 1695.7807 1697.1716333333334 1694.5442333333333 1698.7188653345074 1697.0372333333332 1.0 1697.0372333333332 1.0 1
334 nan 0.0625 0.2 1.0 -1.0 1700.0698666666667 1700.071 1700.4829666666667 1699.3424666666667 1703.0361696666666 1700.2318333333333 1.0 1700.2318333333333 1.0 1
335 0.0625 nan 0.8 -1.0 -1.0 1704.9026333333334 1704.9036 1710.6002333333333 1703.6532666666667 1713.1534320751684 1710.4732333333334 1.0 1710.4732333333334 1.0 1
336 0.0 nan 0.8 -1.0 -1.0 1714.2695333333334 1714.2705333333333 1714.4665333333332 1713.8016333333333 1717.0197611759377 1714.3073666666667 1.0 1714.3073666666667 1.0 1
337 nan 0.125 0.8 -1.0 1.0 1719.1869 1719.1878333333334 1724.7121 1717.9525666666666 1726.2528996349383 1724.1582666666666 -1.0 1724.5783333333334 1.0 4
338 0.0625 nan 0.8 -1.0 -1.0 1732.0858 1732.0867 1733.1633666666667 1726.8868 1735.684864037492 1733.0676333333333 1.0 1733.0676333333333 1.0 1
339 0.125 nan 0.8 -1.0 -1.0 1736.8196 1736.8206666666667 1748.1335666666666 1736.3413666666668 1750.6849323705471 1748.0458333333333 1.0 1748.0458333333333 1.0 1
340 0.0 nan 0.8 -1.0 -1.0 1751.9022333333332 1751.9035333333334 1757.0998333333334 1751.3520333333333 1759.65256732525 1756.977 1.0 1756.977 1.0 1
341 0.0625 nan 0.8 -1.0 -1.0 1760.9184666666667 1760.9194666666667 1771.1347 1760.2796666666666 1773.685663893242 1770.9484 1.0 1770.9484 1.0 1
342 0.25 nan 0.8 -1.0 -1.0 1775.0525 1775.0533333333333 1776.7636666666667 1774.3576666666668 1779.3194993129111 1776.6527666666666 1.0 1776.6527666666666 1.0 1
343 nan 0.125 0.8 -1.0 1.0 1780.4190666666666 1780.4199666666666 1780.729 1779.9366 1782.2851019999998 1780.5922 1.0 1780.5922 1.0 1
344 nan 0.0625 0.8 -1.0 1.0 1783.6524 1783.6532666666667 1785.1467 1782.895 1786.7021306515398 1784.8884333333333 1.0 1785.0444 1.0 2
345 0.0625 nan 0.8 -1.0 -1.0 1787.9872 1787.9839 1794.2245333333333 1787.3242333333333 1796.7688664494149 1794.1508333333334 1.0 1794.1508333333334 1.0 1
346 0.0625 nan 0.8 -1.0 -1.0 1798.1522 1798.1531666666667 1800.8621333333333 1797.4418666666666 1803.4181987915858 1800.7045333333333 1.0 1800.7045333333333 1.0 1
347 0.25 nan 0.8 1.0 1.0 1805.2522 1805.2531 1805.6527333333333 1804.0547 1807.2023298953702 1805.4483333333333 -1.0 1805.4483333333333 -1.0 1
348 0.125 nan 0.8 -1.0 -1.0 1808.5517 1808.5527333333334 1810.7897 1807.8159333333333 1813.3352662322116 1810.7094 1.0 1810.7094 1.0 1
349 nan 0.25 0.8 -1.0 1.0 1814.4852333333333 1814.4860333333334 1816.6995666666667 1813.9692666666667 1818.2516978123338 1816.6029333333333 1.0 1816.6029333333333 1.0 1
350 nan 0.125 0.8 -1.0 1.0 1819.4687 1819.4699666666668 1821.8968 1818.867 1823.4522323252172 1819.9508333333333 1.0 1821.8049 1.0 2
351 1.0 nan 0.8 1.0 1.0 1825.2003333333334 1825.2012666666667 1826.7888333333333 1824.0789333333332 1828.3443363333333 1826.6430666666668 -1.0 1826.6430666666668 -1.0 1
352 0.0 nan 0.8 -1.0 -1.0 1830.8185333333333 1830.8195666666666 1835.4225333333334 1828.9705333333334 1837.9688983384256 1832.0567333333333 1.0 1835.3677666666667 1.0 2
353 1.0 nan 0.8 1.0 1.0 1839.2181333333333 1839.2191666666668 1839.4959 1838.6454 1841.052803 1839.2997 -1.0 1839.3759333333333 1.0 2
354 nan 0.125 0.8 -1.0 1.0 1843.2683666666667 1843.2694666666666 1843.6128333333334 1841.6781 1845.1680312190229 1843.5302 1.0 1843.5302 1.0 1
355 0.25 nan 0.8 -1.0 -1.0 1847.2684 1847.2694333333334 1848.6587333333334 1845.8005333333333 1851.201965122174 1848.5396 1.0 1848.5396 1.0 1
356 0.0625 nan 0.8 -1.0 -1.0 1852.3181666666667 1852.3190333333334 1855.3510333333334 1851.8446666666666 1857.851498684317 1855.0929666666666 -1.0 1855.0929666666666 -1.0 1
357 0.25 nan 0.8 -1.0 -1.0 1859.1682333333333 1859.1693333333333 1862.8993 1858.515 1865.4511324299083 1862.5954333333334 1.0 1862.7663666666667 1.0 2
358 0.125 nan 0.8 1.0 1.0 1866.6345333333334 1866.6356333333333 1894.7435 1866.1129333333333 1896.2850985714306 1867.0993333333333 -1.0 1894.3822333333333 -1.0 3
359 nan 1.0 0.8 -1.0 1.0 1898.0013666666666 1898.0026333333333 1898.5194333333334 1897.1087 1900.0677306013527 1898.1881666666666 1.0 1898.2998666666667 -1.0 2
360 nan 0.0625 0.8 1.0 -1.0 1901.2010666666667 1901.2019666666667 1901.4606333333334 1900.6822333333334 1904.0006363333332 1901.3330666666666 -1.0 1901.3330666666666 -1.0 1
361 0.125 nan 0.8 -1.0 -1.0 1905.3347 1905.3356 1905.6679333333334 1904.6311333333333 1908.2175646827766 1905.3942 1.0 1905.5727666666667 1.0 2
362 0.125 nan 0.8 -1.0 -1.0 1909.3007 1909.3015666666668 1911.2128666666667 1908.8480666666667 1913.750999168282 1910.9165666666668 1.0 1911.1417333333334 1.0 2
363 0.0625 nan 0.8 -1.0 -1.0 1915.2343666666666 1915.2351666666666 1916.4575 1914.3878 1919.0012322914479 1916.3459333333333 1.0 1916.3459333333333 1.0 1
364 nan 1.0 0.8 1.0 -1.0 1920.3341 1920.3278 1932.5020666666667 1919.6378333333334 1935.0508000069651 1925.7911 -1.0 1932.285 -1.0 2
365 0.0625 nan 0.8 -1.0 -1.0 1936.6011333333333 1936.602 1939.0553 1935.7753 1941.617760254209 1937.1742 1.0 1938.8503333333333 1.0 2
366 nan 0.125 0.8 1.0 -1.0 1943.1342666666667 1943.1352666666667 1950.2188666666666 1942.4614666666666 1952.767599900402 1950.1412 -1.0 1950.1412 -1.0 1
367 0.0 nan 0.8 -1.0 -1.0 1954.0337666666667 1954.0348333333334 1956.1341666666667 1953.4604 1958.683631679139 1954.2527 1.0 1956.1023 1.0 3
368 nan 0.125 0.2 -1.0 1.0 1960.6839666666667 1960.6848 1965.2228666666667 1959.3267333333333 1966.7669975378365 1965.1178666666667 1.0 1965.1178666666667 1.0 1
369 nan 0.0625 0.2 -1.0 1.0 1968.2673333333332 1968.2684 1970.706 1967.431 1972.2675020000001 1970.5153 1.0 1970.5153 1.0 1
370 nan 0.0 0.2 -1.0 1.0 1973.4174666666668 1973.4183666666668 1976.7383333333332 1972.9201 1978.300631706507 1976.4802333333334 1.0 1976.6439666666668 1.0 2
371 nan 0.25 0.2 -1.0 1.0 1981.3334 1981.3343 1983.1708666666666 1978.9575333333332 1984.7070662552846 1982.9685666666667 1.0 1982.9685666666667 1.0 1
372 1.0 nan 0.2 1.0 1.0 1985.9670333333333 1985.9679 1993.1341333333332 1985.3625666666667 1994.6837306752684 1993.0423 -1.0 1993.0423 -1.0 1
373 nan 1.0 0.2 -1.0 1.0 1995.9663333333333 1995.9671666666666 1997.3025333333333 1995.3839333333333 1998.8661645078646 1997.0325666666668 1.0 1997.1385333333333 1.0 2
374 nan 0.25 0.2 -1.0 1.0 2000.9169666666667 2000.9181333333333 2002.3174666666666 1999.5037666666667 2003.8669686666667 2002.0365666666667 1.0 2002.1971 1.0 2
375 nan 0.25 0.2 -1.0 1.0 2005.7161666666666 2005.7171 2010.0929 2004.5255666666667 2011.6331306051839 2009.9444333333333 1.0 2009.9444333333333 1.0 1
376 nan 0.125 0.2 -1.0 1.0 2012.8001 2012.8010333333334 2017.9997666666666 2012.3012333333334 2019.5462658434865 2017.7129333333332 1.0 2017.9386 1.0 2
377 nan 0.0 0.2 -1.0 1.0 2020.7835 2020.7843333333333 2022.2114666666666 2020.2166666666667 2023.7662969519256 2022.0166333333334 1.0 2022.0166333333334 1.0 1
378 nan 0.25 0.2 1.0 -1.0 2024.9165333333333 2024.9176333333332 2035.0838666666666 2024.3998 2037.632766211133 2034.9278333333334 -1.0 2034.9278333333334 -1.0 1
379 nan 0.0625 0.2 -1.0 1.0 2041.2333333333333 2041.2341666666666 2042.0039 2038.3561666666667 2043.5499991415747 2041.8401666666666 1.0 2041.8401666666666 1.0 1
380 nan 0.0 0.2 -1.0 1.0 2044.7165666666667 2044.7174666666667 2047.6151 2044.2299 2049.166831461026 2047.4543333333334 1.0 2047.4543333333334 1.0 1
381 0.0625 nan 0.2 -1.0 -1.0 2050.3163666666665 2050.3174 2057.8080333333332 2049.8157333333334 2060.3660978214257 2057.6402333333335 1.0 2057.6402333333335 1.0 1
382 nan 1.0 0.2 -1.0 1.0 2061.632833333333 2061.6336666666666 2065.8053 2061.0716 2067.366432117661 2065.5226 1.0 2065.6963666666666 1.0 2
383 nan 1.0 0.2 -1.0 1.0 2068.615566666667 2068.5929333333333 2069.1991333333335 2068.0385333333334 2070.7489353333335 2069.0972666666667 1.0 2069.0972666666667 1.0 1
384 0.125 nan 0.2 -1.0 -1.0 2072.2829 2072.2839 2074.4925333333335 2071.4004333333332 2077.0285650889796 2074.3128333333334 1.0 2074.3128333333334 1.0 1
385 nan 0.125 0.2 -1.0 1.0 2078.232466666667 2078.2335333333335 2093.0945666666667 2077.705266666667 2094.6497642465515 2092.930733333333 1.0 2092.930733333333 1.0 1
386 nan 1.0 0.2 -1.0 1.0 2096.0662333333335 2096.0670666666665 2104.0612333333333 2095.4333666666666 2105.616231022887 2103.9688666666666 1.0 2103.9688666666666 1.0 1
387 0.0625 nan 0.2 -1.0 -1.0 2107.0487333333335 2107.0496 2109.2256 2106.320133333333 2111.7821650245814 2108.7434 1.0 2109.1516666666666 1.0 2
388 0.0 nan 0.2 -1.0 -1.0 2113.0156333333334 2113.0165666666667 2113.8742 2112.4521666666665 2116.4320982696363 2113.745933333333 1.0 2113.745933333333 1.0 1
389 nan 1.0 0.2 -1.0 1.0 2117.6494 2117.6505333333334 2118.4502 2117.0903 2120.0158030000002 2118.1293 1.0 2118.1293 1.0 1
390 nan 0.25 0.2 -1.0 1.0 2121.8487 2121.849833333333 2154.2084 2120.6824 2155.765597013908 2125.0268666666666 1.0 2132.8614 1.0 3
391 nan 0.125 0.2 -1.0 1.0 2157.2313 2157.2208666666666 2162.0322333333334 2156.6626 2163.5990323159126 2161.4763333333335 -1.0 2161.9297666666666 1.0 3
392 nan 0.0625 0.2 1.0 -1.0 2165.2652333333335 2165.2028 2165.465133333333 2164.2894333333334 2168.005964593994 2165.3435666666664 -1.0 2165.3435666666664 -1.0 1
393 nan 1.0 0.2 -1.0 1.0 2169.1653 2169.1664333333333 2169.4760666666666 2168.6730666666667 2171.0320686666664 2169.342866666667 1.0 2169.342866666667 1.0 1
394 1.0 nan 0.2 1.0 1.0 2173.497966666667 2173.4990666666667 2175.9323 2171.6803666666665 2177.4439984518 2174.2265 -1.0 2175.8089 -1.0 3
395 nan 0.0625 0.2 -1.0 1.0 2178.631966666667 2178.6330333333335 2195.0096 2178.1306 2196.5485272835 2180.5567 1.0 2194.948533333333 1.0 3
396 1.0 nan 0.2 1.0 1.0 2198.9153 2198.916166666667 2199.8605333333335 2197.7319333333335 2201.4147363333336 2199.6610666666666 -1.0 2199.6610666666666 -1.0 1
397 nan 0.0625 0.2 -1.0 1.0 2202.5481 2202.5491333333334 2206.659866666667 2202.0788333333335 2208.215066327189 2203.5351666666666 -1.0 2206.6116333333334 1.0 5
398 nan 1.0 0.2 -1.0 1.0 2209.5971666666665 2209.5981 2210.4106 2208.8982666666666 2211.965197084491 2209.8261 1.0 2210.101 1.0 2
399 0.125 nan 0.2 -1.0 -1.0 2213.231366666667 2213.2324 2219.759666666667 2212.6269 2222.314964177908 2219.4806 1.0 2219.6413 1.0 2
400 nan 0.0625 0.2 -1.0 1.0 2224.5981 2224.5989666666665 2235.3445333333334 2223.014366666667 2236.8813576648895 2234.1642333333334 1.0 2235.2058 1.0 2
