DY_009 158d5d35-a2ab-4a76-87b0-51048c5d5283 danlab 2026-07-28T16:01:20.797097 _iblrig_tasks_ephysChoiceWorld6.2.5 M 362 401
0 1.0 nan 0.5 1.0 1.0 10.0987233600101 10.00943229001001 10.367029860010367 8.974602450008975 11.931733009210227 10.165983300010167 -1.0 10.165983300010167 -1.0 1
1 nan 0.125 0.5 -1.0 1.0 13.742892240013743 13.743725490013745 14.144318760014144 12.318034740012319 15.709227481958674 13.996333560013996 1.0 13.996333560013996 1.0 1
2 0.125 nan 0.5 1.0 1.0 16.83188331001683 16.833016530016835 17.101056390017103 16.087224450016087 18.659532165271358 16.97220261001697 -1.0 16.97220261001697 -1.0 1
3 1.0 nan 0.5 1.0 1.0 19.581874950019582 19.582974840019585 19.837849350019837 19.02173097001902 21.40945440434402 19.6987632600197 -1.0 19.6987632600197 -1.0 1
4 0.25 nan 0.5 1.0 1.0 22.831516620022832 22.832583180022834 23.163750060023165 21.774355680021774 24.731858677195618 22.987434360022988 -1.0 22.987434360022988 -1.0 1
5 1.0 nan 0.5 1.0 1.0 27.442722120027444 27.443855340027444 27.64956810002765 25.096156800025096 29.215173927471074 27.48181821002748 -1.0 27.48181821002748 -1.0 1
6 nan 0.125 0.5 -1.0 1.0 30.992200470030994 30.993133710030992 31.552277790031553 29.5970733300296 33.10921190808946 31.188080880031187 -1.0 31.286571030031286 1.0 2
7 nan 0.0625 0.5 -1.0 1.0 33.997866540033996 33.998733120034 34.46058693003446 33.52131420003352 36.02589961881819 34.2982365000343 1.0 34.2982365000343 1.0 1
8 0.0625 nan 0.5 1.0 1.0 36.88074489003688 36.88171146003688 37.36499646003737 36.38899407003639 38.925204789326486 37.25034126003725 -1.0 37.25034126003725 -1.0 1
9 nan 0.0625 0.5 -1.0 1.0 39.91470813003991 39.915641370039914 40.497116550040495 39.28900404003929 42.05892416486831 40.33023324004033 1.0 40.33023324004033 1.0 1
10 0.25 nan 0.5 1.0 1.0 43.181214780043184 43.18228134004318 43.677831780043675 42.41732451004242 45.242438952387715 43.38806076004339 -1.0 43.38806076004339 -1.0 1
11 nan 1.0 0.5 -1.0 1.0 46.0980897300461 46.0988896500461 46.47965157004648 45.60973857004561 48.0479578291134 46.2957366300463 1.0 46.2957366300463 1.0 1
12 nan 0.0 0.5 -1.0 1.0 49.00843200004901 49.00949856004901 50.03056311005003 48.411158400048414 51.59776873937333 49.361796660049365 1.0 49.92127404004992 1.0 2
13 0.0 nan 0.5 -1.0 -1.0 53.10915522005311 53.110121790053114 53.75342412005375 51.98396775005198 56.31448983194277 53.5997061600536 1.0 53.5997061600536 1.0 1
14 nan 0.25 0.5 -1.0 1.0 57.42562353005743 57.42672342005743 57.71889420005772 56.772488850056774 59.281002195526355 57.61000509005761 1.0 57.61000509005761 1.0 1
15 nan 1.0 0.5 -1.0 1.0 60.24154191006024 60.24267513006024 60.5016825600605 59.64240183005964 62.05829307771387 60.38389434006039 1.0 60.38389434006039 1.0 1
16 nan 0.25 0.5 -1.0 1.0 63.13061964006313 63.131619540063134 63.733892640063736 62.43298941006243 65.29759961434485 63.613304700063615 1.0 63.613304700063615 1.0 1
17 0.0625 nan 0.5 -1.0 -1.0 66.27527181006627 66.27623838006627 67.17654834006717 65.67319869006568 69.74182246610984 66.997899540067 1.0 66.997899540067 1.0 1
18 nan 0.0 0.5 -1.0 1.0 70.6979628300707 70.6988294100707 71.11962066007112 70.11272136007011 72.69182758968462 70.94613801007095 1.0 70.94613801007095 1.0 1
19 nan 1.0 0.5 -1.0 1.0 73.61423784007361 73.61513775007361 73.92534006007392 73.06402620007306 75.49754554684878 73.81535106007382 1.0 73.81535106007382 1.0 1
20 nan 0.0 0.5 1.0 -1.0 76.97490174007697 76.97573499007697 77.85341388007785 75.86414616007586 80.42467799003117 77.54047851007753 -1.0 77.75789010007776 -1.0 2
21 nan 0.25 0.5 -1.0 1.0 81.43058946008144 81.43168935008143 81.94737111008195 80.86957890008087 83.51387950585344 81.59237328008159 1.0 81.88351083008189 1.0 2
22 nan 0.0625 0.5 -1.0 1.0 84.37512831008438 84.37596156008438 87.36679578008737 83.88517731008389 88.92470217296376 87.06492597008706 1.0 87.06492597008706 1.0 1
23 0.25 nan 0.5 1.0 1.0 89.88034440008988 89.88121098008988 90.23740869009023 89.30540190008931 91.8085133835071 90.05949315009006 -1.0 90.05949315009006 -1.0 1
24 nan 0.25 0.5 -1.0 1.0 92.66349939009267 92.66449929009266 93.03212919009303 92.1956128500922 94.59723394156869 92.86974543009288 1.0 92.86974543009288 1.0 1
25 1.0 nan 0.5 1.0 1.0 95.45761995009546 95.45848653009546 95.71172787009571 94.97443494009498 97.28043567575692 95.6086715100956 -1.0 95.6086715100956 -1.0 1
26 0.0 nan 0.5 -1.0 -1.0 98.37412827009838 98.37509484009837 99.84341466009984 97.65553347009765 102.40775316122665 99.48958338009949 1.0 99.7002289800997 1.0 2
27 nan 0.0625 0.5 -1.0 1.0 103.43025594010344 103.43135583010343 103.91964033010392 102.79695261010279 105.49627181403137 103.63066923010363 1.0 103.63066923010363 1.0 1
28 nan 0.125 0.5 -1.0 1.0 106.49151645010649 106.4923163701065 107.32966596010733 105.93027258010594 108.89657238049247 107.13555204010714 1.0 107.13555204010714 1.0 1
29 nan 1.0 0.5 -1.0 1.0 110.02429647011003 110.02526304011003 110.77428813011078 109.28817009010929 112.34119324662282 110.5981390801106 1.0 110.5981390801106 1.0 1
30 1.0 nan 0.5 1.0 1.0 113.36332920011337 113.36419578011336 113.68539699011369 112.71689385011271 115.2468028176801 113.52401313011353 -1.0 113.52401313011353 -1.0 1
31 nan 0.125 0.5 -1.0 1.0 116.10738810011611 116.1085546501161 116.8015853401168 115.63620189011564 118.3631941085665 116.67539796011668 1.0 116.67539796011668 1.0 1
32 nan 1.0 0.5 -1.0 1.0 119.37432804011938 119.37549459011937 120.06812532012007 118.74749073011876 121.63032873678333 119.8956759001199 1.0 119.8956759001199 1.0 1
33 nan 0.0625 0.5 -1.0 1.0 122.6072380501226 122.6080713001226 123.22570953012323 122.01683043012201 124.79671828653227 122.93937150012295 1.0 122.93937150012295 1.0 1
34 nan 1.0 0.5 -1.0 1.0 125.67396468012568 125.67503124012568 126.30583482012631 125.17731435012517 127.87983748965245 126.05362671012605 1.0 126.26197254012627 1.0 2
35 1.0 nan 0.5 1.0 1.0 128.82434961012882 128.82531618012882 129.23814156012924 128.26853853012827 130.80744138786795 129.002965080129 -1.0 129.002965080129 -1.0 1
36 nan 0.0 0.5 -1.0 1.0 131.86284573013185 131.86394562013186 132.28517016013228 131.25813954013125 133.84107306014647 132.15904944013215 1.0 132.15904944013215 1.0 1
37 nan 0.125 0.5 -1.0 1.0 137.26287234013728 137.26387224013726 137.64836712013766 134.22867579013422 139.20757257953147 137.47668429013748 1.0 137.47668429013748 1.0 1
38 nan 0.125 0.5 -1.0 1.0 140.37909402014037 140.38016058014037 140.86507875014087 139.61787015013962 142.42358368354604 140.7058613401407 1.0 140.7058613401407 1.0 1
39 0.0625 nan 0.5 -1.0 -1.0 143.42988891014343 143.43078882014342 144.0784240501441 142.81928331014282 146.64089616758895 143.8147504201438 1.0 143.8147504201438 1.0 1
40 0.125 nan 0.5 1.0 1.0 148.22897562014822 148.23004218014825 148.4863165501485 147.03249528014703 150.04052018295667 148.3860599101484 -1.0 148.3860599101484 -1.0 1
41 0.0625 nan 0.5 -1.0 -1.0 151.12915224015114 151.12998549015114 151.94630385015193 150.43942122015045 154.51234178312544 151.6006050901516 1.0 151.6006050901516 1.0 1
42 nan 0.0625 0.5 1.0 -1.0 155.5904394001556 155.5915726201556 155.8942423501559 154.9022415601549 158.45684685203798 155.76178893015577 -1.0 155.76178893015577 -1.0 1
43 0.25 nan 0.5 1.0 1.0 160.56294210016057 160.56384201016056 160.85704602016085 158.86514523015887 162.4232522369995 160.73955777016073 -1.0 160.73955777016073 -1.0 1
44 0.0625 nan 0.5 -1.0 -1.0 163.31200050016332 163.3131337201633 165.85641270016586 162.8092507801628 168.41248307228395 165.68652969016568 1.0 165.68652969016568 1.0 1
45 nan 1.0 0.5 -1.0 1.0 169.35662931016935 169.35769587016935 169.70239473016971 168.81718326016883 171.2461019947587 169.52977866016954 1.0 169.52977866016954 1.0 1
46 1.0 nan 0.5 1.0 1.0 172.37359425017237 172.37466081017237 172.62420252017262 171.63440151017164 174.1789085005809 172.51508010017253 -1.0 172.51508010017253 -1.0 1
47 0.25 nan 0.5 1.0 1.0 175.24034088017524 175.24127412017523 175.54581033017556 174.57640728017458 177.11221389369962 175.4199895801754 -1.0 175.4199895801754 -1.0 1
48 1.0 nan 0.5 1.0 1.0 178.22347587017822 178.22457576017823 178.56360852017858 177.52251264017752 180.12331530950416 178.3859262901784 -1.0 178.3859262901784 -1.0 1
49 0.125 nan 0.5 1.0 1.0 182.71209363018272 182.71316019018272 183.00543096018302 180.5145134101805 184.57353449069075 182.8794435601829 -1.0 182.8794435601829 -1.0 1
50 0.125 nan 0.5 1.0 1.0 185.46221859018547 185.46311850018546 185.7841530601858 184.97123436018498 187.34565617974604 185.66339847018565 -1.0 185.66339847018565 -1.0 1
51 nan 0.125 0.5 1.0 -1.0 188.27280417018827 188.2737374101883 188.65139964018866 187.73985747018773 191.21197153402323 188.44208724018844 -1.0 188.44208724018844 -1.0 1
52 0.25 nan 0.5 1.0 1.0 193.00656408019302 193.007330670193 193.2966684001933 191.6051709001916 194.8619743187559 193.18401300019318 -1.0 193.18401300019318 -1.0 1
53 nan 0.25 0.5 -1.0 1.0 195.8062507501958 195.80728398019582 196.17548049019618 195.25557249019525 197.74548453305002 195.998164890196 1.0 195.998164890196 1.0 1
54 0.125 nan 0.5 1.0 1.0 198.82324902019883 198.8242489201988 199.1904789601992 198.13898412019813 200.76241352083403 199.05642570019907 -1.0 199.05642570019907 -1.0 1
55 0.25 nan 0.5 1.0 1.0 201.7063940102017 201.70752723020172 202.01399658020202 201.15681564020116 203.5785047423446 201.8862093602019 -1.0 201.8862093602019 -1.0 1
56 nan 0.25 0.5 -1.0 1.0 204.5898389702046 204.5908388702046 205.015329750205 203.97320064020397 206.57852369349337 204.83891406020484 1.0 204.83891406020484 1.0 1
57 0.0 nan 0.5 -1.0 -1.0 207.77288730020777 207.7737872102078 208.24643994020826 207.05702556020705 210.80614388538703 208.02572868020803 1.0 208.02572868020803 1.0 1
58 nan 0.0625 0.5 -1.0 1.0 212.7114267302127 212.7123933002127 213.10705383021312 211.2091436402112 214.67305776830878 212.997298140213 1.0 212.997298140213 1.0 1
59 nan 0.25 0.5 -1.0 1.0 215.6778633902157 215.67899661021568 216.3073671002163 215.07345717021508 217.87857056438472 215.8959082502159 1.0 216.22404210021622 1.0 2
60 0.0625 nan 0.5 -1.0 -1.0 219.85567890021986 219.85661214021985 220.33693077022033 218.27637018021827 222.91186758107344 220.17451368022017 1.0 220.17451368022017 1.0 1
61 nan 0.125 0.5 -1.0 1.0 223.87257717022388 223.87354374022388 224.33269782022433 223.32596517022333 225.88919869208337 224.1993111602242 1.0 224.1993111602242 1.0 1
62 0.0625 nan 0.5 1.0 1.0 226.94446995022696 226.94550318022695 227.37149391022737 226.2940016702263 228.9394005209176 227.23617411022724 -1.0 227.23617411022724 -1.0 1
63 0.0625 nan 0.5 1.0 1.0 229.8115165502298 229.8124497902298 234.84581307023484 229.34149689022934 236.41121603457546 230.31499953023032 -1.0 234.53954370023453 1.0 3
64 0.0 nan 0.5 1.0 1.0 237.55597536023757 237.55704192023757 238.1066202902381 236.82591504023682 239.67845196295428 237.8999409602379 -1.0 237.8999409602379 -1.0 1
65 0.25 nan 0.5 1.0 1.0 240.73899036024073 240.73999026024075 241.03366089024104 240.0923550302401 242.59466548134353 240.92373855024093 -1.0 240.92373855024093 -1.0 1
66 nan 0.0625 0.5 1.0 -1.0 243.67256364024368 243.67359687024367 243.97959960024397 242.994064830243 246.538869806368 243.83521404024384 -1.0 243.83521404024384 -1.0 1
67 nan 0.125 0.5 -1.0 1.0 249.54434307024954 249.54517632024954 249.96526764024998 246.96036816024696 251.52177158800632 249.75258891024976 1.0 249.75258891024976 1.0 1
68 0.0625 nan 0.5 1.0 1.0 252.67749639025268 252.6784629602527 252.990198450253 251.94426972025195 254.56119935019805 252.87194361025288 -1.0 252.87194361025288 -1.0 1
69 0.125 nan 0.5 1.0 1.0 255.6057368702556 255.6068034302556 255.97010043025597 254.95900155025495 257.54420494527534 255.82558155025583 -1.0 255.82558155025583 -1.0 1
70 0.125 nan 0.5 1.0 1.0 258.6885952202587 258.6897617702587 259.2054102002592 257.94260316025793 260.7778051007281 259.0488925202591 -1.0 259.0488925202591 -1.0 1
71 0.0 nan 0.5 1.0 1.0 262.005263520262 262.006330080262 262.3572283202624 261.27630309026125 263.92752970894077 262.2148758902622 -1.0 262.2148758902622 -1.0 1
72 1.0 nan 0.5 1.0 1.0 264.82214847026484 264.8232816902648 265.1057201102651 264.32613141026434 266.6607274214827 264.968200530265 -1.0 264.968200530265 -1.0 1
73 nan 1.0 0.5 -1.0 1.0 267.955301790268 267.956235030268 268.3022337602683 267.0627243902671 269.8942337645178 268.1740799102682 1.0 268.1740799102682 1.0 1
74 nan 0.25 0.5 -1.0 1.0 270.8884084502709 270.8895416702709 271.43315397027146 270.3111328502703 273.00505614471894 271.27183677027125 1.0 271.27183677027125 1.0 1
75 nan 1.0 0.5 -1.0 1.0 274.027827810274 274.028827710274 274.4217550802744 273.4106562002734 276.00545870295986 274.23074085027423 1.0 274.23074085027423 1.0 1
76 0.125 nan 0.5 1.0 1.0 277.0941211502771 277.0951210502771 277.3684603802774 276.4045567802764 278.96078988759007 277.26623727027726 -1.0 277.26623727027726 -1.0 1
77 0.0625 nan 0.5 -1.0 -1.0 280.05529167028004 280.0563915602801 280.6943944202807 279.3759929402794 283.2773978247683 280.5082797002805 1.0 280.5082797002805 1.0 1
78 nan 0.0625 0.5 1.0 -1.0 284.2051766402842 284.20600989028424 284.88067575028487 283.6770961202837 287.455202548819 284.6150356502846 -1.0 284.6150356502846 -1.0 1
79 nan 0.0625 0.5 -1.0 1.0 288.7107927002887 288.7116259502887 289.04572587028906 287.95980114028794 290.6266262221465 288.9041733602889 1.0 288.9041733602889 1.0 1
80 1.0 nan 0.5 1.0 1.0 291.6717299102917 291.67289646029167 291.97113330029197 291.02732769029103 293.55513588914545 291.81851523029184 -1.0 291.81851523029184 -1.0 1
81 nan 0.25 0.5 -1.0 1.0 294.72699102029475 294.7278576002947 295.1544482702952 293.95523487029396 296.74374832392834 294.91277244029493 1.0 294.91277244029493 1.0 1
82 nan 0.125 0.5 -1.0 1.0 297.7882848602978 297.7891514402978 298.35426159029834 297.1567480202972 299.94336158397556 298.21827519029824 1.0 298.21827519029824 1.0 1
83 nan 0.25 0.5 -1.0 1.0 300.92127153030094 300.92243808030094 301.3293640503013 300.3569613003004 302.9103668824198 301.1368499703011 1.0 301.1368499703011 1.0 1
84 nan 1.0 0.5 -1.0 1.0 304.0882881303041 304.0893880203041 304.40535642030443 303.3151654503033 305.9929890425427 304.2849684603043 1.0 304.2849684603043 1.0 1
85 0.25 nan 0.5 1.0 1.0 307.12158477030715 307.1223513603071 307.3957906803074 306.3994903203064 308.9716946390891 307.2986337303073 -1.0 307.2986337303073 -1.0 1
86 0.25 nan 0.5 1.0 1.0 309.95993424030996 309.96096747031 310.6242011403106 309.3723930003094 312.20470284258903 310.3975238103104 -1.0 310.3975238103104 -1.0 1
87 0.125 nan 0.5 1.0 1.0 313.2097758903132 313.21057581031323 313.81091577031384 312.61560198031265 315.3877067801105 313.4991136203135 -1.0 313.4991136203135 -1.0 1
88 nan 0.0 0.5 -1.0 1.0 316.6102024803166 316.6112023803166 317.1155186103171 315.9271041303159 318.6880192956546 316.8867748203169 1.0 316.8867748203169 1.0 1
89 0.125 nan 0.5 1.0 1.0 319.8768424503199 319.8778090203199 320.18144532032017 319.1084193003191 321.7600432491291 320.05662447032006 -1.0 320.05662447032006 -1.0 1
90 nan 0.25 0.2 1.0 -1.0 322.8878413203229 322.8887745603229 323.3344299903233 322.1866447803222 325.9097640619499 323.2006767003232 -1.0 323.2006767003232 -1.0 1
91 nan 0.125 0.2 -1.0 1.0 327.004562940327 327.00569616032703 327.37395933032735 326.3273640003263 328.95996252749063 327.2011766103272 1.0 327.2011766103272 1.0 1
92 nan 0.0625 0.2 -1.0 1.0 329.93733630032995 329.93833620032996 330.58257177033056 329.36715999032936 332.1597714676451 330.24303906033026 1.0 330.5082458703305 1.0 2
93 nan 0.25 0.2 -1.0 1.0 333.17081292033316 333.1716128403332 333.5963703603336 332.5907709303326 335.1709733381912 333.35979402033337 1.0 333.35979402033337 1.0 1
94 nan 0.0 0.2 -1.0 1.0 336.0931539903361 336.0942538803361 336.4230876603364 335.5973702403356 338.00978661590204 336.27060291033627 1.0 336.27060291033627 1.0 1
95 1.0 nan 0.2 1.0 1.0 339.18717789033917 339.1882111203392 339.4190880303394 338.4283871103384 340.987692495694 339.32923035033934 -1.0 339.32923035033934 -1.0 1
96 nan 0.25 0.2 -1.0 1.0 341.9264039403419 341.9271705303419 342.31919799034233 341.4003898803414 343.8875186423945 342.15091482034217 1.0 342.15091482034217 1.0 1
97 1.0 nan 0.2 1.0 1.0 345.009528930345 345.010462170345 345.2498049003452 344.4096222603444 346.82623890538383 345.15094812034516 -1.0 345.15094812034516 -1.0 1
98 nan 0.0625 0.2 -1.0 1.0 347.93740278034795 347.93840268034796 348.7917173403488 347.2379394003472 350.3708514635258 348.61800138034863 1.0 348.61800138034863 1.0 1
99 nan 1.0 0.2 -1.0 1.0 351.54274221035155 351.54367545035154 351.89264055035187 350.7901508103508 353.4761431841892 351.7097588403517 1.0 351.7097588403517 1.0 1
100 nan 1.0 0.2 -1.0 1.0 354.4708827003545 354.47198259035446 354.8707427103549 353.9013396603539 356.454272814912 354.7084589403547 1.0 354.7084589403547 1.0 1
101 nan 0.0625 0.2 -1.0 1.0 357.65929716035765 357.66026373035766 358.15988043035816 356.88227487035687 359.73678080347224 357.978265260358 1.0 357.978265260358 1.0 1
102 0.25 nan 0.2 1.0 1.0 360.8259804603608 360.8268803703608 361.2971666703613 360.16997940036015 362.8703710132026 361.1291834703611 -1.0 361.1291834703611 -1.0 1
103 nan 1.0 0.2 -1.0 1.0 364.04252544036405 364.04349201036405 364.4154881403644 363.28966740036327 365.98738854892713 364.24297206036425 1.0 364.24297206036425 1.0 1
104 0.125 nan 0.2 -1.0 -1.0 366.975765420367 366.97679865036696 367.38145818036736 366.4017894903664 369.95922315006754 367.23553944036723 1.0 367.23553944036723 1.0 1
105 nan 0.25 0.2 -1.0 1.0 371.02012761037105 371.02106085037104 371.5738055703716 370.3806249003704 373.1592095162012 371.43975231037143 1.0 371.43975231037143 1.0 1
106 nan 0.125 0.2 -1.0 1.0 374.25380421037426 374.25470412037424 374.6473315203747 373.5805048803736 376.2204187317138 374.4924470103745 1.0 374.4924470103745 1.0 1
107 nan 0.125 0.2 -1.0 1.0 377.5089453303775 377.50997856037753 378.1230505803781 376.7703192003768 379.7089478362683 377.8623433203779 1.0 377.8623433203779 1.0 1
108 nan 0.0625 0.2 -1.0 1.0 380.65346418038064 380.6545974003807 381.37575861038135 380.13194967038015 382.95315910694427 381.22917327038124 1.0 381.22917327038124 1.0 1
109 nan 1.0 0.2 -1.0 1.0 384.65859696038467 384.65953020038467 389.7815846103898 383.3793582303834 391.35908284286126 389.25550389038926 1.0 389.5028791503895 1.0 3
110 nan 0.25 0.2 -1.0 1.0 392.4865140903925 392.4874140003925 396.7930167303968 391.80638211039184 398.37541368480987 396.6542972703967 1.0 396.6542972703967 1.0 1
111 nan 1.0 0.2 -1.0 1.0 399.5867373303996 399.5876372403996 399.9633330004 398.82311370039884 401.54203225595916 399.7992827403998 1.0 399.7992827403998 1.0 1
112 0.125 nan 0.2 1.0 1.0 402.5194440304025 402.52061058040255 402.87524178040286 401.964832830402 404.4581418312874 402.74992098040275 -1.0 402.74992098040275 -1.0 1
113 nan 1.0 0.2 -1.0 1.0 405.5029789804055 405.5039122204055 405.989230350406 404.8940398804049 407.5754330291274 405.74358825040576 1.0 405.74358825040576 1.0 1
114 nan 0.0625 0.2 -1.0 1.0 408.5358756604085 408.53717553040855 412.3368621904123 407.996129640408 413.91976013100134 412.1999758804122 1.0 412.1999758804122 1.0 1
115 nan 0.125 0.2 -1.0 1.0 414.8418450004148 414.84274491041486 415.5619729804156 414.35626023041436 417.14117098656135 415.3607931004154 1.0 415.3607931004154 1.0 1
116 1.0 nan 0.2 1.0 1.0 418.21987383041824 418.2207070804182 418.5799711504186 417.5876703904176 420.15320096253316 418.3843907104184 -1.0 418.3843907104184 -1.0 1
117 nan 0.0625 0.2 -1.0 1.0 421.0748216404211 421.0756548904211 423.75618681042374 420.5867037904206 425.3420069614398 423.6087682204236 1.0 423.6087682204236 1.0 1
118 nan 1.0 0.2 -1.0 1.0 426.4859471404265 426.4869137104265 426.84851088042683 425.9064051004259 428.4247103918262 426.7123911604267 1.0 426.7123911604267 1.0 1
119 nan 0.125 0.2 -1.0 1.0 429.5022454804295 429.5031787204295 430.1073183004301 428.86740897042887 431.68621801751135 429.84347802042987 1.0 429.84347802042987 1.0 1
120 nan 0.25 0.2 -1.0 1.0 438.3911231704384 438.3920564104384 455.44921719045544 432.1304159704321 457.0075059096227 455.11348410045514 -1.0 455.2678353304553 1.0 2
121 nan 0.125 0.2 -1.0 1.0 459.3021985204593 459.30309843045933 463.6724614504637 457.56220587045755 465.2353578361663 463.57003836046357 1.0 463.57003836046357 1.0 1
122 nan 0.0 0.2 1.0 -1.0 469.65786285046966 469.6589294104697 480.1787773204802 465.6982588504657 482.7519037452952 479.2457373004793 1.0 479.44321755047946 1.0 3
123 nan 0.25 0.2 -1.0 1.0 483.8738077804839 483.8747410204839 489.01182726048904 483.25490301048325 490.5908556001384 488.5861365004886 1.0 488.67119466048865 -1.0 2
124 0.0625 nan 0.2 1.0 1.0 492.63503157049263 492.6359314804926 501.33479484050133 491.0598557704911 502.9071914401824 501.1807102505012 -1.0 501.1807102505012 -1.0 1
125 nan 0.25 0.2 -1.0 1.0 504.018326460504 504.01945968050404 504.53600802050454 503.3752907705034 506.1180056414597 504.35235972050435 1.0 504.35235972050435 1.0 1
126 0.0625 nan 0.2 -1.0 -1.0 507.1906425305072 507.1917424205072 513.0629885705131 506.55890571050656 515.634439141354 512.940734130513 1.0 512.940734130513 1.0 1
127 nan 0.0625 0.2 -1.0 1.0 516.9064375205169 516.9072707705169 517.4380510205175 516.2232391805162 519.0183495678118 517.1890425905171 1.0 517.1890425905171 1.0 1
128 nan 0.125 0.2 -1.0 1.0 520.1399474705202 520.1409140405201 520.7727508505208 519.4591488905195 522.3508507864482 520.6569624305207 1.0 520.6569624305207 1.0 1
129 nan 0.0 0.2 -1.0 1.0 523.6063674605236 523.6075340105236 531.3281952005314 522.7933487705228 532.9013905434791 531.1406806205312 1.0 531.1406806205312 1.0 1
130 nan 1.0 0.2 -1.0 1.0 533.939867340534 533.940700590534 534.2755004405343 533.3758904105334 535.8508993750843 534.1335813005342 1.0 534.1335813005342 1.0 1
131 nan 0.0625 0.2 -1.0 1.0 536.972964000537 536.973997230537 542.7920487005428 536.2934986205363 544.3725448405364 542.4057873305425 1.0 542.4057873305425 1.0 1
132 nan 0.125 0.2 -1.0 1.0 545.5002778505456 545.5012110905456 545.8959382805459 544.8256453205448 547.4729399924353 545.7340878005457 1.0 545.7340878005457 1.0 1
133 0.0625 nan 0.2 -1.0 -1.0 548.4839127905485 548.4848460305485 549.037824060549 547.910736780548 551.6174551354876 548.9020043105489 1.0 548.9020043105489 1.0 1
134 0.25 nan 0.2 1.0 1.0 552.7226888705527 552.7237887605527 553.3701574505534 552.060555090552 554.9392856212646 553.0560555305531 -1.0 553.2770667605533 -1.0 2
135 0.0625 nan 0.2 -1.0 -1.0 555.983529420556 555.984396000556 560.9426667905609 555.3962881505554 563.5167978124853 560.7838493405608 1.0 560.7838493405608 1.0 1
136 nan 0.0625 0.2 -1.0 1.0 564.4732470305645 564.4742802605645 565.2618015005653 563.981096250564 566.8394304306427 565.1100833405651 1.0 565.1100833405651 1.0 1
137 nan 0.125 0.2 -1.0 1.0 567.9337676105679 567.934567530568 572.3178291605723 567.2764333505672 573.9007586360672 572.0710871705721 1.0 572.0710871705721 1.0 1
138 nan 0.125 0.2 -1.0 1.0 574.938900360575 574.939833600575 575.3029639505753 574.3600582505744 576.8836507770493 575.1595116305751 1.0 575.1595116305751 1.0 1
139 nan 0.0625 0.2 -1.0 1.0 578.0899185605781 578.0907851405781 587.4206853905874 577.4767465505774 588.9887086593413 579.3296279105793 1.0 587.2307043905872 1.0 3
140 nan 1.0 0.2 -1.0 1.0 590.2335707405903 590.2346373005903 590.7011239805908 589.5137094005895 592.2720218984279 590.5492725005905 1.0 590.5492725005905 1.0 1
141 nan 0.125 0.2 -1.0 1.0 593.2330041005932 593.2339040105933 597.9468326705979 592.7245216205928 599.5000334447869 597.8353771505979 1.0 597.8353771505979 1.0 1
142 nan 1.0 0.2 -1.0 1.0 600.5053101306005 600.5061100506006 600.8961377106009 599.9523321006 602.4499671214156 600.7325874006008 1.0 600.7325874006008 1.0 1
143 0.25 nan 0.2 1.0 1.0 603.4382168106034 603.4390833906034 603.8716734606039 602.8961710206029 605.4389742300441 603.6353304306036 -1.0 603.6353304306036 -1.0 1
144 nan 0.125 0.2 -1.0 1.0 606.4331172906064 606.4340505306064 606.8463759606069 605.8816724406059 608.3996773617047 606.6697269606067 1.0 606.6697269606067 1.0 1
145 nan 1.0 0.2 -1.0 1.0 609.5885683806096 609.5893683006096 610.01549235061 608.8469758806089 611.566692652156 609.7887150306098 1.0 609.7887150306098 1.0 1
146 0.0 nan 0.2 1.0 1.0 612.7549183806127 612.7559516106128 613.2307041306133 612.008293050612 614.7830043855282 612.9379334106129 -1.0 612.9379334106129 -1.0 1
147 nan 1.0 0.2 -1.0 1.0 615.9220016406159 615.922901550616 616.3099961706163 615.2441027706152 617.8663992507929 616.1843754006162 1.0 616.1843754006162 1.0 1
148 nan 0.125 0.2 -1.0 1.0 619.0381233306191 619.039256550619 622.3109293506224 618.3082963206183 623.8662272874599 622.013059140622 1.0 622.013059140622 1.0 1
149 nan 0.0625 0.2 -1.0 1.0 624.8884049106249 624.8898047706249 628.3271610006283 624.3273276906243 629.8824575766893 628.0399230606281 1.0 628.0399230606281 1.0 1
150 nan 0.25 0.2 -1.0 1.0 630.9052698306309 630.9063697206309 631.4020534806314 630.3573579606303 632.966182143688 631.1682768606312 1.0 631.1682768606312 1.0 1
151 0.25 nan 0.2 1.0 1.0 634.1382798306341 634.1393463906342 634.5041765706345 633.4291840806335 636.0712776146559 634.3217281506343 -1.0 634.3217281506343 -1.0 1
152 nan 0.125 0.2 -1.0 1.0 636.999460350637 637.000293600637 637.7635839306378 636.5281741506366 639.3158831644812 637.5279408306376 1.0 637.5279408306376 1.0 1
153 nan 0.125 0.2 -1.0 1.0 640.2713331306403 640.2722663706403 640.8322103706408 639.7793823306398 642.3821075600916 640.6422960306406 1.0 640.6422960306406 1.0 1
154 nan 0.0 0.2 1.0 -1.0 643.5215747406435 643.5225413106435 644.0501885406441 642.8393096406428 646.6044215488098 643.7515850706437 -1.0 643.7515850706437 -1.0 1
155 nan 0.25 0.2 -1.0 1.0 647.5653036606476 647.5661369106476 648.0940174506482 647.0611207506471 649.649218607649 647.912235630648 1.0 647.912235630648 1.0 1
156 1.0 nan 0.2 1.0 1.0 650.7540514206507 650.7554512806507 651.0956505906511 650.1096158706501 652.6492468241017 650.9110023906509 -1.0 650.9110023906509 -1.0 1
157 nan 0.0625 0.2 -1.0 1.0 653.6543280306537 653.6553945906537 655.2645336606553 653.1015499806531 656.821264694248 655.0964171406551 1.0 655.0964171406551 1.0 1
158 nan 0.0 0.2 1.0 -1.0 657.8988702006579 657.9000034206579 659.6646936006597 657.2912643006573 662.2152913412108 659.4180182706594 1.0 659.4180182706594 1.0 1
159 nan 0.25 0.2 -1.0 1.0 663.2545012506632 663.2556678006632 663.7722828006638 662.6831917206626 665.3374827603976 663.5578709106636 1.0 663.5578709106636 1.0 1
160 0.125 nan 0.2 1.0 1.0 666.4324167606665 666.4335499806664 666.9483984906669 665.8120788006659 668.498496181971 666.6606939306666 -1.0 666.6606939306666 -1.0 1
161 nan 0.125 0.2 -1.0 1.0 669.6541945506697 669.6551611206696 670.0855180806701 668.964596850669 671.6547135871082 669.8627403606698 1.0 669.8627403606698 1.0 1
162 nan 0.0 0.2 -1.0 1.0 672.8154783906729 672.8164449606728 673.5379061406735 672.1245141606721 675.1035349662408 673.2546678006732 1.0 673.2546678006732 1.0 1
163 nan 1.0 0.2 -1.0 1.0 676.048355070676 676.0494216306761 676.3784220606764 675.5731359306756 677.9319241533684 676.2355696806762 1.0 676.2355696806762 1.0 1
164 0.0625 nan 0.2 -1.0 -1.0 679.0705861506791 679.071719370679 681.6359962506816 678.4049193906784 684.198157272876 681.4114853706814 1.0 681.4114853706814 1.0 1
165 nan 0.25 0.2 -1.0 1.0 686.4874443906865 686.4882776406865 686.8696728306869 684.6821582706847 688.4317690292061 686.6676597006867 1.0 686.6676597006867 1.0 1
166 nan 0.0625 0.2 -1.0 1.0 689.4204177306895 689.4212176506894 695.1142149606951 688.9161681606889 696.6646084832604 694.8919038606949 1.0 694.8919038606949 1.0 1
167 nan 1.0 0.2 -1.0 1.0 697.8535743306978 697.8544409106979 701.049321390701 697.1736090006972 702.6038186558554 700.903102680701 1.0 700.903102680701 1.0 1
168 nan 1.0 0.2 -1.0 1.0 703.7817147907037 703.7826813607038 704.0873175607042 703.0896173407031 705.6536451390549 703.933432950704 1.0 703.933432950704 1.0 1
169 nan 0.25 0.2 -1.0 1.0 706.7483514307067 706.7493180007068 707.0857510207071 706.1179478107061 708.6369496931983 706.931833080707 1.0 706.931833080707 1.0 1
170 nan 1.0 0.2 -1.0 1.0 709.7144547907097 709.7156213407097 714.5228739007146 709.1190476707092 716.0817686772075 713.9567971807139 1.0 714.5122749607145 1.0 2
171 nan 0.25 0.2 -1.0 1.0 717.2037057907172 717.2048390107173 717.5585703007175 716.5812680407166 719.1146975106122 717.4102184707174 1.0 717.4102184707174 1.0 1
172 nan 0.25 0.2 -1.0 1.0 720.2371357507202 720.2381356507202 720.6348959707207 719.5989995707196 722.2036954239577 720.4297831507205 1.0 720.4297831507205 1.0 1
173 nan 1.0 0.2 -1.0 1.0 723.1645763107232 723.1654428907232 723.5409053407235 722.6711923207226 725.0980015608067 723.3313263007234 1.0 723.3313263007234 1.0 1
174 nan 0.25 0.2 -1.0 1.0 726.3036290407263 726.3047289307264 726.7723155007268 725.5840010107256 728.3309119194616 726.5946666007266 1.0 726.5946666007266 1.0 1
175 nan 1.0 0.8 -1.0 1.0 729.5199740407295 729.5213405707295 729.99512652073 728.8123114807288 731.5535215754654 729.6707589607297 1.0 729.6707589607297 1.0 1
176 0.0 nan 0.8 -1.0 -1.0 732.7642829107327 732.7652828107327 733.4712788707335 732.049721040732 736.0308400412185 733.2796313707333 1.0 733.2796313707333 1.0 1
177 0.0625 nan 0.8 -1.0 -1.0 737.2695990007372 737.2705655707373 738.0882171307381 736.5248401507365 740.653376402149 737.5026756907375 1.0 738.051020850738 1.0 3
178 nan 0.0 0.8 -1.0 1.0 741.7976128207418 741.7985127307418 742.2261699607423 741.1413784507412 743.786280808324 741.989360310742 1.0 741.989360310742 1.0 1
179 nan 0.0 0.8 -1.0 1.0 746.4309161107465 746.4317826907464 753.6617262907537 744.4698789007444 755.2142192378319 746.5221403207465 1.0 753.1773747307532 1.0 3
180 0.0 nan 0.8 -1.0 -1.0 756.8359088407568 756.8369420707569 763.0352221807631 755.7335190907557 765.6031802701422 762.8996024107629 1.0 762.8996024107629 1.0 1
181 0.0625 nan 0.8 1.0 1.0 766.6138642807666 766.6148308507666 767.2380685207672 766.1102813107661 768.8192687825909 767.1057484207671 -1.0 767.1057484207671 -1.0 1
182 1.0 nan 0.8 1.0 1.0 769.93083255077 769.93176579077 770.1918731107702 769.2923630707693 771.7692955406974 770.08768353077 -1.0 770.08768353077 -1.0 1
183 0.25 nan 0.8 1.0 1.0 772.7974791907728 772.7987457307728 773.0849837707731 772.2602995807723 774.6692109483681 772.979127690773 -1.0 772.979127690773 -1.0 1
184 0.0625 nan 0.8 1.0 1.0 775.6966892407758 775.6976891407757 776.3209934707763 775.1593096507752 777.8970216901256 776.2201035607762 -1.0 776.2201035607762 -1.0 1
185 0.0 nan 0.8 1.0 1.0 779.0858169607791 779.0869835107791 787.4828438407875 778.3744214407784 789.052567533747 787.3625225407874 -1.0 787.3625225407874 -1.0 1
186 1.0 nan 0.8 1.0 1.0 791.7303857107918 791.7314856007918 792.0116575807921 789.5773677007896 793.5804845778474 791.8841370007918 -1.0 791.8841370007918 -1.0 1
187 0.0 nan 0.8 1.0 1.0 794.7689818207948 794.7700817107948 801.2528000408013 794.076384420794 802.8357928120425 801.1375115708012 -1.0 801.1375115708012 -1.0 1
188 0.0 nan 0.8 1.0 1.0 803.996825610804 803.997958830804 809.4305155208094 803.3411911808033 811.0021416354076 809.3062946108093 -1.0 809.3062946108093 -1.0 1
189 1.0 nan 0.8 1.0 1.0 812.0297555708121 812.0308554608121 812.4490469708124 811.4915427308115 814.0135431019376 812.2634988608123 -1.0 812.2634988608123 -1.0 1
190 1.0 nan 0.8 1.0 1.0 815.3853866408153 815.3864532008154 815.7752476508158 814.5107407808146 817.346772834739 815.6621922908157 -1.0 815.6621922908157 -1.0 1
191 0.125 nan 0.8 1.0 1.0 818.5185732908185 818.5194398708185 819.1123805708191 817.8257759108178 820.6849773580188 818.9400644708189 -1.0 818.9400644708189 -1.0 1
192 0.0625 nan 0.8 1.0 1.0 821.6797571408217 821.6807237108217 822.7982786108228 821.1769740908212 824.3632746115996 822.5792005208226 -1.0 822.7361514908227 -1.0 2
193 0.0625 nan 0.8 1.0 1.0 825.4849099208255 825.4860098108255 830.05351968083 824.8603723808249 831.62981134294 829.9411975808299 -1.0 829.9411975808299 -1.0 1
194 nan 0.25 0.8 -1.0 1.0 832.6679915408326 832.6688914508327 833.1975052508332 832.1294120708321 834.7685309269206 832.998725130833 1.0 832.998725130833 1.0 1
195 0.0625 nan 0.8 1.0 1.0 835.8458070608359 835.8468402908359 836.7726477008367 835.2623320808352 838.3460425854566 836.3436572708364 -1.0 836.7569826008367 -1.0 2
196 0.25 nan 0.8 1.0 1.0 839.3347248008394 839.3357913608394 839.9022347108399 838.8302419208388 841.4848595034108 839.7345514808397 -1.0 839.7345514808397 -1.0 1
197 nan 0.0625 0.8 1.0 -1.0 842.6460269708426 842.6470935308427 846.083049900846 841.978460400842 848.6459779780807 845.8662049208459 -1.0 845.8662049208459 -1.0 1
198 nan 0.0625 0.8 -1.0 1.0 849.8178097208498 849.8186763008498 851.0701844708511 849.1436771408491 852.6517090893708 850.5813666908506 1.0 850.914800010851 1.0 2
199 0.0 nan 0.8 1.0 1.0 853.6293618608537 853.6303284308536 858.5878326308585 853.1463101708531 860.1676267668415 857.956595760858 -1.0 857.956595760858 -1.0 1
200 nan 0.25 0.8 -1.0 1.0 861.1958051408612 861.1968383708612 862.000224690862 860.6771236808606 863.5842491155604 861.8751038708618 1.0 861.8751038708618 1.0 1
201 0.0 nan 0.8 -1.0 -1.0 864.6952218308647 864.6961217408647 868.1160797108681 864.0699510308641 870.6792738806906 867.9356977508679 1.0 867.9356977508679 1.0 1
202 0.0625 nan 0.8 -1.0 -1.0 871.6840228808717 871.6850227808717 872.3706875408724 871.1887724108713 874.945680571031 872.1446768108722 1.0 872.1446768108722 1.0 1
203 0.125 nan 0.8 1.0 1.0 875.967527820876 875.9686277108759 876.5241721508766 875.4517794008755 878.0949977992922 876.3909188108764 -1.0 876.3909188108764 -1.0 1
204 1.0 nan 0.8 1.0 1.0 879.1175794508791 879.1186126808791 879.3663879008794 878.5900988708786 880.9290145461125 879.2739638108793 -1.0 879.2739638108793 -1.0 1
205 nan 0.25 0.2 -1.0 1.0 882.034154430882 882.0352209908821 887.6496261608877 881.4241154408815 889.2175521608982 887.4275150408874 1.0 887.4275150408874 1.0 1
206 nan 0.25 0.2 -1.0 1.0 890.4786765608904 890.4797764508905 891.5269383908916 889.7203524008897 893.1006648654959 891.2570653808913 1.0 891.2570653808913 1.0 1
207 0.125 nan 0.2 1.0 1.0 894.2617982108943 894.2627314508943 898.1662743908981 893.5998644108936 899.7284698501949 897.5090067908975 1.0 897.951695850898 1.0 2
208 nan 0.125 0.2 1.0 -1.0 900.7505826009008 900.7516158309007 914.2714303809142 900.2286681309002 916.8501512692781 914.1385436709141 -1.0 914.1385436709141 -1.0 1
209 nan 0.125 0.2 -1.0 1.0 917.9110663809179 917.9120329509179 918.4605447609184 917.3892519009174 920.0334699212873 918.3166924809183 1.0 918.3166924809183 1.0 1
210 nan 1.0 0.2 -1.0 1.0 921.2948946309212 921.2959945209213 921.6166624509216 920.5318709409205 923.1950694009199 921.4942746909215 1.0 921.4942746909215 1.0 1
211 nan 0.0 0.2 -1.0 1.0 924.4003173909244 924.4012839609244 925.0606846809251 923.9097664509239 926.6334770929157 924.8848356009249 1.0 924.8848356009249 1.0 1
212 1.0 nan 0.2 1.0 1.0 927.7949112309278 927.7959111309278 928.0445862609281 927.1402767009272 929.6168804050899 927.943029750928 -1.0 927.943029750928 -1.0 1
213 1.0 nan 0.2 1.0 1.0 930.6781562109306 930.6791894409307 931.1262114009311 930.1194787509302 932.6949017070946 930.9296977209309 -1.0 930.9296977209309 -1.0 1
214 nan 0.0625 0.2 -1.0 1.0 933.9334306509339 933.934497210934 934.5424030809346 933.2017038309332 936.1165279323092 934.3682538309343 1.0 934.3682538309343 1.0 1
215 nan 1.0 0.2 -1.0 1.0 937.3279911609374 937.3287577509374 937.7143191909378 936.6205285809366 939.2831167625743 937.5477691809375 1.0 937.5477691809375 1.0 1
216 nan 1.0 0.2 -1.0 1.0 940.4942411709405 940.4954077209405 940.8664372809409 939.7844121609398 942.4499289585008 940.6787893809407 1.0 940.6787893809407 1.0 1
217 0.0625 nan 0.2 -1.0 -1.0 943.5275711409436 943.5286710309435 944.9319973509449 942.9421296909429 947.4946562633193 944.5925979609447 1.0 944.5925979609447 1.0 1
218 nan 0.25 0.2 -1.0 1.0 948.6664572009487 948.6676237509487 949.6691569209497 948.001857000948 951.2490812712965 949.4926412409495 1.0 949.4926412409495 1.0 1
219 nan 0.25 0.2 -1.0 1.0 952.2438327609523 952.2448993209523 952.917865350953 951.7447826709517 954.4942917795469 952.7941777209528 1.0 952.7941777209528 1.0 1
220 nan 0.125 0.2 -1.0 1.0 955.6822555509557 955.6831887909557 961.0874149809611 954.993791070955 962.6664056589715 960.911999190961 1.0 960.911999190961 1.0 1
221 nan 0.0625 0.2 -1.0 1.0 963.8942009409639 963.895067520964 970.3973505609704 963.1918045209632 971.9609415819064 970.2117357909702 1.0 970.2117357909702 1.0 1
222 nan 0.0625 0.2 -1.0 1.0 973.015755360973 973.016621940973 973.5058730109735 972.4859416809725 975.082962257826 973.3471888809734 1.0 973.3471888809734 1.0 1
223 nan 1.0 0.2 -1.0 1.0 976.1607408309761 976.1615740809762 983.5143054009835 975.5964639309756 985.0771948950687 983.2746627009833 1.0 983.4632438409835 1.0 2
224 nan 1.0 0.2 -1.0 1.0 986.3325235509864 986.3334234609863 986.7076193709867 985.6224945609856 988.2822096296869 986.5206047409865 1.0 986.5206047409865 1.0 1
225 nan 0.25 0.2 -1.0 1.0 989.6936874009897 989.6947206309897 996.3513549009964 988.7994101709888 997.9324444271507 996.1941039609962 1.0 996.1941039609962 1.0 1
226 nan 0.25 0.2 -1.0 1.0 998.9437956309989 998.944595550999 999.4925740809995 998.4573442809984 1001.0603659545909 999.3553544709994 1.0 999.3553544709994 1.0 1
227 nan 1.0 0.2 -1.0 1.0 1002.065616751002 1002.066549991002 1002.8488717510029 1001.5672665910016 1004.4154760938266 1002.5707329010025 1.0 1002.5707329010025 1.0 1
228 nan 0.0625 0.2 -1.0 1.0 1005.6263606410056 1005.6271938910056 1011.8287070110118 1005.1394760010052 1013.3935301315523 1011.6869211910117 1.0 1011.6869211910117 1.0 1
229 nan 1.0 0.2 -1.0 1.0 1014.4650100210145 1014.4660765810145 1018.6905207610187 1013.9175314410139 1020.242947133286 1018.5975633910186 1.0 1018.5975633910186 1.0 1
230 nan 0.0625 0.2 -1.0 1.0 1021.3147916410213 1021.3156248910213 1027.8228741010278 1020.7685462710208 1029.381765239379 1027.6851545410277 1.0 1027.6851545410277 1.0 1
231 nan 0.0625 0.2 -1.0 1.0 1030.5265370410305 1030.5275036110306 1031.5435686610315 1029.92066430103 1033.0984920790675 1031.3961834010313 1.0 1031.3961834010313 1.0 1
232 nan 0.125 0.2 -1.0 1.0 1034.2928937010342 1034.2941602410342 1037.5792983610377 1033.6201943110336 1039.125923632856 1037.3177578510374 1.0 1037.3177578510374 1.0 1
233 nan 1.0 0.2 -1.0 1.0 1040.3317230910404 1040.3326896610404 1052.3447550010524 1039.6535242510397 1053.9095755529847 1052.1512076910522 1.0 1052.1512076910522 1.0 1
234 nan 0.25 0.2 -1.0 1.0 1054.964626321055 1054.965526231055 1066.1741052610662 1054.4728755010544 1067.7480263491327 1066.0654827910662 1.0 1066.0654827910662 1.0 1
235 0.125 nan 0.2 -1.0 -1.0 1069.059316711069 1069.060316611069 1073.4672758710735 1068.3062253610683 1076.0474632642806 1073.2904602210733 1.0 1073.2904602210733 1.0 1
236 nan 0.125 0.2 -1.0 1.0 1077.141741721077 1077.142541641077 1081.7299828510818 1076.5879637710766 1083.2974758973874 1081.5257032810816 1.0 1081.5257032810816 1.0 1
237 nan 0.25 0.2 -1.0 1.0 1084.3088916010843 1084.3097915110843 1092.3117245710923 1083.8221736110838 1093.8809134345386 1092.1869370510922 1.0 1092.1869370510922 1.0 1
238 0.0625 nan 0.2 -1.0 -1.0 1094.975258191095 1094.976324751095 1105.4168472611054 1094.4225134710944 1107.991368082437 1105.1779044911052 1.0 1105.1779044911052 1.0 1
239 nan 1.0 0.2 -1.0 1.0 1109.030552521109 1109.031452431109 1109.6413914311097 1108.5403682111084 1111.2136812176464 1109.3762846111094 1.0 1109.3762846111094 1.0 1
240 nan 1.0 0.2 -1.0 1.0 1114.8084080111148 1114.8093745811148 1167.1087107911671 1111.7415813911118 1168.6796138883562 1166.4610089011665 1.0 1167.030251971167 1.0 2
241 nan 0.0625 0.2 -1.0 1.0 1171.057649191171 1171.058582431171 1177.3362546011774 1169.4016148111693 1178.913172597917 1176.7464135911769 -1.0 1176.7464135911769 -1.0 1
242 nan 0.125 0.2 -1.0 1.0 1180.17380415118 1180.1748040511802 1184.1958685711843 1179.4763739011794 1185.7624920871892 1183.862968531184 -1.0 1184.000754751184 1.0 2
243 nan 1.0 0.2 -1.0 1.0 1189.1234424311892 1189.124342341189 1189.6392908411897 1186.2999914711863 1191.2074123126074 1189.3828164911895 1.0 1189.3828164911895 1.0 1
244 nan 0.125 0.2 1.0 -1.0 1192.4628084611925 1192.4639750111926 1218.3352876212184 1191.7566124211917 1220.9065357689371 1218.2400304812184 -1.0 1218.2400304812184 -1.0 1
245 nan 0.0625 0.2 -1.0 1.0 1222.1619382512222 1222.1629714812223 1233.984089251234 1221.5148363012215 1235.5566751175754 1233.7132830012338 1.0 1233.923461981234 1.0 2
246 nan 0.125 0.2 -1.0 1.0 1237.1783031312373 1237.1794030212372 1242.880599511243 1236.1301746212362 1244.4449212999175 1242.6253917012427 1.0 1242.6253917012427 1.0 1
247 nan 1.0 0.2 -1.0 1.0 1245.6562552512457 1245.6572884812456 1246.1965345512463 1244.986722211245 1247.7618268505198 1245.8915650512458 1.0 1246.1709037812461 1.0 2
248 nan 0.0625 0.2 -1.0 1.0 1249.0396835412491 1249.0406167812491 1255.8357705312558 1248.2883253512482 1257.4115568423172 1255.2125995212552 1.0 1255.5235350912556 1.0 2
249 0.125 nan 0.2 -1.0 -1.0 1258.4392434912584 1258.4401100712585 1268.7906415812688 1257.974256661258 1271.3561289745344 1268.6591547312687 1.0 1268.6591547312687 1.0 1
250 nan 0.25 0.2 -1.0 1.0 1272.5615311212725 1272.5625976812726 1273.1579381412732 1271.907429871272 1274.7226292521318 1272.8056067112727 1.0 1272.988221781273 1.0 2
251 nan 0.125 0.2 -1.0 1.0 1277.144739421277 1277.145539341277 1288.5318006012885 1275.2717267412752 1290.0945875893794 1288.4492421912885 1.0 1288.4492421912885 1.0 1
252 nan 0.125 0.2 -1.0 1.0 1291.1723031912911 1291.1733364212912 1295.1689034912952 1290.6592878312906 1296.744222516175 1294.963557361295 1.0 1294.963557361295 1.0 1
253 nan 0.0625 0.2 -1.0 1.0 1297.955158171298 1297.956258061298 1305.5608641913057 1297.3018235112972 1307.1218528222116 1305.2590610413054 1.0 1305.2590610413054 1.0 1
254 nan 0.125 0.2 -1.0 1.0 1308.3607841713083 1308.3618507313083 1314.1629039013142 1307.6788523713076 1315.727191525242 1314.024517741314 1.0 1314.024517741314 1.0 1
255 nan 0.0625 0.2 1.0 -1.0 1316.8554346213168 1316.8563678613168 1325.3279206213253 1316.2808920813163 1327.9106398030829 1323.5555312113236 1.0 1324.7239143613247 1.0 4
256 nan 0.0 0.2 1.0 -1.0 1329.1216412113292 1329.1225744513292 1332.988521151333 1328.4672399913284 1335.5715733828042 1332.8872312813328 -1.0 1332.8872312813328 -1.0 1
257 nan 0.0 0.2 1.0 -1.0 1336.8771989113368 1336.8780988213368 1340.3234209213404 1336.1279738413361 1342.9046077987066 1340.18290164134 -1.0 1340.18290164134 -1.0 1
258 nan 0.25 0.2 1.0 -1.0 1344.1103755213442 1344.111675391344 1345.2856579813454 1343.4590073313434 1347.8767123383423 1345.1506048213453 -1.0 1345.1506048213453 -1.0 1
259 nan 0.125 0.2 1.0 -1.0 1349.0380827013491 1349.038949281349 1351.6455885913517 1348.4247107113483 1354.2213413179616 1351.5250339813515 -1.0 1351.5250339813515 -1.0 1
260 nan 0.125 0.2 1.0 -1.0 1355.2931904613554 1355.2942570213554 1374.7222473613747 1354.7772420613549 1377.3095263778125 1374.5847277813746 -1.0 1374.5847277813746 -1.0 1
261 nan 0.0 0.8 1.0 -1.0 1378.5539308213786 1378.5549307213785 1398.2939566213984 1377.929126641378 1400.8759364827472 1398.1389387913982 -1.0 1398.1389387913982 -1.0 1
262 nan 0.25 0.8 0.0 -1.0 1402.1369722814022 1402.1382388214022 1462.1391714614622 1401.4863373514015 1464.638480268003 nan 0.0 nan 0.0 0
263 0.25 nan 0.8 1.0 1.0 1466.1362383814662 1466.137138291466 1467.1174069214671 1465.3759810814654 1468.6915938222355 1466.955723091467 -1.0 1466.955723091467 -1.0 1
264 0.0625 nan 0.8 1.0 1.0 1471.3026883514713 1471.3037215814713 1481.2059645914812 1469.2500936314693 1482.7692477815826 1480.8014717114809 1.0 1480.8014717114809 1.0 1
265 1.0 nan 0.8 1.0 1.0 1485.074311051485 1485.075244291485 1485.5225662214855 1483.3706481014833 1487.0909851071658 1485.3548163314854 -1.0 1485.3548163314854 -1.0 1
266 1.0 nan 0.8 1.0 1.0 1488.1690348814882 1488.169868131488 1488.5827935014886 1487.6355882314876 1490.1577843275209 1488.4305087314885 -1.0 1488.4305087314885 -1.0 1
267 0.125 nan 0.8 1.0 1.0 1491.2854898714913 1491.2865564314914 1491.854099671492 1490.7071810414907 1493.4247898961032 1491.7248126014917 -1.0 1491.7248126014917 -1.0 1
268 0.125 nan 0.8 1.0 1.0 1494.5689281614946 1494.5697614114945 1495.062312151495 1493.958189241494 1496.624600727376 1494.9576559514949 -1.0 1494.9576559514949 -1.0 1
269 0.25 nan 0.8 1.0 1.0 1497.7685415014978 1497.7694080814979 1498.7926057514987 1497.1767006914972 1500.3525262952612 1498.4640052814984 -1.0 1498.4640052814984 -1.0 1
270 0.25 nan 0.8 1.0 1.0 1501.6072575915016 1501.6083241515016 1502.043347311502 1500.8996283615008 1503.6077383288641 1501.928025511502 -1.0 1501.928025511502 -1.0 1
271 0.125 nan 0.8 1.0 1.0 1504.8350681115048 1504.8359680215049 1505.078043811505 1504.1490367215042 1506.6405625195111 1504.941924091505 -1.0 1504.941924091505 -1.0 1
272 0.25 nan 0.8 1.0 1.0 1507.7689080315079 1507.7699079315078 1508.113673551508 1507.1914657815073 1509.6743655097125 1507.984153171508 -1.0 1507.984153171508 -1.0 1
273 0.125 nan 0.8 1.0 1.0 1510.7852063715109 1510.7862062715108 1511.1809667915113 1510.2188630115102 1512.7352862312212 1511.043213901511 -1.0 1511.043213901511 -1.0 1
274 nan 0.25 0.8 1.0 -1.0 1513.990652461514 1513.991519041514 1514.2584923415143 1513.2926889315133 1516.8238834731176 1514.0433471915142 -1.0 1514.0433471915142 -1.0 1
275 nan 0.125 0.8 1.0 -1.0 1517.9518563015179 1517.9527895415179 1518.4901358015186 1517.3785803015173 1521.052020086077 1518.3206194215184 -1.0 1518.3206194215184 -1.0 1
276 0.0625 nan 0.8 -1.0 -1.0 1522.2407940315222 1522.2417272715222 1534.7425770615348 1521.6096238215216 1537.3016617380094 1534.6448201715345 1.0 1534.6448201715345 1.0 1
277 0.0625 nan 0.8 -1.0 -1.0 1538.6740838715386 1538.6751837615386 1547.7814063815479 1537.901761111538 1550.340025791591 1547.101074421547 -1.0 1547.4975681015476 1.0 2
278 0.125 nan 0.8 1.0 1.0 1551.4015443315513 1551.4026775515515 1553.7386439315537 1550.911526671551 1555.3014339629513 1552.7089135815527 -1.0 1553.5022009115535 1.0 4
279 0.25 nan 0.8 1.0 1.0 1556.6068570815567 1556.6079569715566 1557.2967547515573 1555.862631511556 1558.8563723789441 1557.2146296315573 -1.0 1557.2146296315573 -1.0 1
280 nan 1.0 0.8 -1.0 1.0 1559.91745932156 1559.91825924156 1560.2164627515601 1559.4026774715594 1561.7848842592969 1560.09470826156 1.0 1560.09470826156 1.0 1
281 1.0 nan 0.8 1.0 1.0 1562.8403003415629 1562.841200251563 1563.099874381563 1562.3432833815623 1564.667695945187 1563.0085501815631 -1.0 1563.0085501815631 -1.0 1
282 0.125 nan 0.8 1.0 1.0 1565.839667041566 1565.8405002915658 1566.162001471566 1565.2125964215652 1567.7173942503189 1566.063144691566 -1.0 1566.063144691566 -1.0 1
283 0.0625 nan 0.8 1.0 1.0 1568.872830361569 1568.873796931569 1569.4775032215696 1568.2630913415683 1571.0343994924344 1569.2319944415692 -1.0 1569.2319944415692 -1.0 1
284 1.0 nan 0.8 1.0 1.0 1572.3894120015725 1572.3904119015724 1572.6373205415728 1571.862498031572 1574.2007083707633 1572.5377305015725 -1.0 1572.5377305015725 -1.0 1
285 0.0625 nan 0.8 1.0 1.0 1575.2732235915753 1575.2740235115753 1575.7542421515757 1574.7589083615749 1577.3230282005259 1575.6504525315756 -1.0 1575.6504525315756 -1.0 1
286 1.0 nan 0.8 1.0 1.0 1578.3508824615783 1578.3520156815785 1578.6117230415787 1577.875130041578 1580.1726433229876 1578.5100665415785 -1.0 1578.5100665415785 -1.0 1
287 0.25 nan 0.8 1.0 1.0 1581.3337174815813 1581.3346173915813 1581.6857489415818 1580.7344440815807 1583.2511664894812 1581.3958446015813 -1.0 1581.3958446015813 -1.0 1
288 0.25 nan 0.8 1.0 1.0 1584.3064201815844 1584.3072534315843 1584.6744500415846 1583.8174690815838 1586.2397724621856 1584.5431631715846 -1.0 1584.5431631715846 -1.0 1
289 nan 0.0 0.8 1.0 -1.0 1587.5507957115876 1587.5518956015876 1587.949222531588 1586.8001707815868 1590.500978233123 1587.7400767815877 -1.0 1587.7400767815877 -1.0 1
290 nan 0.125 0.8 1.0 -1.0 1591.5730267815916 1591.5741933315917 1592.029847761592 1591.0701770715912 1594.5837008592855 1591.872630151592 -1.0 1591.872630151592 -1.0 1
291 0.0 nan 0.8 1.0 1.0 1595.7895050915959 1595.7904383315959 1596.3095197515963 1595.1501023715953 1597.867408863417 1596.1654674915962 -1.0 1596.1654674915962 -1.0 1
292 nan 0.25 0.8 -1.0 1.0 1598.9224917615988 1598.9234250015988 1599.6717168315997 1598.4289077915985 1601.234035071882 1599.3043202415993 1.0 1599.3043202415993 1.0 1
293 nan 0.125 0.8 1.0 -1.0 1602.5061666916026 1602.5070332716025 1603.7280111616037 1601.7921381016017 1606.289362658022 1603.5203652616035 -1.0 1603.5203652616035 -1.0 1
294 0.0 nan 0.8 1.0 1.0 1607.4005438716074 1607.4013104616074 1607.6859486616077 1606.870263571607 1609.2726681129773 1607.5547951116075 -1.0 1607.5547951116075 -1.0 1
295 0.25 nan 0.8 1.0 1.0 1610.5674271516107 1610.5682604016106 1610.902660291611 1609.83856671161 1612.4838782927623 1610.7237448516107 -1.0 1610.7237448516107 -1.0 1
296 0.125 nan 0.8 1.0 1.0 1615.3389499516154 1615.3398498616154 1615.5225982516156 1613.0550783616131 1617.1058832115857 1615.2988206316154 -1.0 1615.2988206316154 -1.0 1
297 0.0625 nan 0.8 1.0 1.0 1618.2165288316182 1618.2174954016182 1618.4190085816185 1617.6886816216177 1620.0005930132709 1618.2727232116183 -1.0 1618.2727232116183 -1.0 1
298 1.0 nan 0.8 1.0 1.0 1622.955454891623 1622.956421461623 1623.3257178616234 1620.5712933316206 1624.900033565548 1623.1249046116232 -1.0 1623.1249046116232 -1.0 1
299 0.25 nan 0.8 1.0 1.0 1625.972086531626 1625.973053101626 1626.3221181916263 1625.4713366116255 1627.9057385061724 1626.1395031216261 -1.0 1626.1395031216261 -1.0 1
300 nan 0.25 0.8 -1.0 1.0 1629.1503686716292 1629.151368571629 1629.5715598816296 1628.4723364816284 1631.150246252999 1629.4091427916294 1.0 1629.4091427916294 1.0 1
301 0.25 nan 0.8 1.0 1.0 1632.3555481216324 1632.3563147116324 1633.039246411633 1631.7231447016318 1634.6222634555334 1632.5232980116325 -1.0 1632.5232980116325 -1.0 1
302 0.125 nan 0.8 1.0 1.0 1635.9329236816359 1635.933923581636 1636.2853551016362 1635.1891647316352 1637.8723722360635 1636.1583344716362 -1.0 1636.1583344716362 -1.0 1
303 0.0625 nan 0.8 1.0 1.0 1639.1332702816392 1639.134570151639 1639.4711698216395 1638.4551714316385 1641.0557868987364 1639.3411494916393 -1.0 1639.3411494916393 -1.0 1
304 0.0625 nan 0.8 1.0 1.0 1642.2000302416423 1642.2008634916422 1642.6450857316427 1641.6240878416415 1644.216200987842 1642.5222646816426 -1.0 1642.5222646816426 -1.0 1
305 0.25 nan 0.8 1.0 1.0 1645.4222413216455 1645.4231412316453 1645.777905751646 1644.810102541645 1647.3493221358856 1645.5766258816457 -1.0 1645.5766258816457 -1.0 1
306 0.0625 nan 0.8 1.0 1.0 1650.6550846516507 1650.6560845516506 1651.081242031651 1647.9250243516478 1652.6661261827942 1650.8483653216508 -1.0 1650.8483653216508 -1.0 1
307 1.0 nan 0.8 1.0 1.0 1653.7553079316538 1653.7563744916538 1654.023047821654 1653.2597241616534 1655.599833878618 1653.906692791654 -1.0 1653.906692791654 -1.0 1
308 0.0625 nan 0.8 1.0 1.0 1656.6880146316566 1656.6889812016568 1657.001949901657 1656.1757325316562 1658.5827611683696 1656.8787622216569 -1.0 1656.8787622216569 -1.0 1
309 0.125 nan 0.8 1.0 1.0 1660.2385595416602 1660.2396261016602 1660.5937573516605 1659.4767690616595 1662.1663768484116 1660.4083092316605 -1.0 1660.4083092316605 -1.0 1
310 0.125 nan 0.8 1.0 1.0 1663.3048195516633 1663.3059194416633 1663.879695391664 1662.7395760816628 1665.4547806307648 1663.7118455116638 -1.0 1663.7118455116638 -1.0 1
311 0.0 nan 0.8 1.0 1.0 1666.7325434116667 1666.7335433116668 1667.4691030816675 1666.041579181666 1669.0543866620771 1667.3376828916673 -1.0 1667.3376828916673 -1.0 1
312 0.0625 nan 0.8 1.0 1.0 1670.1492683716701 1670.1501349516702 1670.4768022816704 1669.6423857316697 1672.049215925984 1670.3575475416703 -1.0 1670.3575475416703 -1.0 1
313 0.25 nan 0.8 1.0 1.0 1673.2051294216733 1673.2060959916732 1673.5598272816735 1672.6259206816726 1675.1382145923787 1673.4211078216733 -1.0 1673.4211078216733 -1.0 1
314 1.0 nan 0.8 1.0 1.0 1676.3992766416764 1676.4000765616763 1676.7140451616767 1675.7254107016759 1678.2880273569626 1676.5878911116765 -1.0 1676.5878911116765 -1.0 1
315 nan 1.0 0.2 -1.0 1.0 1679.4993999316796 1679.5003665016795 1680.1546344016801 1678.878128731679 1681.7380485651524 1679.7661065916798 1.0 1679.7661065916798 1.0 1
316 nan 0.0 0.2 -1.0 1.0 1682.965819921683 1682.966653171683 1684.4344730416844 1682.3292502516824 1686.015856503306 1684.2971867716842 1.0 1684.2971867716842 1.0 1
317 nan 0.25 0.2 -1.0 1.0 1687.121437651687 1687.1222709016872 1687.947188401688 1686.6127551916866 1689.5213702908861 1687.6309533616877 1.0 1687.6309533616877 1.0 1
318 nan 0.0625 0.2 -1.0 1.0 1690.7159115016907 1690.7168780716906 1691.5362961216915 1690.1210709916902 1693.1162075084835 1691.4227741416914 1.0 1691.4227741416914 1.0 1
319 nan 1.0 0.2 -1.0 1.0 1694.4211076116944 1694.4221741716945 1695.4632033916955 1693.7074123216937 1697.032121644979 1695.2961534316953 1.0 1695.2961534316953 1.0 1
320 nan 1.0 0.2 -1.0 1.0 1698.1210375816981 1698.1221041416982 1698.5932236916985 1697.6208209416977 1700.165838687826 1698.4222741216984 1.0 1698.4222741216984 1.0 1
321 nan 0.25 0.2 -1.0 1.0 1701.2542575617013 1701.2550908117012 1701.7645398617017 1700.7596403617008 1703.3379287107202 1701.5425953917015 1.0 1701.5425953917015 1.0 1
322 nan 0.0625 0.2 -1.0 1.0 1704.4156747217044 1704.4167079517044 1704.936056011705 1703.927023591704 1706.5209377473122 1704.7764719717047 1.0 1704.7764719717047 1.0 1
323 0.25 nan 0.2 1.0 1.0 1707.8322330317078 1707.8333329217078 1708.1458683317082 1707.110838511707 1709.715451693617 1708.018814371708 -1.0 1708.018814371708 -1.0 1
324 0.125 nan 0.2 -1.0 -1.0 1710.937789111711 1710.938622361711 1712.2995862517123 1710.3066522317104 1714.8876969692303 1712.1334362017121 1.0 1712.1334362017121 1.0 1
325 0.0625 nan 0.2 -1.0 -1.0 1716.2486913017162 1716.2495578817163 1722.4864674617224 1715.4893005817155 1725.0706149616633 1722.2013293117222 1.0 1722.2013293117222 1.0 1
326 nan 0.125 0.2 -1.0 1.0 1728.7819711817287 1728.7830377417288 1729.1672326517291 1725.6898137617256 1730.7539432232804 1729.020480661729 1.0 1729.020480661729 1.0 1
327 nan 1.0 0.2 -1.0 1.0 1731.965419471732 1731.966319381732 1732.4418384917324 1731.3806446217313 1734.0209538236672 1732.2850541717323 1.0 1732.2850541717323 1.0 1
328 nan 0.125 0.2 -1.0 1.0 1735.1648994917352 1735.165932721735 1748.6493175817486 1734.6251534717346 1750.237325176344 1747.4720019917474 1.0 1748.3605464617483 -1.0 4
329 nan 1.0 0.2 -1.0 1.0 1751.5651926317516 1751.5660592117515 1756.916657431757 1750.897026121751 1758.498368012969 1756.6924465217567 1.0 1756.6924465217567 1.0 1
330 nan 1.0 0.2 -1.0 1.0 1759.7033787317598 1759.7042786417596 1768.093806271768 1759.1307693317592 1769.6697881692285 1767.977184601768 1.0 1767.977184601768 1.0 1
331 0.125 nan 0.2 -1.0 -1.0 1770.8146008317708 1770.815467411771 1776.020713501776 1770.2847871517704 1778.6036265694813 1775.8750947317758 1.0 1775.8750947317758 1.0 1
332 nan 0.0625 0.2 -1.0 1.0 1779.9142907717799 1779.91535733178 1780.8772611317809 1779.2155273217793 1782.4472426746713 1780.7218766717808 1.0 1780.7218766717808 1.0 1
333 nan 0.0625 0.2 -1.0 1.0 1783.5697251917836 1783.5706251017837 1797.7692051017978 1783.056443191783 1799.352811539434 1797.6270859817976 1.0 1797.6270859817976 1.0 1
334 nan 0.0625 0.2 -1.0 1.0 1801.5471606018016 1801.5480605118016 1823.2131271218232 1800.3506136018004 1824.7804330084641 1822.820933011823 1.0 1822.966418461823 1.0 2
335 0.0625 nan 0.8 -1.0 -1.0 1826.018979841826 1826.020046401826 1839.025545721839 1825.4740343418255 1841.5965893107118 1838.7103105818387 1.0 1838.896891921839 1.0 2
336 0.0 nan 0.8 1.0 1.0 1842.7354080318428 1842.7364745918428 1883.3342477418832 1842.2543894718422 1884.8957811130126 1882.7808697518828 1.0 1883.138967271883 -1.0 3
337 nan 0.125 0.8 0.0 -1.0 1886.8847593218868 1886.8855259118868 1946.8867251919469 1885.6532824818858 1949.3859220508234 nan 0.0 nan 0.0 0
338 0.0625 nan 0.8 0.0 -1.0 1950.927787711951 1950.928654291951 2010.9298535720109 1950.2393232319503 2013.429085252352 nan 0.0 nan 0.0 0
339 0.125 nan 0.8 0.0 -1.0 2014.7658366020148 2014.7668031720148 2074.7679691220746 2014.2649866920142 2077.267237862969 nan 0.0 nan 0.0 0
340 0.0 nan 0.8 0.0 -1.0 2078.625949952079 2078.626916522079 2138.6280824721384 2078.068539032078 2141.127284524174 nan 0.0 nan 0.0 0
341 0.0625 nan 0.8 1.0 1.0 2142.5640555021428 2142.5650220721427 2143.5926859621436 2141.929585622142 2145.1473010131754 2143.4511667821434 -1.0 2143.4511667821434 -1.0 1
342 0.25 nan 0.8 1.0 1.0 2147.5248260421477 2147.5259592621474 2148.025209332148 2145.769401602146 2149.5751243283125 2147.871124742148 -1.0 2147.871124742148 -1.0 1
343 nan 0.125 0.8 1.0 -1.0 2150.6807104221507 2150.681577002151 2151.316280192151 2150.19462570215 2153.8751309239747 2151.1962588621514 -1.0 2151.1962588621514 -1.0 1
344 nan 0.0625 0.8 0.0 -1.0 2155.2632854521553 2155.2642520221552 2215.2653513122154 2154.4899294621546 2217.764685572044 nan 0.0 nan 0.0 0
345 0.0625 nan 0.8 1.0 1.0 2219.2573187422195 2219.2583186422194 2219.6994078622197 2218.5764868322185 2221.279016554567 2219.5597551622195 -1.0 2219.5597551622195 -1.0 1
346 0.0625 nan 0.8 1.0 1.0 2223.5073603622236 2223.5082602722237 2227.0771366822273 2221.901720942222 2228.6458431018696 2224.917785972225 -1.0 2226.913686362227 -1.0 2
347 0.25 nan 0.8 1.0 1.0 2229.95664870223 2229.95751528223 2235.140263622235 2229.3451431922294 2236.712374672447 2234.938317152235 -1.0 2234.938317152235 -1.0 1
348 0.125 nan 0.8 1.0 1.0 2238.106833602238 2238.107733512238 2238.6930749722387 2237.3570752522373 2240.262689296162 2238.5684874322387 -1.0 2238.5684874322387 -1.0 1
349 nan 0.25 0.8 1.0 -1.0 2241.4237018822414 2241.4246684522413 2250.4998941722506 2240.900887502241 2253.078537613338 2250.3616080022503 -1.0 2250.3616080022503 -1.0 1
350 nan 0.125 0.8 1.0 -1.0 2254.3568417722545 2254.3578416722544 2255.807829992256 2253.726238172254 2258.373274673462 2255.660911352256 -1.0 2255.660911352256 -1.0 1
351 1.0 nan 0.8 1.0 1.0 2259.6787095322597 2259.6797760922595 2260.0353738622603 2259.000777332259 2261.6121884125787 2259.89982075226 -1.0 2259.89982075226 -1.0 1
352 0.0 nan 0.8 1.0 1.0 2262.923485022263 2262.924384932263 2264.752768742265 2262.221788532262 2266.328785266879 2264.6388801322646 -1.0 2264.6388801322646 -1.0 1
353 1.0 nan 0.8 1.0 1.0 2267.5396900222677 2267.5406565922676 2268.0023104222682 2266.948582472267 2269.5785909702763 2267.837626892268 -1.0 2267.837626892268 -1.0 1
354 nan 0.125 0.8 1.0 -1.0 2271.256218332271 2271.2572848922714 2283.1124659222833 2270.5264913122705 2285.672975718541 2282.987178452283 -1.0 2282.987178452283 -1.0 1
355 0.25 nan 0.8 1.0 1.0 2286.8946876622867 2286.895754222287 2300.0681368523 2286.331677302286 2301.627544582758 2299.8466590023 -1.0 2299.8466590023 -1.0 1
356 0.0625 nan 0.8 1.0 1.0 2303.1888247523034 2303.1898579823032 2320.5462221723205 2302.3246445123023 2322.088631655732 2320.4246676623206 -1.0 2320.4246676623206 -1.0 1
357 0.25 nan 0.8 1.0 1.0 2323.4274006923233 2323.4286005723234 2323.7575343423237 2322.7749326123226 2325.3052215640055 2323.6268807423235 -1.0 2323.6268807423235 -1.0 1
358 0.125 nan 0.8 1.0 1.0 2326.4773956623267 2326.4782289123264 2331.7947638723317 2325.937716302326 2333.3388455715867 2331.681541862332 -1.0 2331.681541862332 -1.0 1
359 nan 1.0 0.8 -1.0 1.0 2334.7109388923345 2334.7117721423347 2336.232686702336 2333.974145912334 2337.7942652694355 2335.739269382336 1.0 2336.038539452336 -1.0 2
360 nan 0.0625 0.8 -1.0 1.0 2338.954981112339 2338.956047672339 2347.0790019623473 2338.4375661923386 2348.6270145270405 2346.785164682347 -1.0 2346.785164682347 -1.0 1
361 0.125 nan 0.8 -1.0 -1.0 2349.92165100235 2349.92258424235 2356.2684829223563 2349.2769154823495 2358.8270606451806 2356.150294742356 1.0 2356.150294742356 1.0 1
362 0.125 nan 0.8 1.0 1.0 2359.95521421236 2359.95611412236 2370.3900039623704 2359.4813616023594 2371.943813315038 2370.2677161923702 -1.0 2370.2677161923702 -1.0 1
363 0.0625 nan 0.8 -1.0 -1.0 2373.104799122373 2373.1055990423733 2383.051804322383 2372.622514022373 2385.6102813835014 2382.8108284223827 1.0 2382.941748662383 1.0 2
364 nan 1.0 0.8 -1.0 1.0 2386.954780652387 2386.955780552387 2387.3848709723875 2386.2677826923864 2388.9377862945553 2387.277215072387 1.0 2387.277215072387 1.0 1
365 0.0625 nan 0.8 -1.0 -1.0 2391.5269233923914 2391.5280566123915 2393.3796714323935 2389.5932834423897 2395.920717615319 2393.195223212393 1.0 2393.195223212393 1.0 1
366 nan 0.125 0.8 -1.0 1.0 2397.243218372397 2397.2443182623974 2417.631912632418 2396.5711189223966 2419.1935193726376 2417.2387519524173 1.0 2417.5110913824174 1.0 2
367 0.0 nan 0.8 -1.0 -1.0 2420.4541970424207 2420.4549969624204 2431.6068483324316 2419.8874203924197 2434.1756565923592 2431.4831273724317 1.0 2431.4831273724317 1.0 1
368 nan 0.125 0.2 1.0 -1.0 2435.5032919824357 2435.5041585624354 2436.3924697224365 2434.860856232435 2438.953882029164 2436.246484322436 -1.0 2436.246484322436 -1.0 1
369 nan 0.0625 0.2 1.0 -1.0 2440.07580135244 2440.07676792244 2441.3260763124413 2439.58568370244 2443.8925898600037 2441.031905732441 -1.0 2441.031905732441 -1.0 1
370 nan 0.0 0.2 -1.0 1.0 2445.036538562445 2445.037371812445 2452.091033042452 2444.5373884824444 2453.6534430866172 2451.857756372452 1.0 2451.857756372452 1.0 1
371 nan 0.25 0.2 -1.0 1.0 2455.4754279024555 2455.4762278224557 2460.24515088246 2454.3060448524543 2461.803463603503 2460.01264080246 1.0 2460.01264080246 1.0 1
372 1.0 nan 0.2 1.0 1.0 2463.0755678124633 2463.076467722463 2463.4516968624635 2462.4564630624623 2465.025374474528 2463.3117441924633 -1.0 2463.3117441924633 -1.0 1
373 nan 1.0 0.2 -1.0 1.0 2466.2534833224663 2466.2544165624663 2476.7606325024767 2465.6716748424656 2478.324941415239 2476.638744692477 1.0 2476.638744692477 1.0 1
374 nan 0.25 0.2 1.0 -1.0 2479.5361549224795 2479.5372548124797 2479.99190934248 2478.990642812479 2482.553256304473 2479.84792374248 -1.0 2479.84792374248 -1.0 1
375 nan 0.25 0.2 -1.0 1.0 2483.908484312484 2483.909517542484 2494.065301862494 2483.188156352483 2495.6361102768747 2493.802461482494 1.0 2493.802461482494 1.0 1
376 nan 0.125 0.2 -1.0 1.0 2496.824925872497 2496.826025762497 2506.962145382507 2496.3063110724966 2508.5249556962003 2506.6447437925067 1.0 2506.6447437925067 1.0 1
377 nan 0.0 0.2 -1.0 1.0 2509.7523330025097 2509.7531995825098 2513.3712710725135 2509.188956012509 2514.93578149577 2513.1383277025134 1.0 2513.1383277025134 1.0 1
378 nan 0.25 0.2 -1.0 1.0 2516.4411640525163 2516.4420972925163 2524.5264221125244 2515.5932821825154 2526.085931473683 2524.068267932524 1.0 2524.4995248025243 1.0 3
379 nan 0.0625 0.2 -1.0 1.0 2527.3412072725273 2527.3423071625275 2531.012140142531 2526.755732492527 2532.5687525376275 2530.863255032531 1.0 2530.863255032531 1.0 1
380 nan 0.0 0.2 -1.0 1.0 2533.724602202534 2533.725535442534 2540.5676844925406 2533.2210525625333 2542.1354876706473 2540.3745038125403 1.0 2540.3745038125403 1.0 1
381 0.0625 nan 0.2 -1.0 -1.0 2543.707237172544 2543.7080704225436 2548.907683742549 2543.183389562543 2551.46882732028 2548.766831162549 1.0 2548.766831162549 1.0 1
382 nan 1.0 0.2 -1.0 1.0 2553.056768792553 2553.0576353725532 2554.5334544425546 2552.129728172552 2556.1018619846923 2554.4036007625546 1.0 2554.4036007625546 1.0 1
383 nan 1.0 0.2 -1.0 1.0 2557.840323722558 2557.841223632558 2569.94831280257 2556.769364162557 2571.5185195434765 2569.76023161257 1.0 2569.76023161257 1.0 1
384 0.125 nan 0.2 1.0 1.0 2572.6903385725727 2572.6913718025726 2573.766430952574 2572.2090200425723 2575.3345136389935 2573.4893919925735 -1.0 2573.4893919925735 -1.0 1
385 nan 0.125 0.2 -1.0 1.0 2576.5234552225766 2576.5243218025767 2592.952278842593 2575.976609912576 2594.5233163662924 2592.752765462593 1.0 2592.752765462593 1.0 1
386 nan 1.0 0.2 -1.0 1.0 2595.951245582596 2595.952045502596 2596.5132227125964 2595.224018312595 2598.089831538296 2596.359338102596 1.0 2596.359338102596 1.0 1
387 0.0625 nan 0.2 -1.0 -1.0 2599.4841255925994 2599.4850255025995 2603.4192987026036 2598.752132132599 2605.984343047239 2603.150925542603 1.0 2603.150925542603 1.0 1
388 0.0 nan 0.2 -1.0 -1.0 2607.223184942607 2607.2242515026073 2615.566450532616 2606.6539418726065 2618.139691974186 2615.297910722615 1.0 2615.297910722615 1.0 1
389 nan 1.0 0.2 -1.0 1.0 2619.3671037626195 2619.3680703326195 2643.5911811126434 2618.810292782619 2645.1506149416796 2643.4004335226437 1.0 2643.4004335226437 1.0 1
390 nan 0.25 0.2 -1.0 1.0 2646.805859612647 2646.8066928626467 2653.057634372653 2645.9049163826458 2654.6171443447565 2652.881651972653 1.0 2652.881651972653 1.0 1
391 nan 0.125 0.2 -1.0 1.0 2655.8554545626557 2655.856554452656 2665.635176492666 2655.2909443526555 2667.1998829155414 2665.5047228726658 1.0 2665.5047228726658 1.0 1
392 nan 0.0625 0.2 -1.0 1.0 2668.405332782668 2668.4063660126685 2669.97280935267 2667.902483072668 2671.5334157105954 2669.3834682926695 1.0 2669.86422021267 1.0 2
393 nan 1.0 0.2 -1.0 1.0 2672.7057693626725 2672.7066359426726 2673.8308235126738 2672.205619382672 2675.405133840928 2673.683204942674 1.0 2673.683204942674 1.0 1
394 1.0 nan 0.2 -1.0 -1.0 2676.5329532726764 2676.5339198426764 2701.297276592701 2676.055334372676 2703.8547453202573 2701.163689952701 1.0 2701.163689952701 1.0 1
395 nan 0.0625 0.2 1.0 -1.0 2705.098929722705 2705.099896292705 2711.769129302712 2704.6004462427045 2714.3375703521206 2710.884084482711 1.0 2711.5130549127116 1.0 3
396 1.0 nan 0.2 1.0 1.0 2715.5493845727156 2715.5504178027154 2715.845788262716 2715.0292699227152 2717.4047967295014 2715.7188676227156 -1.0 2715.7188676227156 -1.0 1
397 nan 0.0625 0.2 1.0 -1.0 2718.5325862227187 2718.5337194427184 2738.1667559427383 2718.0587002827183 2740.7375892632176 2737.6474078827378 -1.0 2737.934979122738 -1.0 2
398 nan 1.0 0.2 0.0 -1.0 2745.8319226827457 2745.832989242746 2805.834155192806 2741.4909901527417 2808.333347836161 2756.014937612756 1.0 2756.014937612756 1.0 1
399 0.125 nan 0.2 -1.0 -1.0 2809.85281995281 2809.85375319281 2820.5239527328204 2809.226549252809 2823.086493543431 2818.6534064728185 1.0 2819.4010317028196 -1.0 3
400 nan 0.0625 0.2 0.0 -1.0 2824.4972220328245 2824.4982219328244 2884.4994212128845 2823.7911926428237 2886.998582946066 2863.7680278928638 1.0 2864.4506262928644 1.0 3
