KS086 ffef0311-8ffa-49e3-a857-b3adf6d86e12 cortexlab 2026-07-28T16:01:20.797097 _iblrig_tasks_ephysChoiceWorld6.5.3 M 258 578
0 nan 0.25 0.5 -1.0 1.0 96.7857264403316 96.69756764375057 101.61282885002674 90.71826809265298 103.17445549888225 101.40131439894803 1.0 101.40131439894803 1.0 1
1 1.0 nan 0.5 1.0 1.0 104.36881615168848 104.3698827231405 105.18507661606252 103.82996425591327 106.75240535340512 105.04148943433434 -1.0 105.04148943433434 -1.0 1
2 1.0 nan 0.5 1.0 1.0 108.27433416612263 108.27520075542739 118.50508751604546 107.399812236182 120.07440455890699 118.3294698603988 -1.0 118.3294698603988 -1.0 1
3 nan 1.0 0.5 -1.0 1.0 121.48528813513651 121.48615472444129 127.13298395572953 120.8146146739632 128.70230836492237 126.84574293155741 1.0 126.84574293155741 1.0 1
4 nan 0.0625 0.5 0.0 -1.0 130.12421692327743 130.12511684294006 190.1269603763647 129.40341460385918 192.6261635404991 146.1576855882728 -1.0 146.1576855882728 -1.0 1
5 1.0 nan 0.5 1.0 1.0 193.87395920874238 193.87495911947863 220.66166782445515 193.35257242049397 222.21828956929016 220.3861924166131 -1.0 220.3861924166131 -1.0 1
6 0.125 nan 0.5 1.0 1.0 223.39039089337462 223.3915241255424 269.562069069172 222.92859878500784 271.10701259651347 228.95606070323572 -1.0 269.43921337004247 -1.0 2
7 nan 0.25 0.5 0.0 -1.0 272.63459477957855 272.63569468138843 332.6375048844552 271.9451229965634 335.13673119140424 nan 0.0 nan 0.0 0
8 0.0625 nan 0.5 -1.0 -1.0 337.38451444417524 337.3855143549115 344.8531477065872 335.96594108263076 347.42321194691687 344.6678309167987 1.0 344.6678309167987 1.0 1
9 1.0 nan 0.5 1.0 1.0 348.7673649444269 348.7684648462368 352.8720985078836 348.1442205735842 354.43981867336623 352.6941143968278 -1.0 352.6941143968278 -1.0 1
10 nan 0.0 0.5 1.0 -1.0 358.3341775654673 358.33511081548784 361.95212125215056 355.1593276563826 364.50645702991636 361.81580008843923 -1.0 361.81580008843923 -1.0 1
11 0.25 nan 0.5 1.0 1.0 367.100461651051 367.10142823142934 367.5118249279519 365.2015645021609 369.07313772657017 367.39756846115426 -1.0 367.39756846115426 -1.0 1
12 nan 1.0 0.5 -1.0 1.0 370.334439615007 370.3354061953854 373.11119172962526 369.8454499346137 374.67311444852305 372.7005950509554 -1.0 372.7005950509554 -1.0 1
13 0.0625 nan 0.5 1.0 1.0 376.23401295006613 376.2350795215181 379.6847049009295 375.37922259198785 381.25072346319286 379.5149867186268 -1.0 379.5149867186268 -1.0 1
14 nan 0.0 0.5 1.0 -1.0 383.07303575220755 383.07403566294386 383.802370643242 381.9749337816373 386.35630099473207 383.43447015301086 -1.0 383.70794573938036 -1.0 2
15 nan 0.0625 0.5 1.0 -1.0 388.05089137057416 388.05202460274194 388.97704202486415 387.1067089926735 391.5396757981197 388.77972630624043 -1.0 388.77972630624043 -1.0 1
16 nan 1.0 0.5 -1.0 1.0 392.75067181318445 392.7520050274995 393.069676668412 392.23068489996683 394.6231051071351 392.9272227188516 1.0 392.9272227188516 1.0 1
17 nan 0.125 0.5 -1.0 1.0 395.85042842597534 395.85132834563797 396.43274310842037 395.324208735835 397.98965420660954 396.20116378190056 -1.0 396.2534591134074 1.0 2
18 nan 0.125 0.5 -1.0 1.0 399.28415522468003 399.2853217872057 399.98449270436265 398.79706537468564 401.5510142102281 399.82164057578234 1.0 399.82164057578234 1.0 1
19 1.0 nan 0.5 1.0 1.0 402.8227726596193 402.82363924892405 403.2530342494357 402.2471240487494 404.81765768330973 403.0788497991777 -1.0 403.0788497991777 -1.0 1
20 0.0625 nan 0.5 1.0 1.0 406.0395854892694 406.0406520607214 406.5542728755848 405.52866443339394 408.10619815410166 406.3755221662978 -1.0 406.3755221662978 -1.0 1
21 0.25 nan 0.5 1.0 1.0 409.3335914277595 409.3346246688536 409.7269229810497 408.8102048180385 411.2895455970091 409.56033785238736 -1.0 409.56033785238736 -1.0 1
22 nan 0.0625 0.5 1.0 -1.0 412.48401018452137 412.48494343454183 413.0349610002054 411.9874545128903 415.6002241835614 412.83061257606994 -1.0 412.83061257606994 -1.0 1
23 nan 0.125 0.5 -1.0 1.0 417.78946989044744 417.7906031226152 418.17576873822594 416.30833544717046 419.7505845401637 418.0143164846764 1.0 418.0143164846764 1.0 1
24 nan 0.0625 0.5 1.0 -1.0 421.1227056601571 421.12360557981975 424.22859505879717 420.5173930307779 426.80068420613543 423.89115851566436 1.0 423.89115851566436 1.0 1
25 0.125 nan 0.5 1.0 1.0 429.2727780893362 429.2735780179253 429.6702092766452 427.60519362410304 431.2337339408872 429.5261221395489 -1.0 429.5261221395489 -1.0 1
26 0.25 nan 0.5 1.0 1.0 432.5227879554305 432.52392118759826 433.08627098567575 431.94583946060345 434.63949272817456 432.77593202349584 -1.0 432.77593202349584 -1.0 1
27 nan 0.0625 0.5 1.0 -1.0 436.05043970262864 436.0515729347964 436.90056381060435 435.34300285671856 439.4671616321639 436.523597463031 -1.0 436.76570918263957 -1.0 2
28 nan 1.0 0.5 -1.0 1.0 440.80611515539636 440.80721505720624 441.2778063800522 440.19556965983065 442.8394247422272 441.06475873251117 1.0 441.06475873251117 1.0 1
29 nan 1.0 0.5 -1.0 1.0 444.36683061760715 444.36793051941703 444.8765517805991 443.54873698355 446.45026974280637 444.68363566921494 1.0 444.68363566921494 1.0 1
30 nan 0.125 0.5 -1.0 1.0 447.75602805819 447.7569279778526 448.5042945924978 447.22007590354997 450.06731804303416 448.0300035999276 1.0 448.43510076954794 1.0 3
31 0.0625 nan 0.5 -1.0 -1.0 451.3394081637562 451.3402080923452 454.150857180923 450.76722591010537 456.7059223332251 453.66553383989606 1.0 453.9953710614332 1.0 2
32 nan 0.0625 0.5 -1.0 1.0 458.10080456240536 458.1018378034995 460.8089628005156 457.42303173500454 462.38351448711916 460.3311721203685 1.0 460.74510183482585 1.0 2
33 0.0625 nan 0.5 1.0 1.0 463.75589972244677 463.75683297246724 464.99882209798665 463.09802511869765 466.55047698513505 464.31774956515613 1.0 464.9696247044876 -1.0 3
34 0.0625 nan 0.5 1.0 1.0 467.8559670358009 467.8568002947478 468.456480093646 467.26448650494007 469.9893067301757 468.14424130106715 -1.0 468.14424130106715 -1.0 1
35 1.0 nan 0.5 1.0 1.0 471.50057500878466 471.5014749284473 471.7715508183135 470.7249109203031 473.3171630230733 471.6346963688762 -1.0 471.6346963688762 -1.0 1
36 0.0625 nan 0.5 1.0 1.0 474.77261624143466 474.77344950038156 475.28680367238195 474.08927724426866 476.83932679065515 475.123318267002 -1.0 475.123318267002 -1.0 1
37 nan 0.0625 0.5 1.0 -1.0 482.03313474927126 482.0341013296497 484.0680864190096 477.52783694486527 486.6059557229338 483.79007790396906 -1.0 483.79007790396906 -1.0 1
38 nan 1.0 0.5 -1.0 1.0 488.0669294354955 488.0677626944424 488.41229860380275 487.31876289226136 489.98341650985185 488.266978243465 1.0 488.266978243465 1.0 1
39 nan 0.125 0.5 1.0 -1.0 491.4057313749704 491.40673128570666 492.28008665312166 490.6845290912577 494.8503884588478 491.9856129412905 -1.0 491.9856129412905 -1.0 1
40 nan 1.0 0.5 -1.0 1.0 496.4058850027558 496.4067182617027 496.917406005073 495.5352960550445 498.4724336197462 496.67872731232563 1.0 496.67872731232563 1.0 1
41 0.0 nan 0.5 1.0 1.0 499.66719386016985 499.66806044947464 502.81187979537714 499.1520398488442 504.38902593281216 502.65419387226757 -1.0 502.65419387226757 -1.0 1
42 nan 0.0625 0.5 1.0 -1.0 505.7336522971122 505.73471886856424 506.6197065308778 505.15553723975955 509.172477415492 506.29433557729595 -1.0 506.57361064593584 -1.0 2
43 nan 0.125 0.5 -1.0 1.0 510.5834860108786 510.5843526001833 511.1703002916368 509.8782822989461 512.7391486321936 510.83056395381055 1.0 510.83056395381055 1.0 1
44 0.125 nan 0.5 1.0 1.0 514.0163462202785 514.0173461310147 514.2490587789661 513.4484635827936 515.8336836284568 514.1306026870761 -1.0 514.1306026870761 -1.0 1
45 0.125 nan 0.5 1.0 1.0 517.1057037614122 517.1066703417906 517.788009517484 516.533088213109 519.3670323032683 517.3506152310823 -1.0 517.7097165068343 -1.0 2
46 0.125 nan 0.5 1.0 1.0 520.6388550176598 520.6400549105434 521.0799489737859 520.0641396568104 522.655671504349 520.8901992463999 -1.0 520.8901992463999 -1.0 1
47 nan 1.0 0.5 -1.0 1.0 524.0168201276387 524.0176533865855 524.5354071658254 523.3713777473771 526.116720805602 524.2570653472061 1.0 524.2570653472061 1.0 1
48 0.25 nan 0.5 -1.0 -1.0 529.7890714956128 529.7899714152754 539.491272030344 526.8893303604335 542.0556683998396 539.344418473544 1.0 539.344418473544 1.0 1
49 0.0625 nan 0.5 1.0 1.0 543.2664683454844 543.2676015776523 547.1190577516121 542.777778638312 548.7001771514505 546.9680045697198 -1.0 546.9680045697198 -1.0 1
50 nan 0.125 0.5 -1.0 1.0 549.8722119728544 549.8732452139486 550.5268868622475 549.397987641 552.0890126908539 550.0923256562651 1.0 550.2483783918387 -1.0 2
51 0.25 nan 0.5 1.0 1.0 553.4166622204219 553.4175621400846 553.861755819493 552.7921179745484 555.4222759244846 553.6658066455423 -1.0 553.6658066455423 -1.0 1
52 0.125 nan 0.5 1.0 1.0 556.5994114243232 556.6005779868487 556.851088956642 556.1066887438478 558.433413399717 556.6536065862289 -1.0 556.6536065862289 -1.0 1
53 0.0625 nan 0.5 1.0 1.0 559.6721371168769 559.6732370186868 560.3285451848794 559.1367182479629 561.8886685319159 560.1423951361442 -1.0 560.1423951361442 -1.0 1
54 nan 0.25 0.5 -1.0 1.0 563.2664495798264 563.2675828119942 563.6388829987286 562.5693784752156 565.216700350483 563.4632986734398 1.0 563.4632986734398 1.0 1
55 nan 0.125 0.5 1.0 -1.0 566.4886285970945 566.4895285167571 567.2251961757879 566.0033052560675 569.7888620747693 566.9273560978113 -1.0 566.9273560978113 -1.0 1
56 0.125 nan 0.5 1.0 1.0 571.0497214205842 571.050854652752 571.4670841619028 570.4993705513419 573.0387330947187 570.9448641147076 -1.0 571.3368624536828 -1.0 3
57 0.25 nan 0.5 1.0 1.0 574.4659497814042 574.4668497010668 574.8535485131399 573.7409478368936 576.4326721560781 574.4841481568043 -1.0 574.4841481568043 -1.0 1
58 0.25 nan 0.5 1.0 1.0 577.755489451939 577.7564893626752 578.571216630587 577.1472770814246 580.1498343049976 577.992368305361 -1.0 578.5169214776076 -1.0 2
59 1.0 nan 0.5 1.0 1.0 581.6054790901524 581.6064790008886 582.0281413583731 580.8603456094849 583.5887679200124 581.8512571491272 -1.0 581.8512571491272 -1.0 1
60 nan 0.0625 0.5 1.0 -1.0 584.9166501629483 584.9174834218952 588.013807007825 584.3068712656137 590.5833918554713 587.8557211204209 -1.0 587.8557211204209 -1.0 1
61 0.25 nan 0.5 1.0 1.0 592.0219491941581 592.022782453105 592.7197202362843 591.4052042520276 594.2999413712887 592.4827413917886 -1.0 592.4827413917886 -1.0 1
62 0.0625 nan 0.5 1.0 1.0 595.5885974600708 595.5894307190176 596.1011517034822 595.0112490009492 597.6830752180573 595.9182680298186 -1.0 595.9182680298186 -1.0 1
63 0.0 nan 0.5 1.0 1.0 599.1220153591814 599.1230819306335 601.9243318582903 598.3982799682701 603.4996534542045 601.4955701345783 -1.0 601.4955701345783 -1.0 1
64 nan 0.125 0.5 -1.0 1.0 604.8386050295034 604.8397382616712 605.3245949776879 604.2074613727706 606.888711115426 605.130812276999 1.0 605.130812276999 1.0 1
65 nan 0.0 0.5 1.0 -1.0 608.332926418826 608.333726347415 608.8110504025518 607.6224231799913 611.3719845111136 608.5339751375317 -1.0 608.5339751375317 -1.0 1
66 0.25 nan 0.5 1.0 1.0 612.8161261959604 612.8170594459809 613.2412215803062 612.0610935990039 614.8163428904528 613.1171993186509 -1.0 613.1171993186509 -1.0 1
67 0.0 nan 0.5 1.0 1.0 616.0386718471651 616.0397050882593 616.8340675075091 615.4966535673917 618.3998822293065 616.586456278851 -1.0 616.586456278851 -1.0 1
68 nan 0.25 0.5 -1.0 1.0 619.7884370992465 619.789370349267 620.3463206293686 619.2179880242052 621.9053393908563 620.028149033088 1.0 620.028149033088 1.0 1
69 1.0 nan 0.5 1.0 1.0 623.3161888375183 623.3170220964652 623.7096537122401 622.624350599094 625.2824808293766 623.5388689584853 -1.0 623.5388689584853 -1.0 1
70 nan 0.25 0.5 -1.0 1.0 626.6883544652267 626.6893543759629 629.6280586994989 625.9612860385279 631.1995776658924 629.2648244593703 1.0 629.540933144012 1.0 2
71 nan 0.25 0.5 -1.0 1.0 632.4384078148557 632.4393410648762 632.8703025922081 631.9052887406351 634.4498229017526 632.5828282555308 -1.0 632.5828282555308 -1.0 1
72 0.25 nan 0.5 -1.0 -1.0 636.2217700676757 636.2226366569805 640.3499682030769 635.1859292056171 642.905136045065 640.1701842526958 1.0 640.1701842526958 1.0 1
73 0.125 nan 0.5 1.0 1.0 644.3330126299297 644.3339792103081 644.7145785668898 643.6024445156539 646.2830963176439 644.5562260366228 -1.0 644.5562260366228 -1.0 1
74 nan 0.0625 0.5 1.0 -1.0 648.2383639925745 648.2392972425951 648.6699587967059 646.9905087240691 651.2218808636412 648.3895504958983 -1.0 648.3895504958983 -1.0 1
75 0.0 nan 0.5 -1.0 -1.0 653.0826648669334 653.083598116954 653.7716033642226 652.0273924062333 656.3384379276013 653.5806870743111 1.0 653.5806870743111 1.0 1
76 1.0 nan 0.5 1.0 1.0 657.5493327865616 657.5502660365821 657.8429732394459 657.0592432043584 659.4152880376848 657.7101517633115 -1.0 657.7101517633115 -1.0 1
77 0.125 nan 0.5 1.0 1.0 660.7218162402371 660.722916142047 662.6764417474952 660.1521004330691 664.2384624789594 662.4963244935353 -1.0 662.4963244935353 -1.0 1
78 nan 0.125 0.5 1.0 -1.0 665.6161459817674 665.6172458835773 669.373877189381 664.9596712530491 671.9493747339283 669.0071099313177 -1.0 669.0071099313177 -1.0 1
79 0.125 nan 0.5 1.0 1.0 673.5549706027308 673.5558705223934 674.1335856154517 672.6578840205084 675.6990404350765 673.9321702628093 -1.0 673.9321702628093 -1.0 1
80 nan 0.25 0.5 1.0 -1.0 676.8550093359964 676.8558759253011 679.1742689584138 676.3883509953798 681.7494031991649 678.8819283894867 -1.0 678.8819283894867 -1.0 1
81 nan 0.25 0.5 -1.0 1.0 683.0882195533904 683.0891861337689 683.6410368691156 682.4713079594706 685.2050585341457 683.3565289342893 1.0 683.3565289342893 1.0 1
82 nan 0.25 0.5 -1.0 1.0 686.5324787451839 686.5338452898568 687.0355005062428 685.8874696595748 688.5883109402052 686.7959218938328 1.0 686.7959218938328 1.0 1
83 nan 0.0 0.5 -1.0 1.0 690.5826838431561 690.583517102103 694.4827023485408 689.4164212907301 696.0492240903505 694.2778539690372 1.0 694.2778539690372 1.0 1
84 nan 0.0 0.5 -1.0 1.0 697.3215489198813 697.3224821699018 698.893075293717 696.7551328181429 700.4549958650161 698.3984527828427 1.0 698.7948507290575 1.0 2
85 nan 1.0 0.5 -1.0 1.0 701.6984581857504 701.6994914268445 702.09462281946 701.1577064595763 703.6549437609444 701.9395033339069 1.0 701.9395033339069 1.0 1
86 nan 0.25 0.5 -1.0 1.0 704.9826316686672 704.983464927614 705.382762614964 704.3687531373139 706.9322889475455 705.1643821101629 1.0 705.1643821101629 1.0 1
87 nan 1.0 0.5 -1.0 1.0 708.2548062227487 708.255806133485 708.8835167633565 707.609697146066 710.4324411474807 708.5502465149582 1.0 708.7444291799416 1.0 2
88 0.0 nan 0.5 -1.0 -1.0 711.7381619243301 711.7391285047086 712.4927945569922 711.1278497412695 715.0490989695886 712.2970120348307 1.0 712.2970120348307 1.0 1
89 1.0 nan 0.5 1.0 1.0 716.3214194358072 716.3224526769013 716.7241168196605 715.7339052175336 718.2715423218746 716.5512655837175 -1.0 716.5512655837175 -1.0 1
90 nan 1.0 0.2 -1.0 1.0 719.6654875718265 719.6664541522049 720.1527774039681 718.9668499403955 721.6880944791028 719.97592652508 1.0 719.97592652508 1.0 1
91 nan 0.0625 0.2 -1.0 1.0 722.9493277511644 722.9504276529743 723.5957367118043 722.4744034817946 725.1381592820038 723.3000631070896 1.0 723.3000631070896 1.0 1
92 nan 0.0625 0.2 1.0 -1.0 726.3655561119845 726.3664227012893 726.9031081238026 725.8262709215568 729.4494123017347 726.753988102667 -1.0 726.753988102667 -1.0 1
93 nan 0.0625 0.2 1.0 -1.0 730.7546976191938 730.7557641906459 733.9160820636969 730.1416190164297 736.4547174717206 733.7756945963247 -1.0 733.7756945963247 -1.0 1
94 0.125 nan 0.2 1.0 1.0 737.6491488064825 737.6500487261451 738.0576456726061 737.1547262777555 739.6158672523882 737.9227243839256 -1.0 737.9227243839256 -1.0 1
95 nan 0.25 0.2 -1.0 1.0 742.1879436205535 742.1890435223634 744.0530437865576 740.3260764992632 745.5989381559879 743.8772928094795 1.0 743.8772928094795 1.0 1
96 1.0 nan 0.2 1.0 1.0 746.7879329716841 746.7890328734941 747.1635661049424 746.2911439875479 748.7324865723474 747.0110130569457 -1.0 747.0110130569457 -1.0 1
97 nan 0.125 0.2 -1.0 1.0 751.2546675520281 751.2557007931222 751.8191504930096 749.4388963156798 753.3711576598928 751.6423329444794 1.0 751.6423329444794 1.0 1
98 nan 1.0 0.2 -1.0 1.0 754.7649208524151 754.766020754225 755.2582768096901 754.2202694743696 756.8213010271214 755.0210313223314 1.0 755.0210313223314 1.0 1
99 nan 1.0 0.2 -1.0 1.0 758.0988565596402 758.099989791808 758.5466499176993 757.5200082344143 760.1156675107143 758.3342355469579 1.0 758.3342355469579 1.0 1
100 nan 0.0 0.2 -1.0 1.0 761.2712066918842 761.272339924052 762.0532035483621 760.810881119264 763.6153207959853 761.8849852321639 1.0 761.8849852321639 1.0 1
101 nan 0.125 0.2 -1.0 1.0 765.1045311511598 765.1056310529697 765.5221272049835 764.3809290816799 767.0826536463728 765.3594417281926 1.0 765.3594417281926 1.0 1
102 nan 1.0 0.2 -1.0 1.0 768.3210773379469 768.3219772576095 768.5962861029259 767.7851585136647 770.1656044007323 768.4618314392557 1.0 768.4618314392557 1.0 1
103 nan 1.0 0.2 -1.0 1.0 771.3878702267988 771.3889701286087 771.8289308525669 770.8679166439391 773.3878523748982 771.6000846153929 1.0 771.6000846153929 1.0 1
104 nan 0.0625 0.2 -1.0 1.0 774.5985169402419 774.5996168420518 775.3195859025232 774.102461223979 776.8826054709992 774.8376289276416 1.0 775.0968724511982 1.0 2
105 nan 1.0 0.2 -1.0 1.0 779.6710974356911 779.6719306946379 780.1384557138231 777.609814783231 781.6877714128801 779.8535478147022 1.0 779.8535478147022 1.0 1
106 0.0625 nan 0.2 -1.0 -1.0 782.9987003749197 782.9996002945824 784.5875918652087 782.4798800242278 787.1488563997448 783.5008555466738 1.0 783.5008555466738 1.0 1
107 0.0625 nan 0.2 1.0 1.0 788.4043844669778 788.4052510562826 790.1079990490746 787.8568666781549 791.6544230221009 789.9276484826096 -1.0 789.9276484826096 -1.0 1
108 nan 0.125 0.2 -1.0 1.0 792.9160483697381 792.9169149590429 793.9490561513772 792.3507321698096 795.5044797990126 793.734475307374 1.0 793.734475307374 1.0 1
109 nan 0.0625 0.2 -1.0 1.0 796.6649137021568 796.6658802825352 797.3337206632891 796.2043881473893 798.8983407155577 797.1501370521102 1.0 797.1501370521102 1.0 1
110 nan 1.0 0.2 -1.0 1.0 800.0375459548754 800.0385458656117 800.9484646356162 799.5888526771538 802.5157907938828 800.2657589152499 1.0 800.2657589152499 1.0 1
111 nan 0.125 0.2 -1.0 1.0 804.3043317183235 804.3051983076282 805.0900282445256 803.1950974082228 806.6376519452891 804.5321113840455 1.0 804.9502740539531 1.0 3
112 nan 0.0625 0.2 -1.0 1.0 807.8653138233973 807.8661804127021 809.8124066697754 807.3309615259353 811.3820275081238 808.3041746455456 1.0 809.6510877376575 1.0 3
113 nan 0.25 0.2 -1.0 1.0 812.6542863036827 812.6551862233454 813.082448080953 812.0787376838864 814.6377741985528 812.9276618989786 1.0 812.9276618989786 1.0 1
114 nan 0.0625 0.2 -1.0 1.0 815.8649996778416 815.8658329367885 816.2842955799169 815.3102825317176 817.8377135984651 816.1052115670512 1.0 816.1052115670512 1.0 1
115 0.25 nan 0.2 1.0 1.0 819.232065760795 819.233165662605 819.5510372856647 818.6150208454436 821.1042624053912 819.439213934992 -1.0 819.439213934992 -1.0 1
116 nan 0.25 0.2 -1.0 1.0 822.3486208739553 822.3494874632601 822.7363862574803 821.7846712186997 824.2875076097031 822.564701584063 1.0 822.564701584063 1.0 1
117 nan 0.25 0.2 -1.0 1.0 826.098286134963 826.0991193939099 826.6274388965963 825.010816548555 828.1709651878991 826.4289899458049 1.0 826.4289899458049 1.0 1
118 nan 0.0625 0.2 -1.0 1.0 829.4320885207566 829.4331217618507 830.2277841543213 828.8537734812566 831.7709116483518 829.6918653300391 1.0 829.6918653300391 1.0 1
119 nan 0.0625 0.2 -1.0 1.0 834.0318778897399 834.0327778094025 834.9960584823659 832.4602181944728 836.5542810624742 834.4158436124671 1.0 834.8493049166397 1.0 2
120 0.125 nan 0.2 1.0 1.0 837.748479435735 837.7494460161134 838.2395022679588 837.2614895768143 839.7983263146174 838.0812830591232 -1.0 838.0812830591232 -1.0 1
121 0.125 nan 0.2 1.0 1.0 841.1541420731085 841.1550753231289 841.8158496680132 840.4988339069158 843.3822753683934 841.5992023418216 -1.0 841.5992023418216 -1.0 1
122 nan 0.0 0.2 1.0 -1.0 844.6537963196911 844.6547629000695 845.7970609251829 844.0601826459263 848.354148501678 844.6471635784739 1.0 845.685004262005 -1.0 4
123 nan 1.0 0.2 -1.0 1.0 851.282337911848 851.2834044832999 851.6508050181629 849.181358803158 853.2041274205781 851.4896194074764 1.0 851.4896194074764 1.0 1
124 1.0 nan 0.2 1.0 1.0 854.4979175182567 854.4987174468457 854.8154558377378 853.9058370409541 856.3707784193145 854.6867006652642 -1.0 854.6867006652642 -1.0 1
125 nan 0.25 0.2 -1.0 1.0 857.5981740864157 857.5990406757205 858.3276089685238 857.0729876373696 859.8823323642496 857.956675415726 1.0 857.956675415726 1.0 1
126 0.0625 nan 0.2 1.0 1.0 861.7040075516824 861.7050407927766 863.3686922757804 860.5728418660995 864.9316139549652 862.1349690790142 1.0 863.218205709972 -1.0 3
127 nan 0.125 0.2 -1.0 1.0 866.6373004815692 866.6383670530213 867.1167243492522 865.6337234059342 868.6706522447222 866.9605049618892 1.0 866.9605049618892 1.0 1
128 nan 1.0 0.2 -1.0 1.0 870.0484292976342 870.0493292172969 870.7054706424365 869.371056434528 872.2646963058294 870.2398788732719 1.0 870.5707160055453 1.0 2
129 nan 1.0 0.2 -1.0 1.0 873.4706571228719 873.4716570336082 873.9373487938464 872.9532033168528 875.4873662056573 873.6333759300206 1.0 873.6333759300206 1.0 1
130 1.0 nan 0.2 1.0 1.0 877.91536033666 877.9163269170383 878.3176910865766 876.1894810755023 879.8818160120882 878.1279413591907 -1.0 878.1279413591907 -1.0 1
131 nan 0.125 0.2 -1.0 1.0 881.2705274818518 881.271294080083 881.7850482163778 880.5924213508722 883.3371591497397 881.5220050320233 1.0 881.5220050320233 1.0 1
132 nan 1.0 0.2 -1.0 1.0 884.9149688030461 884.9160020441403 885.2597046945538 884.1731683581663 886.8039246259852 885.0858202175166 1.0 885.0858202175166 1.0 1
133 nan 0.0625 0.2 -1.0 1.0 889.6984084439242 889.699275033229 890.0999725956098 887.5095371815163 891.6646951697056 889.6608118002406 1.0 889.971817369578 1.0 2
134 0.25 nan 0.2 1.0 1.0 893.0870725987811 893.0879391880859 893.4943029113055 892.3759027527889 895.037254459845 893.3083528447173 -1.0 893.3083528447173 -1.0 1
135 nan 0.125 0.2 -1.0 1.0 897.3317270045997 897.3325935939044 897.8044848007075 895.7725661935359 899.365010731349 897.6468655383137 1.0 897.6468655383137 1.0 1
136 nan 1.0 0.2 -1.0 1.0 901.5371849095566 901.5382514810086 901.8354582821855 900.0582169395415 903.370677643926 901.6376092778358 1.0 901.6376092778358 1.0 1
137 nan 0.0625 0.2 -1.0 1.0 904.831357499836 904.8322240891408 905.2960826796958 904.1082887160823 906.8481121191683 905.111932452433 1.0 905.111932452433 1.0 1
138 0.25 nan 0.2 1.0 1.0 908.103698705707 908.1045652950116 909.0029517611913 907.5547143811375 910.5643732597251 908.5151953040394 -1.0 908.8880620175939 -1.0 2
139 nan 0.0 0.2 -1.0 1.0 912.053712747905 912.0545460068519 914.0903309355372 911.2525842660065 915.6373555380202 912.7229196733318 1.0 913.9555096379303 1.0 3
140 0.25 nan 0.2 1.0 1.0 916.7981558700686 916.7991891111627 917.0979624391598 916.3285644579589 918.6370822728734 916.9853391598981 -1.0 916.9853391598981 -1.0 1
141 nan 1.0 0.8 -1.0 1.0 920.7479699301194 920.7488365194242 921.3571155506544 919.4495858390745 922.9038374519438 920.9728498547063 1.0 921.2718564952086 1.0 2
142 nan 0.125 0.8 -1.0 1.0 925.2811985744253 925.2821651548036 928.4526487870066 923.6309458952874 929.9982680935383 928.2584661220233 1.0 928.2584661220233 1.0 1
143 0.25 nan 0.8 1.0 1.0 931.2537320628741 931.254831964684 931.9249721401312 930.7106805420066 933.4817009150946 931.7083581442976 -1.0 931.7083581442976 -1.0 1
144 0.125 nan 0.8 -1.0 -1.0 934.6536618786929 934.6544951376397 934.931803715165 934.1838038237202 937.4810709677711 934.7453870235665 1.0 934.7453870235665 1.0 1
145 0.0625 nan 0.8 1.0 1.0 939.6870458732802 939.6881457750901 940.344720494882 938.160182178998 941.8978415610884 940.08854336425 -1.0 940.08854336425 -1.0 1
146 0.25 nan 0.8 1.0 1.0 943.3536852128198 943.3547851146296 943.673856630573 942.6187508216623 945.2204830874059 943.5375354668618 -1.0 943.5375354668618 -1.0 1
147 nan 0.25 0.8 -1.0 1.0 946.5311682201767 946.5321014701972 946.7881119490398 945.912290135142 948.3368346803056 946.6260264186907 1.0 946.6260264186907 1.0 1
148 nan 1.0 0.8 -1.0 1.0 949.5140685982557 949.5151018393498 949.9912593319609 949.0301451322595 951.5482834085142 949.7643462555437 1.0 949.7643462555437 1.0 1
149 nan 0.125 0.8 -1.0 1.0 952.8701023327523 952.8711022434885 953.3566922273785 952.2355923098739 954.914919734777 953.1858741432659 1.0 953.1858741432659 1.0 1
150 1.0 nan 0.8 1.0 1.0 956.2036380756828 956.2044046739139 956.6390325406121 955.608124571519 958.2148741447666 956.441816813062 -1.0 956.441816813062 -1.0 1
151 0.25 nan 0.8 1.0 1.0 963.2368435428076 963.2377434624702 963.6343413908323 959.0089876373584 965.1813655988922 963.4317594756643 -1.0 963.4317594756643 -1.0 1
152 0.25 nan 0.8 1.0 1.0 966.5201837667774 966.5210503560822 967.0043072149209 965.8990725477653 968.5480282951104 966.799025540765 -1.0 966.799025540765 -1.0 1
153 1.0 nan 0.8 1.0 1.0 969.7702269632296 969.7713935257552 970.1401606052912 969.2457404516988 971.6868824923275 969.9760419231116 -1.0 969.9760419231116 -1.0 1
154 0.25 nan 0.8 1.0 1.0 973.1139951260279 973.1150283671221 973.8145992485736 972.40009219069 975.3648267552818 973.6333154320881 -1.0 973.6333154320881 -1.0 1
155 nan 0.0 0.8 1.0 -1.0 976.7702687242682 976.7713686260781 977.5127024459478 976.0474332530196 980.053502559098 977.1107049996098 -1.0 977.4247769618718 -1.0 2
156 0.0625 nan 0.8 1.0 1.0 981.247769010206 981.2486689298686 981.6860298859125 980.750113436765 983.2368539577712 981.3975889688569 -1.0 981.3975889688569 -1.0 1
157 0.0 nan 0.8 1.0 1.0 984.6480987903192 984.6489987099818 985.169652230357 983.9292629620156 986.731182534356 984.888277349171 1.0 985.0209655038739 -1.0 2
158 nan 0.0625 0.8 -1.0 1.0 987.970035568709 987.9710021490874 988.4598251776913 987.4180848422887 990.003544404783 988.3136715584068 1.0 988.3136715584068 1.0 1
159 0.125 nan 0.8 1.0 1.0 991.3975629208488 991.3986628226587 991.9042510212741 990.6965588340088 993.4534969150691 991.7028356686317 -1.0 991.7028356686317 -1.0 1
160 0.0 nan 0.8 1.0 1.0 994.8138246120267 994.8149911745523 996.8541424693831 994.2758059751984 998.4148649904655 995.0665020550819 -1.0 996.7972475484894 -1.0 2
161 0.0625 nan 0.8 1.0 1.0 999.736551818467 999.737618389919 1000.5994081231512 999.1182736798742 1002.1642262025548 999.9740306183309 -1.0 1000.3988926901715 -1.0 3
162 0.125 nan 0.8 -1.0 -1.0 1004.4033352067804 1004.404268456801 1004.600950898625 1002.8946365575403 1007.164085667207 1004.410667885513 1.0 1004.410667885513 1.0 1
163 0.125 nan 0.8 1.0 1.0 1009.9532397573663 1009.9542729984605 1010.4872254208917 1007.8793915599871 1012.036648063471 1010.2188160489193 -1.0 1010.2188160489193 -1.0 1
164 nan 1.0 0.8 -1.0 1.0 1013.6811402946813 1013.6822401964912 1014.1752961805453 1012.7630555869972 1015.7480135976512 1014.0249429361684 1.0 1014.0249429361684 1.0 1
165 0.25 nan 0.8 1.0 1.0 1017.153163674585 1017.1542302460371 1017.6065565327672 1016.4655250612531 1019.1637765514279 1017.4415712612829 -1.0 1017.4415712612829 -1.0 1
166 0.125 nan 0.8 1.0 1.0 1020.4365372289128 1020.4375704700069 1020.614687991758 1019.8727875558045 1022.1700130824403 1020.4538690150081 -1.0 1020.4538690150081 -1.0 1
167 nan 0.0 0.8 1.0 -1.0 1023.4976972872837 1023.4985638765885 1023.7195441493039 1022.8774193272184 1026.2812739176932 1023.5001637337665 -1.0 1023.5001637337665 -1.0 1
168 0.0 nan 0.8 1.0 1.0 1029.0533679897821 1029.054201248729 1030.0662109049067 1027.0037842929364 1031.6310634549677 1029.8315318551045 -1.0 1029.8315318551045 -1.0 1
169 0.125 nan 0.8 1.0 1.0 1032.8865257972684 1032.8875257080047 1033.2613590019375 1032.3414744549282 1034.8200014147687 1033.1163386148207 -1.0 1033.1163386148207 -1.0 1
170 0.0 nan 0.8 1.0 1.0 1036.347583489431 1036.3485167394515 1039.188163239381 1035.6833094569697 1040.7476869639459 1039.011579003356 -1.0 1039.011579003356 -1.0 1
171 0.25 nan 0.8 1.0 1.0 1041.9031542008559 1041.904154111592 1042.2536895746337 1041.4411954406996 1043.813841984783 1042.1340002595023 -1.0 1042.1340002595023 -1.0 1
172 nan 0.0625 0.8 1.0 -1.0 1045.236523291997 1045.2374898723754 1046.3928200674181 1044.5170541868938 1048.9532187393224 1045.9527593523862 -1.0 1046.2711309308143 -1.0 2
173 1.0 nan 0.8 1.0 1.0 1050.2968382157478 1050.2978047961262 1050.5853124631615 1049.674827077073 1052.1475649583722 1050.4264266471682 -1.0 1050.4264266471682 -1.0 1
174 1.0 nan 0.8 1.0 1.0 1054.253018374153 1054.2541182759628 1054.6626818028021 1052.8866736833995 1056.2308076080678 1054.49343024551 -1.0 1054.49343024551 -1.0 1
175 0.125 nan 0.8 1.0 1.0 1058.453043430776 1058.4541100022282 1059.0649554710146 1056.9345123259627 1060.6308778947125 1058.8023122509549 -1.0 1058.8023122509549 -1.0 1
176 0.125 nan 0.8 1.0 1.0 1061.8532065591 1061.8541064787626 1062.744493659052 1061.328786708285 1064.3032176577722 1062.4442871256663 -1.0 1062.4442871256663 -1.0 1
177 0.0625 nan 0.8 1.0 1.0 1065.6969300900328 1065.6977633489796 1066.1263584209023 1065.0323227539927 1067.6804786585856 1065.9266429165116 -1.0 1065.9266429165116 -1.0 1
178 0.125 nan 0.8 1.0 1.0 1068.9529394205447 1068.9537393491337 1069.3889005015578 1068.3769908364538 1070.9469245034086 1069.2172158281405 -1.0 1069.2172158281405 -1.0 1
179 1.0 nan 0.8 1.0 1.0 1073.7361124185597 1073.73704566858 1074.1407762935276 1071.6580312657302 1075.6863877495566 1073.9157297171514 -1.0 1073.9157297171514 -1.0 1
180 0.0 nan 0.8 1.0 1.0 1077.2640308086209 1077.265064049715 1077.8919414206398 1076.5219970512358 1079.4474602929142 1077.495843447646 -1.0 1077.6746274872908 -1.0 2
181 0.0625 nan 0.8 1.0 1.0 1081.152950304833 1081.1540502066428 1085.6154519297265 1080.1515730328176 1087.1809730742452 1085.3330771378044 -1.0 1085.3330771378044 -1.0 1
182 0.0625 nan 0.8 1.0 1.0 1088.4528986260364 1088.4540318582042 1089.5092043278307 1087.902081131784 1091.0529280962871 1089.2534938222088 -1.0 1089.2534938222088 -1.0 1
183 0.125 nan 0.8 1.0 1.0 1092.2634584508828 1092.2643250401877 1093.0525546735882 1091.765236261358 1094.6028779942208 1092.7989106501548 -1.0 1092.7989106501548 -1.0 1
184 0.25 nan 0.8 1.0 1.0 1096.030155524765 1096.030988783712 1099.3672576159884 1095.3059868392013 1100.9301777999515 1099.2209706752722 -1.0 1099.2209706752722 -1.0 1
185 0.125 nan 0.8 1.0 1.0 1102.3362925651911 1102.3373258062852 1103.2465113084165 1101.6485872911433 1104.802935397529 1102.9825682043993 -1.0 1102.9825682043993 -1.0 1
186 0.25 nan 0.8 1.0 1.0 1105.9801672703015 1105.981367163185 1106.3463345819232 1105.4892444291513 1107.8974631908427 1106.1860488908992 -1.0 1106.1860488908992 -1.0 1
187 1.0 nan 0.8 1.0 1.0 1109.1195203482487 1109.1206202500587 1109.4864875884593 1108.6036663994075 1111.047209597455 1109.121053544711 -1.0 1109.121053544711 -1.0 1
188 nan 0.0625 0.8 1.0 -1.0 1112.2361421221246 1112.2373086846503 1113.543258766933 1111.7444193523856 1116.0971920640916 1112.4197257333035 -1.0 1112.7662614641365 -1.0 2
189 nan 0.0 0.8 1.0 -1.0 1118.352729417312 1118.3535960066167 1119.2425833118753 1116.7989014635082 1121.7971820592163 1118.946809716087 -1.0 1118.946809716087 -1.0 1
190 nan 0.0625 0.8 1.0 -1.0 1123.0028142963297 1123.0039141981395 1123.1902308986644 1122.513391321284 1125.7361227006222 1123.0285786629674 -1.0 1123.0285786629674 -1.0 1
191 0.0625 nan 0.8 1.0 1.0 1127.1471443249427 1127.1482442267525 1128.0197664244843 1126.578928383879 1129.569487690681 1127.866346787183 -1.0 1127.866346787183 -1.0 1
192 nan 0.125 0.8 1.0 -1.0 1130.8638125316536 1130.8648791031055 1134.2072140605153 1130.2677990721215 1136.7638822254955 1130.9617037927342 -1.0 1134.118588638924 -1.0 2
193 0.0625 nan 0.8 1.0 1.0 1137.9524797142833 1137.9535462857355 1143.4317905668888 1137.473989096621 1144.9800111674012 1143.186779106145 -1.0 1143.186779106145 -1.0 1
194 0.0625 nan 0.8 -1.0 -1.0 1146.9526429210803 1146.9539094746794 1151.8421397607185 1145.7069207954787 1154.397138997784 1150.8810922217328 -1.0 1151.4887713065211 1.0 2
195 nan 0.0625 0.8 1.0 -1.0 1155.6859299523671 1155.6867965416718 1158.7844533419166 1155.1246467257415 1161.33605338687 1158.6278006599011 -1.0 1158.6278006599011 -1.0 1
196 0.0 nan 0.8 1.0 1.0 1162.7134359282952 1162.7144358390315 1167.8590432378498 1162.034963163379 1169.4135646572042 1167.578168312032 -1.0 1167.578168312032 -1.0 1
197 0.125 nan 0.8 1.0 1.0 1171.0525914777027 1171.0534247366495 1173.2822257677926 1170.1350733861025 1174.8301431927143 1173.0215157084895 -1.0 1173.0215157084895 -1.0 1
198 1.0 nan 0.8 1.0 1.0 1176.1525695273256 1176.1537360898512 1178.4026019964354 1175.5972524347599 1179.9639259289745 1178.2246178853795 -1.0 1178.2246178853795 -1.0 1
199 0.0625 nan 0.8 1.0 1.0 1181.3023431316146 1181.3033763727087 1182.143168069743 1180.6456350903911 1183.6969898854754 1181.9845155662551 -1.0 1181.9845155662551 -1.0 1
200 0.25 nan 0.8 1.0 1.0 1184.8525262007367 1184.8533594596836 1185.43800726718 1184.3989000300496 1186.9859221617805 1185.193362440373 -1.0 1185.193362440373 -1.0 1
201 0.0625 nan 0.8 1.0 1.0 1188.4801690215618 1188.4814022448031 1191.1126006865786 1187.8231276767597 1192.6525235093548 1190.7382007765618 -1.0 1190.7382007765618 -1.0 1
202 0.0 nan 0.8 1.0 1.0 1194.0802357607506 1194.0813689929184 1194.880530983702 1193.341535039153 1196.430159979847 1194.3580776240017 -1.0 1194.8443342150492 -1.0 2
203 nan 0.0625 0.8 1.0 -1.0 1197.7024457332418 1197.7033123225467 1200.0399703917751 1197.1333632028734 1202.5965658823097 1199.8360219319343 -1.0 1199.8360219319343 -1.0 1
204 0.25 nan 0.8 1.0 1.0 1204.869005962227 1204.8699725426054 1205.3081000968805 1203.3233772764609 1206.8634232770257 1205.0761208060662 -1.0 1205.0761208060662 -1.0 1
205 nan 0.0 0.8 1.0 -1.0 1208.9689399541498 1208.9702731684647 1209.6856093091915 1207.5842302362068 1212.2466080437723 1209.4979927247095 -1.0 1209.4979927247095 -1.0 1
206 0.25 nan 0.8 1.0 1.0 1213.4856367409493 1213.4866033213277 1213.8364387575903 1212.944418389765 1215.385660797879 1213.6863188257184 -1.0 1213.6863188257184 -1.0 1
207 nan 0.25 0.2 -1.0 1.0 1216.7967411530294 1216.7976077423343 1217.4341842474007 1216.0915707714548 1218.9857098904697 1217.228869242887 1.0 1217.228869242887 1.0 1
208 nan 1.0 0.2 -1.0 1.0 1220.2465331842302 1220.2475664253243 1220.6424311750768 1219.6829168325535 1222.213456059024 1220.4898114663645 1.0 1220.4898114663645 1.0 1
209 nan 1.0 0.2 -1.0 1.0 1223.4190499682636 1223.4199165575683 1223.9619681676998 1222.878964849247 1225.52989376685 1223.6410634820732 1.0 1223.6410634820732 1.0 1
210 0.25 nan 0.2 1.0 1.0 1226.8188797930088 1226.819879703745 1227.2099115516055 1226.2288991282524 1228.7796352118728 1227.050625771318 -1.0 1227.050625771318 -1.0 1
211 nan 1.0 0.2 -1.0 1.0 1230.0355593012273 1230.0365258816057 1230.5005844543082 1229.4669433958693 1232.0355032457055 1230.3196339414014 1.0 1230.3196339414014 1.0 1
212 0.0625 nan 0.2 -1.0 -1.0 1233.346530391876 1233.3475303026123 1234.548189784366 1232.7443174857794 1237.1022773732202 1234.2457501170027 1.0 1234.2457501170027 1.0 1
213 nan 0.125 0.2 -1.0 1.0 1240.1798537028208 1240.180853613557 1240.5868173724823 1237.9447865643972 1242.1522363199385 1240.4541625481372 1.0 1240.4541625481372 1.0 1
214 0.0 nan 0.2 1.0 1.0 1243.445962131769 1243.4468287210739 1244.599892451781 1242.9039438519956 1246.1636100337194 1243.948750580323 1.0 1244.359013955414 -1.0 3
215 nan 0.125 0.2 -1.0 1.0 1247.335448244065 1247.336481485159 1248.1641409319266 1246.8697231534688 1249.7304609167297 1247.6511533938628 1.0 1248.1159119040806 1.0 2
216 1.0 nan 0.2 1.0 1.0 1251.0854134782935 1251.0864800497457 1251.4863776835373 1250.4699684201203 1253.0355023111686 1251.3032606973686 -1.0 1251.3032606973686 -1.0 1
217 nan 0.0 0.2 -1.0 1.0 1254.546004545446 1254.546804474035 1255.701534722636 1253.7475091618196 1257.2521586034925 1255.4470241098977 1.0 1255.4470241098977 1.0 1
218 0.125 nan 0.2 -1.0 -1.0 1258.479420069422 1258.4804533105162 1259.8617633319557 1257.9624662187712 1262.429629172888 1259.706777167834 1.0 1259.706777167834 1.0 1
219 nan 1.0 0.2 -1.0 1.0 1263.8853708043432 1263.8864373757951 1264.2791689826436 1263.1349377967736 1265.8354890191304 1264.1026847376922 1.0 1264.1026847376922 1.0 1
220 0.125 nan 0.2 -1.0 -1.0 1267.1795767249805 1267.1804099839273 1267.4924154640012 1266.5434001842084 1270.0521497498569 1267.3122315493254 1.0 1267.3122315493254 1.0 1
221 nan 0.25 0.2 1.0 -1.0 1271.263412154049 1271.2644453951434 1271.3997333177606 1270.757557312571 1273.9521031548552 1271.2682450559412 -1.0 1271.2682450559412 -1.0 1
222 0.25 nan 0.2 1.0 1.0 1276.59656938737 1276.5977026195378 1277.0179651019914 1274.6412106122386 1278.5686840834458 1276.7996179275483 -1.0 1276.7996179275483 -1.0 1
223 nan 0.25 0.2 1.0 -1.0 1279.8293807888003 1279.8303473691788 1284.9956862505958 1279.2936952770233 1287.5520047737818 1284.7185109945021 -1.0 1284.7185109945021 -1.0 1
224 1.0 nan 0.2 1.0 1.0 1290.0625339244903 1290.0633005227214 1290.4914622999916 1288.4182140490543 1292.0632799730688 1290.3202775819425 -1.0 1290.3202775819425 -1.0 1
225 nan 0.25 0.2 -1.0 1.0 1293.26868103962 1293.2696476199985 1293.6631124947203 1292.7873906718962 1295.2186355492818 1293.478828946026 1.0 1293.478828946026 1.0 1
226 nan 0.25 0.2 -1.0 1.0 1296.3796699830152 1296.3806365633936 1296.8112314567888 1295.9053456600873 1298.368563087262 1296.6366470422363 1.0 1296.6366470422363 1.0 1
227 nan 0.0625 0.2 1.0 -1.0 1299.812863495994 1299.8139300674459 1305.386265948882 1299.045565327339 1307.9460972551751 1305.267809856992 -1.0 1305.267809856992 -1.0 1
228 nan 0.25 0.2 -1.0 1.0 1309.3184815799746 1309.3195814817846 1309.9837221928142 1308.6634067262871 1311.5460724731363 1309.694647998959 1.0 1309.694647998959 1.0 1
229 0.125 nan 0.2 1.0 1.0 1312.7186113779408 1312.719544627961 1313.882907439252 1312.24338713535 1315.4352320596563 1313.4269148131555 -1.0 1313.859609519097 -1.0 2
230 nan 1.0 0.2 -1.0 1.0 1316.662659286079 1316.6635258753838 1317.1512490021778 1316.1353396941288 1318.7130760118735 1316.9640657123482 1.0 1316.9640657123482 1.0 1
231 1.0 nan 0.2 1.0 1.0 1320.0182930562812 1320.0191929759437 1320.3858935732915 1319.3846829530655 1321.9352178501676 1320.2406732040272 -1.0 1320.2406732040272 -1.0 1
232 nan 1.0 0.2 -1.0 1.0 1323.146147160761 1323.1471804018554 1323.5312461156561 1322.647225033721 1325.0958681748396 1323.3618945672902 1.0 1323.3618945672902 1.0 1
233 nan 0.125 0.2 -1.0 1.0 1326.2851336047718 1326.2861668458659 1326.7477923024433 1325.7802786740297 1328.301817040364 1326.5997721831177 1.0 1326.5997721831177 1.0 1
234 nan 0.125 0.2 -1.0 1.0 1329.7461246362186 1329.7471578773127 1329.9294416045345 1328.9922252714298 1331.4962642151336 1329.7574569578965 1.0 1329.7574569578965 1.0 1
235 nan 0.125 0.2 -1.0 1.0 1332.9350732866847 1332.9361398581368 1333.3197722772852 1332.1965725472346 1334.868512193901 1333.0913260044056 1.0 1333.0913260044056 1.0 1
236 nan 0.0625 0.2 -1.0 1.0 1336.211914090869 1336.2127806801736 1339.5422834498013 1335.734323392869 1341.1129070582992 1339.2483430236962 1.0 1339.2483430236962 1.0 1
237 0.125 nan 0.2 1.0 1.0 1343.1017656887707 1343.102765599507 1344.0537473704142 1341.796315561856 1345.6018734713753 1343.5784897974656 1.0 1343.7366090152277 -1.0 2
238 nan 0.0625 0.2 -1.0 1.0 1346.9122921832593 1346.913425415427 1347.3898828812592 1346.2850815087556 1348.93501068777 1347.2259975115846 1.0 1347.2259975115846 1.0 1
239 nan 0.0 0.2 1.0 -1.0 1350.829142519371 1350.8300757693917 1352.0817306986949 1349.6342158591722 1354.6349973500319 1351.4148568983194 1.0 1351.6876325471735 -1.0 2
240 nan 0.0625 0.2 -1.0 1.0 1355.829162825725 1355.8303627186085 1356.0246120443076 1355.3394065471005 1357.578637137179 1355.8535606476898 1.0 1355.8535606476898 1.0 1
241 nan 1.0 0.2 -1.0 1.0 1360.1516102868252 1360.1526768582773 1360.4686819812962 1358.2794440849514 1362.018299572568 1360.3173288261828 1.0 1360.3173288261828 1.0 1
242 0.0625 nan 0.2 -1.0 -1.0 1363.712092436531 1363.7129923561936 1364.6220112065355 1362.7869083626194 1367.1683793366697 1364.3760331654134 1.0 1364.3760331654134 1.0 1
243 nan 0.0 0.2 -1.0 1.0 1368.3624772887695 1368.3633438780744 1371.1309301442768 1367.8640884474553 1372.6964512257832 1370.6827701522811 1.0 1371.1306968317717 1.0 3
244 nan 0.0625 0.2 1.0 -1.0 1374.0681012713503 1374.0689678606552 1375.6262955020359 1373.418059301702 1378.1682309119287 1375.317556397034 1.0 1375.317556397034 1.0 1
245 0.125 nan 0.2 1.0 1.0 1379.4456212110035 1379.4466211217398 1380.0649659210485 1378.8692393322603 1381.6181874406545 1379.388159674026 1.0 1379.388159674026 1.0 1
246 nan 0.125 0.2 -1.0 1.0 1383.0116028697587 1383.012602780495 1383.3525057701106 1382.3268973279198 1384.9123310658506 1383.2347162853782 1.0 1383.2347162853782 1.0 1
247 nan 0.0625 0.2 -1.0 1.0 1386.1180588844827 1386.1189254737874 1386.6305797975363 1385.6094376233007 1388.1961968086919 1386.4206318732777 1.0 1386.4206318732777 1.0 1
248 nan 0.25 0.2 -1.0 1.0 1389.5180220306593 1389.5188886199642 1389.8822228511663 1388.9015104010339 1391.4456333475584 1389.7391689551641 1.0 1389.7391689551641 1.0 1
249 nan 0.0 0.2 -1.0 1.0 1392.884788140392 1392.8858880422017 1393.2508554609399 1392.320138547621 1394.8015784287645 1393.065938635446 1.0 1393.065938635446 1.0 1
250 nan 1.0 0.2 -1.0 1.0 1396.9121619432194 1396.913528487892 1397.2400326736417 1395.5087872248662 1398.7961500138115 1397.0860130898986 1.0 1397.0860130898986 1.0 1
251 nan 1.0 0.2 -1.0 1.0 1400.818113252306 1400.8191798237578 1401.1538832775448 1399.5206624112814 1402.71230555141 1401.0130958458783 1.0 1401.0130958458783 1.0 1
252 nan 1.0 0.2 -1.0 1.0 1404.0347260998087 1404.0358593319766 1404.4100259294883 1403.4338130776691 1405.951350322099 1404.2627390780358 1.0 1404.2627390780358 1.0 1
253 nan 0.25 0.2 -1.0 1.0 1407.2783698675487 1407.2795030997165 1407.5785764009345 1406.6615582647023 1409.1180018281414 1407.4551874160788 1.0 1407.4551874160788 1.0 1
254 nan 0.0625 0.2 -1.0 1.0 1410.3791930517916 1410.38015963217 1410.7424272919202 1409.812610298264 1412.2846460216044 1410.5520109573768 1.0 1410.5520109573768 1.0 1
255 0.125 nan 0.2 1.0 1.0 1413.9784717380646 1413.9794716488009 1414.652578226099 1413.0418553514016 1416.2121019886347 1414.202685055494 1.0 1414.4474965340903 -1.0 2
256 1.0 nan 0.8 1.0 1.0 1417.467993555853 1417.4687934844421 1417.7986307059791 1416.921808981345 1419.3345519539237 1417.6782747836903 -1.0 1417.6782747836903 -1.0 1
257 0.25 nan 0.8 1.0 1.0 1420.612479508913 1420.6134460892913 1420.9411834982825 1420.0589622556724 1422.4951085779603 1420.8102285221892 -1.0 1420.8102285221892 -1.0 1
258 0.25 nan 0.8 1.0 1.0 1425.3178927820043 1425.318759371309 1425.713257487125 1423.1846165565328 1427.2625805693901 1425.5375731707625 -1.0 1425.5375731707625 -1.0 1
259 0.25 nan 0.8 1.0 1.0 1428.551170808445 1428.5521040584654 1428.9343032722252 1427.9702893313886 1430.4958244554323 1428.7965489031253 -1.0 1428.7965489031253 -1.0 1
260 nan 0.25 0.8 -1.0 1.0 1431.7678503166635 1431.7687502363262 1432.146349860699 1431.2161329027483 1433.6846744640382 1432.0133617327754 1.0 1432.0133617327754 1.0 1
261 1.0 nan 0.8 1.0 1.0 1435.5624449000877 1435.563378150108 1435.9215795061975 1434.3790838740715 1437.478820159633 1435.7706263153786 -1.0 1435.7706263153786 -1.0 1
262 0.25 nan 0.8 1.0 1.0 1439.9344879337068 1439.9353878533695 1440.3506507821419 1438.3658279706485 1441.9012755074132 1440.2078968593605 -1.0 1440.2078968593605 -1.0 1
263 nan 0.0625 0.8 -1.0 1.0 1443.3121530704648 1443.3130196597695 1444.4906145338732 1442.6078826085527 1446.0455384078082 1444.063452667339 1.0 1444.063452667339 1.0 1
264 1.0 nan 0.8 1.0 1.0 1448.7012053139429 1448.7023385461107 1449.0767717864856 1446.737947243995 1450.6176972824244 1448.9211190152064 -1.0 1448.9211190152064 -1.0 1
265 0.0625 nan 0.8 -1.0 -1.0 1451.961980885631 1451.9633807606617 1452.3219820810457 1451.328704085994 1454.8678802964505 1452.0975021207532 1.0 1452.0975021207532 1.0 1
266 0.25 nan 0.8 1.0 1.0 1456.0287511714673 1456.02965109113 1456.417983090739 1455.5618928487036 1457.9782118644025 1456.2564308461158 -1.0 1456.2564308461158 -1.0 1
267 0.125 nan 0.8 1.0 1.0 1459.2844605287582 1459.2852937877053 1459.8382444248618 1458.6767147832543 1461.3956659677724 1459.6752256444922 -1.0 1459.6752256444922 -1.0 1
268 0.125 nan 0.8 1.0 1.0 1463.067656129789 1463.0686227101673 1463.7853920562827 1462.0919765636959 1465.3452143343952 1463.353063984278 -1.0 1463.766793716588 -1.0 2
269 nan 1.0 0.8 -1.0 1.0 1466.534479973864 1466.535613206032 1468.3126545665286 1466.0813204281872 1469.8674768289304 1468.1004735082925 1.0 1468.1004735082925 1.0 1
270 nan 0.125 0.8 -1.0 1.0 1472.7114952078798 1472.7125951096898 1473.1237250740855 1470.5840851253945 1474.6844475009307 1472.8945455333328 1.0 1472.8945455333328 1.0 1
271 1.0 nan 0.8 1.0 1.0 1476.1122249522878 1476.113224863024 1476.4219972983838 1475.3919559185954 1477.984515322956 1476.292475527679 -1.0 1476.292475527679 -1.0 1
272 0.0625 nan 0.8 1.0 1.0 1479.361901514803 1479.3629014255396 1482.282174150434 1478.6944277679859 1483.8453924777878 1482.1247882005453 -1.0 1482.1247882005453 -1.0 1
273 1.0 nan 0.8 1.0 1.0 1485.317536511809 1485.3185364225453 1487.583667543773 1484.6088997730155 1489.1451878918788 1487.1179757835346 1.0 1487.3631205657098 -1.0 2
274 0.0625 nan 0.8 1.0 1.0 1490.4342797314434 1490.4351796511062 1492.0769330889857 1489.8433991470245 1493.6453417657615 1491.1358504343675 -1.0 1491.875551066701 -1.0 2
275 0.25 nan 0.8 1.0 1.0 1495.117661637979 1495.1188282005046 1495.5930858627169 1494.5121490264523 1497.1509038344618 1495.4349999753126 -1.0 1495.4349999753126 -1.0 1
276 0.125 nan 0.8 1.0 1.0 1498.578919312289 1498.5798525623093 1498.9120229088978 1497.8673161716442 1500.4787445915736 1498.7794014149108 -1.0 1498.7794014149108 -1.0 1
277 1.0 nan 0.8 1.0 1.0 1501.6842420948449 1501.6851420145076 1501.825762794385 1501.221150102521 1503.3842848050508 1501.6425124867847 -1.0 1501.6425124867847 -1.0 1
278 0.125 nan 0.8 1.0 1.0 1504.661509642443 1504.6624428924636 1505.3946108639173 1504.094993549631 1506.9618330947517 1504.849092896567 -1.0 1504.849092896567 -1.0 1
279 0.25 nan 0.8 -1.0 -1.0 1508.2507892213532 1508.2517891320895 1511.2400890281442 1507.676840458735 1513.812251810184 1511.0402402023221 1.0 1511.0402402023221 1.0 1
280 0.0625 nan 0.8 1.0 1.0 1515.0174518165466 1515.018418396925 1516.1635828328158 1514.5243625021346 1517.7283050845715 1516.014796115259 -1.0 1516.014796115259 -1.0 1
281 nan 1.0 0.8 -1.0 1.0 1519.1008206206052 1519.1017205402677 1519.6174078373194 1518.448312204474 1521.178560813666 1519.3711298229764 1.0 1519.3711298229764 1.0 1
282 0.0 nan 0.8 1.0 1.0 1522.4341563813884 1522.435056301051 1524.4639085152983 1521.8962710659916 1526.0175313119225 1524.1720012410235 -1.0 1524.1720012410235 -1.0 1
283 nan 1.0 0.8 -1.0 1.0 1527.1945647449745 1527.1956979771421 1527.6892539165644 1526.7316394044399 1529.2508771490602 1527.4123453033337 1.0 1527.4123453033337 1.0 1
284 0.25 nan 0.8 -1.0 -1.0 1530.6614552497654 1530.662355169428 1531.6043377437088 1529.9534851181293 1534.1616400337132 1531.440319052603 1.0 1531.440319052603 1.0 1
285 0.0625 nan 0.8 1.0 1.0 1535.4341291850496 1535.4349957743543 1536.2223588184502 1534.8628468510615 1537.783983193972 1535.8064626128782 -1.0 1536.0557070290722 -1.0 2
286 0.125 nan 0.8 1.0 1.0 1539.0787371580334 1539.0796370776961 1541.086524586103 1538.4921895201383 1542.6341750472777 1540.8012167226877 -1.0 1540.8012167226877 -1.0 1
287 1.0 nan 0.8 1.0 1.0 1544.045360445796 1544.0463603565322 1544.5115854917601 1543.3655877969225 1546.0787116328925 1544.328835139528 -1.0 1544.328835139528 -1.0 1
288 0.0625 nan 0.8 -1.0 -1.0 1547.3172016962988 1547.3183015981085 1550.3156006907898 1546.7907153632952 1552.8674151785665 1550.1704136518836 1.0 1550.1704136518836 1.0 1
289 0.0625 nan 0.8 1.0 1.0 1554.328275805794 1554.3292423861724 1554.8116326557065 1553.7409282393098 1556.3787550999427 1554.449664969177 -1.0 1554.6559798844273 -1.0 2
290 0.25 nan 0.8 1.0 1.0 1559.2006075111265 1559.2015740915049 1559.5843065909905 1557.1154603224275 1561.1338288939858 1559.421021167758 -1.0 1559.421021167758 -1.0 1
291 0.25 nan 0.8 1.0 1.0 1562.3614920002613 1562.3625585717132 1562.9037769228976 1561.8396385870026 1564.4615931229232 1562.5730731120557 -1.0 1562.894577744124 -1.0 2
292 0.0625 nan 0.8 1.0 1.0 1565.8340153355332 1565.8348819248379 1566.3176054979506 1565.1849066159054 1567.867331046752 1566.136888297549 -1.0 1566.136888297549 -1.0 1
293 0.25 nan 0.8 1.0 1.0 1569.0778257550626 1569.0788589961567 1569.5095538806254 1568.5860363246077 1571.0672759971599 1569.3674998953595 -1.0 1569.3674998953595 -1.0 1
294 nan 0.0625 0.2 -1.0 1.0 1572.9441472686349 1572.9451805097292 1573.452201913733 1571.7744850197057 1575.000426959017 1573.2638187310201 1.0 1573.2638187310201 1.0 1
295 1.0 nan 0.2 1.0 1.0 1576.3948392194984 1576.3958391302347 1576.7364753877234 1575.7116335437638 1578.2838934391245 1576.6074869027448 -1.0 1576.6074869027448 -1.0 1
296 nan 0.0 0.2 -1.0 1.0 1579.4944291804998 1579.495495751952 1579.8911270999356 1578.991907374809 1581.4505240319947 1579.622251102953 -1.0 1579.7176759175509 1.0 2
297 nan 1.0 0.2 -1.0 1.0 1582.7282738230244 1582.7291404123291 1583.072443098448 1582.1391264172148 1584.6283891716616 1582.937688461557 1.0 1582.937688461557 1.0 1
298 nan 0.0625 0.2 -1.0 1.0 1585.867226936677 1585.8681268563398 1586.9862270416354 1585.3558059254335 1588.5337515458216 1586.7519479561277 1.0 1586.7519479561277 1.0 1
299 nan 0.0625 0.2 1.0 -1.0 1589.7115504140515 1589.712816967651 1591.1614209816412 1589.2275602873397 1593.7281172957337 1591.018067112418 -1.0 1591.018067112418 -1.0 1
300 0.25 nan 0.2 1.0 1.0 1595.0004449321134 1595.0014115124918 1595.5828262752743 1594.4807246617588 1597.1336526162213 1595.2868193669808 -1.0 1595.2868193669808 -1.0 1
301 nan 1.0 0.2 -1.0 1.0 1598.3778100956504 1598.378743345671 1598.738877862517 1597.8458575839554 1600.2837008589988 1598.584791618058 1.0 1598.584791618058 1.0 1
302 nan 0.25 0.2 -1.0 1.0 1601.510897066317 1601.511730325264 1602.4248488096246 1600.9845107243873 1603.9669550380981 1601.731744017601 1.0 1602.3324570575933 1.0 2
303 0.0625 nan 0.2 -1.0 -1.0 1605.3615866420457 1605.3627198742136 1605.7900483925368 1604.850765577244 1608.333715807395 1605.5405706638378 1.0 1605.5405706638378 1.0 1
304 nan 0.0625 0.2 1.0 -1.0 1609.6447376112108 1609.6457041915892 1609.8393535708465 1609.043324633703 1612.3949844317522 1609.567744484518 -1.0 1609.567744484518 -1.0 1
305 nan 0.0 0.2 1.0 -1.0 1613.7503710943301 1613.7513376747086 1614.1956646755484 1613.1001958032502 1616.7504619998201 1614.0532773867037 -1.0 1614.0532773867037 -1.0 1
306 nan 0.125 0.2 1.0 -1.0 1618.1947076741815 1618.19567425456 1619.0823284347673 1617.4561736043736 1621.6445281154074 1618.4642836086796 1.0 1618.8053864911788 -1.0 2
307 nan 0.125 0.2 -1.0 1.0 1622.8169617043732 1622.8179949454673 1623.4043426012154 1622.3656353283793 1624.9502638376368 1623.2183258739115 1.0 1623.2183258739115 1.0 1
308 nan 0.25 0.2 -1.0 1.0 1626.4780348741474 1626.478968124168 1636.3916498688836 1625.7147696787956 1637.944767048423 1635.6667479154469 -1.0 1635.6667479154469 -1.0 1
309 nan 1.0 0.2 -1.0 1.0 1640.0834536286193 1640.0842535572083 1640.6824001596444 1638.6906779640706 1642.2336259292515 1640.3285984107945 1.0 1640.3285984107945 1.0 1
310 1.0 nan 0.2 0.0 -1.0 1645.1779321691927 1645.178898749571 1705.18067562228 1642.9269331197047 1707.6799928994708 1681.8214276087276 -1.0 1681.995012112544 1.0 2
311 nan 0.25 0.2 0.0 -1.0 1710.5275316326877 1710.5283315612767 1770.5301417643434 1708.5923043937132 1773.029468644093 nan 0.0 nan 0.0 0
312 0.0625 nan 0.2 1.0 1.0 1774.343901303546 1774.3448012232086 1821.080062420325 1773.848378873009 1822.6440746379903 1820.6791982061548 -1.0 1820.756024681058 -1.0 2
313 nan 1.0 0.2 1.0 -1.0 1824.2825765264465 1824.2836430978984 1836.4106271680812 1823.4606832315915 1838.9659239275752 1827.4832907932425 -1.0 1836.169782002072 -1.0 2
314 nan 0.0625 0.2 1.0 -1.0 1840.210087983755 1840.21095457306 1871.993517289656 1839.693234124178 1874.5490437726203 1859.1746949810488 -1.0 1871.7147088460263 -1.0 2
315 nan 0.0625 0.2 1.0 -1.0 1875.943264688991 1875.9441646086536 1881.0778063197308 1875.3261531129237 1883.6431855658464 1880.874091172395 -1.0 1880.874091172395 -1.0 1
316 nan 1.0 0.2 -1.0 1.0 1885.0156881116623 1885.0164547098934 1887.9459598546557 1884.5362975743371 1889.5095812074476 1887.6493196695626 1.0 1887.6493196695626 1.0 1
317 1.0 nan 0.2 -1.0 -1.0 1890.665583735875 1890.6664503251798 1895.268439497783 1890.21349076165 1897.8157035717659 1895.088088931318 1.0 1895.088088931318 1.0 1
318 nan 0.125 0.2 1.0 -1.0 1899.0597010454196 1899.0607676168715 1902.2894127235675 1898.5494132663437 1904.843012427508 1902.1155615768882 -1.0 1902.1155615768882 -1.0 1
319 nan 0.125 0.2 1.0 -1.0 1907.3155640304958 1907.3163972894426 1907.9017117040967 1905.5518214827914 1910.4597767790203 1907.75715794199 -1.0 1907.75715794199 -1.0 1
320 nan 0.0625 0.2 1.0 -1.0 1911.6821075550656 1911.6830408050862 1911.9617159272843 1911.2110829375674 1914.5156462200343 1911.8718572824516 -1.0 1911.8718572824516 -1.0 1
321 nan 0.0 0.2 1.0 -1.0 1915.9433604791063 1915.9443603898426 1916.9083743306792 1915.2302574723574 1919.465608431486 1916.7734530419987 -1.0 1916.7734530419987 -1.0 1
322 1.0 nan 0.2 1.0 1.0 1920.7264668164057 1920.7273334057104 1921.0033420992784 1920.1791156793722 1922.5592602647425 1920.9003512934428 -1.0 1920.9003512934428 -1.0 1
323 nan 0.0625 0.2 1.0 -1.0 1924.015273219067 1924.0163397905192 1924.5733234009788 1923.2867715869795 1927.115326292976 1924.3739078698088 -1.0 1924.3739078698088 -1.0 1
324 0.125 nan 0.2 1.0 1.0 1929.3763946226454 1929.377327872666 1930.7210745807797 1927.815833936551 1932.2760968142652 1930.618883703533 -1.0 1930.618883703533 -1.0 1
325 nan 0.25 0.2 -1.0 1.0 1933.4987932757763 1933.4996265347231 1933.9587188841022 1932.988105532406 1935.5265400116334 1933.761236513689 1.0 1933.761236513689 1.0 1
326 nan 1.0 0.2 -1.0 1.0 1936.7652016779455 1936.7663015797552 1937.208062143039 1936.2511475684296 1938.7821865740575 1937.0377106839364 1.0 1937.0377106839364 1.0 1
327 nan 0.0 0.2 1.0 -1.0 1940.0099453474952 1940.0109452582315 1943.3609461979527 1939.459594478253 1945.9154063108112 1943.178062524289 -1.0 1943.178062524289 -1.0 1
328 nan 1.0 0.2 1.0 -1.0 1947.2264344525781 1947.2276010151038 1947.3209260171554 1946.6635180384167 1949.865458480161 1947.2028032288442 -1.0 1947.2028032288442 -1.0 1
329 0.0625 nan 0.2 -1.0 -1.0 1951.1928803612088 1951.1942469058818 1952.1462285875255 1950.610765660911 1954.7265258845325 1951.9362806632669 1.0 1951.9362806632669 1.0 1
330 nan 0.25 0.2 -1.0 1.0 1955.9653876447037 1955.9662209036508 1956.3349546528286 1955.435834918776 1957.9095816353642 1956.1940672300884 1.0 1956.1940672300884 1.0 1
331 nan 0.0625 0.2 -1.0 1.0 1959.3653174605226 1959.3662173801852 1959.838208578062 1958.8386978060878 1961.3986305984915 1959.667757127886 1.0 1959.667757127886 1.0 1
332 nan 0.0625 0.2 -1.0 1.0 1962.6094945139887 1962.6108610586614 1963.083152229759 1962.1264376372972 1964.6592737977885 1962.8528061264806 1.0 1962.8528061264806 1.0 1
333 0.0625 nan 0.2 1.0 1.0 1966.198474119678 1966.1995406911299 1966.9565064488434 1965.3702813871844 1968.526126606308 1966.6034379678667 -1.0 1966.6034379678667 -1.0 1
334 nan 0.25 0.2 -1.0 1.0 1969.8985438081668 1969.8995103885452 1970.3144400137387 1969.255034588662 1971.892488428832 1969.9744370330495 -1.0 1969.9744370330495 -1.0 1
335 nan 0.25 0.2 -1.0 1.0 1973.1318218346073 1973.1328217453436 1973.504688548162 1972.6212007519528 1975.0760416919172 1973.305273016992 1.0 1973.305273016992 1.0 1
336 nan 0.25 0.2 -1.0 1.0 1976.2817406360011 1976.282807207453 1977.2919504528534 1975.7917510448715 1978.8485772079391 1976.504187444463 -1.0 1977.0299405095932 1.0 3
337 nan 0.125 0.2 -1.0 1.0 1980.276317366679 1980.2771506256258 1981.0435155442601 1979.5673806546645 1982.6092363648775 1980.5324278365952 1.0 1980.991520185974 1.0 2
338 nan 0.0625 0.2 -1.0 1.0 1983.781771095532 1983.782804336626 1984.4395457082073 1983.3060468975732 1985.9986971305475 1984.0948764774155 1.0 1984.2239982838257 1.0 2
339 0.25 nan 0.2 1.0 1.0 1987.2090318048088 1987.2101317066188 1987.6855226009986 1986.7176090082905 1989.2486454242746 1987.4059142287801 -1.0 1987.4059142287801 -1.0 1
340 0.125 nan 0.2 1.0 1.0 1990.509170529148 1990.5101037791685 1990.8675718673844 1989.955253311613 1992.4427930903157 1990.7099859353486 -1.0 1990.7099859353486 -1.0 1
341 nan 0.125 0.2 -1.0 1.0 1993.8150754053995 1993.8161086464938 1994.185309020682 1993.1463017746253 1995.759233066887 1994.0119911597287 1.0 1994.0119911597287 1.0 1
342 nan 0.125 0.2 -1.0 1.0 1996.9983578950269 1996.9994244664788 1997.3971556270087 1996.4636389636282 1998.9650778202606 1997.193407149315 1.0 1997.193407149315 1.0 1
343 nan 0.25 0.2 -1.0 1.0 2000.4092533985868 2000.4101199878914 2000.7697878797273 1999.6685861858746 2002.3318124298523 2000.5950701437432 1.0 2000.5950701437432 1.0 1
344 1.0 nan 0.2 1.0 1.0 2003.5759707003497 2003.5770706021597 2003.888642787581 2003.0468179387165 2005.448362741328 2003.7629873383898 -1.0 2003.7629873383898 -1.0 1
345 nan 1.0 0.2 -1.0 1.0 2006.7591198685454 2006.760053118566 2007.0630927323712 2006.1472744890227 2008.6150142006613 2006.9148393005405 1.0 2006.9148393005405 1.0 1
346 0.0 nan 0.2 -1.0 -1.0 2009.7927157209533 2009.7937156316896 2010.6480393647576 2009.3231243088437 2013.2094841941002 2010.418026565058 1.0 2010.418026565058 1.0 1
347 nan 0.0625 0.2 -1.0 1.0 2014.6482822562743 2014.649382158084 2015.4913069980223 2014.1208960036083 2017.0592287937593 2014.9193247265189 1.0 2014.9193247265189 1.0 1
348 nan 1.0 0.2 -1.0 1.0 2018.3648838022693 2018.3660170344372 2019.415190039646 2017.7967345219215 2020.9650074853269 2019.2607038308925 1.0 2019.2607038308925 1.0 1
349 nan 0.25 0.2 -1.0 1.0 2022.4258879361932 2022.4266878647823 2022.8997123037532 2021.677221437591 2024.4752657049087 2022.6839648972243 1.0 2022.6839648972243 1.0 1
350 nan 0.25 0.2 -1.0 1.0 2026.5649517682618 2026.565985009356 2026.9042881417936 2025.2021734258012 2028.4649110387738 2026.7481354151464 1.0 2026.7481354151464 1.0 1
351 nan 0.125 0.2 -1.0 1.0 2030.2425234651846 2030.2433233937736 2030.6105239464894 2029.1947170046487 2032.1649751646803 2030.451971434075 1.0 2030.451971434075 1.0 1
352 0.125 nan 0.2 1.0 1.0 2033.6252881466976 2033.6263213877917 2034.3616890736016 2032.8922869162968 2035.9150160109307 2034.1850048465028 -1.0 2034.1850048465028 -1.0 1
353 nan 0.0625 0.2 -1.0 1.0 2037.2420652708552 2037.2429651905177 2037.9077391783471 2036.6248203733564 2039.4649611027362 2037.6757932178905 1.0 2037.6757932178905 1.0 1
354 nan 0.0625 0.2 1.0 -1.0 2040.692357257424 2040.6932905074445 2041.4226587288367 2040.1878689606185 2043.9815251114724 2041.221610010131 -1.0 2041.221610010131 -1.0 1
355 0.25 nan 0.8 1.0 1.0 2045.2924132692704 2045.293279858575 2045.592353159793 2044.6947332918446 2047.1592740836768 2045.4724305321565 -1.0 2045.4724305321565 -1.0 1
356 0.125 nan 0.8 1.0 1.0 2048.4481648832925 2048.449598088681 2049.0387121641324 2047.8689832544876 2050.6086304777705 2048.8812595535283 -1.0 2048.8812595535283 -1.0 1
357 1.0 nan 0.8 1.0 1.0 2051.9981479702674 2051.999247872077 2052.342550558196 2051.3353404735526 2053.909370870566 2052.1722324294515 -1.0 2052.1722324294515 -1.0 1
358 0.125 nan 0.8 1.0 1.0 2055.1314015927233 2055.132568155249 2055.6881185603197 2054.6585771358996 2057.248033547305 2055.5589634235516 -1.0 2055.5589634235516 -1.0 1
359 0.0625 nan 0.8 1.0 1.0 2061.5252641350776 2061.526230715456 2064.9843553361256 2057.974247807009 2066.5480677057135 2064.869832226465 -1.0 2064.869832226465 -1.0 1
360 0.25 nan 0.8 1.0 1.0 2067.8753972478994 2067.8765304800672 2071.9758311951905 2067.35637691506 2073.5417533948475 2071.775749056863 -1.0 2071.775749056863 -1.0 1
361 0.0 nan 0.8 1.0 1.0 2074.9646310466132 2074.965497635918 2075.5865088638566 2074.2656601116037 2077.1481241334786 2075.2713369997846 -1.0 2075.2713369997846 -1.0 1
362 0.0625 nan 0.8 1.0 1.0 2078.4420872748506 2078.4431871766606 2078.927243964088 2077.8761377981227 2080.492477853909 2078.684232324817 -1.0 2078.684232324817 -1.0 1
363 1.0 nan 0.8 1.0 1.0 2082.8978561674535 2082.898822747832 2083.1848972094785 2081.407989170413 2084.748020934661 2083.062574796075 -1.0 2083.062574796075 -1.0 1
364 0.25 nan 0.8 1.0 1.0 2086.1420665512774 2086.1431331227295 2086.918463907632 2085.4718263847567 2088.475683292315 2086.7766765652295 -1.0 2086.7766765652295 -1.0 1
365 0.25 nan 0.8 1.0 1.0 2090.681227999285 2090.6821279189476 2090.99023374715 2089.188794564688 2092.5590533442028 2090.8670780747993 -1.0 2090.8670780747993 -1.0 1
366 nan 0.25 0.8 -1.0 1.0 2093.9646015536127 2093.9654348125596 2094.3508670710335 2093.274263181293 2095.897993733572 2094.1825820941194 1.0 2094.1825820941194 1.0 1
367 0.0 nan 0.8 1.0 1.0 2097.1754482492033 2097.1764481599394 2097.3263014489485 2096.5997996383335 2098.892524661949 2097.1925133924356 -1.0 2097.1925133924356 -1.0 1
368 0.125 nan 0.8 1.0 1.0 2100.364496890743 2100.3654301407632 2104.317110700855 2099.620529972601 2105.8645296909986 2104.0966970442237 -1.0 2104.0966970442237 -1.0 1
369 0.25 nan 0.8 1.0 1.0 2107.1255266554554 2107.12639324476 2107.4192670994134 2106.6003402064093 2108.9644823484014 2107.305710570131 -1.0 2107.305710570131 -1.0 1
370 0.125 nan 0.8 1.0 1.0 2110.275412126491 2110.2763787068698 2113.0575304287277 2109.7344937485277 2114.6251796839106 2112.842716272219 -1.0 2112.842716272219 -1.0 1
371 nan 0.25 0.8 -1.0 1.0 2115.9310739026164 2115.932040482995 2116.9856130954436 2115.3717904974637 2118.531135605505 2116.5815158365594 1.0 2116.963481737814 1.0 2
372 nan 1.0 0.8 -1.0 1.0 2120.041773600133 2120.0427068501535 2122.9076844220685 2119.25844352934 2124.464408596422 2122.6547403361506 1.0 2122.6547403361506 1.0 1
373 0.0 nan 0.8 1.0 1.0 2125.8586876476606 2125.859654228039 2130.2870923164473 2125.1764152219466 2131.841914125082 2130.1362057863444 -1.0 2130.1362057863444 -1.0 1
374 nan 0.0625 0.8 1.0 -1.0 2133.09750809252 2133.098308021109 2137.347961980609 2132.5617225896694 2139.9087257793694 2136.8086434598235 -1.0 2137.2402382639552 -1.0 2
375 nan 0.125 0.8 -1.0 1.0 2141.130790947703 2141.13162420665 2141.6198472888123 2140.6488339728216 2143.175271852055 2141.4417631866827 1.0 2141.4417631866827 1.0 1
376 1.0 nan 0.8 1.0 1.0 2144.4142311627465 2144.415264403841 2144.938317709983 2143.8702797222163 2146.4810347692073 2144.756633929203 -1.0 2144.756633929203 -1.0 1
377 1.0 nan 0.8 1.0 1.0 2147.741567459112 2147.7426007002064 2149.469279889953 2147.206948518787 2151.0142041658346 2149.355656699955 -1.0 2149.355656699955 -1.0 1
378 0.25 nan 0.8 1.0 1.0 2152.424849374574 2152.425915946026 2152.781817507422 2151.7200122965783 2154.3419513607373 2152.633664066665 -1.0 2152.633664066665 -1.0 1
379 0.125 nan 0.8 1.0 1.0 2155.897639352709 2155.8985392723716 2156.3565650502983 2155.26926211568 2157.9246894063695 2156.082056222835 -1.0 2156.082056222835 -1.0 1
380 0.125 nan 0.8 1.0 1.0 2159.1140522180644 2159.1148854770113 2160.3130451819243 2158.640494493368 2161.8808592914193 2160.210521001099 -1.0 2160.210521001099 -1.0 1
381 nan 0.125 0.8 1.0 -1.0 2163.6750117201227 2163.675878309428 2164.5848638294115 2162.6195726076335 2167.1418294013074 2164.0985739080065 -1.0 2164.523935935215 -1.0 2
382 0.25 nan 0.8 1.0 1.0 2168.3806249753616 2168.381524895024 2168.6795649551477 2167.8684373658866 2170.230885698521 2168.528078478603 -1.0 2168.528078478603 -1.0 1
383 0.125 nan 0.8 1.0 1.0 2171.658432359924 2171.6594989313758 2172.2666114000804 2170.9270976474168 2173.8142342853193 2172.1545880672606 -1.0 2172.1545880672606 -1.0 1
384 0.125 nan 0.8 1.0 1.0 2175.1084243732716 2175.109490944724 2180.3866198464557 2174.5379419678725 2181.941144461355 2180.1600400736174 -1.0 2180.1600400736174 -1.0 1
385 0.125 nan 0.8 1.0 1.0 2183.1307748710715 2183.131808112166 2185.2457860604272 2182.6397520388477 2186.808204375671 2185.114531111113 -1.0 2185.114531111113 -1.0 1
386 0.0 nan 0.8 1.0 1.0 2188.1308285077835 2188.131761757804 2195.289456111594 2187.5634124953085 2196.858473225535 2195.091173812592 -1.0 2195.091173812592 -1.0 1
387 0.125 nan 0.8 1.0 1.0 2198.2305268905393 2198.231393479844 2204.0987696891953 2197.5925838407998 2205.674988979347 2203.797629905789 -1.0 2203.797629905789 -1.0 1
388 0.0625 nan 0.8 1.0 1.0 2207.163962720869 2207.1650292923214 2211.7376877499937 2206.4132964007945 2213.2973032339814 2211.5794018804427 -1.0 2211.5794018804427 -1.0 1
389 0.125 nan 0.8 1.0 1.0 2215.7746606958895 2215.7756939369838 2222.8006334753554 2214.059213836747 2224.3637504957287 2222.659246097247 -1.0 2222.659246097247 -1.0 1
390 nan 0.0625 0.8 1.0 -1.0 2225.6247813588725 2225.625647948177 2229.2022953214528 2225.122959490697 2231.7639603095868 2228.9114212882723 -1.0 2228.9114212882723 -1.0 1
391 0.25 nan 0.8 1.0 1.0 2233.008055574765 2233.008955494428 2233.442283477169 2232.4829691167924 2235.0084058994357 2233.262432866072 -1.0 2233.262432866072 -1.0 1
392 nan 0.125 0.8 1.0 -1.0 2236.2137693952427 2236.2146026541895 2237.4773232623074 2235.7178136700536 2240.041584363501 2237.337835714598 -1.0 2237.337835714598 -1.0 1
393 0.125 nan 0.8 1.0 1.0 2241.497097743539 2241.498264306065 2243.902549671423 2240.7894942458397 2245.463771695391 2243.714399801215 -1.0 2243.714399801215 -1.0 1
394 0.0625 nan 0.8 1.0 1.0 2246.7412629213322 2246.7422295017104 2247.967920082229 2246.1556818638155 2249.530438961668 2247.8086009715835 -1.0 2247.8086009715835 -1.0 1
395 1.0 nan 0.8 1.0 1.0 2250.741439152133 2250.742539053943 2251.0017492471416 2250.257249043274 2252.563781031781 2250.900358298484 -1.0 2250.900358298484 -1.0 1
396 0.0625 nan 0.8 1.0 1.0 2254.1408356822258 2254.14186892332 2261.1240122821796 2253.5164914184998 2262.68033350177 2260.611724681631 -1.0 2261.0444193875724 -1.0 2
397 nan 0.0 0.8 1.0 -1.0 2264.1578081167345 2264.158841357829 2268.188148321413 2263.3993424929167 2270.7470474982274 2267.9723009238105 -1.0 2267.9723009238105 -1.0 1
398 nan 1.0 0.8 -1.0 1.0 2273.390650551861 2273.39145048045 2273.8303779633143 2271.477854643737 2275.380202028853 2273.6440279324315 1.0 2273.6440279324315 1.0 1
399 0.25 nan 0.8 1.0 1.0 2276.7245195983705 2276.725452848391 2282.748315177232 2276.1028084329164 2284.3243360353804 2282.5538658693854 -1.0 2282.5538658693854 -1.0 1
400 0.0 nan 0.8 1.0 1.0 2285.7134171442053 2285.714417054942 2289.87671214645 2285.0300448166813 2291.4303360682193 2289.702461035476 -1.0 2289.702461035476 -1.0 1
401 0.25 nan 0.8 1.0 1.0 2292.640898716149 2292.641731975096 2293.448859921412 2292.1348438925233 2295.013582511099 2293.1409207449988 -1.0 2293.3377365082542 -1.0 2
402 1.0 nan 0.8 1.0 1.0 2296.224012178852 2296.225045419946 2296.685204340777 2295.7200904981305 2298.2468271443704 2296.547149998456 -1.0 2296.547149998456 -1.0 1
403 1.0 nan 0.8 1.0 1.0 2299.691069335432 2299.6920359158107 2301.323190299886 2298.954135122802 2302.891109277235 2301.003418846427 -1.0 2301.003418846427 -1.0 1
404 0.0625 nan 0.8 1.0 1.0 2304.080110851568 2304.0810441015888 2308.24987194324 2303.5917211176165 2309.7968959350646 2307.9841956606138 -1.0 2308.1004852792416 -1.0 2
405 0.0 nan 0.8 1.0 1.0 2311.0242576024493 2311.0253241739015 2323.6760948180995 2310.5208025467377 2325.240841692827 2323.487611644313 -1.0 2323.487611644313 -1.0 1
406 0.0625 nan 0.8 1.0 1.0 2326.6631948212707 2326.6642947230807 2331.1993232067116 2326.019952244629 2332.7576459095885 2330.985408969866 -1.0 2330.985408969866 -1.0 1
407 nan 1.0 0.8 1.0 -1.0 2333.979908312486 2333.980908223222 2337.1222611226417 2333.472253631682 2339.679829448884 2336.9147129841504 -1.0 2336.9147129841504 -1.0 1
408 0.25 nan 0.8 1.0 1.0 2341.057243173438 2341.058243084174 2341.5222683265188 2340.3906360159253 2343.0799865366043 2341.297788366226 -1.0 2341.297788366226 -1.0 1
409 0.0 nan 0.8 1.0 1.0 2344.2742559852354 2344.2752225656136 2354.460046682384 2343.798098492624 2356.013165913509 2354.2891286071977 -1.0 2354.2891286071977 -1.0 1
410 0.0 nan 0.8 1.0 1.0 2357.423682113611 2357.424515372558 2365.7384065106953 2356.7561750364357 2367.307557202027 2365.5660885604784 -1.0 2365.5660885604784 -1.0 1
411 0.125 nan 0.8 1.0 1.0 2368.5131254734833 2368.51412538422 2371.679909435962 2368.0299686057183 2373.2298321248086 2371.5091246822076 -1.0 2371.5091246822076 -1.0 1
412 0.25 nan 0.8 1.0 1.0 2374.456761541654 2374.4577947827484 2374.8972555513383 2373.963138941516 2376.4464774428457 2374.692773805771 -1.0 2374.692773805771 -1.0 1
413 0.125 nan 0.8 1.0 1.0 2377.8905216707167 2377.891454920737 2378.202493820432 2377.1691860655724 2379.7742186722926 2378.0336088970766 -1.0 2378.0336088970766 -1.0 1
414 0.125 nan 0.8 1.0 1.0 2381.0296414361587 2381.0304413647477 2381.3629450149147 2380.4814237098203 2382.924063701982 2381.251388307105 -1.0 2381.251388307105 -1.0 1
415 nan 0.125 0.8 1.0 -1.0 2384.3461786965727 2384.347078616235 2388.299092479906 2383.651774020592 2390.8463910814207 2384.5671922996457 1.0 2387.7961040492046 -1.0 2
416 nan 0.125 0.8 -1.0 1.0 2393.657080829844 2393.6580474102225 2394.319321710475 2391.567400712474 2395.8900725655353 2394.0963416162867 1.0 2394.0963416162867 1.0 1
417 nan 0.125 0.2 1.0 -1.0 2397.3296196427273 2397.3307195445373 2401.199407513519 2396.625982457615 2403.757173508257 2401.0259230007764 -1.0 2401.0259230007764 -1.0 1
418 nan 0.0625 0.2 -1.0 1.0 2405.2128158963965 2405.213682485701 2405.7856980875627 2404.487680630454 2407.3406208931247 2405.495090697245 -1.0 2405.6079806193698 1.0 2
419 nan 1.0 0.2 -1.0 1.0 2408.512954620736 2408.5140211921876 2409.187361081991 2408.0585285214593 2410.746180423334 2408.8798885305882 1.0 2408.8798885305882 1.0 1
420 nan 0.125 0.2 -1.0 1.0 2411.990277527542 2411.9913440989935 2412.476300806084 2411.449392479936 2414.0407218255805 2412.224189979113 1.0 2412.224189979113 1.0 1
421 nan 0.0625 0.2 -1.0 1.0 2415.2461868669798 2415.246986795569 2420.1774133146782 2414.7757288655653 2421.7408319995716 2416.768784275454 1.0 2419.8924720851996 1.0 2
422 nan 0.0625 0.2 -1.0 1.0 2423.1293164599333 2423.1303163706693 2424.127660669382 2422.482440874283 2425.6795847383305 2423.60820704189 1.0 2423.60820704189 1.0 1
423 nan 1.0 0.2 -1.0 1.0 2427.040233992343 2427.041300563795 2427.6819100421644 2426.3899920405474 2429.2462312285134 2427.3039104534973 1.0 2427.3039104534973 1.0 1
424 nan 0.125 0.2 1.0 -1.0 2430.5402548728625 2430.5412881139564 2432.9712711852367 2429.964739583424 2435.5127357481715 2432.8296171642655 -1.0 2432.8296171642655 -1.0 1
425 nan 0.0 0.2 1.0 -1.0 2436.9734139071525 2436.9742471660993 2438.8342477873484 2436.2383461945633 2441.4067125917986 2438.715091757943 -1.0 2438.715091757943 -1.0 1
426 0.125 nan 0.2 1.0 1.0 2442.6626060233007 2442.663572603679 2443.1774600614053 2442.1362196813707 2444.757074644229 2443.0801020860504 -1.0 2443.0801020860504 -1.0 1
427 nan 0.0 0.2 1.0 -1.0 2445.979109953357 2445.9802098551663 2446.882862607154 2445.485387362145 2449.445928121069 2446.378307649633 -1.0 2446.748607925631 -1.0 2
428 nan 0.0625 0.2 1.0 -1.0 2450.7736152730495 2450.774515192712 2451.2371738903835 2450.1964334657173 2453.8069019517893 2450.9992284655095 -1.0 2450.9992284655095 -1.0 1
429 nan 1.0 0.2 -1.0 1.0 2455.162556798112 2455.163490048132 2455.9498198511337 2454.520714096501 2457.5230451684406 2455.441198589952 1.0 2455.6483800945066 1.0 2
430 nan 0.125 0.2 -1.0 1.0 2458.8459279773047 2458.846827896967 2460.212006025195 2458.2237501868403 2461.79052460582 2459.976660368235 1.0 2459.976660368235 1.0 1
431 1.0 nan 0.2 1.0 1.0 2463.1792078047147 2463.180141054735 2463.6228348680393 2462.493535682497 2465.190066805032 2463.4861137400335 -1.0 2463.4861137400335 -1.0 1
432 nan 0.0625 0.2 1.0 -1.0 2466.662530175938 2466.6634634259585 2467.8651228184485 2466.1575752541225 2470.4292537952815 2467.025631094635 1.0 2467.7073702346233 -1.0 2
433 nan 0.0625 0.2 1.0 -1.0 2471.7233783854153 2471.724444956867 2472.073447134183 2471.133164408154 2474.6291122827083 2471.9014958179023 -1.0 2471.9014958179023 -1.0 1
434 0.25 nan 0.2 1.0 1.0 2475.87254131592 2475.8734412355825 2476.243741511581 2475.3554208134797 2477.812559144423 2476.0663906773248 -1.0 2476.0663906773248 -1.0 1
435 nan 0.125 0.2 1.0 -1.0 2479.3066680789193 2479.3077346503715 2488.5340443353543 2478.5558684374128 2491.095841773854 2488.1671437558593 -1.0 2488.434619877811 -1.0 2
436 nan 0.25 0.2 1.0 -1.0 2492.423330465503 2492.424363706597 2504.5493146249496 2491.823150711237 2507.1125749199564 2496.374244427364 -1.0 2504.4105603451135 -1.0 2
437 nan 0.0625 0.2 1.0 -1.0 2508.522993221239 2508.523959801618 2516.511946700448 2507.878384099925 2519.0900416050044 2516.331529473267 -1.0 2516.331529473267 -1.0 1
438 nan 1.0 0.2 -1.0 1.0 2520.3289726147223 2520.3299058647426 2520.9486839587034 2519.8360499520995 2522.522898745293 2520.7511682579325 1.0 2520.7511682579325 1.0 1
439 nan 1.0 0.2 -1.0 1.0 2523.978946775324 2523.979980016418 2528.5039761515923 2523.2635106435237 2530.073299119629 2528.0346513823456 1.0 2528.2645975213295 1.0 2
440 nan 0.25 0.2 -1.0 1.0 2531.4288483766095 2531.4302149212826 2534.7352865385874 2530.7810062105814 2536.2956059768726 2534.498874310176 1.0 2534.498874310176 1.0 1
441 nan 0.0625 0.2 -1.0 1.0 2537.6728576299556 2537.6738575406916 2539.866061838887 2537.0115166689875 2541.4288839639526 2539.517526286582 1.0 2539.517526286582 1.0 1
442 nan 0.0625 0.2 -1.0 1.0 2542.656146096656 2542.6571793377498 2543.645191136257 2542.1274932903907 2545.2226412631785 2543.4490086498013 1.0 2543.4490086498013 1.0 1
443 nan 0.25 0.2 -1.0 1.0 2546.5454988875204 2546.5464987982564 2547.302264663086 2545.9571514103 2548.8730843330236 2547.095516453184 1.0 2547.095516453184 1.0 1
444 0.125 nan 0.8 1.0 1.0 2550.1953397266907 2550.1961396552797 2552.77454281018 2549.6157914639493 2554.3287601157263 2551.3446704573157 1.0 2552.4058757217176 -1.0 2
445 0.0625 nan 0.8 1.0 1.0 2555.6896825706976 2555.6907824725076 2561.5788568340995 2555.0841699591715 2563.128877864095 2561.4716997335295 -1.0 2561.4716997335295 -1.0 1
446 nan 0.125 0.8 -1.0 1.0 2564.6394836067448 2564.640416856765 2566.0991199691916 2563.879884750759 2567.6620411114386 2565.939967510336 1.0 2565.939967510336 1.0 1
447 1.0 nan 0.8 1.0 1.0 2568.856540476242 2568.857407065547 2569.972774161497 2568.3824494658193 2571.528619514067 2569.8460854712116 -1.0 2569.8460854712116 -1.0 1
448 1.0 nan 0.8 1.0 1.0 2572.97270635245 2572.9737062631866 2573.560953838597 2572.280834783668 2575.1233744636934 2573.421866255182 -1.0 2573.421866255182 -1.0 1
449 0.125 nan 0.8 1.0 1.0 2576.395234150909 2576.396034079498 2576.935685903862 2575.8448832816666 2578.5057112770482 2576.791732088197 -1.0 2576.791732088197 -1.0 1
450 0.0625 nan 0.8 1.0 1.0 2579.911986871082 2579.9130201121757 2580.242824003355 2579.2078164002432 2581.7952539304706 2580.1069028039383 -1.0 2580.1069028039383 -1.0 1
451 0.0625 nan 0.8 1.0 1.0 2583.356212732517 2583.357345964685 2583.474668824407 2582.767565282076 2585.039317269433 2583.3129165976366 -1.0 2583.3129165976366 -1.0 1
452 0.25 nan 0.8 1.0 1.0 2586.478600658306 2586.4796672297575 2586.773840968368 2585.7631311961472 2588.3285631580793 2586.616455018479 -1.0 2586.616455018479 -1.0 1
453 0.25 nan 0.8 1.0 1.0 2589.6721155678006 2589.6729821571053 2592.5299271127724 2589.065069759812 2594.0897481984343 2592.3584090911445 -1.0 2592.3584090911445 -1.0 1
454 nan 1.0 0.8 -1.0 1.0 2595.5117942497573 2595.512627508704 2599.647325063891 2594.807557118203 2601.205744611865 2596.142504611838 1.0 2596.142504611838 1.0 1
455 0.0625 nan 0.8 1.0 1.0 2602.394913115368 2602.3959463564624 2603.0221571202296 2601.9429534625747 2604.589279662838 2602.8580717684076 -1.0 2602.8580717684076 -1.0 1
456 0.25 nan 0.8 1.0 1.0 2605.92846433591 2605.9292642644996 2606.361825649009 2605.3270846887604 2607.9229422831454 2606.1942406096105 -1.0 2606.1942406096105 -1.0 1
457 nan 0.0625 0.8 1.0 -1.0 2609.1951393809422 2609.1959059791734 2611.310917168529 2608.6306564399606 2613.8617183670763 2611.1411656558685 -1.0 2611.1411656558685 -1.0 1
458 0.125 nan 0.8 1.0 1.0 2615.038784375486 2615.039884277296 2621.9917303408465 2614.576025686741 2623.5450809812965 2621.8601420879536 -1.0 2621.8601420879536 -1.0 1
459 0.125 nan 0.8 1.0 1.0 2624.9390672270724 2624.9398671556614 2628.1893437360295 2624.280992641176 2629.756167426128 2627.974829552742 -1.0 2627.974829552742 -1.0 1
460 0.0625 nan 0.8 1.0 1.0 2630.9615629219766 2630.962496171997 2631.5786744980437 2630.454674839404 2633.1283009660306 2631.2180733561872 -1.0 2631.2180733561872 -1.0 1
461 0.0625 nan 0.8 1.0 1.0 2634.4724494991633 2634.4734827402576 2634.903444356853 2633.845805440744 2636.4616634196564 2634.6748980929 -1.0 2634.6748980929 -1.0 1
462 1.0 nan 0.8 1.0 1.0 2638.556018285369 2638.557118187179 2638.8428926756046 2637.149877147312 2640.405918272232 2638.721903476516 -1.0 2638.721903476516 -1.0 1
463 0.125 nan 0.8 1.0 1.0 2641.8115276605126 2641.8124609105334 2643.7179574702827 2641.0969247876596 2645.261681625325 2642.022375504434 1.0 2643.4694129916043 -1.0 2
464 0.0625 nan 0.8 1.0 1.0 2647.7557636751253 2647.7567635858613 2648.285616374274 2645.9778890556818 2649.8447395517974 2647.979043742534 -1.0 2647.979043742534 -1.0 1
465 0.0625 nan 0.8 1.0 1.0 2651.772071799138 2651.7730717098743 2652.1385724143383 2650.5614465403796 2653.705795438716 2651.969020883825 -1.0 2651.969020883825 -1.0 1
466 0.125 nan 0.8 1.0 1.0 2655.0948418364746 2655.095741756137 2655.516937488612 2654.400703803357 2657.061457190897 2655.3163220645583 -1.0 2655.3163220645583 -1.0 1
467 0.125 nan 0.8 1.0 1.0 2658.238527860946 2658.2393944502505 2658.569165011072 2657.7682698416784 2660.1390918229176 2658.4458760172897 -1.0 2658.4458760172897 -1.0 1
468 1.0 nan 0.8 1.0 1.0 2661.4948038343205 2661.495703753983 2661.7515142506786 2660.835895989477 2663.3223329656726 2661.655489489639 -1.0 2661.655489489639 -1.0 1
469 0.0625 nan 0.8 1.0 1.0 2666.028065808984 2666.029032389363 2666.4320964071526 2664.0615413639644 2667.9883228866242 2666.2997082256707 -1.0 2666.2997082256707 -1.0 1
470 1.0 nan 0.8 1.0 1.0 2669.4281289462347 2669.4289955355393 2671.836580606327 2668.9311399799512 2673.3949047136184 2671.689227094159 -1.0 2671.689227094159 -1.0 1
471 0.0625 nan 0.8 1.0 1.0 2675.7222003971096 2675.722966995341 2676.3248465978586 2674.0928125220016 2677.8781678186174 2676.1582281388382 -1.0 2676.1582281388382 -1.0 1
472 0.125 nan 0.8 1.0 1.0 2679.138562079361 2679.139628650813 2680.0629795550412 2678.598476960344 2681.6390060050644 2679.9551225169557 -1.0 2679.9551225169557 -1.0 1
473 nan 0.125 0.8 -1.0 1.0 2683.094708907408 2683.095608827071 2683.5528346764086 2682.331310390625 2685.111456545231 2683.3931156014687 1.0 2683.3931156014687 1.0 1
474 1.0 nan 0.8 1.0 1.0 2686.538634795623 2686.539601376001 2686.7785800419692 2685.818265770857 2688.3447009677125 2686.6731227896507 -1.0 2686.6731227896507 -1.0 1
475 0.0625 nan 0.8 1.0 1.0 2690.505314016759 2690.506247266779 2691.083029109817 2689.073108538843 2692.6553806974257 2690.9296094725155 -1.0 2690.9296094725155 -1.0 1
476 nan 0.0 0.8 1.0 -1.0 2694.0279995406336 2694.028899460296 2694.398233155916 2693.360092499164 2696.961332958358 2694.24707998295 -1.0 2694.24707998295 -1.0 1
477 0.125 nan 0.8 1.0 1.0 2698.188328141027 2698.1892280606894 2699.215969735048 2697.685539692473 2700.7780875583458 2699.0965803931376 -1.0 2699.0965803931376 -1.0 1
478 0.0 nan 0.8 1.0 1.0 2702.0713148335367 2702.0722147531997 2706.348466338284 2701.515997740971 2707.9221847818135 2706.1361852889745 -1.0 2706.1361852889745 -1.0 1
479 0.25 nan 0.8 1.0 1.0 2709.21107745479 2709.2121773566 2713.708675946527 2708.666092773166 2715.27779573243 2713.2841805086227 -1.0 2713.626449953648 -1.0 2
480 1.0 nan 0.8 1.0 1.0 2716.5220581244503 2716.5231580262603 2716.6893098602704 2715.9997047558236 2718.2555357851065 2716.5614212771015 -1.0 2716.5614212771015 -1.0 1
481 0.25 nan 0.8 1.0 1.0 2719.4778275912186 2719.478827501955 2723.2083945571635 2718.9368425525395 2724.777946365923 2723.023411070954 -1.0 2723.023411070954 -1.0 1
482 nan 0.25 0.8 1.0 -1.0 2726.205360346266 2726.206426917718 2730.659762694196 2725.497156902125 2733.23845914366 2730.510542681987 -1.0 2730.510542681987 -1.0 1
483 1.0 nan 0.8 1.0 1.0 2734.5778795839074 2734.578746173212 2735.0633695767233 2733.9657675615213 2736.638619066005 2734.9052836893193 -1.0 2734.9052836893193 -1.0 1
484 1.0 nan 0.8 1.0 1.0 2737.827722798212 2737.828722708948 2738.576622609319 2737.3648307880353 2740.154848461697 2738.4565333298933 -1.0 2738.4565333298933 -1.0 1
485 nan 1.0 0.8 1.0 -1.0 2741.4276680916423 2741.4287013327366 2743.957708897265 2740.867151463248 2746.511041197668 2743.6701012391563 -1.0 2743.6701012391563 -1.0 1
486 nan 0.25 0.8 -1.0 1.0 2747.721606221086 2747.7230060961165 2749.732193399217 2747.2262504423384 2751.294412615766 2749.537177475287 1.0 2749.537177475287 1.0 1
487 0.25 nan 0.8 1.0 1.0 2752.5220110141227 2752.523010924859 2752.945539871648 2752.0214223691887 2754.494361729995 2752.7457243761837 -1.0 2752.7457243761837 -1.0 1
488 0.125 nan 0.8 1.0 1.0 2755.83864826561 2755.8396481763466 2756.985212576532 2755.2025717159117 2758.555330318804 2756.7687652324876 -1.0 2756.7687652324876 -1.0 1
489 0.0 nan 0.8 1.0 1.0 2759.927516578718 2759.9283498376653 2760.2256566299156 2759.2826408145406 2761.77768435846 2760.0682373496693 -1.0 2760.0682373496693 -1.0 1
490 0.25 nan 0.8 1.0 1.0 2763.271184750443 2763.2723179826107 2763.6028884720213 2762.744298453145 2765.161015831951 2763.465134102921 -1.0 2763.465134102921 -1.0 1
491 1.0 nan 0.8 1.0 1.0 2766.3553094253903 2766.3562760057684 2766.579422751746 2765.8812184149674 2768.15537063265 2766.4774318566465 -1.0 2766.4774318566465 -1.0 1
492 0.0 nan 0.8 1.0 1.0 2770.060678640781 2770.061611890802 2770.444211068856 2768.874684516493 2772.010933668897 2770.208165474381 -1.0 2770.208165474381 -1.0 1
493 nan 1.0 0.8 -1.0 1.0 2773.321320891038 2773.3222541410582 2773.687054908007 2772.7095421722306 2775.255378137632 2773.4952720287906 1.0 2773.4952720287906 1.0 1
494 0.25 nan 0.8 1.0 1.0 2778.044165941298 2778.04523251275 2778.3991009223155 2775.957985511505 2779.9607262210843 2778.249914240464 -1.0 2778.249914240464 -1.0 1
495 0.0 nan 0.8 1.0 1.0 2781.404832595539 2781.4058991669913 2782.3767791615505 2780.6745311241266 2783.9275981290843 2782.270188677064 -1.0 2782.270188677064 -1.0 1
496 1.0 nan 0.8 1.0 1.0 2785.804873129774 2785.8058730405105 2786.2105369154783 2784.640810380968 2787.7775578772817 2786.0290531168457 -1.0 2786.0290531168457 -1.0 1
497 0.0625 nan 0.8 1.0 1.0 2789.1882377577285 2789.189204338107 2789.6232655887216 2788.4952662871365 2791.1773927394643 2789.407951476845 -1.0 2789.407951476845 -1.0 1
498 0.0625 nan 0.8 1.0 1.0 2792.5217068399434 2792.5225067685324 2793.582245497188 2791.88319717412 2795.144065515448 2793.305903500041 -1.0 2793.305903500041 -1.0 1
499 0.0625 nan 0.8 1.0 1.0 2796.3380661470605 2796.33916604887 2796.9776757146938 2795.8363776003166 2798.5550026738 2796.70849974449 -1.0 2796.70849974449 -1.0 1
500 nan 0.125 0.8 -1.0 1.0 2799.860685010219 2799.861818242387 2800.263215742283 2799.2590053898484 2801.837937572537 2800.112695846117 1.0 2800.112695846117 1.0 1
501 0.25 nan 0.8 1.0 1.0 2804.4939380585097 2804.4948379781727 2804.8971020673735 2802.560144024924 2806.460619770723 2804.7266506171973 -1.0 2804.7266506171973 -1.0 1
502 nan 0.125 0.8 1.0 -1.0 2807.6883862180252 2807.6894527894774 2808.317796696149 2807.1821314122526 2810.8880953034445 2807.971960902831 -1.0 2807.971960902831 -1.0 1
503 0.25 nan 0.8 1.0 1.0 2813.4273738888396 2813.4284404602918 2813.811039638346 2811.585804955496 2815.3714597966814 2813.6321889379856 -1.0 2813.6321889379856 -1.0 1
504 1.0 nan 0.8 1.0 1.0 2816.827170383227 2816.8284036064683 2817.065982397406 2816.0967689207405 2818.6274057757787 2816.9484262251785 -1.0 2816.9484262251785 -1.0 1
505 0.0625 nan 0.8 1.0 1.0 2820.9545685900393 2820.955401848986 2821.21374545288 2819.3289137150136 2822.7881675732124 2821.0863234947215 -1.0 2821.0863234947215 -1.0 1
506 0.0 nan 0.8 1.0 1.0 2824.210511259835 2824.2113778491403 2824.5955768843723 2823.4850760206723 2826.154601400249 2824.4117932910463 -1.0 2824.4117932910463 -1.0 1
507 0.125 nan 0.8 1.0 1.0 2827.393893740536 2827.394693669125 2827.858018973954 2826.8752067112755 2829.4106410952227 2827.704299363432 -1.0 2827.704299363432 -1.0 1
508 0.125 nan 0.8 1.0 1.0 2830.6717677858146 2830.672701035835 2831.0203699988356 2830.1389486848147 2832.577191349379 2830.8604176113904 -1.0 2830.8604176113904 -1.0 1
509 0.25 nan 0.8 1.0 1.0 2835.954096223375 2835.9550294733954 2836.3368620532183 2833.2851011557686 2837.9048813641975 2836.1659439780324 -1.0 2836.1659439780324 -1.0 1
510 nan 0.25 0.8 -1.0 1.0 2839.1271796234923 2839.128012882439 2839.6311013042136 2838.6114923264404 2841.1938293997255 2839.3645917626404 1.0 2839.3645917626404 1.0 1
511 0.25 nan 0.8 1.0 1.0 2842.6716965317755 2842.6726631121537 2843.02103201267 2842.1727410743774 2844.5770835059334 2842.857479946574 -1.0 2842.857479946574 -1.0 1
512 1.0 nan 0.8 1.0 1.0 2847.587957648788 2847.588990889882 2847.9811225502885 2845.3147939113123 2849.5436430876894 2847.790206260377 -1.0 2847.790206260377 -1.0 1
513 0.0625 nan 0.8 1.0 1.0 2850.8545327027464 2850.8552993009775 2853.8332001253752 2850.2835503419788 2855.3935214546264 2853.6937792383815 -1.0 2853.6937792383815 -1.0 1
514 0.0 nan 0.8 1.0 1.0 2856.704843768865 2856.705943670675 2858.729763000883 2856.1189294077694 2860.271286134452 2858.447821503613 -1.0 2858.447821503613 -1.0 1
515 nan 0.25 0.2 -1.0 1.0 2861.6436028774438 2861.64460278818 2862.6588455783353 2860.99929372935 2864.220459985387 2862.4186670194836 1.0 2862.4186670194836 1.0 1
516 nan 0.0625 0.2 -1.0 1.0 2865.576918410346 2865.5779183210825 2866.3239850517703 2864.957673691375 2867.888006475074 2866.1583665034864 1.0 2866.1583665034864 1.0 1
517 1.0 nan 0.2 1.0 1.0 2869.1936955345036 2869.1945621238083 2869.4576386385206 2868.6200134147484 2871.0210591999594 2869.3210508319466 -1.0 2869.3210508319466 -1.0 1
518 1.0 nan 0.2 1.0 1.0 2872.2436899229865 2872.244556512291 2872.5660611443595 2871.7178701971407 2874.1379889630693 2872.441805570199 -1.0 2872.441805570199 -1.0 1
519 nan 0.0625 0.2 -1.0 1.0 2875.310282829691 2875.3112160797114 2875.889731101359 2874.836391801415 2877.4437477239985 2875.5594272548115 -1.0 2875.634853854684 1.0 2
520 0.25 nan 0.2 1.0 1.0 2878.9871545890983 2878.9881878301926 2886.0111608774496 2878.1711607675875 2887.5602841684554 2885.8566413383382 -1.0 2885.8566413383382 -1.0 1
521 nan 0.25 0.2 1.0 -1.0 2888.7875463581313 2888.7884796081516 2890.085163850945 2888.2818914988 2892.6602602806593 2889.81098832706 -1.0 2889.81098832706 -1.0 1
522 nan 1.0 0.2 -1.0 1.0 2894.1379020561158 2894.1388019757783 2894.591994851813 2893.3843693252634 2896.1542145000562 2894.37741400781 1.0 2894.37741400781 1.0 1
523 nan 0.25 0.2 1.0 -1.0 2897.510101014182 2897.511134255276 2899.583782559772 2896.881123830711 2902.160012042415 2899.4265965920304 -1.0 2899.4265965920304 -1.0 1
524 nan 0.0625 0.2 -1.0 1.0 2903.504332565608 2903.505432467418 2906.0532716841462 2902.8784217750613 2907.620792172592 2905.7734966601383 1.0 2905.7734966601383 1.0 1
525 nan 0.125 0.2 -1.0 1.0 2908.9932758916393 2908.9940758202283 2913.3417543622404 2908.343200591633 2914.9211020629014 2912.685879579964 -1.0 2913.0750781688776 1.0 3
526 nan 0.125 0.2 -1.0 1.0 2916.359884928594 2916.360718187541 2919.5422674985584 2915.67761250288 2921.1100867666355 2919.288090189399 1.0 2919.288090189399 1.0 1
527 nan 0.25 0.2 -1.0 1.0 2922.33748463144 2922.3383512207447 2923.788121797261 2921.8506947546666 2925.371141344457 2922.710451336068 1.0 2923.5809402927057 1.0 2
528 nan 0.0 0.2 1.0 -1.0 2926.6100365468005 2926.6110031271787 2929.0116554835286 2926.091849472908 2931.5766187933586 2928.838704256512 -1.0 2928.838704256512 -1.0 1
529 nan 1.0 0.2 -1.0 1.0 2932.9708020437847 2932.9716353027316 2933.383065240348 2932.3274261457113 2934.9541815695775 2933.1734506196685 1.0 2933.1734506196685 1.0 1
530 nan 1.0 0.2 -1.0 1.0 2936.12665364888 2936.1276202292584 2936.576913453422 2935.6634949958407 2938.143335385896 2936.352333502056 1.0 2936.352333502056 1.0 1
531 0.125 nan 0.2 1.0 1.0 2939.453589980951 2939.4546232220455 2939.8525543647224 2938.8551434052943 2941.437375200814 2939.702867727503 -1.0 2939.702867727503 -1.0 1
532 nan 0.0 0.2 1.0 -1.0 2942.659770426439 2942.6609369889647 2943.63061709064 2942.1616815583457 2946.2044516734477 2943.2769819935797 -1.0 2943.2769819935797 -1.0 1
533 0.0 nan 0.2 1.0 1.0 2947.6932544121 2947.6942543228365 2948.3839594183564 2947.1991651869516 2949.9431871601073 2948.046722857371 -1.0 2948.046722857371 -1.0 1
534 1.0 nan 0.2 1.0 1.0 2951.320130634694 2951.321230536504 2951.7418263225363 2950.6515903164245 2953.320642562097 2951.5538764344756 -1.0 2951.5538764344756 -1.0 1
535 nan 0.25 0.2 -1.0 1.0 2954.609836957018 2954.6112368320487 2955.3677692951096 2954.0343549979375 2956.92649206959 2954.862781042936 1.0 2954.862781042936 1.0 1
536 nan 0.25 0.2 -1.0 1.0 2958.370467905767 2958.371534477219 2961.1219556091155 2957.6479990684547 2962.704375735931 2960.8899429879434 1.0 2960.8899429879434 1.0 1
537 0.0 nan 0.2 1.0 1.0 2964.1431192380355 2964.1441858094877 2966.7813503853226 2963.415084230958 2968.343266418361 2966.505808316765 -1.0 2966.505808316765 -1.0 1
538 nan 1.0 0.2 -1.0 1.0 2969.604265045599 2969.6051649652613 2970.1247852445426 2969.0999767309404 2971.7045078659403 2969.8425104436938 1.0 2969.8425104436938 1.0 1
539 nan 0.0625 0.2 1.0 -1.0 2972.9430669850735 2972.9441668868835 2975.3178216533543 2972.418113848533 2977.876388308343 2975.176067641309 -1.0 2975.176067641309 -1.0 1
540 nan 0.0625 0.2 1.0 -1.0 2979.237505069885 2979.238471650264 2982.4794823197317 2978.5843967073124 2985.043111317507 2982.358293138496 -1.0 2982.358293138496 -1.0 1
541 nan 0.0625 0.2 1.0 -1.0 2986.4706926842637 2986.4717925860737 2991.0521170260577 2985.7681220706036 2993.620315041443 2990.858500977158 -1.0 2990.858500977158 -1.0 1
542 nan 0.0 0.2 1.0 -1.0 2994.8261801090307 2994.827113359051 2995.646106912771 2994.3512225093027 2998.220598614188 2995.45879030151 -1.0 2995.45879030151 -1.0 1
543 0.0 nan 0.2 1.0 1.0 3000.2929920774327 3000.2940919792422 3008.107127829583 2998.961010985649 3009.687046796781 3007.9186113254386 -1.0 3007.9186113254386 -1.0 1
544 0.0625 nan 0.2 1.0 1.0 3010.909710971555 3010.9107108822914 3011.7504025882517 3010.427354032379 3013.3202168553044 3011.5947831473304 -1.0 3011.5947831473304 -1.0 1
545 nan 1.0 0.2 -1.0 1.0 3014.809462834077 3014.8103627537394 3020.535318343888 3014.053930281752 3022.103739055757 3020.0900914233853 1.0 3020.273408391701 1.0 2
546 nan 0.25 0.2 1.0 -1.0 3023.3428010484677 3023.3436676377723 3026.371997293636 3022.831346706866 3028.9370284505185 3026.176114780401 -1.0 3026.176114780401 -1.0 1
547 0.0 nan 0.2 1.0 1.0 3030.2926472905456 3030.2936472012816 3034.849807131806 3029.662036919539 3036.4201558007726 3034.6272936626283 -1.0 3034.6272936626283 -1.0 1
548 nan 1.0 0.2 -1.0 1.0 3037.8593717961853 3037.860638349785 3038.4657843273744 3037.1586676825664 3040.026106462037 3038.104149944424 1.0 3038.104149944424 1.0 1
549 nan 0.25 0.2 -1.0 1.0 3041.4202539101857 3041.42128715128 3047.2882967266946 3040.747513966824 3048.842716385547 3046.788041385339 1.0 3047.1717404652036 1.0 2
550 0.0625 nan 0.2 1.0 1.0 3050.153707593262 3050.1545741825666 3052.1638614767407 3049.5991237685694 3053.7363094126786 3051.912417256927 -1.0 3051.912417256927 -1.0 1
551 nan 0.25 0.2 1.0 -1.0 3055.059336326112 3055.0602362457744 3062.4385442383436 3054.4702222506603 3064.992676725787 3062.2102646172534 -1.0 3062.2102646172534 -1.0 1
552 nan 0.125 0.2 1.0 -1.0 3066.253203697209 3066.254203607945 3068.8478720667526 3065.7138851764234 3071.4090410552426 3068.6218255796402 -1.0 3068.6218255796402 -1.0 1
553 nan 1.0 0.2 -1.0 1.0 3072.653132364697 3072.654198936149 3085.7811604033163 3072.1285458620923 3087.3423778731303 3077.796439879558 1.0 3085.6494721593494 1.0 4
554 nan 0.125 0.2 -1.0 1.0 3088.936045428033 3088.937145329843 3097.430520445141 3088.413592068333 3099.002541472449 3096.6715215355975 -1.0 3096.9657952652815 1.0 2
555 nan 0.0 0.2 1.0 -1.0 3100.292431624132 3100.293431534868 3119.075354840645 3099.7193494508183 3121.619981417323 3118.815211397426 -1.0 3118.815211397426 -1.0 1
556 nan 1.0 0.2 -1.0 1.0 3123.1088947596795 3123.1096613579107 3126.7776672421232 3122.4019911994956 3128.3089883249127 3126.3389064110484 1.0 3126.445463565177 1.0 2
557 0.0625 nan 0.2 1.0 1.0 3129.569717991006 3129.570651241027 3139.9223271293226 3129.044898175897 3141.4864789238914 3139.7248780892673 -1.0 3139.7248780892673 -1.0 1
558 nan 1.0 0.2 -1.0 1.0 3142.7253768963046 3142.726276815967 3143.26359551528 3142.2220884923827 3144.8256166604997 3142.9692551248804 1.0 3142.9692551248804 1.0 1
559 nan 0.25 0.2 -1.0 1.0 3146.169402775593 3146.1702693648976 3149.4818737323462 3145.5652233783812 3151.0419942387557 3146.9249686582752 1.0 3147.443922330399 1.0 3
560 nan 0.0 0.2 1.0 -1.0 3152.302421937213 3152.3035551693806 3155.957228999707 3151.7727025594954 3158.519621137153 3155.735148825181 -1.0 3155.735148825181 -1.0 1
561 nan 0.25 0.2 -1.0 1.0 3159.8419488708264 3159.8428821208468 3160.293241916462 3159.279832385254 3161.841962149348 3159.910542747334 -1.0 3159.910542747334 -1.0 1
562 nan 0.25 0.2 1.0 -1.0 3163.452793191282 3163.4538597627343 3175.7095323446747 3162.6095684673865 3178.268993885075 3174.1126415684957 1.0 3175.4146253381914 -1.0 4
563 nan 0.0625 0.2 1.0 -1.0 3179.542056875361 3179.5431234468133 3232.550591380038 3179.0285027212135 3235.091613836927 3232.4213029218386 -1.0 3232.4213029218386 -1.0 1
564 nan 1.0 0.2 1.0 -1.0 3236.5024719222774 3236.503571824087 3249.945838476758 3235.9310229364996 3252.5023678515045 3240.551677109513 -1.0 3241.055732111666 -1.0 2
565 nan 0.0 0.2 1.0 -1.0 3253.924849930308 3253.925849841044 3267.195798543498 3253.240677674195 3269.741427695122 3267.073309478305 -1.0 3267.073309478305 -1.0 1
566 nan 0.0625 0.2 1.0 -1.0 3271.0689861107926 3271.0700860126026 3296.4639857226725 3270.488137964094 3299.018446993998 nan 0.0 nan 0.0 0
567 nan 0.125 0.2 1.0 -1.0 3300.274512217161 3300.27531214575 3311.865277489841 3299.7749568133213 3314.4077745471427 3303.220682540861 -1.0 3311.825814346116 -1.0 2
568 nan 0.25 0.2 1.0 -1.0 3316.4185710095876 3316.419570920324 3337.5091548839778 3315.156883642564 3340.0745498077767 3334.6033142933074 -1.0 3337.3227381923793 -1.0 3
569 nan 1.0 0.2 1.0 -1.0 3341.468001471013 3341.4691347031808 3345.0714464520206 3340.835857903544 3347.618248442514 3344.5681913784565 -1.0 3345.0115851292758 -1.0 2
570 nan 0.0625 0.2 1.0 -1.0 3348.890805491346 3348.8917387413667 3380.37326166563 3348.328255711121 3382.923956056359 3380.2750037706123 -1.0 3380.2750037706123 -1.0 1
571 nan 0.125 0.2 0.0 -1.0 3384.3682383606024 3384.3692716016963 3444.3710151440473 3383.694665158294 3446.8702759057005 3435.0514137873706 -1.0 3435.3926833216588 1.0 2
572 1.0 nan 0.2 0.0 -1.0 3448.384223544778 3448.3853234465873 3508.3870336585805 3447.6882856723346 3510.886394400193 3463.816079250118 -1.0 3483.5379853087034 -1.0 2
573 nan 0.125 0.2 1.0 -1.0 3512.4506375604187 3512.451704131871 3534.6436230215454 3511.704804142236 3537.1898832260486 3533.548987408194 -1.0 3534.5636301626437 -1.0 3
574 nan 1.0 0.2 0.0 -1.0 3538.4507831498886 3538.4519163820564 3598.4536932547653 3537.9696927643117 3600.953015458162 nan 0.0 nan 0.0 0
575 nan 1.0 0.2 1.0 -1.0 3602.4832668612125 3602.484366763022 3640.5885318060987 3601.8194261234034 3643.1393214205455 3629.867288909678 -1.0 3640.530070358385 -1.0 3
576 nan 0.125 0.2 1.0 -1.0 3644.6832662621923 3644.6841661818553 3671.742750616023 3643.946732013857 3674.2999772365583 3648.851794130623 -1.0 3648.851794130623 -1.0 1
577 nan 0.0 0.2 1.0 -1.0 3675.539045047699 3675.540078288793 3712.4492833413124 3675.0739865642604 3715.016273123516 3709.93837416111 -1.0 3709.93837416111 -1.0 1
