ibl_witten_32 08102cfc-a040-4bcf-b63c-faa0f4914a6f wittenlab 2026-07-28T16:01:20.797097 _iblrig_tasks_ephysChoiceWorld6.4.2 M 304 406
0 1.0 nan 0.5 1.0 1.0 74.69137561066995 74.69234217392628 74.99807613083027 73.9814848935547 76.55800309210198 74.90685255729421 -1.0 74.90685255729421 -1.0 1
1 nan 0.125 0.5 -1.0 1.0 78.4639053298512 78.4649718824099 78.74520856720754 76.93430231184236 80.30799990170614 78.57516009363029 -1.0 78.57516009363029 -1.0 1
2 0.25 nan 0.5 1.0 1.0 81.24737419967825 81.24827410339965 81.60440266870208 80.71929736405338 83.15809828376231 81.38895905184528 -1.0 81.38895905184528 -1.0 1
3 nan 1.0 0.5 -1.0 1.0 84.46363009996408 84.46456333345293 84.70980376241833 83.54589495297273 86.25789658427384 84.6285457893526 1.0 84.6285457893526 1.0 1
4 0.0 nan 0.5 -1.0 -1.0 87.21370254279691 87.2145357869834 101.52903764516343 86.66689437785993 104.07444206610637 87.35732051077896 -1.0 101.45001276651747 1.0 11
5 nan 0.0 0.5 -1.0 1.0 106.08041737033318 106.08131727405458 113.18735701544341 104.60864149886619 114.74684489024293 106.24413318809317 -1.0 113.09433363446456 1.0 6
6 nan 1.0 0.5 -1.0 1.0 116.4074125092196 116.40851239154576 116.93495606856511 115.19794190765715 118.49084840671082 116.55799639860064 1.0 116.55799639860064 1.0 1
7 nan 0.125 0.5 -1.0 1.0 119.446787333599 119.44782055639025 122.51185940868953 118.88954695144727 124.05725105145896 122.25941974995293 1.0 122.43203461562454 1.0 2
8 1.0 nan 0.5 1.0 1.0 124.98039530579382 124.9813951988176 125.41148251811218 124.47644922180947 126.98037199902328 125.13691189378261 -1.0 125.3995171315943 -1.0 2
9 nan 0.125 0.5 -1.0 1.0 128.20715008282932 128.20801665678326 146.79779444650035 127.37787213867492 148.35699463399413 133.86334493973936 1.0 146.36927362627637 -1.0 6
10 nan 0.25 0.5 -1.0 1.0 149.47980750418134 149.48077406743766 156.51102191762408 148.98989325229735 158.06300882747078 149.64538978891906 1.0 156.40823291477966 1.0 5
11 0.0 nan 0.5 1.0 1.0 159.44027519031803 159.44130841310925 199.59547907874946 158.5248064675139 201.1454700446541 163.2745649686013 -1.0 199.54235142941937 -1.0 14
12 0.0 nan 0.5 1.0 1.0 202.3395188336722 202.3404853969285 202.76967281250168 201.86976909110106 204.32939564442833 202.6554850291862 -1.0 202.6554850291862 -1.0 1
13 1.0 nan 0.5 1.0 1.0 205.53967645627517 205.54077633860135 205.79008299919676 204.71949753863717 207.34590104580042 205.6761951837884 -1.0 205.6761951837884 -1.0 1
14 nan 0.0 0.5 1.0 -1.0 209.0227038153051 209.02370370832887 212.24869200768904 207.81849931700123 214.79550983804313 211.98928642755345 -1.0 211.98928642755345 -1.0 1
15 0.125 nan 0.5 1.0 1.0 215.80604474815317 215.806977981642 216.0564179613073 215.22140729714988 217.62841120591276 215.94649638822656 -1.0 215.94649638822656 -1.0 1
16 0.25 nan 0.5 1.0 1.0 219.13955477036075 219.14058799315197 219.55201064266936 218.0156083520988 221.1122043771468 219.30537036347067 -1.0 219.4732190723956 -1.0 2
17 nan 0.125 0.5 -1.0 1.0 222.22282489848402 222.22389145104273 236.4545356142952 221.51650046648692 238.00604878265335 225.4585120531986 -1.0 235.88789623771993 -1.0 5
18 1.0 nan 0.5 1.0 1.0 239.26186859762308 239.2630018097167 239.8073435718617 238.5270472144483 241.37253761057315 239.40558655490753 -1.0 239.75701562299818 -1.0 2
19 nan 0.0625 0.5 1.0 -1.0 242.62840841938282 242.62930832310423 246.54558932933736 241.77723281800766 249.0890643846616 246.23525586452396 -1.0 246.23525586452396 -1.0 1
20 nan 0.25 0.5 -1.0 1.0 250.22839531451822 250.22919522893724 250.64285097287438 249.5924633513951 252.1948772836406 250.45203805417 1.0 250.45203805417 1.0 1
21 nan 0.25 0.5 -1.0 1.0 253.322297638461 253.32316421241495 258.67785799288833 252.59037594505517 260.22828243188627 258.3726573122637 -1.0 258.3726573122637 -1.0 1
22 nan 0.125 0.5 1.0 -1.0 261.13892802208176 261.1397279365008 261.4197313129262 260.656579627411 263.96148601162196 261.2172196458436 -1.0 261.3215084882237 -1.0 2
23 nan 0.0 0.5 1.0 -1.0 265.02191259062306 265.0230124729492 274.90555516276606 264.3598834195793 277.4719961469389 266.4694243913797 1.0 274.8967894339243 -1.0 6
24 0.0625 nan 0.5 1.0 1.0 278.56149735537474 278.562530578166 279.03841299794965 277.96459454994647 280.59440739295144 278.8315018015624 -1.0 278.8315018015624 -1.0 1
25 0.25 nan 0.5 1.0 1.0 281.5721085904368 281.57314181322806 281.87880911059716 280.9749058171014 283.43880322322195 281.74342359517755 -1.0 281.74342359517755 -1.0 1
26 nan 0.0625 0.5 1.0 -1.0 284.43170264914085 284.42876962960446 294.82132442108326 283.8287004962675 297.3777322062263 289.44646613129703 -1.0 294.72270163917125 -1.0 3
27 nan 0.0625 0.5 1.0 -1.0 299.42146559604595 299.4225988081396 302.3492190292042 297.8822302752414 304.8882362855115 302.1289425960658 -1.0 302.1289425960658 -1.0 1
28 nan 1.0 0.5 -1.0 1.0 305.84451174265917 305.84551163568295 306.13544728281124 305.31993453261754 307.67174216128853 306.0535227143963 1.0 306.0535227143963 1.0 1
29 0.25 nan 0.5 1.0 1.0 308.62778063388146 308.6288138566727 309.0005407531461 308.06264109684184 310.5442659259063 308.7579000460425 -1.0 308.9624781587076 -1.0 2
30 nan 0.0625 0.5 0.0 -1.0 311.4381132962807 311.43911318930446 371.4400271648537 310.9415664206723 373.9393633513641 315.17737990753756 -1.0 368.6457927801373 1.0 30
31 nan 0.0625 0.5 1.0 -1.0 375.42666731019335 375.4276338734497 376.0722982356471 374.84646271826216 378.6206514907989 375.65597611031325 -1.0 375.65597611031325 -1.0 1
32 nan 1.0 0.5 -1.0 1.0 379.5603917193308 379.56125829328477 382.9903580885656 379.03394804231147 384.53758097229525 382.7863465819473 1.0 382.7863465819473 1.0 1
33 nan 1.0 0.5 -1.0 1.0 386.16018562278066 386.16115218603693 386.41725811919406 384.96378029006223 387.9765826088314 386.31126945867356 1.0 386.31126945867356 1.0 1
34 1.0 nan 0.5 1.0 1.0 389.7705993530399 389.77146592699387 390.09146502437045 388.387580652317 391.6433892251106 389.930982194054 -1.0 389.930982194054 -1.0 1
35 nan 0.25 0.5 -1.0 1.0 393.62048746249417 393.62142069598303 399.7187016954492 392.0570880602816 401.270390553797 399.4513636306583 1.0 399.5247891083711 1.0 2
36 nan 0.125 0.5 1.0 -1.0 402.4467431619915 402.44364349361774 406.29826443005123 401.72048752905374 408.8702081432878 406.1166505271656 -1.0 406.1166505271656 -1.0 1
37 0.0 nan 0.5 1.0 1.0 409.8930798291396 409.8938797435586 410.52331240202716 409.3245073260517 412.0868050380837 410.3040025321451 -1.0 410.3040025321451 -1.0 1
38 0.0625 nan 0.5 1.0 1.0 413.2928494290562 413.29384932208 417.4298068256373 412.48600241840194 418.9927171014619 417.1851663324861 -1.0 417.1851663324861 -1.0 1
39 0.25 nan 0.5 1.0 1.0 420.9533298521302 420.9540631070143 421.23733280065073 419.5237161364992 422.80362366592897 421.12254508152097 -1.0 421.12254508152097 -1.0 1
40 0.0625 nan 0.5 1.0 1.0 424.443023164652 424.44435635535035 427.70174118868096 423.21482123377746 429.25953075339777 427.40533956666553 -1.0 427.6921755454201 -1.0 2
41 nan 0.125 0.5 1.0 -1.0 430.836739115901 430.83763901962243 436.688213080355 429.6824292794837 439.24255798629025 436.48183516024716 -1.0 436.48183516024716 -1.0 1
42 0.0625 nan 0.5 1.0 1.0 440.42008048323595 440.4212136953295 440.9212601965212 439.7023572707678 442.4697542844041 440.57426398750255 -1.0 440.8733319909147 -1.0 2
43 0.0 nan 0.5 1.0 1.0 443.3798304931551 443.37679748431634 446.6752779209242 442.8713515607963 448.2197707699571 446.52886025247557 -1.0 446.52886025247557 -1.0 1
44 1.0 nan 0.5 1.0 1.0 449.22553840783866 449.2264049817926 449.4948762586771 448.62796900706115 451.05307078800917 449.3514582692998 -1.0 449.3514582692998 -1.0 1
45 1.0 nan 0.5 1.0 1.0 451.9427143701892 451.94371426321294 455.6579835488754 451.4452675908594 457.219872173998 455.4953009539066 -1.0 455.4953009539066 -1.0 1
46 0.25 nan 0.5 1.0 1.0 458.30916657165653 458.30996648607555 458.7156897453574 457.6505703666611 460.2756802928436 458.57243840481743 -1.0 458.57243840481743 -1.0 1
47 nan 0.0 0.5 1.0 -1.0 462.9195399852292 462.92057320802047 465.7402048755408 460.68067951568685 468.3090062822154 465.62305074292146 -1.0 465.62305074292146 -1.0 1
48 nan 1.0 0.5 -1.0 1.0 469.5359987724087 469.5371653142697 470.1529994276149 468.8451060227452 471.7193207950028 469.91969105539994 1.0 470.067741882454 1.0 2
49 0.0625 nan 0.5 1.0 1.0 472.7254575396572 472.726457432681 475.6387125239707 472.13562064493027 477.20280426058747 475.5224249653053 -1.0 475.5224249653053 -1.0 1
50 0.125 nan 0.5 1.0 1.0 479.02531686574093 479.02638341829964 479.53492901019337 477.61810075384255 481.0859197981431 479.3639806328947 -1.0 479.3639806328947 -1.0 1
51 0.0625 nan 0.5 1.0 1.0 481.99216611612894 481.9930326900829 484.75333737152573 481.50051871633707 486.32532581817054 484.59852060167736 -1.0 484.59852060167736 -1.0 1
52 0.125 nan 0.5 1.0 1.0 487.60269919161976 487.60363242510863 488.1014458318805 486.75532318373496 489.6585369171053 487.8652377698965 -1.0 487.8652377698965 -1.0 1
53 nan 0.25 0.5 1.0 -1.0 490.6525728927489 490.6535727857726 496.50018060417756 490.068035431048 499.04206122782244 490.81022269283125 1.0 496.41258997529457 -1.0 3
54 0.125 nan 0.5 1.0 1.0 500.1858529493599 500.1867861828488 500.4895537904489 499.5024593973748 502.0583473732377 500.3565013587514 -1.0 500.3565013587514 -1.0 1
55 nan 0.0625 0.5 1.0 -1.0 503.08574269692224 503.0867759197135 507.84136723708247 502.469541956135 510.40847904655885 507.66575269233954 -1.0 507.66575269233954 -1.0 1
56 0.125 nan 0.5 1.0 1.0 511.38568803847 511.3866546017263 511.77317991495164 510.84717898563036 513.341772182146 511.54857061204353 -1.0 511.54857061204353 -1.0 1
57 0.25 nan 0.5 1.0 1.0 514.302242669762 514.3033092223206 514.710665640208 513.7581675457567 516.2745880011668 514.4878894745102 -1.0 514.4878894745102 -1.0 1
58 0.125 nan 0.5 1.0 1.0 518.035643241946 518.0365764754349 523.9400782068928 516.6840878417047 525.502097127613 523.7813285244843 -1.0 523.7813285244843 -1.0 1
59 nan 0.0625 0.5 1.0 -1.0 527.3914756166039 527.3924755096276 533.8213876953137 525.9690944605115 536.3688004253775 533.7220649882851 -1.0 533.7220649882851 -1.0 1
60 1.0 nan 0.5 1.0 1.0 537.5118928567776 537.5086931991016 538.0687999412548 536.8447975610801 539.6185221143061 537.6552775163875 -1.0 538.0012405026148 -1.0 2
61 0.0625 nan 0.5 1.0 1.0 541.0743117218956 541.0753449446868 544.8708388736475 540.0399223887968 546.4247285997828 544.7343534759018 -1.0 544.7343534759018 -1.0 1
62 nan 0.0 0.5 1.0 -1.0 547.3516734549443 547.3525733586657 551.1218700904034 546.8622258198047 553.674451863301 551.0220141070954 -1.0 551.0220141070954 -1.0 1
63 1.0 nan 0.5 1.0 1.0 554.8517710370041 554.8528042597954 555.1062438115558 554.1105503384772 556.6578372954821 554.9961889194053 -1.0 554.9961889194053 -1.0 1
64 0.0625 nan 0.5 1.0 1.0 557.5351839449185 557.5361171784074 557.9152432832567 557.0784328116565 559.4744621844779 557.6413725840438 -1.0 557.790156665982 -1.0 2
65 0.0625 nan 0.5 1.0 1.0 560.7185100349545 560.7194099386759 565.09127553631 559.8934649712675 566.6517635107078 564.8896971027162 -1.0 564.8896971027162 -1.0 1
66 nan 0.0625 0.5 1.0 -1.0 567.6908974088317 567.6919639613903 570.1539338943052 567.0938612843335 572.7077684996963 569.8213361448289 -1.0 569.8213361448289 -1.0 1
67 nan 0.25 0.5 -1.0 1.0 573.9012996390546 573.9022328725434 574.1777700601293 573.2714670233765 575.7242649992702 574.1058777517197 1.0 574.1058777517197 1.0 1
68 nan 0.25 0.5 -1.0 1.0 576.7681262572974 576.769192809856 588.6795852114305 576.1302611676616 590.2513948485479 588.4001484410519 -1.0 588.4001484410519 -1.0 1
69 0.125 nan 0.5 1.0 1.0 591.6070386766817 591.6083385376127 591.9704997908252 590.7780940302019 593.5347185532615 591.7531563772233 -1.0 591.7531563772233 -1.0 1
70 nan 0.125 0.5 1.0 -1.0 596.1572851897579 596.1582850827816 598.8025688436987 593.9621200453546 601.367714675487 598.5790927528842 -1.0 598.5790927528842 -1.0 1
71 nan 0.25 0.5 -1.0 1.0 602.3568552455566 602.3578884683478 602.6389250675645 601.8243122210922 604.2072154691256 602.5543341177529 1.0 602.5543341177529 1.0 1
72 nan 0.25 0.5 -1.0 1.0 605.2843420405752 605.2851752847616 610.9395370044615 604.6147136825507 612.5066215320916 610.7518570838982 1.0 610.7518570838982 1.0 1
73 0.25 nan 0.5 1.0 1.0 614.7341643594682 614.7350642631897 615.3324336853623 612.9690198748247 616.8844528215105 615.0128345451952 -1.0 615.2732733481221 -1.0 2
74 nan 0.125 0.5 -1.0 1.0 617.8566969536586 617.8576968466823 622.3756468150904 617.3209542715181 623.9237665960837 622.0881109112191 1.0 622.2766574057364 1.0 2
75 0.25 nan 0.5 1.0 1.0 624.9506046596922 624.9516045527159 625.7621511675583 624.3836653152098 627.3008752219151 625.4015564134163 -1.0 625.4015564134163 -1.0 1
76 nan 0.125 0.5 1.0 -1.0 629.390163015036 629.3912295675948 633.7568291689464 627.7261743746313 636.3067754216032 633.6014791228188 -1.0 633.6014791228188 -1.0 1
77 nan 1.0 0.5 -1.0 1.0 637.300716683357 637.3017832359158 637.5400910732496 636.7708733700568 639.1068677126921 637.456300037857 1.0 637.456300037857 1.0 1
78 0.125 nan 0.5 1.0 1.0 642.8671878062667 642.8684543374302 646.6090874691529 639.6635638878479 648.1672032411481 646.5008657142125 -1.0 646.5008657142125 -1.0 1
79 nan 1.0 0.5 -1.0 1.0 649.3065988687024 649.307665421261 665.6217200186259 648.6513023106854 667.1897290261206 665.2314617714451 -1.0 665.4340067682951 -1.0 2
80 0.25 nan 0.5 1.0 1.0 668.9002692542931 668.9010691687121 669.2451323581943 667.7399267299656 670.8060226861961 669.1041141120741 -1.0 669.1041141120741 -1.0 1
81 nan 0.0625 0.5 1.0 -1.0 672.2002162006692 672.2010494448557 677.3379665247501 671.2423186838894 679.9002419372066 677.2356441386501 -1.0 677.2356441386501 -1.0 1
82 nan 1.0 0.5 -1.0 1.0 681.089498490432 681.0905983727581 681.3922327682646 680.3795411137818 682.9563547665801 681.3000759612397 1.0 681.3000759612397 1.0 1
83 nan 1.0 0.5 -1.0 1.0 684.4834353810433 684.4842019656948 684.8070674230729 683.3792535148847 686.3666565229333 684.6982124025509 1.0 684.6982124025509 1.0 1
84 0.125 nan 0.5 1.0 1.0 687.53937509985 687.5405083119435 698.0395850402222 686.8063535241179 699.5998652342857 697.7841123726469 -1.0 697.8881679066546 -1.0 2
85 nan 0.0625 0.5 1.0 -1.0 702.2223375372923 702.2233374303161 705.6132747488323 700.1091636208389 708.1722828610472 705.4005308431397 -1.0 705.4005308431397 -1.0 1
86 0.125 nan 0.5 1.0 1.0 709.1995243976836 709.2006242800097 709.6312782053511 708.6619819081003 711.1891982373648 709.4075688061644 -1.0 709.6111803555732 -1.0 2
87 1.0 nan 0.5 1.0 1.0 712.2163016397255 712.217201543447 712.5896950245719 711.6207986845305 714.155514276803 712.3923494714455 -1.0 712.3923494714455 -1.0 1
88 nan 0.25 0.5 1.0 -1.0 715.3164033004158 715.3175031827419 722.093078279772 714.5877145944535 724.64970621133 721.3954529170818 1.0 721.8211740368391 -1.0 2
89 0.0625 nan 0.5 1.0 1.0 726.038889459974 726.0396893743931 726.3141266796528 725.2840035567888 727.8725147415081 726.2133707926234 -1.0 726.2133707926234 -1.0 1
90 0.25 nan 0.2 1.0 1.0 729.4328596803527 729.4340262222139 733.0263418887428 728.2996142569697 734.599426302752 732.9187200696167 -1.0 732.9187200696167 -1.0 1
91 nan 0.0625 0.2 1.0 -1.0 737.6221501939358 737.6232167464944 748.056100556599 735.0533250265464 750.6050696195475 747.8532222620744 1.0 747.8532222620744 1.0 1
92 nan 0.0 0.2 1.0 -1.0 752.3156781676628 752.316711390454 756.8283287030448 751.1539691228694 759.3883714717531 756.3073844376562 1.0 756.5331269526579 1.0 2
93 nan 1.0 0.2 -1.0 1.0 760.3989133611902 760.3999465839815 760.6919820064597 759.8841684325491 762.2322725519932 760.5717282054667 1.0 760.5717282054667 1.0 1
94 nan 1.0 0.2 -1.0 1.0 763.5383774772499 763.5392440512038 774.0057909264423 762.6647709423746 775.5549032233275 773.5982678597176 -1.0 773.9830266952675 1.0 2
95 nan 0.0625 0.2 1.0 -1.0 777.1990492871812 777.2000825099724 783.1720102540243 776.0885014354379 785.7381196092828 781.5460508782907 -1.0 781.5460508782907 -1.0 1
96 nan 0.125 0.2 1.0 -1.0 786.9651710992628 786.9659710136818 787.2853035157092 786.240515295163 789.8548166044519 787.1227209100429 -1.0 787.1227209100429 -1.0 1
97 nan 1.0 0.2 -1.0 1.0 790.8653871575806 790.8663203910694 791.1403244093522 790.3086133921732 792.7049404513673 791.0533337162834 1.0 791.0533337162834 1.0 1
98 nan 1.0 0.2 -1.0 1.0 793.7154489027912 793.7165487851174 794.1793326062896 793.1569419894761 795.7380242718389 793.8838308879955 1.0 793.8838308879955 1.0 1
99 nan 0.25 0.2 -1.0 1.0 797.2151744753182 797.2161743683421 808.0853448344886 796.1766189212871 809.6316723458157 807.6960864803316 1.0 807.6960864803316 1.0 1
100 nan 0.0 0.2 1.0 -1.0 811.4376861753107 811.438719398102 819.358572071544 810.3244719421706 821.9044790744226 814.4029022670932 -1.0 819.2666485728913 -1.0 3
101 nan 1.0 0.2 -1.0 1.0 823.1313684288649 823.132534970726 823.3968733564456 822.4252773052401 824.9649924891368 823.2681204647504 1.0 823.2681204647504 1.0 1
102 nan 0.125 0.2 -1.0 1.0 826.7212510223693 826.7221509260908 830.2228763916415 825.4071916105197 831.7814938665499 829.7351619044099 -1.0 830.1853470734824 1.0 2
103 nan 0.125 0.2 1.0 -1.0 834.3542343872895 834.3550676314759 843.9952695820963 832.2589918857291 846.5540042520914 837.6956768941523 -1.0 843.9368091699728 -1.0 3
104 nan 0.0 0.2 1.0 -1.0 847.9310151725257 847.931915076247 864.3256944773744 847.1133026576797 866.8704604938919 848.1887542642884 -1.0 864.2773996443259 -1.0 10
105 nan 0.25 0.2 -1.0 1.0 868.1476189119304 868.1486521347216 868.4393543665014 867.4507601338917 869.9810482947275 868.366028878091 1.0 868.366028878091 1.0 1
106 0.0625 nan 0.2 1.0 1.0 872.6037421617015 872.6049753630974 872.8899782046418 870.4174427354424 874.4477634996115 872.7789567492349 -1.0 872.7789567492349 -1.0 1
107 nan 1.0 0.2 -1.0 1.0 875.5204634418308 875.5215633241569 879.1221781027832 874.905962519184 880.6809628726301 878.6830584165072 -1.0 878.6830584165072 -1.0 1
108 nan 0.0625 0.2 1.0 -1.0 882.0907605010791 882.0878274815426 884.3851483632086 881.1538607377986 886.9474920275876 884.1888027031059 -1.0 884.3541516794714 -1.0 2
109 1.0 nan 0.2 1.0 1.0 888.1533452126201 888.1544117651788 888.4278825071823 887.4110912913019 889.9810026678756 888.3342258606217 -1.0 888.3342258606217 -1.0 1
110 nan 0.25 0.2 1.0 -1.0 891.1200944737058 891.1210610369621 909.4161370228043 890.4346011463707 911.9696338552039 895.5021589801823 -1.0 909.3773078437141 -1.0 7
111 nan 0.125 0.2 1.0 -1.0 913.9638838033209 913.9647837070423 916.9147347653285 912.5720327142212 919.4803445654488 916.5764709553843 -1.0 916.7995470889892 -1.0 2
112 nan 1.0 0.2 -1.0 1.0 920.469721092303 920.4706876555593 930.5762731492136 919.9610421813394 932.1302539800888 920.4050280136645 -1.0 930.4340883612324 1.0 5
113 nan 0.25 0.2 -1.0 1.0 933.769264871813 933.7702314350693 934.1399585454951 932.6493513554136 935.702675048998 933.982842021692 1.0 933.982842021692 1.0 1
114 nan 0.25 0.2 -1.0 1.0 936.746712988253 936.7478128705792 940.7377859926647 936.155276264688 942.2862728278624 940.5907350586344 1.0 940.5907350586344 1.0 1
115 nan 0.0 0.2 -1.0 1.0 943.2300193544326 943.2310859069913 949.4533868641972 942.7527704141831 950.9966018050998 946.5075020375411 1.0 949.3097355664478 1.0 3
116 nan 1.0 0.2 -1.0 1.0 953.4527256509389 953.4536922141953 953.7210969385211 951.496701588056 955.2632873215673 953.6124752263713 1.0 953.6124752263713 1.0 1
117 nan 0.25 0.2 -1.0 1.0 957.3858048599716 957.3869047422977 957.8299906709013 955.7173833604948 959.37990819091 957.7114366880487 1.0 957.7114366880487 1.0 1
118 nan 0.0625 0.2 1.0 -1.0 960.3527207698945 960.3538539819881 966.8974538975016 959.839109053347 969.4691245636411 965.194802726844 1.0 965.557930543313 -1.0 2
119 nan 0.125 0.2 1.0 -1.0 971.6961404972192 971.697073730708 978.7353207250846 969.9973222498195 981.2857275298674 978.2631045797216 1.0 978.4240873565499 1.0 2
120 0.0 nan 0.2 -1.0 -1.0 982.4461237149313 982.4472569270249 994.2334959448136 981.8046256806425 996.7855656181366 993.8755009125335 -1.0 993.8755009125335 -1.0 1
121 nan 0.0 0.2 -1.0 1.0 997.8124130448239 997.8134129378477 998.1907725650217 997.336363976203 999.7460619546528 998.0784179189164 1.0 998.0784179189164 1.0 1
122 nan 1.0 0.2 -1.0 1.0 1000.7354669807704 1000.7363668844919 1006.6837972494611 1000.1848592223431 1008.2290795042506 1006.4289245177 -1.0 1006.4289245177 -1.0 1
123 0.0625 nan 0.8 1.0 1.0 1009.468632639754 1009.4695992030103 1009.8400928980877 1008.7368775951854 1011.3958810912418 1009.7022409798761 -1.0 1009.7022409798761 -1.0 1
124 0.25 nan 0.8 1.0 1.0 1015.2850436888408 1015.2858769330272 1015.8470168979718 1011.8470781754158 1017.4123008916978 1015.425262020542 -1.0 1015.8201197756321 -1.0 2
125 0.0 nan 0.8 1.0 1.0 1020.422094087805 1020.4187944408266 1026.562103849154 1017.8785995436848 1028.129015328696 1023.3995422042451 -1.0 1023.9420841589473 -1.0 3
126 0.125 nan 0.8 1.0 1.0 1030.318068673908 1030.3190352371644 1030.6908287931726 1028.6479140265235 1032.2515261275582 1030.5203803623858 -1.0 1030.5203803623858 -1.0 1
127 nan 0.0 0.8 1.0 -1.0 1033.3955394224934 1033.396672634587 1034.1109962107744 1032.8984259408383 1036.6851398304175 1033.5167264569754 -1.0 1034.0112068870012 -1.0 3
128 0.0625 nan 0.8 1.0 1.0 1037.8289651006248 1037.829931663881 1038.1906264073255 1037.135939245844 1039.7349471255845 1038.040309156084 -1.0 1038.040309156084 -1.0 1
129 0.0625 nan 0.8 1.0 1.0 1041.0119578929862 1041.012891126475 1045.7108551689307 1040.187046148369 1047.2619393051152 1045.3811571092235 -1.0 1045.6952901675272 -1.0 2
130 0.25 nan 0.8 1.0 1.0 1048.3179429093632 1048.3188094833172 1048.572848970892 1047.7529366913936 1050.1119664275654 1048.4469957689657 -1.0 1048.4469957689657 -1.0 1
131 1.0 nan 0.8 1.0 1.0 1052.4015726780094 1052.4024392519634 1055.7103520127623 1050.5600696961167 1057.267468618828 1055.5908314666533 -1.0 1055.5908314666533 -1.0 1
132 1.0 nan 0.8 1.0 1.0 1058.3283052573865 1058.3293718099453 1058.547781776106 1057.756866394297 1060.111768399825 1058.4303276755793 -1.0 1058.4303276755793 -1.0 1
133 1.0 nan 0.8 1.0 1.0 1062.1678944686957 1062.168994351022 1062.572484515884 1060.5608664008791 1064.1347698271713 1062.3990697357933 -1.0 1062.3990697357933 -1.0 1
134 0.125 nan 0.8 1.0 1.0 1065.2784283466008 1065.2792615907872 1070.1462075542615 1064.606666883459 1071.7175886488665 1069.9334303188016 -1.0 1069.9334303188016 -1.0 1
135 nan 0.0625 0.8 1.0 -1.0 1074.3784214262412 1074.3794879788 1079.0437889561217 1072.1984879855668 1081.595027549142 1078.822845927634 -1.0 1078.822845927634 -1.0 1
136 0.25 nan 0.8 1.0 1.0 1082.6673679445275 1082.6684011673187 1082.9787013023647 1082.1192265888922 1084.550619508056 1082.8275174771693 -1.0 1082.8275174771693 -1.0 1
137 1.0 nan 0.8 1.0 1.0 1085.7780684712698 1085.779035034526 1089.6885167681974 1085.0247157373876 1091.250630853019 1089.5229011536924 -1.0 1089.5229011536924 -1.0 1
138 0.125 nan 0.8 1.0 1.0 1092.361430799362 1092.362297373316 1095.7210380294903 1091.7467298981105 1097.261525370014 1095.502661393097 -1.0 1095.5891188098865 -1.0 2
139 0.25 nan 0.8 1.0 1.0 1098.2505674010451 1098.2515672940688 1100.9770423685168 1097.7429217128727 1102.5111588690156 1100.862921244736 -1.0 1100.862921244736 -1.0 1
140 0.25 nan 0.8 1.0 1.0 1105.8044258980167 1105.801459548713 1106.9703678232775 1102.9903603016621 1108.533651667386 1106.4395246169533 -1.0 1106.9168068869703 -1.0 3
141 1.0 nan 0.8 1.0 1.0 1109.6111519586113 1109.6120851921 1114.0495771018616 1109.0276477197017 1115.6171576817508 1113.8973267241074 -1.0 1113.8973267241074 -1.0 1
142 0.25 nan 0.8 1.0 1.0 1122.977655240947 1122.9786218042032 1127.6301908103555 1116.113556281545 1129.183796476082 1127.4889059260956 -1.0 1127.4889059260956 -1.0 1
143 nan 0.125 0.8 1.0 -1.0 1130.910639842768 1130.911506416722 1140.4990806645242 1129.7610961630974 1143.0609162631602 1140.3972248951686 -1.0 1140.3972248951686 -1.0 1
144 0.0 nan 0.8 1.0 1.0 1144.9999657919932 1145.0010323445517 1171.2948525634122 1143.6149139754552 1172.8436780663162 1148.8187238986404 -1.0 1171.2578565215324 -1.0 5
145 nan 0.25 0.8 -1.0 1.0 1174.1495138165324 1174.1503803904861 1174.560969795817 1173.5535775743604 1176.1162597951175 1174.3215287463895 1.0 1174.3215287463895 1.0 1
146 0.25 nan 0.8 1.0 1.0 1178.1433531916432 1178.144286425132 1181.6095823478736 1176.5756542494282 1183.160595252597 1181.397938324507 -1.0 1181.397938324507 -1.0 1
147 0.125 nan 0.8 1.0 1.0 1187.5198833518932 1187.5168503430543 1188.2754025206602 1183.6608962159225 1189.8327857325505 1187.7760226148177 -1.0 1188.0656249642716 1.0 2
148 0.125 nan 0.8 1.0 1.0 1190.7934331224415 1190.7944996750002 1195.118303747958 1190.3297827273154 1196.6767175076486 1194.8849287162082 -1.0 1194.8849287162082 -1.0 1
149 0.0625 nan 0.8 1.0 1.0 1197.8498448400835 1197.8507447438049 1198.3973196003697 1197.1657180332143 1199.9658055539785 1198.0809201178786 -1.0 1198.0809201178786 -1.0 1
150 0.0625 nan 0.8 1.0 1.0 1201.1597573869299 1201.1606906204188 1206.4140285780484 1200.4510998712105 1207.9597109357987 1205.9611436978116 -1.0 1206.3224717068379 1.0 3
151 1.0 nan 0.8 1.0 1.0 1208.982653766833 1208.9836203300893 1212.092621038691 1208.4712084851703 1213.6492350615076 1211.7717220375932 -1.0 1211.979399818632 -1.0 2
152 0.125 nan 0.8 1.0 1.0 1215.3098435022332 1215.3108767250246 1219.6064504849444 1214.139435388133 1221.1659619082754 1219.5173933462931 -1.0 1219.5173933462931 -1.0 1
153 1.0 nan 0.8 1.0 1.0 1223.09294413979 1223.094110681651 1223.5092662651239 1221.6824617106806 1225.0595525754754 1223.3672147962125 -1.0 1223.3672147962125 -1.0 1
154 0.0625 nan 0.8 1.0 1.0 1226.4488850954976 1226.4497516694516 1229.9518769852357 1225.5511478089818 1231.4931603456243 1229.7053033655718 -1.0 1229.7053033655718 -1.0 1
155 0.25 nan 0.8 1.0 1.0 1233.1861309599494 1233.1829979618083 1234.694369597017 1231.997258154677 1236.2429844492156 1234.3708042145222 -1.0 1234.5717160527668 -1.0 2
156 1.0 nan 0.8 1.0 1.0 1237.398813588198 1237.3999468002917 1237.7440766493087 1236.739084171109 1239.2988930813633 1237.3486856179393 -1.0 1237.5807941185258 -1.0 2
157 0.125 nan 0.8 1.0 1.0 1240.792717149042 1240.793583722996 1245.3361977193238 1239.7888912127032 1246.9152772364293 1245.2325754722929 -1.0 1245.2325754722929 -1.0 1
158 nan 0.0625 0.8 1.0 -1.0 1249.926006666374 1249.9271398784676 1252.4371046765239 1247.4366729943752 1255.0147084563584 1252.2947865694728 -1.0 1252.2947865694728 -1.0 1
159 0.125 nan 0.8 1.0 1.0 1256.1425082440421 1256.1434081477635 1256.43691008001 1255.525007642324 1258.0091228128435 1256.3186560650645 -1.0 1256.3186560650645 -1.0 1
160 1.0 nan 0.8 1.0 1.0 1259.1484866414273 1259.1493532153813 1259.8833080246022 1258.493523381085 1261.4484245732046 1259.5259129281362 -1.0 1259.8196814985224 -1.0 2
161 nan 0.125 0.8 -1.0 1.0 1264.8093143360143 1264.8103142290379 1268.5904431351998 1261.940421272189 1270.1257247489186 1268.3582679750787 1.0 1268.3582679750787 1.0 1
162 0.125 nan 0.8 1.0 1.0 1271.3986760222492 1271.3995759259706 1282.900445474773 1270.6594217800023 1284.4483539784887 1282.7299637142187 -1.0 1282.7299637142187 -1.0 1
163 0.0 nan 0.8 1.0 1.0 1285.692113467395 1285.6931133604187 1291.1154665688346 1285.0186521861128 1292.6648811167381 1290.8554610528847 -1.0 1290.8554610528847 -1.0 1
164 0.125 nan 0.8 1.0 1.0 1293.6754260180796 1293.6762925920336 1294.122178221104 1293.1723798378166 1295.6981642091039 1293.954329512179 -1.0 1293.954329512179 -1.0 1
165 0.25 nan 0.8 1.0 1.0 1296.775327700165 1296.776260933654 1301.8135886683801 1296.1840576254374 1303.3813969377882 1301.5481504003344 -1.0 1301.5481504003344 -1.0 1
166 0.125 nan 0.8 1.0 1.0 1305.1584308115237 1305.1595640236173 1308.4228815555557 1303.9102976797085 1309.9917950521617 1308.0662197139739 -1.0 1308.3287582922508 -1.0 2
167 nan 0.125 0.8 -1.0 1.0 1311.1144602564975 1311.1154268197538 1311.405295807347 1310.5101915724608 1312.9584103211785 1311.3150721268348 1.0 1311.3150721268348 1.0 1
168 0.25 nan 0.8 1.0 1.0 1314.181332139031 1314.1823986915895 1318.1136114336443 1313.4491104777178 1319.6813229069787 1317.8861024409673 -1.0 1317.8861024409673 -1.0 1
169 0.0 nan 0.8 1.0 1.0 1321.141687466855 1321.1426540301115 1328.4359404050865 1320.1979217714781 1329.981019741813 1328.121907336085 -1.0 1328.121907336085 -1.0 1
170 0.0 nan 0.8 1.0 1.0 1332.3413892368953 1332.3421891513144 1334.7572307716466 1330.519217520129 1336.308342684968 1334.4953921184865 -1.0 1334.4953921184865 -1.0 1
171 nan 0.125 0.8 -1.0 1.0 1338.2143275715932 1338.215127486012 1346.8035752946876 1336.8261427569141 1348.3580486099845 1346.5720667299154 1.0 1346.5720667299154 1.0 1
172 0.0625 nan 0.8 1.0 1.0 1350.5471747757142 1350.5483413175753 1350.9224679573056 1348.939246804176 1352.4748805413337 1350.7433871167468 -1.0 1350.7433871167468 -1.0 1
173 nan 0.125 0.8 1.0 -1.0 1353.8139252737008 1353.8152917941666 1357.5055969770258 1352.9634829272097 1360.0578710569844 1357.2828541410954 -1.0 1357.2828541410954 -1.0 1
174 0.125 nan 0.8 1.0 1.0 1361.096912750531 1361.0978793137872 1361.4632735544433 1360.5801680358422 1363.0243877824869 1361.3123563673878 -1.0 1361.3123563673878 -1.0 1
175 1.0 nan 0.8 1.0 1.0 1364.5971715993373 1364.598171492361 1369.2487072757222 1363.4977892196928 1370.8140156006273 1369.1135550686747 -1.0 1369.1135550686747 -1.0 1
176 nan 0.0 0.8 1.0 -1.0 1373.2575450461898 1373.2584116201438 1373.7617244385463 1371.353715399148 1376.3242992528667 1373.5116511932993 -1.0 1373.5116511932993 -1.0 1
177 nan 1.0 0.8 -1.0 1.0 1382.0135749256503 1382.0146414782091 1387.7718255305208 1376.8373953796888 1389.3301302163952 1387.3824005275264 -1.0 1387.3824005275264 -1.0 1
178 1.0 nan 0.8 1.0 1.0 1391.14073176577 1391.1418649778636 1391.4676301250106 1389.9133297493145 1393.0240436651586 1391.3608082203036 -1.0 1391.3608082203036 -1.0 1
179 1.0 nan 0.8 1.0 1.0 1394.2006710566718 1394.197504728763 1399.4322446761505 1393.5228435758524 1400.996954975154 1399.278427799326 -1.0 1399.278427799326 -1.0 1
180 0.0 nan 0.8 1.0 1.0 1402.907172901688 1402.9080728054093 1440.1514215597606 1401.5293536446886 1441.7130356713415 1438.7883340599783 -1.0 1439.3387418398008 1.0 3
181 0.0625 nan 0.8 1.0 1.0 1444.8236216919702 1444.8245882552264 1445.324534767116 1442.5251342684433 1446.8794188392703 1445.0054022436932 -1.0 1445.0054022436932 -1.0 1
182 0.0625 nan 0.8 1.0 1.0 1449.0567687974387 1449.0578686797649 1456.1692411839472 1447.380214834702 1457.7295497263992 1455.8837717256586 -1.0 1456.1289788248564 -1.0 2
183 0.0625 nan 0.8 1.0 1.0 1462.2397250503761 1462.2407249434 1477.0706716553377 1458.2824484301682 1478.6456009115002 1476.7051774253794 -1.0 1476.7051774253794 -1.0 1
184 nan 1.0 0.8 -1.0 1.0 1479.9395980489305 1479.9405312824192 1480.4353783398872 1479.2934005174297 1482.0063932930134 1480.254664340723 1.0 1480.254664340723 1.0 1
185 1.0 nan 0.8 -1.0 -1.0 1485.9452888474184 1485.946122091605 1491.048042915667 1482.5112895763211 1493.5954096724658 1490.8701286169696 1.0 1490.8701286169696 1.0 1
186 0.0625 nan 0.8 -1.0 -1.0 1495.7563725158027 1495.757339079059 1503.896568281918 1494.172708614975 1506.4453341993499 1503.5762692166345 -1.0 1503.5762692166345 -1.0 1
187 0.0625 nan 0.8 1.0 1.0 1507.4890839270518 1507.4898838414708 1522.745751651771 1507.0274333179732 1524.2951550815644 1522.6524949624197 -1.0 1522.6524949624197 -1.0 1
188 0.25 nan 0.8 1.0 1.0 1525.5891474434895 1525.5900140174435 1526.6466676352052 1524.9064538166213 1528.2116786912004 1525.7494302952014 -1.0 1526.523080857466 -1.0 4
189 1.0 nan 0.8 1.0 1.0 1529.1723974132697 1529.173297316991 1529.3821749696583 1528.7106801446562 1530.9387903935976 1529.2624544449445 -1.0 1529.2624544449445 -1.0 1
190 nan 1.0 0.8 -1.0 1.0 1531.961698992402 1531.9625988961234 1536.2880694574542 1531.4319889981716 1537.8613806573192 1536.0270640484805 1.0 1536.0270640484805 1.0 1
191 0.25 nan 0.8 1.0 1.0 1540.5222831154815 1540.5231830192029 1542.6921842961506 1538.3909778055302 1544.2612947425957 1542.5215025569914 -1.0 1542.5215025569914 -1.0 1
192 1.0 nan 0.8 1.0 1.0 1545.305438043563 1545.3064379365867 1564.6571343173994 1544.7817940670102 1566.2050317892365 1549.319375268452 1.0 1564.4870858438221 -1.0 8
193 nan 0.0 0.8 1.0 -1.0 1567.3945414485977 1567.3955413416213 1573.3394720810074 1566.8700308980908 1575.9109402109932 1573.178189336272 -1.0 1573.178189336272 -1.0 1
194 nan 1.0 0.8 -1.0 1.0 1577.071606122028 1577.0724393662144 1577.3192462942504 1576.4658375984557 1578.8715579064533 1577.2474206453758 1.0 1577.2474206453758 1.0 1
195 0.125 nan 0.8 1.0 1.0 1580.7443131876687 1580.7454130699948 1581.1680678511461 1579.3745597343946 1582.7215793679902 1580.9383257640493 -1.0 1580.9383257640493 -1.0 1
196 0.25 nan 0.8 1.0 1.0 1584.0146299707735 1584.0113636535625 1587.1576603719514 1583.2347800717612 1588.7275741068931 1587.0081763648964 -1.0 1587.0081763648964 -1.0 1
197 1.0 nan 0.8 1.0 1.0 1591.9382155781711 1591.9393154604973 1592.336173001635 1589.2461702604849 1593.8880855605146 1592.111863666634 -1.0 1592.111863666634 -1.0 1
198 0.25 nan 0.8 1.0 1.0 1595.1942338910358 1595.1952337840596 1598.0852912502214 1594.4045850403904 1599.64390203918 1597.8763469380192 -1.0 1597.8763469380192 -1.0 1
199 0.0625 nan 0.8 1.0 1.0 1602.1714207514271 1602.1724873039857 1605.1283044013448 1600.1700015452645 1606.6938140051689 1604.9928522263901 -1.0 1604.9928522263901 -1.0 1
200 0.0625 nan 0.8 1.0 1.0 1607.721293650142 1607.722093564561 1613.8212077012374 1607.2401117973322 1615.3775176306542 1612.4144248763162 -1.0 1612.4144248763162 -1.0 1
201 0.125 nan 0.8 1.0 1.0 1616.7045325543725 1616.7056657664662 1617.5761393032003 1615.925615888849 1619.1271203289195 1616.8909459437723 -1.0 1617.575905994828 -1.0 4
202 1.0 nan 0.8 1.0 1.0 1622.2210090260933 1622.2219422595822 1622.8839381008584 1619.6379187182315 1624.4377498219214 1622.5277762057885 -1.0 1622.5277762057885 -1.0 1
203 0.125 nan 0.8 1.0 1.0 1625.5640846915617 1625.5612183315602 1627.643728861951 1624.945250899145 1629.2043439653828 1627.467381062324 -1.0 1627.467381062324 -1.0 1
204 0.125 nan 0.8 1.0 1.0 1630.8269882924521 1630.8278548664061 1631.1403547661043 1629.7228397560611 1632.6937369597617 1631.0210675283677 -1.0 1631.0210675283677 -1.0 1
205 0.25 nan 0.8 1.0 1.0 1633.8210013033195 1633.8218012177385 1636.894572469112 1633.202534138345 1638.4602497111389 1636.5689073112676 -1.0 1636.7626532495083 -1.0 2
206 1.0 nan 0.8 1.0 1.0 1641.8539752075185 1641.855041760077 1642.2474664421427 1638.9827490599712 1643.8103752188931 1642.0591532559977 -1.0 1642.0591532559977 -1.0 1
207 1.0 nan 0.8 1.0 1.0 1644.804026255107 1644.8050261481308 1645.117159420387 1644.3402758706784 1646.6768742392032 1644.9799074379896 -1.0 1644.9799074379896 -1.0 1
208 0.0625 nan 0.8 1.0 1.0 1648.1706327364016 1648.1716659591928 1648.4942647784312 1647.185671448445 1650.060077225467 1648.3403479123042 -1.0 1648.3403479123042 -1.0 1
209 nan 0.25 0.2 -1.0 1.0 1651.2374046296325 1651.2382712035865 1651.6310958428617 1650.5712758971913 1653.1874777809546 1651.460880720447 1.0 1651.460880720447 1.0 1
210 nan 0.25 0.2 1.0 -1.0 1654.4602598238753 1654.4612263871315 1658.1078695746191 1653.6993745625473 1660.6539053699298 1657.9607853108214 -1.0 1657.9607853108214 -1.0 1
211 nan 0.0625 0.2 1.0 -1.0 1661.7099841927811 1661.7108174369675 1675.9149977648574 1661.1981056241414 1678.4762241378255 1665.7038902274269 -1.0 1675.8344397169083 -1.0 4
212 nan 0.0 0.2 -1.0 1.0 1679.7371221780181 1679.7382887198792 1680.2335357345567 1679.1087227423407 1681.793046151346 1680.0872847149453 1.0 1680.0872847149453 1.0 1
213 nan 0.125 0.2 -1.0 1.0 1683.3701334906148 1683.3712333729409 1684.3367300767013 1682.298148179822 1685.8927433271135 1684.2077772064015 1.0 1684.2077772064015 1.0 1
214 nan 0.25 0.2 1.0 -1.0 1687.0201763143832 1687.0212095371744 1691.1871638314449 1686.4219403182565 1693.7426650421191 1690.14970815974 1.0 1690.59572710788 -1.0 2
215 nan 0.125 0.2 1.0 -1.0 1694.786812046815 1694.7877786100712 1697.7557610725528 1694.2941647539992 1700.3033673916775 1697.670070240415 -1.0 1697.670070240415 -1.0 1
216 nan 0.0625 0.2 -1.0 1.0 1701.3797733479355 1701.3767070093293 1701.810860560254 1700.8406643592816 1703.353675220855 1701.6959395220542 1.0 1701.6959395220542 1.0 1
217 0.125 nan 0.2 1.0 1.0 1705.9257536507769 1705.9266535544982 1708.7006901001344 1703.856874995277 1710.2595976973932 1708.6259314317233 -1.0 1708.6259314317233 -1.0 1
218 nan 1.0 0.2 -1.0 1.0 1711.4698604997213 1711.47092705228 1711.7850934403514 1710.8125974854242 1713.3593030486895 1711.6621732579615 1.0 1711.6621732579615 1.0 1
219 nan 0.0 0.2 1.0 -1.0 1714.4863711036237 1714.4872376775777 1714.8888947052294 1713.8880017884273 1717.4533013553364 1714.7454767158522 -1.0 1714.7454767158522 -1.0 1
220 0.0625 nan 0.2 1.0 1.0 1721.342437589068 1721.3435041416267 1721.601809839436 1717.9750978528891 1723.1761163417939 1721.4819226658851 -1.0 1721.4819226658851 -1.0 1
221 nan 0.0625 0.2 1.0 -1.0 1724.5530940884207 1724.554127311212 1735.596345930007 1723.7244160800806 1738.1362426682747 1729.524628862182 1.0 1735.5341192541605 -1.0 5
222 nan 0.125 0.2 1.0 -1.0 1739.3255136217238 1739.3266468338174 1753.0928073577572 1738.7513417177026 1755.635967444411 1752.478273105343 1.0 1752.478273105343 1.0 1
223 nan 0.0625 0.2 1.0 -1.0 1756.8419729099496 1756.843106122043 1761.1710430861658 1756.280166349656 1763.7359763173563 1760.7931501827125 -1.0 1760.7931501827125 -1.0 1
224 0.125 nan 0.2 1.0 1.0 1764.8753134415906 1764.8763466643818 1765.2194766203752 1764.300674920825 1766.7917878967553 1765.08232462728 -1.0 1765.08232462728 -1.0 1
225 nan 0.125 0.2 1.0 -1.0 1768.3859378480768 1768.386971070868 1771.4836064357426 1767.303886947511 1774.0358060841404 1771.2731622840045 1.0 1771.2731622840045 1.0 1
226 nan 0.125 0.2 1.0 -1.0 1775.1417483930034 1775.14258163719 1775.7178867533046 1774.607605539701 1778.291892878344 1775.386855502899 -1.0 1775.6556267476906 -1.0 2
227 nan 0.125 0.2 -1.0 1.0 1779.3190348082103 1779.3199347119316 1779.6079039027798 1778.814388799109 1781.1749100712875 1779.5244461650618 1.0 1779.5244461650618 1.0 1
228 nan 0.125 0.2 1.0 -1.0 1783.118894936708 1783.119828170197 1789.5950687326513 1781.7091124327153 1792.152233812619 1789.3692928878822 -1.0 1789.4623495986284 -1.0 2
229 1.0 nan 0.2 1.0 1.0 1794.0244948386876 1794.0253614126416 1794.2931327644094 1792.7438318538323 1795.8416438381805 1794.1447153099132 -1.0 1794.1447153099132 -1.0 1
230 nan 0.25 0.2 -1.0 1.0 1797.6186436424268 1797.6196435354507 1797.9717391988904 1796.3732435515433 1799.5244510513194 1797.8643506881367 1.0 1797.8643506881367 1.0 1
231 nan 0.25 0.2 -1.0 1.0 1802.052135980093 1802.052935894512 1802.3146412286023 1800.0627488199834 1803.8747519016626 1802.2173516373887 1.0 1802.2173516373887 1.0 1
232 nan 0.125 0.2 1.0 -1.0 1805.4019109288208 1805.4029108218447 1815.7231066881693 1804.4237489134257 1818.2914661256627 1815.1485014971713 -1.0 1815.5580910094784 1.0 3
233 nan 0.25 0.2 -1.0 1.0 1820.0517769071762 1820.0527768001998 1820.3375796631394 1818.9185648135606 1821.9016879439594 1820.2353905961093 1.0 1820.2353905961093 1.0 1
234 0.25 nan 0.8 1.0 1.0 1823.1080499236573 1823.1090164869138 1823.4667782108215 1822.4354885460966 1825.0244891683571 1823.3543902349488 -1.0 1823.3543902349488 -1.0 1
235 nan 0.0625 0.8 1.0 -1.0 1826.8681809693437 1826.8693141814374 1827.187646790441 1825.5666868798262 1829.7516838629404 1826.9128095279718 -1.0 1826.9128095279718 -1.0 1
236 0.0 nan 0.8 1.0 1.0 1830.8578541235222 1830.8589540058483 1841.8460118594985 1830.2930812139248 1843.4074123347257 1841.1074575423681 1.0 1841.8029831297085 -1.0 5
237 nan 0.125 0.8 1.0 -1.0 1845.2847772873424 1845.2857771803663 1847.9037637547578 1844.0379106866908 1850.4347344711025 1845.3204734682913 -1.0 1845.9810027997994 -1.0 5
238 nan 0.0625 0.8 1.0 -1.0 1851.6240657283304 1851.6250656213542 1854.9746739212446 1850.9926332838143 1857.534740472276 1854.77586185835 -1.0 1854.77586185835 -1.0 1
239 0.0625 nan 0.8 1.0 1.0 1858.6410150013007 1858.641981564557 1859.3935344909962 1858.1058389252069 1860.9513446278522 1858.9065532586487 -1.0 1859.3236752984017 -1.0 2
240 1.0 nan 0.8 1.0 1.0 1862.974084749612 1862.9749179937985 1863.4013390386726 1861.491843331163 1864.9570498342123 1863.1812292543716 -1.0 1863.1812292543716 -1.0 1
241 0.25 nan 0.8 1.0 1.0 1866.0844519786797 1866.085551861006 1866.4293484123484 1865.4935485313943 1867.9902570045708 1866.3006955099556 -1.0 1866.3006955099556 -1.0 1
242 nan 0.125 0.8 1.0 -1.0 1871.0178241687004 1871.0188240617242 1879.0920936547814 1868.5354564181005 1881.6568859605932 1878.9681735793677 -1.0 1878.9681735793677 -1.0 1
243 0.0 nan 0.8 1.0 1.0 1882.8009635181154 1882.8020300706742 1883.6581718074005 1882.285985281102 1885.217683429408 1883.0202067284624 -1.0 1883.289611238836 -1.0 2
244 0.0625 nan 0.8 1.0 1.0 1888.4567917475833 1888.4576249917698 1892.9346126759706 1885.7557807224505 1894.484485464953 1892.8509216298803 -1.0 1892.8509216298803 -1.0 1
245 0.0 nan 0.8 1.0 1.0 1896.4567025224626 1896.4576024261842 1896.6788120928113 1895.0752836505778 1898.2508156450003 1896.58175580997 -1.0 1896.58175580997 -1.0 1
246 0.25 nan 0.8 1.0 1.0 1899.9066334224055 1899.9074999963595 1902.3602042539205 1898.797018804151 1903.9341120599747 1902.248549532932 -1.0 1902.248549532932 -1.0 1
247 0.0625 nan 0.8 1.0 1.0 1906.2569206866551 1906.2577539308415 1907.0876318108103 1904.495809103874 1908.6340100848224 1906.374174808577 -1.0 1907.0873985024382 -1.0 4
248 0.25 nan 0.8 1.0 1.0 1910.3399838492546 1910.3410504018132 1914.3061261876067 1909.4923078734626 1915.8505348737697 1913.6832261635602 -1.0 1914.2229017582608 -1.0 3
249 1.0 nan 0.8 1.0 1.0 1917.6732326154133 1917.6742991679719 1920.560956997853 1916.4140340008016 1922.1233326843198 1920.319816130285 -1.0 1920.319816130285 -1.0 1
250 nan 0.0625 0.8 1.0 -1.0 1924.2838586932874 1924.2848919160785 1929.2505273209997 1922.6896292561748 1931.8068572994152 1929.1050762158075 -1.0 1929.1050762158075 -1.0 1
251 0.125 nan 0.8 1.0 1.0 1933.0502541304277 1933.0511207043817 1933.706150624259 1932.4003569947392 1935.250161794354 1933.5468343358036 -1.0 1933.5468343358036 -1.0 1
252 nan 0.0625 0.8 1.0 -1.0 1938.1731060484544 1938.1740726117107 1939.3437141411594 1935.7963603309329 1941.9061794526392 1939.2228604043519 -1.0 1939.2228604043519 -1.0 1
253 0.0625 nan 0.8 1.0 1.0 1942.9834247370154 1942.984357970504 1943.5306661889292 1942.475779048843 1945.0999761377254 1943.2451300711057 -1.0 1943.3794490339665 -1.0 2
254 0.25 nan 0.8 1.0 1.0 1947.9396611475129 1947.9406277107694 1948.2792914779232 1945.6468731142215 1949.85019547999 1948.0810460210753 -1.0 1948.0810460210753 -1.0 1
255 nan 0.25 0.8 -1.0 1.0 1951.5395760010226 1951.5405758940465 1951.893104844463 1950.4158962209003 1953.456211774846 1951.7744175425407 1.0 1951.7744175425407 1.0 1
256 0.125 nan 0.8 1.0 1.0 1955.016537342375 1955.0175372353988 1958.7638030978221 1954.0157110851076 1960.333208751287 1958.6432159991543 -1.0 1958.6432159991543 -1.0 1
257 0.25 nan 0.8 1.0 1.0 1962.372883637383 1962.3737835411043 1966.4993088274468 1960.9246052519748 1968.050014210216 1966.3840544915727 -1.0 1966.3840544915727 -1.0 1
258 0.25 nan 0.8 1.0 1.0 1971.9895214424096 1971.9903546865962 1972.3472165067826 1968.6432127894977 1973.8833261266268 1972.178367904834 -1.0 1972.178367904834 -1.0 1
259 nan 0.125 0.8 1.0 -1.0 1975.7892149220702 1975.7903481341639 1978.864619225073 1974.455724255792 1981.4163487560543 1978.7315334636082 -1.0 1978.7315334636082 -1.0 1
260 1.0 nan 0.8 1.0 1.0 1983.8221554965016 1983.8232220490604 1988.3341727663021 1982.0163486955578 1989.888775700014 1988.0797666512854 -1.0 1988.0797666512854 -1.0 1
261 0.125 nan 0.8 1.0 1.0 1990.9996209295557 1991.0004541737424 1991.517565515873 1990.4885756051026 1993.0889747680396 1991.2836572078438 -1.0 1991.2836572078438 -1.0 1
262 0.25 nan 0.8 1.0 1.0 1997.066205213192 1997.067071787146 1997.3675729705587 1993.6477709434982 1998.9328793557818 1997.2522186453823 -1.0 1997.2522186453823 -1.0 1
263 0.125 nan 0.8 1.0 1.0 1999.9890258407663 1999.9900257337902 2003.0828948349417 1999.5010780451623 2004.6552975334591 2002.9372104213771 -1.0 2002.9372104213771 -1.0 1
264 nan 0.0 0.8 1.0 -1.0 2005.9826179336667 2005.9836178266903 2011.0149128735063 2005.2387975132779 2013.5658093626053 2010.908057639032 -1.0 2010.908057639032 -1.0 1
265 1.0 nan 0.8 1.0 1.0 2014.7052180563655 2014.7061846196218 2014.9562911946364 2014.1753080835304 2016.5158022521039 2014.8561352434212 -1.0 2014.8561352434212 -1.0 1
266 0.25 nan 0.8 1.0 1.0 2020.2053296122638 2020.2064628243575 2024.965020384054 2017.0698983980667 2026.5051239558102 2024.852832386786 -1.0 2024.852832386786 -1.0 1
267 0.0 nan 0.8 1.0 1.0 2027.9324362404889 2027.9333694739778 2029.9979152597082 2027.1267224419282 2031.532326417569 2029.7731059781952 -1.0 2029.7731059781952 -1.0 1
268 0.125 nan 0.8 1.0 1.0 2033.338491192617 2033.3396577344781 2036.9489382526438 2032.1014235435982 2038.5213416605093 2036.6848998348314 -1.0 2036.6848998348314 -1.0 1
269 nan 0.125 0.8 1.0 -1.0 2039.5822898498343 2039.583223083323 2043.177205238225 2039.113040053775 2045.73806703511 2043.06038440328 -1.0 2043.06038440328 -1.0 1
270 0.0625 nan 0.8 1.0 1.0 2046.965466607647 2046.9664998304381 2047.444348706502 2046.3359672896436 2049.004859196664 2047.1240163114508 -1.0 2047.3821886901903 -1.0 2
271 nan 0.0625 0.8 1.0 -1.0 2050.398665964325 2050.399465878744 2053.2234304160343 2049.5657550755177 2055.7820609370624 2053.0415832047765 -1.0 2053.0415832047765 -1.0 1
272 1.0 nan 0.8 1.0 1.0 2060.1376906754626 2060.1386905684863 2060.4495906393463 2056.3805593088473 2062.021291190022 2060.2599109327357 -1.0 2060.2599109327357 -1.0 1
273 0.25 nan 0.8 1.0 1.0 2063.6819114875475 2063.6829780401063 2065.8152832430815 2062.6146923335014 2067.3708906485945 2065.691829784412 -1.0 2065.691829784412 -1.0 1
274 1.0 nan 0.8 1.0 1.0 2070.581806617201 2070.582906499527 2075.5517082323568 2067.949888200011 2077.1048085119464 2075.298668637806 -1.0 2075.4555518532366 -1.0 2
275 1.0 nan 0.8 1.0 1.0 2078.6985048972574 2078.699471460514 2087.3563119520154 2077.7369077762896 2088.921039994819 2087.2367914059064 -1.0 2087.2367914059064 -1.0 1
276 nan 0.125 0.8 -1.0 1.0 2090.465046022478 2090.4660459155016 2109.3427596732754 2089.9023395584627 2110.8981498346425 2109.073055194995 1.0 2109.073055194995 1.0 1
277 0.25 nan 0.8 1.0 1.0 2114.087085422267 2114.0880519855236 2115.303855242903 2111.6316481237745 2116.85396072188 2114.894065751991 -1.0 2115.1072762744284 -1.0 3
278 0.25 nan 0.8 1.0 1.0 2118.7146236660815 2118.7156902186402 2125.4677011700765 2117.4513588198397 2127.0145028550673 2125.1755990880633 -1.0 2125.4601353128633 -1.0 2
279 1.0 nan 0.8 1.0 1.0 2128.7709810931983 2128.7718809969197 2138.596296572288 2127.6360025219074 2140.1475279628457 2138.4889747210686 -1.0 2138.4889747210686 -1.0 1
280 0.0625 nan 0.8 1.0 1.0 2141.470222430999 2141.4710556751857 2144.293820340847 2140.793428172971 2145.8537271992554 2144.187831680327 -1.0 2144.187831680327 -1.0 1
281 1.0 nan 0.8 1.0 1.0 2148.097313413998 2148.0983133070217 2149.0966398317296 2146.441923853598 2150.653644980066 2148.2391649043047 -1.0 2148.8309682553117 -1.0 4
282 0.125 nan 0.8 1.0 1.0 2154.297550065146 2154.298583287937 2155.7612268031203 2151.2341444784283 2157.319832831359 2155.639139864917 -1.0 2155.639139864917 -1.0 1
283 1.0 nan 0.8 1.0 1.0 2159.030443703899 2159.0315435862253 2166.550772454807 2157.917029492154 2168.0971715724454 2166.3564932402865 -1.0 2166.3564932402865 -1.0 1
284 1.0 nan 0.8 1.0 1.0 2170.052964430126 2170.054064312452 2172.581360589587 2168.7351720843208 2174.1365665683575 2172.2195659638164 -1.0 2172.2195659638164 -1.0 1
285 0.125 nan 0.8 1.0 1.0 2176.9804232774677 2176.981323181189 2182.426673929152 2174.7328637386186 2184.003172568754 2181.7497130222864 -1.0 2182.2603917192973 -1.0 3
286 0.25 nan 0.8 1.0 1.0 2186.330122974913 2186.331189527472 2186.6496887853127 2184.6346710340267 2188.2136921605334 2186.522569052223 -1.0 2186.522569052223 -1.0 1
287 1.0 nan 0.8 1.0 1.0 2190.8528057703006 2190.8538056633242 2194.2775060362765 2188.7993921269017 2195.83610922565 2194.084293374315 -1.0 2194.084293374315 -1.0 1
288 0.0625 nan 0.8 1.0 1.0 2198.530251045011 2198.53105095943 2208.7234271675484 2196.435308511358 2210.2696232771714 2208.5323476107046 -1.0 2208.715827980568 -1.0 2
289 0.0625 nan 0.8 1.0 1.0 2213.3465658820583 2213.347565775082 2215.657751946987 2210.953521908249 2217.1966560175056 2215.354917679852 -1.0 2215.504268367837 -1.0 2
290 0.125 nan 0.8 1.0 1.0 2219.7231836626006 2219.7201506537617 2220.4220422266867 2217.800556026712 2221.963049736014 2219.9876886971574 -1.0 2220.2164308912306 -1.0 2
291 0.25 nan 0.8 1.0 1.0 2225.035581968168 2225.0364152123548 2229.800972130194 2222.5626465417595 2231.3629725822116 2229.6266241166145 -1.0 2229.6266241166145 -1.0 1
292 0.0625 nan 0.8 1.0 1.0 2233.2363379217572 2233.2373044850133 2236.002375323203 2231.990371224827 2237.5688797778066 2235.880088406395 -1.0 2235.880088406395 -1.0 1
293 nan 1.0 0.8 -1.0 1.0 2239.4795699729275 2239.480569865951 2241.814286853683 2238.1641773703795 2243.3855885278454 2241.701165622926 1.0 2241.701165622926 1.0 1
294 0.125 nan 0.8 1.0 1.0 2246.6794996692493 2246.6805328920404 2255.4315966361496 2243.988387585052 2256.97929435025 2255.2739135063 -1.0 2255.2739135063 -1.0 1
295 nan 0.125 0.8 -1.0 1.0 2260.3358052796434 2260.336671853597 2261.1798149810147 2257.650292596379 2262.7292173142714 2261.0759594256115 1.0 2261.0759594256115 1.0 1
296 0.125 nan 0.8 1.0 1.0 2266.1354181259308 2266.136251370117 2266.4465181753953 2263.3324180123723 2267.979222641002 2266.3035001432277 -1.0 2266.3035001432277 -1.0 1
297 1.0 nan 0.8 1.0 1.0 2270.2886737787994 2270.2855407806583 2274.568849186153 2268.601120992801 2276.1352470976485 2274.2015551487516 -1.0 2274.4632271530745 -1.0 3
298 0.125 nan 0.8 1.0 1.0 2280.0123334671375 2280.0131000517895 2289.7599572582794 2276.7690471254423 2291.318253138015 2289.544480311655 -1.0 2289.643869678219 -1.0 2
299 nan 0.25 0.8 -1.0 1.0 2293.628610026813 2293.629609919837 2293.9697735265263 2291.99635132503 2295.528875015465 2293.865684662751 1.0 2293.865684662751 1.0 1
300 nan 0.25 0.8 -1.0 1.0 2297.60151830796 2297.602584860518 2297.8985865253244 2296.121476654163 2299.4681890050756 2297.7929644922456 1.0 2297.7929644922456 1.0 1
301 1.0 nan 0.8 1.0 1.0 2302.6119155905785 2302.6128488240674 2307.6628085406605 2300.0579888292436 2309.218007715321 2307.4443985745 -1.0 2307.4443985745 -1.0 1
302 0.0 nan 0.8 1.0 1.0 2310.878597824202 2310.8797643660632 2320.288924368656 2309.8591068971577 2321.851320792547 2318.8451121720873 -1.0 2319.7131193060295 -1.0 2
303 nan 0.0 0.8 1.0 -1.0 2323.628500408541 2323.6292669931927 2328.5835369474103 2322.5158194516803 2331.1451306254044 2328.4492179845493 -1.0 2328.4492179845493 -1.0 1
304 0.0625 nan 0.8 1.0 1.0 2332.5176160494666 2332.5184826234204 2333.633629983073 2331.7707292904715 2335.200933203961 2333.3144308001156 -1.0 2333.5835020128143 -1.0 2
305 1.0 nan 0.8 1.0 1.0 2336.944942380153 2336.946108922014 2340.2697533330534 2335.800031538159 2341.8340546762606 2340.14793303299 -1.0 2340.14793303299 -1.0 1
306 0.25 nan 0.8 1.0 1.0 2343.994821463373 2343.9957546968617 2346.503353081428 2342.4470537220986 2348.0616557931676 2346.330904864594 -1.0 2346.330904864594 -1.0 1
307 1.0 nan 0.8 1.0 1.0 2350.184059291259 2350.1849591949804 2350.700870665483 2348.687952689547 2352.2507732330346 2350.3567074866983 -1.0 2350.607580646364 1.0 2
308 nan 0.125 0.8 1.0 -1.0 2354.644815378707 2354.645915261033 2361.7264910600834 2352.847474338698 2364.294680697154 2361.554576119528 -1.0 2361.554576119528 -1.0 1
309 1.0 nan 0.8 1.0 1.0 2365.6172414644425 2365.618141368164 2371.368392828844 2364.965177893869 2372.927891980087 2371.2193421087663 -1.0 2371.2193421087663 -1.0 1
310 nan 0.25 0.8 -1.0 1.0 2374.750164354333 2374.750997598519 2375.0788958507837 2373.566890949993 2376.627700123047 2374.9402106883854 1.0 2374.9402106883854 1.0 1
311 0.125 nan 0.8 1.0 1.0 2377.9168588904067 2377.9179587727326 2382.8411320539108 2377.2254995239987 2384.394431265246 2382.7199116896613 -1.0 2382.7199116896613 -1.0 1
312 nan 0.25 0.8 -1.0 1.0 2386.9500591160586 2386.9508590304777 2395.823443106743 2385.023731875982 2397.377440495767 2395.529307908915 1.0 2395.6778253527136 1.0 3
313 nan 0.0625 0.8 1.0 -1.0 2399.1836502726856 2399.1847168252443 2405.8853332752587 2398.0441388530203 2408.4332598410756 2404.031431619871 1.0 2405.8439043743065 -1.0 5
314 1.0 nan 0.8 1.0 1.0 2409.660862673511 2409.66192922607 2410.0014595671773 2409.081757963906 2411.5607640980184 2409.8833722010695 -1.0 2409.8833722010695 -1.0 1
315 0.25 nan 0.8 1.0 1.0 2412.9995721394425 2413.000572032466 2415.7815744995014 2412.149563079928 2417.343874762572 2415.591061548704 -1.0 2415.591061548704 -1.0 1
316 0.0625 nan 0.8 1.0 1.0 2418.5667098577014 2418.567843069795 2424.146379568525 2417.96787392576 2425.716776693574 2423.9447011456286 -1.0 2423.9447011456286 -1.0 1
317 0.0625 nan 0.8 1.0 1.0 2428.443653146585 2428.4447530289112 2430.4773022378804 2426.3722747585252 2432.043699652047 2428.9935276501283 1.0 2430.0257505483423 1.0 3
318 0.0 nan 0.8 1.0 1.0 2434.7162153931195 2434.717348605213 2442.543411313025 2432.677200209263 2444.0997082154395 2442.4245906920323 -1.0 2442.4245906920323 -1.0 1
319 0.125 nan 0.8 1.0 1.0 2450.1101684300033 2450.111168323027 2450.493727393925 2444.768706567211 2452.0435258834873 2450.267484932411 -1.0 2450.267484932411 -1.0 1
320 0.0625 nan 0.8 1.0 1.0 2453.1659414999726 2453.1668080739264 2459.285053497125 2452.693025429493 2460.8491496620295 2459.1364360640237 -1.0 2459.1364360640237 -1.0 1
321 0.25 nan 0.8 1.0 1.0 2463.45974019047 2463.4606734239587 2464.2744530262444 2461.5038494466567 2465.849354355422 2464.14726663362 -1.0 2464.14726663362 -1.0 1
322 0.0 nan 0.8 1.0 1.0 2466.9932288174327 2466.9942953699915 2473.5843569813433 2466.4578527627345 2475.1488847753863 2473.3395498393547 -1.0 2473.4337064324272 -1.0 2
323 1.0 nan 0.8 1.0 1.0 2479.2929462326993 2479.2938128066535 2479.6199779110098 2475.8142850732065 2481.176180744385 2479.4869254793125 -1.0 2479.4869254793125 -1.0 1
324 0.25 nan 0.8 1.0 1.0 2483.715673055476 2483.71680626757 2484.0580030970505 2481.810576877271 2485.609602995146 2483.958113783975 -1.0 2483.958113783975 -1.0 1
325 0.0625 nan 0.8 1.0 1.0 2487.7821046641134 2487.7830378976023 2490.578105526505 2486.232503785629 2492.143005313445 2490.384892864544 -1.0 2490.384892864544 -1.0 1
326 0.0 nan 0.8 1.0 1.0 2495.799080279932 2495.799946853886 2500.2323059794585 2492.78020326254 2501.7821346759524 2499.9767999821156 -1.0 2499.9767999821156 -1.0 1
327 0.125 nan 0.8 1.0 1.0 2503.6761708617237 2503.6772374142824 2508.8048221592885 2502.4547348736437 2510.3654229799113 2508.460558991201 -1.0 2508.6359735573396 -1.0 2
328 1.0 nan 0.8 1.0 1.0 2512.6926728738786 2512.6937394264373 2516.1056410617093 2511.0073198525324 2517.659140474164 2516.005418450959 -1.0 2516.005418450959 -1.0 1
329 1.0 nan 0.8 1.0 1.0 2519.948729898602 2519.949629802323 2523.485651491613 2518.3041391828583 2525.0485508730153 2523.143288120272 -1.0 2523.3733968348106 -1.0 2
330 nan 0.125 0.2 1.0 -1.0 2526.625782203022 2526.6268820853484 2540.1244046835664 2525.6825497839245 2542.6813874579975 2534.472875994101 1.0 2539.984619638842 -1.0 3
331 nan 0.0 0.2 1.0 -1.0 2544.8753630562824 2544.876329619539 2546.5670154036784 2543.415085954589 2549.142203993085 2545.04317843544 -1.0 2545.206694274595 -1.0 2
332 nan 0.25 0.2 -1.0 1.0 2550.3021157940025 2550.2989161363266 2550.610716110908 2549.7910038100144 2552.1816168791242 2550.4968616252672 1.0 2550.4968616252672 1.0 1
333 nan 0.0625 0.2 1.0 -1.0 2553.5585673938444 2553.559567286868 2563.5394328976663 2552.7886164357674 2566.09191790891 2563.3853160529343 -1.0 2563.3853160529343 -1.0 1
334 nan 0.125 0.2 1.0 -1.0 2567.414551641087 2567.415418215041 2573.8682945035303 2566.8141158803082 2576.4253394011785 2573.7548733048666 -1.0 2573.7548733048666 -1.0 1
335 nan 0.25 0.2 -1.0 1.0 2578.0979753131833 2578.0989085466717 2578.3955434770596 2577.505438707292 2579.94754566496 2578.291821240726 1.0 2578.291821240726 1.0 1
336 nan 1.0 0.2 -1.0 1.0 2581.2750687367043 2581.2762019487977 2581.5952678126855 2580.5630449144714 2583.1475665989183 2581.4809467103 1.0 2581.4809467103 1.0 1
337 nan 1.0 0.2 -1.0 1.0 2586.124983189007 2586.1258164331934 2589.4493608549305 2583.7624692821905 2590.991560564066 2589.3385727078958 1.0 2589.3385727078958 1.0 1
338 nan 0.0625 0.2 1.0 -1.0 2598.8477553426337 2598.848655246355 2621.2770556841256 2591.6713564621386 2623.830819388559 2621.1767997436077 -1.0 2621.1767997436077 -1.0 1
339 nan 0.125 0.2 1.0 -1.0 2626.2910859113977 2626.291985815119 2631.0556094994695 2624.7346191008164 2633.613331794784 2630.8409657970315 -1.0 2630.8409657970315 -1.0 1
340 0.125 nan 0.2 1.0 1.0 2634.857569403317 2634.8585692963406 2635.190933737445 2634.2855306044135 2636.740938204472 2635.0369835415504 -1.0 2635.0369835415504 -1.0 1
341 nan 0.25 0.2 1.0 -1.0 2639.4301801903584 2639.431180083382 2652.933335519277 2637.3475363408975 2655.4965814187394 2652.476217758573 -1.0 2652.476217758573 -1.0 1
342 0.125 nan 0.2 1.0 1.0 2661.973834964003 2661.974901516561 2673.8870270660436 2656.254680176362 2675.4403115300115 2673.6964474557117 -1.0 2673.6964474557117 -1.0 1
343 nan 0.0625 0.2 1.0 -1.0 2679.5628531559873 2679.563686400174 2713.8796150190415 2676.220710724008 2716.4230777966295 2713.835119779483 -1.0 2713.835119779483 -1.0 1
344 nan 1.0 0.2 -1.0 1.0 2717.828825835524 2717.8299257178505 2718.133293261265 2717.3572762855106 2719.6898926351305 2718.0258380909763 1.0 2718.0258380909763 1.0 1
345 nan 0.0 0.2 -1.0 1.0 2722.045941322845 2722.046874556334 2724.4396852217706 2720.3034944098413 2725.9897874851354 2724.3475617445133 1.0 2724.3475617445133 1.0 1
346 nan 0.125 0.2 -1.0 1.0 2727.112432604098 2727.1134658268893 2727.4337982219404 2726.6380833536173 2728.9957964965797 2727.2930466139596 1.0 2727.2930466139596 1.0 1
347 nan 0.0 0.2 1.0 -1.0 2731.456501175671 2731.4574344091598 2736.292017168431 2729.6218974556423 2738.8562365635307 2735.7387096988396 1.0 2736.0945049664674 1.0 2
348 0.125 nan 0.2 1.0 1.0 2740.5455287618174 2740.546961941818 2744.1097141046107 2739.540936240827 2745.6787427909344 2743.892937297055 -1.0 2744.052353574813 -1.0 2
349 0.0625 nan 0.2 1.0 1.0 2748.8560729694173 2748.8572395112783 2768.449676695473 2746.348141287176 2769.989185052402 2749.591494288406 -1.0 2749.591494288406 -1.0 1
350 nan 0.125 0.2 1.0 -1.0 2773.42874399668 2773.4295772408664 2795.403659618399 2770.877783584649 2797.955531159259 2795.30473686858 -1.0 2795.30473686858 -1.0 1
351 nan 0.125 0.2 1.0 -1.0 2799.6113094517614 2799.612276015018 2802.3495831569135 2798.800329549942 2804.911339443125 2801.859335607355 -1.0 2801.859335607355 -1.0 1
352 nan 1.0 0.2 -1.0 1.0 2806.2220021891703 2806.222868763124 2808.5600520466714 2805.5729382976683 2810.1220488391805 2808.297680117232 1.0 2808.4473641028917 1.0 2
353 nan 0.125 0.2 1.0 -1.0 2811.32802257463 2811.3287891592818 2823.1299932426596 2810.778148071087 2825.6717761276436 2812.802498157261 -1.0 2823.109862063114 -1.0 2
354 nan 0.0 0.2 1.0 -1.0 2829.511177201344 2829.51227708367 2830.947256891862 2826.41217542298 2833.5050795409816 2830.8628325908876 -1.0 2830.8628325908876 -1.0 1
355 nan 0.25 0.2 -1.0 1.0 2836.198461744374 2836.195528724838 2838.7873847615415 2834.1897766489055 2840.3444820545947 2838.22817792311 -1.0 2838.57174116608 -1.0 2
356 nan 1.0 0.2 0.0 -1.0 2843.104722859612 2843.1057560824033 2903.1067033877202 2841.008880422238 2905.6060164848855 nan 0.0 nan 0.0 0
357 nan 0.25 0.2 -1.0 1.0 2907.2040650205595 2907.2049982540484 2907.6547168063767 2906.7201167970507 2909.210516535371 2907.491534264896 1.0 2907.491534264896 1.0 1
358 nan 0.125 0.2 -1.0 1.0 2912.4706348958707 2912.4716014591268 2912.7208081304198 2909.8624139433446 2914.2706082750306 2912.6196856159486 1.0 2912.6196856159486 1.0 1
359 0.25 nan 0.2 1.0 1.0 2916.059650915421 2916.0605508191425 2928.309840296243 2914.9298051283185 2929.87046052299 2928.2323152571325 -1.0 2928.2323152571325 -1.0 1
360 0.0625 nan 0.2 1.0 1.0 2931.6263854668136 2931.62735203007 2941.912251672655 2930.6073611565134 2943.4533770945436 2941.6690110297377 -1.0 2941.729304579071 1.0 2
361 1.0 nan 0.2 1.0 1.0 2947.2300160707837 2947.227149710782 2947.8233859208613 2944.178475881282 2949.375982719605 2947.705965150102 1.0 2947.705965150102 1.0 1
362 nan 1.0 0.2 1.0 -1.0 2951.936945820686 2951.937745735105 2971.0951961241885 2950.0575802229596 2973.6531349064667 2971.010105227865 -1.0 2971.010105227865 -1.0 1
363 0.25 nan 0.2 1.0 1.0 2976.5590782228587 2976.56011144565 2977.2473379208927 2974.473034737117 2978.809126114273 2977.0758229375474 -1.0 2977.0758229375474 -1.0 1
364 nan 0.0625 0.2 1.0 -1.0 2980.853018824173 2980.854052046964 2989.796628634894 2979.8937214571597 2992.3527453887655 2989.6414785673715 -1.0 2989.6414785673715 -1.0 1
365 0.125 nan 0.2 1.0 1.0 2993.9254535682153 2993.9265534505416 3042.484125055923 2993.0740446584678 3044.0354451570634 3042.3187094200225 -1.0 3042.4148657991427 -1.0 2
366 nan 1.0 0.2 1.0 -1.0 3046.2287244299737 3046.225558102065 3058.91306736172 3045.109144211249 3061.4686774341744 3058.7428855690728 -1.0 3058.7428855690728 -1.0 1
367 0.25 nan 0.2 1.0 1.0 3062.7412911223255 3062.7423576748843 3063.548071473445 3062.2604758969583 3065.1080715680746 3063.1060854271677 -1.0 3063.4975768757445 -1.0 2
368 nan 0.0 0.2 1.0 -1.0 3068.2352033414763 3068.2363032238027 3072.746587345695 3065.7603681183223 3075.3081047831083 3072.661096492162 -1.0 3072.661096492162 -1.0 1
369 nan 0.0625 0.2 -1.0 1.0 3076.9850672139573 3076.985867128376 3078.20030386529 3076.005805316236 3079.7575027338253 3077.765383729714 1.0 3077.9650623665625 1.0 2
370 nan 1.0 0.2 -1.0 1.0 3083.2016021213926 3083.2024353655793 3083.4557082685023 3080.429198734362 3085.007306709151 3083.346386631236 1.0 3083.346386631236 1.0 1
371 nan 0.0625 0.2 1.0 -1.0 3086.1514531903763 3086.152419753633 3090.4746906572873 3085.6725044319865 3093.0181134318345 3090.3498706781525 -1.0 3090.3498706781525 -1.0 1
372 0.0625 nan 0.2 1.0 1.0 3094.840656886081 3094.8416234493375 3102.7308460664844 3093.7016120831604 3104.284637753652 3102.5823619524535 -1.0 3102.5823619524535 -1.0 1
373 nan 0.0 0.2 1.0 -1.0 3106.4239176200426 3106.4248175237644 3112.252094077043 3105.0031362927884 3114.817775218522 3111.962258419217 -1.0 3111.962258419217 -1.0 1
374 nan 0.125 0.2 1.0 -1.0 3116.040722073907 3116.042055264605 3127.2128934560255 3115.5470748880675 3129.767606854121 3126.914358728893 -1.0 3127.1878294708963 -1.0 2
375 nan 0.25 0.2 0.0 -1.0 3131.240362566503 3131.2411958106895 3191.2424430839133 3130.528405403805 3193.7414906797985 nan 0.0 nan 0.0 0
376 0.0625 nan 0.2 1.0 1.0 3195.455992286116 3195.4570588386746 3245.8362022250085 3194.85289014394 3247.4055847009477 3208.3861089231073 -1.0 3245.7824746398637 -1.0 2
377 0.125 nan 0.2 1.0 1.0 3252.299577390247 3252.3006772725735 3252.7893916528287 3248.49328461663 3254.33881674589 3252.4878239168575 -1.0 3252.4878239168575 -1.0 1
378 nan 1.0 0.2 -1.0 1.0 3255.849364273498 3255.850297506987 3256.108003268982 3255.0326183219086 3257.666004670946 3255.9986483019484 1.0 3255.9986483019484 1.0 1
379 nan 0.0 0.2 1.0 -1.0 3259.3051612125137 3259.3062277650724 3277.4460203643216 3258.331498715726 3280.004959353971 3277.132153944158 -1.0 3277.427322364777 -1.0 2
380 nan 0.0 0.2 1.0 -1.0 3281.932207064341 3281.9333069466675 3283.4146151316277 3280.818459554922 3285.9655697856692 3283.146377163115 -1.0 3283.146377163115 -1.0 1
381 0.0625 nan 0.2 1.0 1.0 3287.155081614513 3287.1559148587 3290.028974143457 3286.6509688816914 3291.5881697279956 3289.929551447126 -1.0 3289.929551447126 -1.0 1
382 nan 1.0 0.2 1.0 -1.0 3294.2821191094013 3294.2831523321925 3303.0657127065506 3292.2713675683503 3305.637890273952 3302.8742665222644 -1.0 3302.8742665222644 -1.0 1
383 nan 0.25 0.2 1.0 -1.0 3306.8987359536704 3306.8996691871594 3307.2756622938678 3306.398689452479 3309.8210876516946 3307.135243983562 -1.0 3307.135243983562 -1.0 1
384 nan 0.0625 0.2 1.0 -1.0 3311.0819883972526 3311.0829549605087 3328.12039883081 3310.4914849071765 3330.6651406650794 3327.929985869315 -1.0 3328.055372454497 -1.0 2
385 nan 0.0625 0.2 0.0 -1.0 3331.9380903848983 3331.939023618387 3391.939970923704 3331.4763397865177 3394.4392486775832 nan 0.0 nan 0.0 0
386 nan 0.25 0.2 -1.0 1.0 3396.1032921663455 3396.1042253998344 3396.79535145787 3395.5757486069997 3398.370346510535 3396.677797368041 1.0 3396.677797368041 1.0 1
387 0.0625 nan 0.2 1.0 1.0 3399.730570758939 3399.7315373221954 3429.439892227957 3399.0505435134673 3430.9862963983555 3429.2918414009027 -1.0 3429.38186510281 -1.0 2
388 nan 0.25 0.2 1.0 -1.0 3433.280114704848 3433.2811145978717 3472.3676661522563 3431.907994838084 3474.929784158638 3472.2589777805715 -1.0 3472.2589777805715 -1.0 1
389 nan 0.125 0.2 -1.0 1.0 3476.419632641816 3476.4205992050724 3476.9334776667356 3475.937684204355 3478.4694066318234 3476.8232894555154 1.0 3476.8232894555154 1.0 1
390 0.25 nan 0.2 1.0 1.0 3480.396440505755 3480.3975403880813 3525.8052823197236 3479.1355087432357 3527.3622715691486 3525.6778626187265 -1.0 3525.6778626187265 -1.0 1
391 nan 0.25 0.2 -1.0 1.0 3529.434860666272 3529.436027208133 3530.0481950470576 3528.4046708838728 3531.612186318694 3529.949372286541 1.0 3529.949372286541 1.0 1
392 nan 0.0625 0.2 1.0 -1.0 3533.288648358519 3533.2855820199125 3545.1751099870576 3532.302387209631 3547.7351029399424 3544.994662626033 -1.0 3544.994662626033 -1.0 1
393 0.125 nan 0.2 1.0 1.0 3549.7286894768795 3549.729722699671 3599.672212802521 3548.988002054632 3601.2176942526557 3599.4958316731263 -1.0 3599.625951085287 -1.0 2
394 0.25 nan 0.8 1.0 1.0 3602.828041834403 3602.8291083869613 3603.830601239578 3602.3386941885656 3605.3778980469183 3603.471539654739 -1.0 3603.823801967016 -1.0 2
395 nan 0.0 0.8 1.0 -1.0 3606.7211586522517 3606.718058983878 3660.182072327173 3606.0561964616713 3662.733210436587 3659.92683296797 -1.0 3659.92683296797 -1.0 1
396 1.0 nan 0.8 1.0 1.0 3664.4437830433544 3664.4446829470758 3665.0660164720516 3663.873810690033 3666.627312388348 3664.7265527904788 -1.0 3664.7265527904788 -1.0 1
397 0.125 nan 0.8 0.0 -1.0 3668.349498513303 3668.3502984277216 3728.351279062806 3667.3045103141517 3730.850518239393 3673.220810676314 -1.0 3673.3962919019873 -1.0 2
398 0.0625 nan 0.8 0.0 -1.0 3732.609590142706 3732.6104900464275 3792.611470681512 3732.0450172117135 3795.1107464525708 nan 0.0 nan 0.0 0
399 0.25 nan 0.8 1.0 1.0 3796.99206867822 3796.9930352414763 3800.0365429570206 3796.271445775983 3801.598237258388 3799.6722152689235 -1.0 3799.9483523923236 -1.0 2
400 1.0 nan 0.8 0.0 -1.0 3802.8088130249816 3802.809646269168 3862.810560244717 3802.3024338679725 3865.3098672561114 nan 0.0 nan 0.0 0
401 0.125 nan 0.8 1.0 1.0 3867.197224259103 3867.1981908223597 3872.168859022167 3866.4796676954725 3873.7244843276394 3872.0750023970018 -1.0 3872.0750023970018 -1.0 1
402 0.0625 nan 0.8 0.0 -1.0 3875.130342179994 3875.1314420623203 3935.1324226974043 3874.440282674517 3937.6316966583477 3879.4032183682743 -1.0 3881.164896557102 -1.0 7
403 0.0625 nan 0.8 0.0 -1.0 3939.356804074031 3939.3576373182177 3999.358584623534 3938.802296732811 4001.8578905918307 nan 0.0 nan 0.0 0
404 0.0 nan 0.8 1.0 1.0 4003.7452153081526 4003.7462152011767 4032.647956404656 4003.0440903198796 4034.2115590173617 4032.5158372064475 -1.0 4032.5158372064475 -1.0 1
405 0.0 nan 0.8 1.0 1.0 4036.6221978765006 4036.6231311099896 4043.1297683133907 4035.1260579450213 4044.711581150215 4041.641294228427 -1.0 4042.740443299699 1.0 6
