ibl_witten_18 cae5cd75-55e5-4277-8db3-cf4d6c5ff918 wittenlab 2026-07-28T16:01:20.797097 _iblrig_tasks_ephysChoiceWorld6.4.2 M 350 498
0 nan 1.0 0.5 -1.0 1.0 27.2381 27.239266666666666 34.263133333333336 26.6307 35.810733883642094 33.89276666666667 1.0 34.15963333333333 -1.0 2
1 0.25 nan 0.5 1.0 1.0 36.738 36.73883333333333 37.004133333333336 36.22813333333333 38.560735333333334 36.92146666666667 -1.0 36.92146666666667 -1.0 1
2 nan 0.25 0.5 -1.0 1.0 39.471266666666665 39.472166666666666 39.755766666666666 38.990033333333336 41.31076397548874 39.68046666666667 1.0 39.68046666666667 1.0 1
3 nan 0.125 0.5 -1.0 1.0 42.25463333333333 42.25546666666666 42.591566666666665 41.690866666666665 44.13796966666666 42.5109 1.0 42.5109 1.0 1
4 nan 0.25 0.5 -1.0 1.0 45.0605 45.06143333333333 45.37466666666667 44.50816666666667 46.92749844733524 45.289 1.0 45.289 1.0 1
5 nan 1.0 0.5 -1.0 1.0 47.9379 47.93873333333333 48.2649 47.3102 49.821303 48.17443333333333 1.0 48.17443333333333 1.0 1
6 0.0625 nan 0.5 1.0 1.0 50.74393333333333 50.745066666666666 51.1066 50.19 52.671330869133214 51.007533333333335 -1.0 51.007533333333335 -1.0 1
7 1.0 nan 0.5 -1.0 -1.0 53.91056666666667 53.9117 53.97036666666666 53.055033333333334 56.527135333333334 53.869366666666664 1.0 53.869366666666664 1.0 1
8 0.125 nan 0.5 -1.0 -1.0 57.43776666666667 57.43866666666667 62.55696666666667 56.920433333333335 65.12096704300652 57.75776666666667 -1.0 62.46083333333333 1.0 5
9 nan 0.125 0.5 -1.0 1.0 66.11023333333333 66.11126666666667 66.2706 65.54086666666667 67.83769721042428 66.20863333333334 1.0 66.20863333333334 1.0 1
10 0.0625 nan 0.5 -1.0 -1.0 68.7437 68.74456666666667 69.12223333333333 68.2231 71.687702 69.0485 1.0 69.0485 1.0 1
11 0.125 nan 0.5 1.0 1.0 73.04353333333333 73.04453333333333 73.33153333333334 72.0788 74.88773125482476 73.2536 -1.0 73.2536 -1.0 1
12 0.0625 nan 0.5 1.0 1.0 75.8104 75.8115 76.20483333333334 75.27933333333333 77.77703633333333 76.10003333333333 -1.0 76.10003333333333 -1.0 1
13 0.0625 nan 0.5 1.0 1.0 78.6543 78.65513333333334 79.31776666666667 78.15413333333333 80.87086448593719 79.0169 -1.0 79.2497 -1.0 2
14 0.125 nan 0.5 1.0 1.0 81.8601 81.8611 82.27846666666667 81.26046666666667 83.82086866666667 82.1424 -1.0 82.1424 -1.0 1
15 0.0625 nan 0.5 1.0 1.0 84.96023333333333 84.96106666666667 89.8646 84.29076666666667 91.41010114725248 89.59516666666667 1.0 89.59516666666667 1.0 1
16 0.0625 nan 0.5 1.0 1.0 92.50396666666667 92.505 93.12713333333333 91.8291 94.67673235975874 92.91943333333333 1.0 92.91943333333333 1.0 1
17 0.25 nan 0.5 1.0 1.0 96.23746666666666 96.2383 96.86653333333334 95.06213333333334 98.42663633333332 96.65403333333333 -1.0 96.65403333333333 -1.0 1
18 0.125 nan 0.5 1.0 1.0 99.3206 99.3216 99.88756666666667 98.81873333333333 101.46006557587131 99.80776666666667 -1.0 99.80776666666667 -1.0 1
19 nan 0.0 0.5 1.0 -1.0 102.40393333333333 102.40493333333333 107.96386666666666 101.82956666666666 110.52070031094848 107.69593333333333 -1.0 107.7981 -1.0 2
20 0.0625 nan 0.5 1.0 1.0 111.52673333333334 111.52783333333333 115.36003333333333 110.9846 116.92673283378478 115.18566666666666 -1.0 115.18566666666666 -1.0 1
21 0.25 nan 0.5 1.0 1.0 118.32043333333333 118.32146666666667 118.62403333333333 117.40843333333333 120.1872657199979 118.541 -1.0 118.541 -1.0 1
22 nan 0.125 0.5 1.0 -1.0 121.22656666666667 121.22776666666667 125.9124 120.56046666666667 128.47050030034794 125.6932 1.0 125.6932 1.0 1
23 0.0 nan 0.5 1.0 1.0 129.5931 129.59403333333333 130.7481 128.8955 132.30373189100254 130.51496666666668 1.0 130.51496666666668 1.0 1
24 nan 0.0625 0.5 1.0 -1.0 133.22633333333334 133.22733333333332 141.12593333333334 132.69623333333334 143.67626831376936 140.93926666666667 -1.0 140.93926666666667 -1.0 1
25 nan 0.0 0.5 1.0 -1.0 144.7035 144.70456666666666 148.0532 144.14076666666668 150.60940086666957 147.9673 -1.0 147.9673 -1.0 1
26 nan 0.0625 0.5 -1.0 1.0 151.80356666666665 151.8045 152.33733333333333 151.0517 153.89293137007172 152.24503333333334 1.0 152.24503333333334 1.0 1
27 0.25 nan 0.5 1.0 1.0 154.80346666666668 154.80446666666666 155.09063333333333 154.27633333333333 156.64293533333333 155.01033333333334 -1.0 155.01033333333334 -1.0 1
28 0.125 nan 0.5 1.0 1.0 158.08673333333334 158.08776666666665 158.42283333333333 157.05213333333333 159.97616462901513 158.31296666666665 -1.0 158.31296666666665 -1.0 1
29 nan 0.0625 0.5 1.0 -1.0 160.98666666666668 160.98776666666666 162.3664 160.37916666666666 164.92606866666668 162.17196666666666 1.0 162.17196666666666 1.0 1
30 nan 0.0625 0.5 -1.0 1.0 165.90326666666667 165.90403333333333 172.97483333333332 165.34836666666666 174.5426332932683 171.7156 1.0 172.8858 1.0 3
31 nan 1.0 0.5 -1.0 1.0 175.45326666666668 175.4543 175.82053333333334 174.98193333333333 177.37593633333333 175.75106666666667 1.0 175.75106666666667 1.0 1
32 nan 0.0625 0.5 -1.0 1.0 178.28646666666666 178.2876 181.76426666666666 177.77423333333334 183.31996692204592 181.68066666666667 1.0 181.68066666666667 1.0 1
33 nan 0.125 0.5 -1.0 1.0 184.37586666666667 184.37686666666667 184.72906666666665 183.81756666666666 186.28649833250898 184.6579 1.0 184.6579 1.0 1
34 nan 1.0 0.5 -1.0 1.0 187.35916666666665 187.36023333333333 191.87013333333334 186.6885 193.43643438939128 191.80856666666668 1.0 191.80856666666668 1.0 1
35 nan 0.25 0.5 -1.0 1.0 194.45903333333334 194.46013333333335 194.81233333333333 193.85433333333333 196.36973533333335 194.73866666666666 1.0 194.73866666666666 1.0 1
36 0.125 nan 0.5 1.0 1.0 197.2424 197.24343333333334 197.84686666666667 196.75343333333333 199.40906437153916 197.53783333333334 -1.0 197.53783333333334 -1.0 1
37 nan 0.0 0.5 -1.0 1.0 200.35296666666667 200.35406666666665 204.9902 199.80186666666665 206.54240099758758 204.91636666666668 1.0 204.91636666666668 1.0 1
38 1.0 nan 0.5 1.0 1.0 207.6695 207.67033333333333 207.9607 206.9732 209.51960200000002 207.8609 -1.0 207.8609 -1.0 1
39 nan 1.0 0.5 -1.0 1.0 210.55886666666666 210.55966666666666 211.96473333333333 209.9215 213.5363314799501 211.90126666666666 1.0 211.90126666666666 1.0 1
40 0.0625 nan 0.5 1.0 1.0 216.65893333333332 216.65993333333333 217.05813333333333 214.00883333333334 218.6089667560877 216.94526666666667 -1.0 216.94526666666667 -1.0 1
41 1.0 nan 0.5 1.0 1.0 220.25276666666667 220.2539 220.61106666666666 219.04906666666668 222.15286866666668 220.47676666666666 -1.0 220.47676666666666 -1.0 1
42 1.0 nan 0.5 1.0 1.0 223.02533333333332 223.0262 223.49786666666665 222.57096666666666 225.05279725720868 223.25746666666666 -1.0 223.25746666666666 -1.0 1
43 nan 0.0 0.5 1.0 -1.0 225.94183333333334 225.94286666666667 229.3985 225.4645 231.9359332709692 229.03586666666666 1.0 229.2423 -1.0 2
44 0.25 nan 0.5 1.0 1.0 233.02523333333335 233.02613333333332 233.39773333333332 232.36273333333332 234.94203533333334 233.2864 1.0 233.2864 1.0 1
45 0.0 nan 0.5 -1.0 -1.0 235.9359 235.93676666666667 236.34643333333332 235.33153333333334 238.90256522770272 236.26803333333334 1.0 236.26803333333334 1.0 1
46 nan 1.0 0.5 -1.0 1.0 239.89183333333332 239.89273333333333 242.99956666666668 239.31336666666667 244.55259953543674 242.9186 1.0 242.9186 1.0 1
47 nan 0.25 0.5 -1.0 1.0 245.4586 245.45966666666666 245.8074 244.9709 247.37530199999998 245.7372 1.0 245.7372 1.0 1
48 nan 0.0625 0.5 -1.0 1.0 248.919 248.91996666666665 252.64193333333333 247.873 254.20843407966385 252.57173333333333 1.0 252.57173333333333 1.0 1
49 0.0625 nan 0.5 1.0 1.0 255.90236666666667 255.90326666666667 256.37623333333335 254.66783333333333 257.9250657785733 256.1988333333333 -1.0 256.1988333333333 -1.0 1
50 0.25 nan 0.5 1.0 1.0 259.1025 259.10356666666667 264.2493 258.35516666666666 265.80850115625856 263.9165 1.0 264.0893 -1.0 2
51 0.0625 nan 0.5 -1.0 -1.0 267.1024 267.1035 269.07713333333334 266.2449 271.62493282707055 268.99923333333334 1.0 268.99923333333334 1.0 1
52 nan 0.25 0.5 -1.0 1.0 276.43576666666667 276.43673333333334 283.5801666666667 272.06233333333336 285.15800054115704 283.1732 1.0 283.4956666666667 1.0 3
53 1.0 nan 0.5 1.0 1.0 286.26863333333336 286.2696666666667 286.5721 285.6595 288.14150199999995 286.4900666666667 -1.0 286.4900666666667 -1.0 1
54 nan 0.0625 0.5 -1.0 1.0 289.0854 289.0863 294.58203333333336 288.5447 296.1354344459358 294.5039 1.0 294.5039 1.0 1
55 0.125 nan 0.5 1.0 1.0 297.1080666666667 297.1089 297.49016666666665 296.5910333333333 299.03536393386406 297.37643333333335 -1.0 297.37643333333335 -1.0 1
56 0.125 nan 0.5 1.0 1.0 300.24126666666666 300.2422 303.32076666666666 299.5430666666667 304.8686994978985 303.0939333333333 -1.0 303.0939333333333 -1.0 1
57 nan 0.0625 0.5 -1.0 1.0 305.9245 305.9255 310.28903333333335 305.3009 311.8352342909579 310.2094 1.0 310.2094 1.0 1
58 nan 0.125 0.5 -1.0 1.0 312.79133333333334 312.79243333333335 313.25963333333334 312.2617333333333 314.8185363333333 313.1798333333333 1.0 313.1798333333333 1.0 1
59 nan 1.0 0.5 -1.0 1.0 315.8410333333333 315.8421 316.1829333333333 315.2298333333333 317.74116493066185 316.11033333333336 1.0 316.11033333333336 1.0 1
60 0.0 nan 0.5 -1.0 -1.0 318.6518 318.65273333333334 323.4343666666667 318.15706666666665 325.9851002337366 322.7427 1.0 323.35796666666664 1.0 2
61 0.25 nan 0.5 -1.0 -1.0 328.25763333333333 328.2586333333333 328.6279666666667 326.4231 331.19113352244693 328.53683333333333 1.0 328.53683333333333 1.0 1
62 0.125 nan 0.5 -1.0 -1.0 332.10176666666666 332.10263333333336 335.6469333333333 331.6302333333333 338.22426665280705 335.56923333333333 1.0 335.56923333333333 1.0 1
63 1.0 nan 0.5 1.0 1.0 339.1182333333333 339.11923333333334 339.56536666666665 338.64826666666664 341.1243696666667 339.3251333333333 1.0 339.3251333333333 1.0 1
64 nan 0.25 0.5 1.0 -1.0 342.1349333333333 342.1358666666667 345.0548333333333 341.5323666666667 347.6181997897208 344.8326333333333 1.0 344.8326333333333 1.0 1
65 nan 0.0 0.5 -1.0 1.0 348.6241 348.62513333333334 350.02723333333336 348.0504 351.59083286018756 349.91446666666667 1.0 349.91446666666667 1.0 1
66 nan 0.25 0.5 -1.0 1.0 353.36813333333333 353.3691 354.6485333333333 352.00263333333334 356.19086651662235 354.10456666666664 1.0 354.4464 1.0 2
67 0.125 nan 0.5 1.0 1.0 357.4847 357.4857333333333 358.07196666666664 356.6279666666667 359.61806866666666 357.89723333333336 -1.0 357.89723333333336 -1.0 1
68 1.0 nan 0.5 1.0 1.0 360.624 360.62506666666667 361.00626666666665 360.02706666666666 362.5513686666667 360.848 -1.0 360.848 -1.0 1
69 0.25 nan 0.5 1.0 1.0 363.4907 363.4917 364.0197 362.9542666666667 365.5738985595592 363.90483333333333 -1.0 363.90483333333333 -1.0 1
70 0.0 nan 0.5 1.0 1.0 366.68463333333335 366.6856666666667 369.6141333333333 365.9765 371.151533742653 369.40273333333334 -1.0 369.40273333333334 -1.0 1
71 nan 1.0 0.5 -1.0 1.0 372.074 372.0749666666667 372.4601333333333 371.5876333333333 374.0013363333333 372.3811333333333 1.0 372.3811333333333 1.0 1
72 0.25 nan 0.5 1.0 1.0 374.90723333333335 374.9082666666667 375.3154333333333 374.4089333333333 376.8846639952533 375.1578 -1.0 375.1578 -1.0 1
73 nan 0.125 0.5 1.0 -1.0 378.67386666666664 378.6749 382.0022 377.28816666666665 384.5679000549749 381.8417333333333 1.0 381.8417333333333 1.0 1
74 nan 0.125 0.5 1.0 -1.0 385.5736 385.5745333333333 387.0115 385.019 389.573733439568 386.76253333333335 1.0 386.76253333333335 1.0 1
75 nan 0.25 0.5 -1.0 1.0 390.7511 390.75213333333335 391.10473333333334 390.00673333333333 392.6738363333334 391.0391666666667 1.0 391.0391666666667 1.0 1
76 1.0 nan 0.5 1.0 1.0 393.56766666666664 393.5688 393.89893333333333 393.08543333333336 395.4570626796372 393.71546666666666 -1.0 393.71546666666666 -1.0 1
77 1.0 nan 0.5 1.0 1.0 396.61766666666665 396.61876666666666 397.0185666666667 395.88956666666667 398.5843695304963 396.85876666666667 -1.0 396.85876666666667 -1.0 1
78 0.0 nan 0.5 1.0 1.0 399.99016666666665 399.9911 401.80836666666664 399.00916666666666 403.3736989826558 401.5452 1.0 401.71093333333334 -1.0 2
79 nan 0.0625 0.5 1.0 -1.0 404.35093333333333 404.35203333333334 407.08 403.8081 409.64023291460467 406.8729333333333 -1.0 406.8729333333333 -1.0 1
80 nan 0.25 0.5 1.0 -1.0 410.7341333333333 410.73496666666665 414.6836 410.09653333333335 417.21746672562557 414.5638333333333 -1.0 414.5638333333333 -1.0 1
81 nan 0.0625 0.5 1.0 -1.0 418.32353333333333 418.32456666666667 420.1049 417.65776666666665 422.65080033716015 419.83573333333334 -1.0 419.83573333333334 -1.0 1
82 nan 0.125 0.5 -1.0 1.0 424.3566333333333 424.3575333333333 427.1964 423.0843 428.7566329368479 426.5397 -1.0 427.08726666666666 1.0 3
83 nan 1.0 0.5 -1.0 1.0 431.06736666666666 431.06846666666667 436.46116666666666 429.19603333333333 438.0172675514267 436.37823333333336 1.0 436.37823333333336 1.0 1
84 nan 0.125 0.5 -1.0 1.0 439.6564666666667 439.6574 439.9764666666667 438.61496666666665 441.5340696666667 439.9076333333333 1.0 439.9076333333333 1.0 1
85 0.25 nan 0.5 1.0 1.0 442.4900333333333 442.4911 442.8872 441.94526666666667 444.4339982104394 442.7391 -1.0 442.7391 -1.0 1
86 nan 1.0 0.5 -1.0 1.0 445.9899 445.99103333333335 446.49 444.8516 448.05650199999997 446.412 1.0 446.412 1.0 1
87 nan 0.25 0.5 -1.0 1.0 449.0671 449.068 449.50853333333333 448.4756 451.0731305405281 449.43663333333336 1.0 449.43663333333336 1.0 1
88 1.0 nan 0.5 1.0 1.0 452.1003666666667 452.1013 452.4592333333333 451.50933333333336 454.01733633333333 452.3321 -1.0 452.3321 -1.0 1
89 nan 0.125 0.5 -1.0 1.0 455.1065 455.10763333333335 458.44866666666667 454.44603333333333 460.00636621823776 457.7562 1.0 457.9587666666667 -1.0 2
90 0.0 nan 0.8 -1.0 -1.0 461.0839 461.0849 462.4949 460.44716666666665 465.0503001358606 462.4189 1.0 462.4189 1.0 1
91 1.0 nan 0.8 1.0 1.0 466.70636666666667 466.7072 467.0305 465.483 468.6063313499286 466.88036666666665 -1.0 466.88036666666665 -1.0 1
92 nan 1.0 0.8 -1.0 1.0 469.5169666666667 469.51783333333333 472.47083333333336 469.03023333333334 474.03953533333333 472.4062333333333 1.0 472.4062333333333 1.0 1
93 0.25 nan 0.8 1.0 1.0 475.05033333333336 475.0511333333333 475.39306666666664 474.4764333333333 476.95616373185374 475.32703333333336 -1.0 475.32703333333336 -1.0 1
94 1.0 nan 0.8 1.0 1.0 477.8502 477.8511 478.1759666666667 477.38706666666667 479.73376966666666 478.04743333333334 -1.0 478.04743333333334 -1.0 1
95 nan 0.25 0.8 -1.0 1.0 480.8226 480.82373333333334 481.4381 480.16676666666666 483.00629658292286 481.35453333333334 1.0 481.35453333333334 1.0 1
96 0.125 nan 0.8 1.0 1.0 484.0335 484.0344 484.6345 483.5573 486.189502 484.53256666666664 -1.0 484.53256666666664 -1.0 1
97 1.0 nan 0.8 1.0 1.0 487.0833666666667 487.08436666666665 487.5099 486.61 489.0668303289747 487.26533333333333 -1.0 487.26533333333333 -1.0 1
98 0.25 nan 0.8 -1.0 -1.0 490.4894 490.49033333333335 491.13166666666666 489.50083333333333 493.6892353333334 490.9638 -1.0 491.0260333333333 1.0 2
99 1.0 nan 0.8 1.0 1.0 494.5833 494.5843 494.9313666666667 494.12103333333334 496.48946363168204 494.8329 -1.0 494.8329 -1.0 1
100 nan 0.25 0.8 -1.0 1.0 497.39996666666667 497.40096666666665 501.1802 496.91086666666666 502.73929955969345 497.9448 1.0 501.0979 1.0 3
101 0.25 nan 0.8 1.0 1.0 503.9332333333333 503.93423333333334 504.4379 503.1997 505.989202 504.2449 1.0 504.2449 1.0 1
102 nan 1.0 0.8 -1.0 1.0 507.18336666666664 507.1842 507.5369333333333 506.4102 509.0832316753669 507.4621666666667 1.0 507.4621666666667 1.0 1
103 0.0625 nan 0.8 1.0 1.0 510.6390333333333 510.63986666666665 511.1071333333333 509.5174333333333 512.6498363333333 510.97183333333334 -1.0 510.97183333333334 -1.0 1
104 nan 0.25 0.8 -1.0 1.0 513.7058333333333 513.7068333333333 514.0522666666667 513.0849333333333 515.6165648645457 513.9747 1.0 513.9747 1.0 1
105 0.0625 nan 0.8 1.0 1.0 516.7724333333333 516.7734666666666 518.2175666666667 516.0426666666667 519.7892686666667 518.0471333333334 1.0 518.0471333333334 1.0 1
106 nan 0.0625 0.8 1.0 -1.0 520.9164666666667 520.9174333333333 522.4984333333333 520.2243666666667 525.0665002268169 522.2963 -1.0 522.2963 -1.0 1
107 0.25 nan 0.8 1.0 1.0 526.5556 526.5567333333333 526.8924333333333 525.5059 528.4664300048244 526.7875 -1.0 526.7875 -1.0 1
108 nan 0.0625 0.8 -1.0 1.0 529.6223666666667 529.6233666666667 534.6635666666666 529.0297333333333 536.2162666462489 531.8879333333333 1.0 534.5813 1.0 3
109 0.25 nan 0.8 1.0 1.0 538.4556 538.4566666666667 538.7362666666667 536.6799666666667 540.2889983586565 538.6447333333333 -1.0 538.6447333333333 -1.0 1
110 nan 0.125 0.8 -1.0 1.0 541.3329666666667 541.3339666666667 541.6898 540.7316 543.2330019999999 541.6175333333333 1.0 541.6175333333333 1.0 1
111 0.25 nan 0.8 1.0 1.0 544.1554 544.1562666666666 544.5307 543.6523 546.0888019999999 544.4446666666666 -1.0 544.4446666666666 -1.0 1
112 0.0 nan 0.8 -1.0 -1.0 547.2494 547.2502666666667 550.2432333333334 546.5142 552.8055330212815 550.141 1.0 550.141 1.0 1
113 0.25 nan 0.8 1.0 1.0 554.7328 554.7338666666667 554.9842666666667 553.2744333333334 556.5327646430449 554.8732666666667 -1.0 554.8732666666667 -1.0 1
114 nan 0.25 0.8 -1.0 1.0 557.5054666666666 557.5065 557.8831666666666 556.9800666666666 559.4386686666667 557.8220333333334 1.0 557.8220333333334 1.0 1
115 1.0 nan 0.8 1.0 1.0 560.4826333333333 560.4834666666667 560.8055 559.8685666666667 562.3660969791638 560.7082 -1.0 560.7082 -1.0 1
116 0.25 nan 0.8 1.0 1.0 563.3052333333334 563.3061333333334 563.7177 562.809 565.2887020000001 563.5592666666666 -1.0 563.5592666666666 -1.0 1
117 1.0 nan 0.8 1.0 1.0 566.2659333333334 566.2667666666666 566.5904333333333 565.7249 568.1493301962947 566.4947666666667 -1.0 566.4947666666667 -1.0 1
118 0.25 nan 0.8 1.0 1.0 569.2052333333334 569.2060666666666 569.7022333333333 568.5910333333334 571.2718353333333 569.4344666666667 -1.0 569.4344666666667 -1.0 1
119 0.125 nan 0.8 1.0 1.0 573.3326333333333 573.3337333333334 576.2228666666666 571.7283333333334 577.7886672359033 575.9446 -1.0 576.0852 -1.0 2
120 0.0 nan 0.8 -1.0 -1.0 578.7991333333333 578.8 581.0636666666667 578.2653666666666 583.6385995143123 581.0037666666667 1.0 581.0037666666667 1.0 1
121 0.25 nan 0.8 1.0 1.0 584.9825666666667 584.9836666666666 585.5347 584.2661 587.1051318868845 585.3132666666667 -1.0 585.3132666666667 -1.0 1
122 nan 0.25 0.2 -1.0 1.0 589.9324666666666 589.9336 590.3916333333333 587.5421333333334 591.9325353333334 590.2840333333334 1.0 590.2840333333334 1.0 1
123 nan 0.25 0.2 1.0 -1.0 592.9548333333333 592.9559 593.8372333333333 592.4130333333334 596.3823652102819 593.6984 -1.0 593.6984 -1.0 1
124 nan 0.125 0.2 -1.0 1.0 597.3883333333333 597.3892 599.1769 596.8415666666667 600.7155985538146 599.1012666666667 1.0 599.1012666666667 1.0 1
125 nan 0.0 0.2 1.0 -1.0 602.0050666666667 602.0061666666667 605.1544666666666 601.1623 607.6990330433354 604.8254666666667 -1.0 604.8254666666667 -1.0 1
126 0.125 nan 0.2 1.0 1.0 608.7216666666667 608.7227666666666 609.2455333333334 608.1812333333334 610.8214363333333 609.1111333333333 -1.0 609.1111333333333 -1.0 1
127 nan 0.0625 0.2 -1.0 1.0 612.0157 612.0167666666666 612.4287666666667 611.2658333333334 613.9989640598894 612.3675333333333 1.0 612.3675333333333 1.0 1
128 nan 0.25 0.2 -1.0 1.0 616.1216 616.1227333333334 616.2114666666666 614.4372666666667 617.7880696666666 616.1053 1.0 616.1053 1.0 1
129 nan 0.0625 0.2 -1.0 1.0 619.0486666666667 619.0497 624.0218 618.2667666666666 625.5879312433971 623.8954 1.0 623.8954 1.0 1
130 nan 0.25 0.2 -1.0 1.0 626.582 626.5829666666667 626.9799333333333 626.0664333333333 628.5547363333334 626.9096666666667 1.0 626.9096666666667 1.0 1
131 nan 0.0 0.2 -1.0 1.0 636.3986666666667 636.3995333333334 643.6507 629.0067333333334 645.2045326261466 643.5053 1.0 643.5053 1.0 1
132 nan 1.0 0.2 -1.0 1.0 646.5652666666666 646.5661666666666 652.3687666666667 645.8281333333333 653.915066823649 652.2885 1.0 652.2885 1.0 1
133 nan 1.0 0.2 -1.0 1.0 655.0378666666667 655.0387333333333 655.4245666666667 654.3883666666667 656.9816686666667 655.3529 1.0 655.3529 1.0 1
134 nan 0.0 0.2 1.0 -1.0 658.0709 658.0720333333334 661.2273333333334 657.5782666666667 663.7816996700352 661.0645333333333 1.0 661.0645333333333 1.0 1
135 nan 1.0 0.2 -1.0 1.0 664.7876333333334 664.7886333333333 664.8572333333333 664.2479 666.4151295567677 664.7647 1.0 664.7647 1.0 1
136 nan 0.0 0.2 -1.0 1.0 667.4043333333333 667.4053 667.6489333333334 666.8694333333333 669.2210363333334 667.4993333333333 1.0 667.4993333333333 1.0 1
137 nan 0.0 0.2 -1.0 1.0 670.3316666666667 670.3326 673.0577666666667 669.6735333333334 674.6209667966997 672.9882 1.0 672.9882 1.0 1
138 0.25 nan 0.2 1.0 1.0 676.9983666666667 676.9992333333333 677.3125 675.0870666666667 678.8709993066769 677.0371666666666 1.0 677.0371666666666 1.0 1
139 nan 0.25 0.2 -1.0 1.0 680.1647 680.1658666666667 684.6348333333333 679.3425 686.2042331434058 684.2608 1.0 684.5481 1.0 2
140 nan 0.125 0.2 -1.0 1.0 687.2647 687.2658 691.4339666666667 686.6867333333333 692.9814673008392 691.3628 1.0 691.3628 1.0 1
141 1.0 nan 0.2 1.0 1.0 693.9707666666667 693.9717666666667 694.4227666666667 693.4623666666666 695.9646696666667 694.2687333333333 1.0 694.2687333333333 1.0 1
142 nan 0.25 0.2 -1.0 1.0 696.9206666666666 696.9217333333333 699.6113 696.4078666666667 701.1540989605419 699.5296 1.0 699.5296 1.0 1
143 nan 0.25 0.2 -1.0 1.0 702.1145333333334 702.1153666666667 703.1269 701.6303 704.6813319743876 702.4891666666666 1.0 702.8626 -1.0 2
144 nan 1.0 0.2 -1.0 1.0 705.604 705.605 705.9039333333334 705.1403333333334 707.4645363333333 705.8309666666667 1.0 705.8309666666667 1.0 1
145 0.125 nan 0.2 -1.0 -1.0 709.2206 709.2216666666667 712.8509333333334 707.9303333333334 715.4205666160226 712.7827333333333 1.0 712.7827333333333 1.0 1
146 nan 0.125 0.2 -1.0 1.0 717.9146 717.9159 718.2477 715.9115666666667 719.8037984146929 718.1656333333333 1.0 718.1656333333333 1.0 1
147 0.125 nan 0.2 1.0 1.0 720.7477666666666 720.7485666666666 721.144 720.2729 722.703830157927 721.0381 -1.0 721.0381 -1.0 1
148 nan 0.25 0.2 1.0 -1.0 723.8143 723.8152 727.7311666666667 723.1506333333333 730.2811658372414 727.4794333333333 -1.0 727.4794333333333 -1.0 1
149 nan 0.125 0.2 -1.0 1.0 731.4035333333334 731.4044666666666 733.7840666666667 730.9425666666667 735.3537686666666 733.6866 1.0 733.6866 1.0 1
150 nan 1.0 0.2 -1.0 1.0 736.9476666666667 736.9487666666666 737.2925 735.8215666666666 738.8534976089045 737.2252 1.0 737.2252 1.0 1
151 nan 1.0 0.2 -1.0 1.0 739.831 739.8320666666667 740.2003 739.3135 741.747704 740.1042 1.0 740.1042 1.0 1
152 nan 0.125 0.2 -1.0 1.0 742.9202666666666 742.9213666666667 745.9861333333333 742.2163 747.5536326071303 745.9032 1.0 745.9032 1.0 1
153 0.125 nan 0.2 1.0 1.0 748.7974333333333 748.7983333333333 749.3257666666667 748.0290333333334 750.903564014967 749.0751333333334 -1.0 749.0751333333334 -1.0 1
154 nan 0.125 0.2 -1.0 1.0 751.8641666666666 751.8653 756.6215 751.3697666666667 758.1808007978417 751.8549 1.0 756.5542333333333 1.0 2
155 nan 0.25 0.2 -1.0 1.0 760.0867666666667 760.0876 760.5049 758.6626 762.064032229962 760.4320333333334 1.0 760.4320333333334 1.0 1
156 nan 0.25 0.2 -1.0 1.0 763.1367 763.1375666666667 766.8917333333334 762.5415333333333 768.4534661606153 766.8281666666667 1.0 766.8281666666667 1.0 1
157 nan 0.0 0.2 1.0 -1.0 770.6306666666667 770.6315 774.5298333333334 768.9340666666667 777.0807010184456 774.3245 1.0 774.3245 1.0 1
158 nan 0.0625 0.2 -1.0 1.0 778.0530333333334 778.0541333333333 781.4533333333334 777.5956 783.0031335498288 781.3511333333333 1.0 781.3511333333333 1.0 1
159 nan 1.0 0.2 -1.0 1.0 784.0637333333333 784.0647333333334 784.4318333333333 783.4958333333333 785.9803363333333 784.3609 1.0 784.3609 1.0 1
160 nan 0.25 0.2 -1.0 1.0 787.0196666666667 787.0207333333333 790.8505666666666 786.4514333333333 792.3970671201054 790.7681333333334 1.0 790.7681333333334 1.0 1
161 nan 0.125 0.2 -1.0 1.0 793.4862 793.4873333333334 795.3395 792.8888666666667 796.9029994001022 795.2782333333333 1.0 795.2782333333333 1.0 1
162 nan 0.0 0.2 -1.0 1.0 798.2303 798.2313 801.6785333333333 797.389 803.2530337729604 801.6106666666667 1.0 801.6106666666667 1.0 1
163 0.25 nan 0.8 1.0 1.0 804.7305 804.7315666666667 805.1513333333334 803.7409333333334 806.7136363333333 805.0209666666667 -1.0 805.0209666666667 -1.0 1
164 0.125 nan 0.8 -1.0 -1.0 809.5693333333334 809.5702 812.1445 807.1932333333333 814.702896401158 812.0694 1.0 812.0694 1.0 1
165 nan 0.0 0.8 -1.0 1.0 816.0303333333334 816.0311666666666 816.1853 815.3914 817.736202 816.0979666666667 1.0 816.0979666666667 1.0 1
166 0.0 nan 0.8 -1.0 -1.0 818.6801 818.6811333333334 821.8261 818.2133 824.3861328536741 821.766 1.0 821.766 1.0 1
167 0.125 nan 0.8 -1.0 -1.0 825.4966666666667 825.4977333333334 825.9114 824.8822333333334 828.4694646268977 825.8493666666667 1.0 825.8493666666667 1.0 1
168 0.25 nan 0.8 1.0 1.0 830.3965 830.3973666666667 830.7154666666667 828.9641666666666 832.2693686666667 830.6466 -1.0 830.6466 -1.0 1
169 0.0625 nan 0.8 1.0 1.0 833.4133 833.4143666666666 838.114 832.7445666666666 839.6633318343443 838.0369333333333 -1.0 838.0369333333333 -1.0 1
170 1.0 nan 0.8 1.0 1.0 840.8524333333334 840.8533 841.1822333333333 840.1640333333334 842.7527353333334 841.0865333333334 -1.0 841.0865333333334 -1.0 1
171 0.25 nan 0.8 -1.0 -1.0 843.6966333333334 843.6976 850.6058666666667 843.2235333333333 853.1689986463716 844.1311666666667 -1.0 850.1713666666667 -1.0 3
172 1.0 nan 0.8 1.0 1.0 854.3130333333334 854.3141666666667 854.7425 853.6958 856.319002 854.615 -1.0 854.615 -1.0 1
173 nan 0.125 0.8 -1.0 1.0 857.363 857.3638333333333 857.7597 856.7957 859.3130309411607 857.6848666666667 1.0 857.6848666666667 1.0 1
174 0.125 nan 0.8 1.0 1.0 860.3189666666667 860.3198 860.7346333333334 859.7988333333333 862.2963353333333 860.5842666666666 -1.0 860.5842666666666 -1.0 1
175 0.25 nan 0.8 1.0 1.0 863.4522 863.4531 863.8792333333333 862.7682333333333 865.4521363333333 863.776 -1.0 863.776 -1.0 1
176 nan 0.125 0.8 -1.0 1.0 866.5297333333333 866.5307333333334 872.2489 865.9332333333333 873.8021979265163 872.1477333333333 1.0 872.1477333333333 1.0 1
177 0.0 nan 0.8 -1.0 -1.0 874.8130666666667 874.814 881.7236333333333 874.3143 884.2689336266101 879.5630666666667 1.0 881.6634333333334 1.0 2
178 0.0 nan 0.8 -1.0 -1.0 885.3961333333333 885.3969333333333 893.3358666666667 884.8061333333334 895.8960988341063 893.211 -1.0 893.211 -1.0 1
179 0.0625 nan 0.8 1.0 1.0 903.4352666666666 903.4361333333334 947.2609666666667 896.449 948.8179630404843 915.2935666666667 -1.0 947.2098 -1.0 6
180 nan 0.0625 0.8 -1.0 1.0 950.5955666666666 950.5964 955.284 949.9466666666667 956.8513307009514 955.1538 1.0 955.1538 1.0 1
181 0.25 nan 0.8 1.0 1.0 957.9954 957.9963333333334 958.2828333333333 957.3669333333333 959.8514353333334 958.1941666666667 -1.0 958.1941666666667 -1.0 1
182 0.25 nan 0.8 1.0 1.0 960.8286333333333 960.8296333333333 961.1258333333334 960.3380333333333 962.6846639436757 961.0321 -1.0 961.0321 -1.0 1
183 0.0 nan 0.8 1.0 1.0 963.8119 963.8129666666666 966.3870666666667 963.1710666666667 967.9512696666666 966.3153 -1.0 966.3153 -1.0 1
184 0.25 nan 0.8 1.0 1.0 969.1453 969.1462333333334 969.8465 968.4592666666666 971.4010973672519 969.6478333333333 -1.0 969.7821666666666 -1.0 2
185 0.25 nan 0.8 1.0 1.0 972.3786 972.3795666666666 972.7853 971.8931 974.3513018330347 972.6971 -1.0 972.6971 -1.0 1
186 nan 0.125 0.8 -1.0 1.0 975.3785333333333 975.3795333333334 979.7643333333333 974.844 981.295332919697 979.6944666666667 1.0 979.6944666666667 1.0 1
187 0.125 nan 0.8 1.0 1.0 982.4176 982.4184666666666 983.1289666666667 981.7989333333334 984.6844637655661 982.9919666666667 -1.0 982.9919666666667 -1.0 1
188 0.25 nan 0.8 1.0 1.0 985.7785333333334 985.7794333333334 986.2898666666666 985.1818666666667 987.8451686666666 986.1275666666667 -1.0 986.1275666666667 -1.0 1
189 nan 0.0625 0.8 1.0 -1.0 989.0677666666667 989.0687333333333 992.8150333333333 988.3417666666667 995.3842306918559 992.7130666666667 -1.0 992.7130666666667 -1.0 1
190 1.0 nan 0.8 1.0 1.0 996.4283666666666 996.4293333333334 996.9589333333333 995.9112333333334 998.5118363333332 996.6808666666667 -1.0 996.6808666666667 -1.0 1
191 nan 0.25 0.8 1.0 -1.0 999.5676333333333 999.5686333333333 1001.8613 998.9907333333333 1004.4116667296134 1001.5743333333334 -1.0 1001.5743333333334 -1.0 1
192 1.0 nan 0.8 1.0 1.0 1005.6676 1005.6686333333333 1005.9374666666666 1004.9354666666667 1007.5008686666666 1005.8477666666666 -1.0 1005.8477666666666 -1.0 1
193 1.0 nan 0.8 1.0 1.0 1008.5282 1008.5292333333333 1008.9959 1007.9837666666666 1010.5508965678263 1008.7378666666667 -1.0 1008.7378666666667 -1.0 1
194 1.0 nan 0.8 1.0 1.0 1011.7782 1011.7792 1012.0786 1011.0507 1013.628203 1011.9815 -1.0 1011.9815 -1.0 1
195 nan 1.0 0.8 -1.0 1.0 1014.6339333333333 1014.6348333333333 1015.0893333333333 1014.1231 1016.6508298811162 1015.0136333333334 1.0 1015.0136333333334 1.0 1
196 1.0 nan 0.8 1.0 1.0 1017.6446666666667 1017.6455 1018.0276333333334 1017.1451333333333 1019.5780363333332 1017.9143333333334 -1.0 1017.9143333333334 -1.0 1
197 0.25 nan 0.8 1.0 1.0 1020.7339666666667 1020.7351333333334 1021.3419666666666 1020.0628333333333 1022.8946646499475 1021.0814666666666 -1.0 1021.0814666666666 -1.0 1
198 1.0 nan 0.8 1.0 1.0 1023.9005333333333 1023.9014333333333 1024.2195666666667 1023.3963666666667 1025.7840686666666 1024.1301333333333 -1.0 1024.1301333333333 -1.0 1
199 0.25 nan 0.8 1.0 1.0 1027.0279 1027.0287333333333 1027.3346 1026.4976666666666 1028.9113974055967 1027.2568333333334 -1.0 1027.2568333333334 -1.0 1
200 1.0 nan 0.8 1.0 1.0 1029.8840333333333 1029.8853666666666 1030.2136 1029.3982 1031.783802 1030.1147666666666 -1.0 1030.1147666666666 -1.0 1
201 0.25 nan 0.8 1.0 1.0 1032.8446333333334 1032.8457 1033.5269 1032.2676 1035.07803127481 1033.1192333333333 1.0 1033.1192333333333 1.0 1
202 0.0625 nan 0.8 1.0 1.0 1036.3338666666666 1036.335 1036.7461333333333 1035.5808333333334 1038.3005353333333 1036.6347333333333 -1.0 1036.6347333333333 -1.0 1
203 nan 0.125 0.8 -1.0 1.0 1039.4779333333333 1039.4789666666666 1039.8440333333333 1038.7898333333333 1041.3945644215328 1039.7779 1.0 1039.7779 1.0 1
204 0.0625 nan 0.8 1.0 1.0 1042.4505666666666 1042.4516 1046.8073 1041.8809666666666 1048.3672005467304 1046.6058 -1.0 1046.6058 -1.0 1
205 0.0625 nan 0.8 1.0 1.0 1049.4777 1049.4785666666667 1053.1351 1048.8825 1054.6837336445806 1052.8438333333334 -1.0 1052.8438333333334 -1.0 1
206 nan 1.0 0.8 -1.0 1.0 1055.6611 1055.6621666666667 1055.9904333333334 1055.1927333333333 1057.5444353333332 1055.9251333333334 1.0 1055.9251333333334 1.0 1
207 0.125 nan 0.8 1.0 1.0 1058.4836666666667 1058.4848 1058.9457333333332 1058.0289333333333 1060.5004641571143 1058.7782333333334 -1.0 1058.7782333333334 -1.0 1
208 1.0 nan 0.8 1.0 1.0 1061.6609666666666 1061.6621 1061.9913666666666 1060.9898666666666 1063.5502686666666 1061.9022333333332 -1.0 1061.9022333333332 -1.0 1
209 0.0625 nan 0.8 -1.0 -1.0 1064.6609 1064.6617333333334 1065.5820666666666 1064.0412666666666 1068.1335993545965 1065.5138 1.0 1065.5138 1.0 1
210 nan 1.0 0.2 -1.0 1.0 1069.3108666666667 1069.3117 1069.6097 1068.6361 1071.1608019999999 1069.5444333333332 1.0 1069.5444333333332 1.0 1
211 nan 0.125 0.2 1.0 -1.0 1072.1333 1072.1343333333334 1074.178 1071.6525 1076.7501322752903 1073.9943 -1.0 1073.9943 -1.0 1
212 nan 0.0625 0.2 -1.0 1.0 1077.9108333333334 1077.9116333333334 1078.3076333333333 1077.2650333333333 1079.883563386107 1078.2237333333333 1.0 1078.2237333333333 1.0 1
213 nan 0.125 0.2 -1.0 1.0 1080.8441 1080.8449333333333 1083.9118666666666 1080.3764666666666 1085.4833988991538 1083.8278666666668 1.0 1083.8278666666668 1.0 1
214 nan 0.0625 0.2 -1.0 1.0 1086.6275333333333 1086.6285666666668 1087.4027 1086.0072 1088.960703 1087.2994 1.0 1087.2994 1.0 1
215 nan 0.125 0.2 -1.0 1.0 1089.9498333333333 1089.9508666666666 1093.6288333333334 1089.4575 1095.2000325304452 1093.4993 1.0 1093.4993 1.0 1
216 nan 0.125 0.2 -1.0 1.0 1096.3438333333334 1096.3448 1097.4130333333333 1095.7272333333333 1098.9607652111154 1097.32 1.0 1097.32 1.0 1
217 nan 0.25 0.2 -1.0 1.0 1100.5331666666666 1100.5341 1102.4676666666667 1099.4596666666666 1104.0164696666666 1102.3908333333334 1.0 1102.3908333333334 1.0 1
218 nan 0.0625 0.2 -1.0 1.0 1105.0939666666666 1105.0950666666668 1106.4236 1104.5373666666667 1107.9665987383028 1106.3234 1.0 1106.3234 1.0 1
219 nan 1.0 0.2 -1.0 1.0 1109.0937666666666 1109.0947 1109.4409 1108.4693 1110.9939288377136 1109.3700333333334 1.0 1109.3700333333334 1.0 1
220 nan 0.125 0.2 -1.0 1.0 1112.4497 1112.4506666666666 1113.6102333333333 1111.7263333333333 1115.1606363333333 1113.5322 1.0 1113.5322 1.0 1
221 nan 0.25 0.2 -1.0 1.0 1116.3164 1116.3173 1118.3374666666666 1115.6579333333334 1119.8830659806824 1118.2450333333334 1.0 1118.2450333333334 1.0 1
222 nan 1.0 0.2 -1.0 1.0 1120.8769666666667 1120.8779333333334 1121.1306666666667 1120.4083666666668 1122.6997686666666 1121.0585666666666 1.0 1121.0585666666666 1.0 1
223 nan 0.125 0.2 -1.0 1.0 1123.7437666666667 1123.7449 1126.7149 1123.1994666666667 1128.2769988731714 1126.6285333333333 1.0 1126.6285333333333 1.0 1
224 nan 0.0 0.2 -1.0 1.0 1129.433 1129.4338666666667 1130.1167 1128.8026 1131.683030186179 1130.0418333333334 1.0 1130.0418333333334 1.0 1
225 0.0625 nan 0.2 -1.0 -1.0 1132.7103 1132.7111666666667 1135.0401666666667 1132.2090333333333 1137.5936656581855 1134.1381333333334 1.0 1134.9353666666666 1.0 4
226 nan 0.0625 0.2 -1.0 1.0 1138.6328666666666 1138.6338 1139.0664666666667 1138.1278666666667 1140.6269686666665 1138.9892 1.0 1138.9892 1.0 1
227 nan 0.0 0.2 -1.0 1.0 1141.7328 1141.7337666666667 1142.0628666666667 1141.1297666666667 1143.63289729382 1141.9763 1.0 1141.9763 1.0 1
228 nan 0.125 0.2 -1.0 1.0 1144.6768 1144.6777333333334 1147.7278 1144.1499 1149.299403 1147.6246333333333 1.0 1147.6246333333333 1.0 1
229 nan 1.0 0.2 -1.0 1.0 1150.3934333333334 1150.3943666666667 1150.7256333333332 1149.8335 1152.282829658852 1150.6386666666667 1.0 1150.6386666666667 1.0 1
230 nan 1.0 0.2 -1.0 1.0 1153.3934666666667 1153.3943333333334 1156.5488666666668 1152.7853333333333 1158.0934657092596 1156.4613666666667 1.0 1156.4613666666667 1.0 1
231 nan 0.0625 0.2 -1.0 1.0 1159.1326333333334 1159.1336 1159.4176666666667 1158.6102666666666 1160.9601686666665 1159.3389666666667 1.0 1159.3389666666667 1.0 1
232 0.0625 nan 0.2 -1.0 -1.0 1161.9326666666666 1161.9336 1165.2705666666666 1161.4840666666666 1167.8098004060453 1165.1968333333334 1.0 1165.1968333333334 1.0 1
233 nan 0.125 0.2 -1.0 1.0 1168.8658333333333 1168.8668666666667 1169.3314333333333 1168.3436 1170.8991297100292 1169.2588 1.0 1169.2588 1.0 1
234 nan 0.0 0.2 1.0 -1.0 1171.9932333333334 1171.9941666666666 1173.0761666666667 1171.4177333333334 1175.6324650045124 1172.8301666666666 1.0 1172.8301666666666 1.0 1
235 nan 1.0 0.2 -1.0 1.0 1176.8432666666668 1176.8445333333334 1177.2075666666667 1176.1526666666666 1178.7658686666668 1177.1235333333334 1.0 1177.1235333333334 1.0 1
236 1.0 nan 0.2 1.0 1.0 1179.8097333333333 1179.8107666666667 1180.1616666666666 1179.2951666666668 1181.7157686666667 1180.0843666666667 -1.0 1180.0843666666667 -1.0 1
237 nan 0.125 0.2 -1.0 1.0 1182.7597333333333 1182.7607666666668 1187.0384 1182.2455666666667 1188.5989311581784 1186.9329 1.0 1186.9329 1.0 1
238 0.0625 nan 0.2 1.0 1.0 1189.8096 1189.8107 1190.2505333333334 1189.1336333333334 1191.8097353333333 1190.0132 1.0 1190.0132 1.0 1
239 nan 1.0 0.2 -1.0 1.0 1193.0323666666666 1193.0333333333333 1196.6117666666667 1192.3260333333333 1198.1765658161291 1196.5293333333334 1.0 1196.5293333333334 1.0 1
240 nan 0.125 0.2 -1.0 1.0 1199.3489666666667 1199.3499666666667 1199.9756666666667 1198.7236666666668 1201.5262967942272 1199.9036 1.0 1199.9036 1.0 1
241 nan 0.0625 0.2 -1.0 1.0 1202.5322333333334 1202.5332333333333 1207.8145 1202.045 1209.3822330200603 1207.7315 1.0 1207.7315 1.0 1
242 nan 0.0 0.2 -1.0 1.0 1211.1929333333333 1211.1938333333333 1212.7223333333334 1210.1920333333333 1214.265365752172 1212.6328333333333 1.0 1212.6328333333333 1.0 1
243 nan 0.0 0.2 -1.0 1.0 1215.3095 1215.3104666666666 1219.7157666666667 1214.8073666666667 1221.2762004665303 1219.6309333333334 1.0 1219.6309333333334 1.0 1
244 nan 0.0 0.2 -1.0 1.0 1222.4319333333333 1222.4327333333333 1224.596 1221.8083 1226.148502 1224.5041 1.0 1224.5041 1.0 1
245 nan 1.0 0.2 -1.0 1.0 1227.2259 1227.2270333333333 1230.3695333333333 1226.6914 1231.9320322205267 1230.259 1.0 1230.259 1.0 1
246 nan 0.125 0.2 -1.0 1.0 1233.0426 1233.0436666666667 1233.3514333333333 1232.4718333333333 1234.9092638895559 1233.2750666666666 1.0 1233.2750666666666 1.0 1
247 0.125 nan 0.2 -1.0 -1.0 1235.9318 1235.9326333333333 1239.4942666666666 1235.4202666666667 1242.0425004648894 1239.414 1.0 1239.414 1.0 1
248 nan 0.0 0.2 -1.0 1.0 1243.6152 1243.6162333333334 1246.0143 1242.5876 1247.5984320683601 1245.9455 1.0 1245.9455 1.0 1
249 0.125 nan 0.2 1.0 1.0 1249.6591333333333 1249.6602 1249.9886333333334 1248.1425333333334 1251.5591353333332 1249.8778 -1.0 1249.8778 -1.0 1
250 nan 0.0 0.2 -1.0 1.0 1252.7648666666666 1252.7658333333334 1257.3375666666666 1252.0950333333333 1258.9149670997667 1257.2576666666666 1.0 1257.2576666666666 1.0 1
251 0.25 nan 0.2 1.0 1.0 1259.9589666666666 1259.9597666666666 1260.273 1259.4839666666667 1261.842395854424 1260.1824333333334 -1.0 1260.1824333333334 -1.0 1
252 nan 0.125 0.2 -1.0 1.0 1263.1316333333334 1263.1327333333334 1266.4276333333332 1262.3755 1267.9756323459485 1266.3384333333333 1.0 1266.3384333333333 1.0 1
253 nan 0.25 0.2 -1.0 1.0 1269.1148666666666 1269.1157 1269.4708333333333 1268.5269333333333 1271.0256353333334 1269.3931666666667 1.0 1269.3931666666667 1.0 1
254 0.25 nan 0.8 -1.0 -1.0 1272.0314 1272.0323333333333 1277.0206333333333 1271.5478333333333 1279.5754976185733 1276.8893333333333 1.0 1276.8893333333333 1.0 1
255 nan 0.0625 0.8 -1.0 1.0 1280.848 1280.8489333333334 1281.2184 1280.1402 1282.781503 1281.1451 1.0 1281.1451 1.0 1
256 0.125 nan 0.8 1.0 1.0 1283.9754333333333 1283.9765666666667 1286.3255333333334 1283.3182 1287.875432774548 1285.8457 1.0 1285.8457 1.0 1
257 0.125 nan 0.8 1.0 1.0 1289.1479666666667 1289.1488666666667 1292.2559666666666 1288.4201333333333 1293.8087655627323 1292.1613333333332 -1.0 1292.1613333333332 -1.0 1
258 0.0 nan 0.8 -1.0 -1.0 1296.9144333333334 1296.9154666666666 1299.8564333333334 1294.3620666666666 1302.4085007203114 1299.7556333333334 1.0 1299.7556333333334 1.0 1
259 0.125 nan 0.8 1.0 1.0 1304.2477666666666 1304.2491 1304.7222333333334 1302.9992 1306.2919306115414 1304.626 -1.0 1304.626 -1.0 1
260 1.0 nan 0.8 1.0 1.0 1307.3145 1307.3154 1307.6143333333334 1306.8353333333334 1309.1811353333333 1307.5307333333333 -1.0 1307.5307333333333 -1.0 1
261 0.125 nan 0.8 1.0 1.0 1310.3417333333334 1310.3427 1310.7489333333333 1309.7208333333333 1312.3084630025983 1310.6586333333332 -1.0 1310.6586333333332 -1.0 1
262 0.0625 nan 0.8 1.0 1.0 1313.3641666666667 1313.365 1320.2252 1312.8381666666667 1321.797700987796 1320.0220666666667 -1.0 1320.0220666666667 -1.0 1
263 0.0625 nan 0.8 1.0 1.0 1323.0583666666666 1323.0592666666666 1323.6438 1322.3733 1325.1978308624782 1323.5502666666666 -1.0 1323.5502666666666 -1.0 1
264 1.0 nan 0.8 1.0 1.0 1326.2084 1326.2092333333333 1326.5047333333334 1325.7524333333333 1328.0643363333334 1326.4139666666667 -1.0 1326.4139666666667 -1.0 1
265 1.0 nan 0.8 1.0 1.0 1329.5083 1329.5092333333334 1329.8182333333334 1328.8710333333333 1331.3582626493142 1329.7284 -1.0 1329.7284 -1.0 1
266 0.0625 nan 0.8 1.0 1.0 1332.6475333333333 1332.6485333333333 1333.8283666666666 1331.9061666666666 1335.3807696666665 1333.7495666666666 -1.0 1333.7495666666666 -1.0 1
267 0.0625 nan 0.8 1.0 1.0 1336.4081666666666 1336.4091666666666 1337.8903 1335.9260666666667 1339.4416975126317 1337.7908 -1.0 1337.7908 -1.0 1
268 1.0 nan 0.8 1.0 1.0 1340.5142333333333 1340.5151333333333 1340.8258 1339.9886 1342.3808020000001 1340.7366 -1.0 1340.7366 -1.0 1
269 0.0625 nan 0.8 1.0 1.0 1343.5081333333333 1343.5091 1344.0332333333333 1342.9177 1345.5750297661307 1343.9245333333333 -1.0 1343.9245333333333 -1.0 1
270 0.0625 nan 0.8 1.0 1.0 1346.8140666666666 1346.8151 1349.4295666666667 1346.1078333333332 1350.9806662318654 1349.3677 -1.0 1349.3677 -1.0 1
271 0.125 nan 0.8 1.0 1.0 1352.1247333333333 1352.1257 1354.9411666666667 1351.5404666666666 1356.5140986375131 1354.8550333333333 -1.0 1354.8550333333333 -1.0 1
272 0.25 nan 0.8 1.0 1.0 1357.5746666666666 1357.5756666666666 1357.9646 1357.0721 1359.524603 1357.8526666666667 -1.0 1357.8526666666667 -1.0 1
273 0.25 nan 0.8 1.0 1.0 1360.5638333333334 1360.5649666666666 1360.9908 1360.0728 1362.5581302744563 1360.8989 -1.0 1360.8989 -1.0 1
274 0.125 nan 0.8 1.0 1.0 1363.8305666666668 1363.8316333333332 1366.2050333333334 1363.1102333333333 1367.7805353333333 1366.1297 -1.0 1366.1297 -1.0 1
275 0.125 nan 0.8 1.0 1.0 1369.0245666666667 1369.0255666666667 1370.3478666666667 1368.3466333333333 1371.908065175976 1370.2670333333333 -1.0 1370.2670333333333 -1.0 1
276 0.0625 nan 0.8 1.0 1.0 1373.0638333333334 1373.0652 1374.6814666666667 1372.4625666666666 1376.247197726905 1374.5869 -1.0 1374.5869 -1.0 1
277 0.0 nan 0.8 1.0 1.0 1377.4910333333332 1377.4918333333333 1378.1908 1376.8037 1379.757802 1378.1287333333332 -1.0 1378.1287333333332 -1.0 1
278 1.0 nan 0.8 1.0 1.0 1382.7134333333333 1382.7144666666666 1383.1628333333333 1380.3187 1384.707931328803 1383.0988333333332 -1.0 1383.0988333333332 -1.0 1
279 nan 0.125 0.8 -1.0 1.0 1385.9802666666667 1385.9811 1389.9745666666668 1385.3072333333334 1391.524365851061 1389.8218333333334 1.0 1389.8218333333334 1.0 1
280 1.0 nan 0.8 1.0 1.0 1392.78 1392.7810666666667 1393.1258666666668 1392.0979666666667 1394.6803970528017 1393.0134333333333 -1.0 1393.0134333333333 -1.0 1
281 0.25 nan 0.8 1.0 1.0 1395.7408666666668 1395.7417 1397.8717 1395.2412 1399.424302 1397.8095333333333 -1.0 1397.8095333333333 -1.0 1
282 0.25 nan 0.8 1.0 1.0 1400.5134333333333 1400.5143333333333 1400.9033333333334 1399.9796 1402.4576292850616 1400.8034666666667 -1.0 1400.8034666666667 -1.0 1
283 1.0 nan 0.8 1.0 1.0 1403.5634666666667 1403.5643333333333 1403.8749333333333 1403.0069333333333 1405.4407353333331 1403.8012666666666 -1.0 1403.8012666666666 -1.0 1
284 0.125 nan 0.8 1.0 1.0 1406.4633333333334 1406.4643 1406.7923333333333 1405.9927333333333 1408.3634633471213 1406.6827666666666 -1.0 1406.6827666666666 -1.0 1
285 nan 0.25 0.8 1.0 -1.0 1409.4574333333333 1409.4586 1413.9429333333333 1408.9180666666666 1416.507400579317 1413.8657 -1.0 1413.8657 -1.0 1
286 0.0625 nan 0.8 -1.0 -1.0 1417.7633333333333 1417.7642 1418.3408666666667 1417.1017 1420.913432074775 1418.203 1.0 1418.203 1.0 1
287 1.0 nan 0.8 1.0 1.0 1422.1575666666668 1422.1585 1422.5110333333334 1421.4717333333333 1424.0798363333333 1422.4305 -1.0 1422.4305 -1.0 1
288 nan 1.0 0.8 -1.0 1.0 1425.1905333333334 1425.1915 1425.6273333333334 1424.6410333333333 1427.1966626727003 1425.536 1.0 1425.536 1.0 1
289 0.0625 nan 0.8 -1.0 -1.0 1428.2239333333334 1428.2248 1434.0227666666667 1427.7569666666666 1436.579899832537 1433.8619333333334 1.0 1433.8619333333334 1.0 1
290 0.0625 nan 0.8 -1.0 -1.0 1437.6906666666666 1437.6917333333333 1440.2850333333333 1437.1935 1442.823931788824 1440.0620333333334 -1.0 1440.0620333333334 -1.0 1
291 0.125 nan 0.8 1.0 1.0 1445.3630666666666 1445.364 1445.9130333333333 1443.7127333333333 1447.4570651838226 1445.7997333333333 -1.0 1445.7997333333333 -1.0 1
292 0.0 nan 0.8 -1.0 -1.0 1448.6462666666666 1448.6473 1456.3789666666667 1448.0388666666668 1458.9404327929742 1456.2934666666667 1.0 1456.2934666666667 1.0 1
293 0.25 nan 0.8 1.0 1.0 1460.2962333333332 1460.2972333333332 1460.6817333333333 1459.5518333333334 1462.2404363333333 1460.589 1.0 1460.589 1.0 1
294 0.0 nan 0.8 1.0 1.0 1463.5129333333334 1463.5138666666667 1464.7941333333333 1462.8109333333334 1466.3629640586637 1464.6626333333334 -1.0 1464.6626333333334 -1.0 1
295 0.0 nan 0.8 -1.0 -1.0 1467.3903 1467.3911666666668 1467.7685 1466.9327666666666 1470.3237686666669 1467.6965333333333 1.0 1467.6965333333333 1.0 1
296 0.125 nan 0.8 1.0 1.0 1471.3959666666667 1471.3968 1471.8441 1470.8868666666667 1473.4125958994232 1471.655 -1.0 1471.655 -1.0 1
297 0.0625 nan 0.8 1.0 1.0 1474.4568 1474.4577666666667 1478.0065333333334 1473.9784 1479.5626331945107 1477.9358333333332 -1.0 1477.9358333333332 -1.0 1
298 0.0625 nan 0.8 -1.0 -1.0 1480.6233666666667 1480.6244333333334 1482.3707 1480.1431333333333 1484.929364903527 1482.1573333333333 1.0 1482.1573333333333 1.0 1
299 1.0 nan 0.8 1.0 1.0 1491.7065 1491.7076333333334 1492.1509 1485.5384666666666 1493.695900549777 1492.0842 -1.0 1492.0842 -1.0 1
300 0.25 nan 0.8 1.0 1.0 1494.8733 1494.8742666666667 1507.1081666666666 1494.3431 1508.662465763769 1495.2848666666666 -1.0 1506.7937 1.0 4
301 0.125 nan 0.8 1.0 1.0 1509.8064333333334 1509.8075 1510.3776 1509.3143666666667 1511.9457970659837 1510.2988 -1.0 1510.2988 -1.0 1
302 nan 0.0625 0.8 1.0 -1.0 1513.1232 1513.1241333333332 1520.9617666666666 1512.5157 1523.5290650383383 1515.1800666666666 1.0 1520.9230333333333 -1.0 3
303 0.125 nan 0.8 1.0 1.0 1524.8395666666668 1524.8407333333334 1525.4899666666668 1524.1629666666668 1527.0455686666667 1525.2984333333334 -1.0 1525.2984333333334 -1.0 1
304 nan 0.0 0.8 1.0 -1.0 1528.0895 1528.0903666666666 1529.6663666666666 1527.6112666666668 1532.2289982144755 1529.488 -1.0 1529.488 -1.0 1
305 nan 0.0 0.8 -1.0 1.0 1534.5728666666666 1534.5739666666666 1541.1438333333333 1532.8206 1542.7121646052353 1537.8190666666667 1.0 1541.0467333333333 1.0 2
306 1.0 nan 0.8 1.0 1.0 1544.0393 1544.0402333333334 1544.3196666666668 1543.3538666666666 1545.8953686666664 1544.2436666666667 -1.0 1544.2436666666667 -1.0 1
307 nan 0.0625 0.8 1.0 -1.0 1546.9561333333334 1546.9572333333333 1550.8075333333334 1546.4706666666666 1553.3621003593744 1550.7308333333333 -1.0 1550.7308333333333 -1.0 1
308 0.25 nan 0.8 1.0 1.0 1554.4392 1554.4401666666668 1554.7983 1553.955 1556.3621300012 1554.7188666666666 -1.0 1554.7188666666666 -1.0 1
309 0.25 nan 0.8 1.0 1.0 1557.5561 1557.5571333333332 1557.9166333333333 1556.9266333333333 1559.4785363333333 1557.8281333333334 -1.0 1557.8281333333334 -1.0 1
310 nan 1.0 0.8 -1.0 1.0 1560.6225666666667 1560.6234333333334 1564.7397666666666 1560.0599333333332 1566.2952667798918 1564.6590666666666 1.0 1564.6590666666666 1.0 1
311 nan 1.0 0.8 -1.0 1.0 1567.4724666666666 1567.4734333333333 1567.7864666666667 1566.8864666666666 1569.3450956002148 1567.7093333333332 1.0 1567.7093333333332 1.0 1
312 nan 0.0 0.8 -1.0 1.0 1570.5394 1570.5403666666666 1573.1445 1569.9293 1574.6891327066226 1573.0711 1.0 1573.0711 1.0 1
313 nan 1.0 0.2 -1.0 1.0 1575.9117666666666 1575.9126666666666 1576.3759333333333 1575.2702333333334 1577.9284363333334 1576.2968666666666 1.0 1576.2968666666666 1.0 1
314 nan 0.25 0.2 -1.0 1.0 1578.9890666666668 1578.9899666666668 1587.2995 1578.5012333333334 1588.8722991570562 1587.2255333333333 1.0 1587.2255333333333 1.0 1
315 nan 0.0625 0.2 -1.0 1.0 1590.2616 1590.2625333333333 1590.6236 1589.5067 1592.194902 1590.553 1.0 1590.553 1.0 1
316 nan 0.125 0.2 -1.0 1.0 1593.4889333333333 1593.4898666666666 1596.2998333333333 1592.7747 1597.8556328906539 1596.2324666666666 1.0 1596.2324666666666 1.0 1
317 0.125 nan 0.2 1.0 1.0 1598.9447 1598.9458 1599.3317333333334 1598.4408333333333 1600.9054634037939 1599.2464 -1.0 1599.2464 -1.0 1
318 nan 0.0 0.2 -1.0 1.0 1601.9783 1601.9791333333333 1605.5962666666667 1601.4756666666667 1607.144798719636 1605.5186666666666 1.0 1605.5186666666666 1.0 1
319 nan 0.125 0.2 -1.0 1.0 1608.4386666666667 1608.4397333333334 1612.9182333333333 1607.7636 1614.472332507135 1612.8135666666667 1.0 1612.8135666666667 1.0 1
320 nan 0.0625 0.2 -1.0 1.0 1615.6446666666666 1615.6456666666666 1619.7331666666666 1615.0938333333334 1621.2886656496312 1619.6599333333334 1.0 1619.6599333333334 1.0 1
321 nan 0.125 0.2 -1.0 1.0 1622.4111333333333 1622.4119666666666 1627.864 1621.9051666666667 1629.4052994548836 1627.7709333333332 1.0 1627.7709333333332 1.0 1
322 nan 1.0 0.2 -1.0 1.0 1630.4777666666666 1630.4789 1630.7772 1630.0253 1632.3219284799031 1630.6924333333334 1.0 1630.6924333333334 1.0 1
323 nan 1.0 0.2 -1.0 1.0 1633.5444333333332 1633.5455333333334 1637.7125333333333 1632.9163333333333 1639.277866758773 1637.6405333333332 1.0 1637.6405333333332 1.0 1
324 nan 0.0625 0.2 -1.0 1.0 1640.4216333333334 1640.4225 1640.8037666666667 1639.8858666666667 1642.3610686666666 1640.7199666666668 1.0 1640.7199666666668 1.0 1
325 0.25 nan 0.2 -1.0 -1.0 1643.7552 1643.7561333333333 1647.0894333333333 1642.9442666666666 1649.6608991731027 1646.9994 1.0 1646.9994 1.0 1
326 0.125 nan 0.2 -1.0 -1.0 1650.855 1650.8561 1653.4864333333333 1650.2833 1656.061032167617 1653.4013666666667 1.0 1653.4013666666667 1.0 1
327 0.25 nan 0.2 -1.0 -1.0 1657.9049666666667 1657.9060333333334 1658.0637 1656.6673333333333 1660.6215642630614 1657.9832 1.0 1657.9832 1.0 1
328 0.0625 nan 0.2 -1.0 -1.0 1661.8775666666668 1661.8786666666667 1667.7986333333333 1661.2234666666666 1670.3439008146265 1667.6995333333334 1.0 1667.6995333333334 1.0 1
329 nan 0.0625 0.2 -1.0 1.0 1671.438 1671.4389333333334 1677.2804666666666 1670.9838 1678.8214646076576 1677.1381333333334 1.0 1677.1381333333334 1.0 1
330 0.125 nan 0.2 1.0 1.0 1681.0107 1681.0115333333333 1681.3548666666666 1679.4650666666666 1682.9214696666666 1681.2691666666667 -1.0 1681.2691666666667 -1.0 1
331 0.0625 nan 0.2 1.0 1.0 1684.2104333333334 1684.2115 1684.6283 1683.5357666666666 1686.1938959493984 1684.5369666666666 -1.0 1684.5369666666666 -1.0 1
332 nan 0.0625 0.2 1.0 -1.0 1687.2545 1687.2558 1694.6587666666667 1686.7834 1697.2272648115497 1694.5163666666667 -1.0 1694.5163666666667 -1.0 1
333 0.125 nan 0.2 1.0 1.0 1698.3877333333332 1698.3887333333332 1702.7731 1697.8682666666666 1704.327100061177 1702.6729 -1.0 1702.6729 -1.0 1
334 nan 0.0 0.2 -1.0 1.0 1705.5375666666666 1705.5383333333334 1712.0206333333333 1704.9516 1713.5937340122941 1711.9306 1.0 1711.9306 1.0 1
335 nan 0.0 0.2 -1.0 1.0 1714.8209 1714.8219666666666 1715.4352333333334 1714.2405333333334 1716.9876626595244 1715.3651333333332 1.0 1715.3651333333332 1.0 1
336 nan 0.0 0.2 -1.0 1.0 1718.2935333333332 1718.2945666666667 1729.6927333333333 1717.5915666666667 1731.2602322049145 1729.5018 1.0 1729.5018 1.0 1
337 0.25 nan 0.2 1.0 1.0 1732.6042 1732.6051333333332 1732.9692333333332 1731.9332333333334 1734.5208363333331 1732.9001 -1.0 1732.9001 -1.0 1
338 nan 0.125 0.2 -1.0 1.0 1735.7100333333333 1735.7111 1740.5694666666666 1735.1112333333333 1742.1208975488312 1740.4736 1.0 1740.4736 1.0 1
339 nan 0.25 0.2 -1.0 1.0 1743.2098666666666 1743.2107333333333 1743.6813 1742.7451 1745.243502 1743.6030666666666 1.0 1743.6030666666666 1.0 1
340 nan 0.0625 0.2 -1.0 1.0 1746.3707666666667 1746.3717 1754.2252666666666 1745.8453 1755.7706645235567 1750.0558333333333 1.0 1754.1245 1.0 2
341 nan 0.0 0.2 -1.0 1.0 1756.9765 1756.9776333333334 1767.6217333333334 1756.4283666666668 1769.1705319751677 1767.5274 1.0 1767.5274 1.0 1
342 nan 0.0 0.2 -1.0 1.0 1770.4762 1770.4772 1772.6687333333334 1769.8464333333334 1774.2372654707385 1772.5689 1.0 1772.5689 1.0 1
343 nan 1.0 0.2 -1.0 1.0 1775.393 1775.3938 1777.2621666666666 1774.8695666666667 1778.8263696666666 1777.1725 1.0 1777.1725 1.0 1
344 nan 0.0625 0.2 -1.0 1.0 1780.4036333333333 1780.4044666666666 1783.2038 1779.7807666666668 1784.7536993234157 1783.1144666666667 1.0 1783.1144666666667 1.0 1
345 nan 0.25 0.2 -1.0 1.0 1786.0762333333332 1786.0770666666667 1786.5815333333333 1785.3702 1788.1430292299833 1786.4951666666666 1.0 1786.4951666666666 1.0 1
346 nan 0.0625 0.2 -1.0 1.0 1789.5202666666667 1789.5213666666666 1800.9867 1788.7645333333332 1802.542798761001 1795.3880666666666 1.0 1800.7341 1.0 3
347 nan 0.125 0.2 -1.0 1.0 1803.7866666666666 1803.7876 1808.0270333333333 1803.2464 1809.575932365188 1807.9306 1.0 1807.9306 1.0 1
348 1.0 nan 0.2 1.0 1.0 1810.8867666666667 1810.8878666666667 1811.2043333333334 1810.1946333333333 1812.7593622992567 1811.131 -1.0 1811.131 -1.0 1
349 nan 0.125 0.2 -1.0 1.0 1813.8199333333334 1813.8208666666667 1814.1724666666667 1813.3649666666668 1815.7258686666669 1814.1039666666666 1.0 1814.1039666666666 1.0 1
350 0.0625 nan 0.2 -1.0 -1.0 1816.9866666666667 1816.9875 1820.2808 1816.3351666666667 1822.8591000001022 1820.1926666666666 1.0 1820.1926666666666 1.0 1
351 nan 0.0625 0.2 -1.0 1.0 1824.0031666666666 1824.0041333333334 1824.3121333333333 1823.5043 1825.8924295221009 1824.2290333333333 1.0 1824.2290333333333 1.0 1
352 nan 0.125 0.2 -1.0 1.0 1827.2199666666668 1827.2211 1827.6097333333332 1826.5057333333334 1829.1758363333333 1827.5348666666666 1.0 1827.5348666666666 1.0 1
353 nan 0.0625 0.2 -1.0 1.0 1830.4697333333334 1830.4707333333333 1839.8248 1829.7869333333333 1841.3756982757284 1837.9631333333334 -1.0 1839.7434333333333 1.0 4
354 0.25 nan 0.2 1.0 1.0 1842.8029 1842.8040333333333 1843.0997 1842.0614 1844.653128857572 1843.0116333333333 -1.0 1843.0116333333333 -1.0 1
355 nan 0.25 0.2 -1.0 1.0 1845.7921666666666 1845.7933 1853.6306666666667 1845.2780333333333 1855.1863675778836 1853.5506333333333 1.0 1853.5506333333333 1.0 1
356 nan 0.0625 0.2 1.0 -1.0 1856.5589 1856.5598666666667 1894.8249 1855.8487666666667 1897.3749981353062 1871.5053333333333 -1.0 1894.7434 -1.0 4
357 nan 0.125 0.2 -1.0 1.0 1898.8856666666666 1898.8865333333333 1899.3815 1898.2592 1900.9193290706967 1899.271 1.0 1899.271 1.0 1
358 nan 1.0 0.2 -1.0 1.0 1902.2584 1902.2592 1909.3287666666668 1901.5347333333334 1910.8750673894153 1909.1778666666667 -1.0 1909.1778666666667 -1.0 1
359 nan 0.125 0.2 -1.0 1.0 1912.9192 1912.9201 1924.6683333333333 1911.5599666666667 1926.2187639384167 1924.5489 1.0 1924.5489 1.0 1
360 nan 0.25 0.2 -1.0 1.0 1927.4412333333332 1927.4423333333334 1928.6067666666668 1926.9462666666666 1930.1688686666666 1928.3429 1.0 1928.3429 1.0 1
361 nan 0.0625 0.2 1.0 -1.0 1933.6077333333333 1933.6086 1934.0572666666667 1930.7992666666667 1936.6187986005289 1933.9655333333333 -1.0 1933.9655333333333 -1.0 1
362 nan 0.25 0.2 1.0 -1.0 1937.9412666666667 1937.9425666666666 1948.9571333333333 1937.2797 1951.5018983262396 1948.8070333333333 1.0 1948.8070333333333 1.0 1
363 nan 0.125 0.2 -1.0 1.0 1952.6912333333332 1952.6921 1965.6625666666666 1952.1992 1967.2186666566429 1965.1521333333333 1.0 1965.4995 -1.0 3
364 0.25 nan 0.2 -1.0 -1.0 1968.5909666666666 1968.5919666666666 1973.6872666666666 1967.9288666666666 1976.2519995255436 1973.5901 1.0 1973.5901 1.0 1
365 nan 0.0 0.2 -1.0 1.0 1977.6410333333333 1977.6419333333333 1999.9201333333333 1976.9194 2001.4850311429218 1999.7591 1.0 1999.7591 1.0 1
366 nan 1.0 0.2 -1.0 1.0 2002.9739333333334 2002.975 2003.3160666666668 2002.2821333333334 2004.8741631540015 2003.2240333333334 1.0 2003.2240333333334 1.0 1
367 nan 0.0625 0.2 -1.0 1.0 2005.968 2005.9689666666666 2010.5851 2005.5035666666668 2012.1404989626099 2010.4851 1.0 2010.4851 1.0 1
368 nan 0.25 0.2 1.0 -1.0 2013.5346333333334 2013.5355666666667 2013.6102333333333 2012.8059 2016.1682300978573 2013.4882333333333 -1.0 2013.4882333333333 -1.0 1
369 1.0 nan 0.2 1.0 1.0 2017.3739666666668 2017.3748666666668 2017.7290333333333 2016.7947333333334 2019.2906353333333 2017.6346 -1.0 2017.6346 -1.0 1
370 nan 0.125 0.2 -1.0 1.0 2020.4512 2020.4521666666667 2020.8095333333333 2019.9092333333333 2022.3678618092008 2020.4837666666667 1.0 2020.5794 1.0 2
371 nan 0.0 0.2 -1.0 1.0 2023.6403 2023.6411333333333 2028.9832 2023.0046666666667 2030.5345979887147 2028.9027333333333 1.0 2028.9027333333333 1.0 1
372 nan 0.0625 0.2 -1.0 1.0 2032.0403333333334 2032.0414 2032.468 2031.5647 2034.023502 2032.3853333333334 1.0 2032.3853333333334 1.0 1
373 nan 1.0 0.2 -1.0 1.0 2035.2509666666667 2035.2520333333334 2035.6011333333333 2034.6593 2037.1568285966155 2035.5127666666667 1.0 2035.5127666666667 1.0 1
374 nan 0.125 0.2 -1.0 1.0 2038.3677333333333 2038.3686666666667 2043.5358666666666 2037.7894333333334 2045.084366901088 2043.4167666666667 1.0 2043.4167666666667 1.0 1
375 nan 0.25 0.2 -1.0 1.0 2046.2901333333334 2046.2912666666666 2046.7541666666666 2045.7443666666666 2048.306895272097 2046.679 1.0 2046.679 1.0 1
376 nan 1.0 0.2 -1.0 1.0 2049.6343 2049.6352666666667 2054.3699333333334 2048.9549 2055.934333397038 2054.2798 1.0 2054.2798 1.0 1
377 nan 0.0625 0.2 -1.0 1.0 2057.1734333333334 2057.1745 2057.660733333333 2056.6085333333335 2059.2401353333335 2057.571 1.0 2057.571 1.0 1
378 nan 0.125 0.2 -1.0 1.0 2060.3343666666665 2060.335466666667 2067.3835 2059.8749333333335 2068.934098260674 2067.300566666667 1.0 2067.300566666667 1.0 1
379 0.125 nan 0.2 -1.0 -1.0 2070.1397 2070.140766666667 2076.2633333333333 2069.6274 2078.8232640989713 2076.165233333333 1.0 2076.165233333333 1.0 1
380 nan 0.0625 0.2 -1.0 1.0 2080.0008 2080.0016333333333 2083.3186666666666 2079.4996666666666 2084.8672696666663 2083.2065666666667 1.0 2083.2065666666667 1.0 1
381 nan 0.0625 0.2 -1.0 1.0 2086.0232333333333 2086.0242333333335 2092.005633333333 2085.5463666666665 2093.5563301972843 2091.9308333333333 1.0 2091.9308333333333 1.0 1
382 nan 0.0625 0.2 -1.0 1.0 2094.716966666667 2094.717833333333 2101.1856666666667 2094.2249333333334 2102.75036620301 2101.0681666666665 1.0 2101.0681666666665 1.0 1
383 nan 1.0 0.2 -1.0 1.0 2104.1062 2104.1070666666665 2104.3982 2103.430766666667 2105.966995259956 2104.3173 1.0 2104.3173 1.0 1
384 nan 0.125 0.2 -1.0 1.0 2107.1395666666667 2107.1404 2114.1610333333333 2106.6098 2115.723033033069 2114.0680333333335 1.0 2114.0680333333335 1.0 1
385 nan 1.0 0.2 -1.0 1.0 2117.016866666667 2117.017966666667 2117.3443666666667 2116.3985333333335 2118.8896619212537 2117.2580666666668 1.0 2117.2580666666668 1.0 1
386 0.0625 nan 0.2 1.0 1.0 2120.1167666666665 2120.1176333333333 2122.094666666667 2119.5216666666665 2123.6560975262983 2122.0153 -1.0 2122.0153 -1.0 1
387 0.0 nan 0.2 -1.0 -1.0 2124.7835666666665 2124.7845666666667 2126.9589 2124.297 2129.505831619532 2126.863566666667 1.0 2126.863566666667 1.0 1
388 nan 0.0625 0.2 -1.0 1.0 2130.7334333333333 2130.7345333333333 2131.1952333333334 2130.158933333333 2132.7558353333334 2131.109066666667 1.0 2131.109066666667 1.0 1
389 nan 0.25 0.2 -1.0 1.0 2133.9836 2133.9845 2139.9322666666667 2133.399033333333 2141.4832670583123 2139.837 1.0 2139.837 1.0 1
390 nan 1.0 0.2 -1.0 1.0 2142.7725333333333 2142.7734 2143.1192 2142.1695666666665 2144.689095315374 2143.0398333333333 1.0 2143.0398333333333 1.0 1
391 nan 1.0 0.2 -1.0 1.0 2145.9666333333334 2145.9677333333334 2149.7921333333334 2145.3211 2151.3499330671934 2149.708666666667 1.0 2149.708666666667 1.0 1
392 nan 0.25 0.2 -1.0 1.0 2152.6391 2152.64 2159.8935666666666 2152.0048333333334 2161.455697516617 2159.8073666666664 1.0 2159.8073666666664 1.0 1
393 nan 1.0 0.2 -1.0 1.0 2162.6664333333333 2162.6676333333335 2163.0604 2162.1371 2164.616603 2162.965 1.0 2162.965 1.0 1
394 nan 0.125 0.2 -1.0 1.0 2165.7722 2165.7732 2166.2058 2165.257 2167.7664285242054 2166.1347666666666 1.0 2166.1347666666666 1.0 1
395 nan 0.125 0.2 -1.0 1.0 2168.9056666666665 2168.9065333333333 2179.6471666666666 2168.4106333333334 2181.2054984534857 2179.5470666666665 1.0 2179.5470666666665 1.0 1
396 nan 0.0625 0.2 -1.0 1.0 2182.5996 2182.600733333333 2191.0960333333333 2181.9244 2192.638464545254 2191.0201 1.0 2191.0201 1.0 1
397 nan 0.25 0.2 -1.0 1.0 2193.8494 2193.8503 2194.2157666666667 2193.3444666666664 2195.7827696666664 2194.1411 1.0 2194.1411 1.0 1
398 nan 0.125 0.2 -1.0 1.0 2197.0551666666665 2197.0562666666665 2203.7138 2196.4263666666666 2205.27223048673 2203.6315666666665 1.0 2203.6315666666665 1.0 1
399 nan 0.0625 0.2 -1.0 1.0 2206.4826 2206.4835 2206.928933333333 2205.9657333333334 2208.488636333333 2206.8524666666667 1.0 2206.8524666666667 1.0 1
400 nan 0.125 0.2 -1.0 1.0 2209.6826333333333 2209.6835 2216.9281666666666 2209.1421333333333 2218.48259737746 2216.8530333333333 1.0 2216.8530333333333 1.0 1
401 nan 0.125 0.2 -1.0 1.0 2220.5884333333333 2220.5894 2229.0632333333333 2219.1785 2230.621765736859 2228.9727666666668 1.0 2228.9727666666668 1.0 1
402 nan 0.25 0.2 -1.0 1.0 2232.0156666666667 2232.016633333333 2235.3876666666665 2231.338566666667 2236.9383994702907 2235.3085333333333 1.0 2235.3085333333333 1.0 1
403 nan 0.0625 0.2 -1.0 1.0 2238.299233333333 2238.3002666666666 2238.6896 2237.6016 2240.255002 2238.609933333333 1.0 2238.609933333333 1.0 1
404 nan 0.0 0.2 -1.0 1.0 2241.4656 2241.4665666666665 2246.360833333333 2240.8963 2247.915631876752 2246.270266666667 1.0 2246.270266666667 1.0 1
405 nan 0.0 0.2 -1.0 1.0 2249.5048666666667 2249.505833333333 2251.5289666666667 2248.9989333333333 2253.0881639433564 2251.4377666666664 1.0 2251.4377666666664 1.0 1
406 0.0 nan 0.8 -1.0 -1.0 2254.5987666666665 2254.5997666666667 2265.0037 2253.763266666667 2267.5714319183803 2264.9066666666668 1.0 2264.9066666666668 1.0 1
407 0.0625 nan 0.8 1.0 1.0 2268.865366666667 2268.8663333333334 2269.4072666666666 2268.3169333333335 2270.9653627265707 2269.2995 -1.0 2269.2995 -1.0 1
408 nan 0.25 0.8 -1.0 1.0 2272.3879 2272.388966666667 2272.798566666667 2271.6617666666666 2274.3545686666666 2272.7208666666666 1.0 2272.7208666666666 1.0 1
409 nan 0.125 0.8 1.0 -1.0 2275.4819 2275.4829666666665 2284.5715333333333 2275.0182666666665 2287.1487325525454 2284.3107 1.0 2284.3107 1.0 1
410 1.0 nan 0.8 1.0 1.0 2288.454333333333 2288.4551666666666 2288.7663666666667 2287.8780333333334 2290.3154624241383 2288.686133333333 -1.0 2288.686133333333 -1.0 1
411 nan 0.125 0.8 -1.0 1.0 2291.5209666666665 2291.5218333333332 2291.9315666666666 2290.9920666666667 2293.481769666667 2291.8323 1.0 2291.8323 1.0 1
412 0.0 nan 0.8 -1.0 -1.0 2294.821 2294.822133333333 2319.5662666666667 2294.1385666666665 2322.1209304338836 2319.4248666666667 1.0 2319.4248666666667 1.0 1
413 1.0 nan 0.8 1.0 1.0 2323.5482333333334 2323.549233333333 2329.7862666666665 2322.9684333333335 2331.3312670635673 2329.6936666666666 -1.0 2329.6936666666666 -1.0 1
414 0.0625 nan 0.8 1.0 1.0 2332.554 2332.554833333333 2333.0711 2332.0396666666666 2334.63739520199 2332.9401 -1.0 2332.9401 -1.0 1
415 nan 0.125 0.8 -1.0 1.0 2335.9813 2335.982466666667 2350.1941666666667 2335.3029 2351.7537984488663 2350.0914333333335 1.0 2350.0914333333335 1.0 1
416 nan 0.25 0.8 -1.0 1.0 2353.464466666667 2353.4656666666665 2373.6557 2352.5382 2375.2035984538397 2373.1626666666666 1.0 2373.1626666666666 1.0 1
417 1.0 nan 0.8 1.0 1.0 2377.1476333333335 2377.1484666666665 2377.718733333333 2376.0369 2379.2808306384986 2377.4261333333334 -1.0 2377.6289 -1.0 2
418 0.25 nan 0.8 1.0 1.0 2380.5034666666666 2380.5044333333335 2381.3195333333333 2379.9492333333333 2382.886762471365 2380.9362666666666 -1.0 2380.9362666666666 -1.0 1
419 0.25 nan 0.8 1.0 1.0 2384.047466666667 2384.0484333333334 2384.3857666666668 2383.5573666666664 2385.9476686666667 2384.234066666667 -1.0 2384.234066666667 -1.0 1
420 0.125 nan 0.8 1.0 1.0 2387.8867333333333 2387.8877333333335 2420.4319666666665 2386.6231666666667 2421.9804645489503 2420.1196666666665 -1.0 2420.1196666666665 -1.0 1
421 0.125 nan 0.8 1.0 1.0 2423.4196333333334 2423.420433333333 2435.624533333333 2422.908966666667 2437.18033204524 2435.5356333333334 -1.0 2435.5356333333334 -1.0 1
422 1.0 nan 0.8 1.0 1.0 2438.5528 2438.5536333333334 2438.871166666667 2437.9207333333334 2440.4303616559887 2438.764866666667 -1.0 2438.764866666667 -1.0 1
423 0.125 nan 0.8 1.0 1.0 2441.719433333333 2441.7203 2459.0194666666666 2441.0987666666665 2460.5634648057244 2458.7409333333335 -1.0 2458.883566666667 -1.0 2
424 0.125 nan 0.8 1.0 1.0 2461.9194 2461.9204666666665 2462.2411666666667 2461.3451666666665 2463.780094750803 2462.1530333333335 -1.0 2462.1530333333335 -1.0 1
425 0.0625 nan 0.8 1.0 1.0 2465.0191666666665 2465.0201 2468.4926 2464.4568 2470.0301316677896 2468.247966666667 -1.0 2468.4661 -1.0 2
426 0.25 nan 0.8 1.0 1.0 2471.2857 2471.2867333333334 2502.3554 2470.718733333333 2503.9129976213653 2502.1383666666666 -1.0 2502.2365666666665 -1.0 2
427 1.0 nan 0.8 1.0 1.0 2505.2856 2505.2868 2512.085633333333 2504.8086 2513.6522338548 2511.8051 -1.0 2511.8051 -1.0 1
428 nan 1.0 0.8 -1.0 1.0 2515.046066666667 2515.0470333333333 2515.4076666666665 2514.362633333333 2516.962762812039 2515.336 1.0 2515.336 1.0 1
429 0.0625 nan 0.8 1.0 1.0 2518.5186 2518.5196666666666 2542.2628 2517.6358666666665 2543.812698837696 2530.9292666666665 -1.0 2541.8978333333334 1.0 3
430 0.25 nan 0.8 -1.0 -1.0 2545.2518 2545.2528 2545.3488 2544.6562 2547.8959305681865 2545.245933333333 1.0 2545.245933333333 1.0 1
431 0.125 nan 0.8 -1.0 -1.0 2549.318366666667 2549.319433333333 2550.3847666666666 2548.5734333333335 2552.9350640994307 2549.8882 1.0 2549.8882 1.0 1
432 0.0625 nan 0.8 1.0 1.0 2557.7125333333333 2557.713366666667 2569.741433333333 2553.6275666666666 2571.3182641996245 2558.951633333333 -1.0 2569.5719 -1.0 7
433 0.125 nan 0.8 1.0 1.0 2572.6955 2572.6966 2599.9458 2572.145466666667 2601.5013315837846 2579.7114666666666 -1.0 2599.9052 -1.0 3
434 nan 0.25 0.8 -1.0 1.0 2602.9619666666667 2602.9630333333334 2610.5470666666665 2602.3624333333332 2612.095266310774 2610.462 1.0 2610.462 1.0 1
435 0.125 nan 0.8 1.0 1.0 2613.434333333333 2613.435266666667 2625.6021333333333 2612.835466666667 2627.167761811472 2617.2271 -1.0 2617.6882666666666 -1.0 2
436 0.25 nan 0.8 1.0 1.0 2628.8783 2628.8791666666666 2640.6505333333334 2628.3895666666667 2642.2009318505507 2640.4823 -1.0 2640.4823 -1.0 1
437 nan 1.0 0.8 -1.0 1.0 2643.6614666666665 2643.6624 2662.3187333333335 2642.962233333333 2663.8839325781546 2662.0651333333335 -1.0 2662.0651333333335 -1.0 1
438 1.0 nan 0.8 -1.0 -1.0 2665.611266666667 2665.6122666666665 2680.548766666667 2664.7002333333335 2683.111262992007 2680.445833333333 1.0 2680.445833333333 1.0 1
439 0.25 nan 0.8 1.0 1.0 2684.6171 2684.618066666667 2689.5958666666666 2683.929666666667 2691.1444989288284 2689.2950333333333 1.0 2689.4903 -1.0 2
440 0.125 nan 0.8 1.0 1.0 2692.4501333333333 2692.451 2696.8787333333335 2691.8767 2698.4276319801475 2696.5969 1.0 2696.5969 1.0 1
441 0.0625 nan 0.8 1.0 1.0 2700.0835666666667 2700.0846333333334 2712.435 2699.1603333333333 2714.000199713104 2712.216066666667 -1.0 2712.216066666667 -1.0 1
442 0.0625 nan 0.8 -1.0 -1.0 2715.2941333333333 2715.295166666667 2734.3167333333336 2714.7698 2736.877331487339 2734.194433333333 1.0 2734.194433333333 1.0 1
443 1.0 nan 0.8 1.0 1.0 2738.3331 2738.334 2738.6242333333334 2737.7111333333332 2740.1773624091966 2738.5261333333333 -1.0 2738.5261333333333 -1.0 1
444 nan 0.0625 0.8 1.0 -1.0 2741.4497333333334 2741.4506666666666 2758.4338666666667 2740.863766666667 2760.9936648181892 2758.3327 -1.0 2758.3327 -1.0 1
445 0.125 nan 0.8 1.0 1.0 2762.6328 2762.6338333333333 2772.179633333333 2761.7993666666666 2773.7269322723155 2771.6746 -1.0 2771.6746 -1.0 1
446 nan 1.0 0.2 -1.0 1.0 2775.015966666667 2775.017066666667 2775.4634333333333 2774.5006333333336 2777.0100353333337 2775.3569666666667 1.0 2775.3569666666667 1.0 1
447 nan 0.25 0.2 -1.0 1.0 2778.2828 2778.283733333333 2792.3558333333335 2777.7036333333335 2793.9099315731814 2792.2260666666666 1.0 2792.2260666666666 1.0 1
448 0.125 nan 0.2 1.0 1.0 2795.216066666667 2795.2173 2811.203233333333 2794.7199333333333 2812.765632002534 2798.1858333333334 1.0 2811.0753666666665 -1.0 2
449 1.0 nan 0.2 1.0 1.0 2814.1931666666665 2814.1941333333334 2822.8098 2813.5825333333332 2824.3599985793685 2822.698033333333 -1.0 2822.698033333333 -1.0 1
450 nan 0.125 0.2 1.0 -1.0 2825.5821666666666 2825.5830333333333 2827.713366666667 2825.1254 2830.259632172437 2827.562 -1.0 2827.562 -1.0 1
451 nan 0.0625 0.2 1.0 -1.0 2831.5988666666667 2831.6 2835.951633333333 2830.9919333333332 2838.5096656983173 2835.825333333333 -1.0 2835.825333333333 -1.0 1
452 nan 0.25 0.2 -1.0 1.0 2839.8153 2839.8162666666667 2844.8025 2839.2445666666667 2846.382029040052 2844.4620333333332 -1.0 2844.4620333333332 -1.0 1
453 nan 1.0 0.2 -1.0 1.0 2847.642733333333 2847.6439 2851.7975333333334 2847.1260333333335 2853.3654651563947 2851.6106666666665 -1.0 2851.6106666666665 -1.0 1
454 nan 0.125 0.2 -1.0 1.0 2855.475933333333 2855.476833333333 2860.2104 2854.0998666666665 2861.759400045607 2860.0724 1.0 2860.0724 1.0 1
455 nan 0.125 0.2 1.0 -1.0 2862.9986 2862.9994333333334 2874.8307 2862.5043 2877.375897973388 2874.3385 1.0 2874.5281333333332 -1.0 2
456 nan 0.0 0.2 -1.0 1.0 2878.7485333333334 2878.7496666666666 2892.3209666666667 2878.163 2893.881566446041 2880.5825666666665 -1.0 2891.9709666666668 1.0 2
457 nan 0.0625 0.2 1.0 -1.0 2895.1757666666667 2895.1765333333333 2904.6541333333334 2894.6794666666665 2907.2090324560854 2904.3169666666668 -1.0 2904.3169666666668 -1.0 1
458 nan 0.125 0.2 -1.0 1.0 2908.6148333333335 2908.615766666667 2913.7743666666665 2907.9827333333333 2915.3421968783896 2913.6166 1.0 2913.6166 1.0 1
459 nan 1.0 0.2 -1.0 1.0 2917.2147333333332 2917.2157 2929.172666666667 2916.0863 2930.73116523276 2929.050133333333 1.0 2929.050133333333 1.0 1
460 nan 1.0 0.2 -1.0 1.0 2932.0918333333334 2932.0929333333333 2952.9296 2931.5264666666667 2954.4917971855616 2952.8533333333335 1.0 2952.8533333333335 1.0 1
461 0.0625 nan 0.2 -1.0 -1.0 2955.9807 2955.9817666666668 2970.3206666666665 2955.3521 2972.874897449951 2970.110166666667 -1.0 2970.110166666667 -1.0 1
462 nan 0.0625 0.2 1.0 -1.0 2974.380833333333 2974.381966666667 2988.0255 2973.7102 2990.5806973744334 2987.2044333333333 -1.0 2987.9587333333334 -1.0 3
463 nan 0.25 0.2 1.0 -1.0 2991.9413 2991.9421333333335 2998.422433333333 2991.3989 3000.9746328703413 2998.1773333333335 -1.0 2998.1773333333335 -1.0 1
464 0.25 nan 0.2 1.0 1.0 3002.4805333333334 3002.4814 3038.7235333333333 3001.7386333333334 3040.2740628223055 3014.747533333333 -1.0 3038.156 1.0 5
465 nan 0.25 0.2 -1.0 1.0 3041.8301 3041.831133333333 3042.1779666666666 3041.2640666666666 3043.724168666667 3042.0992333333334 1.0 3042.0992333333334 1.0 1
466 nan 0.125 0.2 1.0 -1.0 3045.0965666666666 3045.0974333333334 3056.5803666666666 3044.455966666667 3059.146564522438 3056.3923 -1.0 3056.3923 -1.0 1
467 nan 0.0625 0.2 1.0 -1.0 3060.4407666666666 3060.4416666666666 3080.9045 3059.9432666666667 3083.479697182898 3072.5751 1.0 3080.7980333333335 -1.0 6
468 nan 0.0625 0.2 1.0 -1.0 3084.9571333333333 3084.9581333333335 3090.669766666667 3084.3619 3093.2237311991694 3090.3276666666666 1.0 3090.3276666666666 1.0 1
469 nan 0.125 0.2 1.0 -1.0 3095.1460333333334 3095.147066666667 3103.1806666666666 3094.478433333333 3105.723497653402 3102.7997333333333 -1.0 3103.0183 -1.0 2
470 nan 1.0 0.2 -1.0 1.0 3107.1295333333333 3107.130633333333 3107.512133333333 3106.5078 3109.056827981327 3107.3865333333333 1.0 3107.3865333333333 1.0 1
471 nan 0.0625 0.2 1.0 -1.0 3110.5628 3110.5636 3146.385 3109.7781333333332 3148.939730231145 3119.8017 -1.0 3146.248666666667 1.0 2
472 nan 0.0625 0.2 1.0 -1.0 3152.3455 3152.3466333333336 3166.7458666666666 3149.964933333333 3169.295562976062 3166.5151666666666 -1.0 3166.5151666666666 -1.0 1
473 0.125 nan 0.8 1.0 1.0 3170.9061 3170.907166666667 3181.9001333333335 3170.157366666667 3183.461932502152 3181.6433666666667 1.0 3181.6433666666667 1.0 1
474 0.0625 nan 0.8 1.0 1.0 3184.8892666666666 3184.8904 3189.302866666667 3184.273133333333 3190.878665204506 3189.1243666666664 -1.0 3189.1243666666664 -1.0 1
475 0.0 nan 0.8 1.0 1.0 3192.3225666666667 3192.3233333333333 3200.2365 3191.6442666666667 3201.778530470945 3200.0751 -1.0 3200.0751 -1.0 1
476 0.125 nan 0.8 1.0 1.0 3203.255833333333 3203.256933333333 3246.279466666667 3202.5758333333333 3247.8445633797637 3245.9736666666668 -1.0 3245.9736666666668 -1.0 1
477 0.25 nan 0.8 1.0 1.0 3249.6221 3249.6232333333332 3257.5021333333334 3248.8894666666665 3259.038731576588 3257.3832666666667 -1.0 3257.3832666666667 -1.0 1
478 nan 0.0625 0.8 1.0 -1.0 3260.2945666666665 3260.295833333333 3267.8861 3259.818533333333 3270.4384973433766 3267.6579333333334 -1.0 3267.6579333333334 -1.0 1
479 0.0625 nan 0.8 1.0 1.0 3271.7444666666665 3271.7454 3279.109033333333 3271.236 3280.677563669919 3278.9187333333334 1.0 3278.9187333333334 1.0 1
480 0.125 nan 0.8 1.0 1.0 3281.9715666666666 3281.9726666666666 3286.9539 3281.4551666666666 3288.5108986384453 3286.8072666666667 -1.0 3286.8072666666667 -1.0 1
481 nan 1.0 0.8 1.0 -1.0 3289.755166666667 3289.7562666666668 3307.106133333333 3289.2767 3309.677298887302 3306.839933333333 -1.0 3306.839933333333 -1.0 1
482 nan 0.0625 0.8 1.0 -1.0 3311.138033333333 3311.1391 3319.416366666667 3310.5523 3321.9712652717917 3319.3359666666665 -1.0 3319.3359666666665 -1.0 1
483 nan 0.125 0.8 1.0 -1.0 3323.5939 3323.595 3325.4936666666667 3322.7771666666667 3328.0380987750464 3325.0986333333335 1.0 3325.0986333333335 1.0 1
484 0.0625 nan 0.8 1.0 1.0 3329.4772 3329.477966666667 3356.431466666667 3328.8017 3358.0043635195143 3356.0105 1.0 3356.0734333333335 -1.0 2
485 0.0625 nan 0.8 1.0 1.0 3365.9101333333333 3365.911 3399.3158 3358.9349666666667 3400.8597960317898 3399.118 -1.0 3399.2259 -1.0 2
486 1.0 nan 0.8 1.0 1.0 3402.5871333333334 3402.5880666666667 3412.8333666666667 3401.9603 3414.4096656337483 3412.7574666666665 -1.0 3412.7574666666665 -1.0 1
487 0.25 nan 0.8 1.0 1.0 3415.703933333333 3415.7049666666667 3438.2657 3415.2112666666667 3439.8092982947546 3438.121633333333 -1.0 3438.121633333333 -1.0 1
488 0.125 nan 0.8 1.0 1.0 3441.3369333333335 3441.3377666666665 3444.5783333333334 3440.7091 3446.120131228121 3444.3939333333333 -1.0 3444.4611333333332 -1.0 2
489 nan 0.125 0.8 -1.0 1.0 3447.609266666667 3447.6104 3460.7085333333334 3446.8801333333336 3462.275830140844 3460.2224666666666 1.0 3460.386 1.0 2
490 0.0 nan 0.8 1.0 1.0 3463.5864333333334 3463.587266666667 3471.0196666666666 3463.1190333333334 3472.592397883459 3470.9019333333335 -1.0 3470.9019333333335 -1.0 1
491 0.0625 nan 0.8 1.0 1.0 3474.003133333333 3474.0042 3499.542733333333 3473.3799 3501.108530982675 3499.1896 -1.0 3499.4429333333333 -1.0 3
492 1.0 nan 0.8 1.0 1.0 3504.8026666666665 3504.8036333333334 3528.5308 3502.043833333333 3530.0858965175894 3528.4151333333334 -1.0 3528.4151333333334 -1.0 1
493 0.0625 nan 0.8 1.0 1.0 3531.7751333333335 3531.7761 3561.1848666666665 3531.0397 3562.7415636932196 3560.8923 1.0 3560.8923 1.0 1
494 0.25 nan 0.8 -1.0 -1.0 3564.5354666666667 3564.5365333333334 3578.6671333333334 3563.7166666666667 3581.22446494409 3578.5617333333334 1.0 3578.5617333333334 1.0 1
495 1.0 nan 0.8 1.0 1.0 3582.5853666666667 3582.5864333333334 3602.9084 3582.0922666666665 3604.457696887307 3602.7132666666666 -1.0 3602.7132666666666 -1.0 1
496 1.0 nan 0.8 1.0 1.0 3606.0684666666666 3606.069266666667 3618.9254666666666 3605.3495 3620.4683977358713 3618.8031666666666 -1.0 3618.8031666666666 -1.0 1
497 0.0625 nan 0.8 1.0 1.0 3622.974166666667 3622.9751333333334 3629.2094333333334 3621.3085 3630.751562170764 3628.8144333333335 1.0 3629.0770333333335 -1.0 3
