KS096 a2701b93-d8e1-47e9-a819-f1063046f3e7 cortexlab 2026-07-28T16:01:20.797097 _iblrig_tasks_ephysChoiceWorld6.5.3 M 234 515
0 1.0 nan 0.5 1.0 1.0 80.1695097982388 80.07111858178997 80.9836371197088 73.26852586080658 82.55326285908255 80.29079897054821 -1.0 80.89374514451825 -1.0 2
1 nan 0.125 0.5 -1.0 1.0 85.42540726200386 85.42644050309801 85.74851175125016 83.22177065105697 87.31983915205521 85.63075559687559 1.0 85.63075559687559 1.0 1
2 0.125 nan 0.5 1.0 1.0 90.7086689495848 90.7097688513947 91.01800800102846 87.96114755882347 92.5588033466736 90.88228678375893 -1.0 90.88228678375893 -1.0 1
3 1.0 nan 0.5 1.0 1.0 94.35324359221067 94.35441015473633 94.59735513329174 93.24320935352088 96.15285176349636 94.49429766674032 -1.0 94.49429766674032 -1.0 1
4 0.25 nan 0.5 1.0 1.0 97.34217676506515 97.34307668472779 98.39298295780995 96.79755871737746 99.95310815889353 97.51929428681622 -1.0 98.33048853679315 -1.0 2
5 1.0 nan 0.5 1.0 1.0 101.5419351788253 101.54303508063519 101.9570647861662 100.64411532872961 103.50868338571617 101.69992107515576 -1.0 101.69992107515576 -1.0 1
6 nan 0.125 0.5 -1.0 1.0 105.5365119095031 105.53734516844999 105.91671130179034 104.20499744272979 107.48634206759816 105.7688245038962 1.0 105.7688245038962 1.0 1
7 nan 0.0625 0.5 -1.0 1.0 108.57530729773951 108.57634053883365 109.91575430042349 108.10674912672398 111.46978027159756 108.72356072957028 -1.0 109.80796392305372 1.0 5
8 0.0625 nan 0.5 -1.0 -1.0 112.65857611072435 112.65967601253425 113.50866688834215 112.18878471646742 116.05874282069617 112.87402354403238 -1.0 113.1756299524489 1.0 2
9 nan 0.0625 0.5 -1.0 1.0 117.30296149854533 117.30399473963946 119.86419951913979 116.68594991355177 121.40872717436535 117.2977952930746 -1.0 119.72377872140979 1.0 6
10 0.25 nan 0.5 1.0 1.0 122.83623420055132 122.83730077200333 123.25156379003947 122.07213574625264 124.80859079042659 123.00648566858001 -1.0 123.00648566858001 -1.0 1
11 nan 1.0 0.5 -1.0 1.0 125.91972559869893 125.92062551836158 126.17060320242877 125.44670115972808 127.72533498107204 126.07721153966126 1.0 126.07721153966126 1.0 1
12 nan 0.0 0.5 1.0 -1.0 128.95302147788587 128.9539213975485 130.06592212735296 128.35264174147224 132.6188950725503 129.0892759808814 1.0 129.6127292513181 -1.0 2
13 0.0 nan 0.5 1.0 1.0 133.87518206824228 133.87624863969432 134.2037194058223 133.2883011267683 135.75864139844822 134.05189962569884 -1.0 134.05189962569884 -1.0 1
14 nan 0.25 0.5 -1.0 1.0 137.11959243421342 137.1205590145918 137.40016738681044 136.47005041993327 138.9585961610337 137.27284541972554 1.0 137.27284541972554 1.0 1
15 nan 1.0 0.5 -1.0 1.0 140.20238389484567 140.20321715379254 140.53682070576966 139.6015042030639 142.10282043697921 140.38810064892863 1.0 140.38810064892863 1.0 1
16 nan 0.25 0.5 -1.0 1.0 143.425029537124 143.4258627960709 143.9364505483676 142.7501231205005 145.47527737535282 143.80476230440098 1.0 143.80476230440098 1.0 1
17 0.0625 nan 0.5 -1.0 -1.0 146.73533402061526 146.73620060992002 147.45686960790675 146.12898815014188 150.0086432850918 147.23218966546716 1.0 147.32044845312183 1.0 2
18 nan 0.0 0.5 -1.0 1.0 152.51948432635106 152.52048423708735 152.80279236829386 150.65145108885383 154.36961709209282 152.63250756990732 1.0 152.63250756990732 1.0 1
19 nan 1.0 0.5 -1.0 1.0 155.57511154531466 155.57647808998757 155.83452172066063 155.0322266762365 157.3859481028723 155.7251981468286 1.0 155.7251981468286 1.0 1
20 nan 0.0 0.5 -1.0 1.0 158.65836963095714 158.65946953276705 158.9206795474383 158.1083520652936 160.47510251039273 158.7725927673969 1.0 158.7725927673969 1.0 1
21 nan 0.25 0.5 -1.0 1.0 162.05266661629497 162.05346654488397 162.44513158028045 161.14581423921499 163.991733644025 162.2518488349597 1.0 162.2518488349597 1.0 1
22 nan 0.0625 0.5 -1.0 1.0 165.11979280872566 165.12079271946192 165.66837716900054 164.6403356106848 167.21989880682793 165.4063005650245 1.0 165.4063005650245 1.0 1
23 0.25 nan 0.5 1.0 1.0 170.54157546363768 170.54244205294245 170.85764724737223 167.8853125927398 172.41927468397844 170.74882362890833 -1.0 170.74882362890833 -1.0 1
24 nan 0.25 0.5 -1.0 1.0 173.54174096709625 173.5427408778325 174.1357879355135 173.0872815374621 175.67512015576196 173.9908675394703 1.0 173.9908675394703 1.0 1
25 1.0 nan 0.5 1.0 1.0 177.31890377335134 177.31973703229824 177.6423415661764 176.31032714403497 179.19176599371912 177.50638703640175 -1.0 177.50638703640175 -1.0 1
26 0.0 nan 0.5 1.0 1.0 180.6192091494799 180.62007573878466 181.24338676141673 179.9029730890906 182.80251649422425 181.05150389112674 -1.0 181.05150389112674 -1.0 1
27 nan 0.0625 0.5 -1.0 1.0 184.04150363543323 184.04237022473802 185.1317396415449 183.43422451493936 186.67507024229837 184.29611423924513 -1.0 184.863196948141 1.0 2
28 nan 0.125 0.5 -1.0 1.0 187.8861604163865 187.88702700569127 188.4689083934839 187.32467720761372 190.01940663809194 188.31175575610033 1.0 188.31175575610033 1.0 1
29 nan 1.0 0.5 -1.0 1.0 191.39154748452376 191.3927140470494 191.6264265164733 190.67641132594437 193.17495278369347 191.51406988007454 1.0 191.51406988007454 1.0 1
30 1.0 nan 0.5 1.0 1.0 194.48577125790732 194.48667117756997 194.96649500954746 193.83956227941474 196.5193223923761 194.75761365674092 -1.0 194.75761365674092 -1.0 1
31 nan 0.125 0.5 -1.0 1.0 197.59152733511587 197.59232726370487 198.04512017544522 197.1420341288052 199.60254781630522 197.9357966016132 1.0 197.9357966016132 1.0 1
32 nan 1.0 0.5 -1.0 1.0 200.94169492662635 200.94266150700474 201.37868924873365 200.32215023443425 202.9248118667162 201.12791163607747 1.0 201.12791163607747 1.0 1
33 nan 0.0625 0.5 -1.0 1.0 204.16907347972304 204.17000672974356 204.67892796414645 203.58832532409815 206.23535908330285 204.4372495391903 1.0 204.4372495391903 1.0 1
34 nan 1.0 0.5 -1.0 1.0 207.3415236030407 207.3426235048506 207.83067993522337 206.87986481610542 209.37490901741376 207.50147599048583 1.0 207.50147599048583 1.0 1
35 1.0 nan 0.5 1.0 1.0 210.80221466126676 210.80328123271877 211.22391034910916 210.01901791190534 212.77494269240972 211.05545872040574 -1.0 211.05545872040574 -1.0 1
36 nan 0.0 0.5 1.0 -1.0 214.01916081234836 214.02026071415827 214.50695059985813 213.4262470760989 217.0692183917953 214.37739549879558 -1.0 214.37739549879558 -1.0 1
37 nan 0.125 0.5 -1.0 1.0 218.95805324235837 218.95891983166314 219.22652927504652 218.0406351418318 220.77485739583565 219.14263676427356 1.0 219.14263676427356 1.0 1
38 nan 0.125 0.5 -1.0 1.0 222.23606060906812 222.23689386801502 222.5058698560713 221.48846068191787 224.04149925909564 222.409478461095 1.0 222.409478461095 1.0 1
39 0.0625 nan 0.5 -1.0 -1.0 225.3021202300468 225.30322013185668 225.7919098390291 224.70600677944125 228.35237996280765 225.44067452773575 1.0 225.71005048008655 1.0 2
40 0.125 nan 0.5 1.0 1.0 229.49144624179186 229.49254614360177 230.42769599451816 228.9862913378289 231.9859250310238 229.72435878262672 -1.0 230.4114641102327 -1.0 2
41 0.0625 nan 0.5 1.0 1.0 233.70810314699497 233.70920304880485 234.06633783344216 232.65893014178607 235.60816927677553 233.90351903521974 -1.0 233.90351903521974 -1.0 1
42 nan 0.0625 0.5 1.0 -1.0 236.9352817179444 236.93618163760704 237.68918108273314 236.25637565837582 240.22495170338078 237.1387302224172 -1.0 237.6313862421768 -1.0 2
43 0.25 nan 0.5 1.0 1.0 241.5857665612566 241.58683313270862 241.8310779952212 240.87976292073515 243.38569921747543 241.71995458206388 -1.0 241.71995458206388 -1.0 1
44 0.0625 nan 0.5 1.0 1.0 244.60796343127095 244.6088300205757 244.99249577008203 244.11450748292233 246.55812862386443 244.86014091895794 -1.0 244.86014091895794 -1.0 1
45 nan 1.0 0.5 -1.0 1.0 248.00222708625088 248.00312700591354 248.33396413818699 247.21703051541692 249.90178857966723 248.17607823293014 1.0 248.17607823293014 1.0 1
46 1.0 nan 0.5 1.0 1.0 251.29130013177536 251.29213339072226 251.60350559399632 250.54570002609765 253.16933377208204 251.4101895183177 1.0 251.4101895183177 1.0 1
47 0.25 nan 0.5 1.0 1.0 254.39122339635566 254.3921233160183 255.7452691850529 253.84633870580495 257.319293249165 254.64963366096538 -1.0 255.53448800184745 -1.0 2
48 1.0 nan 0.5 1.0 1.0 259.5080666070636 259.50909984815775 259.81453924772995 257.9970015024143 261.3858347939634 259.6929834325576 -1.0 259.6929834325576 -1.0 1
49 0.125 nan 0.5 1.0 1.0 262.77464166102203 262.77540825925314 266.0470161972508 262.0475399039653 267.6081258513984 265.9182610247773 -1.0 265.9182610247773 -1.0 1
50 0.125 nan 0.5 1.0 1.0 268.91919312646695 268.92005971577174 269.42074835177937 268.4337364640085 270.985877399363 269.11857532727896 -1.0 269.11857532727896 -1.0 1
51 nan 0.125 0.5 -1.0 1.0 272.14133881337716 272.1424053848292 272.46640979373814 271.6226851144746 274.03563374406116 272.34692046075406 1.0 272.34692046075406 1.0 1
52 0.25 nan 0.5 1.0 1.0 275.39131534911354 275.3923819205656 275.6868556323967 274.6829452531829 277.2412834785406 275.5769321121229 -1.0 275.5769321121229 -1.0 1
53 nan 0.25 0.5 -1.0 1.0 278.4525087378424 278.4533753271471 278.74518261034825 277.9031911096942 280.29111696378345 278.6164274378747 1.0 278.6164274378747 1.0 1
54 0.125 nan 0.5 1.0 1.0 281.6021608963731 281.6030274856779 281.89103510808116 280.92552130114007 283.45246286374606 281.7862444629202 -1.0 281.7862444629202 -1.0 1
55 0.25 nan 0.5 1.0 1.0 284.64115626675675 284.64202285606154 284.8972000759573 284.0927718886291 286.4580165783347 284.7967090469623 -1.0 284.7967090469623 -1.0 1
56 nan 0.25 0.5 -1.0 1.0 289.5523511693721 289.55331774975053 289.90665287359 287.19582820684974 291.4688808843429 289.7876968263319 1.0 289.7876968263319 1.0 1
57 0.0 nan 0.5 1.0 1.0 292.8412575631072 292.84232413455925 293.151896498508 292.13988684233044 294.7078236776988 292.99841020049075 -1.0 292.99841020049075 -1.0 1
58 nan 0.0625 0.5 1.0 -1.0 295.96887835508215 295.9703115604708 296.9539570820962 295.37153168123524 299.5187913717717 296.7665404797616 -1.0 296.7665404797616 -1.0 1
59 nan 0.25 0.5 -1.0 1.0 300.8078797025389 300.8089462739909 301.4777199047653 300.2156992341627 303.02454671250973 300.9450341251971 -1.0 301.27083837343133 1.0 2
60 0.0625 nan 0.5 -1.0 -1.0 304.16867967821173 304.1696462585901 305.0686660015693 303.68295637289026 307.62452157776215 304.4034920494455 -1.0 304.9006476675183 1.0 2
61 nan 0.125 0.5 -1.0 1.0 311.61878126164487 311.6199144938126 318.0255759828552 308.42903268258976 319.585679494219 317.88262207792667 1.0 317.88262207792667 1.0 1
62 0.0625 nan 0.5 -1.0 -1.0 321.8743990585429 321.8751989871319 329.91081496736615 320.49078924240996 332.4686808151715 329.8062909650682 1.0 329.8062909650682 1.0 1
63 0.0625 nan 0.5 -1.0 -1.0 333.6410152993745 333.64214853154226 334.24079508934636 333.17729003025096 336.7910349993987 333.968086101208 1.0 334.0941081843357 1.0 2
64 0.0 nan 0.5 -1.0 -1.0 338.18524296177924 338.186109551084 338.4421866906424 337.4608409637104 341.00159054034737 338.3415623402159 1.0 338.3415623402159 1.0 1
65 0.25 nan 0.5 1.0 1.0 342.3243401242057 342.32544002601566 343.05460826526064 341.67989765468053 344.6189596534918 342.51105678902496 1.0 342.51105678902496 1.0 1
66 nan 0.0625 0.5 1.0 -1.0 345.99101279410314 345.992112695913 352.46640139182153 345.3266721009262 355.02440380735703 352.26508603025275 -1.0 352.26508603025275 -1.0 1
67 nan 0.125 0.5 -1.0 1.0 356.4677108547902 356.4687107655265 356.91903723078406 355.7183110883147 358.48495367047747 356.796848138812 1.0 356.796848138812 1.0 1
68 0.0625 nan 0.5 1.0 1.0 359.9576659672311 359.95869920832524 360.95987649819324 359.2363636924447 362.51870330993796 360.7899250033854 -1.0 360.7899250033854 -1.0 1
69 0.125 nan 0.5 1.0 1.0 363.84095263296217 363.8420192044142 364.26721457983354 363.2052093868425 365.83514257817933 364.0927634867125 -1.0 364.0927634867125 -1.0 1
70 0.125 nan 0.5 1.0 1.0 367.22435059127463 367.22535050201094 367.515291285171 366.4913493608739 369.05768568281616 367.4015014433836 -1.0 367.4015014433836 -1.0 1
71 0.0 nan 0.5 -1.0 -1.0 370.4684609840249 370.4693275733297 371.3723136288961 369.73619302149746 373.9242801847069 370.73560380239803 -1.0 371.13840117732497 1.0 2
72 1.0 nan 0.5 1.0 1.0 375.1011474162315 375.1019806751784 375.53330883644685 374.6020919677598 377.0908089584547 375.3244941443561 -1.0 375.3244941443561 -1.0 1
73 nan 1.0 0.5 -1.0 1.0 378.23453436011897 378.23563426192885 378.52594167902555 377.73971186709747 380.0852656990372 378.40821885500884 1.0 378.40821885500884 1.0 1
74 nan 0.25 0.5 -1.0 1.0 381.27406301622864 381.2749296055334 381.6864928645816 380.7302782274878 383.23501056753855 381.5236407360013 1.0 381.5236407360013 1.0 1
75 nan 1.0 0.5 -1.0 1.0 384.59083358914773 384.5919334909576 384.93783594499087 384.0082189334818 386.5014598384866 384.79514868292534 1.0 384.79514868292534 1.0 1
76 0.125 nan 0.5 1.0 1.0 387.8408101248841 387.84224333027277 388.1659810963187 387.1839687622292 389.70760852088847 388.04869156695435 -1.0 388.04869156695435 -1.0 1
77 0.0625 nan 0.5 -1.0 -1.0 391.03429170402126 391.0352249540418 391.6532364497716 390.3723174662535 394.2075733479673 391.4520210792765 1.0 391.4520210792765 1.0 1
78 nan 0.0625 0.5 1.0 -1.0 395.3849366478844 395.3858698979049 396.4998704491819 394.8872810744434 399.0408416259412 395.8445956133471 -1.0 395.8445956133471 -1.0 1
79 nan 0.0625 0.5 -1.0 1.0 400.45101772354775 400.45185098249465 400.7063615952329 399.7243492611434 402.26848753891073 400.5512421096798 1.0 400.5512421096798 1.0 1
80 1.0 nan 0.5 1.0 1.0 403.55750706862955 403.5585069793658 404.0063003374248 402.9439951712129 405.557329583493 403.7689215286346 -1.0 403.7689215286346 -1.0 1
81 nan 0.25 0.5 -1.0 1.0 406.96826925075794 406.96916917042057 407.22984589936584 406.22243583257506 408.7741664851267 407.1296215132338 1.0 407.1296215132338 1.0 1
82 nan 0.125 0.5 -1.0 1.0 410.1517517225324 410.1528182939844 410.47808925649264 409.5391730751363 412.0240170282979 410.3487008072195 1.0 410.3487008072195 1.0 1
83 nan 0.25 0.5 -1.0 1.0 413.2180779863741 413.219177888184 413.5530480830241 412.6792260905989 415.1180715039983 413.42232641943593 1.0 413.42232641943593 1.0 1
84 nan 1.0 0.5 -1.0 1.0 416.52391620190997 416.52478279121476 416.89048347782614 415.7923815072558 418.4408115382081 416.7468296353822 1.0 416.7468296353822 1.0 1
85 0.25 nan 0.5 -1.0 -1.0 419.81815545290516 419.8190887029257 424.12877063695964 419.1205177322105 426.6851384561417 424.006748196777 1.0 424.006748196777 1.0 1
86 0.25 nan 0.5 1.0 1.0 427.90736664860344 427.9083998896976 428.6892635140077 427.3667482438608 430.24078995103076 428.063719357398 1.0 428.527044662227 -1.0 3
87 0.125 nan 0.5 1.0 1.0 431.5015791204792 431.5023790490682 431.8258168418933 430.92359738455804 433.3849416712332 431.7028278213322 -1.0 431.7028278213322 -1.0 1
88 nan 0.0 0.5 1.0 -1.0 434.707226280241 434.7080595391879 437.99103312922114 434.05235140870076 440.551726979176 435.1771843262873 -1.0 435.50772148533986 -1.0 2
89 0.125 nan 0.5 1.0 1.0 444.390461841341 444.3913617610036 444.6672038027823 441.3326348187576 446.21849751458274 444.58164477411555 -1.0 444.58164477411555 -1.0 1
90 nan 0.25 0.2 -1.0 1.0 447.57377766132606 447.5747109113466 447.94904416064776 446.90350416444727 449.507364793574 447.7680269870252 1.0 447.7680269870252 1.0 1
91 nan 0.125 0.2 -1.0 1.0 451.8683276128845 451.86932752362077 452.9390986899968 450.1745788167189 454.47382988444286 452.79914451727706 1.0 452.79914451727706 1.0 1
92 nan 0.0625 0.2 -1.0 1.0 455.68498689322223 455.6859868039585 458.79650912234325 455.1390356312195 460.35150240413844 458.60822593070384 1.0 458.60822593070384 1.0 1
93 nan 0.25 0.2 -1.0 1.0 461.57379452268754 461.5746277816344 462.00382279999883 461.02900982321046 463.54045068693927 461.82423883176494 1.0 461.82423883176494 1.0 1
94 nan 0.0 0.2 -1.0 1.0 464.68478346608254 464.68595002860815 470.34554478696276 464.20875929490285 471.8905733924642 470.17742646183814 1.0 470.17742646183814 1.0 1
95 1.0 nan 0.2 1.0 1.0 473.28481572658256 473.28591562839244 473.66151543129286 472.5529810587075 475.2348272215287 473.5734232954276 -1.0 473.5734232954276 -1.0 1
96 nan 0.25 0.2 -1.0 1.0 476.52365992278845 476.5245598424511 476.96765362004965 476.02063816172955 478.50708091500206 476.7457734276716 1.0 476.7457734276716 1.0 1
97 1.0 nan 0.2 1.0 1.0 479.7507051723064 479.75157176161116 480.2076977091391 479.1658907130207 481.75712626341453 479.9731519807683 -1.0 479.9731519807683 -1.0 1
98 nan 0.0625 0.2 -1.0 1.0 483.11830454098583 483.11920446064846 483.827341244074 482.42433315965746 485.40146784408773 483.4528413429835 1.0 483.78597826995036 1.0 2
99 nan 1.0 0.2 -1.0 1.0 486.7904433895749 486.79154329138476 487.14691156705464 486.0718742041343 488.70713393183166 486.9946918226367 1.0 486.9946918226367 1.0 1
100 nan 1.0 0.2 -1.0 1.0 490.318095136773 490.31919503858296 490.6726634838539 489.36764665159177 492.2346858817658 490.5693060440816 1.0 490.5693060440816 1.0 1
101 nan 0.0625 0.2 -1.0 1.0 493.6904607466287 493.6915273180807 495.1580297342503 492.9435940873517 496.7177554831226 494.99511094495426 1.0 494.99511094495426 1.0 1
102 0.25 nan 0.2 -1.0 -1.0 498.02370724368075 498.02450717226975 498.8448339403046 497.3859641760885 501.41810414636774 498.2857505172989 -1.0 498.5234959600257 1.0 2
103 nan 1.0 0.2 -1.0 1.0 502.82374540278084 502.8248119742329 503.16774802641515 502.1045096101828 504.72375852730426 503.0438257558336 1.0 503.0438257558336 1.0 1
104 0.125 nan 0.2 -1.0 -1.0 506.08422100124807 506.08515425126853 510.89685803562514 505.5132719708386 513.4678944256927 510.76520312201643 1.0 510.76520312201643 1.0 1
105 nan 0.25 0.2 -1.0 1.0 516.140223284829 516.1410898741337 516.448929059473 514.1224034190387 518.0179552664372 516.3431385035758 1.0 516.3431385035758 1.0 1
106 nan 0.125 0.2 -1.0 1.0 519.3403709355413 519.3414375069933 519.707571488257 518.6830629478761 521.2571007559856 519.5355201809031 1.0 519.5355201809031 1.0 1
107 nan 0.125 0.2 -1.0 1.0 522.6343102133156 522.6350768115467 523.1096344469798 521.9111081081303 524.6569322150826 522.8832213259308 1.0 522.8832213259308 1.0 1
108 nan 0.0625 0.2 -1.0 1.0 525.8511897036815 525.8520562929863 527.0862794451206 525.3361356834295 528.6513990221022 526.9573576208577 1.0 526.9573576208577 1.0 1
109 nan 1.0 0.2 -1.0 1.0 529.8903624531969 529.8913623639331 530.2185331568403 529.3569100753975 531.7848575859758 530.093444323733 1.0 530.093444323733 1.0 1
110 nan 0.25 0.2 -1.0 1.0 533.3068907872378 533.3080240194055 533.8826727195391 532.4428679200279 535.4514008347774 533.6922230546378 1.0 533.6922230546378 1.0 1
111 nan 1.0 0.2 -1.0 1.0 536.8567072224232 536.8576738028016 537.2343068467961 536.1262057688631 538.8009529364984 537.070621459269 1.0 537.070621459269 1.0 1
112 0.125 nan 0.2 -1.0 -1.0 540.5068813651721 540.50801459734 540.9803390987954 539.5801640947983 543.5403117551433 540.8043548092121 1.0 540.8043548092121 1.0 1
113 nan 1.0 0.2 -1.0 1.0 544.817929843879 544.8189964153311 545.0552419919535 544.2097174733647 546.6068681319757 544.9777155795348 1.0 544.9777155795348 1.0 1
114 nan 0.0625 0.2 -1.0 1.0 547.7674332033666 547.7683331230293 550.5561175861044 547.2427800400465 552.1175434622927 550.4719917628263 1.0 550.4719917628263 1.0 1
115 nan 0.125 0.2 -1.0 1.0 553.2568764847662 553.2579430562182 553.6870714138669 552.7941511263789 555.2509931425104 553.5290521871785 1.0 553.5290521871785 1.0 1
116 1.0 nan 0.2 1.0 1.0 556.5400833873045 556.5409499766093 556.9134167258694 555.9398036419645 558.4735424603189 556.7652299547544 -1.0 556.7652299547544 -1.0 1
117 nan 0.0625 0.2 -1.0 1.0 559.6178752942554 559.6189085353495 560.159860243671 559.1484505339351 561.7172880043673 559.8649199068295 1.0 559.8649199068295 1.0 1
118 nan 1.0 0.2 -1.0 1.0 562.940178706582 562.9412452780339 563.1879899173872 562.3821951853861 564.7402192450126 563.1020309244259 1.0 563.1020309244259 1.0 1
119 nan 0.125 0.2 -1.0 1.0 566.0342691585339 566.0352357389123 566.5393574017812 565.4138245466792 568.0902636189218 566.3821381036819 1.0 566.3821381036819 1.0 1
120 nan 0.25 0.2 -1.0 1.0 570.8174421565491 570.818542058359 571.3063985065844 568.9662740801368 572.8674269110352 571.0575873850429 1.0 571.0575873850429 1.0 1
121 nan 0.125 0.2 -1.0 1.0 574.6069038648602 574.6078704452386 581.1590522767661 573.537732644926 582.7068773637513 581.0365965419312 1.0 581.0365965419312 1.0 1
122 nan 0.0 0.2 -1.0 1.0 583.8841423366772 583.8851755777714 585.7032132784552 583.4045851475628 587.2569414912978 585.4075730040984 1.0 585.5925564903081 1.0 2
123 nan 0.25 0.2 -1.0 1.0 588.533393956748 588.534493858558 589.2434639009304 587.9187488271637 590.7901911410283 589.0604469058353 1.0 589.0604469058353 1.0 1
124 0.0625 nan 0.2 -1.0 -1.0 592.1336725537573 592.1344724823463 593.1491485671538 591.4798975840268 595.7065524518603 592.9830967242175 1.0 592.9830967242175 1.0 1
125 nan 0.25 0.2 -1.0 1.0 597.0177032147039 597.0188031165138 597.3761045529405 596.3924590313151 598.9342229415679 597.2295509693614 1.0 597.2295509693614 1.0 1
126 0.0625 nan 0.2 -1.0 -1.0 600.20665186517 600.2077850973378 603.5267888042346 599.6193376290437 606.073329646475 603.249046932057 -1.0 603.3526043539765 1.0 2
127 nan 0.0625 0.2 -1.0 1.0 607.4004096661818 607.401409576918 607.8038403179083 606.7346357676162 609.3564608431955 607.6678191274178 1.0 607.6678191274178 1.0 1
128 nan 0.125 0.2 -1.0 1.0 610.7844409012938 610.7854074816722 611.3565898245869 610.1232665921151 612.9065135820723 611.0743483540961 1.0 611.2422666970734 1.0 2
129 nan 0.0 0.2 -1.0 1.0 614.3342906668372 614.3353905686471 615.037527887655 613.5985230167328 616.600155100021 614.8699428482564 1.0 614.8699428482564 1.0 1
130 nan 1.0 0.2 -1.0 1.0 617.8232458685418 617.8244124310675 618.1641820992515 617.291260026489 619.71760629829 618.0519587842844 1.0 618.0519587842844 1.0 1
131 nan 0.0625 0.2 -1.0 1.0 621.0399253767604 621.0406919749915 621.6757352835958 620.391516594648 623.2232592352616 621.3809282681859 1.0 621.3809282681859 1.0 1
132 nan 0.125 0.2 -1.0 1.0 624.5843089636121 624.5853755350641 625.2403837280359 623.9299673777979 626.8003104631721 625.1239941183343 1.0 625.1239941183343 1.0 1
133 0.0625 nan 0.2 -1.0 -1.0 628.0065367888498 628.0076700210175 628.3983351456777 627.469718044905 630.9509723377346 628.2480818923744 1.0 628.2480818923744 1.0 1
134 0.25 nan 0.2 -1.0 -1.0 632.2565240519284 632.2573239805175 632.3696806169162 631.6246804576803 634.9335452456593 632.2655899092706 1.0 632.2655899092706 1.0 1
135 0.0625 nan 0.2 -1.0 -1.0 636.1898729151887 636.1909728169986 636.6649971667058 635.62785642069 639.2064987467774 636.3792560086381 1.0 636.5894039150438 1.0 2
136 nan 0.0625 0.2 1.0 -1.0 642.050016436881 642.0509830172593 642.4489808206522 639.9379049886605 644.9899738349629 642.2390995571094 -1.0 642.2390995571094 -1.0 1
137 nan 0.125 0.2 1.0 -1.0 646.4335251136094 646.4346250154193 646.7642955851671 645.7913824387776 649.3177323032572 646.608076197804 -1.0 646.608076197804 -1.0 1
138 nan 0.125 0.2 1.0 -1.0 650.5731222314041 650.5739888207089 651.0802769568396 650.0048396296247 653.6398032293023 650.9740197759321 -1.0 650.9740197759321 -1.0 1
139 nan 0.0625 0.2 -1.0 1.0 655.000193685876 655.001260257328 655.4521200083116 654.398314083358 657.0006474824916 655.3302642199183 1.0 655.3302642199183 1.0 1
140 nan 1.0 0.2 -1.0 1.0 658.3897577603955 658.3905576889845 658.7220614284155 657.6876537717454 660.2669867365427 658.5468437370633 1.0 658.5468437370633 1.0 1
141 nan 0.125 0.2 -1.0 1.0 661.456383997458 661.4572172564049 662.5283216370959 660.9690941653164 664.0841442530053 662.2907761765164 1.0 662.2907761765164 1.0 1
142 nan 1.0 0.2 -1.0 1.0 665.3230721449671 665.3242053771348 665.6030804814802 664.7870533296112 667.1399040097313 665.4704256571353 1.0 665.4704256571353 1.0 1
143 0.25 nan 0.2 -1.0 -1.0 668.3508018543888 668.3518684258407 669.0348741194281 667.8184160480414 671.5840494469257 668.6220443067806 -1.0 668.6220443067806 -1.0 1
144 nan 0.125 0.2 -1.0 1.0 672.806470755918 672.8075039970121 673.3188916778978 672.2578530652852 674.8665130175084 673.0246512785718 1.0 673.0246512785718 1.0 1
145 nan 1.0 0.2 -1.0 1.0 676.2563627781923 676.2571627067813 676.7072225291759 675.5467261286624 678.2564695079604 676.4927416762463 1.0 676.4927416762463 1.0 1
146 0.0 nan 0.2 -1.0 -1.0 680.5837764626161 680.5848097037102 681.1294944121137 679.0540796879143 683.684033309962 680.8797833709095 1.0 680.8797833709095 1.0 1
147 nan 1.0 0.2 -1.0 1.0 685.0397453373662 685.0408119088182 685.3590501658147 684.3650389028899 686.9228759526637 685.1815993404848 1.0 685.1815993404848 1.0 1
148 nan 0.125 0.2 -1.0 1.0 688.3337179454984 688.3347845169503 688.7874107769013 687.6020832597706 690.3396337647982 688.6570557472497 1.0 688.6570557472497 1.0 1
149 nan 0.0625 0.2 -1.0 1.0 692.2004060930074 692.2014393341016 693.2901754741088 691.0198448170528 694.8670927605216 692.9590050382566 1.0 693.1939840612797 1.0 2
150 nan 0.25 0.2 -1.0 1.0 696.2229803243007 696.2237469225319 696.5756155106249 695.6286000523047 698.1397390274177 696.4492267935605 1.0 696.4492267935605 1.0 1
151 0.25 nan 0.2 -1.0 -1.0 699.5507832456767 699.551749826055 700.0590712032799 698.8338472477719 702.6339027580236 699.80662707273 1.0 699.80662707273 1.0 1
152 nan 0.125 0.2 -1.0 1.0 703.8228018753111 703.8237351253317 704.1974350978331 703.3491108291828 705.7672554792997 703.9604562533375 1.0 703.9604562533375 1.0 1
153 nan 0.125 0.2 -1.0 1.0 706.9393569884714 706.9403902295655 707.2886591390079 706.4576666564528 708.850490225821 707.1319397962767 1.0 707.1319397962767 1.0 1
154 nan 0.0 0.2 -1.0 1.0 710.1896334974286 710.1907000688807 710.6012300868347 709.5071944199252 712.1563431146641 710.3462195187283 1.0 710.3462195187283 1.0 1
155 nan 0.25 0.2 -1.0 1.0 713.4503757387588 713.4513423191372 713.8043774697559 712.9372548792636 715.3670009858032 713.617560813863 1.0 713.617560813863 1.0 1
156 1.0 nan 0.2 1.0 1.0 716.6894865778278 716.6903531671325 716.9876266290252 716.0402112064106 718.5395470157746 716.8735368140169 -1.0 716.8735368140169 -1.0 1
157 nan 0.0625 0.2 -1.0 1.0 720.1331458231793 720.1340124124841 721.0353652805146 719.2730559381989 722.5999921135437 720.9608386003047 1.0 720.9608386003047 1.0 1
158 nan 0.0 0.2 -1.0 1.0 723.8895104861201 723.8903104147091 725.2243246583231 723.2892974014958 726.7832495455131 725.0282088325829 1.0 725.0282088325829 1.0 1
159 nan 0.25 0.2 -1.0 1.0 728.0229081573499 728.0240080591598 728.3564783789691 727.461458278935 729.9163007421605 728.2316895190828 1.0 728.2316895190828 1.0 1
160 0.125 nan 0.2 -1.0 -1.0 731.2228558259148 731.2239557277248 731.7932715705983 730.6013113122502 734.3394749932097 731.3761421417848 1.0 731.6604834248218 1.0 2
161 nan 0.125 0.2 -1.0 1.0 735.6995228529057 735.7009227279365 736.3848950019022 735.002185105432 737.9503228755431 735.9614994658082 -1.0 735.9614994658082 -1.0 1
162 nan 0.0 0.2 -1.0 1.0 739.3058342446903 739.3066008429215 739.9522432053302 738.6158291759492 741.5170683612871 739.7950905679467 1.0 739.7950905679467 1.0 1
163 nan 1.0 0.2 -1.0 1.0 742.6893655244344 742.6905654173179 743.1714891511053 742.2074752102686 744.7335115817668 742.9214114759644 1.0 742.9214114759644 1.0 1
164 0.0625 nan 0.2 1.0 1.0 746.0894619920425 746.0905618938524 751.3112958300587 745.4378201652162 752.8836199728796 751.1880068362768 -1.0 751.1880068362768 -1.0 1
165 nan 0.25 0.2 -1.0 1.0 754.1559418836696 754.1568751336902 754.7037596457134 753.5743271387399 756.2561838172504 754.4623811939781 1.0 754.4623811939781 1.0 1
166 nan 0.0625 0.2 1.0 -1.0 757.4331826521483 757.4345158664632 761.3634984528418 756.9179953104647 763.9227986047368 761.2339433517793 -1.0 761.2339433517793 -1.0 1
167 nan 1.0 0.2 -1.0 1.0 766.9500997274488 766.951132968543 767.2939356992938 764.62050769409 768.83946193942 767.1183180436472 1.0 767.1183180436472 1.0 1
168 nan 1.0 0.2 -1.0 1.0 770.233373290703 770.2344731925128 771.016403388275 769.5374687486178 772.5834269203726 770.8694831707592 1.0 770.8694831707592 1.0 1
169 nan 0.25 0.2 -1.0 1.0 774.9391198673729 774.9401197781092 775.5068691834263 773.2510372320462 777.0559965832038 775.2366933024865 1.0 775.2366933024865 1.0 1
170 nan 1.0 0.2 -1.0 1.0 778.3169183255624 778.317784914867 778.5988931531901 777.7234046428711 780.1560245279082 778.4760374540606 1.0 778.4760374540606 1.0 1
171 nan 0.25 0.2 -1.0 1.0 781.4503719301655 781.4514385016175 782.065250372255 780.8282274700591 783.6335744399883 781.7676769371415 1.0 781.7676769371415 1.0 1
172 nan 0.25 0.2 -1.0 1.0 784.9392271407964 784.9400937301012 785.3097940596576 784.3102832876834 786.8558221020692 785.1364761987044 1.0 785.1364761987044 1.0 1
173 nan 1.0 0.2 -1.0 1.0 788.0162857798741 788.0174190120418 788.4622459682499 787.5236297601144 790.0167592366533 788.2551644547686 1.0 788.2551644547686 1.0 1
174 nan 0.25 0.2 -1.0 1.0 793.2224543496887 793.2233875997092 793.6606152343217 790.8372672793932 795.2060404170675 793.4642327657185 1.0 793.4642327657185 1.0 1
175 nan 1.0 0.8 -1.0 1.0 796.5834543075088 796.5843875575292 797.0653779520325 795.8884496850862 798.6331020436626 796.8372983130895 1.0 796.8372983130895 1.0 1
176 0.0 nan 0.8 -1.0 -1.0 800.0059154452515 800.0070820077772 803.8330404579622 799.2955121974904 806.400009555313 803.6753212044947 1.0 803.6753212044947 1.0 1
177 0.0625 nan 0.8 1.0 1.0 807.8058524649472 807.806685723894 808.0847275692926 807.075917627471 809.6497533273028 807.985436433181 -1.0 807.985436433181 -1.0 1
178 nan 0.0 0.8 1.0 -1.0 810.9892016152902 810.9903348474579 811.5129881893056 810.3296604936473 814.066924628988 811.2082487272488 -1.0 811.2082487272488 -1.0 1
179 nan 0.0 0.8 1.0 -1.0 815.189026689766 815.1899932701444 815.5239967864161 814.736433760173 818.0725715727017 815.4046741052214 -1.0 815.4046741052214 -1.0 1
180 0.0 nan 0.8 1.0 1.0 819.8166802379335 819.8176468183119 820.2991038378252 818.7361766963215 821.8559262467866 819.9328698654879 1.0 819.9328698654879 1.0 1
181 0.0625 nan 0.8 1.0 1.0 823.0496249607954 823.0506248715317 823.373462717915 822.5634350304637 824.9224863618796 823.2473406437136 -1.0 823.2473406437136 -1.0 1
182 1.0 nan 0.8 1.0 1.0 826.2159756286218 826.2169422090002 826.5280810997691 825.5886982934026 828.0725133007211 826.4185575437898 -1.0 826.4185575437898 -1.0 1
183 0.25 nan 0.8 1.0 1.0 829.2830018299788 829.2839350799994 829.654135364924 828.7630149167612 831.2167720990615 829.5039487723363 -1.0 829.5039487723363 -1.0 1
184 0.0625 nan 0.8 1.0 1.0 832.5390778212064 832.5399444105112 832.8086870860624 832.0348894976219 834.3663099949616 832.6753989849178 -1.0 832.6753989849178 -1.0 1
185 0.0 nan 0.8 1.0 1.0 835.7890876873007 835.7899209462475 836.5336545518843 835.1178142796856 838.1000720570481 835.9731379234898 1.0 836.1256576411288 1.0 2
186 1.0 nan 0.8 1.0 1.0 839.7057047109074 839.7065713002122 840.8470028252846 838.8223835664876 842.4056290721356 840.6587196336451 -1.0 840.6587196336451 -1.0 1
187 0.0 nan 0.8 -1.0 -1.0 843.7663755412526 843.7672421305574 845.4568912927042 843.0953354461426 848.0331938431397 843.9529922149982 -1.0 845.0124643007907 1.0 5
188 0.0 nan 0.8 1.0 1.0 849.3387780834046 849.3398779852145 852.744974006504 848.7229997216524 854.2889975455084 852.5553576005495 -1.0 852.5553576005495 -1.0 1
189 1.0 nan 0.8 1.0 1.0 855.7997679665207 855.8008678683306 856.167635126394 854.9835075021466 857.7162569314523 855.9850180955934 -1.0 855.9850180955934 -1.0 1
190 1.0 nan 0.8 1.0 1.0 859.2722913017926 859.2731912214552 859.8377741535104 858.4222671848905 861.3890014364197 859.6443247564004 -1.0 859.6443247564004 -1.0 1
191 0.125 nan 0.8 1.0 1.0 863.4993806090107 863.5005138411785 863.9285422970173 862.0837069886015 865.4828650792208 863.7956874905251 -1.0 863.7956874905251 -1.0 1
192 0.0625 nan 0.8 1.0 1.0 866.6555321873273 866.6564987677057 867.4016989090889 866.1710754356051 868.9557236487585 867.1832184132141 -1.0 867.1832184132141 -1.0 1
193 0.0625 nan 0.8 1.0 1.0 870.2499779717082 870.250811230655 870.8265265022408 869.6322331188413 872.3722737071181 870.5034553433522 -1.0 870.5034553433522 -1.0 1
194 nan 0.25 0.8 -1.0 1.0 873.6995700207616 873.7004699404242 874.1542960932588 873.179883080765 875.7055221219766 873.9312493383551 1.0 873.9312493383551 1.0 1
195 0.0625 nan 0.8 1.0 1.0 876.965611788994 876.966445047941 880.2578845488746 876.3869301155574 881.8222104334188 880.0649017767747 -1.0 880.0649017767747 -1.0 1
196 0.25 nan 0.8 1.0 1.0 882.9995731270077 883.0004397163125 883.283814418971 882.495418133781 884.8500421309654 883.1716910950774 -1.0 883.1716910950774 -1.0 1
197 nan 0.0625 0.8 1.0 -1.0 886.1889217417682 886.1897550007152 886.5684211965402 885.5274474593687 889.1222925414603 886.3916369783678 -1.0 886.3916369783678 -1.0 1
198 nan 0.0625 0.8 1.0 -1.0 890.466239898305 890.4670731572519 890.7277498861971 889.7952997942687 893.2990518577949 890.5921286600012 -1.0 890.5921286600012 -1.0 1
199 0.0 nan 0.8 1.0 1.0 894.4553837806491 894.4563836913853 894.7959867077801 893.9796595826903 896.355407901946 894.6323346506108 -1.0 894.6323346506108 -1.0 1
200 nan 0.25 0.8 -1.0 1.0 897.5500408486851 897.5510407594213 898.3168390619717 897.0416195696503 899.8723656224715 898.124322914882 1.0 898.124322914882 1.0 1
201 0.0 nan 0.8 -1.0 -1.0 901.7661644681621 901.7670310574669 902.4350380900102 900.5296748516922 904.9990423705596 901.9779122317459 -1.0 901.9779122317459 -1.0 1
202 0.0625 nan 0.8 1.0 1.0 907.472055093606 907.4730216739844 907.870786164872 905.6598502055504 909.4222105539914 907.6943352502785 -1.0 907.6943352502785 -1.0 1
203 0.125 nan 0.8 1.0 1.0 910.9822750636351 910.9833416350872 911.3392098661252 910.1136192766807 912.9055393148684 911.229652979788 -1.0 911.229652979788 -1.0 1
204 1.0 nan 0.8 1.0 1.0 914.1161286325329 914.1173285254164 914.4591646757888 913.5955417728735 916.0321788435058 914.2920129310426 -1.0 914.2920129310426 -1.0 1
205 nan 0.25 0.2 -1.0 1.0 917.3887698116247 917.3896364009295 917.8787260723964 916.8013889147826 919.438748145771 917.6160828523364 1.0 917.6160828523364 1.0 1
206 nan 0.25 0.2 -1.0 1.0 920.8492942180613 920.8502941287976 921.382679935145 920.1032608177312 922.9386807089134 921.0489763920942 1.0 921.0489763920942 1.0 1
207 0.125 nan 0.2 1.0 1.0 924.2493906856695 924.2502906053321 924.6944176240248 923.5906828229736 926.2553406462748 924.5809944161741 -1.0 924.5809944161741 -1.0 1
208 nan 0.125 0.2 -1.0 1.0 927.4161413177904 927.417607853537 927.8014735851906 926.9082533244817 929.366371534862 927.6185565811692 1.0 927.6185565811692 1.0 1
209 nan 0.125 0.2 1.0 -1.0 930.5387625560841 930.5395958150309 931.3766210923615 930.0347742146467 933.9386561045408 930.703047890053 -1.0 931.185671472092 1.0 3
210 nan 1.0 0.2 -1.0 1.0 935.3493664386308 935.3502996886513 935.5917781314602 934.5911674576761 937.1553054447622 935.5026194241428 1.0 935.5026194241428 1.0 1
211 nan 0.0 0.2 -1.0 1.0 938.2994697445602 938.3002696731492 938.8572199532508 937.8178127428995 940.4220466632903 938.6224409123749 1.0 938.6224409123749 1.0 1
212 1.0 nan 0.2 1.0 1.0 941.949377244446 941.9502438337508 942.2357516793135 941.1009529847221 943.7886792775431 942.1283279358803 -1.0 942.1283279358803 -1.0 1
213 1.0 nan 0.2 1.0 1.0 945.0494338304579 945.0505670626256 945.349007087044 944.4915836306936 946.9054310500625 945.1999537266242 -1.0 945.1999537266242 -1.0 1
214 nan 0.0625 0.2 -1.0 1.0 948.2822119015304 948.2832118122667 948.9240546031414 947.5662424840042 950.4987782387174 948.5349893356591 1.0 948.6214816143464 1.0 2
215 nan 1.0 0.2 -1.0 1.0 951.8884233022414 951.8895565344093 952.2077281306899 951.1921854565776 953.7824360709911 952.0993044765206 1.0 952.0993044765206 1.0 1
216 nan 1.0 0.2 -1.0 1.0 955.2885197698497 955.289519680586 955.5480632666272 954.5952483260367 957.104988540517 955.4321069515778 1.0 955.4321069515778 1.0 1
217 0.0625 nan 0.2 -1.0 -1.0 958.3658783821481 958.3668449625266 958.728512675835 957.7850968961654 961.2997507843538 958.5259307606669 1.0 958.5259307606669 1.0 1
218 nan 0.25 0.2 -1.0 1.0 964.3049481912899 964.3058147805947 964.6352853681952 961.9503583895242 966.1996097085381 964.4950312222545 1.0 964.4950312222545 1.0 1
219 nan 0.25 0.2 -1.0 1.0 967.3718744015733 967.3728743123096 967.8589309212098 966.8969168018457 969.4327555363153 967.6672480330672 1.0 967.6672480330672 1.0 1
220 nan 0.125 0.2 -1.0 1.0 970.7719042084657 970.7728374584863 971.2251970755742 970.106963568847 972.7823199723874 971.0491127949173 1.0 971.0491127949173 1.0 1
221 nan 0.0625 0.2 -1.0 1.0 974.138503666409 974.1394702467873 974.9203338710975 973.4431324100498 976.4827635869075 974.4903722545018 -1.0 974.8731380843456 1.0 2
222 nan 0.0625 0.2 -1.0 1.0 977.6550564044345 977.6561229758865 978.9778049870865 977.1494682058192 980.549228146145 978.2325381849876 1.0 978.9223766019394 1.0 4
223 nan 1.0 0.2 -1.0 1.0 981.7717555663686 981.7727554771049 982.0932601984368 981.2254376704293 983.6650572582342 981.9421403558288 1.0 981.9421403558288 1.0 1
224 nan 1.0 0.2 -1.0 1.0 985.0217987628207 985.0227653431991 985.2739762505076 984.3348600870041 986.8321021557497 985.1584532301108 1.0 985.1584532301108 1.0 1
225 nan 0.25 0.2 -1.0 1.0 988.0882916784518 988.0893915802617 988.3854318189129 987.4999108708734 989.9492569691188 988.2460109319193 1.0 988.2460109319193 1.0 1
226 nan 0.25 0.2 -1.0 1.0 991.0718253333304 991.072725252993 991.5863793982143 990.6071668141863 993.1385936321295 991.3121038832558 1.0 991.4330597519864 1.0 2
227 nan 1.0 0.2 -1.0 1.0 994.7656289145385 994.7666954859906 995.1620268607534 993.9715997988676 996.7218509026436 994.9953750713753 1.0 994.9953750713753 1.0 1
228 nan 0.0625 0.2 -1.0 1.0 997.9486780916607 997.9497113327548 998.6998776974615 997.3943609098311 1000.2550043908703 998.5536240871032 1.0 998.5536240871032 1.0 1
229 nan 1.0 0.2 -1.0 1.0 1001.4659307672017 1001.4670306690116 1001.7525385145741 1000.9300119429195 1003.3049616339882 1001.6112844578972 1.0 1001.6112844578972 1.0 1
230 nan 0.0625 0.2 -1.0 1.0 1004.5160584771157 1004.5169917271363 1008.9190320828436 1003.9756733848783 1010.4827586387617 1008.6999516405272 1.0 1008.6999516405272 1.0 1
231 nan 0.0625 0.2 -1.0 1.0 1011.754978913049 1011.7559788237852 1012.3436930242061 1011.1507661854796 1013.899218289956 1012.1279789480351 1.0 1012.1279789480351 1.0 1
232 nan 0.125 0.2 -1.0 1.0 1015.2381346324831 1015.2389678914301 1015.7211248484589 1014.5593285639883 1017.2825526461545 1015.4997112810911 1.0 1015.4997112810911 1.0 1
233 nan 1.0 0.2 -1.0 1.0 1018.621699242585 1018.6226324926056 1018.9356712137734 1017.9720572372313 1020.4882975850345 1018.829380702508 1.0 1018.829380702508 1.0 1
234 nan 0.25 0.2 -1.0 1.0 1021.6160652637733 1021.616931853078 1022.1893140888761 1021.1494069231567 1023.7383431741624 1022.0332280229445 1.0 1022.0332280229445 1.0 1
235 0.125 nan 0.2 -1.0 -1.0 1025.1655150650222 1025.1665816364741 1025.6599375937492 1024.4111490752232 1028.2049074978786 1025.314268452221 1.0 1025.4953522865592 1.0 2
236 nan 0.125 0.2 -1.0 1.0 1029.4322341677544 1029.4332340784906 1029.8393311588472 1028.89211571838 1031.3986556808447 1029.688477959102 1.0 1029.688477959102 1.0 1
237 nan 0.25 0.2 -1.0 1.0 1032.5381902271101 1032.5392234682042 1032.8476625999854 1032.0748649222812 1034.3985127318485 1032.7152410881454 1.0 1032.7152410881454 1.0 1
238 0.0625 nan 0.2 -1.0 -1.0 1035.654845331344 1035.6558785724383 1035.993548428076 1035.1213262928288 1038.5382705407349 1035.8189306831657 1.0 1035.8189306831657 1.0 1
239 nan 1.0 0.2 -1.0 1.0 1040.2654004059214 1040.266533638089 1040.624801654894 1039.382479225796 1042.1715265702933 1040.4751816783905 1.0 1040.4751816783905 1.0 1
240 nan 1.0 0.2 -1.0 1.0 1043.5982362113364 1043.599169461357 1043.8389480559142 1042.8475365609038 1045.3991734279978 1043.7350906607737 1.0 1043.7350906607737 1.0 1
241 nan 0.0625 0.2 -1.0 1.0 1046.654930001752 1046.6558299214146 1047.0730926716597 1046.0831810427535 1048.6325192472061 1046.8820763906745 1.0 1046.8820763906745 1.0 1
242 nan 0.125 0.2 -1.0 1.0 1049.9881657714618 1049.989165682198 1050.3135367250436 1049.3046267921484 1051.8714639815805 1050.1611503288361 1.0 1050.1611503288361 1.0 1
243 nan 1.0 0.2 -1.0 1.0 1053.2821383795938 1053.28313829033 1053.5860779130617 1052.5414711668818 1055.1381042495027 1053.4716214641169 1.0 1053.4716214641169 1.0 1
244 nan 0.125 0.2 -1.0 1.0 1056.5323815581933 1056.5334481296452 1057.494528998989 1055.8339105785517 1059.0381556219177 1057.307712343096 1.0 1057.307712343096 1.0 1
245 nan 0.0625 0.2 -1.0 1.0 1060.36537271389 1060.366439285342 1060.7923679286346 1059.7285628963184 1062.3381946504821 1060.606284540615 1.0 1060.606284540615 1.0 1
246 nan 0.125 0.2 -1.0 1.0 1063.6322477410692 1063.633414303595 1064.1929310212531 1063.0396006476828 1065.7488539827648 1064.074474929363 1.0 1064.074474929363 1.0 1
247 nan 1.0 0.2 -1.0 1.0 1067.1047710763412 1067.1057376567196 1067.4597727180744 1066.4393638117124 1069.004900808826 1067.2954873841056 1.0 1067.2954873841056 1.0 1
248 nan 0.0625 0.2 -1.0 1.0 1070.4320073816332 1070.4330739530853 1071.5663394512144 1069.680907766906 1073.1324543785329 1071.2929305255607 1.0 1071.2929305255607 1.0 1
249 0.125 nan 0.2 -1.0 -1.0 1074.9045081138897 1074.9053747031944 1080.3756863591734 1073.9188627707917 1082.932390687216 1080.2290327845205 1.0 1080.2290327845205 1.0 1
250 nan 0.25 0.2 -1.0 1.0 1084.2380082298007 1084.239008140537 1084.5897101661044 1083.6048980819533 1086.148648289472 1084.4314576269107 1.0 1084.4314576269107 1.0 1
251 nan 0.125 0.2 -1.0 1.0 1087.5878758480903 1087.5890090802582 1088.0540675636967 1086.9929622903683 1089.632493274638 1087.8723837829166 1.0 1087.8723837829166 1.0 1
252 nan 0.125 0.2 -1.0 1.0 1091.421166977008 1091.4220002359548 1091.8209312893682 1090.317898800967 1093.3879555578087 1091.6534129106853 1.0 1091.6534129106853 1.0 1
253 nan 0.0625 0.2 -1.0 1.0 1094.715472888719 1094.7163061476658 1095.3297847147246 1094.052465409857 1096.888009783805 1095.2153615961374 1.0 1095.2153615961374 1.0 1
254 nan 0.125 0.2 -1.0 1.0 1098.2485908146086 1098.249624055703 1099.46544885029 1097.5612188441396 1101.0317751488815 1099.2601005154181 1.0 1099.2601005154181 1.0 1
255 nan 0.0625 0.2 -1.0 1.0 1102.2545998580379 1102.2555997687741 1108.7921829035522 1101.6895836313304 1110.3546066731901 1108.6529286683478 1.0 1108.6529286683478 1.0 1
256 nan 0.0 0.2 -1.0 1.0 1111.6988234228118 1111.6999233246215 1112.1662150313016 1111.0528144264663 1113.7322436165418 1111.994330375737 1.0 1111.994330375737 1.0 1
257 nan 0.0 0.2 -1.0 1.0 1115.1378497484186 1115.1389496502286 1115.5722776329694 1114.4182473218839 1117.1488024188184 1115.3816946466368 1.0 1115.3816946466368 1.0 1
258 nan 0.25 0.2 -1.0 1.0 1118.4211899723884 1118.4222232134825 1118.777224855216 1117.7909129049604 1120.3487499628707 1118.6589687454732 1.0 1118.6589687454732 1.0 1
259 nan 0.125 0.2 -1.0 1.0 1121.6211376409535 1121.6222042124054 1122.0688643382969 1121.0278572707673 1123.6211900679268 1121.868082262454 1.0 1121.868082262454 1.0 1
260 nan 0.125 0.2 -1.0 1.0 1124.814819202238 1124.81588577369 1125.1427232630183 1124.3134972894306 1126.7046437814424 1124.9957697151447 1.0 1124.9957697151447 1.0 1
261 nan 0.0 0.8 -1.0 1.0 1128.0151001743818 1128.0162000761916 1128.8840559345572 1127.391455848171 1130.4487849913944 1128.6741746710143 1.0 1128.6741746710143 1.0 1
262 nan 0.25 0.8 -1.0 1.0 1131.7545330155217 1131.755532926258 1132.4017085743926 1131.124989215967 1133.9648440983942 1132.1114011572959 1.0 1132.1114011572959 1.0 1
263 0.25 nan 0.8 -1.0 -1.0 1135.5878241444393 1135.5888573855334 1136.1985029614366 1134.8323582528303 1138.765106498337 1135.9159615177248 -1.0 1135.9159615177248 -1.0 1
264 0.0625 nan 0.8 -1.0 -1.0 1140.0211950365497 1140.022161616928 1140.324501293218 1139.451412568666 1142.8877708969462 1140.2221770945398 1.0 1140.2221770945398 1.0 1
265 1.0 nan 0.8 1.0 1.0 1144.198688771249 1144.1998220034168 1144.5970865389363 1143.5524797927565 1146.1545112593537 1144.49049605445 -1.0 1144.49049605445 -1.0 1
266 1.0 nan 0.8 1.0 1.0 1147.3986697701719 1147.3998030023397 1147.712441759213 1146.8561182046724 1149.2711561326767 1147.595618854859 -1.0 1147.595618854859 -1.0 1
267 0.125 nan 0.8 -1.0 -1.0 1153.015001724004 1153.015801652593 1155.0107902232385 1150.053566096397 1157.582084452586 1154.8316728800148 1.0 1154.8316728800148 1.0 1
268 0.125 nan 0.8 1.0 1.0 1158.9209411574172 1158.921774416364 1159.465825847968 1158.3194948495516 1161.0319474047067 1159.175885064808 -1.0 1159.175885064808 -1.0 1
269 0.25 nan 0.8 1.0 1.0 1162.3044057764455 1162.3054390175396 1162.7097695889288 1161.7150583884886 1164.2708957283023 1162.5512504068724 -1.0 1162.5512504068724 -1.0 1
270 0.25 nan 0.8 1.0 1.0 1165.6476739838758 1165.6487738856856 1165.8710873727161 1164.9482030934978 1167.4212181638395 1165.7856949958386 -1.0 1165.7856949958386 -1.0 1
271 0.125 nan 0.8 1.0 1.0 1168.8150578927964 1168.8160911338905 1169.1858581241627 1168.1103208058742 1170.7377657502468 1169.0046742987508 -1.0 1169.0046742987508 -1.0 1
272 0.25 nan 0.8 1.0 1.0 1172.71477642496 1172.7157430053385 1173.1596033811682 1171.5789778196324 1174.7209324021592 1172.9196914651793 -1.0 1172.9196914651793 -1.0 1
273 0.125 nan 0.8 -1.0 -1.0 1177.6484026584258 1177.649402569162 1180.1040501052703 1175.6667462309306 1182.6648506861638 1179.9427311731522 1.0 1179.9427311731522 1.0 1
274 nan 0.25 0.8 -1.0 1.0 1185.5377316979439 1185.5386982783223 1195.1974360263837 1183.3655589448315 1196.7542575707848 1195.040816674726 1.0 1195.040816674726 1.0 1
275 nan 0.125 0.8 -1.0 1.0 1198.048148205128 1198.0493480980115 1198.369186212186 1197.4738661389308 1199.9208962700088 1198.2512300756641 1.0 1198.2512300756641 1.0 1
276 0.0625 nan 0.8 -1.0 -1.0 1201.414980975576 1201.4159808863124 1202.215009555665 1200.781804167013 1204.771074882227 1202.0140274976748 1.0 1202.0140274976748 1.0 1
277 0.0625 nan 0.8 1.0 1.0 1206.165023597863 1206.1659901782414 1206.5522890260197 1205.476785038089 1208.104317669085 1206.3804710311708 -1.0 1206.3804710311708 -1.0 1
278 0.125 nan 0.8 1.0 1.0 1209.2650468535169 1209.2659801035372 1209.7835339006301 1208.779423539269 1211.3483589958653 1209.6535121745571 -1.0 1209.6535121745571 -1.0 1
279 0.25 nan 0.8 1.0 1.0 1212.770767225233 1212.7716338145376 1213.066074196011 1212.0379659769794 1214.6312003089488 1212.9621168097967 -1.0 1212.9621168097967 -1.0 1
280 nan 1.0 0.8 -1.0 1.0 1215.8209949262205 1215.8219615065989 1216.2731212308033 1215.3143068257953 1217.8210477852672 1216.1113023433172 1.0 1216.1113023433172 1.0 1
281 1.0 nan 0.8 1.0 1.0 1218.9811461474821 1218.9819460760712 1219.4980666677752 1218.494556252856 1221.0540940279682 1219.1820282143985 -1.0 1219.1820282143985 -1.0 1
282 0.125 nan 0.8 1.0 1.0 1222.3481789000778 1222.3492788018875 1223.0050202627326 1221.7230013774047 1224.564743873847 1222.5918904768641 -1.0 1222.5918904768641 -1.0 1
283 0.0625 nan 0.8 1.0 1.0 1225.8541992450146 1225.8552658164665 1226.2377650034473 1225.2552527139896 1227.7874911076626 1226.0188178825622 -1.0 1226.0188178825622 -1.0 1
284 1.0 nan 0.8 1.0 1.0 1228.997785278412 1228.998585207001 1229.3694187687252 1228.468799168568 1230.9207423485323 1229.2060333544189 -1.0 1229.2060333544189 -1.0 1
285 0.0625 nan 0.8 1.0 1.0 1232.1151403201611 1232.1159069183923 1236.848017808142 1231.6020527910239 1238.4152427481854 1236.6439026965115 -1.0 1236.6439026965115 -1.0 1
286 1.0 nan 0.8 1.0 1.0 1239.5706414215701 1239.571541341233 1239.8765807765105 1239.1040497416693 1241.4484013475565 1239.7182282462434 -1.0 1239.775423140358 -1.0 2
287 0.25 nan 0.8 1.0 1.0 1242.7205268926061 1242.7215268033424 1243.0818279719779 1242.1225136116016 1244.6373538049204 1242.9268418078561 -1.0 1242.9268418078561 -1.0 1
288 0.25 nan 0.8 1.0 1.0 1245.7979188352624 1245.798852085283 1245.984868812587 1245.3135620746139 1247.5476826133126 1245.733224610626 -1.0 1245.733224610626 -1.0 1
289 nan 0.0 0.8 1.0 -1.0 1249.1374207122528 1249.1385206140626 1249.4958553808472 1248.3882875886402 1252.0541548746303 1249.331336734373 -1.0 1249.331336734373 -1.0 1
290 nan 0.125 0.8 -1.0 1.0 1253.6815817139418 1253.6825149639621 1253.9589902825405 1252.7463652023096 1255.5042148194914 1253.8487667890458 1.0 1253.8487667890458 1.0 1
291 0.0 nan 0.8 1.0 1.0 1256.8312672028303 1256.832167122493 1260.369784646696 1256.1880246261887 1261.9314095034988 1260.2538616620045 -1.0 1260.2538616620045 -1.0 1
292 nan 0.25 0.8 -1.0 1.0 1263.0871753939377 1263.0881419743162 1263.6757228533054 1262.6167173925232 1265.220552253412 1263.4125130171617 1.0 1263.4125130171617 1.0 1
293 nan 0.125 0.8 -1.0 1.0 1266.5977619979035 1266.5987952389978 1267.1817765286003 1265.8881586787315 1268.7373028258612 1266.94926395206 1.0 1266.94926395206 1.0 1
294 0.0 nan 0.8 -1.0 -1.0 1269.914432579749 1269.915465820843 1270.8081194654683 1269.4116108008375 1273.3540579483363 1270.3700585719089 1.0 1270.5386101916858 1.0 2
295 0.25 nan 0.8 1.0 1.0 1274.7481344003036 1274.749100980682 1275.2857864031953 1274.0447638580542 1276.8477101706064 1274.7122376048715 -1.0 1274.7122376048715 -1.0 1
296 0.125 nan 0.8 1.0 1.0 1278.120566670875 1278.1214332601799 1278.422839686449 1277.5246198720588 1279.9817634987796 1278.3070166928312 -1.0 1278.3070166928312 -1.0 1
297 0.0625 nan 0.8 1.0 1.0 1281.153829219704 1281.1548291304402 1281.5772914165138 1280.6603732713554 1283.120692156521 1281.3944744035662 -1.0 1281.3944744035662 -1.0 1
298 1.0 nan 0.8 1.0 1.0 1284.481598810722 1284.4827653732477 1284.7596406561206 1283.7809946881764 1286.3039335100398 1284.6602161985775 -1.0 1284.6602161985775 -1.0 1
299 0.25 nan 0.8 1.0 1.0 1287.4815976623913 1287.4823975909803 1287.8941608321757 1286.9902415265888 1289.4480834547467 1287.773538267024 -1.0 1287.773538267024 -1.0 1
300 nan 0.25 0.8 -1.0 1.0 1290.8039344050756 1290.8050676372434 1291.3629178370077 1290.1492928460405 1292.9205415325912 1290.9867847483813 -1.0 1290.9867847483813 -1.0 1
301 0.25 nan 0.8 1.0 1.0 1294.214163301478 1294.2150632211406 1295.425188524531 1293.604551055933 1296.9816972160222 1295.2061080822145 -1.0 1295.266502690685 -1.0 2
302 0.125 nan 0.8 1.0 1.0 1298.5705743972535 1298.5713743258425 1302.914986564194 1297.828707291658 1304.4813103878914 1302.3183731582203 -1.0 1302.6772411214672 -1.0 2
303 0.0625 nan 0.8 1.0 1.0 1305.8037286812744 1305.8046952616526 1307.3664558406308 1305.15691975634 1308.9206809054313 1307.109145477831 -1.0 1307.109145477831 -1.0 1
304 0.0625 nan 0.8 -1.0 -1.0 1310.1475742321309 1310.1484074910777 1311.990676361937 1309.6001897647393 1314.5373497665869 1310.8610772031743 -1.0 1311.779228571574 1.0 2
305 0.25 nan 0.8 1.0 1.0 1315.7971698831227 1315.7980031420695 1316.1326732654986 1315.2096556648492 1317.6970970971993 1315.9699877887078 -1.0 1315.9699877887078 -1.0 1
306 0.0625 nan 0.8 1.0 1.0 1319.1038080272476 1319.1046412861945 1319.5977306006064 1318.3805059309886 1321.1537539036738 1319.382449819088 -1.0 1319.382449819088 -1.0 1
307 1.0 nan 0.8 1.0 1.0 1322.3309865981971 1322.3319865089334 1322.727084571191 1321.8445633553602 1324.2978073401412 1322.5420344242655 -1.0 1322.5420344242655 -1.0 1
308 0.0625 nan 0.8 1.0 1.0 1325.47040633686 1325.4713062565227 1331.0348095931217 1324.977816977816 1332.6036312353997 1330.6781081031368 -1.0 1330.6781081031368 -1.0 1
309 0.125 nan 0.8 1.0 1.0 1334.4143412299206 1334.4152744799412 1335.2635654182336 1333.302140517969 1336.8203894288415 1335.0781153070138 -1.0 1335.0781153070138 -1.0 1
310 0.125 nan 0.8 1.0 1.0 1338.0811805516075 1338.0822471230595 1343.3507767924593 1337.5234970036324 1344.9141019736044 1343.1569940917705 -1.0 1343.1569940917705 -1.0 1
311 0.0 nan 0.8 1.0 1.0 1346.2703828209326 1346.2712160798794 1347.436245409064 1345.5884103684396 1349.0035696696018 1347.0766108475862 -1.0 1347.3798837738964 -1.0 2
312 0.0625 nan 0.8 1.0 1.0 1350.18040043368 1350.1812336926268 1355.5804516952571 1349.6726790921605 1357.1369778135324 1355.3094425553704 -1.0 1355.3094425553704 -1.0 1
313 0.25 nan 0.8 1.0 1.0 1358.38113500683 1358.382201578282 1358.8033973107563 1357.8144855925866 1360.3813209192522 1358.6475445573299 -1.0 1358.6475445573299 -1.0 1
314 1.0 nan 0.8 1.0 1.0 1361.7202369195259 1361.7211701695462 1362.0474410427908 1361.0619290211243 1363.6036664118437 1361.8838556463372 -1.0 1361.8838556463372 -1.0 1
315 nan 1.0 0.2 -1.0 1.0 1364.8966866857886 1364.8978199179562 1365.2699866939954 1364.2797750918685 1366.8474212667002 1365.1076345207834 1.0 1365.1076345207834 1.0 1
316 nan 0.0 0.2 -1.0 1.0 1368.3369795649946 1368.3378128239415 1369.311859202499 1367.7202346228642 1370.880284151366 1368.955957641103 1.0 1369.224700316654 1.0 2
317 nan 0.25 0.2 -1.0 1.0 1372.0201507620407 1372.021150672777 1372.4320806550254 1371.5452931533866 1373.987010933609 1372.285093776794 1.0 1372.285093776794 1.0 1
318 nan 0.0625 0.2 -1.0 1.0 1375.2643944762224 1375.2654610476743 1376.0573570204413 1374.676013668644 1377.630874269235 1375.7285863703562 1.0 1375.7285863703562 1.0 1
319 nan 1.0 0.2 -1.0 1.0 1379.3034672346641 1379.3045004757582 1379.5801092050317 1378.3330871954731 1381.1476313481037 1379.4648861578557 1.0 1379.4648861578557 1.0 1
320 nan 1.0 0.2 -1.0 1.0 1382.3199646134817 1382.3210978456495 1382.5963399409864 1381.847940085247 1384.1642666708178 1382.495648929844 1.0 1382.495648929844 1.0 1
321 nan 0.25 0.2 -1.0 1.0 1385.3199967955088 1385.3210966973186 1385.6949966519674 1384.8513719637774 1387.253418384958 1385.546876541568 1.0 1385.546876541568 1.0 1
322 nan 0.0625 0.2 -1.0 1.0 1388.4141872385344 1388.4150871581971 1388.7642226569442 1387.944529165709 1390.3307494907701 1388.5700399919608 1.0 1388.5700399919608 1.0 1
323 0.25 nan 0.2 -1.0 -1.0 1391.720158775502 1391.7210586951644 1392.4347283179973 1391.0285538495827 1394.9867287394134 1391.958870798607 -1.0 1391.958870798607 -1.0 1
324 0.125 nan 0.2 1.0 1.0 1396.2970835189826 1396.298050099361 1396.9391595330985 1395.6809385232937 1398.5138816464228 1396.4865999338633 1.0 1396.4865999338633 1.0 1
325 0.0625 nan 0.2 -1.0 -1.0 1402.4033384032284 1402.4043716443225 1402.9016939141848 1399.2137898063206 1405.4643621833777 1402.669547971581 1.0 1402.669547971581 1.0 1
326 nan 0.125 0.2 -1.0 1.0 1408.2534161568421 1408.2543494068627 1408.8266316515871 1406.1668690931124 1410.3866529340498 1408.5970854768977 1.0 1408.5970854768977 1.0 1
327 nan 1.0 0.2 -1.0 1.0 1411.6473131778855 1411.6483464189796 1411.9466531219664 1411.0733644152672 1413.5032811028823 1411.8127317440221 1.0 1411.8127317440221 1.0 1
328 nan 0.125 0.2 -1.0 1.0 1414.7470364603187 1414.748036371055 1415.2304266405888 1414.2207834398203 1416.786745564757 1414.9440855360792 1.0 1414.9440855360792 1.0 1
329 nan 1.0 0.2 -1.0 1.0 1418.0637737028799 1418.0646736225424 1418.3867448706947 1417.47415967206 1419.9476849694904 1418.2703552609928 1.0 1418.2703552609928 1.0 1
330 nan 1.0 0.2 -1.0 1.0 1421.3862104366378 1421.3873103384476 1421.6949162112817 1420.84159238895 1423.264039139954 1421.5397633953708 1.0 1421.5397633953708 1.0 1
331 0.125 nan 0.2 -1.0 -1.0 1424.4364714679834 1424.4373047269303 1428.1369744511246 1423.9327497694092 1430.6966433149769 1427.9300929197905 -1.0 1428.006619421473 1.0 2
332 nan 0.0625 0.2 1.0 -1.0 1432.0700900018796 1432.0709565911845 1432.6826353189178 1431.390150701217 1435.2473063627126 1432.321100927041 1.0 1432.321100927041 1.0 1
333 nan 0.0625 0.2 1.0 -1.0 1436.4198350260801 1436.4209349278901 1436.8072671060265 1435.9242126044696 1439.3697671670986 1436.6796118353627 -1.0 1436.6796118353627 -1.0 1
334 nan 0.0625 0.2 -1.0 1.0 1440.8137761048238 1440.8146093637706 1441.1866761487363 1440.0698758473977 1442.7364047615854 1440.9990262338965 1.0 1440.9990262338965 1.0 1
335 0.0625 nan 0.8 -1.0 -1.0 1443.9639615490805 1443.964928129459 1444.3176633068565 1443.4245097068635 1446.8808637222671 1444.1074820700928 1.0 1444.1074820700928 1.0 1
336 0.0 nan 0.8 -1.0 -1.0 1448.036597977903 1448.0375978886393 1448.376900931813 1447.5687730747607 1450.9475331508236 1448.216948544368 1.0 1448.216948544368 1.0 1
337 nan 0.125 0.8 -1.0 1.0 1452.1863275244918 1452.1872274441544 1452.4707687986024 1451.6485422001685 1454.0196913719294 1452.372810876806 1.0 1452.372810876806 1.0 1
338 0.0625 nan 0.8 -1.0 -1.0 1455.3970075682928 1455.3979074879555 1455.6278869572973 1454.7020029458704 1458.1865284260184 1455.474167346775 1.0 1455.474167346775 1.0 1
339 0.125 nan 0.8 1.0 1.0 1461.297047528362 1461.297880787309 1461.6107861870455 1458.8682310196075 1463.1699060476915 1461.492963371955 -1.0 1461.492963371955 -1.0 1
340 0.0 nan 0.8 -1.0 -1.0 1464.4467663476087 1464.4478662494184 1464.8678620890093 1463.8879162371081 1467.4302636070397 1464.7579718990933 1.0 1464.7579718990933 1.0 1
341 0.0625 nan 0.8 1.0 1.0 1468.7698470855087 1468.770846996245 1469.259903337354 1468.132970607221 1470.8303243819662 1469.0843856727809 -1.0 1469.0843856727809 -1.0 1
342 0.25 nan 0.8 1.0 1.0 1472.2197057774251 1472.2205057060141 1472.6491341082947 1471.5134354940406 1474.213361381506 1472.4948145513306 -1.0 1472.4948145513306 -1.0 1
343 nan 0.125 0.8 -1.0 1.0 1475.3862897577567 1475.387223007777 1476.4159978339662 1474.9106655508715 1477.9807198521808 1476.1337230331176 1.0 1476.3334052071505 1.0 2
344 nan 0.0625 0.8 -1.0 1.0 1479.4197630160752 1479.4208295875274 1481.959769598703 1478.6733296514508 1483.5198052204746 1481.7843852555613 1.0 1481.7843852555613 1.0 1
345 0.0625 nan 0.8 -1.0 -1.0 1485.0807243191027 1485.0817908905549 1485.6878034574495 1484.4176168491672 1488.2471710365678 1485.4546242737515 1.0 1485.4546242737515 1.0 1
346 0.0625 nan 0.8 -1.0 -1.0 1489.6196524546053 1489.6204523831943 1489.977787149979 1488.943079520088 1492.536224329913 1489.8501652096732 1.0 1489.8501652096732 1.0 1
347 0.25 nan 0.8 1.0 1.0 1493.830243234675 1493.83110982398 1494.1709461528797 1493.2237307124124 1495.719771744348 1494.0689552577803 -1.0 1494.0689552577803 -1.0 1
348 0.125 nan 0.8 1.0 1.0 1497.1472804504572 1497.148113709404 1497.4932162348482 1496.4010803983376 1499.0635370309762 1497.3578283211575 -1.0 1497.3578283211575 -1.0 1
349 nan 0.25 0.8 -1.0 1.0 1500.2528365455184 1500.253769795539 1500.7156618949793 1499.7407489271172 1502.280387521319 1500.5476435609282 1.0 1500.5476435609282 1.0 1
350 nan 0.125 0.8 -1.0 1.0 1503.5529752698576 1503.5540751716676 1503.9287083941895 1502.9460961136583 1505.4966321209902 1503.7984200252538 1.0 1503.7984200252538 1.0 1
351 1.0 nan 0.8 1.0 1.0 1506.8528806816917 1506.8538139317122 1507.1508540810996 1506.1921396671653 1508.7030767790375 1507.0515296146305 -1.0 1507.0515296146305 -1.0 1
352 0.0 nan 0.8 -1.0 -1.0 1510.1136895837376 1510.1147561551895 1510.6154114608394 1509.4203848095667 1513.1696481767792 1510.4694911540598 1.0 1510.4694911540598 1.0 1
353 1.0 nan 0.8 1.0 1.0 1514.413339080051 1514.414372321145 1514.7037464882212 1513.8284579600495 1516.263576821954 1514.590223289297 -1.0 1514.590223289297 -1.0 1
354 nan 0.125 0.8 -1.0 1.0 1517.6528498834143 1517.6540497762978 1518.1674039482982 1516.944179814263 1519.7195270183804 1518.048781204619 1.0 1518.048781204619 1.0 1
355 0.25 nan 0.8 1.0 1.0 1520.9799861976328 1520.981052769085 1521.2931582402323 1520.417736390629 1522.8361821665185 1521.1740355411848 -1.0 1521.1740355411848 -1.0 1
356 0.0625 nan 0.8 -1.0 -1.0 1524.012982103599 1524.014015344693 1525.1023515204058 1523.5221925838803 1527.6632527469008 1524.9672969102937 1.0 1524.9672969102937 1.0 1
357 0.25 nan 0.8 1.0 1.0 1529.0028366508006 1529.0036699097475 1529.2796786033157 1528.3616605563473 1530.8194031742428 1529.1716549134408 -1.0 1529.1716549134408 -1.0 1
358 0.125 nan 0.8 1.0 1.0 1532.0468649052236 1532.0476648338126 1532.356503929888 1531.5123126256144 1533.9029339544186 1532.20538408728 -1.0 1532.20538408728 -1.0 1
359 nan 1.0 0.8 -1.0 1.0 1535.5467524643113 1535.547652383974 1535.8797560698467 1534.5967372737825 1537.4471888398432 1535.76093334402 1.0 1535.76093334402 1.0 1
360 nan 0.0625 0.8 1.0 -1.0 1538.8693558498587 1538.8703224302371 1539.4610030325089 1538.344002749023 1542.002742620631 1539.077270622287 -1.0 1539.344946726386 -1.0 2
361 0.125 nan 0.8 1.0 1.0 1543.1799043731974 1543.1809709446495 1543.5564707564763 1542.6937477732235 1545.1133939563397 1543.3974182886936 -1.0 1543.3974182886936 -1.0 1
362 0.125 nan 0.8 1.0 1.0 1546.2694285661205 1546.2702951554254 1546.7118224062037 1545.793604377088 1548.296544865722 1546.5703683673796 -1.0 1546.5703683673796 -1.0 1
363 0.0625 nan 0.8 1.0 1.0 1549.4527110557478 1549.4536109754104 1550.06895604251 1548.97885335783 1551.630282261036 1549.6409942473872 -1.0 1549.9903297282815 -1.0 2
364 nan 1.0 0.8 -1.0 1.0 1553.0360578309562 1553.0369577506187 1553.4534205722746 1552.3316873779706 1555.0300394445355 1553.2947680687867 1.0 1553.2947680687867 1.0 1
365 0.0625 nan 0.8 1.0 1.0 1556.4693846653663 1556.470251254671 1556.9916713732773 1555.7439494262032 1558.5527944863643 1556.655468053386 -1.0 1556.655468053386 -1.0 1
366 nan 0.125 0.8 -1.0 1.0 1559.9297757503714 1559.9305756789604 1560.5279223528075 1559.2493031639826 1562.0862470122045 1560.3696031528982 1.0 1560.3696031528982 1.0 1
367 0.0 nan 0.8 -1.0 -1.0 1563.3635025490762 1563.3645691205281 1564.2662552921374 1562.7645560180513 1566.8467196569163 1563.8588249974657 1.0 1564.1607313791033 1.0 2
368 nan 0.125 0.2 -1.0 1.0 1568.1860386997423 1568.1869052890472 1568.6207332271563 1567.5439293552683 1570.1859620200744 1568.4549480270828 1.0 1568.4549480270828 1.0 1
369 nan 0.0625 0.2 -1.0 1.0 1571.3464898942248 1571.3475564656767 1571.7497872245199 1570.8457679278592 1573.3135107524595 1571.6218319806353 1.0 1571.6218319806353 1.0 1
370 nan 0.0 0.2 -1.0 1.0 1574.5025748118255 1574.503541392204 1575.2706395787113 1573.9959200417582 1576.8360663123647 1574.9460018930029 1.0 1574.9460018930029 1.0 1
371 nan 0.25 0.2 -1.0 1.0 1578.2299087330566 1578.2309086437929 1578.5981758572243 1577.4926745472055 1580.1628026306532 1578.4614880595764 1.0 1578.4614880595764 1.0 1
372 1.0 nan 0.2 1.0 1.0 1581.4693862060622 1581.4701861346512 1581.8391198659765 1580.8583074247704 1583.413445396928 1581.6648020942869 -1.0 1581.6648020942869 -1.0 1
373 nan 1.0 0.2 -1.0 1.0 1584.6860323839228 1584.6868656428696 1585.0315682040193 1584.095851737019 1586.5858933840505 1584.8879810222913 1.0 1584.8879810222913 1.0 1
374 nan 0.25 0.2 -1.0 1.0 1587.8132198812455 1587.8141864616239 1588.5560202368615 1587.2646021906125 1590.129839274593 1588.1034606376263 1.0 1588.3961011797744 1.0 2
375 nan 0.25 0.2 -1.0 1.0 1591.5856164463244 1591.586483035629 1592.03267653651 1590.8666472965892 1593.596806873891 1591.8039969511253 1.0 1591.8039969511253 1.0 1
376 nan 0.125 0.2 -1.0 1.0 1594.9859462264376 1594.9868128157423 1595.4375392452944 1594.4791248045808 1597.012862647486 1595.211759401045 1.0 1595.211759401045 1.0 1
377 nan 0.0 0.2 1.0 -1.0 1598.269119798618 1598.270153039712 1602.4904762842816 1597.699670634313 1605.0633776454858 1602.254330698733 -1.0 1602.254330698733 -1.0 1
378 nan 0.25 0.2 -1.0 1.0 1606.2692389477147 1606.2701055370196 1608.181801543334 1605.7486854184133 1609.7460266888131 1607.8273665176844 1.0 1608.1259065331765 1.0 2
379 nan 0.0625 0.2 -1.0 1.0 1611.035746766792 1611.0367800078861 1611.53956845644 1610.4579316826603 1613.112888688822 1611.3390196931023 1.0 1611.3390196931023 1.0 1
380 nan 0.0 0.2 -1.0 1.0 1614.285789963244 1614.2867565436225 1619.053464344847 1613.7939005417156 1620.618985902084 1618.880313135683 1.0 1618.880313135683 1.0 1
381 0.0625 nan 0.2 -1.0 -1.0 1622.013033472413 1622.0140667135072 1624.3970539801828 1621.3472929042055 1626.9524897927263 1624.1548755998585 1.0 1624.1548755998585 1.0 1
382 nan 1.0 0.2 -1.0 1.0 1628.196214822636 1628.1970480815828 1628.4996210703778 1627.635298229947 1630.0631435678154 1628.3844980142753 1.0 1628.3844980142753 1.0 1
383 nan 1.0 0.2 -1.0 1.0 1631.2690738366211 1631.2700404169996 1631.6166428085482 1630.7496535394876 1633.179772311988 1631.4544239567674 1.0 1631.4544239567674 1.0 1
384 0.125 nan 0.2 -1.0 -1.0 1634.3358000647574 1634.33669998442 1635.0137062135898 1633.8660753312163 1637.569135429453 1634.67653631332 -1.0 1634.67653631332 -1.0 1
385 nan 0.125 0.2 -1.0 1.0 1639.329754245978 1639.3306874959983 1639.6879556020672 1638.3026459376827 1641.2621046602076 1639.5552007866486 1.0 1639.5552007866486 1.0 1
386 nan 1.0 0.2 -1.0 1.0 1642.6190272736496 1642.6200605147437 1642.9665295848608 1641.9891168401582 1644.5190575529648 1642.8507065912431 1.0 1642.8507065912431 1.0 1
387 0.0625 nan 0.2 -1.0 -1.0 1645.9132665246448 1645.9143330960967 1651.094304004621 1645.1766656155935 1653.6522739030443 1650.9363847690065 1.0 1650.9363847690065 1.0 1
388 0.0 nan 0.2 -1.0 -1.0 1654.913063097505 1654.9139630171678 1662.185280560956 1654.343880576063 1664.7465460681085 1662.011329423203 1.0 1662.011329423203 1.0 1
389 nan 1.0 0.2 -1.0 1.0 1666.019038314884 1666.0199382345465 1666.3333435896511 1665.456255222154 1667.8856734620128 1666.2053216850509 1.0 1666.2053216850509 1.0 1
390 nan 0.25 0.2 -1.0 1.0 1669.0960969539615 1669.0969302129085 1675.3720033597942 1668.5826761212454 1676.9189966488684 1675.241881642648 1.0 1675.241881642648 1.0 1
391 nan 0.125 0.2 -1.0 1.0 1678.579283707092 1678.5802169571125 1682.3408812362193 1677.5916052121636 1683.9131155429243 1682.1989939027426 1.0 1682.1989939027426 1.0 1
392 nan 0.0625 0.2 -1.0 1.0 1685.2854850330991 1685.286551604551 1694.0012736265012 1684.7952287991066 1695.5521966319527 1693.800891514953 1.0 1693.8588196769408 1.0 2
393 nan 1.0 0.2 -1.0 1.0 1696.745728624338 1696.746828526148 1697.095697382032 1696.2483063634022 1698.662526602578 1696.9233127710993 1.0 1696.9233127710993 1.0 1
394 1.0 nan 0.2 1.0 1.0 1699.8021891022483 1699.8031556826268 1700.5413564488563 1699.3334309490856 1702.1127796877806 1700.4384656340942 -1.0 1700.4384656340942 -1.0 1
395 nan 0.0625 0.2 -1.0 1.0 1703.2853448216827 1703.2861447502717 1706.754835094388 1702.7873892750208 1708.3020600796794 1706.388167827398 -1.0 1706.388167827398 -1.0 1
396 1.0 nan 0.2 1.0 1.0 1709.5293207446707 1709.5301873339754 1709.9261853158957 1709.002067813436 1711.4957075035643 1709.7463680351566 -1.0 1709.7463680351566 -1.0 1
397 nan 0.0625 0.2 1.0 -1.0 1712.6354101254578 1712.63647669691 1728.6553799955136 1712.1831171690858 1731.218811512839 1727.3066004033608 -1.0 1728.3018782198849 -1.0 3
398 nan 1.0 0.2 -1.0 1.0 1732.6455904493098 1732.646357047541 1732.9193326785423 1731.9350205497594 1734.4686602738666 1732.8172084620114 1.0 1732.8172084620114 1.0 1
399 0.125 nan 0.2 1.0 1.0 1735.7625788571224 1735.7636787589322 1742.5729708818487 1735.147367111454 1744.1185950588674 1742.4500818523613 -1.0 1742.4500818523613 -1.0 1
400 nan 0.0625 0.2 1.0 -1.0 1745.5290403218378 1745.5299735718584 1747.5986888941247 1744.8269030028298 1750.1625622129848 1747.1749933848098 -1.0 1747.478532953983 -1.0 2
401 0.0 nan 0.2 1.0 1.0 1751.385184200585 1751.386284102395 1754.259027647695 1750.8272673401048 1755.8020519212066 1754.0601120718932 -1.0 1754.0601120718932 -1.0 1
402 0.0625 nan 0.2 1.0 1.0 1757.1127728890058 1757.1139394515315 1760.0512105696787 1756.485062259134 1761.6129288641466 1759.8205311628215 -1.0 1759.8205311628215 -1.0 1
403 nan 0.0 0.2 1.0 -1.0 1763.101838234961 1763.1029048064129 1767.033887214264 1762.3734365939472 1769.612952754614 1766.8613692819 -1.0 1766.8613692819 -1.0 1
404 1.0 nan 0.2 1.0 1.0 1771.0184981679372 1771.0195314090313 1771.348968666274 1770.3068616969347 1772.928715366276 1771.1753175017418 -1.0 1771.1753175017418 -1.0 1
405 0.0625 nan 0.2 1.0 1.0 1774.2849732308218 1774.2858398201267 1774.6560401050513 1773.6714280030474 1776.2290566159472 1774.4611241721946 -1.0 1774.4611241721946 -1.0 1
406 nan 0.0625 0.2 -1.0 1.0 1777.6515393584073 1777.6525059387857 1778.5737903608258 1777.0155627997824 1780.1352153331975 1777.8481551395155 -1.0 1778.4913310554414 1.0 3
407 0.0625 nan 0.2 1.0 1.0 1781.4621658439694 1781.4631657547056 1787.1316263882552 1780.7986250793815 1788.6955298670644 1786.9048466332695 -1.0 1786.9048466332695 -1.0 1
408 nan 1.0 0.2 -1.0 1.0 1790.2016856521789 1790.2027855539889 1790.581951705182 1789.5864405761529 1792.1622766857945 1790.441497577094 1.0 1790.441497577094 1.0 1
409 0.0 nan 0.2 -1.0 -1.0 1793.3184074171286 1793.3194406582227 1794.035110102528 1792.8354838618686 1796.612843196189 1793.5718514584148 -1.0 1793.5718514584148 -1.0 1
410 nan 0.25 0.2 -1.0 1.0 1797.868401231446 1797.86943447254 1798.286363919206 1797.293752531312 1799.8622875204853 1798.1541090591556 1.0 1798.1541090591556 1.0 1
411 nan 0.0625 0.2 1.0 -1.0 1801.2517325290426 1801.2527324397788 1804.46607891221 1800.555394692305 1807.0460087569807 1804.124376083269 -1.0 1804.124376083269 -1.0 1
412 nan 0.0625 0.2 -1.0 1.0 1808.4516564462613 1808.4527230177132 1811.3993599664236 1807.7516189397995 1812.9682833263828 1811.2437405255023 1.0 1811.2437405255023 1.0 1
413 nan 0.125 0.2 -1.0 1.0 1814.3288317808278 1814.3296983701327 1814.9373107942054 1813.668790703817 1816.5126352326588 1814.799389773316 1.0 1814.799389773316 1.0 1
414 nan 0.0625 0.2 -1.0 1.0 1817.7017973371253 1817.702697256788 1823.4618497941171 1817.1749443701854 1825.0182747079232 1823.2655673165875 1.0 1823.2655673165875 1.0 1
415 nan 0.0625 0.2 -1.0 1.0 1826.3615242685805 1826.3623241971695 1827.3545022904111 1825.6940838521211 1828.9183289177824 1826.9438722813836 1.0 1827.0302645689972 1.0 2
416 1.0 nan 0.2 1.0 1.0 1830.3283368111481 1830.3293033915263 1830.7255346859517 1829.591635911023 1832.2952641786035 1830.5951796563002 -1.0 1830.5951796563002 -1.0 1
417 nan 0.0625 0.2 -1.0 1.0 1833.5182187116347 1833.5193186134445 1840.201288769276 1832.9590686279132 1841.7682112011755 1840.0892321060983 1.0 1840.0892321060983 1.0 1
418 nan 0.125 0.2 -1.0 1.0 1842.945143820671 1842.946277052839 1844.0404460411798 1842.4621202743374 1845.6124705925608 1843.8982920648402 1.0 1843.8982920648402 1.0 1
419 nan 1.0 0.2 -1.0 1.0 1847.0349120534415 1847.0359452945358 1847.4616739556811 1846.2858789209026 1849.0282011081504 1847.2647915317098 1.0 1847.2647915317098 1.0 1
420 nan 0.0625 0.2 -1.0 1.0 1850.184930845909 1850.1859307566453 1850.5597307202204 1849.7250052375832 1852.118052593914 1850.4117772616105 1.0 1850.4117772616105 1.0 1
421 0.125 nan 0.2 1.0 1.0 1853.4456730872391 1853.4465730069019 1853.9587939467344 1852.8023638498817 1855.528414453341 1853.791942175209 -1.0 1853.791942175209 -1.0 1
422 nan 0.0625 0.2 -1.0 1.0 1856.7679764995657 1856.768909749586 1858.1563525568747 1856.2259248894343 1859.7179761064847 1857.3125612168956 1.0 1858.0457957598014 1.0 3
423 nan 0.25 0.2 -1.0 1.0 1860.9455368949807 1860.946536805717 1861.4407926826545 1860.4084848385307 1863.0014197031903 1861.2017473559706 1.0 1861.2017473559706 1.0 1
424 1.0 nan 0.2 1.0 1.0 1864.361398621864 1864.362198550453 1864.8064255602194 1863.675626508573 1866.368256799337 1864.5982108145704 -1.0 1864.5982108145704 -1.0 1
425 1.0 nan 0.2 1.0 1.0 1867.5451810668594 1867.5461809775957 1867.9785757103161 1867.0163616088048 1869.5347089114234 1867.8078576172773 -1.0 1867.8078576172773 -1.0 1
426 nan 0.25 0.2 -1.0 1.0 1871.0123048841554 1871.0131714734603 1871.6203506028803 1870.4348231036024 1873.1847759856373 1871.3846716423418 1.0 1871.3846716423418 1.0 1
427 nan 1.0 0.2 -1.0 1.0 1874.4454650667763 1874.4464983078703 1875.0633765714324 1873.8369860533987 1876.6181058231657 1874.7312728855597 1.0 1874.7312728855597 1.0 1
428 nan 0.125 0.2 -1.0 1.0 1877.8285963822257 1877.8294963018884 1878.2591246149052 1877.321508317506 1879.8181506724402 1878.0680083428463 1.0 1878.0680083428463 1.0 1
429 nan 1.0 0.2 -1.0 1.0 1881.1286017851332 1881.1294683744381 1881.427775077425 1880.4950583426335 1882.9847009205075 1881.2885541725784 1.0 1881.2885541725784 1.0 1
430 1.0 nan 0.2 1.0 1.0 1884.2119931922073 1884.2128264511543 1884.5763273341458 1883.6525098049071 1886.1456504095606 1884.3886107585902 -1.0 1884.3886107585902 -1.0 1
431 1.0 nan 0.2 1.0 1.0 1887.351246279081 1887.3521461987434 1887.9425601581522 1886.8249599282249 1889.5013883074707 1887.517364782733 1.0 1887.7195800639645 -1.0 2
432 1.0 nan 0.2 1.0 1.0 1890.7947055422853 1890.795838774453 1891.1221096476975 1890.1749941983037 1892.6950339545513 1890.9586575726755 -1.0 1890.9586575726755 -1.0 1
433 nan 0.25 0.2 -1.0 1.0 1893.9678889334762 1893.968788853139 1901.5393796802923 1893.3697423310402 1903.101301486056 1901.1153841977566 -1.0 1901.2076759587142 -1.0 2
434 nan 0.25 0.2 -1.0 1.0 1904.5455779785264 1904.5464112374732 1905.661245047697 1903.8048107747406 1907.217767684261 1905.3202421562717 1.0 1905.541255759345 1.0 2
435 nan 0.25 0.2 -1.0 1.0 1908.6280135325644 1908.6290801040163 1909.2771889129078 1907.9062779631256 1910.8345114754593 1909.063041363557 1.0 1909.063041363557 1.0 1
436 nan 1.0 0.2 -1.0 1.0 1912.1614980923907 1912.1623980120535 1912.5104336089908 1911.569217632941 1914.0679585586881 1912.3552474627218 1.0 1912.3552474627218 1.0 1
437 nan 0.25 0.2 -1.0 1.0 1915.2617546605497 1915.2627212409282 1916.28109699546 1914.7483671581915 1917.8347205296645 1915.867867218518 1.0 1916.2288683246688 1.0 2
438 nan 0.25 0.2 1.0 -1.0 1919.1780383805778 1919.179038291314 1923.2614071846363 1918.5249300180049 1925.828739741276 1923.0876893593884 -1.0 1923.0876893593884 -1.0 1
439 0.125 nan 0.2 1.0 1.0 1926.9844081593435 1926.985374739722 1927.4699648128756 1926.526549033206 1929.0179637907959 1927.2616834065107 -1.0 1927.2616834065107 -1.0 1
440 nan 0.0 0.2 -1.0 1.0 1930.228185248515 1930.2293518110405 1931.4096131137744 1929.701865567301 1932.9779327343392 1931.255360217526 1.0 1931.255360217526 1.0 1
441 nan 0.25 0.2 -1.0 1.0 1934.2844231412626 1934.2853230609253 1935.4670508994056 1933.671444529572 1937.027976863056 1935.2901333598018 1.0 1935.2901333598018 1.0 1
442 nan 1.0 0.2 -1.0 1.0 1938.434319339641 1938.4353192503772 1938.8224180267446 1937.7300822080867 1940.3951423148308 1938.6692650323062 1.0 1938.6692650323062 1.0 1
443 nan 0.125 0.2 -1.0 1.0 1942.2343801017566 1942.2352800214192 1943.0895704241293 1941.340259921385 1944.6344995118486 1942.687106352781 1.0 1942.687106352781 1.0 1
444 nan 0.25 0.2 -1.0 1.0 1945.9451821654814 1945.9462820672911 1946.378610139296 1945.303206142439 1947.9280374630519 1946.2236239751742 1.0 1946.2236239751742 1.0 1
445 0.25 nan 0.2 -1.0 -1.0 1949.1676611559703 1949.1689277095695 1949.5649256914899 1948.6192434474847 1952.1177960090429 1949.3562776511883 1.0 1949.3562776511883 1.0 1
446 nan 0.0625 0.2 -1.0 1.0 1954.2450745533113 1954.245907812258 1954.6325399636155 1952.7970038250469 1956.1950636389379 1954.442923557661 1.0 1954.442923557661 1.0 1
447 nan 0.125 0.2 -1.0 1.0 1957.5010172231075 1957.50191714277 1958.1598917375927 1956.874073191467 1959.7282155030964 1957.7501616482277 -1.0 1957.7501616482277 -1.0 1
448 nan 1.0 0.2 -1.0 1.0 1960.8842818599885 1960.8855484135877 1961.2029534116373 1960.4203232783598 1962.7509744996087 1961.0847306322523 1.0 1961.0847306322523 1.0 1
449 nan 0.0 0.2 -1.0 1.0 1964.128325592023 1964.1292255116855 1964.5621868604899 1963.4425868090898 1966.1177158468029 1964.3135423907377 1.0 1964.3135423907377 1.0 1
450 nan 0.125 0.2 -1.0 1.0 1967.395033967413 1967.3958672263598 1967.9435516669719 1966.8068198116239 1969.5117733674351 1967.748169109105 1.0 1967.748169109105 1.0 1
451 0.25 nan 0.2 1.0 1.0 1970.6676418161467 1970.6685417358094 1971.0800716644997 1970.2030832880762 1972.6509024348145 1970.8975546247727 -1.0 1970.8975546247727 -1.0 1
452 nan 0.25 0.2 -1.0 1.0 1974.0115766307345 1974.012509880755 1974.5642272946702 1973.3191051155104 1976.1282499457607 1974.3327146288661 1.0 1974.3327146288661 1.0 1
453 nan 0.25 0.8 -1.0 1.0 1977.3510451773668 1977.3518451059558 1977.8817977961783 1976.8272586033515 1979.451016426541 1977.572858709029 1.0 1977.572858709029 1.0 1
454 0.125 nan 0.8 1.0 1.0 1980.644751142636 1980.645817714088 1981.0024192129995 1980.135029979644 1982.5783480262342 1980.869331094002 -1.0 1980.869331094002 -1.0 1
455 1.0 nan 0.8 1.0 1.0 1983.9676211710464 1983.9684877603513 1984.323889366379 1983.2623507983983 1985.901108558395 1984.1971006850201 -1.0 1984.1971006850201 -1.0 1
456 1.0 nan 0.8 1.0 1.0 1987.2945241727598 1987.2954907531382 1987.6512256627448 1986.5835209785569 1989.2174508493704 1987.4735415249097 -1.0 1987.4735415249097 -1.0 1
457 1.0 nan 0.8 1.0 1.0 1990.494138537746 1990.4951384484823 1990.820276089559 1989.9217563019479 1992.3841998352957 1990.6778554703565 -1.0 1990.6778554703565 -1.0 1
458 nan 0.25 0.8 -1.0 1.0 1993.8280409146132 1993.8291074860651 1994.5862398955678 1993.0623092727785 1996.1611367188789 1994.0973835366062 1.0 1994.4515185890345 1.0 2
459 0.25 nan 0.8 1.0 1.0 1997.3007642320324 1997.3017641427687 1997.7917870642561 1996.8236401590427 1999.3510048442245 1997.6191691408183 -1.0 1997.6191691408183 -1.0 1
460 1.0 nan 0.8 1.0 1.0 2000.7612553081112 2000.762088567058 2001.105924538903 2000.0379198814944 2002.6782498029538 2000.9372395976945 -1.0 2000.9372395976945 -1.0 1
461 0.25 nan 0.8 1.0 1.0 2003.9841675932526 2003.985067512915 2004.5662822935503 2003.36635607967 2006.134287078429 2004.4188621206665 -1.0 2004.4188621206665 -1.0 1
462 nan 1.0 0.8 -1.0 1.0 2007.5782800740546 2007.5790466722858 2008.1397299524697 2007.038994883627 2009.7118488843844 2007.8258246419969 1.0 2007.8258246419969 1.0 1
463 1.0 nan 0.8 1.0 1.0 2010.9841093632174 2010.985042613238 2011.4370689267473 2010.4113604934828 2013.0116914477444 2011.2357868955364 -1.0 2011.2357868955364 -1.0 1
464 0.125 nan 0.8 1.0 1.0 2014.2840147750514 2014.2850480161458 2014.7465068209337 2013.7311974593265 2016.3174326712058 2014.5732556206963 -1.0 2014.5732556206963 -1.0 1
465 0.25 nan 0.8 1.0 1.0 2017.9783849723435 2017.979351552722 2018.2873573898507 2016.9955393793073 2019.8613801012034 2018.158335574514 -1.0 2018.158335574514 -1.0 1
466 0.125 nan 0.8 1.0 1.0 2021.300721715028 2021.3016882954064 2025.1677764964736 2020.5531884485933 2026.7450964159154 2024.963728045559 -1.0 2024.963728045559 -1.0 1
467 nan 0.125 0.8 1.0 -1.0 2028.0340539523459 2028.0349872023662 2031.9563038064334 2027.43590734991 2034.5280001578335 2031.5048441090082 -1.0 2031.9093746625447 -1.0 2
468 0.0 nan 0.8 -1.0 -1.0 2036.717345446819 2036.7182786968397 2037.340956442672 2035.2624086648325 2039.9115878389598 2036.978888765069 -1.0 2036.978888765069 -1.0 1
469 0.25 nan 0.8 1.0 1.0 2041.200711875743 2041.2016117954056 2041.6659036806132 2040.6133976396166 2043.2341297196863 2041.4474565150963 -1.0 2041.4474565150963 -1.0 1
470 0.125 nan 0.8 1.0 1.0 2044.4614207867153 2044.4622540456621 2049.1528353094986 2043.9219356141405 2050.7278571438433 2049.0400787088056 -1.0 2049.0400787088056 -1.0 1
471 nan 0.125 0.8 1.0 -1.0 2051.883924833827 2051.884891414206 2056.6721973765975 2051.410167126983 2059.23386726799 2056.478014711614 -1.0 2056.478014711614 -1.0 1
472 0.125 nan 0.8 1.0 1.0 2060.644309446067 2060.645176035372 2061.3691114084304 2059.9222739034076 2062.934031875453 2060.8847879781397 -1.0 2061.252288504076 -1.0 3
473 0.25 nan 0.8 1.0 1.0 2064.294783562037 2064.295850133489 2064.582057916567 2063.621643654381 2066.160981018913 2064.4526694672936 -1.0 2064.4526694672936 -1.0 1
474 0.0 nan 0.8 1.0 1.0 2069.183780446307 2069.1848136874014 2069.619208241594 2066.8393897340516 2071.194832513119 2069.414493183522 -1.0 2069.414493183522 -1.0 1
475 0.125 nan 0.8 1.0 1.0 2072.6339391114443 2072.6348057007494 2073.0318702541217 2071.8968382470252 2074.5942905858974 2072.8968489743675 -1.0 2072.8968489743675 -1.0 1
476 0.125 nan 0.8 1.0 1.0 2075.8504852982314 2075.85145187861 2076.3967032030973 2075.2916018573733 2077.9613294742458 2076.116261571932 -1.0 2076.116261571932 -1.0 1
477 nan 0.125 0.8 -1.0 1.0 2079.1337921918434 2079.13479210258 2079.464062708033 2078.663134208282 2081.027482486288 2079.3465731965216 1.0 2079.3465731965216 1.0 1
478 0.25 nan 0.8 1.0 1.0 2082.4338309251093 2082.4347641751297 2087.6015695922933 2081.72559415061 2089.177792050656 2087.430484865318 -1.0 2087.430484865318 -1.0 1
479 1.0 nan 0.8 -1.0 -1.0 2091.55035041125 2091.551416982702 2100.758061756538 2089.884299142479 2103.3171001542364 2100.363696962154 1.0 2100.363696962154 1.0 1
480 0.0 nan 0.8 1.0 1.0 2104.8774273471026 2104.878360597123 2110.209817982192 2104.2953126468046 2111.777637531019 2110.0150687011246 -1.0 2110.0150687011246 -1.0 1
481 0.25 nan 0.8 1.0 1.0 2113.1338902786206 2113.1350235107884 2114.212660641623 2112.485548157224 2115.7667860956476 2113.408165793579 -1.0 2113.5519196270966 1.0 2
482 1.0 nan 0.8 1.0 1.0 2117.0278093285137 2117.028675917819 2117.3999094438373 2116.4644929500582 2118.9609312765347 2117.230657886545 -1.0 2117.230657886545 -1.0 1
483 0.0625 nan 0.8 1.0 1.0 2120.133632066438 2120.1346653075325 2125.430925834685 2119.67233991344 2126.9837493688306 2125.2244109372873 -1.0 2125.2244109372873 -1.0 1
484 0.25 nan 0.8 1.0 1.0 2128.227542842597 2128.228642744407 2132.2016214031814 2127.677958571586 2133.7503479307416 2132.099363865219 -1.0 2132.099363865219 -1.0 1
485 nan 0.25 0.2 -1.0 1.0 2134.910512909165 2134.9116128109745 2135.358572910087 2134.4298558182404 2136.9169946978623 2135.212752594381 1.0 2135.212752594381 1.0 1
486 nan 0.25 0.2 -1.0 1.0 2138.210351660283 2138.2112849103037 2138.870426067652 2137.6223041562835 2140.433549864912 2138.4948262647513 1.0 2138.740937627305 1.0 2
487 nan 1.0 0.2 -1.0 1.0 2141.727604335824 2141.728637576918 2142.0192782975937 2141.118058750995 2143.5836990682947 2141.9180206703672 1.0 2141.9180206703672 1.0 1
488 0.125 nan 0.2 1.0 1.0 2144.7775987243067 2144.7785986350427 2148.1616632897767 2144.288809026061 2149.700287560462 2148.06213884116 -1.0 2148.06213884116 -1.0 1
489 nan 0.0 0.2 1.0 -1.0 2150.8774541798402 2150.8782541084292 2155.3072253933 2150.402096615818 2157.8501932946924 2155.192235658629 -1.0 2155.192235658629 -1.0 1
490 nan 0.125 0.2 -1.0 1.0 2159.2772043198656 2159.27823756096 2160.3543414953324 2158.5724005722277 2161.9108630118453 2159.91804711074 -1.0 2160.157525732077 1.0 2
491 nan 0.0625 0.2 1.0 -1.0 2163.100096377126 2163.101229609294 2167.9615290554334 2162.6080736341664 2170.5273945165354 2167.8025099180086 -1.0 2167.8025099180086 -1.0 1
492 0.25 nan 0.2 1.0 1.0 2171.983403349211 2171.984536581379 2172.505023449965 2171.238403189975 2174.077646237841 2172.206616755904 -1.0 2172.206616755904 -1.0 1
493 nan 0.125 0.2 1.0 -1.0 2175.416863505053 2175.4178634157893 2180.3284917023207 2174.7732542944746 2182.900058854412 2180.187704270654 -1.0 2180.187704270654 -1.0 1
494 nan 0.125 0.2 -1.0 1.0 2184.5270168928396 2184.528150125007 2193.854217571112 2183.606165765452 2195.416558022443 2193.6661676919775 1.0 2193.6661676919775 1.0 1
495 nan 0.125 0.2 -1.0 1.0 2197.310609013172 2197.3114422721187 2202.9865689772437 2196.2586695882596 2204.54998918728 2202.794819428385 1.0 2202.854347447551 1.0 2
496 nan 1.0 0.2 -1.0 1.0 2206.010532356225 2206.011432275888 2206.352301845882 2205.2802975455284 2207.9166278329412 2206.2383453523053 1.0 2206.2383453523053 1.0 1
497 nan 1.0 0.2 -1.0 1.0 2209.1271207997434 2209.128087380122 2209.543950255336 2208.616233074226 2211.127171862461 2209.417194904335 1.0 2209.417194904335 1.0 1
498 nan 0.25 0.2 -1.0 1.0 2212.549881910707 2212.5507485000117 2213.0264060372547 2211.8210803053985 2214.6000333929237 2212.841755854624 1.0 2212.841755854624 1.0 1
499 nan 0.125 0.2 -1.0 1.0 2216.2768491980014 2216.277715787306 2216.9255579533346 2215.5273494404523 2218.4834848996475 2216.737874708137 1.0 2216.737874708137 1.0 1
500 nan 0.125 0.2 -1.0 1.0 2219.6932775409687 2219.6940441392 2240.5273176507903 2219.1701909044687 2242.0832368831725 2240.36116581678 1.0 2240.36116581678 1.0 1
501 nan 0.125 0.2 -1.0 1.0 2243.327067712343 2243.3279676320053 2243.644839344329 2242.8139468528475 2245.2271685167016 2243.345266087743 1.0 2243.345266087743 1.0 1
502 nan 0.0625 0.2 -1.0 1.0 2246.5997755521503 2246.600642141455 2247.1961889759764 2245.890572197273 2248.7664131230763 2246.9331124612645 1.0 2246.9331124612645 1.0 1
503 nan 0.25 0.2 -1.0 1.0 2249.9604755367495 2249.9613087956964 2250.3026449907006 2249.4571204721115 2251.877167150318 2250.1690235859774 1.0 2250.1690235859774 1.0 1
504 0.25 nan 0.2 1.0 1.0 2253.1662560179425 2253.167289259037 2253.5124917755547 2252.5511775937057 2255.0936167685713 2253.392869121139 -1.0 2253.392869121139 -1.0 1
505 nan 0.0 0.2 -1.0 1.0 2256.3829021958036 2256.3839354368974 2265.55628327248 2255.76212428037 2267.1165037891337 2265.3778991971294 1.0 2265.3778991971294 1.0 1
506 nan 0.0625 0.2 -1.0 1.0 2269.0768689838083 2269.0779022249026 2270.1817370170274 2267.835913099383 2271.760162027503 2269.944491529669 1.0 2269.944491529669 1.0 1
507 0.125 nan 0.2 -1.0 -1.0 2273.083011348669 2273.0839445986894 2284.092195206777 2272.4458682275185 2286.6600920148867 2283.8147866381782 1.0 2283.8147866381782 1.0 1
508 nan 0.125 0.2 -1.0 1.0 2287.966249363377 2287.967182613397 2293.3679671428476 2287.3843013148685 2294.943514282506 2293.1713180313814 1.0 2293.1713180313814 1.0 1
509 1.0 nan 0.8 1.0 1.0 2297.2996161578562 2297.3005160775188 2298.3728536814515 2295.721523703519 2299.933075799361 2298.075313576696 -1.0 2298.075313576696 -1.0 1
510 0.0625 nan 0.8 -1.0 -1.0 2301.1765367252333 2301.1775033056115 2310.3001222472435 2300.653983374459 2312.87685481414 2310.0744757244256 1.0 2310.0744757244256 1.0 1
511 0.0625 nan 0.8 -1.0 -1.0 2314.0829178839795 2314.083784473284 2343.593383434552 2313.5815626408144 2346.160040035031 2343.2269494800676 1.0 2343.5809845414224 1.0 2
512 0.125 nan 0.8 -1.0 -1.0 2347.4659377250473 2347.4670376268573 2379.435950374336 2346.9585496871064 2381.965976651837 2379.257732950775 1.0 2379.257732950775 1.0 1
513 0.125 nan 0.8 -1.0 -1.0 2383.509686704968 2383.510586624631 2392.1752464490514 2382.7638866171433 2394.7598727390923 2390.209288620116 1.0 2391.8799728086315 1.0 3
514 nan 1.0 0.8 -1.0 1.0 2396.015870256702 2396.0168701674384 2396.593885322981 2395.5083822276874 2398.1762251754208 2396.3533734605503 1.0 2396.3533734605503 1.0 1
