CSHL045 dfd8e7df-dc51-4589-b6ca-7baccfeb94b4 churchlandlab 2026-07-28T16:01:20.797097 _iblrig_tasks_ephysChoiceWorld6.2.5 M 364 528
0 nan 0.25 0.5 -1.0 1.0 32.470866666666666 32.3893 32.777433333333335 31.727133333333335 34.33756462880165 32.666333333333334 1.0 32.666333333333334 1.0 1
1 1.0 nan 0.5 1.0 1.0 35.23683333333334 35.237633333333335 35.612566666666666 34.69736666666667 37.170868666666664 35.436766666666664 -1.0 35.436766666666664 -1.0 1
2 1.0 nan 0.5 1.0 1.0 38.6536 38.6546 38.8806 37.54816666666667 40.43749830509309 38.765433333333334 -1.0 38.765433333333334 -1.0 1
3 nan 1.0 0.5 -1.0 1.0 45.803666666666665 45.804566666666666 46.14523333333333 40.7977 47.7040653280333 46.03086666666667 1.0 46.03086666666667 1.0 1
4 nan 0.0625 0.5 -1.0 1.0 49.7369 49.73786666666667 51.0277 48.06816666666667 52.58689951820901 49.87976666666667 -1.0 50.905033333333336 1.0 3
5 1.0 nan 0.5 1.0 1.0 53.670566666666666 53.671533333333336 53.9473 52.9504 55.503831179402795 53.819766666666666 -1.0 53.819766666666666 -1.0 1
6 0.125 nan 0.5 1.0 1.0 56.3535 56.3545 56.543933333333335 55.867333333333335 58.10356409773353 56.388933333333334 -1.0 56.388933333333334 -1.0 1
7 nan 0.25 0.5 -1.0 1.0 60.27053333333333 60.2715 60.697266666666664 58.45876666666667 62.25359907592694 60.44733333333333 1.0 60.44733333333333 1.0 1
8 0.0625 nan 0.5 -1.0 -1.0 63.28713333333334 63.288133333333334 63.5098 62.6185 66.070502 63.3135 1.0 63.3135 1.0 1
9 1.0 nan 0.5 1.0 1.0 68.0866 68.08743333333334 68.33233333333334 66.4694 69.90383229695303 68.23976666666667 -1.0 68.23976666666667 -1.0 1
10 nan 0.0 0.5 -1.0 1.0 71.76996666666666 71.7711 72.65666666666667 70.24803333333334 74.22026590660694 72.52943333333333 1.0 72.52943333333333 1.0 1
11 0.25 nan 0.5 1.0 1.0 78.5196 78.5204 78.77183333333333 74.57886666666667 80.33643128530488 78.68613333333333 -1.0 78.68613333333333 -1.0 1
12 nan 1.0 0.5 -1.0 1.0 81.187 81.18803333333334 81.46793333333333 80.70863333333334 83.03666417986939 81.36943333333333 1.0 81.36943333333333 1.0 1
13 0.0625 nan 0.5 1.0 1.0 85.52033333333334 85.52136666666667 86.21956666666667 83.39876666666666 87.78699937959658 85.71216666666666 -1.0 85.96503333333334 -1.0 2
14 nan 0.0 0.5 1.0 -1.0 88.8031 88.804 89.57233333333333 88.1614 92.1368325217892 89.44983333333333 -1.0 89.44983333333333 -1.0 1
15 nan 0.0625 0.5 1.0 -1.0 94.55283333333334 94.55396666666667 97.10663333333333 92.50303333333333 99.66949831335327 94.9344 -1.0 97.0906 -1.0 5
16 nan 1.0 0.5 -1.0 1.0 101.55316666666667 101.55426666666666 102.0307 100.089 103.58623227330096 101.80526666666667 1.0 102.01213333333334 1.0 2
17 nan 0.125 0.5 -1.0 1.0 104.47 104.47093333333333 104.85743333333333 103.93973333333334 106.41983533333334 104.72286666666666 1.0 104.72286666666666 1.0 1
18 nan 0.125 0.5 -1.0 1.0 107.2528 107.2539 107.60936666666667 106.76843333333333 109.1699643527521 107.3485 1.0 107.3485 1.0 1
19 1.0 nan 0.5 1.0 1.0 109.98626666666667 109.98723333333334 110.30136666666667 109.52696666666667 111.86999762586673 109.9422 1.0 109.9422 1.0 1
20 0.0625 nan 0.5 1.0 1.0 113.16946666666666 113.17053333333334 113.8024 112.2239 115.3693319279917 113.6973 -1.0 113.6973 -1.0 1
21 0.25 nan 0.5 1.0 1.0 116.25303333333333 116.2542 116.47523333333334 115.72723333333333 118.05263533333333 116.292 -1.0 116.292 -1.0 1
22 nan 0.0625 0.5 1.0 -1.0 119.8363 119.83716666666666 120.2975 118.41643333333333 122.86979688979197 120.0153 -1.0 120.0153 -1.0 1
23 nan 0.125 0.5 1.0 -1.0 124.01926666666667 124.02016666666667 124.57783333333333 123.2395 127.15273312264739 124.44943333333333 -1.0 124.44943333333333 -1.0 1
24 nan 0.0625 0.5 -1.0 1.0 128.1863 128.18713333333332 128.89133333333334 127.56983333333334 130.46923533333333 128.7962 1.0 128.7962 1.0 1
25 0.125 nan 0.5 -1.0 -1.0 132.5362 132.5371 132.71643333333333 130.83713333333333 135.30239689854955 132.58513333333335 1.0 132.58513333333335 1.0 1
26 0.25 nan 0.5 1.0 1.0 137.61953333333332 137.6204 138.2101 135.6724 139.78633259504846 137.91116666666667 -1.0 138.13126666666668 -1.0 2
27 nan 0.0625 0.5 1.0 -1.0 141.86923333333334 141.8704 142.7704 140.15453333333335 145.35216644309972 142.65746666666666 -1.0 142.65746666666666 -1.0 1
28 nan 1.0 0.5 1.0 -1.0 146.3525 146.35336666666666 146.4637 145.72366666666667 149.0356986414343 146.3311 -1.0 146.3311 -1.0 1
29 nan 1.0 0.5 -1.0 1.0 149.93596666666667 149.937 150.5464 149.4068 152.10233130721727 150.1953 1.0 150.1953 1.0 1
30 nan 0.125 0.5 -1.0 1.0 153.01916666666668 153.02 159.7185 152.47263333333333 161.2855988518042 153.3852 1.0 159.62496666666667 1.0 6
31 0.0625 nan 0.5 1.0 1.0 162.30236666666667 162.3033 162.8204 161.7224 164.38593126089248 162.5854 -1.0 162.5854 -1.0 1
32 nan 0.0625 0.5 1.0 -1.0 165.43553333333332 165.4366 165.83093333333332 164.75663333333333 168.38536556042584 165.39776666666666 -1.0 165.39776666666666 -1.0 1
33 0.0625 nan 0.5 1.0 1.0 169.88556666666668 169.88656666666665 170.39196666666666 168.75826666666666 171.95239853874642 170.28986666666665 -1.0 170.28986666666665 -1.0 1
34 0.0625 nan 0.5 1.0 1.0 172.91863333333333 172.91956666666667 173.3599 172.3225 174.91920199999998 173.25026666666668 -1.0 173.25026666666668 -1.0 1
35 1.0 nan 0.5 1.0 1.0 175.88526666666667 175.8862 176.02603333333334 175.2908 177.58573067946364 175.87203333333332 -1.0 175.87203333333332 -1.0 1
36 0.0625 nan 0.5 1.0 1.0 178.65203333333332 178.6532 179.20543333333333 177.95813333333334 180.7685647767336 178.9701 -1.0 178.9701 -1.0 1
37 nan 0.0625 0.5 1.0 -1.0 184.3023 184.30316666666667 184.86516666666665 181.13986666666668 187.41880006149063 184.7537 -1.0 184.7537 -1.0 1
38 nan 1.0 0.5 -1.0 1.0 188.55153333333334 188.55246666666667 188.84363333333334 187.8065 190.4019306468212 188.74066666666667 1.0 188.74066666666667 1.0 1
39 nan 0.125 0.5 1.0 -1.0 191.55196666666666 191.5531 192.1921 190.82653333333334 194.75176575135228 191.79613333333333 -1.0 191.79613333333333 -1.0 1
40 nan 1.0 0.5 -1.0 1.0 196.06873333333334 196.0701 196.4286 195.12796666666668 197.98489816884043 196.3257 1.0 196.3257 1.0 1
41 0.0 nan 0.5 -1.0 -1.0 198.8686 198.86973333333333 199.8744 198.3559 202.43533255525844 199.7511 1.0 199.7511 1.0 1
42 nan 0.0625 0.5 -1.0 1.0 203.36826666666667 203.3694 204.00436666666667 202.80623333333332 205.56836471302148 203.89596666666668 1.0 203.89596666666668 1.0 1
43 nan 0.125 0.5 -1.0 1.0 206.6354 206.63636666666667 207.14056666666667 205.94006666666667 208.7013980294127 206.88253333333333 1.0 206.88253333333333 1.0 1
44 0.125 nan 0.5 1.0 1.0 209.61846666666668 209.61936666666668 210.3735 209.0748 211.93513156109506 210.22446666666667 -1.0 210.22446666666667 -1.0 1
45 0.125 nan 0.5 1.0 1.0 212.86813333333333 212.869 213.35993333333334 212.30013333333332 214.91853533333335 213.15283333333332 -1.0 213.15283333333332 -1.0 1
46 0.125 nan 0.5 1.0 1.0 215.91803333333334 215.919 216.42936666666665 215.35013333333333 217.98516533753812 216.08223333333333 -1.0 216.40673333333334 -1.0 2
47 nan 1.0 0.5 1.0 -1.0 219.7849 219.78596666666667 219.93496666666667 218.37846666666667 222.50169913307622 219.82263333333333 -1.0 219.82263333333333 -1.0 1
48 0.25 nan 0.5 1.0 1.0 225.3013 225.3023 225.58743333333334 222.8897 227.1513325655514 225.45496666666668 -1.0 225.45496666666668 -1.0 1
49 0.0625 nan 0.5 1.0 1.0 228.0017 228.0026 228.53596666666667 227.53723333333335 230.08466423903866 228.25663333333333 -1.0 228.45493333333334 -1.0 2
50 nan 0.125 0.5 -1.0 1.0 231.1516 231.15256666666667 231.65596666666667 230.47486666666666 233.21789788701759 231.5514 1.0 231.5514 1.0 1
51 0.25 nan 0.5 1.0 1.0 236.85156666666666 236.85256666666666 237.14013333333332 233.604 238.70153293782698 237.0531 -1.0 237.0531 -1.0 1
52 0.125 nan 0.5 1.0 1.0 239.56776666666667 239.56886666666668 239.84923333333333 239.09623333333334 241.41786400676818 239.75803333333334 -1.0 239.75803333333334 -1.0 1
53 0.0625 nan 0.5 1.0 1.0 243.8347 243.83583333333334 244.20316666666668 241.79516666666666 245.76779851117124 244.09683333333334 -1.0 244.09683333333334 -1.0 1
54 nan 0.25 0.5 -1.0 1.0 249.50143333333332 249.50246666666666 250.07813333333334 246.2322 251.6346330381197 249.73886666666667 1.0 250.05326666666667 1.0 2
55 nan 0.125 0.5 1.0 -1.0 252.5181 252.51913333333334 253.24113333333332 252.03413333333333 255.8012656840613 253.1127 -1.0 253.1127 -1.0 1
56 0.125 nan 0.5 -1.0 -1.0 256.7176 256.7188 256.8274333333333 256.1714666666667 259.3841984188661 256.6530666666667 1.0 256.6530666666667 1.0 1
57 0.25 nan 0.5 1.0 1.0 260.46796666666665 260.46906666666666 260.7633333333333 259.7709 262.3176309687642 260.67296666666664 -1.0 260.67296666666664 -1.0 1
58 0.25 nan 0.5 1.0 1.0 263.30126666666666 263.3024 263.6041333333333 262.7013333333333 265.1677641740686 263.48623333333336 -1.0 263.48623333333336 -1.0 1
59 1.0 nan 0.5 1.0 1.0 266.28413333333333 266.2850666666667 266.55106666666666 265.55196666666666 268.1179686666666 266.41973333333334 -1.0 266.41973333333334 -1.0 1
60 nan 0.0625 0.5 1.0 -1.0 269.08386666666667 269.08503333333334 269.73103333333336 268.49586666666664 272.2844983944823 269.4819 -1.0 269.6320333333333 -1.0 2
61 0.25 nan 0.5 1.0 1.0 273.26736666666665 273.2683666666667 273.59503333333333 272.744 275.1504308599698 273.49306666666666 -1.0 273.49306666666666 -1.0 1
62 0.0625 nan 0.5 1.0 1.0 276.1010333333333 276.102 276.38303333333334 275.52343333333334 277.9342640374577 276.25443333333334 -1.0 276.25443333333334 -1.0 1
63 0.0 nan 0.5 -1.0 -1.0 280.1673 280.16833333333335 280.7413 278.32306666666665 283.3008995488222 280.6449666666667 1.0 280.6449666666667 1.0 1
64 nan 0.125 0.5 -1.0 1.0 284.3170666666667 284.3179666666667 284.6816 283.696 286.23393089726164 284.55786666666665 1.0 284.55786666666665 1.0 1
65 nan 0.0 0.5 1.0 -1.0 287.3174333333333 287.3183333333333 289.7926 286.62353333333334 292.3504665215331 287.5245 1.0 289.57686666666666 -1.0 5
66 0.25 nan 0.5 1.0 1.0 293.73423333333335 293.7352333333333 294.0608 292.7443666666667 295.6172980690001 293.95506666666665 -1.0 293.95506666666665 -1.0 1
67 0.0 nan 0.5 -1.0 -1.0 296.53343333333333 296.53456666666665 297.0349 296.0014 299.60033213398646 296.89346666666665 1.0 296.89346666666665 1.0 1
68 nan 0.25 0.5 -1.0 1.0 300.5509333333333 300.5518666666667 301.3521666666667 299.98243333333335 302.9174641952975 300.94753333333335 1.0 301.2064 1.0 2
69 1.0 nan 0.5 1.0 1.0 304.0504 304.05153333333334 304.2998666666667 303.37216666666666 305.86739753328936 304.193 -1.0 304.193 -1.0 1
70 nan 0.25 0.5 -1.0 1.0 306.96686666666665 306.9678333333333 307.652 306.2535 309.2169315766413 307.30043333333333 1.0 307.30043333333333 1.0 1
71 nan 0.25 0.5 -1.0 1.0 310.1171 310.11813333333333 310.56123333333335 309.5933333333333 312.1171353333333 310.4456666666667 1.0 310.4456666666667 1.0 1
72 0.25 nan 0.5 1.0 1.0 312.98406666666665 312.98513333333335 313.97346666666664 312.50243333333333 315.5333649504963 313.1784666666667 -1.0 313.1784666666667 -1.0 1
73 0.125 nan 0.5 1.0 1.0 316.6338333333333 316.6347666666667 316.9936666666667 315.91366666666664 318.5501975595226 316.87393333333335 -1.0 316.87393333333335 -1.0 1
74 nan 0.0625 0.5 1.0 -1.0 319.6338 319.6348 319.8598 318.9554 322.41683189818 319.6043 -1.0 319.6043 -1.0 1
75 0.0 nan 0.5 -1.0 -1.0 323.3503333333333 323.3514 324.3394 322.8145333333333 326.90006578238865 324.02383333333336 1.0 324.28403333333335 1.0 2
76 1.0 nan 0.5 1.0 1.0 327.8837 327.8847 328.16296666666665 327.28706666666665 329.7166974200336 328.0341 -1.0 328.0341 -1.0 1
77 0.125 nan 0.5 1.0 1.0 330.6668666666667 330.6677 331.3515 330.1037 332.91670199999993 330.9925 -1.0 331.246 -1.0 2
78 nan 0.125 0.5 -1.0 1.0 333.7835333333333 333.7846666666667 334.53203333333335 333.3042 336.08333121096496 334.1809666666667 1.0 334.5092 1.0 2
79 0.125 nan 0.5 1.0 1.0 337.0167333333333 337.0176666666667 337.5448666666667 336.4755333333333 339.10006441304347 337.28953333333334 -1.0 337.28953333333334 -1.0 1
80 nan 0.25 0.5 -1.0 1.0 339.9502 339.9513 340.4646666666667 339.4839666666667 342.01679755025657 340.2285 1.0 340.44143333333335 1.0 2
81 nan 0.25 0.5 -1.0 1.0 343.0163 343.0173 343.4105 342.407 344.983102 343.2883 1.0 343.2883 1.0 1
82 nan 0.25 0.5 -1.0 1.0 346.00006666666667 346.0009333333333 346.35403333333335 345.3662 347.91663087683423 346.2092666666667 1.0 346.2092666666667 1.0 1
83 nan 0.0 0.5 -1.0 1.0 348.8829666666667 348.88393333333335 349.9399666666667 348.3102333333333 351.49976503904264 349.63126666666665 1.0 349.9114 1.0 2
84 nan 0.0 0.5 1.0 -1.0 352.45003333333335 352.4509 353.2425666666667 351.8892666666667 355.79959834209865 353.1033 -1.0 353.1033 -1.0 1
85 nan 1.0 0.5 -1.0 1.0 356.8165 356.81753333333336 357.1374 356.2816 358.71623063361795 357.02093333333335 1.0 357.02093333333335 1.0 1
86 nan 0.25 0.5 -1.0 1.0 359.7499666666667 359.75086666666664 360.2205333333333 359.11583333333334 361.80006432571855 360.0840666666667 1.0 360.0840666666667 1.0 1
87 nan 1.0 0.5 -1.0 1.0 362.88283333333334 362.8838333333333 363.27706666666666 362.2019666666667 364.84946866666667 363.16433333333333 1.0 363.16433333333333 1.0 1
88 0.0 nan 0.5 -1.0 -1.0 365.8832 365.88416666666666 366.53946666666667 365.23536666666666 369.11609888737814 366.2383 1.0 366.50913333333335 1.0 2
89 1.0 nan 0.5 1.0 1.0 370.0162666666667 370.01713333333333 370.3023333333333 369.5158 371.88283051466084 370.1812 -1.0 370.1812 -1.0 1
90 nan 1.0 0.2 -1.0 1.0 373.0165 373.0174333333333 373.32703333333336 372.2828333333333 374.8998642223915 373.23376666666667 1.0 373.23376666666667 1.0 1
91 nan 0.0625 0.2 -1.0 1.0 375.7994 375.80043333333333 376.7001666666667 375.30246666666665 378.26639800671165 376.3684666666667 1.0 376.6562333333333 1.0 2
92 nan 0.0625 0.2 -1.0 1.0 379.2325666666667 379.2334 380.0854 378.6698 381.6497313702149 379.9133 1.0 379.9133 1.0 1
93 nan 0.0625 0.2 1.0 -1.0 382.6992333333333 382.7004 382.8057333333333 382.0518333333333 385.38286441184795 382.7176 -1.0 382.7176 -1.0 1
94 0.125 nan 0.2 1.0 1.0 387.56596666666667 387.5670333333333 387.89706666666666 385.8702666666667 389.4659986211148 387.8094 -1.0 387.8094 -1.0 1
95 nan 0.25 0.2 1.0 -1.0 396.6159333333333 396.617 397.3389666666667 389.8716 399.915865878567 397.2262 -1.0 397.2262 -1.0 1
96 1.0 nan 0.2 1.0 1.0 402.48263333333335 402.48363333333333 402.725 400.35426666666666 404.2993989168047 402.61476666666664 -1.0 402.61476666666664 -1.0 1
97 nan 0.125 0.2 -1.0 1.0 405.3654666666667 405.36626666666666 406.15433333333334 404.7015 407.73243140082843 405.82753333333335 1.0 405.82753333333335 1.0 1
98 nan 1.0 0.2 -1.0 1.0 409.29906666666665 409.2999 409.6419333333333 408.13783333333333 411.2157647770794 409.5341 1.0 409.5341 1.0 1
99 nan 1.0 0.2 -1.0 1.0 412.4326 412.43356666666665 413.0158666666667 411.62236666666666 414.58199799811695 412.6551 1.0 412.92893333333336 -1.0 2
100 nan 0.0 0.2 1.0 -1.0 415.4657 415.46653333333336 415.89453333333336 414.9858 418.4660318424956 415.7481666666667 -1.0 415.7481666666667 -1.0 1
101 nan 0.125 0.2 -1.0 1.0 419.6154333333333 419.61653333333334 419.8659333333333 418.8731333333333 421.4321353333333 419.7454666666667 1.0 419.7454666666667 1.0 1
102 nan 1.0 0.2 -1.0 1.0 422.48243333333335 422.4835 422.5636666666667 421.9196333333333 424.1325634443851 422.4721666666667 1.0 422.4721666666667 1.0 1
103 nan 1.0 0.2 -1.0 1.0 425.0819 425.0828333333333 425.5604666666667 424.54366666666664 427.1324975012976 425.2468666666667 1.0 425.5389666666667 1.0 2
104 nan 0.0625 0.2 -1.0 1.0 428.0486 428.04946666666666 428.5191 427.5364 430.0989317792341 428.1775666666667 1.0 428.47473333333335 1.0 2
105 nan 1.0 0.2 -1.0 1.0 431.26523333333336 431.26613333333336 431.57093333333336 430.50443333333334 433.14863533333335 431.44826666666665 1.0 431.44826666666665 1.0 1
106 0.0625 nan 0.2 1.0 1.0 434.3823 434.3831 435.01956666666666 433.55623333333335 436.5989647587134 434.7442 -1.0 434.7442 -1.0 1
107 0.0625 nan 0.2 -1.0 -1.0 437.56533333333334 437.5664 438.15006666666665 437.00306666666665 440.7150997078032 438.05393333333336 1.0 438.05393333333336 1.0 1
108 nan 0.125 0.2 -1.0 1.0 441.6989 441.6997333333333 441.9032 441.1219 443.481930525177 441.8289 1.0 441.8289 1.0 1
109 nan 0.0625 0.2 -1.0 1.0 444.3488 444.3497 445.1621333333333 443.8797333333333 446.732164524966 445.068 1.0 445.068 1.0 1
110 nan 1.0 0.2 -1.0 1.0 447.6151 447.61603333333335 447.9046666666667 447.13686666666666 449.4816686666667 447.79883333333333 1.0 447.79883333333333 1.0 1
111 nan 0.125 0.2 -1.0 1.0 450.5654666666667 450.5663333333333 450.6502 449.8890666666667 452.2154960683393 450.5404 1.0 450.5404 1.0 1
112 nan 0.0625 0.2 -1.0 1.0 453.26483333333334 453.2656666666667 453.627 452.7191 455.19853064903396 453.28633333333335 1.0 453.5013333333333 -1.0 2
113 nan 0.25 0.2 -1.0 1.0 457.91526666666664 457.9163 458.34316666666666 455.6039333333333 459.91506569534477 458.2334333333333 1.0 458.2334333333333 1.0 1
114 nan 0.0625 0.2 -1.0 1.0 461.1487 461.1496333333333 461.68986666666666 460.3369666666667 463.2652980116045 461.57006666666666 1.0 461.57006666666666 1.0 1
115 0.25 nan 0.2 1.0 1.0 464.2979 464.2989333333333 464.6505 463.6633 466.21513071613606 464.47436666666664 -1.0 464.47436666666664 -1.0 1
116 nan 0.25 0.2 -1.0 1.0 467.19823333333335 467.1992333333333 467.48453333333333 466.6254333333333 469.0652353333333 467.1639 1.0 467.44106666666664 1.0 2
117 nan 0.25 0.2 -1.0 1.0 470.01486666666665 470.0159 470.42136666666664 469.4633333333333 471.9984641308387 470.2977666666667 1.0 470.2977666666667 1.0 1
118 nan 0.0625 0.2 -1.0 1.0 472.9978 472.9988666666667 473.5430666666667 472.39776666666666 475.11479752060234 473.4488666666667 1.0 473.4488666666667 1.0 1
119 nan 0.0625 0.2 -1.0 1.0 477.79836666666665 477.7992 478.4116333333333 475.5366 479.9817324588386 478.3078 1.0 478.3078 1.0 1
120 0.125 nan 0.2 1.0 1.0 480.8979 480.89883333333336 481.4961333333333 480.4012333333333 483.0646641187774 481.15143333333333 -1.0 481.15143333333333 -1.0 1
121 0.125 nan 0.2 1.0 1.0 484.16493333333335 484.1658 484.9929666666667 483.48546666666664 486.56499727992565 484.727 -1.0 484.93826666666666 -1.0 2
122 nan 0.0 0.2 -1.0 1.0 487.6812 487.68216666666666 487.8674 487.073 489.431703 487.7622666666667 1.0 487.7622666666667 1.0 1
123 nan 1.0 0.2 -1.0 1.0 490.54783333333336 490.54876666666667 490.69353333333333 489.8423 492.2646305312368 490.579 1.0 490.579 1.0 1
124 1.0 nan 0.2 1.0 1.0 493.2814666666667 493.28276666666665 493.65323333333333 492.6723333333333 495.2310640505275 493.2710333333333 1.0 493.2710333333333 1.0 1
125 nan 0.25 0.2 -1.0 1.0 496.18153333333333 496.1824 496.5566666666667 495.64236666666665 498.1310971496652 496.45476666666667 1.0 496.45476666666667 1.0 1
126 0.0625 nan 0.2 1.0 1.0 501.1481 501.1490333333333 501.7556 498.5549 503.3311326208015 501.62873333333334 -1.0 501.62873333333334 -1.0 1
127 nan 0.125 0.2 -1.0 1.0 504.24806666666666 504.24903333333333 504.5670333333333 503.75423333333333 506.13136364126564 504.47683333333333 1.0 504.47683333333333 1.0 1
128 nan 1.0 0.2 -1.0 1.0 508.74743333333333 508.74833333333333 509.03476666666666 506.55336666666665 510.6142988749683 508.9527 1.0 508.9527 1.0 1
129 nan 1.0 0.2 -1.0 1.0 511.5810666666667 511.5819666666667 512.0055 511.0344 513.581202 511.73726666666664 1.0 511.73726666666664 1.0 1
130 1.0 nan 0.2 1.0 1.0 514.5139666666666 514.5149666666666 514.8765333333333 514.0035 516.4475305677784 514.7176 -1.0 514.7176 -1.0 1
131 nan 0.125 0.2 -1.0 1.0 517.5479666666666 517.5489333333334 517.8962333333334 516.8552333333333 519.4640641328256 517.7950666666667 1.0 517.7950666666667 1.0 1
132 nan 1.0 0.2 -1.0 1.0 521.5977333333333 521.5986333333333 521.7430666666667 519.8747666666667 523.3142984204017 521.5704333333333 1.0 521.5704333333333 1.0 1
133 nan 0.0625 0.2 -1.0 1.0 524.6804 524.6812333333334 525.0019 523.7281 526.580831027158 524.7265333333334 1.0 524.7265333333334 1.0 1
134 0.25 nan 0.2 1.0 1.0 527.481 527.4818666666666 527.7622333333334 527.0040333333334 529.3305353333334 527.6530666666666 -1.0 527.6530666666666 -1.0 1
135 nan 0.125 0.2 -1.0 1.0 530.4475666666667 530.4485333333333 530.9712666666667 529.7572333333334 532.5477643276706 530.8709666666666 1.0 530.8709666666666 1.0 1
136 nan 1.0 0.2 -1.0 1.0 533.4639 533.4648333333333 533.7705666666667 532.9653666666667 535.3473970116855 533.6566 1.0 533.6566 1.0 1
137 nan 0.0625 0.2 -1.0 1.0 539.7142 539.7151333333334 541.9396333333333 535.7666 543.5138650645974 540.0532333333333 1.0 541.8764666666667 1.0 2
138 0.25 nan 0.2 1.0 1.0 544.5307333333334 544.5317666666666 544.9194666666667 543.9563666666667 546.4973972718901 544.7433 -1.0 544.7433 -1.0 1
139 nan 0.0 0.2 -1.0 1.0 547.6804666666667 547.6814333333333 548.6096 546.9174 550.1807314636186 548.3048333333334 1.0 548.5699 1.0 2
140 0.25 nan 0.2 1.0 1.0 551.0967666666667 551.0977333333333 551.5195333333334 550.6093333333333 553.0973353333333 551.3536 -1.0 551.3536 -1.0 1
141 nan 1.0 0.8 -1.0 1.0 554.1968666666667 554.1980333333333 554.5443666666666 553.5275333333333 556.1139640529442 554.4500333333333 1.0 554.4500333333333 1.0 1
142 nan 0.125 0.8 1.0 -1.0 557.2635666666666 557.2647 557.5847 556.5294666666666 560.147498434171 557.3713666666666 -1.0 557.5594 -1.0 2
143 0.25 nan 0.8 1.0 1.0 561.9800333333334 561.981 562.5046333333333 560.5809 564.0803317644127 562.2198666666667 -1.0 562.2198666666667 -1.0 1
144 0.125 nan 0.8 -1.0 -1.0 564.9970333333333 564.9979666666667 566.6743 564.4999333333334 569.2469651425719 566.3516666666667 1.0 566.5396666666667 1.0 2
145 0.0625 nan 0.8 1.0 1.0 570.3634333333333 570.3642666666667 571.0674 569.8081666666667 572.6133966359236 570.8602666666667 -1.0 570.8602666666667 -1.0 1
146 0.25 nan 0.8 1.0 1.0 573.7971333333334 573.7982666666667 574.4365333333334 573.0511 575.9969309201839 574.3048 -1.0 574.3048 -1.0 1
147 nan 0.25 0.8 -1.0 1.0 577.0465666666666 577.0475666666666 579.3943666666667 576.4314333333333 580.946765734494 579.2767666666666 1.0 579.2767666666666 1.0 1
148 nan 1.0 0.8 -1.0 1.0 581.8636 581.8645666666666 582.1739666666666 581.3822666666666 583.7297968313958 582.0803 1.0 582.0803 1.0 1
149 nan 0.125 0.8 -1.0 1.0 584.7969666666667 584.7978666666667 585.2571 584.1606 586.813430560684 585.1578 1.0 585.1578 1.0 1
150 1.0 nan 0.8 1.0 1.0 587.9469333333333 587.9478333333333 588.3086333333333 587.2567333333334 589.8632639595401 588.1317 -1.0 588.1317 -1.0 1
151 0.25 nan 0.8 1.0 1.0 590.9635333333333 590.9645 591.6639666666666 590.2918666666667 593.2136686666666 591.2886666666667 -1.0 591.6088 -1.0 3
152 0.25 nan 0.8 1.0 1.0 594.2797666666667 594.2808 594.626 593.6422666666666 596.1964971244736 594.4958333333333 -1.0 594.4958333333333 -1.0 1
153 1.0 nan 0.8 1.0 1.0 597.1801 597.1811333333334 597.495 596.6341 599.0635302623344 597.3646333333334 -1.0 597.3646333333334 -1.0 1
154 0.25 nan 0.8 1.0 1.0 600.2295 600.2304333333333 600.5485333333334 599.4994333333333 602.1135638933902 600.4001 -1.0 600.4001 -1.0 1
155 nan 0.0 0.8 1.0 -1.0 603.2797666666667 603.2807666666666 603.7394333333333 602.5504666666667 606.3130985271654 603.4856 -1.0 603.6722 -1.0 2
156 0.0625 nan 0.8 1.0 1.0 607.2631333333334 607.2640666666666 607.7744 606.7507 609.346702 607.6520333333333 -1.0 607.6520333333333 -1.0 1
157 0.0 nan 0.8 1.0 1.0 610.5129333333333 610.5140333333334 611.7124333333334 609.7861 613.2796316434878 611.3813666666666 -1.0 611.6693333333334 -1.0 2
158 nan 0.0625 0.8 -1.0 1.0 616.1797 616.1806666666666 617.9764666666666 613.8516333333333 619.5464972256186 617.8515666666667 1.0 617.8515666666667 1.0 1
159 0.125 nan 0.8 -1.0 -1.0 620.6959666666667 620.697 620.925 619.9858 623.4963316252395 620.8316333333333 1.0 620.8316333333333 1.0 1
160 0.0 nan 0.8 -1.0 -1.0 624.4626 624.4636333333333 626.8246 623.9357333333334 629.3963661706027 626.6871 1.0 626.6871 1.0 1
161 0.0625 nan 0.8 -1.0 -1.0 630.4794666666667 630.4802666666667 636.2572333333334 629.8383666666666 638.8291640091624 635.8909666666667 1.0 636.1813333333333 1.0 2
162 0.125 nan 0.8 1.0 1.0 640.0294333333334 640.0305333333333 640.7921666666666 639.2683666666667 642.3625988624942 640.318 -1.0 640.7122 -1.0 2
163 0.125 nan 0.8 1.0 1.0 643.513 643.5138666666667 644.3324 642.8011 645.8959311824801 644.0380333333334 -1.0 644.3149 -1.0 2
164 nan 1.0 0.8 -1.0 1.0 646.9959666666666 646.9968333333334 647.3669333333333 646.3361333333334 648.9291353333334 647.2596333333333 1.0 647.2596333333333 1.0 1
165 0.25 nan 0.8 1.0 1.0 658.5959 658.5967666666667 658.9550333333333 649.3696333333334 660.5124311317927 658.8262333333333 -1.0 658.8262333333333 -1.0 1
166 0.125 nan 0.8 1.0 1.0 661.5794333333333 661.5804333333333 661.9494666666667 661.0011333333333 663.512763712055 661.8173333333333 -1.0 661.8173333333333 -1.0 1
167 nan 0.0 0.8 -1.0 1.0 664.5788666666666 664.5797333333334 665.9106 663.9512666666667 667.479098280457 665.6192 1.0 665.6192 1.0 1
168 0.0 nan 0.8 -1.0 -1.0 668.4455 668.4464 669.7574 667.9222 672.3291321896365 669.2340333333333 -1.0 669.5239333333334 1.0 2
169 0.125 nan 0.8 1.0 1.0 675.5788666666666 675.5800333333333 676.7079666666667 672.7880333333334 678.2786955076114 676.4458666666667 -1.0 676.6327333333334 -1.0 2
170 0.0 nan 0.8 -1.0 -1.0 681.1290333333334 681.13 683.6373 678.8711 686.1951647358441 683.2615 1.0 683.5699333333333 1.0 2
171 0.25 nan 0.8 1.0 1.0 687.1289333333333 687.1299666666666 687.7467666666666 686.6540666666667 689.3120686666667 687.4850333333334 -1.0 687.7392333333333 -1.0 2
172 nan 0.0625 0.8 1.0 -1.0 691.0955333333334 691.0966 692.6206 689.7428666666667 695.1956302540661 692.3272666666667 -1.0 692.5691333333333 -1.0 2
173 1.0 nan 0.8 1.0 1.0 696.2785333333334 696.2795666666667 697.2723333333333 695.6453333333334 698.8454645284141 696.5110666666667 -1.0 697.0733333333334 -1.0 4
174 1.0 nan 0.8 1.0 1.0 699.9784666666667 699.9795666666666 700.4435666666667 699.2990666666667 702.0122972336039 700.3332 -1.0 700.3332 -1.0 1
175 0.125 nan 0.8 1.0 1.0 702.9450333333333 702.9458666666667 704.2847 702.465 705.8456314113726 704.0976666666667 -1.0 704.0976666666667 -1.0 1
176 0.125 nan 0.8 1.0 1.0 706.8284 706.8292 707.7703333333334 706.2964333333333 709.3452645196439 707.4709 -1.0 707.4709 -1.0 1
177 0.0625 nan 0.8 1.0 1.0 710.4613666666667 710.4625 711.3122666666667 709.7784666666666 712.8784686666667 711.1390666666666 -1.0 711.1390666666666 -1.0 1
178 0.125 nan 0.8 1.0 1.0 713.9116 713.9124666666667 714.4225 713.3241666666667 715.9952971374669 714.2624666666667 -1.0 714.2624666666667 -1.0 1
179 1.0 nan 0.8 1.0 1.0 717.1114 717.1124666666667 717.4835 716.4515 719.0452303604177 717.3549666666667 -1.0 717.3549666666667 -1.0 1
180 0.0 nan 0.8 1.0 1.0 720.2614333333333 720.2624333333333 720.9675333333333 719.5000333333334 722.5283643292257 720.7643666666667 -1.0 720.7643666666667 -1.0 1
181 0.0625 nan 0.8 1.0 1.0 723.5782 723.5791 724.5194666666666 722.9813666666666 726.0777977900865 724.3216 -1.0 724.3216 -1.0 1
182 0.0625 nan 0.8 1.0 1.0 727.0950333333334 727.0960666666666 728.1449 726.5254 729.7119301361377 727.9604333333333 -1.0 727.9604333333333 -1.0 1
183 0.125 nan 0.8 1.0 1.0 730.7944666666667 730.7953666666667 731.5811333333334 730.3005333333333 733.1449640559629 731.434 -1.0 731.434 -1.0 1
184 0.25 nan 0.8 1.0 1.0 734.3278 734.3287 734.5982666666666 733.6015666666667 736.1614686666666 734.4651666666666 -1.0 734.4651666666666 -1.0 1
185 0.125 nan 0.8 1.0 1.0 737.3114333333333 737.3123666666667 737.7349 736.6218666666666 739.2948971331416 737.5344 -1.0 737.5344 -1.0 1
186 0.25 nan 0.8 1.0 1.0 740.2444666666667 740.2453333333333 740.6887 739.7519 742.2617301560484 740.5331333333334 -1.0 740.5331333333334 -1.0 1
187 1.0 nan 0.8 1.0 1.0 743.2611333333333 743.2623 743.7385333333333 742.7232333333334 745.3114636234042 743.5133666666667 -1.0 743.5133666666667 -1.0 1
188 nan 0.0625 0.8 1.0 -1.0 746.2943333333334 746.2953 746.5006333333333 745.7728666666667 749.0614979643112 746.3422 -1.0 746.3422 -1.0 1
189 nan 0.0 0.8 -1.0 1.0 750.0444 750.0452666666666 757.8249666666667 749.5145 759.3943656558521 755.5763 1.0 757.7388666666667 1.0 2
190 nan 0.0625 0.8 1.0 -1.0 760.3610666666667 760.3618666666666 762.2575 759.8616666666667 764.8276296320154 762.1447 -1.0 762.1447 -1.0 1
191 0.0625 nan 0.8 1.0 1.0 765.8611666666667 765.8621666666667 767.1109333333334 765.2920333333333 768.6780353333332 766.8595666666666 -1.0 767.094 -1.0 2
192 nan 0.125 0.8 1.0 -1.0 769.7439666666667 769.7448666666667 772.0471333333334 769.1434333333333 774.6107967061129 771.6885333333333 -1.0 771.9828 -1.0 2
193 0.0625 nan 0.8 1.0 1.0 775.5778 775.5787666666666 776.6511 775.0824 778.21063110551 776.3096 -1.0 776.5720666666666 -1.0 2
194 0.0625 nan 0.8 1.0 1.0 779.2108 779.2117666666667 780.4940333333333 778.6650333333333 782.06056457969 780.3254 -1.0 780.3254 -1.0 1
195 nan 0.0625 0.8 -1.0 1.0 783.961 783.9620666666667 785.7732 782.5350666666667 787.3442990358429 785.4163333333333 1.0 785.7313666666666 1.0 2
196 0.0 nan 0.8 -1.0 -1.0 789.2603333333333 789.2613666666666 790.3430333333333 787.8137 792.9103615164508 790.1095666666666 1.0 790.1095666666666 1.0 1
197 0.125 nan 0.8 1.0 1.0 794.2106666666666 794.2116666666667 795.7140666666667 793.5226666666666 797.277098310349 795.4527666666667 -1.0 795.4527666666667 -1.0 1
198 1.0 nan 0.8 1.0 1.0 798.2274666666667 798.2283333333334 798.6448 797.7444 800.210502 798.4271333333334 -1.0 798.4271333333334 -1.0 1
199 0.0625 nan 0.8 1.0 1.0 801.3607 801.3616333333333 806.9590666666667 800.6728 808.5272961402324 802.6710666666667 1.0 806.6476333333334 -1.0 3
200 0.25 nan 0.8 1.0 1.0 809.4937666666667 809.4946 810.235 809.0162 811.793902 810.1163 -1.0 810.1163 -1.0 1
201 0.0625 nan 0.8 1.0 1.0 813.2600666666667 813.2609 814.2323333333334 812.2534 815.7939314328088 814.0371 -1.0 814.0371 -1.0 1
202 0.0 nan 0.8 -1.0 -1.0 817.0101666666667 817.0112 818.3738666666667 816.2631333333334 820.9437958966029 818.0825666666667 1.0 818.0825666666667 1.0 1
203 nan 0.0625 0.8 1.0 -1.0 821.9933 821.9941666666666 823.8201666666666 821.4155 826.3771324646946 822.7093 1.0 823.4483666666666 -1.0 2
204 0.25 nan 0.8 1.0 1.0 827.4099 827.4108 827.9325333333334 826.8443333333333 829.4933635893547 827.5996 -1.0 827.8647666666667 -1.0 2
205 nan 0.0 0.8 -1.0 1.0 830.7103333333333 830.7111333333334 840.4571666666667 829.9693666666667 842.0266657591394 840.15 1.0 840.15 1.0 1
206 0.25 nan 0.8 1.0 1.0 843.0934 843.0943666666667 843.8225666666667 842.5169666666667 845.3936973367817 843.6597 -1.0 843.6597 -1.0 1
207 nan 0.25 0.2 -1.0 1.0 846.5765666666666 846.5777333333333 847.2037 845.8616 848.7768318057846 847.0635 1.0 847.0635 1.0 1
208 nan 1.0 0.2 -1.0 1.0 849.8263 849.8273333333333 850.1855333333333 849.2350333333334 851.7598353333333 850.0555333333333 1.0 850.0555333333333 1.0 1
209 nan 1.0 0.2 -1.0 1.0 852.8932333333333 852.8943 853.4438666666666 852.2261333333333 855.0265638666463 853.2890666666667 1.0 853.2890666666667 1.0 1
210 0.25 nan 0.2 1.0 1.0 856.1263 856.1273 857.1721 855.4976666666666 858.760097804882 856.8908666666666 -1.0 857.1107 -1.0 2
211 nan 1.0 0.2 -1.0 1.0 859.8264 859.8272666666667 860.1756333333333 859.2298 861.7598286624723 860.0524 1.0 860.0524 1.0 1
212 0.0625 nan 0.2 -1.0 -1.0 863.0096 863.0106 863.9792666666667 862.3928333333333 866.5595652955956 863.6755666666667 1.0 863.9570333333334 1.0 2
213 nan 0.125 0.2 -1.0 1.0 867.6265 867.6275666666667 868.2812 867.0283666666667 869.8598972469113 868.1487 1.0 868.1487 1.0 1
214 0.0 nan 0.2 -1.0 -1.0 870.8760666666667 870.8768666666666 873.1662 870.3308 875.7430633670091 873.0417333333334 1.0 873.0417333333334 1.0 1
215 nan 0.125 0.2 -1.0 1.0 876.6926 876.6935 892.5082 876.2104666666667 894.0924983535041 880.9822333333333 -1.0 892.4287333333333 1.0 6
216 1.0 nan 0.2 1.0 1.0 895.2261 895.2270666666667 895.9790333333333 894.5953 897.5589307789819 895.4346666666667 -1.0 895.4346666666667 -1.0 1
217 nan 0.0 0.2 1.0 -1.0 898.5426666666667 898.5437 901.1730333333334 898.0279333333333 903.7593969374651 900.8744333333333 -1.0 900.8744333333333 -1.0 1
218 0.125 nan 0.2 1.0 1.0 904.7589333333333 904.7600333333334 905.1928 904.2304 906.775802 905.0783 -1.0 905.0783 -1.0 1
219 nan 1.0 0.2 -1.0 1.0 908.0258333333334 908.0266666666666 908.4070333333333 907.2475 909.9754304023322 908.2901333333333 1.0 908.2901333333333 1.0 1
220 0.125 nan 0.2 1.0 1.0 911.2760333333333 911.2769666666667 911.9729666666667 910.4490333333333 913.5594642748437 911.6538666666667 -1.0 911.8863333333334 -1.0 2
221 nan 0.25 0.2 -1.0 1.0 914.5425 914.5436333333333 915.1813666666667 914.0314666666667 916.759297098152 914.8899333333334 1.0 915.1668333333333 1.0 2
222 0.25 nan 0.2 1.0 1.0 917.9255 917.9266333333334 918.4353 917.2296 920.0085304805272 918.2307333333333 -1.0 918.2307333333333 -1.0 1
223 nan 0.25 0.2 -1.0 1.0 921.0257333333333 921.0266 922.7635333333334 920.4820333333333 924.3425650304164 922.6088333333333 1.0 922.6088333333333 1.0 1
224 1.0 nan 0.2 1.0 1.0 925.5255 925.5265666666667 925.8460666666666 924.8152666666666 927.4257969032676 925.7212333333333 -1.0 925.7212333333333 -1.0 1
225 nan 0.25 0.2 -1.0 1.0 928.392 928.3929 929.0947 927.897 930.6754304535316 928.7877333333333 1.0 929.0837666666666 1.0 3
226 nan 0.25 0.2 -1.0 1.0 931.6424333333333 931.6435666666666 933.6178333333334 931.1519333333333 935.1924650903869 931.7192333333334 -1.0 933.5117666666666 1.0 3
227 nan 0.0625 0.2 -1.0 1.0 936.4586 936.4595333333333 938.0516666666666 935.6780666666667 939.6256972656394 937.7573666666667 1.0 938.0443666666666 1.0 2
228 nan 0.25 0.2 -1.0 1.0 940.9586 940.9595 941.3502 940.2792 942.9257303773711 941.2480333333333 1.0 941.2480333333333 1.0 1
229 0.125 nan 0.2 1.0 1.0 943.8751 943.8761666666667 944.4148333333334 943.3879333333333 945.9754353333333 944.2190666666667 -1.0 944.2190666666667 -1.0 1
230 nan 1.0 0.2 -1.0 1.0 946.9752 946.9761333333333 947.3390666666667 946.4505333333333 948.9086633794512 947.2303666666667 1.0 947.2303666666667 1.0 1
231 1.0 nan 0.2 1.0 1.0 950.0248666666666 950.0258 950.3716666666667 949.3720666666667 951.9416966863598 950.2286 -1.0 950.2286 -1.0 1
232 nan 1.0 0.2 -1.0 1.0 952.9254333333333 952.9264333333333 953.2499 952.429 954.8087296532682 953.1305666666667 1.0 953.1305666666667 1.0 1
233 nan 0.125 0.2 -1.0 1.0 955.8082333333333 955.8091 956.6090333333333 955.2975333333334 958.1753353333334 956.2945 1.0 956.5596666666667 1.0 2
234 nan 0.125 0.2 -1.0 1.0 959.4082333333333 959.4090666666667 960.1664666666667 958.6622333333333 961.7248642530878 959.8671 1.0 960.1224333333333 1.0 2
235 nan 0.125 0.2 -1.0 1.0 962.9419 962.9430666666667 963.852 962.1922666666667 965.4085977287613 963.7332 1.0 963.7332 1.0 1
236 nan 0.0625 0.2 -1.0 1.0 966.3581 966.3590333333333 968.0018333333334 965.8813 969.5584314646667 967.0474 1.0 967.8574666666667 1.0 2
237 0.125 nan 0.2 -1.0 -1.0 970.6414 970.6423333333333 972.981 970.0412333333334 975.5413965384056 971.0848 -1.0 972.9379333333334 1.0 6
238 nan 0.0625 0.2 -1.0 1.0 976.6584333333333 976.6593 977.6139 976.0322 979.1748308656379 977.3608333333333 1.0 977.5641333333333 1.0 2
239 nan 0.0 0.2 -1.0 1.0 980.1418333333334 980.1429666666667 994.7015666666666 979.6612333333334 996.2578646484964 983.7857 1.0 994.6321666666666 1.0 8
240 nan 0.0625 0.2 -1.0 1.0 997.2580333333333 997.2588666666667 1001.4244 996.7735666666666 1002.9909304906901 1001.096 1.0 1001.4049333333334 1.0 2
241 nan 1.0 0.2 -1.0 1.0 1004.2246666666666 1004.2255 1004.6906333333334 1003.4779333333333 1006.2575637067524 1004.5375 1.0 1004.5375 1.0 1
242 0.0625 nan 0.2 -1.0 -1.0 1007.2414666666666 1007.2424666666667 1008.5288 1006.7434666666667 1011.090998595773 1008.1882333333333 1.0 1008.4710666666666 1.0 2
243 nan 0.0 0.2 -1.0 1.0 1012.0745 1012.0754333333333 1019.9654666666667 1011.5855 1021.5244971182121 1015.1849 1.0 1019.9202666666666 1.0 2
244 nan 0.0625 0.2 1.0 -1.0 1022.7072666666667 1022.7080333333333 1033.6049666666668 1022.0346 1036.1572973077155 1033.3476333333333 -1.0 1033.3476333333333 -1.0 1
245 0.125 nan 0.2 1.0 1.0 1038.7243 1038.7252666666666 1090.6093666666666 1036.8526 1092.1901966801843 1090.4199666666666 -1.0 1090.4199666666666 -1.0 1
246 nan 0.125 0.2 -1.0 1.0 1095.1397 1095.1405666666667 1099.2077333333334 1092.7853 1100.7902646494017 1098.1138 1.0 1098.8225 -1.0 5
247 nan 0.0625 0.2 -1.0 1.0 1104.7397666666666 1104.7409 1116.4448 1101.3035666666667 1118.0231979999999 1104.7075 1.0 1116.2475 -1.0 12
248 nan 0.25 0.2 -1.0 1.0 1120.5394666666666 1120.5404333333333 1122.6721333333332 1118.5403 1124.2396633184214 1122.3833666666667 1.0 1122.6078 1.0 2
249 nan 0.0 0.2 -1.0 1.0 1125.3394333333333 1125.3404 1143.3464333333334 1124.7367666666667 1144.9223311931728 1142.5442 1.0 1143.3135666666667 1.0 2
250 nan 1.0 0.2 -1.0 1.0 1146.0560333333333 1146.0569333333333 1146.5168333333334 1145.4365333333333 1148.0894634224212 1146.4025333333334 1.0 1146.4025333333334 1.0 1
251 nan 1.0 0.2 -1.0 1.0 1149.0557666666666 1149.0569333333333 1150.4531666666667 1148.5847666666666 1152.0227977832772 1150.0728333333334 1.0 1150.3349666666666 -1.0 2
252 nan 1.0 0.2 -1.0 1.0 1153.3888666666667 1153.3899 1153.889 1152.5207 1155.4560304230188 1153.7467 1.0 1153.7467 1.0 1
253 nan 0.25 0.2 1.0 -1.0 1158.6222333333333 1158.6232 1208.0862666666667 1155.9631333333334 1210.6551969743628 1203.6212333333333 -1.0 1208.0368666666666 -1.0 5
254 nan 0.0625 0.2 1.0 -1.0 1211.8216 1211.8225666666667 1228.3648 1211.2506 1230.93826444859 1227.6478333333334 1.0 1228.2031666666667 -1.0 2
255 0.125 nan 0.2 1.0 1.0 1232.1383333333333 1232.1391333333333 1245.3676 1231.4494666666667 1246.9382977480575 1245.1724333333334 -1.0 1245.1724333333334 -1.0 1
256 1.0 nan 0.8 1.0 1.0 1248.0208666666667 1248.0217 1248.3213 1247.4485 1249.8880297436824 1248.1957666666667 -1.0 1248.1957666666667 -1.0 1
257 0.25 nan 0.8 1.0 1.0 1250.9544 1250.9553666666666 1281.5523 1250.3795333333333 1283.121197602352 1251.1217666666666 -1.0 1281.4105 -1.0 5
258 0.25 nan 0.8 1.0 1.0 1284.4040666666667 1284.4055 1285.9149333333332 1283.6702 1287.4872314433155 1285.7435333333333 -1.0 1285.7435333333333 -1.0 1
259 0.25 nan 0.8 1.0 1.0 1288.5874 1288.5885 1332.7705333333333 1287.9915333333333 1334.3368303379316 1291.6502 -1.0 1332.7448666666667 -1.0 3
260 nan 0.25 0.8 -1.0 1.0 1336.4537666666668 1336.4545666666668 1394.8565666666666 1334.9229333333333 1396.4194635337878 1337.1347666666666 1.0 1357.9018333333333 1.0 2
261 1.0 nan 0.8 1.0 1.0 1397.8357 1397.8366 1398.7222 1397.0170666666668 1400.2861975873034 1398.0841666666668 -1.0 1398.6140666666668 -1.0 4
262 0.25 nan 0.8 1.0 1.0 1401.9521666666667 1401.9532333333334 1411.2405 1400.785 1412.8025298083312 1404.6772333333333 1.0 1411.1649333333332 -1.0 9
263 nan 0.0625 0.8 1.0 -1.0 1414.0354333333332 1414.0365333333334 1425.7034666666666 1413.3220333333334 1428.2690640633105 1425.0302666666666 -1.0 1425.5685 -1.0 3
264 1.0 nan 0.8 1.0 1.0 1430.3519333333334 1430.3531333333333 1430.7058666666667 1428.8035666666667 1432.2691977546626 1430.5537666666667 -1.0 1430.5537666666667 -1.0 1
265 0.0625 nan 0.8 1.0 1.0 1433.4020666666668 1433.4031 1437.4708333333333 1432.775 1439.035532811983 1437.2327666666667 -1.0 1437.2327666666667 -1.0 1
266 0.25 nan 0.8 1.0 1.0 1440.035 1440.0360666666666 1440.3881666666666 1439.5478333333333 1441.9518629636348 1440.2508333333333 -1.0 1440.2508333333333 -1.0 1
267 0.125 nan 0.8 1.0 1.0 1443.8856 1443.8867 1444.619 1442.4480666666666 1446.1851979945222 1444.2147666666667 -1.0 1444.4635666666666 -1.0 2
268 0.125 nan 0.8 1.0 1.0 1447.3186666666666 1447.3197 1449.6340333333333 1446.6956 1451.2021319331925 1449.318 -1.0 1449.5304 -1.0 2
269 nan 1.0 0.8 -1.0 1.0 1452.1847666666667 1452.1856666666667 1452.7632666666666 1451.7140333333334 1454.3351631821417 1452.6113333333333 1.0 1452.6113333333333 1.0 1
270 nan 0.125 0.8 -1.0 1.0 1455.5852333333332 1455.5863 1461.1869333333334 1454.8513666666668 1462.7519312483703 1460.4579333333334 1.0 1461.1088 1.0 2
271 1.0 nan 0.8 1.0 1.0 1463.9848666666667 1463.9859333333334 1464.4200666666666 1463.2676333333334 1465.9849633583126 1464.2643 -1.0 1464.2643 -1.0 1
272 0.0625 nan 0.8 1.0 1.0 1467.1686333333334 1467.1696333333334 1468.4038 1466.4996666666666 1469.968197788536 1468.0238 -1.0 1468.3489333333334 -1.0 2
273 1.0 nan 0.8 1.0 1.0 1471.1850333333334 1471.1859 1471.6215333333334 1470.4698 1473.1846300234733 1471.4199333333333 -1.0 1471.4199333333333 -1.0 1
274 0.0625 nan 0.8 1.0 1.0 1474.3017 1474.3025666666667 1475.1948666666667 1473.6990333333333 1476.7681639881425 1474.9682 -1.0 1474.9682 -1.0 1
275 0.25 nan 0.8 1.0 1.0 1477.885 1477.8858666666667 1478.4293666666667 1477.2692666666667 1480.0013966752986 1478.2675666666667 -1.0 1478.2675666666667 -1.0 1
276 0.125 nan 0.8 1.0 1.0 1481.2351 1481.2358666666667 1481.7003 1480.5208 1483.2681301670561 1481.5234333333333 -1.0 1481.5234333333333 -1.0 1
277 1.0 nan 0.8 1.0 1.0 1484.2348666666667 1484.2358333333334 1484.8012333333334 1483.7720333333334 1486.3683353333336 1484.6059333333333 -1.0 1484.6059333333333 -1.0 1
278 0.125 nan 0.8 1.0 1.0 1487.4343 1487.4351666666666 1488.6596666666667 1486.8715333333334 1490.2177642950003 1487.5365333333334 1.0 1488.5192666666667 -1.0 4
279 0.25 nan 0.8 1.0 1.0 1491.3182666666667 1491.3191333333334 1491.6657 1490.7228666666667 1493.234694493106 1491.5373666666667 -1.0 1491.5373666666667 -1.0 1
280 0.0625 nan 0.8 1.0 1.0 1494.5847666666666 1494.5858 1496.0303333333334 1493.9648 1497.6011310999609 1495.8821 -1.0 1495.8821 -1.0 1
281 nan 1.0 0.8 -1.0 1.0 1499.2680333333333 1499.2691333333332 1499.7242666666666 1498.1301333333333 1501.2844639181142 1499.5979 1.0 1499.5979 1.0 1
282 0.0 nan 0.8 1.0 1.0 1502.5512666666666 1502.5521 1503.9572 1501.8084666666666 1505.5177978788295 1502.8327 -1.0 1503.8368 -1.0 5
283 nan 1.0 0.8 -1.0 1.0 1519.4343666666666 1519.4353333333333 1519.9435333333333 1506.0411 1521.5176625342635 1519.7526333333333 1.0 1519.7526333333333 1.0 1
284 0.25 nan 0.8 1.0 1.0 1523.5341333333333 1523.535 1523.8924666666667 1522.1088666666667 1525.450797568603 1523.7667 -1.0 1523.7667 -1.0 1
285 0.0625 nan 0.8 1.0 1.0 1526.5511666666666 1526.552 1527.6822 1525.9632 1529.2510306818633 1527.0086 1.0 1527.4490333333333 -1.0 2
286 0.125 nan 0.8 1.0 1.0 1530.3673666666666 1530.3683 1531.1968333333334 1529.7842333333333 1532.7672353333332 1530.6156666666666 -1.0 1531.1704 -1.0 3
287 1.0 nan 0.8 1.0 1.0 1533.9676333333334 1533.9686 1534.3739666666668 1533.2844333333333 1535.9343632788111 1534.2168333333334 -1.0 1534.2168333333334 -1.0 1
288 0.0625 nan 0.8 1.0 1.0 1536.9171 1536.9179333333334 1538.3952 1536.4452666666666 1539.9675976696967 1538.1759666666667 -1.0 1538.1759666666667 -1.0 1
289 0.0625 nan 0.8 1.0 1.0 1541.0841 1541.0852333333332 1542.1279333333334 1540.4935 1543.7004306003676 1541.9047333333333 -1.0 1541.9047333333333 -1.0 1
290 0.25 nan 0.8 1.0 1.0 1544.9006 1544.9015333333334 1545.4257666666667 1544.2311333333334 1546.9842634465786 1545.2856333333334 -1.0 1545.2856333333334 -1.0 1
291 0.25 nan 0.8 1.0 1.0 1548.0171333333333 1548.0182 1548.6182666666666 1547.4954666666667 1550.1835965787593 1548.4385 -1.0 1548.4385 -1.0 1
292 0.0625 nan 0.8 1.0 1.0 1551.3674 1551.3681666666666 1552.7149 1550.7057 1554.2838311685173 1552.4561666666666 -1.0 1552.4561666666666 -1.0 1
293 0.25 nan 0.8 1.0 1.0 1555.2842 1555.2854666666667 1556.4154333333333 1554.7947333333334 1557.9839638605663 1556.1198 -1.0 1556.1198 -1.0 1
294 nan 0.0625 0.2 1.0 -1.0 1559.0668 1559.0678 1566.4431333333334 1558.5212666666666 1569.0001636685433 1566.1119666666666 -1.0 1566.4028 -1.0 2
295 1.0 nan 0.2 1.0 1.0 1570.3003333333334 1570.3014 1570.5664666666667 1569.5514666666666 1572.133796467433 1570.454 -1.0 1570.454 -1.0 1
296 nan 0.0 0.2 1.0 -1.0 1573.1334333333334 1573.1344 1585.039 1572.6477 1587.6169304978666 1573.2535666666668 1.0 1584.8751333333332 -1.0 3
297 nan 1.0 0.2 -1.0 1.0 1589.4664 1589.4673 1590.3026333333332 1588.1802333333333 1591.8835644879116 1590.1142666666667 1.0 1590.1142666666667 1.0 1
298 nan 0.0625 0.2 -1.0 1.0 1592.9497333333334 1592.9506333333334 1595.8725 1592.4143666666666 1597.449698833711 1595.6942 1.0 1595.6942 1.0 1
299 nan 0.0625 0.2 1.0 -1.0 1598.4666333333332 1598.4676 1651.1073333333334 1597.9782 1653.6823955381715 1645.0971666666667 -1.0 1651.0372 -1.0 5
300 0.25 nan 0.2 1.0 1.0 1655.0659 1655.0669666666668 1666.7171 1654.5263 1668.2990981539137 1666.5904333333333 -1.0 1666.5904333333333 -1.0 1
301 nan 1.0 0.2 -1.0 1.0 1669.3991 1669.3999 1696.9081666666666 1668.85 1698.4820636338718 1695.5131333333334 -1.0 1696.6824333333334 1.0 3
302 nan 0.25 0.2 -1.0 1.0 1699.5818666666667 1699.5827333333334 1752.2038333333333 1699.0520666666666 1753.780930158387 1715.8697666666667 -1.0 1752.1915333333334 1.0 4
303 0.0625 nan 0.2 -1.0 -1.0 1755.1145666666666 1755.1154333333334 1798.1565 1754.3946333333333 1800.7307631417752 1798.0078666666666 1.0 1798.0078666666666 1.0 1
304 nan 0.0625 0.2 -1.0 1.0 1801.9468333333334 1801.9478 1851.1359666666667 1801.3291666666667 1852.6962968839216 1850.1937 1.0 1851.0616333333332 1.0 3
305 nan 0.0 0.2 -1.0 1.0 1853.9800333333333 1853.9811666666667 1865.4523 1853.31 1867.0296302256365 1859.4451333333334 1.0 1865.4218333333333 1.0 2
306 nan 0.125 0.2 1.0 -1.0 1868.3129666666666 1868.3140666666666 1901.0788666666667 1867.5761333333332 1903.6461304391507 1888.8646333333334 1.0 1900.8787 -1.0 2
307 nan 0.125 0.2 1.0 -1.0 1904.7290666666668 1904.7302 1916.6978 1904.2443333333333 1919.2623638216057 1911.951 1.0 1916.4974 -1.0 3
308 nan 0.25 0.2 -1.0 1.0 1920.7786333333333 1920.7794333333334 1965.5660666666668 1919.8286666666668 1967.1450964924222 1921.0443666666667 1.0 1921.5016 1.0 2
309 nan 1.0 0.2 0.0 -1.0 1968.4285333333332 1968.4294666666667 2028.4307666666666 1967.7528 2030.9301300269042 1997.2263666666668 -1.0 1997.2263666666668 -1.0 1
310 1.0 nan 0.2 1.0 1.0 2032.1275666666668 2032.1284666666666 2042.8427333333334 2031.5650333333333 2044.410262077921 2042.6562 -1.0 2042.6562 -1.0 1
311 nan 0.25 0.2 -1.0 1.0 2045.6608333333334 2045.6616666666666 2046.9898666666666 2044.9766666666667 2048.560397467197 2046.506 1.0 2046.506 1.0 1
312 0.0625 nan 0.2 -1.0 -1.0 2049.8272 2049.8283 2068.7535 2049.1055 2071.310297035547 2050.9617333333335 1.0 2068.6747 1.0 2
313 nan 1.0 0.2 -1.0 1.0 2072.4436333333333 2072.4445 2077.8531333333335 2071.8755 2079.4104639254424 2077.6109333333334 1.0 2077.6109333333334 1.0 1
314 nan 0.0625 0.2 0.0 -1.0 2080.4934333333335 2080.4944333333333 2140.4960333333333 2079.9873666666667 2142.9950967092996 2095.5428666666667 1.0 2095.5428666666667 1.0 1
315 nan 0.0625 0.2 -1.0 1.0 2144.2589666666668 2144.2600333333335 2153.0856 2143.6264 2154.659097248226 2152.3755 1.0 2153.0027333333333 1.0 2
316 nan 1.0 0.2 -1.0 1.0 2155.7094 2155.7102666666665 2158.8746333333333 2155.2095 2160.4421621583347 2158.0691666666667 1.0 2158.8005333333335 1.0 2
317 1.0 nan 0.2 0.0 -1.0 2161.4757 2161.476633333333 2221.4782333333333 2161.0082666666667 2223.9772967824742 nan 0.0 nan 0.0 0
318 nan 0.125 0.2 0.0 -1.0 2225.1079666666665 2225.1088666666665 2285.1102 2224.5994 2287.6095630728396 nan 0.0 nan 0.0 0
319 nan 0.125 0.2 0.0 -1.0 2288.8575666666666 2288.8585 2348.8601 2288.2377666666666 2351.359229508217 nan 0.0 nan 0.0 0
320 nan 0.0625 0.2 1.0 -1.0 2352.4899666666665 2352.4911 2383.6432333333332 2352.014833333333 2386.206030005433 2382.291133333333 -1.0 2383.570133333333 -1.0 4
321 nan 0.0 0.2 1.0 -1.0 2388.2229 2388.2238666666667 2392.7748333333334 2386.8242333333333 2395.338997821973 2389.914533333333 1.0 2392.5358666666666 -1.0 11
322 1.0 nan 0.2 1.0 1.0 2396.8393666666666 2396.8404666666665 2397.551 2395.9083 2399.122630439613 2397.0018333333333 -1.0 2397.4650333333334 -1.0 2
323 nan 0.0625 0.2 -1.0 1.0 2401.4223 2401.4234333333334 2435.8402333333333 2399.6757333333335 2437.405663278522 2435.655133333333 1.0 2435.655133333333 1.0 1
324 0.125 nan 0.2 -1.0 -1.0 2439.6552333333334 2439.6561666666666 2455.8443666666667 2438.0255666666667 2458.4054630747487 2439.9372333333336 -1.0 2455.7892333333334 1.0 8
325 nan 0.25 0.2 -1.0 1.0 2459.5047666666665 2459.5057 2490.716033333333 2458.991666666667 2492.2716306633424 2472.3701 1.0 2490.680533333333 1.0 3
326 nan 1.0 0.2 -1.0 1.0 2493.6877 2493.6888 2516.1590333333334 2492.8648333333335 2517.7208631562166 2495.9883666666665 1.0 2516.0674 1.0 2
327 nan 0.0 0.2 0.0 -1.0 2519.4044 2519.4053 2579.4069 2518.3220666666666 2581.9060296575703 2520.6801 1.0 2520.6801 1.0 1
328 nan 1.0 0.2 -1.0 1.0 2583.1030333333333 2583.1042 2626.8857 2582.5493333333334 2628.4526299822837 2625.0564 1.0 2626.8072333333334 1.0 2
329 0.0625 nan 0.2 -1.0 -1.0 2629.9696 2629.970566666667 2679.5516 2629.0750333333335 2682.1182964390487 2630.0118333333335 1.0 2679.35 1.0 2
330 nan 0.25 0.2 -1.0 1.0 2683.3022333333333 2683.3032 2722.5702666666666 2682.758 2724.11826315504 2721.8799 1.0 2722.5205 1.0 3
331 nan 0.0625 0.2 -1.0 1.0 2725.268433333333 2725.2692666666667 2727.0744 2724.7494666666666 2728.6350978056953 2726.0854 1.0 2726.3065666666666 1.0 2
332 nan 0.0625 0.2 0.0 -1.0 2729.8344666666667 2729.8356 2789.8372 2729.1944 2792.336263823204 nan 0.0 nan 0.0 0
333 0.0625 nan 0.2 -1.0 -1.0 2793.5674 2793.5685 2821.221 2792.994166666667 2823.7836302310557 2806.7903333333334 1.0 2821.1527333333333 1.0 3
334 nan 0.25 0.2 1.0 -1.0 2825.0169333333333 2825.017966666667 2856.2644666666665 2824.384233333333 2858.8331627071943 2849.4726333333333 -1.0 2856.1428333333333 -1.0 3
335 nan 0.25 0.2 1.0 -1.0 2862.4662 2862.4671 2870.6660333333334 2859.4602666666665 2873.232762916848 2870.3486 -1.0 2870.5617333333334 -1.0 2
336 nan 0.25 0.2 1.0 -1.0 2874.582933333333 2874.584 2878.9346666666665 2874.0729666666666 2881.4998614889287 2878.6368333333335 -1.0 2878.6368333333335 -1.0 1
337 nan 0.125 0.2 1.0 -1.0 2882.7824 2882.7833 2883.1259666666665 2882.0741666666668 2885.699197547233 2882.9908666666665 -1.0 2882.9908666666665 -1.0 1
338 nan 0.0625 0.2 1.0 -1.0 2886.7496333333333 2886.750666666667 2891.0232333333333 2886.2581 2893.582363805265 2886.7047333333335 1.0 2890.8606666666665 -1.0 2
339 0.25 nan 0.2 1.0 1.0 2894.6494333333335 2894.6502333333333 2895.0823666666665 2894.1584666666668 2896.649195763961 2894.8506666666667 -1.0 2894.8506666666667 -1.0 1
340 0.125 nan 0.2 1.0 1.0 2897.765966666667 2897.766866666667 2898.785 2897.2224 2900.349202 2898.6630666666665 -1.0 2898.6630666666665 -1.0 1
341 nan 0.125 0.2 1.0 -1.0 2901.599133333333 2901.6001666666666 2902.9608333333335 2900.9229 2905.532661249145 2902.678966666667 -1.0 2902.8388666666665 -1.0 2
342 nan 0.125 0.2 1.0 -1.0 2907.565433333333 2907.5664666666667 2923.9010333333335 2906.1097666666665 2926.4654305057265 2907.847133333333 1.0 2923.783933333333 -1.0 4
343 nan 0.25 0.2 1.0 -1.0 2927.7991333333334 2927.8001 2928.0311 2927.072633333333 2930.5984640011866 2927.8998666666666 -1.0 2927.8998666666666 -1.0 1
344 1.0 nan 0.2 1.0 1.0 2931.6986333333334 2931.699666666667 2933.7836 2931.1722666666665 2935.348828273148 2933.4121666666665 -1.0 2933.7150666666666 -1.0 2
345 nan 1.0 0.2 -1.0 1.0 2936.5484666666666 2936.5493 2937.0804333333335 2935.9232333333334 2938.6490630227545 2936.923533333333 1.0 2936.923533333333 1.0 1
346 0.0 nan 0.2 -1.0 -1.0 2939.6817 2939.6826333333333 2942.9919333333332 2939.2046666666665 2945.5653992259554 2942.5884 1.0 2942.9059 1.0 2
347 nan 0.0625 0.2 1.0 -1.0 2946.8319333333334 2946.8329 2950.895233333333 2946.1428 2953.4652947696595 2950.4657666666667 -1.0 2950.7565666666665 -1.0 2
348 nan 1.0 0.2 0.0 -1.0 2954.564766666667 2954.565866666667 3014.5672 2954.036 3017.0665298016074 2954.770266666667 1.0 3004.120066666667 1.0 2
349 nan 0.25 0.2 -1.0 1.0 3018.4807 3018.4815 3042.2640666666666 3017.7271333333333 3043.83046316277 3040.6195 1.0 3042.1743333333334 1.0 2
350 nan 0.25 0.2 -1.0 1.0 3047.2640333333334 3047.265 3072.2289333333333 3044.4610666666667 3073.7967296798483 3070.740533333333 1.0 3072.1744 1.0 3
351 nan 0.125 0.2 0.0 -1.0 3074.947 3074.947833333333 3134.9495 3074.4321333333332 3137.448596132689 3127.538633333333 1.0 3129.407166666667 1.0 2
352 0.125 nan 0.2 0.0 -1.0 3138.8458333333333 3138.8468 3198.848466666667 3138.1079 3201.3475627242005 3148.6913 1.0 3148.6913 1.0 1
353 nan 0.0625 0.2 1.0 -1.0 3202.6287 3202.6297666666665 3204.5704333333333 3202.017766666667 3207.1284284397893 3204.004 -1.0 3204.004 -1.0 1
354 nan 0.0625 0.2 1.0 -1.0 3208.2281666666668 3208.2290666666668 3266.9966666666664 3207.717833333333 3269.5611628796332 3211.7288 -1.0 3266.738566666667 -1.0 6
355 0.25 nan 0.8 1.0 1.0 3270.8272666666667 3270.8283333333334 3318.2121 3270.2395666666666 3319.776996361256 3317.8406666666665 -1.0 3318.0178333333333 -1.0 2
356 0.125 nan 0.8 1.0 1.0 3324.2266666666665 3324.2276333333334 3332.2604333333334 3320.4301 3333.826929571236 3331.101833333333 -1.0 3332.2085 -1.0 3
357 1.0 nan 0.8 1.0 1.0 3335.1098 3335.1109 3335.7436666666667 3334.4320333333335 3337.3098631252947 3335.3754 -1.0 3335.3754 -1.0 1
358 0.125 nan 0.8 1.0 1.0 3338.410066666667 3338.4109 3339.199666666667 3337.8836666666666 3340.7600943030484 3338.672233333333 -1.0 3339.1482666666666 -1.0 2
359 0.0625 nan 0.8 1.0 1.0 3342.3764333333334 3342.3775333333333 3343.3638333333333 3341.6237 3344.9264303766545 3342.9389333333334 -1.0 3343.1986666666667 -1.0 2
360 0.25 nan 0.8 1.0 1.0 3346.0099 3346.0108666666665 3346.5799333333334 3345.5033333333336 3348.143362787026 3346.2064 -1.0 3346.4737666666665 -1.0 2
361 0.0 nan 0.8 1.0 1.0 3349.4097333333334 3349.4108333333334 3350.644 3348.7087666666666 3352.1930972445557 3350.180533333333 -1.0 3350.6296666666667 -1.0 3
362 0.0625 nan 0.8 1.0 1.0 3353.3265 3353.3275 3354.0296 3352.7729 3355.5931295574514 3353.776 -1.0 3353.776 -1.0 1
363 1.0 nan 0.8 1.0 1.0 3356.8595333333333 3356.8604666666665 3357.1316333333334 3356.1842333333334 3358.6926622706396 3357.0170333333335 -1.0 3357.0170333333335 -1.0 1
364 0.25 nan 0.8 1.0 1.0 3359.9430333333335 3359.9441333333334 3360.2003666666665 3359.2882666666665 3361.7595956338755 3360.059 -1.0 3360.059 -1.0 1
365 0.25 nan 0.8 1.0 1.0 3363.093066666667 3363.0941 3363.2316 3362.343 3364.809602 3363.0755 -1.0 3363.0755 -1.0 1
366 nan 0.25 0.8 1.0 -1.0 3366.1095666666665 3366.1104333333333 3366.3017666666665 3365.3917 3368.8762304465395 3366.1131 -1.0 3366.1131 -1.0 1
367 0.0 nan 0.8 1.0 1.0 3370.0592666666666 3370.0604 3373.3897 3369.474833333333 3374.9597956036705 3373.2247333333335 -1.0 3373.2247333333335 -1.0 1
368 0.125 nan 0.8 1.0 1.0 3376.2594 3376.260366666667 3376.5862 3375.5419 3378.159229123706 3376.4668 -1.0 3376.4668 -1.0 1
369 0.25 nan 0.8 1.0 1.0 3379.3093 3379.3103333333333 3379.6246333333333 3378.7584333333334 3381.1926620030895 3379.510366666667 -1.0 3379.510366666667 -1.0 1
370 0.125 nan 0.8 1.0 1.0 3382.5594333333333 3382.5603333333333 3383.3133666666668 3381.8008666666665 3384.8926967285483 3383.150866666667 -1.0 3383.150866666667 -1.0 1
371 nan 0.25 0.8 -1.0 1.0 3388.259466666667 3388.2606333333333 3388.8501333333334 3385.4735 3390.4259316155553 3388.7238333333335 1.0 3388.7238333333335 1.0 1
372 nan 1.0 0.8 -1.0 1.0 3391.7424 3391.743266666667 3392.3807666666667 3391.047633333333 3393.959263112084 3392.2588333333333 1.0 3392.2588333333333 1.0 1
373 0.0 nan 0.8 1.0 1.0 3395.2424 3395.243266666667 3396.6401 3394.5414666666666 3398.209297302354 3396.3713333333335 -1.0 3396.3713333333335 -1.0 1
374 nan 0.0625 0.8 -1.0 1.0 3399.3755 3399.376566666667 3400.0713333333333 3398.811 3401.6421296267067 3399.9357666666665 1.0 3399.9357666666665 1.0 1
375 nan 0.125 0.8 -1.0 1.0 3402.825766666667 3402.826866666667 3404.3124666666668 3402.2269333333334 3405.8922639434713 3404.1422 1.0 3404.1422 1.0 1
376 1.0 nan 0.8 1.0 1.0 3407.0590333333334 3407.0598333333332 3407.5699 3406.4973666666665 3409.1425958086356 3407.2804666666666 -1.0 3407.5362333333333 -1.0 2
377 1.0 nan 0.8 1.0 1.0 3410.292 3410.293166666667 3410.6175 3409.746 3412.1924287243664 3410.4801333333335 -1.0 3410.4801333333335 -1.0 1
378 0.25 nan 0.8 1.0 1.0 3413.5252666666665 3413.5261333333333 3414.2046333333333 3412.797433333333 3415.7757622075565 3414.0394666666666 -1.0 3414.0394666666666 -1.0 1
379 0.125 nan 0.8 1.0 1.0 3417.0255 3417.0264666666667 3417.5908666666664 3416.3807666666667 3419.1588958327116 3417.4259333333334 -1.0 3417.4259333333334 -1.0 1
380 0.125 nan 0.8 1.0 1.0 3420.2423 3420.2434333333335 3421.4331 3419.7672 3423.0089300747054 3421.192466666667 -1.0 3421.192466666667 -1.0 1
381 nan 0.125 0.8 -1.0 1.0 3424.3753 3424.3761 3425.1323333333335 3423.6161333333334 3426.709063210877 3424.8291 1.0 3424.8291 1.0 1
382 0.25 nan 0.8 1.0 1.0 3427.8586666666665 3427.859733333333 3428.0083666666665 3427.3143666666665 3429.5754950428927 3427.799666666667 -1.0 3427.799666666667 -1.0 1
383 0.125 nan 0.8 1.0 1.0 3430.9256 3430.9267333333332 3431.3028 3430.1719 3432.874902 3430.950533333333 -1.0 3431.2773666666667 -1.0 2
384 0.125 nan 0.8 1.0 1.0 3434.0754 3434.0763666666667 3435.042033333333 3433.4895 3436.6254298568556 3434.9322333333334 -1.0 3434.9322333333334 -1.0 1
385 0.125 nan 0.8 1.0 1.0 3438.6918666666666 3438.6930333333335 3439.0653666666667 3437.2419333333332 3440.6419918502634 3438.9275333333335 -1.0 3438.9275333333335 -1.0 1
386 0.0 nan 0.8 1.0 1.0 3441.825 3441.826 3446.556633333333 3441.2526 3448.125363234381 3446.402633333333 -1.0 3446.402633333333 -1.0 1
387 0.125 nan 0.8 1.0 1.0 3449.3917333333334 3449.3926333333334 3450.1055666666666 3448.7350666666666 3451.6750686666664 3449.9454333333333 -1.0 3449.9454333333333 -1.0 1
388 0.0625 nan 0.8 1.0 1.0 3453.0586 3453.0596 3454.6087 3452.2853666666665 3456.174822679387 3454.4376333333335 -1.0 3454.4376333333335 -1.0 1
389 0.125 nan 0.8 1.0 1.0 3457.725233333333 3457.7262333333333 3458.4517333333333 3457.0860333333335 3460.024862958846 3458.2197666666666 -1.0 3458.2197666666666 -1.0 1
390 nan 0.0625 0.8 1.0 -1.0 3461.1251333333335 3461.1262333333334 3465.4772 3460.6320666666666 3468.0584302354378 3465.0936333333334 -1.0 3465.0936333333334 -1.0 1
391 0.25 nan 0.8 1.0 1.0 3469.1914333333334 3469.1925333333334 3473.8231666666666 3468.673333333333 3475.3912963804732 3473.2872333333335 1.0 3473.5372666666667 -1.0 2
392 nan 0.125 0.8 0.0 -1.0 3476.5250666666666 3476.5261333333333 3536.5275 3476.0097 3539.0268624218506 3517.5277333333333 -1.0 3519.3920333333335 1.0 3
393 0.125 nan 0.8 -1.0 -1.0 3540.4572 3540.4581333333335 3599.239466666667 3539.7290666666668 3601.7895958884583 3554.6766666666667 -1.0 3599.1817666666666 1.0 4
394 0.0625 nan 0.8 0.0 -1.0 3603.89 3603.8908333333334 3663.8924666666667 3602.509 3666.3915953110823 3607.7725 1.0 3649.3299666666667 1.0 3
395 1.0 nan 0.8 1.0 1.0 3667.5885 3667.5894333333335 3679.0412 3667.1118 3680.605597546868 3678.9324666666666 -1.0 3678.9324666666666 -1.0 1
396 0.0625 nan 0.8 -1.0 -1.0 3682.5218666666665 3682.5227333333332 3718.128833333333 3681.2345 3720.705162598589 3717.7980333333335 1.0 3718.035533333333 1.0 2
397 nan 0.0 0.8 0.0 -1.0 3722.1211 3722.1222 3782.1238 3721.369366666667 3784.6229302351953 nan 0.0 nan 0.0 0
398 nan 1.0 0.8 0.0 -1.0 3786.070366666667 3786.0714333333335 3846.0727333333334 3785.3110333333334 3848.572095901692 3841.6699 1.0 3842.0038666666665 -1.0 2
399 0.25 nan 0.8 1.0 1.0 3849.9030333333335 3849.9040333333332 3854.4601666666667 3849.2603 3856.0195629513682 3854.208633333333 -1.0 3854.208633333333 -1.0 1
400 0.0 nan 0.8 -1.0 -1.0 3857.4865 3857.4873333333335 3873.9465666666665 3856.6533666666664 3876.5358624154073 3859.1423 1.0 3873.8494 1.0 2
401 0.25 nan 0.8 1.0 1.0 3877.7029333333335 3877.7039 3880.8077 3877.177366666667 3882.386298415162 3878.9441666666667 -1.0 3880.6562 -1.0 3
402 1.0 nan 0.8 1.0 1.0 3883.9358666666667 3883.9368666666664 3904.5741 3883.014 3906.1520289861623 3899.493066666667 1.0 3904.216033333333 -1.0 4
403 1.0 nan 0.8 1.0 1.0 3907.552366666667 3907.5534 3908.151533333333 3906.799033333333 3909.735762947671 3907.757 -1.0 3908.093966666667 -1.0 2
404 0.0625 nan 0.8 1.0 1.0 3910.852033333333 3910.8530333333333 3911.469866666667 3910.343966666667 3913.0523686666666 3911.1528 -1.0 3911.3730666666665 -1.0 2
405 0.0 nan 0.8 1.0 1.0 3914.1855 3914.186366666667 3914.7753 3913.6637666666666 3916.3521958066167 3914.6008666666667 -1.0 3914.6008666666667 -1.0 1
406 0.0625 nan 0.8 1.0 1.0 3921.019 3921.02 3924.021566666667 3916.9657 3925.60239501371 3923.7815 -1.0 3923.7815 -1.0 1
407 nan 1.0 0.8 -1.0 1.0 3926.7851666666666 3926.7863666666667 3927.4312 3926.2511 3929.019029113168 3927.2837 1.0 3927.2837 1.0 1
408 0.25 nan 0.8 1.0 1.0 3930.3352666666665 3930.3363 3930.841933333333 3929.6540333333332 3932.418962395642 3930.7080333333333 -1.0 3930.7080333333333 -1.0 1
409 0.0 nan 0.8 1.0 1.0 3933.552 3933.5529333333334 3934.0228666666667 3933.0596666666665 3935.601895360655 3933.8485 -1.0 3933.8485 -1.0 1
410 0.0 nan 0.8 1.0 1.0 3938.052 3938.0529 3938.9463 3936.2342 3940.5189310492206 3938.7832333333336 -1.0 3938.7832333333336 -1.0 1
411 0.125 nan 0.8 1.0 1.0 3941.651533333333 3941.6525666666666 3942.427833333333 3941.150833333333 3944.002162635241 3942.2521666666667 -1.0 3942.2521666666667 -1.0 1
412 0.25 nan 0.8 1.0 1.0 3946.8349 3946.835866666667 3947.1938666666665 3944.6320666666666 3948.7681967290173 3947.055 -1.0 3947.055 -1.0 1
413 0.125 nan 0.8 1.0 1.0 3950.1352666666667 3950.1362 3950.5778 3949.3977 3952.1519290205442 3950.3885666666665 -1.0 3950.3885666666665 -1.0 1
414 0.125 nan 0.8 1.0 1.0 3953.3350666666665 3953.3361666666665 3953.7479333333335 3952.7724333333335 3955.335062211894 3953.5949 -1.0 3953.5949 -1.0 1
415 nan 0.125 0.8 1.0 -1.0 3956.6851 3956.686166666667 3957.1655 3955.9504666666667 3959.7515952777603 3957.015066666667 -1.0 3957.015066666667 -1.0 1
416 nan 0.125 0.8 1.0 -1.0 3961.4014 3961.4024666666664 3974.0174 3960.7118 3976.6013301196745 3973.8117666666667 -1.0 3973.8117666666667 -1.0 1
417 nan 0.125 0.2 -1.0 1.0 3977.9683 3977.9693666666667 3981.7886 3977.2479333333335 3983.367895847634 3981.645666666667 1.0 3981.645666666667 1.0 1
418 nan 0.0625 0.2 -1.0 1.0 3985.7681666666667 3985.769 4035.9632666666666 3983.9901 4037.5339956085895 4033.6701 1.0 4035.8908666666666 1.0 6
419 nan 1.0 0.2 -1.0 1.0 4038.7004666666667 4038.7014 4043.4488333333334 4038.2273 4045.017264086922 4043.2268 1.0 4043.2268 1.0 1
420 nan 0.125 0.2 -1.0 1.0 4046.183666666667 4046.1847 4048.8089 4045.6374666666666 4050.367198134113 4048.514833333333 1.0 4048.7684 1.0 2
421 nan 0.0625 0.2 1.0 -1.0 4051.4668666666666 4051.4683333333332 4054.4803 4050.9877 4057.0337623863493 4054.1284666666666 -1.0 4054.1284666666666 -1.0 1
422 nan 0.0625 0.2 1.0 -1.0 4058.3335 4058.3346 4071.3532 4057.662566666667 4073.9171289105457 4070.2093 -1.0 4071.215833333333 -1.0 2
423 nan 1.0 0.2 -1.0 1.0 4075.4001333333335 4075.4012 4075.8980333333334 4074.5686333333333 4077.450335333333 4075.7894333333334 1.0 4075.7894333333334 1.0 1
424 nan 0.125 0.2 1.0 -1.0 4078.5499 4078.5508333333332 4079.1435 4078.0823333333333 4081.7000919058924 4079.0113333333334 -1.0 4079.0113333333334 -1.0 1
425 nan 0.0 0.2 -1.0 1.0 4083.2500666666665 4083.2511666666664 4088.2446333333332 4082.3456 4089.799863316635 4087.1645 1.0 4088.1365 1.0 2
426 0.125 nan 0.2 1.0 1.0 4090.9666666666667 4090.9677666666666 4091.3449666666666 4090.4502666666667 4092.9000952608394 4091.2063 -1.0 4091.2063 -1.0 1
427 nan 0.0 0.2 1.0 -1.0 4093.9997 4094.0007666666666 4094.4707333333336 4093.5209 4097.033330224306 4094.196233333333 -1.0 4094.196233333333 -1.0 1
428 nan 0.0625 0.2 -1.0 1.0 4098.2331 4098.234066666667 4106.2088 4097.669133333334 4107.783029254454 4106.0582 1.0 4106.0582 1.0 1
429 nan 1.0 0.2 -1.0 1.0 4109.6665 4109.667333333334 4110.1384333333335 4108.437633333333 4111.699463263546 4109.995933333334 1.0 4109.995933333334 1.0 1
430 nan 0.125 0.2 1.0 -1.0 4114.5664 4114.5673 4115.1153 4112.330466666666 4117.699698467753 4114.827033333333 -1.0 4114.827033333333 -1.0 1
431 1.0 nan 0.2 1.0 1.0 4119.032766666666 4119.0336333333335 4119.359 4118.3361 4120.933028766667 4119.220766666666 -1.0 4119.220766666666 -1.0 1
432 nan 0.0625 0.2 1.0 -1.0 4122.082566666667 4122.0836 4123.796266666666 4121.570133333334 4126.365993996502 4123.239966666667 -1.0 4123.777466666666 -1.0 2
433 nan 0.0625 0.2 -1.0 1.0 4130.599366666666 4130.6002 4131.357333333333 4127.0203 4132.932332001329 4130.954833333333 1.0 4131.2882 1.0 2
434 0.25 nan 0.2 1.0 1.0 4142.5161333333335 4142.517133333334 4142.603033333334 4133.588933333333 4144.182629224106 4142.4441 -1.0 4142.4441 -1.0 1
435 nan 0.125 0.2 1.0 -1.0 4146.765766666666 4146.7668 4148.540766666667 4144.871933333333 4151.115395658681 4147.120166666667 -1.0 4148.3839333333335 1.0 4
436 nan 0.25 0.2 -1.0 1.0 4152.365633333333 4152.366766666667 4153.157933333333 4151.7717 4154.732329300746 4152.8379 1.0 4153.094033333334 1.0 2
437 nan 0.0625 0.2 -1.0 1.0 4157.682433333333 4157.6834 4159.213366666667 4155.386533333333 4160.782294778313 4159.013633333333 1.0 4159.013633333333 1.0 1
438 nan 1.0 0.2 -1.0 1.0 4161.949033333333 4161.950066666666 4162.3099 4161.4378 4163.882428424988 4162.198033333333 1.0 4162.198033333333 1.0 1
439 nan 1.0 0.2 -1.0 1.0 4165.065366666667 4165.066366666667 4165.452933333333 4164.5215333333335 4167.032135333333 4165.336066666667 1.0 4165.336066666667 1.0 1
440 nan 0.25 0.2 -1.0 1.0 4168.3488 4168.349666666667 4168.689266666666 4167.670733333333 4170.2653620564615 4168.5868666666665 1.0 4168.5868666666665 1.0 1
441 nan 0.0625 0.2 1.0 -1.0 4171.582433333333 4171.583333333333 4172.575 4170.907166666667 4175.148826587125 4172.3239 -1.0 4172.3239 -1.0 1
442 nan 0.0625 0.2 -1.0 1.0 4176.315233333334 4176.3163 4189.127533333333 4175.789333333333 4190.698462861253 4187.459233333333 -1.0 4188.945 1.0 3
443 nan 0.25 0.2 -1.0 1.0 4192.315333333333 4192.316233333333 4194.0666 4191.377166666667 4195.631797519446 4193.8557 1.0 4193.8557 1.0 1
444 0.125 nan 0.8 1.0 1.0 4196.931866666667 4196.932866666667 4199.257333333333 4196.2925 4200.832031210033 4198.9008 -1.0 4199.2322 -1.0 2
445 0.0625 nan 0.8 1.0 1.0 4202.0816 4202.082533333333 4203.144166666667 4201.472833333333 4204.714763042608 4202.9964666666665 -1.0 4202.9964666666665 -1.0 1
446 nan 0.125 0.8 -1.0 1.0 4206.1318 4206.132833333333 4206.6755 4205.372766666666 4208.248195925279 4206.546133333333 1.0 4206.546133333333 1.0 1
447 1.0 nan 0.8 1.0 1.0 4209.6486 4209.649466666667 4210.049333333333 4208.889 4211.631628904874 4209.8437 -1.0 4209.8437 -1.0 1
448 1.0 nan 0.8 1.0 1.0 4212.9812 4212.982133333333 4213.487166666667 4212.286933333334 4215.065062365298 4213.174533333334 -1.0 4213.4433 -1.0 2
449 0.125 nan 0.8 1.0 1.0 4216.281533333334 4216.282466666667 4216.7601 4215.712666666666 4218.33169544008 4216.567133333333 -1.0 4216.567133333333 -1.0 1
450 0.0625 nan 0.8 1.0 1.0 4219.698066666667 4219.6991 4220.479033333333 4218.9734 4222.048029516911 4220.283766666666 -1.0 4220.283766666666 -1.0 1
451 0.0625 nan 0.8 1.0 1.0 4223.298133333334 4223.2991 4224.427266666667 4222.697933333333 4225.998263155106 4224.081833333334 -1.0 4224.34 -1.0 2
452 0.25 nan 0.8 1.0 1.0 4227.381 4227.382066666667 4229.0048 4226.6520666666665 4230.58119728212 4228.637866666667 -1.0 4228.8984 -1.0 3
453 0.25 nan 0.8 1.0 1.0 4231.848033333334 4231.849033333333 4232.5215333333335 4231.229 4234.0982291589 4232.283433333333 -1.0 4232.283433333333 -1.0 1
454 nan 1.0 0.8 -1.0 1.0 4235.4813 4235.482366666667 4236.556366666667 4234.750533333333 4238.130962469646 4236.275333333333 1.0 4236.275333333333 1.0 1
455 0.0625 nan 0.8 1.0 1.0 4239.264633333333 4239.2657 4240.0809 4238.778366666666 4241.647895613893 4239.935133333333 -1.0 4239.935133333333 -1.0 1
456 0.25 nan 0.8 1.0 1.0 4242.9311333333335 4242.932 4243.639033333333 4242.3036 4245.214329126513 4243.336566666667 -1.0 4243.6027 -1.0 2
457 nan 0.0625 0.8 -1.0 1.0 4246.464666666667 4246.465666666667 4247.252866666667 4245.8803333333335 4248.831262561202 4246.8713 1.0 4247.201766666667 1.0 2
458 0.125 nan 0.8 1.0 1.0 4249.9642 4249.9653 4251.2312 4249.492966666667 4252.797696462965 4250.929566666667 -1.0 4250.929566666667 -1.0 1
459 0.125 nan 0.8 1.0 1.0 4254.131033333333 4254.131933333333 4254.640733333334 4253.456 4256.214629003817 4254.478366666666 -1.0 4254.478366666666 -1.0 1
460 0.0625 nan 0.8 -1.0 -1.0 4257.380666666667 4257.381933333333 4259.927933333333 4256.861233333333 4262.497894988437 4259.802833333333 1.0 4259.802833333333 1.0 1
461 0.0625 nan 0.8 -1.0 -1.0 4264.214033333334 4264.2149 4268.919866666667 4263.1604 4271.4975636350955 4268.530866666667 1.0 4268.530866666667 1.0 1
462 1.0 nan 0.8 1.0 1.0 4272.7972666666665 4272.7981666666665 4273.1437 4272.178166666667 4274.714394988377 4272.991266666667 -1.0 4272.991266666667 -1.0 1
463 0.125 nan 0.8 1.0 1.0 4276.147366666667 4276.148166666667 4277.627133333333 4275.39 4279.197630342392 4277.4534 -1.0 4277.4534 -1.0 1
464 0.0625 nan 0.8 1.0 1.0 4281.0804 4281.0814666666665 4281.501266666667 4279.868133333333 4283.080990713104 4281.348066666666 -1.0 4281.348066666666 -1.0 1
465 0.0625 nan 0.8 1.0 1.0 4284.297233333334 4284.298133333334 4284.9664 4283.7358 4286.530302000001 4284.630166666667 -1.0 4284.943266666667 -1.0 2
466 0.125 nan 0.8 1.0 1.0 4287.9141 4287.9151 4288.463433333333 4287.1971 4290.030428864091 4288.3287666666665 -1.0 4288.3287666666665 -1.0 1
467 0.125 nan 0.8 1.0 1.0 4291.1974666666665 4291.198433333333 4291.775666666666 4290.712733333334 4293.347061966657 4291.648833333334 -1.0 4291.648833333334 -1.0 1
468 1.0 nan 0.8 1.0 1.0 4296.263966666666 4296.264733333333 4296.5592 4294.009766666667 4298.130325936427 4296.4281 -1.0 4296.4281 -1.0 1
469 0.0625 nan 0.8 1.0 1.0 4300.197233333333 4300.1984 4312.687233333333 4298.806433333333 4314.263962880703 4300.712266666666 -1.0 4312.665733333333 -1.0 9
470 1.0 nan 0.8 1.0 1.0 4315.4802 4315.4813 4315.766466666667 4314.965166666667 4317.330494551758 4315.593966666666 -1.0 4315.593966666666 -1.0 1
471 0.0625 nan 0.8 -1.0 -1.0 4318.546733333334 4318.547633333334 4319.055633333333 4318.0111 4321.63023015392 4318.9276 1.0 4318.9276 1.0 1
472 0.125 nan 0.8 1.0 1.0 4323.196666666667 4323.1976 4323.3902333333335 4322.296033333333 4324.963461911936 4323.2760333333335 -1.0 4323.2760333333335 -1.0 1
473 nan 0.125 0.8 -1.0 1.0 4326.413633333334 4326.4146 4327.192666666667 4325.641366666667 4328.763496051365 4326.800933333333 1.0 4326.800933333333 1.0 1
474 1.0 nan 0.8 1.0 1.0 4330.1634 4330.164566666666 4330.6604 4329.4417 4332.213428771969 4330.479966666667 -1.0 4330.479966666667 -1.0 1
475 0.0625 nan 0.8 1.0 1.0 4333.463433333333 4333.4645666666665 4334.323833333333 4332.892733333333 4335.89666251969 4334.179766666667 -1.0 4334.179766666667 -1.0 1
476 nan 0.0 0.8 -1.0 1.0 4337.2465 4337.247533333333 4359.956766666666 4336.575866666667 4361.529895454616 4341.088133333334 -1.0 4359.786266666667 1.0 6
477 0.125 nan 0.8 1.0 1.0 4362.762866666667 4362.763733333333 4390.347433333333 4362.2501 4391.929162293277 4390.183933333334 -1.0 4390.183933333334 -1.0 1
478 0.0 nan 0.8 1.0 1.0 4395.679266666667 4395.6802333333335 4405.125266666667 4392.655866666667 4406.712395633779 4404.482766666667 -1.0 4404.988833333334 -1.0 2
479 0.25 nan 0.8 1.0 1.0 4407.979133333333 4407.980166666666 4408.3593 4407.4172 4409.945828351132 4408.2178 -1.0 4408.2178 -1.0 1
480 1.0 nan 0.8 1.0 1.0 4411.162133333333 4411.163166666666 4411.475433333333 4410.615833333333 4413.062335333334 4411.354733333334 -1.0 4411.354733333334 -1.0 1
481 0.25 nan 0.8 1.0 1.0 4414.2953 4414.296133333333 4415.034466666667 4413.7400333333335 4416.628962234869 4414.799166666667 -1.0 4414.799166666667 -1.0 1
482 nan 0.25 0.8 -1.0 1.0 4418.0286 4418.029466666667 4418.9152 4417.319666666666 4420.495596033572 4418.6313666666665 1.0 4418.884033333334 1.0 2
483 1.0 nan 0.8 1.0 1.0 4421.828933333333 4421.829766666667 4422.180433333333 4421.188 4423.762225509981 4422.0295 -1.0 4422.0295 -1.0 1
484 1.0 nan 0.8 1.0 1.0 4425.3288 4425.329766666667 4426.013366666667 4424.837833333333 4427.595362124966 4425.830833333333 -1.0 4425.830833333333 -1.0 1
485 nan 1.0 0.8 -1.0 1.0 4428.862 4428.863066666667 4429.7349 4428.268666666667 4431.328495931069 4429.5191 1.0 4429.5191 1.0 1
486 nan 0.25 0.8 -1.0 1.0 4432.628733333333 4432.629733333333 4433.031333333333 4432.0096 4434.612228479077 4432.913 1.0 4432.913 1.0 1
487 0.25 nan 0.8 1.0 1.0 4435.7951 4435.796033333333 4436.582266666666 4435.285933333334 4438.145262034571 4436.0377 -1.0 4436.542566666667 -1.0 2
488 0.125 nan 0.8 1.0 1.0 4439.478866666666 4439.479666666667 4439.822766666667 4438.855466666667 4441.39499494082 4439.701933333334 -1.0 4439.701933333334 -1.0 1
489 0.0 nan 0.8 1.0 1.0 4443.9454 4443.946666666667 4444.5961333333335 4442.0773 4446.162130473456 4444.4588 -1.0 4444.4588 -1.0 1
490 0.25 nan 0.8 1.0 1.0 4451.011433333333 4451.0123 4451.4911 4446.859333333334 4453.061395082008 4451.295633333333 -1.0 4451.295633333333 -1.0 1
491 1.0 nan 0.8 1.0 1.0 4454.245266666667 4454.246266666667 4454.6441 4453.7795 4456.211428010203 4454.444933333333 -1.0 4454.444933333333 -1.0 1
492 0.0 nan 0.8 1.0 1.0 4457.445033333333 4457.445933333333 4458.521333333333 4456.896133333334 4460.095262797916 4458.157933333333 -1.0 4458.458066666667 1.0 2
493 nan 1.0 0.8 -1.0 1.0 4461.394633333333 4461.395566666667 4461.757066666667 4460.7788666666665 4463.3280960044 4461.649666666666 1.0 4461.649666666666 1.0 1
494 0.25 nan 0.8 1.0 1.0 4464.695066666667 4464.6959 4465.0353 4464.0052 4466.611228361597 4464.9117 -1.0 4464.9117 -1.0 1
495 0.0 nan 0.8 -1.0 -1.0 4468.028466666667 4468.029533333333 4469.5629 4467.300433333334 4472.127964466444 4469.443766666666 1.0 4469.443766666666 1.0 1
496 1.0 nan 0.8 1.0 1.0 4473.394833333334 4473.395866666667 4473.905866666667 4472.823966666667 4475.478095065397 4473.731633333334 -1.0 4473.731633333334 -1.0 1
497 0.0625 nan 0.8 1.0 1.0 4476.861533333334 4476.8625 4477.776233333333 4476.1753 4479.3448293138745 4477.382733333333 -1.0 4477.6809 -1.0 2
498 0.0625 nan 0.8 1.0 1.0 4480.694266666666 4480.6955 4485.2301 4480.043333333333 4486.794395613905 4485.0053333333335 -1.0 4485.0053333333335 -1.0 1
499 0.0625 nan 0.8 1.0 1.0 4488.0114 4488.012466666667 4488.979133333333 4487.5096 4490.544829099534 4488.8196 -1.0 4488.8196 -1.0 1
500 nan 0.125 0.8 1.0 -1.0 4491.861233333333 4491.8621 4495.649066666667 4491.243033333333 4498.2111959442345 4495.3792 -1.0 4495.3792 -1.0 1
501 0.25 nan 0.8 1.0 1.0 4499.561033333333 4499.562066666666 4499.7583 4498.9074 4501.3276278908825 4499.646866666667 -1.0 4499.646866666667 -1.0 1
502 nan 0.125 0.8 1.0 -1.0 4502.527633333333 4502.528366666666 4502.695033333333 4502.0233333333335 4505.260962740212 4502.5731 -1.0 4502.5731 -1.0 1
503 0.25 nan 0.8 1.0 1.0 4507.8611 4507.862033333334 4508.1619 4505.961066666667 4509.727296773071 4508.0578 -1.0 4508.0578 -1.0 1
504 1.0 nan 0.8 1.0 1.0 4511.177866666667 4511.178666666667 4511.5053333333335 4510.4277 4513.077728391025 4511.3479 -1.0 4511.3479 -1.0 1
505 0.0625 nan 0.8 1.0 1.0 4514.493866666667 4514.495 4515.018866666666 4513.774833333333 4516.594661985274 4514.796166666667 -1.0 4514.796166666667 -1.0 1
506 0.0 nan 0.8 1.0 1.0 4521.560466666667 4521.5613 4526.343566666666 4517.301566666667 4527.910962305697 4524.901733333333 -1.0 4526.250866666666 -1.0 3
507 0.125 nan 0.8 1.0 1.0 4529.1605 4529.161566666667 4529.572866666666 4528.631666666667 4531.144094726765 4529.426233333334 -1.0 4529.426233333334 -1.0 1
508 0.125 nan 0.8 1.0 1.0 4532.3775 4532.378566666666 4532.8359 4531.8453 4534.410828105602 4532.7036333333335 -1.0 4532.7036333333335 -1.0 1
509 0.25 nan 0.8 1.0 1.0 4536.543566666666 4536.544533333334 4536.843033333334 4535.121133333333 4538.410862805208 4536.7083 -1.0 4536.7083 -1.0 1
510 nan 0.25 0.8 -1.0 1.0 4540.427033333333 4540.427866666667 4541.3432 4539.112766666667 4542.910696725698 4541.087533333333 1.0 4541.087533333333 1.0 1
511 0.25 nan 0.8 1.0 1.0 4544.127033333333 4544.128166666666 4544.4858 4543.6246 4546.060327852592 4544.341333333334 -1.0 4544.341333333334 -1.0 1
512 1.0 nan 0.8 1.0 1.0 4547.3773 4547.378166666666 4547.615133333334 4546.765133333333 4549.1771608595955 4547.511866666667 -1.0 4547.511866666667 -1.0 1
513 0.0625 nan 0.8 1.0 1.0 4550.476833333333 4550.477833333333 4551.464966666666 4549.914866666667 4553.026795872413 4550.374833333333 1.0 4551.204033333333 -1.0 4
514 0.0 nan 0.8 0.0 -1.0 4554.3105 4554.311766666667 4614.313133333333 4553.7277 4616.812261577496 4594.5303 1.0 4603.871066666667 -1.0 4
515 nan 0.25 0.2 1.0 -1.0 4618.259533333333 4618.260433333333 4662.950866666667 4617.611466666666 4665.5089950125075 4662.170966666667 1.0 4662.7853 -1.0 2
516 nan 0.0625 0.2 1.0 -1.0 4670.125633333333 4670.1265 4671.811833333333 4666.294 4674.375263212879 4670.990833333333 -1.0 4671.7153 -1.0 4
517 1.0 nan 0.2 1.0 1.0 4677.3088 4677.3098 4677.6714 4675.095266666666 4679.241825491028 4677.4927 -1.0 4677.4927 -1.0 1
518 1.0 nan 0.2 1.0 1.0 4682.8086 4682.809466666667 4683.130866666666 4679.960033333334 4684.692164258339 4683.0047 -1.0 4683.0047 -1.0 1
519 nan 0.0625 0.2 1.0 -1.0 4685.891633333334 4685.892433333333 4686.180766666666 4685.413366666667 4688.742096194574 4686.055466666667 -1.0 4686.055466666667 -1.0 1
520 0.25 nan 0.2 1.0 1.0 4689.991566666667 4689.992433333333 4690.391433333333 4689.4441 4691.958624959714 4690.262466666667 -1.0 4690.262466666667 -1.0 1
521 nan 0.25 0.2 1.0 -1.0 4693.641733333333 4693.642733333333 4696.7774 4693.094733333333 4699.341895119078 4696.588966666666 1.0 4696.588966666666 1.0 1
522 nan 1.0 0.2 -1.0 1.0 4701.5251 4701.5260333333335 4703.420533333333 4700.0609 4704.974859224564 4703.279766666667 1.0 4703.279766666667 1.0 1
523 nan 0.25 0.2 -1.0 1.0 4707.591766666666 4707.592666666666 4708.9268 4705.785666666667 4710.491697492395 4708.555333333334 -1.0 4708.555333333334 -1.0 1
524 nan 0.0625 0.2 -1.0 1.0 4711.9248333333335 4711.925966666667 4719.480366666667 4711.2276 4721.041595003374 4715.436233333333 1.0 4719.322033333333 1.0 12
525 nan 0.125 0.2 1.0 -1.0 4729.3579 4729.3589 4731.2189 4721.7799 4733.774496077476 4730.8339 -1.0 4731.0441 -1.0 2
526 nan 0.125 0.2 1.0 -1.0 4735.208033333333 4735.209266666667 4735.4712 4734.5296 4738.041629761325 4735.1964 -1.0 4735.3993 -1.0 2
527 nan 0.25 0.2 -1.0 1.0 4739.224466666667 4739.225533333333 4749.878333333333 4738.746533333333 4751.440735676414 4749.688633333333 1.0 4749.688633333333 1.0 1
