DY_010 b03fbc44-3d8e-4a6c-8a50-5ea3498568e0 danlab 2026-07-28T16:01:20.797097 _iblrig_tasks_ephysChoiceWorld6.2.5 M 362 402
0 1.0 nan 0.5 1.0 1.0 72.64176843007264 72.55654362007256 72.76982229007277 69.37152882006937 74.3365282360171 72.67786482007268 -1.0 72.67786482007268 -1.0 1
1 nan 0.125 0.5 -1.0 1.0 75.34179840007535 75.34243167007534 75.60763848007561 74.73222603007473 77.15284563728835 75.4948164300755 1.0 75.4948164300755 1.0 1
2 0.125 nan 0.5 1.0 1.0 78.87514503007887 78.87577830007888 79.1041554600791 77.52854637007754 80.65336323605965 78.993199890079 -1.0 78.993199890079 -1.0 1
3 1.0 nan 0.5 1.0 1.0 81.90854166008191 81.90937491008191 82.11155469008212 81.02836302008103 83.66996330526901 82.01679750008202 -1.0 82.01679750008202 -1.0 1
4 0.25 nan 0.5 1.0 1.0 84.95793669008496 84.95866995008495 85.15888326008516 84.04766106008405 86.70848860938575 85.05845997008505 -1.0 85.05845997008505 -1.0 1
5 1.0 nan 0.5 1.0 1.0 87.71962716008773 87.72026043008772 87.93870525008793 87.08869026008709 89.49131113570206 87.81998379008782 -1.0 87.81998379008782 -1.0 1
6 nan 0.125 0.5 -1.0 1.0 90.6032387700906 90.6039053700906 91.24420800009125 89.86991211008987 92.78651368193887 90.75045738009075 -1.0 90.98000109009098 1.0 2
7 nan 0.0625 0.5 -1.0 1.0 93.67486491009367 93.67553151009368 94.07722467009408 93.20781162009321 95.61973273897556 93.86344605009387 1.0 93.86344605009387 1.0 1
8 0.0625 nan 0.5 1.0 1.0 96.7917531900968 96.7924531200968 97.35353034009735 95.997932580096 98.90843868912626 96.93873849009694 -1.0 97.27180518009727 -1.0 2
9 nan 0.0625 0.5 1.0 -1.0 100.16968203010018 100.17048195010017 100.56547578010057 99.28453722009928 103.12484917684577 100.32103356010032 -1.0 100.32103356010032 -1.0 1
10 0.25 nan 0.5 1.0 1.0 105.26973864010527 105.27040524010528 105.54174477010554 103.5079481701035 107.08615376656246 105.41175777010541 -1.0 105.41175777010541 -1.0 1
11 nan 1.0 0.5 -1.0 1.0 107.991566430108 107.99233302010799 108.24437448010825 107.46775215010747 109.79148003885345 108.11362089010811 1.0 108.11362089010811 1.0 1
12 nan 0.0 0.5 1.0 -1.0 110.75249031011076 110.75329023011075 111.54094479011154 110.16678222011016 114.09138609490947 111.18924663011119 -1.0 111.18924663011119 -1.0 1
13 0.0 nan 0.5 -1.0 -1.0 115.06945857011507 115.07022516011507 115.45055379011545 114.47908428011448 118.01901934684568 115.23624189011524 1.0 115.23624189011524 1.0 1
14 nan 0.25 0.5 -1.0 1.0 120.57430803012058 120.57514128012058 120.81401739012081 118.45212027011846 122.38612330790147 120.71239422012071 1.0 120.71239422012071 1.0 1
15 nan 1.0 0.5 -1.0 1.0 123.70799463012371 123.7087612201237 123.92813928012393 122.77362141012277 125.5073421103437 123.83011575012384 1.0 123.83011575012384 1.0 1
16 nan 0.25 0.5 -1.0 1.0 126.5855735101266 126.58637343012659 126.88684338012689 125.89324275012589 128.4523501422046 126.76732200012677 1.0 126.76732200012677 1.0 1
17 0.0625 nan 0.5 -1.0 -1.0 129.54121125012955 129.54197784012953 129.94700400012994 128.83104894012882 132.51917468611694 129.73355868012973 1.0 129.73355868012973 1.0 1
18 nan 0.0 0.5 -1.0 1.0 133.47398460013346 133.4749178401335 133.74645735013374 132.9018751501329 135.31906700365852 133.61600373013363 1.0 133.61600373013363 1.0 1
19 nan 1.0 0.5 -1.0 1.0 136.25740623013627 136.25823948013627 136.4976822001365 135.6971622601357 138.0744851594963 136.37462784013638 1.0 136.37462784013638 1.0 1
20 nan 0.0 0.5 -1.0 1.0 139.48558338013947 139.48654995013948 139.7903862301398 138.45448650013844 141.35769276916614 139.63490178013964 1.0 139.63490178013964 1.0 1
21 nan 0.25 0.5 -1.0 1.0 142.6023050101426 142.6031382601426 142.994799090143 141.73919133014175 144.55789985427677 142.65849939014265 -1.0 142.65849939014265 -1.0 1
22 nan 0.0625 0.5 -1.0 1.0 145.48545000014548 145.4861166001455 145.7926192801458 144.996798870145 147.35712282704503 145.62823572014563 1.0 145.62823572014563 1.0 1
23 0.25 nan 0.5 1.0 1.0 148.73505834014873 148.73572494014874 149.03792805014905 147.74122440014773 150.6075334762428 148.9017083401489 -1.0 148.9017083401489 -1.0 1
24 nan 0.25 0.5 -1.0 1.0 151.46818500015146 151.46901825015146 151.77665415015178 150.993932430151 153.33505803017974 151.64590056015166 1.0 151.64590056015166 1.0 1
25 1.0 nan 0.5 1.0 1.0 154.2070444201542 154.2079776601542 154.44235422015444 153.71895990015372 156.0017620029386 154.32419937015433 -1.0 154.32419937015433 -1.0 1
26 0.0 nan 0.5 1.0 1.0 157.22414268015723 157.22494260015722 157.54047771015755 156.38416002015637 159.10718162030858 157.35492960015736 -1.0 157.35492960015736 -1.0 1
27 nan 0.0625 0.5 1.0 -1.0 160.26867153016028 160.26953811016028 160.62186954016062 159.4933824001595 163.19037666244145 160.42842222016043 -1.0 160.42842222016043 -1.0 1
28 nan 0.125 0.5 -1.0 1.0 164.15118324016416 164.15214981016416 164.43098859016445 163.5784738501636 166.00728644654674 164.2992684301643 1.0 164.2992684301643 1.0 1
29 nan 1.0 0.5 -1.0 1.0 167.1845798701672 167.18544645016718 167.41838982016742 166.45278639016647 168.98499576576765 167.3096673601673 1.0 167.3096673601673 1.0 1
30 1.0 nan 0.5 1.0 1.0 170.39045925017038 170.3913924901704 170.62480248017062 169.36759488016938 172.18480770239879 170.5043478601705 -1.0 170.5043478601705 -1.0 1
31 nan 0.125 0.5 1.0 -1.0 173.6898626101737 nan 173.69066253017368 172.5773072101726 176.41824851749385 nan 0.0 nan 0.0 0
32 nan 1.0 0.5 -1.0 1.0 177.45645258017746 177.45728583017745 177.74105745017775 176.8103505301768 179.3011625676751 177.57237432017757 1.0 177.57237432017757 1.0 1
33 nan 0.0625 0.5 -1.0 1.0 180.2899358701803 180.29056914018028 181.13075178018113 179.69386215017968 182.70135804165008 180.46581828018046 1.0 180.96500169018097 1.0 3
34 nan 1.0 0.5 -1.0 1.0 184.20684414018422 184.2075107401842 184.41995616018443 183.0959552401831 185.9849922258663 184.31826633018431 1.0 184.31826633018431 1.0 1
35 1.0 nan 0.5 1.0 1.0 187.2069441001872 187.2078106801872 187.46888457018747 186.37639383018637 189.0348910862836 187.23507462018725 1.0 187.23507462018725 1.0 1
36 nan 0.0 0.5 -1.0 1.0 191.15671575019115 191.15741568019115 199.3046342101993 189.43058838018942 200.86763524498465 191.32096599019133 -1.0 199.23990735019925 1.0 12
37 nan 0.125 0.5 -1.0 1.0 202.5900723002026 202.5909055502026 202.86424488020288 201.2972349302013 204.4345487211682 202.65383259020265 1.0 202.65383259020265 1.0 1
38 nan 0.125 0.5 -1.0 1.0 208.17281397020818 208.17348057020817 208.47005091020847 204.83074821020483 210.04008583317489 208.27467045020828 1.0 208.27467045020828 1.0 1
39 0.0625 nan 0.5 -1.0 -1.0 211.43452110021144 211.43545434021144 211.77945327021177 210.44618661021045 214.35629175159303 211.5806731502116 1.0 211.5806731502116 1.0 1
40 0.125 nan 0.5 -1.0 -1.0 215.28403611021528 215.28473604021528 215.64270024021565 214.75548897021477 218.20660383163465 215.43528765021543 1.0 215.43528765021543 1.0 1
41 0.0625 nan 0.5 -1.0 -1.0 219.30110103021931 219.3019676102193 219.5779733402196 218.6114033402186 222.13971084542854 219.44405340021945 1.0 219.44405340021945 1.0 1
42 nan 0.0625 0.5 -1.0 1.0 223.25090601022325 nan 223.54960947022354 222.55070937022256 225.11703602311076 223.4025575102234 1.0 223.4025575102234 1.0 1
43 0.25 nan 0.5 1.0 1.0 227.18951211022718 nan 227.44905282022745 225.5899387502256 229.02245575359754 227.33053134022734 -1.0 227.33053134022734 -1.0 1
44 0.0625 nan 0.5 -1.0 -1.0 230.73415761023074 230.73485754023073 231.03279441023105 229.42205550022942 233.60016410355573 230.88620907023088 1.0 230.88620907023088 1.0 1
45 nan 1.0 0.5 -1.0 1.0 234.5895053702346 234.5904052802346 234.80778354023482 234.01566276023402 236.372585452359 234.70552710023472 1.0 234.70552710023472 1.0 1
46 1.0 nan 0.5 1.0 1.0 238.9000409402389 238.9007075402389 239.15088252023915 236.77328697023677 240.7170872664588 239.02829478023904 -1.0 239.02829478023904 -1.0 1
47 0.25 nan 0.5 1.0 1.0 241.6892286602417 241.68999525024168 241.97000058024196 241.12498509024113 243.53920302191773 241.83578067024183 -1.0 241.83578067024183 -1.0 1
48 1.0 nan 0.5 1.0 1.0 244.65063249024465 244.65126576024466 244.88940861024489 243.93900366024394 246.45571291075126 244.77492006024477 -1.0 244.77492006024477 -1.0 1
49 0.125 nan 0.5 1.0 1.0 247.5837391502476 247.5845724002476 247.9050070202479 246.85471206024687 249.46731298471195 247.72989120024772 -1.0 247.72989120024772 -1.0 1
50 0.125 nan 0.5 1.0 1.0 250.35579525025037 250.35652851025037 250.81151634025082 249.86681082024987 252.38344151148345 250.53187764025054 1.0 250.53187764025054 1.0 1
51 nan 0.125 0.5 1.0 -1.0 253.4055235802534 253.4064901502534 253.77978615025378 252.85874493025287 256.35005589241376 253.53454401025354 -1.0 253.53454401025354 -1.0 1
52 0.25 nan 0.5 1.0 1.0 257.4884819102575 257.48944848025747 257.7581549402578 256.75825494025673 259.3166600566823 257.63603382025764 -1.0 257.63603382025764 -1.0 1
53 nan 0.25 0.5 -1.0 1.0 261.08885517026107 261.0896884202611 261.35596179026135 259.7218585502597 262.9167658838116 261.25307208026123 1.0 261.25307208026123 1.0 1
54 0.125 nan 0.5 1.0 1.0 264.022228470264 264.022995060264 264.3386968202643 263.3279645702633 265.90559666891886 264.1831790402642 -1.0 264.1831790402642 -1.0 1
55 0.25 nan 0.5 1.0 1.0 267.7668873002678 267.7675872302678 268.0604912702681 266.3124994202663 269.63329537323176 267.92883777026793 -1.0 267.92883777026793 -1.0 1
56 nan 0.25 0.5 -1.0 1.0 271.45558506027146 271.45625166027145 271.7276245202717 270.04679262027 273.28342547502217 271.6022370602716 1.0 271.6022370602716 1.0 1
57 0.0 nan 0.5 -1.0 -1.0 278.48834838027847 278.4891149702785 278.82778110027886 273.6983274302737 281.4048475291499 278.6808291302787 1.0 278.6808291302787 1.0 1
58 nan 0.0625 0.5 -1.0 1.0 282.5666071802826 282.5674071002826 282.85834467028286 281.8396465502818 284.4215779283172 282.7293242402827 1.0 282.7293242402827 1.0 1
59 nan 0.25 0.5 -1.0 1.0 285.43308717028543 285.4340204102854 285.7171587602857 284.83218060028486 287.28306588978654 285.6056699102856 1.0 285.6056699102856 1.0 1
60 0.0625 nan 0.5 1.0 1.0 289.37165994028936 289.3722932102894 289.76028774028975 287.6936610902877 291.3384875224115 289.51974513028955 -1.0 289.51974513028955 -1.0 1
61 nan 0.125 0.5 1.0 -1.0 292.7329571102927 292.73359038029275 293.1129191102931 291.75438831029174 295.68322072292295 292.91007273029294 -1.0 292.91007273029294 -1.0 1
62 0.0625 nan 0.5 1.0 1.0 296.75522151029674 296.75622141029675 297.03362700029703 296.0956208102961 298.60492954460443 296.9123724602969 -1.0 296.9123724602969 -1.0 1
63 0.0625 nan 0.5 1.0 1.0 299.5995703802996 299.6005036202996 300.09352098030007 299.016928650299 301.67162488429204 299.87250975029986 -1.0 299.87250975029986 -1.0 1
64 0.0 nan 0.5 1.0 1.0 302.8162153503028 nan 303.46115085030345 302.0832219903021 305.03275073456234 302.8943742003029 -1.0 303.2943342003033 -1.0 2
65 0.25 nan 0.5 1.0 1.0 307.07132313030706 nan 307.31976495030733 305.44475247030545 308.888266084819 307.1950107603072 -1.0 307.1950107603072 -1.0 1
66 nan 0.0625 0.5 -1.0 1.0 310.81608195031083 nan 311.1995769303112 309.3138655203093 312.7660786575979 310.952035020311 -1.0 311.05652457031107 1.0 2
67 nan 0.125 0.5 1.0 -1.0 314.05459140031405 314.05559130031406 314.36259393031435 313.1884780203132 316.9378951162239 314.1848450403142 -1.0 314.1848450403142 -1.0 1
68 0.0625 nan 0.5 1.0 1.0 318.0989202603181 318.0998868303181 318.3447956703184 317.3536947903174 319.89909992568613 318.23877294031826 -1.0 318.23877294031826 -1.0 1
69 0.125 nan 0.5 1.0 1.0 320.970599730321 320.97119967032097 321.24260586032125 320.3168984403203 322.80410848647307 321.13045041032115 -1.0 321.13045041032115 -1.0 1
70 0.125 nan 0.5 1.0 1.0 326.2158751503262 326.2167750603262 326.5643403003266 323.22260784032323 328.1323400666153 326.3944239603264 -1.0 326.3944239603264 -1.0 1
71 0.0 nan 0.5 1.0 1.0 329.7214578903297 329.72239113032975 330.0615572103301 328.5601407003286 331.63264924795 329.85571113032984 -1.0 329.85571113032984 -1.0 1
72 1.0 nan 0.5 1.0 1.0 332.9375029203329 332.93833617033295 333.14334900033316 332.1499483503322 334.7206517288658 333.04962504033307 -1.0 333.04962504033307 -1.0 1
73 nan 1.0 0.5 -1.0 1.0 335.6318667903356 335.6326333803356 335.88887442033587 335.13364995033515 337.45447441162776 335.7779521803358 1.0 335.7779521803358 1.0 1
74 nan 0.25 0.5 -1.0 1.0 338.4324533703384 nan 338.7402892503387 337.86867642033786 340.3039904320093 338.6108688603386 1.0 338.6108688603386 1.0 1
75 nan 1.0 0.5 -1.0 1.0 341.7991166703418 nan 342.04729185034205 340.72739052034075 343.6152949934161 341.93220336034193 1.0 341.93220336034193 1.0 1
76 0.125 nan 0.5 -1.0 -1.0 344.7044594403447 344.7051593703447 345.034526430345 344.03209335034404 347.5988273328703 344.8824083103449 1.0 344.8824083103449 1.0 1
77 0.0625 nan 0.5 -1.0 -1.0 348.6875944203487 348.6884610003487 348.988764300349 348.01872798034805 351.55393265205805 348.6551976603487 -1.0 348.6551976603487 -1.0 1
78 nan 0.0625 0.5 -1.0 1.0 353.4322199103534 353.43301983035343 353.8912406703539 351.988330980352 355.44864253772715 353.6846280003537 1.0 353.6846280003537 1.0 1
79 nan 0.0625 0.5 1.0 -1.0 357.3039327003573 357.3046659603573 357.62896686035765 355.88044173035587 360.1984569854317 357.46984944035745 -1.0 357.46984944035745 -1.0 1
80 1.0 nan 0.5 1.0 1.0 362.003529360362 362.004262620362 362.24217216036226 360.73105662036073 363.8039741291003 362.12331738036215 -1.0 362.12331738036215 -1.0 1
81 nan 0.25 0.5 -1.0 1.0 365.5981365303656 365.5988697903656 365.8853744703659 364.2320731503642 367.45360623844465 365.75585409036574 1.0 365.75585409036574 1.0 1
82 nan 0.125 0.5 -1.0 1.0 369.11468484036914 369.1154847603691 369.4640165703695 367.8797083503679 371.03681675524484 369.3171979203693 1.0 369.3171979203693 1.0 1
83 nan 0.25 0.5 -1.0 1.0 372.61503477037263 372.61576803037264 372.9309031803729 371.4731156403715 374.49863619942596 372.8234472603728 1.0 372.8234472603728 1.0 1
84 nan 1.0 0.5 -1.0 1.0 377.4038891703774 377.4046890903774 377.62793343037765 374.92753683037495 379.2031349622887 377.5249770603775 1.0 377.5249770603775 1.0 1
85 0.25 nan 0.5 1.0 1.0 380.96486637038095 380.96563296038096 381.2458382703812 379.63633257037964 382.81473970621533 381.0996862203811 -1.0 381.0996862203811 -1.0 1
86 0.25 nan 0.5 1.0 1.0 383.8037157903838 383.8045823703838 384.0789549303841 383.24433840038324 385.63665675328804 383.94416841038395 -1.0 383.94416841038395 -1.0 1
87 0.125 nan 0.5 1.0 1.0 389.88110799038986 389.8818745803899 390.15708039039015 386.06315649038606 391.7144006814902 390.03092634039 -1.0 390.03092634039 -1.0 1
88 nan 0.0 0.5 1.0 -1.0 392.93696904039297 392.93780229039294 393.21647442039324 392.2661028003923 395.7813098101425 393.0695224503931 -1.0 393.0695224503931 -1.0 1
89 0.125 nan 0.5 1.0 1.0 396.969765720397 396.970398990397 397.2180075603972 396.2095084203962 398.7811103604027 397.1093850903971 -1.0 397.1093850903971 -1.0 1
90 nan 0.25 0.2 -1.0 1.0 400.0195940404 400.02036063040003 400.36862580040037 399.2099083503992 401.9310259942779 400.1594800504002 -1.0 400.1594800504002 -1.0 1
91 nan 0.125 0.2 1.0 -1.0 403.01996064040304 403.02066057040304 403.2976662004033 402.36172647040235 405.8697337407774 403.17207876040317 -1.0 403.17207876040317 -1.0 1
92 nan 0.0625 0.2 1.0 -1.0 406.8480777904069 406.84897770040686 407.14398153040713 406.3021323904063 409.7193473922735 406.999662630407 -1.0 406.999662630407 -1.0 1
93 nan 0.25 0.2 -1.0 1.0 410.71452444041074 nan 411.01636092041105 410.15514705041016 412.58086081010737 410.87954127041087 1.0 410.87954127041087 1.0 1
94 nan 0.0 0.2 -1.0 1.0 413.51964390041354 nan 413.8442781004139 413.01616092041303 415.4365762055631 413.7197572204137 1.0 413.7197572204137 1.0 1
95 1.0 nan 0.2 1.0 1.0 416.7477210604168 nan 416.981897640417 415.8709754104159 418.5639950228789 416.8748750104169 -1.0 416.8748750104169 -1.0 1
96 nan 0.25 0.2 -1.0 1.0 419.5194438604195 nan 419.8324125604198 418.999395870419 421.4143115817752 419.7063918304197 1.0 419.7063918304197 1.0 1
97 1.0 nan 0.2 1.0 1.0 422.45235054042246 422.45305047042245 422.6740950304227 421.84911087042184 424.25312638870315 422.5667391004226 -1.0 422.5667391004226 -1.0 1
98 nan 0.0625 0.2 -1.0 1.0 426.3137310304263 426.3147309304263 426.59963577042663 424.6891268404247 428.18083411329616 426.4761481204265 1.0 426.4761481204265 1.0 1
99 nan 1.0 0.2 -1.0 1.0 430.43655204043046 430.43728530043046 430.67562813043065 428.62923279042866 432.2636568648334 430.5562067404306 1.0 430.5562067404306 1.0 1
100 nan 1.0 0.2 -1.0 1.0 433.28540046043327 433.2862337104333 433.5347421904335 432.71405760043274 435.11947442215364 433.4074215904334 1.0 433.4074215904334 1.0 1
101 nan 0.0625 0.2 -1.0 1.0 436.31413089043633 436.3148308204363 436.6004689204366 435.55077390043556 438.1861698069239 436.43295234043643 1.0 436.43295234043643 1.0 1
102 0.25 nan 0.2 1.0 1.0 439.2808008604393 439.2814674604393 439.5932696104396 438.6214668004386 441.18079700033127 439.4551834204395 -1.0 439.4551834204395 -1.0 1
103 nan 1.0 0.2 -1.0 1.0 442.36922532044235 442.3701252304424 442.6122010204426 441.6236998804416 444.20240032531063 442.4958459904425 1.0 442.4958459904425 1.0 1
104 0.125 nan 0.2 -1.0 -1.0 445.58047083044556 445.5813707404456 445.8681087304459 444.64159806044466 448.4305079789161 445.7372551504457 1.0 445.7372551504457 1.0 1
105 nan 0.25 0.2 -1.0 1.0 449.50224528044953 449.5030118704495 449.76961854044976 448.8858069304489 451.3351185711674 449.64339783044966 1.0 449.64339783044966 1.0 1
106 nan 0.125 0.2 -1.0 1.0 452.4301857904524 452.4309523804524 452.85794301045286 451.77191829045177 454.41923081161343 452.6095678504526 -1.0 452.6095678504526 -1.0 1
107 nan 0.125 0.2 -1.0 1.0 455.6971590604557 455.6979589804557 456.16364574045616 454.977531030455 457.7305445443258 455.87734104045586 -1.0 455.964798960456 1.0 2
108 nan 0.0625 0.2 -1.0 1.0 458.7024251704587 458.7031917604587 459.026559420459 458.1767444104582 460.60235771712917 458.86880853045886 1.0 458.86880853045886 1.0 1
109 nan 1.0 0.2 -1.0 1.0 461.57993739046157 461.5808373004616 461.8028817604618 461.04285777046107 463.36377997269784 461.6935926904617 1.0 461.6935926904617 1.0 1
110 nan 0.25 0.2 -1.0 1.0 465.5517735004656 465.55244010046556 465.8133806704658 463.8023817904638 467.38028162512313 465.68656002046566 1.0 465.68656002046566 1.0 1
111 nan 1.0 0.2 -1.0 1.0 469.95206676046996 469.95273336046995 470.2121074204702 467.83767822046786 471.78540430397635 470.07205476047005 1.0 470.07205476047005 1.0 1
112 0.125 nan 0.2 -1.0 -1.0 472.83034557047284 472.8309788404728 473.06402220047306 472.23560505047226 475.63532024240016 472.9400346004729 1.0 472.9400346004729 1.0 1
113 nan 1.0 0.2 -1.0 1.0 477.8801072104779 477.8809071304779 478.1166168904781 476.08581999047607 479.68534805762187 477.996162270478 1.0 477.996162270478 1.0 1
114 nan 0.0625 0.2 -1.0 1.0 480.8302121704808 480.8308787704808 481.1802438304812 480.1366482004801 482.7520452562395 480.990262830481 1.0 480.990262830481 1.0 1
115 nan 0.125 0.2 -1.0 1.0 483.66319551048366 483.66386211048365 484.011360690484 483.1941424204832 485.58525887512343 483.8764075204839 1.0 483.8764075204839 1.0 1
116 1.0 nan 0.2 1.0 1.0 486.64669713048664 486.64746372048666 486.8939724004869 486.03405840048606 488.46827004314764 486.7852499404868 -1.0 486.7852499404868 -1.0 1
117 nan 0.0625 0.2 -1.0 1.0 489.3794238304894 489.38009043048936 490.00036173049 488.91946983048894 491.5685798893438 489.7002917404897 1.0 489.7002917404897 1.0 1
118 nan 1.0 0.2 -1.0 1.0 492.7126571404927 492.7133570704927 492.96829824049297 492.15407967049214 494.5297964245267 492.84584382049286 1.0 492.84584382049286 1.0 1
119 nan 0.125 0.2 -1.0 1.0 495.6014682304956 495.6023348104956 495.9172033204959 494.97839721049496 497.48520252975567 495.76765161049576 1.0 495.76765161049576 1.0 1
120 nan 0.25 0.2 -1.0 1.0 498.9297687004989 498.93063528049896 499.2058077604992 497.9389011304979 500.763208027038 499.07982036049907 1.0 499.07982036049907 1.0 1
121 nan 0.125 0.2 -1.0 1.0 501.8845731905019 501.8852397905019 502.3672249205024 501.2151068105012 503.9350224087286 502.18794285050217 1.0 502.18794285050217 1.0 1
122 nan 0.0 0.2 -1.0 1.0 504.8791070405049 504.8798736305049 505.1931423005052 504.38942268050437 506.76843957243375 505.0513231505051 1.0 505.0513231505051 1.0 1
123 nan 0.25 0.2 -1.0 1.0 507.82974528050784 507.83047854050784 508.1034512405081 507.2236392305072 509.6631498960977 507.97019790050797 1.0 507.97019790050797 1.0 1
124 0.0625 nan 0.2 -1.0 -1.0 510.83444478051086 510.83511138051085 511.16177871051116 510.12044952051014 513.7350739727787 510.97903032051096 1.0 510.97903032051096 1.0 1
125 nan 0.25 0.2 -1.0 1.0 515.2961985605153 515.2970651405153 515.5804701305156 514.1999748605142 517.1462993214645 515.4638484605155 1.0 515.4638484605155 1.0 1
126 0.0625 nan 0.2 -1.0 -1.0 518.2180396805182 518.2186729505182 518.5173430805186 517.6066008305177 521.0795085408761 518.3961552005184 1.0 518.3961552005184 1.0 1
127 nan 0.0625 0.2 1.0 -1.0 524.4346512905245 524.4355845305245 524.8055808605249 521.5415073005215 527.3628131219307 524.6735940605247 -1.0 524.6735940605247 -1.0 1
128 nan 0.125 0.2 -1.0 1.0 528.5012779205285 528.5021778305285 528.7163230805287 527.8329114305278 530.2848359615216 528.6154665005287 1.0 528.6154665005287 1.0 1
129 nan 0.0 0.2 -1.0 1.0 531.6121668005317 531.6128334005316 531.8630417105319 530.8854394805309 533.429341209446 531.6116001905316 1.0 531.6116001905316 1.0 1
130 nan 1.0 0.2 -1.0 1.0 534.5348745005346 534.5357744105345 534.7727507105348 533.8883391605339 536.3348492054693 534.6483964805346 1.0 534.6483964805346 1.0 1
131 nan 0.0625 0.2 -1.0 1.0 538.3624917005384 538.3633916105383 538.7524860305388 536.7925487105368 540.3172812609632 538.5784367705386 1.0 538.5784367705386 1.0 1
132 nan 0.125 0.2 -1.0 1.0 541.7790166805418 541.7796832805418 542.041190460542 540.7798832705408 543.6007903014078 541.9100035805419 1.0 541.9100035805419 1.0 1
133 0.0625 nan 0.2 -1.0 -1.0 544.6121000105446 544.6129665905446 544.995295020545 544.0544891105441 547.5618934232756 544.7638515005448 1.0 544.7638515005448 1.0 1
134 0.25 nan 0.2 -1.0 -1.0 548.6839927805487 548.6849260205487 549.000894420549 548.027891730548 551.5618229979543 548.8292782505488 1.0 548.8292782505488 1.0 1
135 0.0625 nan 0.2 -1.0 -1.0 553.017026100553 553.0178593505531 553.3798231505534 552.029424870552 555.9507525037412 553.1975413805532 1.0 553.1975413805532 1.0 1
136 nan 0.0625 0.2 -1.0 1.0 557.4949782605574 557.4957781805575 557.8294448105578 556.4198524505564 559.3953449692636 557.6823261905577 1.0 557.6823261905577 1.0 1
137 nan 0.125 0.2 -1.0 1.0 560.5174759805606 560.5184092205606 560.7394537805608 559.8625414805599 562.3010519335648 560.6473296605607 1.0 560.6473296605607 1.0 1
138 nan 0.125 0.2 -1.0 1.0 563.3286281705633 563.3293614305634 563.7014575505638 562.7617515305627 565.2620843735222 563.5272416405635 1.0 563.5272416405635 1.0 1
139 nan 0.0625 0.2 -1.0 1.0 566.3337609605663 566.3346275405663 566.6387971205667 565.7287881305657 568.2007954594651 566.4851124905665 1.0 566.4851124905665 1.0 1
140 nan 1.0 0.2 -1.0 1.0 570.9617314505709 570.9625980305709 571.1958080405713 568.6651944605687 572.7673207976542 571.0903852505711 1.0 571.0903852505711 1.0 1
141 nan 0.125 0.2 -1.0 1.0 573.8953380605739 573.896204640574 574.1896086305742 573.3847224605734 575.7504106193688 574.0594216505741 1.0 574.0594216505741 1.0 1
142 nan 1.0 0.2 -1.0 1.0 576.7785163805768 576.7795162805768 576.983529210577 576.2168058905762 578.5452250327507 576.8923383305769 1.0 576.8923383305769 1.0 1
143 0.25 nan 0.2 1.0 1.0 580.1165825405801 580.1174491205801 580.7452530005808 579.010826460579 582.317247142448 580.4644477505805 1.0 580.5412400705806 1.0 2
144 nan 0.125 0.2 -1.0 1.0 583.3616246705834 583.3623912605834 583.6736601305837 582.7965478505828 585.2282580026181 583.5129762005835 1.0 583.5129762005835 1.0 1
145 nan 1.0 0.2 -1.0 1.0 586.4332841405865 586.4340174005864 586.6985576105867 585.6989575805857 588.2665565106294 586.5477060305866 1.0 586.5477060305866 1.0 1
146 0.0 nan 0.2 -1.0 -1.0 592.4448495905924 592.4455828505925 592.7539186805927 588.7349539505888 595.3173112079792 592.5795361205926 1.0 592.5795361205926 1.0 1
147 nan 1.0 0.2 -1.0 1.0 596.4783795305965 596.4792127805965 596.6809926005967 595.8072133205958 598.2449226276777 596.5932680405966 1.0 596.5932680405966 1.0 1
148 nan 0.125 0.2 -1.0 1.0 599.4662807105994 599.4671472905994 599.8370103005999 598.7196220505987 601.3948115127171 599.6055334505996 1.0 599.6055334505996 1.0 1
149 nan 0.0625 0.2 -1.0 1.0 602.4165189906024 602.4174522306024 602.6844255306027 601.8668073006019 604.2501215466549 602.5561716906026 1.0 602.5561716906026 1.0 1
150 nan 0.25 0.2 -1.0 1.0 605.3614244706054 605.3624243706054 605.6364303006056 604.7199219606048 607.1949565304034 605.5060433406055 1.0 605.5060433406055 1.0 1
151 0.25 nan 0.2 1.0 1.0 608.3835555606084 608.3843554806084 608.9078364606089 607.6653607206076 610.4613681248348 608.5184420706086 1.0 608.7579181206088 -1.0 2
152 nan 0.125 0.2 1.0 -1.0 611.4165522306114 611.4173188206114 611.8836388506119 610.935167040611 614.4446700790849 611.6874584706117 -1.0 611.6874584706117 -1.0 1
153 nan 0.125 0.2 -1.0 1.0 615.4163855406155 615.4172521206154 615.7097895306157 614.922968220615 617.283272025939 615.5704368006155 1.0 615.5704368006155 1.0 1
154 nan 0.0 0.2 -1.0 1.0 618.977396070619 618.978229320619 624.2722998606242 617.912469240618 625.8275266933563 618.980529090619 -1.0 624.1465791006242 1.0 5
155 nan 0.25 0.2 -1.0 1.0 626.8333437306269 626.8340769906268 627.1075163106271 626.3224281606264 628.6662459371031 626.983728690627 1.0 626.983728690627 1.0 1
156 1.0 nan 0.2 1.0 1.0 629.7943142706298 629.7950475306297 630.01622541063 629.1442459506292 631.5832548998555 629.92730097063 -1.0 629.92730097063 -1.0 1
157 nan 0.0625 0.2 -1.0 1.0 634.2273375906342 634.2279708606343 634.5763693506345 632.060854260632 636.1444642463547 634.2197050206343 1.0 634.4203182906344 1.0 2
158 nan 0.0 0.2 -1.0 1.0 637.2494020206373 637.2502686006372 637.5723697206375 636.6375632106367 639.1276676330152 637.4121857406374 1.0 637.4121857406374 1.0 1
159 nan 0.25 0.2 -1.0 1.0 640.1825086806402 640.1832086106402 640.4189850306404 639.6083661006396 641.9775808518011 640.3131289506404 1.0 640.3131289506404 1.0 1
160 0.125 nan 0.2 -1.0 -1.0 643.0827519606431 643.0834852206431 643.4128189506434 642.4548814206424 645.9822120520298 643.2175384806433 1.0 643.2175384806433 1.0 1
161 nan 0.125 0.2 -1.0 1.0 647.994194100648 647.994794040648 648.2993969106483 646.4625139506464 649.8658258094563 648.1360132506481 1.0 648.1360132506481 1.0 1
162 nan 0.0 0.2 -1.0 1.0 651.0434224806511 651.044389050651 651.3233278206513 650.3495252106503 652.8774263707346 651.1750759806512 1.0 651.1750759806512 1.0 1
163 nan 1.0 0.2 -1.0 1.0 654.5991002106546 654.6000001206546 654.8071460706548 653.3592242106533 656.3605413719613 654.5341733706546 -1.0 654.6649936206546 1.0 2
164 0.0625 nan 0.2 -1.0 -1.0 657.5157085206575 657.5166417606575 657.8809386606579 656.8492418406569 660.4491649870608 657.6668934006577 1.0 657.6668934006577 1.0 1
165 nan 0.25 0.2 -1.0 1.0 663.0605206506631 663.0611872506631 663.2928640806633 660.9417658806609 664.8603904297446 663.1954404906633 1.0 663.1954404906633 1.0 1
166 nan 0.0625 0.2 -1.0 1.0 665.8658067606659 665.8665066906659 666.2181715206663 665.3540912706653 667.7766875613358 666.010925580666 1.0 666.010925580666 1.0 1
167 nan 1.0 0.2 -1.0 1.0 668.982528390669 668.983461630669 669.2177048706692 668.4261840306684 670.7821994193096 669.1007499006691 1.0 669.1007499006691 1.0 1
168 nan 1.0 0.2 -1.0 1.0 671.9604639006719 671.961097170672 672.1967069406722 671.2646001606713 673.7652045353223 672.0815851206721 1.0 672.0815851206721 1.0 1
169 nan 0.25 0.2 -1.0 1.0 674.8766389206748 674.8773721806749 675.1664099406752 674.2479018006743 676.7266346778202 675.027190530675 1.0 675.027190530675 1.0 1
170 nan 1.0 0.2 -1.0 1.0 677.8147784106778 677.8156783206779 678.0777187806781 677.2117387206772 679.6434471954535 677.936932860678 1.0 677.936932860678 1.0 1
171 nan 0.25 0.2 -1.0 1.0 680.7489849606808 680.7499515306807 681.2334365106813 680.1336465006801 682.7990362602206 680.9172681306809 1.0 681.2156049606813 1.0 2
172 nan 0.25 0.2 -1.0 1.0 684.6432288306846 684.6438954306847 684.9090689106849 683.2901308206833 686.4816597763784 684.7723825806847 1.0 684.7723825806847 1.0 1
173 nan 1.0 0.2 -1.0 1.0 688.6431288006886 688.6438287306886 688.8658731906888 686.978261970687 690.4318690861794 688.7586172506888 1.0 688.7586172506888 1.0 1
174 nan 0.25 0.2 -1.0 1.0 691.6428288006916 691.6437953706917 691.8933704106919 690.9307666806909 693.465394413714 691.6718592306917 -1.0 691.7560174806918 1.0 2
175 nan 1.0 0.8 -1.0 1.0 694.6600603806946 694.6607269806947 694.8900040506949 693.9565974006939 696.4486005356628 694.6636933506946 -1.0 694.6636933506946 -1.0 1
176 0.0 nan 0.8 -1.0 -1.0 697.7767486806978 697.7776819206978 699.0730190406991 696.942698760697 701.6259140545794 697.9322997906979 1.0 698.9396657106989 1.0 3
177 0.0625 nan 0.8 -1.0 -1.0 702.8650064707028 702.8656397407028 703.1576105407032 702.1283134807021 705.7098378392966 703.002359400703 1.0 703.002359400703 1.0 1
178 nan 0.0 0.8 1.0 -1.0 706.8655397107069 706.8662396407069 707.1282467707072 706.2066389407062 709.6983417545039 707.005792350707 -1.0 707.005792350707 -1.0 1
179 nan 0.0 0.8 -1.0 1.0 711.9429985807119 711.9438318307119 712.2032725507122 710.1969398707103 713.7648640594153 712.0631865607121 1.0 712.0631865607121 1.0 1
180 0.0 nan 0.8 -1.0 -1.0 715.5097085407156 715.5104751307155 715.7914470307157 714.2667661807143 718.364886838782 715.6494279007156 1.0 715.6494279007156 1.0 1
181 0.0625 nan 0.8 -1.0 -1.0 719.5426718707196 719.5434051307195 719.8223772307198 719.0469881107191 722.3926037166754 719.7001227907197 1.0 719.7001227907197 1.0 1
182 1.0 nan 0.8 1.0 1.0 723.5313063007235 723.5320728907235 723.8105117107239 722.8903037407229 725.3983051485073 723.6804580507237 -1.0 723.6804580507237 -1.0 1
183 0.25 nan 0.8 1.0 1.0 726.4925434807265 726.4933100707265 726.9039356707269 725.8971030307259 728.4760261511548 726.7363524307267 -1.0 726.7363524307267 -1.0 1
184 0.0625 nan 0.8 -1.0 -1.0 729.5142746107296 729.5149745407296 729.89696967073 728.977828260729 732.4760595640804 729.6944232607296 1.0 729.6944232607296 1.0 1
185 0.0 nan 0.8 -1.0 -1.0 733.6812912007337 733.6821911107337 793.6812912007337 732.975861750733 736.6144798509783 733.8981361807339 1.0 734.3261267107343 1.0 2
186 1.0 nan 0.8 1.0 1.0 737.7588500707378 nan 737.987560530738 737.1251801107371 739.5587871115753 737.8906702207379 -1.0 737.8906702207379 -1.0 1
187 0.0 nan 0.8 -1.0 -1.0 741.8642061607419 741.8650727407419 747.3110280907473 740.0644861507401 749.8923170627456 742.039755270742 -1.0 747.1916400307472 1.0 7
188 0.0 nan 0.8 1.0 1.0 751.0811177107511 nan 751.6478277007517 750.4253166307504 753.2307202561899 751.2456345907513 -1.0 751.5952329607516 -1.0 2
189 1.0 nan 0.8 1.0 1.0 754.2755649007543 nan 754.5128411707545 753.7391185507538 756.0980318138335 754.4061851707544 -1.0 754.4061851707544 -1.0 1
190 1.0 nan 0.8 1.0 1.0 757.3417915807573 757.3426248307574 757.5575366707576 756.6021322207566 759.1250595688979 757.4608130107574 -1.0 757.4608130107574 -1.0 1
191 0.125 nan 0.8 1.0 1.0 760.3304593507603 760.3311926107604 760.6264630807607 759.6308626507596 762.2144568168567 760.5003090307605 -1.0 760.5003090307605 -1.0 1
192 0.0625 nan 0.8 1.0 1.0 763.2422014807632 763.2431680507633 763.4882768707635 762.7243532707628 765.0643676137952 763.3715885407634 -1.0 763.3715885407634 -1.0 1
193 0.0625 nan 0.8 1.0 1.0 768.6423280807686 768.6430946707686 768.906201690769 765.5737683007656 770.4754930473682 768.7770479407687 -1.0 768.7770479407687 -1.0 1
194 nan 0.25 0.8 -1.0 1.0 772.8803709007728 772.8810041707729 773.1917064307733 770.999192370771 774.7806267269923 773.068818720773 1.0 773.068818720773 1.0 1
195 0.0625 nan 0.8 1.0 1.0 777.1087480207772 777.1096146007771 777.4292159707775 775.2976291507753 779.0138233913714 777.3079947607773 -1.0 777.3079947607773 -1.0 1
196 0.25 nan 0.8 1.0 1.0 780.2252696707802 780.2262029107802 780.980927430781 779.7229199107798 782.5584491747359 780.3704218207804 -1.0 780.3704218207804 -1.0 1
197 nan 0.0625 0.8 1.0 -1.0 783.7469174707837 783.7478173807838 784.010824410784 783.0676520707831 786.5974504977412 783.900168810784 -1.0 783.900168810784 -1.0 1
198 nan 0.0625 0.8 1.0 -1.0 787.7748813007878 787.7757812107877 788.043121140788 787.1081479807871 790.6245768425588 787.961762610788 -1.0 787.961762610788 -1.0 1
199 0.0 nan 0.8 1.0 1.0 792.3803873707924 792.3813539407923 793.8383082307938 791.1335787307911 795.4133984722931 792.9018685507929 1.0 793.4419145407935 -1.0 2
200 nan 0.25 0.8 -1.0 1.0 796.4585461807965 796.4593127707965 796.8682052107969 795.9340986307959 798.4471981834029 796.6532267107966 1.0 796.6532267107966 1.0 1
201 0.0 nan 0.8 1.0 1.0 799.5917328307996 799.5925994107996 799.7949125107998 798.963295680799 801.3746320028263 799.7036883007997 -1.0 799.7036883007997 -1.0 1
202 0.0625 nan 0.8 1.0 1.0 802.3804206008024 802.3812205208023 802.6797240008027 801.8810372108019 804.2583499024669 802.5759677108026 -1.0 802.5759677108026 -1.0 1
203 0.125 nan 0.8 1.0 1.0 806.2300022708063 806.2308355208063 806.7592493408067 804.7632489608047 808.3472417415105 806.6385280808066 -1.0 806.6385280808066 -1.0 1
204 1.0 nan 0.8 1.0 1.0 809.4080177708095 809.4087843608094 809.6592593108097 808.8684384008088 811.2414508140752 809.5689350108096 -1.0 809.5689350108096 -1.0 1
205 nan 0.25 0.2 1.0 -1.0 812.3629555808124 812.3637221708124 812.4803771708125 811.7420510108118 815.0634679814676 812.3252260208124 -1.0 812.3252260208124 -1.0 1
206 nan 0.25 0.2 -1.0 1.0 816.8081443508169 816.8089776008168 817.0724845808171 815.5691682608156 818.641505638634 816.9669284708169 1.0 816.9669284708169 1.0 1
207 0.125 nan 0.2 1.0 1.0 820.1294121908202 820.1302787708202 820.4490135608205 819.1558095608192 822.0298073800848 820.3375913708203 -1.0 820.3375913708203 -1.0 1
208 nan 0.125 0.2 1.0 -1.0 823.0578193208231 823.058585910823 823.3199264408233 822.5380046408226 825.8964192287146 823.1679749708231 -1.0 823.1679749708231 -1.0 1
209 nan 0.125 0.2 -1.0 1.0 826.9410976208269 826.9418642108269 827.3076276308274 826.4042179808264 828.8965473779747 827.1380445908271 1.0 827.1380445908271 1.0 1
210 nan 1.0 0.2 -1.0 1.0 831.3410909108313 831.3418241708314 831.5792337608316 829.4071509908295 833.1411590956357 831.4696780508315 1.0 831.4696780508315 1.0 1
211 nan 0.0 0.2 -1.0 1.0 834.1464770108341 834.1474435808342 834.5587691108345 833.6703579608337 836.1242719292065 834.4364146808344 1.0 834.4364146808344 1.0 1
212 1.0 nan 0.2 1.0 1.0 838.3296586508384 838.3303585808384 838.5177731708385 836.8483734608369 840.0741684628226 838.4424140408385 -1.0 838.4424140408385 -1.0 1
213 1.0 nan 0.2 1.0 1.0 841.1457103508411 841.1466435908411 841.4160833108414 840.5959653308406 842.973876228958 841.3014947708413 -1.0 841.3014947708413 -1.0 1
214 nan 0.0625 0.2 -1.0 1.0 844.2128036108443 844.2139368308442 844.6027979408447 843.4874761508435 846.157190275959 844.4227492808444 1.0 844.4227492808444 1.0 1
215 nan 1.0 0.2 -1.0 1.0 847.3796535608474 847.3805534708474 847.6144967408476 846.6756906308467 849.1796190034457 847.4956752908475 1.0 847.4956752908475 1.0 1
216 nan 1.0 0.2 -1.0 1.0 850.3902191408504 850.3911857108504 850.7419173008508 849.6911223908497 852.3070409567017 850.5407374208505 1.0 850.5407374208505 1.0 1
217 0.0625 nan 0.2 -1.0 -1.0 853.3954852508534 853.3961518508534 853.6574923808537 852.8256422408529 856.2074520612518 853.5283053008535 1.0 853.5283053008535 1.0 1
218 nan 0.25 0.2 -1.0 1.0 858.8125768208588 858.8134100708588 859.065751500859 856.7348512808568 860.6237747104913 858.9448302608589 1.0 858.9448302608589 1.0 1
219 nan 0.25 0.2 -1.0 1.0 861.996191760862 861.997025010862 862.3025611208623 861.1573756508611 863.857287273297 862.1700077108621 1.0 862.1700077108621 1.0 1
220 nan 0.125 0.2 -1.0 1.0 865.0462533908651 865.046986650865 865.3756871108653 864.3756871208644 866.929083200706 865.1794067408651 1.0 865.1794067408651 1.0 1
221 nan 0.0625 0.2 -1.0 1.0 868.1406439208681 868.1413105208682 868.4240822408684 867.4465800008675 869.9791053087503 868.2894623708683 1.0 868.2894623708683 1.0 1
222 nan 0.0625 0.2 -1.0 1.0 871.0068239408711 871.007590530871 871.3223923808713 870.4987080908705 872.8786196639157 871.2033709508712 1.0 871.2033709508712 1.0 1
223 nan 1.0 0.2 -1.0 1.0 873.940530540874 nan 874.3504228808744 873.3941185208733 875.9068171083607 874.0955483708741 1.0 874.0955483708741 1.0 1
224 nan 1.0 0.2 -1.0 1.0 878.4621783308785 nan 878.6970215108787 876.4351143908765 880.2617436879815 878.6082637208787 1.0 878.6082637208787 1.0 1
225 nan 0.25 0.2 -1.0 1.0 881.9067338408819 881.9074337708819 882.8544390608829 880.7906454608808 884.4067640540337 882.5330378708826 1.0 882.5330378708826 1.0 1
226 nan 0.25 0.2 -1.0 1.0 885.4121166008854 885.4130165108854 885.7012543508857 884.9334644708849 887.2569787526395 885.5394372008856 1.0 885.5394372008856 1.0 1
227 nan 1.0 0.2 -1.0 1.0 888.9286315808889 888.9293315108889 889.1584752608892 887.7825795308878 890.7236973471755 889.0712173208891 1.0 889.0712173208891 1.0 1
228 nan 0.0625 0.2 -1.0 1.0 891.7452498908917 891.7459164908918 892.1039806808922 891.2617982408913 893.6622064721856 891.9003010508919 1.0 891.9003010508919 1.0 1
229 nan 1.0 0.2 -1.0 1.0 894.7233187208948 894.7242186308947 895.077516630895 894.1856058308942 896.6453170015769 894.8567720408948 1.0 894.8567720408948 1.0 1
230 nan 0.0625 0.2 -1.0 1.0 897.9401303408979 897.940863600898 898.6360274108987 897.3988178108974 900.1903213605182 898.4705439608985 1.0 898.4705439608985 1.0 1
231 nan 0.0625 0.2 -1.0 1.0 902.978059830903 902.978759760903 903.3761200209034 900.7134196509007 904.9396426168844 903.1844725209032 1.0 903.1844725209032 1.0 1
232 nan 0.125 0.2 -1.0 1.0 906.1610081709061 906.1617414309062 906.2714304609062 905.4766432809055 907.8234555962518 906.1553420709062 1.0 906.1553420709062 1.0 1
233 nan 1.0 0.2 -1.0 1.0 909.5615347509096 909.5623346709095 909.98755881091 908.3500559109084 911.5397810299003 909.7172191809098 1.0 909.7172191809098 1.0 1
234 nan 0.25 0.2 -1.0 1.0 912.5615013909126 912.5623013109125 912.9591616209129 912.0793829409121 914.5279870319777 912.8196422409128 1.0 912.8196422409128 1.0 1
235 0.125 nan 0.2 -1.0 -1.0 916.056285210916 916.056918480916 916.7319176409168 915.0536854809151 919.2951068648629 916.2404667909162 1.0 916.6472927709167 1.0 2
236 nan 0.125 0.2 -1.0 1.0 920.3729868309204 920.3738534109203 920.5591015509206 919.8347073309199 922.1228246700683 920.4105830709204 1.0 920.4105830709204 1.0 1
237 nan 0.25 0.2 -1.0 1.0 923.1444763209231 923.1451429209231 923.4516122709234 922.6575250209227 925.0115360917055 923.3161924809233 1.0 923.3161924809233 1.0 1
238 0.0625 nan 0.2 -1.0 -1.0 926.0894817909261 926.0901150609261 926.3917515609264 925.5459361509255 928.9558424065087 926.2719302109263 1.0 926.2719302109263 1.0 1
239 nan 1.0 0.2 -1.0 1.0 929.97782625093 929.97872616093 930.2847288909303 929.4962410809295 931.8448539527825 930.1663740609301 1.0 930.1663740609301 1.0 1
240 nan 1.0 0.2 -1.0 1.0 933.1225450809332 933.1233450009331 933.4315475109335 932.3749531809324 934.9947700140772 933.2991607509333 1.0 933.2991607509333 1.0 1
241 nan 0.0625 0.2 -1.0 1.0 936.1227450309361 936.1236116109361 936.5312708409365 935.5293710409355 938.0947641733711 936.3263913309363 1.0 936.3263913309363 1.0 1
242 nan 0.125 0.2 -1.0 1.0 939.3388233909393 939.3395899809393 939.8767695909398 938.6364603009387 941.4444888593841 939.7132526109398 1.0 939.7132526109398 1.0 1
243 nan 1.0 0.2 -1.0 1.0 942.7222516809427 942.7228849509428 943.0693836309431 941.985991980942 944.6228070852327 942.8782694109428 1.0 942.8782694109428 1.0 1
244 nan 0.125 0.2 -1.0 1.0 945.8614377309459 945.8621376609459 946.3227249309464 945.1612077609452 947.8887150327727 946.1951376909462 1.0 946.1951376909462 1.0 1
245 nan 0.0625 0.2 -1.0 1.0 949.0602844809491 949.061117730949 949.6028302209496 948.4310140809484 951.1609214510585 949.2401998209492 1.0 949.2401998209492 1.0 1
246 nan 0.125 0.2 -1.0 1.0 952.2888282609523 952.2897281709523 952.6613243409527 951.6997205109517 954.2220454941025 952.5318706209525 1.0 952.5318706209525 1.0 1
247 nan 1.0 0.2 -1.0 1.0 956.4941410209565 956.4950076009565 956.8508386809568 954.7655472309548 958.4108686064211 956.6627574909567 1.0 956.6627574909567 1.0 1
248 nan 0.0625 0.2 -1.0 1.0 959.93909649096 959.93996307096 960.2673636609603 959.1962707809593 961.8225874683454 960.1517085609602 1.0 960.1517085609602 1.0 1
249 0.125 nan 0.2 1.0 1.0 962.8274409609628 962.8282408809629 963.1504753209632 962.3641872909624 964.7056990990693 963.034153620963 -1.0 963.034153620963 -1.0 1
250 nan 0.25 0.2 -1.0 1.0 965.8943009109659 965.8952008209659 966.1719731409662 965.2432993509652 967.7273989724239 966.0796823709661 1.0 966.0796823709661 1.0 1
251 nan 0.125 0.2 -1.0 1.0 969.6555580809696 969.6564913209696 970.0912145109701 968.2719964509682 971.6555041804717 969.8670702609699 1.0 969.8670702609699 1.0 1
252 nan 0.125 0.2 -1.0 1.0 972.7108858509728 972.7117857609727 972.987424860973 972.2050031109723 974.5443142260852 972.8551714209729 1.0 972.8551714209729 1.0 1
253 nan 0.0625 0.2 -1.0 1.0 975.7387497009757 975.7394163009758 975.988624710976 975.092214360975 977.5382437473214 975.8808354909759 1.0 975.8808354909759 1.0 1
254 nan 0.125 0.2 -1.0 1.0 978.7606141509788 978.7613807409788 979.1502418509791 978.0896479209781 980.7272621600105 978.948728670979 1.0 978.948728670979 1.0 1
255 nan 0.0625 0.2 -1.0 1.0 981.8548713609819 981.8556712809818 982.3408560909824 981.2748627009813 983.9264760329781 982.1959705809822 1.0 982.1959705809822 1.0 1
256 nan 0.0 0.2 -1.0 1.0 988.7052195909887 988.7059195209887 992.8937007009929 984.4828752009845 994.4773159187191 989.8310736609899 1.0 992.8167417309928 1.0 2
257 nan 0.0 0.2 -1.0 1.0 995.8046095809958 995.8054428309958 999.7982101809998 995.0716162209951 1001.3717303401107 997.7997100509978 1.0 999.6960204009997 1.0 2
258 nan 0.25 0.2 -1.0 1.0 1002.5767989610026 1002.5776655410026 1002.8296403410028 1001.938829431002 1004.4050569822975 1002.7281504910028 1.0 1002.7281504910028 1.0 1
259 nan 0.125 0.2 -1.0 1.0 1005.5765656210056 1005.5772988810056 1006.1025463510061 1004.9589607210049 1007.6716680149754 1005.954494491006 1.0 1005.954494491006 1.0 1
260 nan 0.125 0.2 -1.0 1.0 1008.7266505810087 1008.7275838210087 1012.2646634110123 1008.2281671010082 1013.8379832506221 1009.2255006910092 1.0 1012.1184447010121 1.0 4
261 nan 0.0 0.8 -1.0 1.0 1015.043352181015 1015.044152101015 1015.4120819710154 1014.4050826810144 1016.988301331811 1015.2955269610153 1.0 1015.2955269610153 1.0 1
262 nan 0.25 0.8 -1.0 1.0 1019.7597471610197 1019.7604804210198 1020.4269137710204 1017.5477017210176 1022.0101303209386 1019.94569523102 1.0 1020.3648199810203 1.0 3
263 0.25 nan 0.8 1.0 1.0 1023.4876410010235 1023.4884409210235 1024.9653265510249 1022.5805317210226 1026.5375467913098 1024.818407911025 -1.0 1024.818407911025 -1.0 1
264 0.0625 nan 0.8 -1.0 -1.0 1028.3096920810283 1028.3106253210283 1028.6993531110288 1027.097546641027 1031.2765412511073 1028.5755654910286 1.0 1028.5755654910286 1.0 1
265 1.0 nan 0.8 1.0 1.0 1033.9206642610338 1033.921530841034 1034.2903606210343 1031.847738241032 1035.8710757250483 1034.1351428110343 -1.0 1034.1351428110343 -1.0 1
266 1.0 nan 0.8 1.0 1.0 1036.993123651037 1036.993856911037 1037.3888840710374 1036.4420787610366 1038.9596744124244 1037.1671395810372 -1.0 1037.1671395810372 -1.0 1
267 0.125 nan 0.8 1.0 1.0 1041.6371258710417 1041.6377924710416 1042.3859843110424 1039.5193710010394 1043.9594066808525 1042.2162012910421 -1.0 1042.2162012910421 -1.0 1
268 0.125 nan 0.8 1.0 1.0 1045.4039824810454 1045.4047157410455 1046.6196275710465 1044.7860109510448 1048.1922153610767 1046.4556106410464 -1.0 1046.4556106410464 -1.0 1
269 0.25 nan 0.8 1.0 1.0 1049.3711190610493 1049.3719856410494 1060.8508709710609 1048.7575137610488 1062.426185369728 1051.2360658810512 -1.0 1060.7173843210608 -1.0 6
270 0.25 nan 0.8 1.0 1.0 1063.7369490010637 1063.7377822510637 1067.797009621068 1063.029286441063 1069.3704960138034 1067.4549105010674 -1.0 1067.4549105010674 -1.0 1
271 0.125 nan 0.8 -1.0 -1.0 1070.6591900410706 1070.6599899610708 1075.132609321075 1069.94599470107 1077.7092270328446 1074.996889561075 1.0 1074.996889561075 1.0 1
272 0.25 nan 0.8 1.0 1.0 1078.8872004910788 1078.887900421079 1079.7911434210798 1078.2963262510782 1081.3752575932297 1079.6313594010796 -1.0 1079.6313594010796 -1.0 1
273 0.125 nan 0.8 1.0 1.0 1083.2871604510833 1083.2878270510832 1096.6953195010967 1081.9479610510818 1098.270032645398 1088.0488509010881 -1.0 1096.4815075510965 -1.0 4
274 nan 0.25 0.8 1.0 -1.0 1099.5919298110996 1099.5925964110995 1107.3674855111074 1098.8905332910988 1109.9364684405737 1100.9269296311008 -1.0 1107.2617960811074 -1.0 5
275 nan 0.125 0.8 1.0 -1.0 1111.1250097211112 1111.1257763111112 1120.5896298311206 1110.5397682511104 1123.1751108485405 1118.8747680011188 -1.0 1120.3358218811204 -1.0 4
276 0.0625 nan 0.8 1.0 1.0 1124.4197134511244 1124.4205800311245 1135.5731646611355 1123.7797107911238 1137.1528790054924 1131.002088481131 -1.0 1135.4933059811356 -1.0 5
277 0.0625 nan 0.8 1.0 1.0 1138.4576095211385 1138.4583761111385 1142.8484037311428 1137.7630789811378 1144.4192198152214 1140.5990620211405 1.0 1142.2569962111422 1.0 6
278 0.125 nan 0.8 1.0 1.0 1146.1754376611461 1146.1762709111463 1151.7714446711518 1145.006421241145 1153.3413607897928 1146.3006918011463 1.0 1151.7021516011516 -1.0 10
279 0.25 nan 0.8 1.0 1.0 1154.6858532011547 1154.6868197711547 1181.5249690211815 1153.936561471154 1183.107675410264 1162.3845165911623 1.0 1181.3848497011813 -1.0 10
280 nan 1.0 0.8 1.0 -1.0 1184.3184229811843 1184.3190895811842 1198.4958717611985 1183.7880760211838 1201.06855140102 1186.3574857211863 -1.0 1198.3341879311984 -1.0 8
281 1.0 nan 0.8 1.0 1.0 1202.1904356012021 1202.1911688612022 1202.4636416112025 1201.6926520512018 1204.0405605423205 1202.3606852412024 -1.0 1202.3606852412024 -1.0 1
282 0.125 nan 0.8 1.0 1.0 1205.2517294412053 1205.2524293712052 1247.1756366312472 1204.6116601212045 1248.7506403352872 1247.017419121247 -1.0 1247.017419121247 -1.0 1
283 0.0625 nan 0.8 1.0 1.0 1250.3393202312504 1250.3401534812504 1258.3175889912584 1249.4629412112495 1259.8726736258743 1256.7649442712568 -1.0 1258.1775363312581 -1.0 2
284 1.0 nan 0.8 1.0 1.0 1261.4507423112614 1261.4517088812615 1266.4631076912665 1260.4734733812604 1268.0393219336336 1263.200067361263 1.0 1266.2511288912663 -1.0 2
285 0.0625 nan 0.8 1.0 1.0 1269.6671205912696 1269.6679205112696 1284.3586846212843 1268.6370236112687 1285.9221973821675 1270.7973408912708 -1.0 1284.2084329812842 -1.0 4
286 1.0 nan 0.8 -1.0 -1.0 1287.3838487412875 1287.3846819912874 1316.832903541317 1286.5577980212865 1319.4046105560888 1289.7902747412897 -1.0 1316.1972671113163 -1.0 15
287 0.25 nan 0.8 1.0 1.0 1320.6995501713207 1320.7002167713208 1357.3446852913573 1320.0926108713202 1358.9212889105575 1323.6946839613238 -1.0 1357.2511279813573 -1.0 10
288 0.25 nan 0.8 -1.0 -1.0 1363.3658497813633 1363.3665830413634 1402.7460113714028 1359.6294901213596 1405.3147789255538 1374.5912271313746 1.0 1402.5488310914025 1.0 14
289 nan 0.0 0.8 1.0 -1.0 1406.8199372714068 1406.820670531407 1435.8781978214358 1406.059679971406 1438.448204632822 1411.805238691412 -1.0 1435.8443012114358 -1.0 13
290 nan 0.125 0.8 1.0 -1.0 1439.6525870114397 1439.6534869214397 1476.1092743114762 1439.137005241439 1478.680077596543 1454.967955321455 -1.0 1475.8792639814758 -1.0 6
291 0.0 nan 0.8 1.0 1.0 1480.05234663148 1480.0532465414801 1481.1060745814812 1479.3984786914793 1482.6683926929893 1480.931725351481 -1.0 1480.931725351481 -1.0 1
292 nan 0.25 0.8 1.0 -1.0 1483.7467104914838 1483.7475437414837 1492.3137203714923 1483.2564928514832 1494.8857350917372 1491.5271657014916 -1.0 1492.122339511492 -1.0 2
293 nan 0.125 0.8 -1.0 1.0 1496.4635720114966 1496.4643386014966 1538.2675245315384 1495.4983352114955 1539.8348269150729 1497.2152635014972 1.0 1538.1759003615382 1.0 8
294 0.0 nan 0.8 -1.0 -1.0 1541.079210001541 1541.080076581541 1573.863564571574 1540.5655280415406 1576.445567237048 1545.084842731545 -1.0 1573.835400721574 1.0 7
295 0.25 nan 0.8 1.0 1.0 1577.8842957915779 1577.885195701578 1613.7693402616137 1577.1528689415773 1615.3449436362175 1603.5080664916036 -1.0 1613.5310307616135 -1.0 6
296 0.125 nan 0.8 1.0 1.0 1617.8333004916178 1617.8339670916178 1626.7612742716267 1616.0563448716161 1628.3446855078691 1618.005283291618 -1.0 1626.6669503716266 -1.0 7
297 0.0625 nan 0.8 1.0 1.0 1629.5170986616295 1629.5177985916296 1637.2942208716372 1628.981985511629 1638.8832323485847 1629.6803156716296 1.0 1637.115172111637 -1.0 3
298 1.0 nan 0.8 1.0 1.0 1641.094174171641 1641.094940761641 1654.4547046516545 1639.5044331616396 1656.0331138894428 1649.3198515216493 -1.0 1654.3802454316544 -1.0 5
299 0.25 nan 0.8 1.0 1.0 1657.2279273016572 1657.2286938916573 1678.3774121416784 1656.6844149916567 1679.949420591936 1658.4605373616585 -1.0 1678.2561909316782 -1.0 12
300 nan 0.25 0.8 1.0 -1.0 1681.2773221216812 1681.2780220516813 1736.2101949517362 1680.6163215616807 1738.7760580016281 1685.1930305116853 -1.0 1736.1771649217362 -1.0 16
301 0.25 nan 0.8 1.0 1.0 1740.1813644617403 1740.1821310517403 1764.159866371764 1739.5674591917395 1765.7313733304768 1740.7433749217407 -1.0 1763.894559571764 -1.0 9
302 0.125 nan 0.8 1.0 1.0 1767.4427713817674 1767.4437379517674 1779.8571298217798 1766.4138742817665 1781.425241949992 1773.5021987117734 1.0 1779.5727249317797 -1.0 2
303 0.0625 nan 0.8 -1.0 -1.0 1782.7311423917827 1782.7318756517827 1788.7131108017888 1782.0611427317822 1791.2802597522925 1788.1772310617882 1.0 1788.6119542517886 1.0 3
304 0.0625 nan 0.8 1.0 1.0 1795.7587728317958 1795.7597060717958 1799.4854001317995 1791.8998587617918 1801.047511906929 1795.8628957517958 -1.0 1799.2444908917992 -1.0 3
305 0.25 nan 0.8 1.0 1.0 1802.2755210918024 1802.2762543518022 1811.5937558418116 1801.6851134718017 1813.1471704402584 1806.2633889318063 -1.0 1811.4382380618115 -1.0 2
306 0.0625 nan 0.8 1.0 1.0 1814.5079977218145 1814.5087309818146 1822.9120905618229 1813.7709714318137 1824.4918026021483 1822.1946623118222 1.0 1822.5017316018225 1.0 3
307 1.0 nan 0.8 1.0 1.0 1826.2636887018264 1826.2645886118262 1874.6903122218748 1825.127502331825 1876.2793061306493 1857.104904271857 1.0 1874.4378041418745 -1.0 12
308 0.0625 nan 0.8 1.0 1.0 1878.2741538018784 1878.2748204018783 1932.7516388419328 1877.0730072618771 1934.3233667040556 1903.2247918219032 -1.0 1932.5343272419325 1.0 9
309 0.125 nan 0.8 1.0 1.0 1937.094737821937 1937.0956377319371 1941.4659006619415 1935.1234683019352 1943.0453828490954 1941.1076031619411 -1.0 1941.3538785319413 -1.0 2
310 0.125 nan 0.8 1.0 1.0 1944.2231915719442 1944.2238915019443 1946.8086996619468 1943.6647807519437 1948.3899121050292 1946.2909847719463 1.0 1946.4645007519464 -1.0 2
311 0.0 nan 0.8 1.0 1.0 1951.2281576719513 1951.2290909119513 1963.2270909919632 1948.999513891949 1964.8063986431562 1960.3706100019604 -1.0 1963.020211681963 -1.0 8
312 0.0625 nan 0.8 -1.0 -1.0 1968.6279508519685 1968.6288174319686 1980.836996491981 1965.4690001119654 1983.4222702540433 1968.755238121969 -1.0 1980.8066995219808 1.0 12
313 0.25 nan 0.8 -1.0 -1.0 1984.6773124219847 1984.6782456619846 2002.961950442003 1984.1035698019841 2005.5389571574808 1993.7034763819938 1.0 2002.4729993420026 1.0 4
314 1.0 nan 0.8 1.0 1.0 2007.060607202007 2007.061273802007 2014.995680282015 2006.2206578720063 2016.577292742036 2014.811032082015 -1.0 2014.811032082015 -1.0 1
315 nan 1.0 0.2 1.0 -1.0 2017.821597662018 2017.8224309120178 2023.8530277920238 2017.2042927320172 2026.4381392275368 2023.5823881920237 -1.0 2023.5823881920237 -1.0 1
316 nan 0.0 0.2 -1.0 1.0 2027.7105420020278 2027.7112752620278 2048.4155379620483 2027.061640232027 2049.9928444888396 2028.3011496020283 1.0 2046.2293566020462 1.0 16
317 nan 0.25 0.2 1.0 -1.0 2051.221057382051 2051.2219572920512 2060.839795412061 2050.673045522051 2063.4212043009948 2060.6913435920605 -1.0 2060.6913435920605 -1.0 1
318 nan 0.0625 0.2 -1.0 1.0 2064.6760784120647 2064.6770449820647 2075.2556536820753 2064.074805212064 2076.8090341415223 2069.93708559207 1.0 2075.1526973120754 1.0 5
319 nan 1.0 0.2 -1.0 1.0 2078.2876171220782 2078.2885170320783 2085.720773732086 2077.4571335120777 2087.2760873623997 2082.761369702083 1.0 2085.7181406620857 1.0 3
320 nan 1.0 0.2 1.0 -1.0 2088.6875436920886 2088.688343612089 2143.098202082143 2088.2209903520884 2145.6586284889013 2092.5197271020925 -1.0 2142.5030282721427 1.0 15
321 nan 0.25 0.2 1.0 -1.0 2146.953116552147 2146.953849812147 2173.2941488521733 2146.4864298921466 2175.8527536607626 2157.088069622157 1.0 2173.0930023021733 -1.0 6
322 nan 0.0625 0.2 1.0 -1.0 2177.040940802177 2177.041740722177 2189.8692245121897 2176.569354632177 2192.435233219101 2189.2753172421894 -1.0 2189.59331877219 -1.0 3
323 0.25 nan 0.2 1.0 1.0 2193.807397322194 2193.808163912194 2238.4304012422385 2193.102934442193 2239.9848329744555 2196.086802692196 -1.0 2238.250552562238 -1.0 16
324 0.125 nan 0.2 -1.0 -1.0 2242.5230919322426 2242.5237585322425 2272.4489990422726 2240.766734252241 2275.0063684159018 2253.4471327522533 1.0 2272.1686604122724 -1.0 14
325 0.0625 nan 0.2 1.0 1.0 2276.4843954622766 2276.4852620422766 2285.942516222286 2275.746369272276 2287.5062273358867 2282.7734998222827 -1.0 2285.6638440922857 -1.0 5
326 nan 0.125 0.2 1.0 -1.0 2289.1675936822894 2289.168460262289 2315.5966838423155 2288.153628422288 2318.155555748107 2292.2004570322924 -1.0 2315.3860049123155 1.0 4
327 nan 1.0 0.2 -1.0 1.0 2319.4334001323195 2319.4343000423196 2367.4789617623674 2318.867556722319 2369.06635489432 2326.5957838223267 -1.0 2367.3466749923673 1.0 8
328 nan 0.125 0.2 -1.0 1.0 2370.7378691723707 2370.735502742371 2395.2117548723954 2369.86935603237 2396.798856689522 2379.3514743923793 1.0 2395.1972896523953 1.0 2
329 nan 1.0 0.2 0.0 -1.0 2398.1374622723984 2398.1384288423983 2458.139494802458 2397.5202573323977 2460.638826067319 2399.5211905523997 1.0 2437.120030292437 -1.0 17
330 nan 1.0 0.2 -1.0 1.0 2461.569518432462 2462.048803832462 2477.1456939924774 2461.4777276124614 2478.7308995274625 2470.8544898424707 -1.0 2477.001441752477 1.0 2
331 0.125 nan 0.2 1.0 1.0 2481.5024916024813 2481.5032581924816 2519.4194661925194 2479.4157003024793 2520.996796280167 2499.4140002724994 -1.0 2518.745133632519 -1.0 8
332 nan 0.0625 0.2 1.0 -1.0 2522.6191461925227 2522.6198794525226 2550.31950921255 2521.768997882522 2552.8850118387227 2525.979843422526 1.0 2550.16609122255 -1.0 2
333 nan 0.0625 0.2 1.0 -1.0 2554.129594832554 2554.1304280825543 2613.175556312613 2553.6198124825537 2615.7453800280628 2556.5101234225567 -1.0 2613.019938542613 -1.0 13
334 nan 0.0625 0.2 1.0 -1.0 2617.333840442617 2617.3345403726175 2638.3435725926383 2616.5886816326165 2640.895070825837 2629.66477389263 -1.0 2638.157091242638 -1.0 3
335 0.0625 nan 0.8 1.0 1.0 2642.283345242642 2642.2841451626423 2696.052401132696 2641.6858716626416 2697.6160942666966 2679.183554852679 -1.0 2695.808092232696 -1.0 4
336 0.0 nan 0.8 1.0 1.0 2698.910815262699 2698.911715172699 2707.6332429327076 2698.4415955226987 2709.193751572621 2707.4773585227076 -1.0 2707.4773585227076 -1.0 1
337 nan 0.125 0.8 1.0 -1.0 2710.4151647127105 2710.4158646427104 2713.238815652713 2709.86615295271 2715.8159913986697 2713.016437892713 -1.0 2713.016437892713 -1.0 1
338 0.0625 nan 0.8 1.0 1.0 2717.159890172717 2717.160756752717 2753.102628872753 2716.4614933527164 2754.681759279363 2720.06396640272 1.0 2752.745697902753 -1.0 12
339 0.125 nan 0.8 -1.0 -1.0 2755.942978142756 2755.943844722756 2772.1639558827724 2755.4519605827554 2774.731229060785 2771.299542332771 1.0 2772.112394372772 1.0 5
340 0.0 nan 0.8 0.0 -1.0 2775.992872952776 2775.993572882776 2835.994705502836 2775.4278294627757 2838.4940021103484 2786.3066081427864 -1.0 2830.7361980728306 -1.0 13
341 0.0625 nan 0.8 1.0 1.0 2839.4133969328395 2840.7759606628406 2875.0718307328752 2839.3451037628392 2876.640761098768 2839.66920468284 -1.0 2874.944443472875 -1.0 5
342 0.25 nan 0.8 1.0 1.0 2879.0457999628793 2879.046699872879 2880.3181727128804 2877.4220623528777 2881.8963815154952 2879.4973881328797 1.0 2879.4973881328797 1.0 1
343 nan 0.125 0.8 1.0 -1.0 2883.3740004328833 2883.3746670328833 2890.4411936428905 2882.5578820528826 2893.012604601069 2886.188019002886 -1.0 2890.3453032328903 -1.0 6
344 nan 0.0625 0.8 1.0 -1.0 2894.4410269528944 2894.4417935428946 2910.32357187291 2893.682102852894 2912.879078611462 2904.134490842904 1.0 2910.16522104291 -1.0 8
345 0.0625 nan 0.8 1.0 1.0 2914.2404801429143 2914.241513372914 2966.2844085629663 2913.5821793129135 2967.8564312147228 2918.149855832918 1.0 2965.7548615229657 1.0 28
346 0.0625 nan 0.8 -1.0 -1.0 2969.3950308029694 2969.3960307029693 3002.946142023003 2968.705233122969 3005.505374058011 2974.767893462975 1.0 3002.3606339130024 -1.0 8
347 0.25 nan 0.8 -1.0 -1.0 3006.894247173007 3006.895113753007 3020.5395491730205 3006.282774993006 3023.105455425311 3007.625340723008 1.0 3020.5264838130206 1.0 6
348 0.125 nan 0.8 0.0 -1.0 3024.5438820330246 3024.5449152630244 3084.5459478930848 3023.797756653024 3087.045308652598 3036.245211783036 -1.0 3084.3464011830843 -1.0 21
349 nan 0.25 0.8 1.0 -1.0 3088.4428581630887 3088.4435247630886 3097.4027620830975 3087.923310123088 3099.9761681397413 3091.335968823091 -1.0 3097.248644163097 -1.0 3
350 nan 0.125 0.8 1.0 -1.0 3101.970638583102 3101.971371843102 3111.4182603931113 3100.6632693331007 3113.9705344020435 3110.959572933111 -1.0 3110.959572933111 -1.0 1
351 1.0 nan 0.8 -1.0 -1.0 3116.1592195831163 3116.1598528531163 3176.1592195831163 3114.664935693115 3135.0704227043702 3123.2838403831233 -1.0 3132.5920428031327 -1.0 5
352 0.0 nan 0.8 0.0 -1.0 3136.4756544031366 nan 3196.4776536031964 3135.7830236731356 3198.9771834619078 3178.004434443178 -1.0 3195.5359144531953 -1.0 4
353 1.0 nan 0.8 1.0 1.0 3199.8912455432 3200.4192927332006 3227.995501503228 3199.8305849432 3229.5519027521523 3221.4985512632215 -1.0 3227.8090534832277 -1.0 2
354 nan 0.125 0.8 1.0 -1.0 3231.0401636732313 3231.040830273231 3262.321001943262 3230.3067036932302 3264.8899346071107 3231.5807762732315 1.0 3262.256275083262 -1.0 7
355 0.25 nan 0.8 -1.0 -1.0 3266.3013038732665 3266.3019371432665 3294.2951708732944 3265.662134463266 3296.8508715616413 3275.4277244732752 1.0 3293.988501543294 1.0 6
356 0.0625 nan 0.8 1.0 1.0 3298.089558063298 3298.0904579732983 3323.3358665133233 3297.6084728432975 3324.9058000882455 3309.006066303309 1.0 3322.945872183323 -1.0 2
357 0.25 nan 0.8 1.0 1.0 3326.767223343327 3326.768056593327 3362.6533343733627 3325.6523015133257 3364.221831005073 3333.0864580233333 1.0 3362.3953268433625 -1.0 9
358 0.125 nan 0.8 1.0 1.0 3365.5494114033654 3365.5501113333657 3402.4098916534026 3365.013931623365 3403.9876199765213 3368.3794283733682 -1.0 3402.275738403402 -1.0 7
359 nan 1.0 0.8 -1.0 1.0 3406.4986160734065 3406.4995159834066 3457.133518743457 3404.775421743405 3458.7148401054505 3415.3051686634153 -1.0 3440.2881034534403 1.0 8
360 nan 0.0625 0.8 1.0 -1.0 3460.12012005346 3460.12105329346 3461.1454175134613 3459.5719415434596 3463.714860277498 3460.5247795834607 -1.0 3461.1367183834614 -1.0 2
361 0.125 nan 0.8 1.0 1.0 3464.886576693465 3464.887309953465 3489.120153093489 3464.3773609534646 3490.703351827918 3465.894575883466 -1.0 3488.835081603489 1.0 12
362 0.125 nan 0.8 -1.0 -1.0 3493.6144036234937 3493.615236873494 3525.6111036335255 3491.4603523834917 3528.1859991425385 3507.3423640235073 1.0 3525.202277853525 1.0 7
363 0.0625 nan 0.8 0.0 -1.0 3529.4801833535294 3529.4810499335294 3589.4821492235897 3528.977800263529 3591.9814778899113 3553.1829128435534 1.0 3588.004663653588 -1.0 14
364 nan 1.0 0.8 1.0 -1.0 3592.896241113593 3593.5517422235935 3614.2251080136143 3592.8440796635928 3616.77927946559 3594.168913833594 1.0 3614.058624663614 -1.0 6
365 0.0625 nan 0.8 -1.0 -1.0 3618.234273723618 3618.2350736436183 3621.203010153621 3617.5106794236176 3623.767387990514 3621.000430413621 1.0 3621.000430413621 1.0 1
366 nan 0.125 0.8 1.0 -1.0 3625.095554193625 3625.0962874536253 3675.6042694836756 3624.4372866936246 3678.1834261359327 3628.1496154236283 -1.0 3675.3365629236755 1.0 5
367 0.0 nan 0.8 1.0 1.0 3679.6113354036797 3679.61223531368 3680.867143143681 3679.020427833679 3682.4498489523003 3679.98836436368 -1.0 3680.7220243236807 -1.0 3
368 nan 0.125 0.2 1.0 -1.0 3684.4278203736844 3684.4284536436844 3727.5951032137277 3683.124550713683 3730.165428871549 3688.838212623689 -1.0 3727.4105550037275 -1.0 14
369 nan 0.0625 0.2 -1.0 1.0 3731.4940799437313 3731.4947465437317 3733.909538373734 3730.993829973731 3735.4821469863496 3732.2124081037323 1.0 3733.898272833734 1.0 3
370 nan 0.0 0.2 1.0 -1.0 3736.6604299237365 3736.6613298337365 3760.2263064337603 3736.154047233736 3762.793474130575 3744.1074518137443 -1.0 3760.11065133376 -1.0 4
371 nan 0.25 0.2 0.0 -1.0 3764.265169173764 3764.2659024337645 3824.267035053824 3763.5342756037635 3826.766330946976 3764.957966553765 -1.0 3814.129182273814 -1.0 19
372 1.0 nan 0.2 1.0 1.0 3827.6923258238276 3828.2483035538285 3857.046156813857 3827.6266323938275 3858.6137551045717 3839.3587257338395 -1.0 3856.992595503857 -1.0 8
373 nan 1.0 0.2 0.0 -1.0 3864.6745938938648 3864.675427143865 3924.6765930939246 3859.3862561138594 3927.1758198613757 3878.3764235738786 1.0 3897.3984545138974 -1.0 8
374 nan 0.25 0.2 -1.0 1.0 3928.140546663928 3928.6465293939286 3957.7630507839576 3928.070820303928 3959.3448793481466 3938.594434503939 1.0 3956.342159553956 1.0 10
375 nan 0.25 0.2 -1.0 1.0 3963.073586343963 3963.0743862639633 3971.024424513971 3960.12468126396 3972.611826537138 3970.828310793971 1.0 3970.828310793971 1.0 1
376 nan 0.125 0.2 1.0 -1.0 3975.122981283975 3975.1238478639752 3992.763583713993 3973.3323270339733 3995.339416814049 3976.511809053977 1.0 3991.894970583992 1.0 5
377 nan 0.0 0.2 -1.0 1.0 3996.6611939139966 3996.6618938439965 4048.3560239140484 3996.0890178039963 4049.927245731353 3998.710322313999 1.0 4048.1785083340483 1.0 23
378 nan 0.25 0.2 -1.0 1.0 4052.888637274053 4052.889437194053 4075.4915434240756 4050.7881473440507 4077.0545429087056 4056.171808924056 -1.0 4075.331959384075 1.0 11
379 nan 0.0625 0.2 1.0 -1.0 4078.4100848740786 4078.4107514740786 4116.5788676141165 4077.822443644078 4119.13749723117 4097.840708284098 1.0 4116.442081294116 -1.0 11
380 nan 0.0 0.2 1.0 -1.0 4120.442347894121 4120.4431478141205 4157.273297764157 4119.93959817412 4159.836891864824 4123.654893274123 1.0 4157.114513644157 -1.0 8
381 0.0625 nan 0.2 1.0 1.0 4161.175507504161 4161.176274094161 4211.6290949742115 4160.64639375416 4213.185785477605 4164.766381714165 1.0 4211.357122174211 -1.0 11
382 nan 1.0 0.2 -1.0 1.0 4214.624528734214 4214.625195334214 4220.01692277422 4214.046086584214 4221.60752607802 4216.726385194217 1.0 4219.98622584422 1.0 2
383 nan 1.0 0.2 1.0 -1.0 4222.835940844223 4222.836740764223 4234.770280624235 4222.302527524223 4237.357580837492 4234.664891164235 -1.0 4234.664891164235 -1.0 1
384 0.125 nan 0.2 -1.0 -1.0 4238.768414104239 4238.769214024239 4292.290094734292 4238.095981354239 4294.867814244291 4248.915765934249 1.0 4291.980792334292 1.0 7
385 nan 0.125 0.2 1.0 -1.0 4296.439913044296 4296.440712964297 4339.009788964339 4295.745615814296 4341.588812594434 4304.580565564304 1.0 4338.784244854339 -1.0 10
386 nan 1.0 0.2 1.0 -1.0 4343.083248244343 4343.084048164343 4350.893300494351 4342.424314144342 4353.472269122235 4346.878135384347 -1.0 4350.875935564351 -1.0 8
387 0.0625 nan 0.2 -1.0 -1.0 4355.433746404356 4355.434546324355 4362.552801094363 4354.192170574354 4365.133604239033 4362.397849924362 1.0 4362.397849924362 1.0 1
388 0.0 nan 0.2 1.0 1.0 4366.438812454367 4366.439712364367 4387.295393254387 4365.843805294366 4388.8547108102375 4370.36951934437 1.0 4386.649957804387 -1.0 5
389 nan 1.0 0.2 1.0 -1.0 4391.616127804392 4391.617027714392 4399.8742685744 4389.76491294439 4402.43307099193 4391.846471434392 -1.0 4391.846471434392 -1.0 1
390 nan 0.25 0.2 -1.0 1.0 4403.687887174404 4403.688553774404 4409.47850805441 4403.170472254404 4411.054512629052 4408.936162294409 1.0 4408.936162294409 1.0 1
391 nan 0.125 0.2 1.0 -1.0 4412.332789264412 4412.333422534412 4416.516037564416 4411.762312984411 4419.08254302432 4414.242098314414 -1.0 4416.286360534416 -1.0 3
392 nan 0.0625 0.2 1.0 -1.0 4420.28776035442 4420.28866026442 4467.0200199944675 4419.78744372442 4469.570543216698 4436.255863384436 -1.0 4466.885833414467 -1.0 5
393 nan 1.0 0.2 1.0 -1.0 4470.914997124471 nan 4530.914997124471 4470.4396446644705 4479.7033797216045 4471.098545434471 1.0 4477.038251404477 -1.0 4
394 1.0 nan 0.2 -1.0 -1.0 4480.881167074481 4480.882133644481 4485.182103604485 4480.415980264481 4487.731610940421 4484.019419884484 1.0 4484.1382413344845 1.0 2
395 nan 0.0625 0.2 1.0 -1.0 4488.919829794489 4488.920729704489 4493.623692694494 4488.434211694488 4496.181132427255 4493.453109754493 -1.0 4493.453109754493 -1.0 1
396 1.0 nan 0.2 -1.0 -1.0 4497.419379754498 4497.420246334497 4546.9105634745465 4496.895432154497 4549.463351624933 4538.213799904538 -1.0 4546.843170214547 1.0 6
397 nan 0.0625 0.2 1.0 -1.0 4551.218332654551 4551.219165904551 4551.579829834552 4550.34555327455 4554.152268179487 4551.362284924551 -1.0 4551.362284924551 -1.0 1
398 nan 1.0 0.2 -1.0 1.0 4555.563564754556 4555.564431334556 4567.133740954567 4554.858768574555 4568.7017415944765 4558.462108204559 1.0 4567.104677194568 1.0 6
399 0.125 nan 0.2 1.0 1.0 4570.06358127457 4570.06424787457 4574.110976494574 4569.44244339457 4575.685277422775 4573.993154944574 -1.0 4573.993154944574 -1.0 1
400 nan 0.0625 0.2 1.0 -1.0 4578.046782874578 4578.047482804578 4638.046782874578 4576.396679072545 4636.400888917849 4578.391848364578 -1.0 4637.934826804638 1.0 21
401 0.0 nan 0.2 -1.0 -1.0 nan nan nan 4637.375291916922 4640.683910891445 nan 0.0 nan 0.0 0
