KS046 aa3432cd-62bd-40bc-bc1c-a12d53bcbdcf cortexlab 2026-07-28T16:01:20.797097 _iblrig_tasks_ephysChoiceWorld6.4.2 M 316 656
0 1.0 nan 0.5 -1.0 -1.0 13.59362440781651 13.594557653576363 17.81752804711796 11.723033272807829 20.380305066686567 17.61844672841784 1.0 17.61844672841784 1.0 1
1 nan 0.125 0.5 -1.0 1.0 22.476857493802363 22.477824069767923 55.77836589573098 20.89220619357157 57.326465841895 24.31311851693073 -1.0 55.56361938034761 1.0 2
2 0.25 nan 0.5 1.0 1.0 64.81178488864178 64.81281812501877 65.2419445235227 58.195872376219356 66.79297449396361 65.05716186307177 -1.0 65.05716186307177 -1.0 1
3 nan 1.0 0.5 -1.0 1.0 69.96300151118025 69.96413473817437 70.63630499670866 67.3701781486623 72.19641042822563 69.89444127803675 -1.0 70.55824565493808 1.0 3
4 0.0 nan 0.5 -1.0 -1.0 75.5928398877006 75.59373980325475 77.97171665977221 72.69861147495577 80.5292880570874 77.48052941823804 -1.0 77.83039658756586 1.0 2
5 nan 0.0 0.5 -1.0 1.0 82.67617520498666 82.6770417903351 82.86812385966505 81.08339133456286 84.42803127669417 82.74033585097656 1.0 82.74033585097656 1.0 1
6 nan 1.0 0.5 -1.0 1.0 88.40933721920504 88.4103037951706 88.70867579667797 84.88633447575909 90.27920304093657 88.62651683960517 1.0 88.62651683960517 1.0 1
7 nan 0.125 0.5 -1.0 1.0 92.54274935000645 92.54361593535488 92.83072232733258 90.8510080988325 94.39613140360136 92.7474968036771 1.0 92.7474968036771 1.0 1
8 1.0 nan 0.5 1.0 1.0 95.32598817774017 95.32692142350002 95.80954280216697 94.85713217403105 97.35935310192482 95.47640739610509 -1.0 95.73818283174391 -1.0 2
9 nan 0.125 0.5 -1.0 1.0 99.86222917474107 99.86322908091235 100.16070116686556 97.81565455358863 101.72870415504504 100.06404357030934 1.0 100.06404357030934 1.0 1
10 nan 0.25 0.5 -1.0 1.0 nan 121.81006964352949 122.11430776124163 102.22750722288339 123.67931230839662 nan 0.0 nan 0.0 0
11 0.0 nan 0.5 1.0 1.0 125.22574912459233 125.22668237035218 147.05296757891972 124.16931492443847 148.60887281873661 nan 0.0 nan 0.0 0
12 0.0 nan 0.5 -1.0 -1.0 152.37846784711078 152.37946775328206 152.8314586729024 149.10507501421984 155.39212661432 nan 0.0 nan 0.0 0
13 1.0 nan 0.5 1.0 1.0 156.5782737476846 156.57917366323872 156.82365072211456 155.99702829032458 158.37535731212336 nan 0.0 nan 0.0 0
14 nan 0.0 0.5 -1.0 1.0 159.97818804144705 159.97908795700118 160.83387441261533 158.8506605125158 162.3920127665769 nan 0.0 nan 0.0 0
15 0.125 nan 0.5 1.0 1.0 166.06195048951886 166.06305038630725 166.349123541908 162.87121656678636 167.90876222631405 nan 0.0 nan 0.0 0
16 0.25 nan 0.5 1.0 1.0 169.14506117801687 169.14602775398242 169.39627093844592 168.41016347233816 170.97777599490902 nan 0.0 nan 0.0 0
17 nan 0.125 0.5 -1.0 1.0 172.10844976760796 172.10934968316212 172.51441167314414 171.4753758403704 174.09451578025173 nan 0.0 nan 0.0 0
18 1.0 nan 0.5 1.0 1.0 175.55855935116827 175.55965924795666 175.8306338203712 174.5618195494393 177.39184237032862 nan 0.0 nan 0.0 0
19 nan 0.0625 0.5 -1.0 1.0 178.52778072675846 178.52861398190117 179.32737236171843 177.86734270063374 180.89507851975873 nan 0.0 nan 0.0 0
20 nan 0.25 0.5 -1.0 1.0 182.00842077874822 182.00928736409665 182.37458641866777 181.37018066962574 183.92522500845288 nan 0.0 nan 0.0 0
21 nan 0.25 0.5 -1.0 1.0 185.1441931922665 185.1452597588492 185.47722860771128 184.39093054324212 187.02504071587396 nan 0.0 nan 0.0 0
22 nan 0.125 0.5 -1.0 1.0 188.01019092077578 188.01122415715278 188.41915254482575 187.49593917689094 189.975062382778 nan 0.0 nan 0.0 0
23 nan 0.0 0.5 -1.0 1.0 191.44403536395006 191.44520192114987 194.27140338404257 190.43746315153692 195.8440378558652 nan 0.0 nan 0.0 0
24 0.0625 nan 0.5 -1.0 -1.0 197.04164343154977 197.0425100168982 200.15481796559732 196.35094157864125 202.70819760538606 nan 0.0 nan 0.0 0
25 0.25 nan 0.5 1.0 1.0 203.81080822982236 203.81180813599363 204.4920109741038 203.19189964001112 206.06133724246067 nan 0.0 nan 0.0 0
26 nan 0.0625 0.5 -1.0 1.0 207.6749122984947 207.67611218590022 208.97465700032456 206.6430424599484 210.5248683911844 nan 0.0 nan 0.0 0
27 nan 0.0625 0.5 -1.0 1.0 211.69393516330263 211.69473508823967 212.23678422368585 210.98626823568821 213.81139269880163 nan 0.0 nan 0.0 0
28 nan 1.0 0.5 -1.0 1.0 215.67479494257373 215.67569485812788 216.00213089284227 214.26259412668153 217.57673388821203 nan 0.0 nan 0.0 0
29 0.25 nan 0.5 1.0 1.0 218.89135977473074 218.89235968090202 221.04579094155764 218.07323654539655 222.59139998325625 nan 0.0 nan 0.0 0
30 nan 0.0625 0.5 -1.0 1.0 223.560788273745 223.5619881611505 228.22565053457708 223.04770308705997 229.77455290217657 nan 0.0 nan 0.0 0
31 nan 0.0625 0.5 -1.0 1.0 231.42738342519357 231.42828334074773 232.91737694121068 230.32305371943582 234.47471380659826 nan 0.0 nan 0.0 0
32 nan 1.0 0.5 -1.0 1.0 235.62738930700164 235.62825589235007 235.94832585777402 234.96111849487787 237.49112538394724 nan 0.0 nan 0.0 0
33 nan 1.0 0.5 -1.0 1.0 239.11106240771093 239.11222896491074 239.39906871524278 238.09362454823665 240.957873803177 nan 0.0 nan 0.0 0
34 1.0 nan 0.5 1.0 1.0 242.0104903325464 242.01152356892337 242.38558846759597 241.42587852440977 243.94129753650174 nan 0.0 nan 0.0 0
35 nan 0.25 0.5 -1.0 1.0 244.99351041330013 244.9945103194714 245.72840811897885 244.41979758243036 247.29454400900923 nan 0.0 nan 0.0 0
36 nan 0.125 0.5 -1.0 1.0 248.24107233676656 248.24213890334923 251.24975667591625 247.7854484247239 252.81109539818013 nan 0.0 nan 0.0 0
37 0.0 nan 0.5 -1.0 -1.0 253.85771195182613 253.8587785184088 256.2080913980165 253.30919675647237 258.75764098022455 nan 0.0 nan 0.0 0
38 0.0625 nan 0.5 -1.0 -1.0 259.94410748614894 259.94507406211454 260.34546982329726 259.22614152497044 262.89108427636967 nan 0.0 nan 0.0 0
39 0.25 nan 0.5 1.0 1.0 263.87707175981615 263.8780383357817 264.229805326835 263.36558642300514 265.7938112852952 nan 0.0 nan 0.0 0
40 0.0625 nan 0.5 -1.0 -1.0 267.2241576775298 267.2250242628782 268.14467129880217 266.28271268707215 270.70986727731446 nan 0.0 nan 0.0 0
41 nan 0.125 0.5 -1.0 1.0 271.9574468506826 271.958313436031 272.31418004238645 271.3289724918328 273.85758553584435 nan 0.0 nan 0.0 0
42 0.0625 nan 0.5 -1.0 -1.0 275.142914600913 275.1439811674957 280.030255984853 274.3939848786308 282.59289401619407 nan 0.0 nan 0.0 0
43 0.0 nan 0.5 1.0 1.0 285.24070038293644 285.24156696828487 286.8856126950892 283.1250989057606 288.4440485254358 nan 0.0 nan 0.0 0
44 1.0 nan 0.5 1.0 1.0 290.1740374507549 290.1748707058976 290.45734419928175 288.9719502516525 292.0073844132884 nan 0.0 nan 0.0 0
45 1.0 nan 0.5 1.0 1.0 293.2769796116498 293.2778461969982 293.5110909765501 292.49408640975 295.075798044461 nan 0.0 nan 0.0 0
46 0.25 nan 0.5 1.0 1.0 296.22400307023776 296.22513629723187 296.56130475201326 295.58309654465853 298.1265368918878 nan 0.0 nan 0.0 0
47 nan 0.0 0.5 -1.0 1.0 299.42390279954026 299.4248360453001 305.73381069334795 298.6417428621661 307.27391315370687 nan 0.0 nan 0.0 0
48 nan 1.0 0.5 -1.0 1.0 308.81032200111554 308.8113885676982 309.1965524248719 307.8251144505619 310.7405433893674 nan 0.0 nan 0.0 0
49 0.0625 nan 0.5 -1.0 -1.0 311.97635824141764 311.9773581475889 315.44799913786596 311.3844471182307 318.0100399583256 nan 0.0 nan 0.0 0
50 0.125 nan 0.5 -1.0 -1.0 319.2237448312036 319.22464474675775 319.4643222560115 318.5223439822625 322.0258668015733 nan 0.0 nan 0.0 0
51 0.0625 nan 0.5 -1.0 -1.0 328.0069206396509 328.0079205458222 328.5726008909448 322.54266672509306 331.1429595544085 nan 0.0 nan 0.0 0
52 0.125 nan 0.5 1.0 1.0 337.9401885262945 337.94118843246576 338.3804138832995 331.8123635462753 339.9236442911734 nan 0.0 nan 0.0 0
53 nan 0.25 0.5 -1.0 1.0 341.043397328835 341.04449722562345 341.5670481907298 340.5145469548496 343.10688355739217 nan 0.0 nan 0.0 0
54 0.125 nan 0.5 -1.0 -1.0 344.47647517727796 344.47747508344924 345.2094730612313 343.6262882900517 347.7567193370792 nan 0.0 nan 0.0 0
55 nan 0.0625 0.5 -1.0 1.0 351.5431453917095 351.54411196767506 351.9083444556635 348.26261989479684 353.47617709024087 nan 0.0 nan 0.0 0
56 0.125 nan 0.5 1.0 1.0 356.6066702430275 356.6077368096102 356.91870762887555 354.00938063294456 358.45672327068155 nan 0.0 nan 0.0 0
57 0.25 nan 0.5 1.0 1.0 360.75908059108303 360.7600471670486 361.0995486424009 359.1886279584843 362.65665148404145 nan 0.0 nan 0.0 0
58 0.125 nan 0.5 1.0 1.0 364.77603698313703 364.7770368893083 365.10707258623927 363.18685277492983 366.67630290218955 nan 0.0 nan 0.0 0
59 nan 0.0625 0.5 -1.0 1.0 368.45659160896963 368.4576915057581 368.80082597353265 367.2023093077269 370.3763298704291 nan 0.0 nan 0.0 0
60 1.0 nan 0.5 1.0 1.0 371.5398356182905 371.5406688734332 371.83864091247204 370.8805308191599 373.40937220823736 nan 0.0 nan 0.0 0
61 0.0625 nan 0.5 -1.0 -1.0 374.5731509794592 374.5739509043962 375.6752808916401 373.9270782719951 378.25951712054103 nan 0.0 nan 0.0 0
62 nan 0.0 0.5 -1.0 1.0 379.7064026211205 379.70726920646894 380.34804241122526 378.81261982482675 381.9064484361109 nan 0.0 nan 0.0 0
63 1.0 nan 0.5 1.0 1.0 383.17627701666623 383.1772435926318 383.46158357753563 382.40174969639946 385.02317883244007 nan 0.0 nan 0.0 0
64 0.0625 nan 0.5 1.0 1.0 387.7763120273942 387.7772119429484 388.2922302815645 385.60318261516454 389.87622527628525 nan 0.0 nan 0.0 0
65 0.0625 nan 0.5 -1.0 -1.0 391.2230885903836 391.224188487172 394.5861396766319 390.4300296757426 397.13981116369115 nan 0.0 nan 0.0 0
66 nan 0.0625 0.5 1.0 -1.0 398.3091903147435 398.31012356050337 400.40845999112196 397.69381472673746 402.9730473120157 nan 0.0 nan 0.0 0
67 nan 0.25 0.5 -1.0 1.0 408.509033186648 408.510066423025 408.8243036024499 403.71744948371014 410.3896325510479 nan 0.0 nan 0.0 0
68 nan 0.25 0.5 -1.0 1.0 411.60847567594345 411.6093755914976 411.9684418976011 410.96043648634253 413.54176871570473 nan 0.0 nan 0.0 0
69 0.125 nan 0.5 1.0 1.0 415.8228135462064 415.82368013155485 416.5395796199794 414.1206732708512 418.1092110467395 nan 0.0 nan 0.0 0
70 nan 0.125 0.5 -1.0 1.0 419.60612519624 419.6069917815884 419.9962219238587 418.65991398636595 421.57595427723015 nan 0.0 nan 0.0 0
71 nan 0.25 0.5 -1.0 1.0 422.62274212434846 422.6236087096969 422.8462544838333 422.0970581199054 424.40606219182786 nan 0.0 nan 0.0 0
72 nan 0.25 0.5 -1.0 1.0 426.40925347413014 426.4102533803014 426.6653961050041 424.9248594326721 428.24249297644656 nan 0.0 nan 0.0 0
73 0.25 nan 0.5 1.0 1.0 429.5225946592062 429.52356123517177 429.91482451999025 428.785697141185 431.4726263264182 nan 0.0 nan 0.0 0
74 nan 0.125 0.5 -1.0 1.0 432.5759414740061 432.5768747197659 432.9217423582374 432.00182868066776 434.4726711093917 nan 0.0 nan 0.0 0
75 0.25 nan 0.5 -1.0 -1.0 435.6079902873578 435.6088568727062 438.05582725504144 435.0286779819289 440.6060345958505 nan 0.0 nan 0.0 0
76 nan 0.125 0.5 -1.0 1.0 441.84197197256026 441.842805227703 442.1231455879218 441.14983692080625 443.692264575257 nan 0.0 nan 0.0 0
77 nan 1.0 0.5 -1.0 1.0 444.9057178115413 444.90678437812403 445.237386688552 444.36936814127137 446.7892918924427 nan 0.0 nan 0.0 0
78 0.125 nan 0.5 -1.0 -1.0 447.9754297573443 447.97642966351555 451.6283869728498 447.29869326062783 454.18905328375007 nan 0.0 nan 0.0 0
79 nan 1.0 0.5 -1.0 1.0 455.30910824971096 455.31004149547084 455.41776472032245 454.7862573127532 456.9723942261822 nan 0.0 nan 0.0 0
80 0.25 nan 0.5 1.0 1.0 458.15900748886276 458.16000739503403 458.52730626194773 457.5183009445178 460.1089084681967 nan 0.0 nan 0.0 0
81 nan 0.0625 0.5 -1.0 1.0 462.338948586834 462.33998182321096 462.8977294855461 460.6547066319446 464.4557579664502 nan 0.0 nan 0.0 0
82 nan 1.0 0.5 -1.0 1.0 465.7416959480817 465.7426291938416 466.05796627005486 465.02496320451445 467.6253981581916 nan 0.0 nan 0.0 0
83 nan 1.0 0.5 -1.0 1.0 468.77224490217657 468.77327813855356 469.07031693183256 468.1433039204469 470.6223202851233 nan 0.0 nan 0.0 0
84 0.125 nan 0.5 1.0 1.0 472.2910813699089 472.2919146250516 472.7005429470445 471.1644204263261 474.25564637211534 nan 0.0 nan 0.0 0
85 nan 0.0625 0.5 -1.0 1.0 475.3582935502837 475.3592267960435 475.94907144647647 474.78544730476233 477.5243001568731 nan 0.0 nan 0.0 0
86 0.125 nan 0.5 1.0 1.0 478.5887904084271 478.5899236354212 478.981486892091 478.05810687312766 480.5388228168571 nan 0.0 nan 0.0 0
87 1.0 nan 0.5 1.0 1.0 481.72526275626524 481.7261626718194 482.02073502987594 481.07662362296156 483.57225403222265 nan 0.0 nan 0.0 0
88 nan 0.25 0.5 -1.0 1.0 484.75791151331975 484.7588114288739 487.77869471714183 484.25405879361614 489.34209342119425 nan 0.0 nan 0.0 0
89 0.0625 nan 0.5 -1.0 -1.0 490.655358111478 490.6564246780607 492.893748066486 489.90769493701276 495.4577513729563 nan 0.0 nan 0.0 0
90 0.25 nan 0.2 1.0 1.0 496.6553284223973 496.65639498897997 497.09148749430585 496.0182548704746 498.6577849220737 nan 0.0 nan 0.0 0
91 nan 0.0625 0.2 -1.0 1.0 499.67197868071145 499.67301191708844 503.41512743286563 499.21868788306847 504.97425729231946 nan 0.0 nan 0.0 0
92 nan 0.0 0.2 -1.0 1.0 506.25522759153904 506.2566274601788 508.5661774043756 505.5357617711036 510.141105870896 nan 0.0 nan 0.0 0
93 nan 1.0 0.2 -1.0 1.0 511.22189486506653 511.2229281014435 511.45570625811547 510.71480911540914 513.0251357117372 nan 0.0 nan 0.0 0
94 nan 1.0 0.2 -1.0 1.0 514.7718617449311 514.7728949813081 515.0531686811154 513.595638785459 516.6051693983177 nan 0.0 nan 0.0 0
95 nan 0.0625 0.2 -1.0 1.0 517.9075341678323 517.9085340740036 518.3379937745646 517.1550714437449 519.8884961270977 nan 0.0 nan 0.0 0
96 nan 0.125 0.2 -1.0 1.0 521.1405641216095 521.1414973673694 521.5608246853949 520.4205983480884 523.1051256474215 nan 0.0 nan 0.0 0
97 nan 1.0 0.2 -1.0 1.0 524.2238414611361 524.2248080371016 524.5607431804431 523.6583278608707 526.1051748045179 nan 0.0 nan 0.0 0
98 nan 1.0 0.2 -1.0 1.0 527.3244171774256 527.3257837158596 527.602391093039 526.630982247649 529.154990772046 nan 0.0 nan 0.0 0
99 nan 0.25 0.2 -1.0 1.0 530.2582085443471 530.2591084599012 530.7808261698649 529.7422902901768 532.3403373377951 nan 0.0 nan 0.0 0
100 nan 0.0 0.2 -1.0 1.0 533.6716549016274 533.6727547984158 535.1849462314351 533.0403474752924 536.7570769993742 nan 0.0 nan 0.0 0
101 nan 1.0 0.2 -1.0 1.0 538.0217133695376 538.0227132757088 538.3448830440925 537.320479171625 539.9082145255492 nan 0.0 nan 0.0 0
102 nan 0.125 0.2 -1.0 1.0 541.1049907090642 541.1060239454412 543.9196265905758 540.4437194277967 545.4913540641862 nan 0.0 nan 0.0 0
103 nan 0.125 0.2 -1.0 1.0 546.7881907449247 546.789290641713 547.5206886757924 546.0932559558911 549.0911889276505 nan 0.0 nan 0.0 0
104 nan 0.0 0.2 -1.0 1.0 550.1215446178862 550.1226111844688 553.0896327664823 549.6227914196561 554.6574309543334 nan 0.0 nan 0.0 0
105 nan 0.25 0.2 -1.0 1.0 555.9214670341398 555.9225669309282 556.2124730601854 555.2182330238846 557.7548736898639 nan 0.0 nan 0.0 0
106 0.0625 nan 0.2 1.0 1.0 558.99057903624 558.9915456122055 562.6585348443145 558.2740796041127 564.2046301043789 nan 0.0 nan 0.0 0
107 nan 1.0 0.2 -1.0 1.0 565.3578482140729 565.3588147900385 565.7036490983043 564.8188321273462 567.2548804618729 nan 0.0 nan 0.0 0
108 nan 0.0625 0.2 1.0 -1.0 568.407728687479 568.4087952540617 571.7887780848101 567.7742881279786 574.3579441082527 nan 0.0 nan 0.0 0
109 1.0 nan 0.2 1.0 1.0 576.8879329260311 576.8887328509682 577.6567607811216 574.9612470548141 579.2235866235164 nan 0.0 nan 0.0 0
110 nan 0.25 0.2 -1.0 1.0 590.4043979076312 590.4052644929797 590.762397647152 579.832089986928 592.3240026660164 nan 0.0 nan 0.0 0
111 nan 0.125 0.2 -1.0 1.0 594.6211022224994 594.6219021474365 595.4584569805278 593.1495069800337 597.0212621256488 nan 0.0 nan 0.0 0
112 nan 1.0 0.2 -1.0 1.0 598.307389643714 598.3085228707081 598.5759644413175 597.7997706107653 600.1566930608686 nan 0.0 nan 0.0 0
113 nan 0.25 0.2 -1.0 1.0 601.9708792042236 601.9718457801891 602.3267124803733 600.726196002225 603.90613972339 nan 0.0 nan 0.0 0
114 nan 0.25 0.2 -1.0 1.0 605.0542565343673 605.0551564499215 606.2005489691128 604.4753441914069 607.7543795571606 nan 0.0 nan 0.0 0
115 nan 0.0 0.2 -1.0 1.0 608.8233361865631 608.8244360833515 610.331694645926 608.3226831666076 611.9064217625453 nan 0.0 nan 0.0 0
116 nan 1.0 0.2 -1.0 1.0 613.1208329200701 613.1217328356242 613.9026262251815 612.4858258409014 615.4708526159191 nan 0.0 nan 0.0 0
117 nan 0.25 0.2 -1.0 1.0 616.77352349393 616.7743567490727 618.1141643581649 616.0777554497537 619.6901921366117 nan 0.0 nan 0.0 0
118 nan 0.0625 0.2 -1.0 1.0 620.7541832919668 620.7549832169038 623.2490158497002 620.2669956751178 624.8041465278469 nan 0.0 nan 0.0 0
119 nan 0.125 0.2 -1.0 1.0 625.8571044464329 625.8579377015757 626.4143521556824 625.3655505726359 627.970856449801 nan 0.0 nan 0.0 0
120 0.0 nan 0.2 -1.0 -1.0 629.172526668723 629.1735932353056 631.2525648164072 628.5126552560953 633.8229307578806 nan 0.0 nan 0.0 0
121 nan 0.0 0.2 -1.0 1.0 634.8873904000071 634.8882236551498 635.5438288014467 634.3943366669532 637.1227549345218 nan 0.0 nan 0.0 0
122 nan 1.0 0.2 -1.0 1.0 639.3206077311613 639.3215076467154 640.0373738049343 637.7343565810564 641.6038975229305 nan 0.0 nan 0.0 0
123 0.0625 nan 0.8 1.0 1.0 644.1234903738346 644.1244569498001 644.5509169318474 642.2258017815844 646.1235452440086 nan 0.0 nan 0.0 0
124 0.25 nan 0.8 1.0 1.0 647.4372460858392 647.4381126711876 647.8044449621357 646.7021483989262 649.3538740735929 nan 0.0 nan 0.0 0
125 0.0 nan 0.8 -1.0 -1.0 650.8732903225903 650.8743902193786 652.4477092496684 649.9457773581189 655.0232198385097 nan 0.0 nan 0.0 0
126 0.125 nan 0.8 1.0 1.0 656.4704984277214 656.4713650130699 656.8370306999037 655.8505232713275 658.3871611245402 nan 0.0 nan 0.0 0
127 nan 0.0 0.8 -1.0 1.0 659.4564515665776 659.457318151926 662.0458085877018 658.9490658450687 663.6038067407899 nan 0.0 nan 0.0 0
128 0.0625 nan 0.8 1.0 1.0 666.1065275398518 666.1075941064345 667.1751605952951 664.1789084228749 668.73705397191 nan 0.0 nan 0.0 0
129 0.0625 nan 0.8 -1.0 -1.0 673.3570471689743 673.3578804241171 674.222199318564 669.3482566773191 676.7903257976809 nan 0.0 nan 0.0 0
130 0.25 nan 0.8 1.0 1.0 678.020242919521 678.0211761652808 678.3903415237143 677.4404306610064 679.955964466875 nan 0.0 nan 0.0 0
131 1.0 nan 0.8 1.0 1.0 682.0701628850212 682.0711294609868 682.3337048215626 680.5708702416113 683.9059964074735 nan 0.0 nan 0.0 0
132 1.0 nan 0.8 1.0 1.0 685.1034449159843 685.1044448221555 685.3678201076683 684.5279989144176 686.9400426190379 nan 0.0 nan 0.0 0
133 1.0 nan 0.8 1.0 1.0 688.2701810906062 688.2710810061603 688.5663532985368 687.5365499327445 690.1200806569433 nan 0.0 nan 0.0 0
134 0.125 nan 0.8 -1.0 -1.0 691.3899550053842 691.3910549021725 694.5096955899564 690.7146850377189 697.0701287968878 nan 0.0 nan 0.0 0
135 nan 0.0625 0.8 -1.0 1.0 698.2231137986181 698.2240137141723 703.8923151480808 697.6862308450568 705.4726369541515 nan 0.0 nan 0.0 0
136 0.25 nan 0.8 1.0 1.0 708.6033064136143 708.6042396593741 708.9523403277993 706.0904422145923 710.5232674204328 nan 0.0 nan 0.0 0
137 1.0 nan 0.8 1.0 1.0 712.4866420109807 712.4875419265348 712.7746816487182 711.1487675538197 714.3564028045274 nan 0.0 nan 0.0 0
138 0.125 nan 0.8 -1.0 -1.0 715.7031068525206 715.7041734191033 720.3754684096373 714.977808246086 722.9198912587607 nan 0.0 nan 0.0 0
139 0.25 nan 0.8 1.0 1.0 724.17307871792 724.174111954297 724.5027144523824 723.6284964868399 726.0726201793182 nan 0.0 nan 0.0 0
140 0.25 nan 0.8 1.0 1.0 727.4697027041901 727.4707692707728 727.843734272657 726.8835243763851 729.4030602602661 nan 0.0 nan 0.0 0
141 1.0 nan 0.8 1.0 1.0 731.1729885303163 731.174055096899 731.4366637876806 729.992665955542 733.0060911010028 nan 0.0 nan 0.0 0
142 0.25 nan 0.8 1.0 1.0 734.1695740047936 734.1703739297307 734.5176080128075 733.6044936972025 736.0698316429646 nan 0.0 nan 0.0 0
143 nan 0.125 0.8 -1.0 1.0 737.3562083122239 737.3570082371609 739.8956700154017 736.688237659609 741.4530648963619 nan 0.0 nan 0.0 0
144 0.0 nan 0.8 1.0 1.0 742.7393698362916 742.7403030820515 743.6776817874127 742.0694660317456 745.236304473824 nan 0.0 nan 0.0 0
145 nan 0.25 0.8 -1.0 1.0 747.0560314380814 747.0569313536355 747.3363384680944 745.8760088351584 748.8861337006085 nan 0.0 nan 0.0 0
146 0.25 nan 0.8 1.0 1.0 750.4224488751063 750.4232154698375 750.9506659751831 749.4928361076753 752.5218903964263 nan 0.0 nan 0.0 0
147 0.125 nan 0.8 -1.0 -1.0 753.8193634503549 753.8201967054976 756.6991932142334 753.093198258572 759.2527604141218 nan 0.0 nan 0.0 0
148 0.125 nan 0.8 1.0 1.0 760.3393849609524 760.3404848577408 761.1625743815544 759.8593633383307 762.7195728174814 nan 0.0 nan 0.0 0
149 0.0625 nan 0.8 1.0 1.0 764.2060221252586 764.207122022047 767.6895285749393 763.3278711954424 769.2555519634835 nan 0.0 nan 0.0 0
150 0.0625 nan 0.8 1.0 1.0 770.5527265661691 770.5537264723404 772.2778646834635 769.8725570582646 773.8360911999583 nan 0.0 nan 0.0 0
151 1.0 nan 0.8 1.0 1.0 775.7218081789675 775.722674764316 775.9795173295099 774.4402950996605 777.5360391356661 nan 0.0 nan 0.0 0
152 0.125 nan 0.8 -1.0 -1.0 779.4552578412604 779.4563244078431 780.5826520493689 778.1622458409838 783.1545840590343 nan 0.0 nan 0.0 0
153 1.0 nan 0.8 1.0 1.0 784.4524555832174 784.4532888383602 784.7777917211434 783.7676865069251 786.3192214299559 nan 0.0 nan 0.0 0
154 0.0625 nan 0.8 -1.0 -1.0 787.6391565510592 787.6402564478475 790.3072395180681 786.902025721598 792.852373970006 nan 0.0 nan 0.0 0
155 0.25 nan 0.8 1.0 1.0 794.122248193731 794.1232147696966 794.5124782421725 793.4640766215945 796.0525115606598 nan 0.0 nan 0.0 0
156 1.0 nan 0.8 1.0 1.0 797.4381037086953 797.439170275278 797.7282098191868 796.9049204079677 799.3047374906874 nan 0.0 nan 0.0 0
157 0.125 nan 0.8 -1.0 -1.0 800.6358369746266 800.6368035505923 804.8317765713382 799.9112383025121 807.388435465209 nan 0.0 nan 0.0 0
158 nan 0.0625 0.8 -1.0 1.0 809.1023091684266 809.103409065215 809.5634325644113 808.0542408499057 811.1190602548107 nan 0.0 nan 0.0 0
159 0.125 nan 0.8 -1.0 -1.0 812.6721408508938 812.6730407664479 813.3170470011581 811.7407615825603 815.8690110658198 nan 0.0 nan 0.0 0
160 1.0 nan 0.8 1.0 1.0 816.9717040571547 816.972703963326 817.2823082441573 816.4873161775853 818.8189389238053 nan 0.0 nan 0.0 0
161 nan 0.125 0.8 -1.0 1.0 820.0380496521811 820.038982897941 821.2395702377864 819.407442160166 822.804362923699 nan 0.0 nan 0.0 0
162 0.125 nan 0.8 -1.0 -1.0 824.4354370121981 824.4363035975466 826.9885974299224 823.4212655128833 829.5520229020444 nan 0.0 nan 0.0 0
163 0.0 nan 0.8 -1.0 -1.0 830.9374602117127 830.9385934387069 834.2872125458831 830.225826989619 836.8717056109492 nan 0.0 nan 0.0 0
164 0.125 nan 0.8 1.0 1.0 838.0186290656277 838.0195289811819 839.3660359616215 837.5124099013187 840.9547579964851 nan 0.0 nan 0.0 0
165 0.25 nan 0.8 1.0 1.0 842.168672969078 842.1698395262778 842.8691739024649 841.5629631407274 844.4543953785546 nan 0.0 nan 0.0 0
166 0.125 nan 0.8 -1.0 -1.0 846.3518804272087 846.3528470031742 850.5221224353186 845.0806997116714 853.085279433857 nan 0.0 nan 0.0 0
167 nan 0.125 0.8 -1.0 1.0 854.2881023783834 854.289068954349 854.6389694538825 853.7723841054474 856.2019013991053 nan 0.0 nan 0.0 0
168 0.25 nan 0.8 1.0 1.0 857.521332313395 857.5223988799777 857.8558009276852 856.7784020281404 859.4382231202425 nan 0.0 nan 0.0 0
169 0.0 nan 0.8 -1.0 -1.0 860.8185229131622 860.8193561683049 862.9410237429198 860.0782257141585 865.5018853914203 nan 0.0 nan 0.0 0
170 0.0 nan 0.8 1.0 1.0 866.7375674846198 866.7386340512026 876.6815010370904 866.1415900763365 878.2546160774049 nan 0.0 nan 0.0 0
171 nan 0.125 0.8 -1.0 1.0 879.468306196835 879.4692061123891 880.0807487267386 878.952921225956 881.6349423301922 nan 0.0 nan 0.0 0
172 0.0625 nan 0.8 -1.0 -1.0 882.8205916266392 882.821524872399 884.911228779739 882.2644438141781 887.4683917663866 nan 0.0 nan 0.0 0
173 nan 0.125 0.8 -1.0 1.0 888.6381457217128 888.6391456278841 888.9514163251722 888.1194943906744 890.5207318299506 nan 0.0 nan 0.0 0
174 0.125 nan 0.8 1.0 1.0 892.2015446744782 892.2024445900323 892.5407461779791 891.191539450877 894.121165400586 nan 0.0 nan 0.0 0
175 1.0 nan 0.8 -1.0 -1.0 895.5847938653861 895.5857604413517 895.8967645908227 894.7858688345403 898.4514261859736 nan 0.0 nan 0.0 0
176 nan 0.0 0.8 -1.0 1.0 899.7375708457045 899.7383707706415 902.8503454172835 899.0788326600709 904.4213670996245 nan 0.0 nan 0.0 0
177 nan 1.0 0.8 -1.0 1.0 905.8512304882973 905.8523303850857 906.125971373957 905.0842691247265 907.7034895176047 nan 0.0 nan 0.0 0
178 1.0 nan 0.8 1.0 1.0 909.3512687200098 909.3523019563867 909.6799378785066 908.3917920882635 911.2543249200716 nan 0.0 nan 0.0 0
179 1.0 nan 0.8 1.0 1.0 912.368018968941 912.3689522147009 912.6820561671317 911.8969298414494 914.2544732146831 nan 0.0 nan 0.0 0
180 0.0 nan 0.8 -1.0 -1.0 916.284518120988 916.2855846875707 917.3512513547059 914.8984815165774 919.9013108966078 nan 0.0 nan 0.0 0
181 0.0625 nan 0.8 -1.0 -1.0 921.3043470726213 921.3052136579698 922.4805700320935 920.6059126119884 925.0345591651646 nan 0.0 nan 0.0 0
182 0.0625 nan 0.8 -1.0 -1.0 926.5538878020016 926.5548543779671 935.671765536179 925.7391642536496 938.2535071244282 nan 0.0 nan 0.0 0
183 0.0625 nan 0.8 -1.0 -1.0 941.5343820693714 941.5353819755427 942.0893966548384 939.0504151586991 944.6510582835529 nan 0.0 nan 0.0 0
184 nan 1.0 0.8 -1.0 1.0 945.9526341381622 945.953700704745 946.2165760371722 945.3098611210634 947.7676941890168 nan 0.0 nan 0.0 0
185 1.0 nan 0.8 1.0 1.0 950.0534159975745 950.0543159131287 950.3306233184567 948.4404006922853 951.8842435451536 nan 0.0 nan 0.0 0
186 0.0625 nan 0.8 -1.0 -1.0 953.9200864920864 953.9209530774349 954.5486275113476 952.5400493247034 957.1010834009813 nan 0.0 nan 0.0 0
187 0.0625 nan 0.8 1.0 1.0 959.5374927018773 959.5385925986657 960.457506370064 957.8372855784532 962.000930785548 nan 0.0 nan 0.0 0
188 0.25 nan 0.8 1.0 1.0 963.3369028412684 963.3379027474397 963.5886458849888 962.6365352287042 965.1341656524628 nan 0.0 nan 0.0 0
189 1.0 nan 0.8 1.0 1.0 967.070385833767 967.071519060761 967.3635916533894 965.8140703899759 968.9174127581987 nan 0.0 nan 0.0 0
190 nan 1.0 0.8 -1.0 1.0 970.1035012137014 970.1045011198727 970.8754287779228 969.5691180255683 972.4541472444688 nan 0.0 nan 0.0 0
191 0.25 nan 0.8 1.0 1.0 973.7173954281159 973.7184619946986 974.3220720200894 973.1218513125067 975.8861635057109 nan 0.0 nan 0.0 0
192 1.0 nan 0.8 1.0 1.0 977.050682640666 977.0514492353973 977.3445883946083 976.537364142541 978.900805853362 nan 0.0 nan 0.0 0
193 nan 0.0 0.8 -1.0 1.0 980.0871643713771 980.0880976171369 982.9467293701845 979.561713678374 984.5200478236159 nan 0.0 nan 0.0 0
194 nan 1.0 0.8 -1.0 1.0 986.3506766188377 986.3520431572717 986.6493819224022 985.2216492306495 988.2005003683827 nan 0.0 nan 0.0 0
195 0.125 nan 0.8 -1.0 -1.0 989.6035047148061 989.6046712720059 993.0166511002351 988.8490088481706 995.5672752038361 nan 0.0 nan 0.0 0
196 0.25 nan 0.8 1.0 1.0 996.8865879549065 996.8876211912835 997.2875836597921 996.2623798623875 998.8340042853164 nan 0.0 nan 0.0 0
197 1.0 nan 0.8 1.0 1.0 1000.1035860797377 1000.104585985909 1000.362095155217 999.5126082023107 1001.917119429428 nan 0.0 nan 0.0 0
198 0.25 nan 0.8 -1.0 -1.0 1003.0867394813143 1003.087572736457 1008.0285424213829 1002.5840199886048 1010.6035243023651 nan 0.0 nan 0.0 0
199 0.0625 nan 0.8 -1.0 -1.0 1011.9170442006342 1011.9181774276283 1012.0534980628071 1011.3492308161749 1014.6194553328097 nan 0.0 nan 0.0 0
200 0.0625 nan 0.8 1.0 1.0 1016.300366213842 1016.3011328085734 1018.3556733488903 1015.3226579595729 1019.9195946902031 nan 0.0 nan 0.0 0
201 0.125 nan 0.8 1.0 1.0 1021.1335793437105 1021.134445929059 1024.0156422313717 1020.592596774847 1025.5864564766355 nan 0.0 nan 0.0 0
202 1.0 nan 0.8 1.0 1.0 1027.0169605950596 1027.0177271897908 1027.3559621173263 1026.296461538247 1028.9002849583333 nan 0.0 nan 0.0 0
203 0.125 nan 0.8 1.0 1.0 1030.1859965538754 1030.187063120458 1035.8353664309413 1029.5623884050592 1037.3834851314618 nan 0.0 nan 0.0 0
204 0.125 nan 0.8 1.0 1.0 1038.7032973113817 1038.7043305477587 1039.7335006396427 1038.0672903260418 1041.2834240918148 nan 0.0 nan 0.0 0
205 0.25 nan 0.8 1.0 1.0 1042.7527839842078 1042.7536172393504 1043.02952468221 1041.935627330839 1044.5834486637457 nan 0.0 nan 0.0 0
206 1.0 nan 0.8 1.0 1.0 1045.9697487788333 1045.9706153641816 1046.3238488842862 1045.2338511669832 1047.86667161474 nan 0.0 nan 0.0 0
207 1.0 nan 0.8 1.0 1.0 1049.1695485175187 1049.1705817538957 1049.42299140173 1048.5392743275606 1050.9666108347733 nan 0.0 nan 0.0 0
208 0.0625 nan 0.8 -1.0 -1.0 1052.18559883213 1052.1865654080955 1053.9972288332394 1051.6334173141483 1056.569556249138 nan 0.0 nan 0.0 0
209 nan 0.25 0.2 -1.0 1.0 1061.266546698382 1061.2675132743475 1061.6036150687175 1057.2374581114498 1063.1696295799206 nan 0.0 nan 0.0 0
210 nan 0.25 0.2 -1.0 1.0 1065.6331369483237 1065.6341701847007 1065.9586397372784 1064.1964384312355 1067.499961415861 nan 0.0 nan 0.0 0
211 nan 0.0625 0.2 -1.0 1.0 1069.5526024886788 1069.5534357438216 1070.367192716208 1068.20096265656 1071.9358060789164 nan 0.0 nan 0.0 0
212 nan 0.0 0.2 1.0 -1.0 1073.2830857626636 1073.284085668835 1074.6560902566418 1072.638912876925 1077.1998498844534 nan 0.0 nan 0.0 0
213 nan 0.125 0.2 -1.0 1.0 1078.5361261636433 1078.5370594094031 1079.5120012565983 1077.8927532028415 1081.0663862676165 nan 0.0 nan 0.0 0
214 nan 0.25 0.2 -1.0 1.0 1082.3853649605692 1082.3863648667405 1082.683703631871 1081.7527909864173 1084.26901957989 nan 0.0 nan 0.0 0
215 nan 0.125 0.2 -1.0 1.0 1085.4496774130473 1085.4506773192186 1085.7869457646173 1084.9550238301194 1087.349757983114 nan 0.0 nan 0.0 0
216 nan 0.0625 0.2 -1.0 1.0 1088.6353118143063 1088.6363117204776 1089.8308996232954 1088.0747644146918 1091.3830130156055 nan 0.0 nan 0.0 0
217 0.125 nan 0.2 -1.0 -1.0 1092.5858077761766 1092.5869410031708 1098.0159315600883 1092.1012199153727 1100.6021849342546 nan 0.0 nan 0.0 0
218 nan 1.0 0.2 -1.0 1.0 1102.6662285210255 1102.6672284271967 1102.9774993121423 1101.3299872439443 1104.5517387055327 nan 0.0 nan 0.0 0
219 nan 0.0 0.2 1.0 -1.0 1105.8161329417644 1105.8171995083471 1108.5995050903211 1105.28944903115 1111.1856927952133 nan 0.0 nan 0.0 0
220 0.0625 nan 0.2 -1.0 -1.0 1117.0492788510608 1117.0501121062034 1119.7670904849876 1111.8952958214484 1122.3523972723974 nan 0.0 nan 0.0 0
221 nan 0.0625 0.2 -1.0 1.0 1127.2159581682847 1127.2170247348674 1132.3110133942034 1123.193702273523 1133.8659151877164 nan 0.0 nan 0.0 0
222 nan 0.125 0.2 -1.0 1.0 1137.0013399321974 1137.002306508163 1137.8377614444657 1134.707421854478 1139.3991793610269 nan 0.0 nan 0.0 0
223 nan 0.0625 0.2 1.0 -1.0 1140.6522973353603 1140.653263911326 1145.5979332490854 1140.079584410662 1148.1490536560286 nan 0.0 nan 0.0 0
224 0.125 nan 0.2 1.0 1.0 1149.4683367266368 1149.4692033119852 1149.9030625996998 1148.8892577326478 1151.4856024125452 nan 0.0 nan 0.0 0
225 nan 0.125 0.2 -1.0 1.0 1152.6823018027485 1152.6832017183026 1159.489163063678 1152.2117126283424 1161.0488797451933 nan 0.0 nan 0.0 0
226 nan 0.125 0.2 -1.0 1.0 1163.8848172529981 1163.8857838289637 1166.2333302076688 1161.763982933526 1167.8186395527814 nan 0.0 nan 0.0 0
227 nan 0.125 0.2 -1.0 1.0 1169.5487524299588 1169.5497190059243 1170.0029764733617 1168.5694443258158 1171.585383324118 nan 0.0 nan 0.0 0
228 nan 0.125 0.2 -1.0 1.0 1173.8654473619542 1173.866380607714 1174.2692094739136 1172.3392905727428 1175.8513252579849 nan 0.0 nan 0.0 0
229 1.0 nan 0.2 1.0 1.0 1177.2486965528622 1177.2496631288277 1177.565133525864 1176.5405296721622 1179.1337523592863 nan 0.0 nan 0.0 0
230 nan 0.25 0.2 -1.0 1.0 1180.782031660078 1180.7829982360436 1181.0887695432184 1180.1516574795028 1182.648786158943 nan 0.0 nan 0.0 0
231 nan 0.25 0.2 -1.0 1.0 1183.9018389050616 1183.9029721320558 1184.2542058398176 1183.3407915523612 1185.8353195686088 nan 0.0 nan 0.0 0
232 nan 0.125 0.2 -1.0 1.0 1187.1820644301229 1187.1829310154712 1187.5536295633674 1186.5281257941115 1189.1153495290305 nan 0.0 nan 0.0 0
233 nan 0.25 0.2 -1.0 1.0 1190.5340498880757 1190.5349164734241 1190.7932922280806 1189.8008520228882 1192.348579429712 nan 0.0 nan 0.0 0
234 0.25 nan 0.8 -1.0 -1.0 1193.6003954831021 1193.6012287382448 1195.5405467574255 1193.0214831401418 1198.1183626203788 nan 0.0 nan 0.0 0
235 nan 0.0625 0.8 -1.0 1.0 1199.4484800466053 1199.4495132829823 1199.596866122422 1198.8402704528266 1201.1484857002097 nan 0.0 nan 0.0 0
236 0.0 nan 0.8 -1.0 -1.0 1202.4345665062842 1202.435499752044 1206.2468087748732 1201.866186508328 1208.7985604393905 nan 0.0 nan 0.0 0
237 nan 0.125 0.8 -1.0 1.0 1210.0515517471779 1210.052784964789 1210.3910532225302 1209.5533651624448 1211.9485992018726 nan 0.0 nan 0.0 0
238 nan 0.0625 0.8 -1.0 1.0 1213.3345103491072 1213.3354102646613 1213.7856013531734 1212.665206488264 1215.367319290304 nan 0.0 nan 0.0 0
239 0.0625 nan 0.8 -1.0 -1.0 1216.61503584602 1216.616069082397 1220.2423621333353 1216.0825191494066 1222.8178054756615 nan 0.0 nan 0.0 0
240 1.0 nan 0.8 1.0 1.0 1224.1816924762927 1224.1826590522585 1224.5471915120982 1223.604313322795 1226.1172385642217 nan 0.0 nan 0.0 0
241 0.25 nan 0.8 1.0 1.0 1228.848254577616 1228.849287813993 1229.1976551240639 1226.8406429669376 1230.7483709910468 nan 0.0 nan 0.0 0
242 nan 0.125 0.8 -1.0 1.0 1233.4346242040033 1233.4355907799688 1233.833886738192 1231.4941729578286 1235.3816038122397 nan 0.0 nan 0.0 0
243 0.0 nan 0.8 -1.0 -1.0 1236.700484410404 1236.7015843071924 1241.016212766434 1236.1046069927377 1243.58329575718 nan 0.0 nan 0.0 0
244 0.0625 nan 0.8 -1.0 -1.0 1244.8314880837424 1244.8325213201194 1248.3854879184978 1244.3242023528508 1250.931575486204 nan 0.0 nan 0.0 0
245 0.0 nan 0.8 -1.0 -1.0 1252.4009111210892 1252.4017777064378 1255.4961540044653 1251.653481258064 1258.0678420364704 nan 0.0 nan 0.0 0
246 0.25 nan 0.8 1.0 1.0 1259.2312368468379 1259.2320701019808 1259.625066557496 1258.773146499573 1261.2006793249463 nan 0.0 nan 0.0 0
247 0.0625 nan 0.8 -1.0 -1.0 1262.6146526887744 1262.6156859251514 1262.9860178407846 1261.9019862303037 1265.5506054502866 nan 0.0 nan 0.0 0
248 0.25 nan 0.8 1.0 1.0 1266.9145158668869 1266.9153491220295 1267.9215213719742 1266.3089060291534 1269.4646373803068 nan 0.0 nan 0.0 0
249 1.0 nan 0.8 1.0 1.0 1271.1844151900668 1271.185315105621 1271.4569562821496 1270.1991409791017 1273.0333692626618 nan 0.0 nan 0.0 0
250 nan 0.0625 0.8 1.0 -1.0 1274.4813058179825 1274.482272393948 1277.2832762213247 1273.7551739564053 1279.8503590345072 nan 0.0 nan 0.0 0
251 0.125 nan 0.8 1.0 1.0 1281.2478041997983 1281.2489040965868 1282.4922874205627 1280.5893659860162 1284.0676024128202 nan 0.0 nan 0.0 0
252 nan 0.0625 0.8 -1.0 1.0 1285.4143465550746 1285.415213140423 1290.0102486202948 1284.7686071496676 1291.564376437809 nan 0.0 nan 0.0 0
253 0.0625 nan 0.8 1.0 1.0 1295.5501954320177 1295.5511286777776 1296.0694133765533 1292.8015866880157 1297.5976273363863 nan 0.0 nan 0.0 0
254 0.25 nan 0.8 1.0 1.0 1299.0006049874294 1299.0014382425722 1299.294944034046 1298.3726305816654 1300.830960326782 nan 0.0 nan 0.0 0
255 nan 0.25 0.8 -1.0 1.0 1302.216869847735 1302.2180697351405 1302.552171717168 1301.546266108869 1304.0809856748685 nan 0.0 nan 0.0 0
256 0.125 nan 0.8 -1.0 -1.0 1305.3499758447965 1305.3510424113792 1308.9150413078473 1304.8511893163607 1311.4642600087718 nan 0.0 nan 0.0 0
257 0.25 nan 0.8 -1.0 -1.0 1312.8665371758889 1312.8673371008258 1312.9943251845773 1312.2177647217623 1315.5673104180344 nan 0.0 nan 0.0 0
258 0.25 nan 0.8 1.0 1.0 1316.8473302947484 1316.848296870714 1317.3102201916356 1316.2740174263472 1318.8640374495828 nan 0.0 nan 0.0 0
259 nan 0.125 0.8 -1.0 1.0 1320.1333552756032 1320.134288521363 1323.3369879879451 1319.590939507894 1324.9155975286342 nan 0.0 nan 0.0 0
260 1.0 nan 0.8 1.0 1.0 1326.1806211484236 1326.1815543941834 1326.4643945198304 1325.6707023312808 1328.050432817426 nan 0.0 nan 0.0 0
261 0.125 nan 0.8 1.0 1.0 1329.4306161769068 1329.4315494226666 1329.701724070144 1328.824139753825 1331.2638681073272 nan 0.0 nan 0.0 0
262 0.25 nan 0.8 1.0 1.0 1332.7167744785843 1332.717841045167 1332.9761834696178 1332.0067744365701 1334.5666953032667 nan 0.0 nan 0.0 0
263 0.125 nan 0.8 1.0 1.0 1335.797285411037 1335.7981519963853 1336.1520854508096 1335.3130975127017 1337.7138321060077 nan 0.0 nan 0.0 0
264 nan 0.0 0.8 1.0 -1.0 1338.916359391495 1338.9174592882835 1346.4577517258404 1338.4284385101203 1349.0330283073597 nan 0.0 nan 0.0 0
265 1.0 nan 0.8 1.0 1.0 1350.380483626355 1350.3813835419091 1350.6476585553187 1349.8540330271805 1352.2137657055155 nan 0.0 nan 0.0 0
266 0.25 nan 0.8 1.0 1.0 1354.39983979322 1354.4006730483627 1354.6592821144593 1352.983372710997 1356.2334931985492 nan 0.0 nan 0.0 0
267 0.0 nan 0.8 1.0 1.0 1357.4971158191443 1357.4979824044929 1361.9160678222552 1357.0148944029459 1363.4803748678369 nan 0.0 nan 0.0 0
268 0.125 nan 0.8 -1.0 -1.0 1364.8322608405622 1364.833327407145 1367.9459019974897 1364.259981208538 1370.5325465846483 nan 0.0 nan 0.0 0
269 nan 0.125 0.8 -1.0 1.0 1371.780242192464 1371.7812087684295 1372.03085200919 1371.3164523800226 1373.6155662632957 nan 0.0 nan 0.0 0
270 0.0625 nan 0.8 1.0 1.0 1374.9800752613548 1374.981208488349 1381.0350404116941 1374.356667093773 1382.616047089888 nan 0.0 nan 0.0 0
271 nan 0.0625 0.8 -1.0 1.0 1390.2467760051484 1390.247742581114 1391.9514493761374 1383.4147504389084 1393.5131541710425 nan 0.0 nan 0.0 0
272 1.0 nan 0.8 1.0 1.0 1395.0496919780273 1395.0507252144043 1395.3780944948785 1394.3318593376716 1396.9300052054834 nan 0.0 nan 0.0 0
273 0.25 nan 0.8 1.0 1.0 1398.932660943131 1398.933694179508 1399.2322328320438 1397.6550141676862 1400.8160437238562 nan 0.0 nan 0.0 0
274 1.0 nan 0.8 1.0 1.0 1402.1465926890369 1402.147725916031 1402.3919363332611 1401.557647954158 1403.9466812664978 nan 0.0 nan 0.0 0
275 1.0 nan 0.8 1.0 1.0 1405.6158004804686 1405.6166337356112 1405.8381796129593 1404.6838879288437 1407.415194418781 nan 0.0 nan 0.0 0
276 nan 0.125 0.8 -1.0 1.0 1408.7797369178109 1408.7806035031595 1411.850448769785 1408.1778933933226 1413.413270879377 nan 0.0 nan 0.0 0
277 0.25 nan 0.8 -1.0 -1.0 1415.4323126565132 1415.433245902273 1423.3298382388598 1414.6532857584757 1425.8988844721366 nan 0.0 nan 0.0 0
278 0.25 nan 0.8 1.0 1.0 1427.3129644721191 1427.313797727262 1427.8443146115328 1426.7035883211408 1429.3964223164858 nan 0.0 nan 0.0 0
279 1.0 nan 0.8 1.0 1.0 1432.448449237563 1432.4494491437342 1432.7282563144904 1430.1746292738862 1434.2797656297091 nan 0.0 nan 0.0 0
280 0.0625 nan 0.8 -1.0 -1.0 1435.598786950976 1435.5997535269416 1437.0040550840808 1435.0764692973098 1439.5630072979013 nan 0.0 nan 0.0 0
281 1.0 nan 0.8 1.0 1.0 1440.9825484187465 1440.9833816738894 1441.2882197353042 1440.3238102331131 1442.865755617432 nan 0.0 nan 0.0 0
282 0.125 nan 0.8 1.0 1.0 1444.1961801928012 1444.1970801083553 1445.1329589544596 1443.6326664048784 1446.6963018552672 nan 0.0 nan 0.0 0
283 1.0 nan 0.8 1.0 1.0 1448.115679063362 1448.1166456393275 1448.4078183164017 1447.4606072003564 1449.9820304457794 nan 0.0 nan 0.0 0
284 1.0 nan 0.8 1.0 1.0 1451.312645734562 1451.3136123105276 1451.5476236848108 1450.7230343955691 1453.096242662608 nan 0.0 nan 0.0 0
285 0.125 nan 0.8 1.0 1.0 1454.364726001545 1454.3655925868934 1455.000266364005 1453.8325426069887 1456.5648747423866 nan 0.0 nan 0.0 0
286 0.25 nan 0.8 1.0 1.0 1459.4960111610694 1459.4968777464178 1459.8343127490161 1457.3385802757286 1461.4156176533374 nan 0.0 nan 0.0 0
287 1.0 nan 0.8 1.0 1.0 1462.8959921152432 1462.8968587005918 1463.185631602855 1462.2276215001598 1464.746069970289 nan 0.0 nan 0.0 0
288 0.0625 nan 0.8 -1.0 -1.0 1466.0478963483247 1466.0488295940845 1470.3884557076078 1465.5045806650617 1472.9460363150079 nan 0.0 nan 0.0 0
289 0.0625 nan 0.8 1.0 1.0 1474.3154205442474 1474.3164204504187 1477.0053681262016 1473.7625390919459 1478.581606010795 nan 0.0 nan 0.0 0
290 0.125 nan 0.8 1.0 1.0 1482.162317544122 1482.1634174409103 1487.8609827954315 1479.3647133977277 1489.4310191972652 nan 0.0 nan 0.0 0
291 0.25 nan 0.8 -1.0 -1.0 1490.9956219819558 1490.996621888127 1491.108311407458 1490.247325533582 1493.6625565232616 nan 0.0 nan 0.0 0
292 0.0625 nan 0.8 -1.0 -1.0 1495.0486749867925 1495.0495749023466 1495.8279018660644 1494.482161480356 1498.3987857113332 nan 0.0 nan 0.0 0
293 nan 1.0 0.8 -1.0 1.0 1499.6623420516555 1499.6632086370041 1500.0468059745094 1499.1816871551255 1501.6151159070191 nan 0.0 nan 0.0 0
294 0.125 nan 0.8 1.0 1.0 1502.978964161351 1502.9798640769052 1503.3450298106536 1502.373920937115 1504.914866292039 nan 0.0 nan 0.0 0
295 nan 0.125 0.8 -1.0 1.0 1506.278954498398 1506.2798210837464 1506.7628757550874 1505.691976245656 1508.3123908681598 nan 0.0 nan 0.0 0
296 0.125 nan 0.8 -1.0 -1.0 1509.7144654518577 1509.715465358029 1514.8160867283011 1509.0838912900483 1517.3621674481885 nan 0.0 nan 0.0 0
297 1.0 nan 0.8 1.0 1.0 1518.681490674996 1518.68239059055 1518.9838956313943 1518.1740716232814 1520.512005628184 nan 0.0 nan 0.0 0
298 0.125 nan 0.8 1.0 1.0 1521.9475175324253 1521.948350787568 1522.3281151514168 1521.2771137747936 1523.8808316806044 nan 0.0 nan 0.0 0
299 nan 0.25 0.8 -1.0 1.0 1525.228609642835 1525.2297428698291 1525.5293480889477 1524.6122341486575 1527.097459745938 nan 0.0 nan 0.0 0
300 nan 0.25 0.8 -1.0 1.0 1529.478677493618 1529.4796773997894 1529.8294112482943 1527.8380647780018 1531.3818157650062 nan 0.0 nan 0.0 0
301 1.0 nan 0.8 1.0 1.0 1532.8286964694341 1532.8295963849882 1533.1758305618937 1532.1613257605218 1534.748042874464 nan 0.0 nan 0.0 0
302 0.0 nan 0.8 -1.0 -1.0 1536.0619264044456 1536.062892980411 1539.9528612887136 1535.5053452993102 1542.531733579169 nan 0.0 nan 0.0 0
303 nan 0.0 0.8 -1.0 1.0 1543.8951246897736 1543.8961579261506 1544.6635525823956 1543.3677408448395 1546.2473590981438 nan 0.0 nan 0.0 0
304 0.0625 nan 0.8 -1.0 -1.0 1547.9450779854797 1547.9464778541194 1548.0024725997107 1547.4026622177707 1550.561915655899 nan 0.0 nan 0.0 0
305 1.0 nan 0.8 1.0 1.0 1551.84787842298 1551.8487450083285 1552.159015893274 1551.3400260785913 1553.7285516714724 nan 0.0 nan 0.0 0
306 0.25 nan 0.8 1.0 1.0 1555.1148385261693 1555.1160717437804 1555.3829467008927 1554.5539578244975 1556.9451614513787 nan 0.0 nan 0.0 0
307 1.0 nan 0.8 1.0 1.0 1558.480456038257 1558.4813559538113 1558.712200958552 1557.727959983964 1560.2970035472754 nan 0.0 nan 0.0 0
308 nan 0.125 0.8 -1.0 1.0 1561.628293986242 1561.6293605528247 1562.0799182735996 1561.0581141571774 1563.6451297682856 nan 0.0 nan 0.0 0
309 1.0 nan 0.8 1.0 1.0 1565.096768513148 1565.0976684287023 1565.4402362829796 1564.4349306183835 1567.0116734678713 nan 0.0 nan 0.0 0
310 nan 0.25 0.8 -1.0 1.0 1568.3308983637137 1568.3319649302964 1568.7461927268484 1567.7803833560174 1570.331598570541 nan 0.0 nan 0.0 0
311 0.125 nan 0.8 -1.0 -1.0 1571.6115905116549 1571.6125904178261 1572.2285992797408 1571.1468007930423 1574.8141429596897 nan 0.0 nan 0.0 0
312 nan 0.25 0.8 -1.0 1.0 1576.2447557468577 1576.2458889738518 1576.542561134868 1575.6001495684447 1578.111673063838 nan 0.0 nan 0.0 0
313 nan 0.0625 0.8 -1.0 1.0 1579.480185475446 1579.4811853816173 1580.2320815860364 1578.8554774298414 1581.794915527163 nan 0.0 nan 0.0 0
314 1.0 nan 0.8 1.0 1.0 1583.1973033369416 1583.19816992229 1583.5102406383437 1582.6128248496277 1585.0979467973796 nan 0.0 nan 0.0 0
315 0.25 nan 0.8 1.0 1.0 1586.628014740779 1586.6288146657162 1586.9954469285155 1585.882051406805 1588.5613871130124 nan 0.0 nan 0.0 0
316 0.0625 nan 0.8 -1.0 -1.0 1589.947803220017 1589.9487697959826 1591.4650941745099 1589.336993870193 1594.0281388857554 nan 0.0 nan 0.0 0
317 0.0625 nan 0.8 -1.0 -1.0 1595.3970252118002 1595.398058448177 1597.2160545185768 1594.8496432434404 1599.7970995332112 nan 0.0 nan 0.0 0
318 0.0 nan 0.8 -1.0 -1.0 1601.3113035638414 1601.3123368002184 1608.613618332636 1600.585305023087 1611.177996578482 nan 0.0 nan 0.0 0
319 0.125 nan 0.8 1.0 1.0 1612.6469065254873 1612.6479064316586 1613.2037209420625 1612.0011004596688 1614.7612261804582 nan 0.0 nan 0.0 0
320 0.0625 nan 0.8 -1.0 -1.0 1616.0806509780443 1616.0815508935987 1620.4198437988935 1615.5934300309896 1622.996413237298 nan 0.0 nan 0.0 0
321 0.25 nan 0.8 1.0 1.0 1625.3110848169015 1625.312151383484 1625.6831499032314 1623.863720633986 1627.2638556066006 nan 0.0 nan 0.0 0
322 0.0 nan 0.8 1.0 1.0 1628.5277163094697 1628.5287828760524 1635.7204413618929 1628.0587603151437 1637.2969693875757 nan 0.0 nan 0.0 0
323 1.0 nan 0.8 1.0 1.0 1638.8110513466754 1638.812017922641 1639.1340877004075 1638.186676603128 1640.7126915312074 nan 0.0 nan 0.0 0
324 0.25 nan 0.8 1.0 1.0 1644.060892047907 1644.0619919446954 1644.335832914801 1641.5551938431124 1645.9132361802078 nan 0.0 nan 0.0 0
325 0.0625 nan 0.8 -1.0 -1.0 1647.3275855094505 1647.3286187458275 1648.0896140025764 1646.7400406432114 1650.6442909781695 nan 0.0 nan 0.0 0
326 0.0 nan 0.8 -1.0 -1.0 1651.946818718667 1651.9479186154554 1654.1972408779359 1651.449298738048 1656.7800485559612 nan 0.0 nan 0.0 0
327 0.125 nan 0.8 1.0 1.0 1658.177500713504 1658.1788672519383 1658.5838625815088 1657.6081541395822 1660.1636694450299 nan 0.0 nan 0.0 0
328 1.0 nan 0.8 1.0 1.0 1664.6106970382295 1664.6114969631667 1664.9618307553744 1660.976871360801 1666.5108334352835 nan 0.0 nan 0.0 0
329 1.0 nan 0.8 1.0 1.0 1668.880196398941 1668.8811296447009 1669.0702785620997 1667.3542395909637 1670.627279971105 nan 0.0 nan 0.0 0
330 nan 0.125 0.2 -1.0 1.0 1672.1297914649556 1672.1307580409211 1672.494490575824 1671.4855852490114 1674.0639224190872 nan 0.0 nan 0.0 0
331 nan 0.0 0.2 -1.0 1.0 1675.3770867467765 1675.378053322742 1676.148547688118 1674.8971317845662 1677.7106536041174 nan 0.0 nan 0.0 0
332 nan 0.25 0.2 -1.0 1.0 1679.0466424047252 1679.0477089713077 1679.3362818923367 1678.5416564580273 1680.8939775521396 nan 0.0 nan 0.0 0
333 nan 0.0625 0.2 -1.0 1.0 1682.7469618425432 1682.7479950789202 1685.1215390180782 1682.1530842372194 1686.6967375109698 nan 0.0 nan 0.0 0
334 nan 0.125 0.2 -1.0 1.0 1688.160453853806 1688.1612871089487 1688.6759721455078 1687.5549440066898 1690.2272706284305 nan 0.0 nan 0.0 0
335 nan 0.25 0.2 -1.0 1.0 1691.7291189790735 1691.7299189040104 1692.0287908586035 1691.1162764867013 1693.5771961464452 nan 0.0 nan 0.0 0
336 nan 1.0 0.2 -1.0 1.0 1695.046074390826 1695.0469076459688 1695.299017321952 1694.4128004823542 1696.8605492393056 nan 0.0 nan 0.0 0
337 nan 1.0 0.2 -1.0 1.0 1698.312701191958 1698.313867749158 1698.6345709884904 1697.6711613924704 1700.1937794405394 nan 0.0 nan 0.0 0
338 nan 0.0625 0.2 -1.0 1.0 1701.6968502984203 1701.6979168650028 1702.6166973155784 1701.0110813159565 1704.1771024263019 nan 0.0 nan 0.0 0
339 nan 0.125 0.2 -1.0 1.0 1705.7126068030686 1705.7135067186227 1709.9289778158798 1705.0188052410292 1711.4965756045208 nan 0.0 nan 0.0 0
340 0.125 nan 0.2 1.0 1.0 1712.9269631589968 1712.927763083934 1713.865608412175 1712.362982748194 1715.4103135818514 nan 0.0 nan 0.0 0
341 nan 0.25 0.2 -1.0 1.0 1716.9959480021628 1716.997081229157 1717.316551250878 1716.2352193870595 1718.8769542302505 nan 0.0 nan 0.0 0
342 0.125 nan 0.2 1.0 1.0 1720.3798971273907 1720.3810303543846 1721.7888982435347 1719.6949614000698 1723.3631986541345 nan 0.0 nan 0.0 0
343 nan 0.0625 0.2 -1.0 1.0 1724.9267704600127 1724.9276703755668 1725.4253236770085 1724.2083045457484 1726.9601313745286 nan 0.0 nan 0.0 0
344 nan 1.0 0.2 -1.0 1.0 1728.4966021424798 1728.4976353788568 1733.7641078527372 1727.7827357966034 1735.293410629888 nan 0.0 nan 0.0 0
345 nan 0.0 0.2 -1.0 1.0 1736.7287296599395 1736.7295629150822 1742.6791046247638 1736.1546168666011 1744.2461009898948 nan 0.0 nan 0.0 0
346 nan 0.125 0.2 -1.0 1.0 1745.593197840111 1745.5941977462824 1745.949831041198 1745.1301079619898 1747.511829399156 nan 0.0 nan 0.0 0
347 nan 0.0 0.2 -1.0 1.0 1749.1265996077384 1749.1274661930868 1749.3491453912577 1748.40793371224 1750.9121780639941 nan 0.0 nan 0.0 0
348 0.125 nan 0.2 -1.0 -1.0 1752.326599327658 1752.3274325828006 1753.359735714021 1751.730688579786 1755.9289163767494 nan 0.0 nan 0.0 0
349 0.0625 nan 0.2 -1.0 -1.0 1757.2431046415934 1757.2440378873532 1761.5863637475388 1756.7435181882204 1764.143100970138 nan 0.0 nan 0.0 0
350 nan 0.125 0.2 -1.0 1.0 1765.5619906845136 1765.5629905906849 1768.557542922614 1765.0275075057634 1770.1290473278234 nan 0.0 nan 0.0 0
351 nan 0.125 0.2 -1.0 1.0 1771.4597372545234 1771.4606038398717 1771.7613756161902 1770.9549512890599 1773.3096774103694 nan 0.0 nan 0.0 0
352 nan 1.0 0.2 -1.0 1.0 1774.6628700137796 1774.6639032501566 1774.939710702399 1774.1671831944748 1776.5128279007638 nan 0.0 nan 0.0 0
353 nan 0.125 0.2 -1.0 1.0 1778.2593991910196 1778.2601991159568 1778.6172322795119 1777.4432424438223 1780.1780678501493 nan 0.0 nan 0.0 0
354 nan 0.0 0.2 -1.0 1.0 1781.576154621538 1781.577187857915 1782.9696905222331 1781.0338721746518 1784.5291922693627 nan 0.0 nan 0.0 0
355 nan 0.25 0.2 -1.0 1.0 1785.892782893122 1785.893816129499 1786.207120063164 1785.4128945913233 1787.759421651632 nan 0.0 nan 0.0 0
356 nan 1.0 0.2 -1.0 1.0 1789.2115714661888 1789.2125047119487 1789.4948448845098 1788.6117277540432 1791.0428498954718 nan 0.0 nan 0.0 0
357 nan 0.25 0.2 -1.0 1.0 1792.3788742543077 1792.3797408396563 1792.8997920393344 1791.879154480112 1794.4623886428735 nan 0.0 nan 0.0 0
358 nan 0.125 0.2 -1.0 1.0 1796.0260653442256 1796.0270652503968 1796.3805320819413 1795.3288974314096 1797.9459291115559 nan 0.0 nan 0.0 0
359 0.25 nan 0.2 -1.0 -1.0 1799.5594671118529 1799.560367027407 1800.0983498777566 1798.8245360759684 1802.642764570055 nan 0.0 nan 0.0 0
360 0.0625 nan 0.2 -1.0 -1.0 1803.9279905137257 1803.928990419897 1810.0816130729638 1803.4573680091141 1812.6259798899193 nan 0.0 nan 0.0 0
361 1.0 nan 0.2 1.0 1.0 1815.0785775034808 1815.079577409652 1815.4278113989 1813.5371888102604 1816.9954142931538 nan 0.0 nan 0.0 0
362 nan 1.0 0.2 -1.0 1.0 1818.725735263193 1818.7268684901871 1819.0305399944023 1817.8534171193758 1820.5953412874233 nan 0.0 nan 0.0 0
363 0.25 nan 0.2 1.0 1.0 1822.1258495381896 1822.126849444361 1822.4124559770817 1821.4638449923966 1823.9788757742513 nan 0.0 nan 0.0 0
364 nan 0.0625 0.2 1.0 -1.0 1825.9091945184289 1825.910127764189 1830.0054434698648 1825.2775871202425 1832.5592718073483 nan 0.0 nan 0.0 0
365 0.125 nan 0.2 1.0 1.0 1834.3616346956255 1834.3627679226195 1834.731699969613 1833.5271796654938 1836.2954047156065 nan 0.0 nan 0.0 0
366 nan 1.0 0.2 -1.0 1.0 1837.7257190182506 1837.726718924422 1838.1552120490173 1837.1289083548245 1839.7121461692407 nan 0.0 nan 0.0 0
367 0.25 nan 0.2 1.0 1.0 1840.9923458193828 1840.993345725554 1841.6572500930724 1840.54565440247 1843.1923838092325 nan 0.0 nan 0.0 0
368 nan 0.0 0.2 -1.0 1.0 1844.5950077544733 1844.5959743304388 1855.2552074276311 1844.077589641046 1856.7922044215168 nan 0.0 nan 0.0 0
369 nan 0.0625 0.2 1.0 -1.0 1859.5950001921829 1859.5958667775312 1862.472830143719 1857.709210483371 1865.008795377118 nan 0.0 nan 0.0 0
370 nan 1.0 0.2 -1.0 1.0 1866.4451240601227 1866.4461572964997 1866.803323780878 1865.9575031505995 1868.3421274494406 nan 0.0 nan 0.0 0
371 nan 0.0625 0.2 -1.0 1.0 1869.6782206743114 1869.6791205898655 1873.4737645098403 1869.1878333577142 1875.0086915320671 nan 0.0 nan 0.0 0
372 0.0625 nan 0.2 -1.0 -1.0 1888.8109253085026 1888.8119585448796 1890.295952623869 1875.9518986345133 1892.8617641512117 nan 0.0 nan 0.0 0
373 nan 0.0 0.2 -1.0 1.0 1894.4418302516056 1894.442930148394 1898.0145283317638 1893.986672962443 1899.5586283479204 nan 0.0 nan 0.0 0
374 nan 0.125 0.2 -1.0 1.0 1900.9280882638197 1900.9291881606082 1901.139435098221 1900.4426338176677 1902.6751638140165 nan 0.0 nan 0.0 0
375 nan 0.25 0.2 -1.0 1.0 1906.026309859281 1906.0271764446293 1906.6824149586635 1903.5893718688642 1908.2441098980828 nan 0.0 nan 0.0 0
376 0.0625 nan 0.2 1.0 1.0 1909.7749914255828 1909.77579135052 1910.2291488085743 1909.1680150494155 1911.7943484537604 nan 0.0 nan 0.0 0
377 0.125 nan 0.2 1.0 1.0 1913.3748869535996 1913.3757868691537 1913.7584842911049 1912.6463553172114 1915.2916880371672 nan 0.0 nan 0.0 0
378 nan 1.0 0.2 -1.0 1.0 1916.6443134920112 1916.6454800492108 1916.9243872105842 1916.1264954161154 1918.4583199458534 nan 0.0 nan 0.0 0
379 nan 0.0 0.2 -1.0 1.0 1919.8943751809056 1919.8954084172826 1921.3147418971967 1919.347126533369 1922.8581713204494 nan 0.0 nan 0.0 0
380 nan 0.0 0.2 -1.0 1.0 1924.3606894063291 1924.3616893125004 1925.3109669012997 1923.7580792871095 1926.8779035677387 nan 0.0 nan 0.0 0
381 0.0625 nan 0.2 -1.0 -1.0 1928.2248601354129 1928.2256600603498 1929.5143058036786 1927.731906392976 1932.0581463842802 nan 0.0 nan 0.0 0
382 nan 1.0 0.2 -1.0 1.0 1933.6938469391812 1933.6949468359696 1934.0806773066404 1932.9408509318025 1935.6432763684759 nan 0.0 nan 0.0 0
383 nan 0.25 0.2 -1.0 1.0 1936.9915708222397 1936.9926040586167 1941.606137802657 1936.5079828676073 1943.161070767527 nan 0.0 nan 0.0 0
384 nan 0.0625 0.2 -1.0 1.0 1944.4913337296546 1944.4922003150032 1946.8913085219401 1944.0115787486786 1948.4443106248286 nan 0.0 nan 0.0 0
385 nan 0.0625 0.2 -1.0 1.0 1949.7746046272123 1949.7755045427666 1950.859236181396 1949.3262133698086 1952.4109392994833 nan 0.0 nan 0.0 0
386 nan 0.25 0.2 -1.0 1.0 1953.774629274766 1953.775462529909 1954.0752677302617 1953.266143656469 1955.6274654576912 nan 0.0 nan 0.0 0
387 0.0625 nan 0.2 -1.0 -1.0 1957.1912086713833 1957.1921085869374 1958.059093897841 1956.5232713489738 1960.6103271432296 nan 0.0 nan 0.0 0
388 nan 0.25 0.2 -1.0 1.0 1962.0411868947233 1962.0420534800717 1966.069975509804 1961.5191358827026 1967.626804321152 nan 0.0 nan 0.0 0
389 nan 0.125 0.2 -1.0 1.0 1969.0076665107933 1969.0086664169646 1969.1986152593006 1968.5332110325253 1970.760920146778 nan 0.0 nan 0.0 0
390 0.25 nan 0.2 -1.0 -1.0 1972.3243552809004 1972.325321856866 1973.7456552429512 1971.6290205293983 1976.307783930788 nan 0.0 nan 0.0 0
391 nan 0.25 0.2 -1.0 1.0 1977.9272961814136 1977.9282960875848 1978.221201935356 1977.2478932682404 1979.757705455572 nan 0.0 nan 0.0 0
392 nan 0.0625 0.2 -1.0 1.0 1981.2433850078178 1981.2442515931662 1982.1229358062737 1980.656506745693 1983.6577622024038 nan 0.0 nan 0.0 0
393 0.125 nan 0.2 1.0 1.0 1985.693200781415 1985.694234017792 1986.0020717977209 1984.5466750352298 1987.5577023954727 nan 0.0 nan 0.0 0
394 0.25 nan 0.8 1.0 1.0 1988.977259280133 1988.9781925258928 1989.291596450175 1988.46120770514 1990.8601353825745 nan 0.0 nan 0.0 0
395 nan 0.0 0.8 -1.0 1.0 1992.9408873430525 1992.941853919018 1999.035115475717 1992.2874486601268 2000.5908086481816 nan 0.0 nan 0.0 0
396 1.0 nan 0.8 1.0 1.0 2002.1268586874935 2002.1277586030478 2002.3684360184727 2001.5337143466954 2003.943856842704 nan 0.0 nan 0.0 0
397 0.125 nan 0.8 1.0 1.0 2005.4740445958244 2005.4750778322014 2005.839276989984 2004.8477700305514 2007.4102947684648 nan 0.0 nan 0.0 0
398 0.0625 nan 0.8 1.0 1.0 2010.457310311795 2010.4583768783777 2014.3245474198038 2008.427400793497 2015.8740742509913 nan 0.0 nan 0.0 0
399 0.25 nan 0.8 1.0 1.0 2017.9603062491635 2017.9613061553348 2018.2204818349285 2016.8063811973107 2019.7740150409115 nan 0.0 nan 0.0 0
400 1.0 nan 0.8 1.0 1.0 2021.1431742433488 2021.1442741401372 2021.454611685494 2020.634421983406 2023.0265423055946 nan 0.0 nan 0.0 0
401 0.125 nan 0.8 -1.0 -1.0 2024.6239142859556 2024.6249475223326 2029.245213967926 2023.9284462136307 2031.790613830036 nan 0.0 nan 0.0 0
402 0.0625 nan 0.8 1.0 1.0 2033.426888236594 2033.4278548125596 2033.914442485706 2032.7373196106796 2035.4765628722914 nan 0.0 nan 0.0 0
403 0.0625 nan 0.8 1.0 1.0 2037.4403782872544 2037.4415115142485 2037.8080771166365 2036.4195740770035 2039.357208817835 nan 0.0 nan 0.0 0
404 0.0 nan 0.8 1.0 1.0 2040.9422830104866 2040.943149595835 2049.8886101758794 2040.2421153791565 2051.4402296384214 nan 0.0 nan 0.0 0
405 0.0 nan 0.8 -1.0 -1.0 2054.259966645238 2054.2610332118206 2057.1253310998386 2052.4482366535112 2059.673602471776 nan 0.0 nan 0.0 0
406 0.0 nan 0.8 -1.0 -1.0 2061.0599618837914 2061.0609617899627 2064.901934695873 2060.5758073156617 2067.4569671253553 nan 0.0 nan 0.0 0
407 1.0 nan 0.8 1.0 1.0 2069.8093741938555 2069.810240779204 2070.082715210875 2068.4117720080635 2071.6235087832515 nan 0.0 nan 0.0 0
408 0.25 nan 0.8 1.0 1.0 2073.4095696937234 2073.410536269689 2073.7125412636187 2072.564315676942 2075.2569626967315 nan 0.0 nan 0.0 0
409 nan 0.25 0.8 -1.0 1.0 2076.6932615601786 2076.6941614757325 2077.106056157885 2076.185475876201 2078.656890104509 nan 0.0 nan 0.0 0
410 1.0 nan 0.8 1.0 1.0 2080.093209184147 2080.0941424299067 2080.348818531729 2079.559792571979 2081.9099176905333 nan 0.0 nan 0.0 0
411 0.0625 nan 0.8 -1.0 -1.0 2083.4233300271544 2083.4244299239426 2087.8087518433217 2082.784623295152 2090.356715987281 nan 0.0 nan 0.0 0
412 0.125 nan 0.8 1.0 1.0 2091.9093337215 2091.9103669578767 2092.374623393198 2091.2912250566255 2093.9426475185296 nan 0.0 nan 0.0 0
413 0.0625 nan 0.8 -1.0 -1.0 2095.4565341942907 2095.457667421285 2099.4449599302575 2094.9017529202633 2102.009425636455 nan 0.0 nan 0.0 0
414 1.0 nan 0.8 1.0 1.0 2103.506445477139 2103.5072787322815 2103.8822435465086 2102.931032805778 2105.4426465475967 nan 0.0 nan 0.0 0
415 0.0 nan 0.8 -1.0 -1.0 2107.006483708851 2107.00758360564 2117.3738441946493 2106.3248476718954 2119.9423021377065 nan 0.0 nan 0.0 0
416 0.25 nan 0.8 -1.0 -1.0 2127.672877758744 2127.6737443440925 2128.1264351980326 2120.9233111214285 2130.672891503155 nan 0.0 nan 0.0 0
417 0.125 nan 0.8 -1.0 -1.0 2132.291211052406 2132.292044307549 2135.507375922095 2131.721697827456 2138.0749727253146 nan 0.0 nan 0.0 0
418 0.0 nan 0.8 1.0 1.0 2140.022652219705 2140.023652125876 2144.021743621499 2139.0016813584252 2145.556040500329 nan 0.0 nan 0.0 0
419 0.0625 nan 0.8 -1.0 -1.0 2147.6089070109347 2147.6099402473114 2148.4359294051933 2146.487045616974 2150.972790421195 nan 0.0 nan 0.0 0
420 0.0 nan 0.8 -1.0 -1.0 2156.124841230007 2156.1258744663837 2162.7731507023786 2151.9802968104987 2165.3059407641886 nan 0.0 nan 0.0 0
421 nan 0.25 0.8 -1.0 1.0 2166.9248944463197 2166.925794361874 2167.2360652468196 2166.3364496645268 2168.7922638245277 nan 0.0 nan 0.0 0
422 0.25 nan 0.8 1.0 1.0 2174.805754925812 2174.8067215017772 2175.288242983656 2169.7207654220174 2176.842261822899 nan 0.0 nan 0.0 0
423 1.0 nan 0.8 1.0 1.0 2179.305765989207 2179.3066659047613 2179.7692891600027 2177.8146725764013 2181.305691466826 nan 0.0 nan 0.0 0
424 0.25 nan 0.8 -1.0 -1.0 2182.792105506373 2182.7929720917214 2183.5539673484705 2182.216292872544 2186.088736650341 nan 0.0 nan 0.0 0
425 0.25 nan 0.8 -1.0 -1.0 2187.708544159897 2187.7096107264797 2202.6688069924016 2187.0070433203387 2205.205430056247 nan 0.0 nan 0.0 0
426 0.125 nan 0.8 1.0 1.0 2206.808285220642 2206.8091184757845 2207.14875327196 2206.2404385059767 2208.725175434066 nan 0.0 nan 0.0 0
427 1.0 nan 0.8 -1.0 -1.0 2210.4054476717906 2210.406414247756 2210.6554242146085 2209.648085407464 2213.2241220040237 nan 0.0 nan 0.0 0
428 nan 0.25 0.8 -1.0 1.0 2216.422016425153 2216.423016331324 2220.549595769955 2214.168627877576 2222.1249876959046 nan 0.0 nan 0.0 0
429 0.0 nan 0.8 -1.0 -1.0 2223.538581957531 2223.5396485241135 2224.126960078913 2223.08139152582 2226.6887284082068 nan 0.0 nan 0.0 0
430 0.125 nan 0.8 -1.0 -1.0 2228.156915251193 2228.157915157364 2241.727141854602 2227.602033986549 2244.3072205362564 nan 0.0 nan 0.0 0
431 1.0 nan 0.8 1.0 1.0 2245.85498784105 2245.855787765987 2246.3032457776308 2245.399930542504 2247.8740449087145 nan 0.0 nan 0.0 0
432 0.125 nan 0.8 -1.0 -1.0 2249.4384182474464 2249.4394181536177 2260.7039944468975 2248.782646450121 2263.273509811319 nan 0.0 nan 0.0 0
433 0.0625 nan 0.8 -1.0 -1.0 2264.9381304593517 2264.9389637144945 2265.631965351597 2264.3429196457996 2268.188237919847 nan 0.0 nan 0.0 0
434 0.125 nan 0.8 -1.0 -1.0 2269.740313167705 2269.741246413465 2274.5628939619523 2269.101439784674 2277.141222650507 nan 0.0 nan 0.0 0
435 0.125 nan 0.8 -1.0 -1.0 2278.588049584611 2278.589182811605 2309.5072482032797 2278.09442923806 2312.073281676168 nan 0.0 nan 0.0 0
436 0.25 nan 0.8 -1.0 -1.0 2313.804378304524 2313.805544861724 2314.895942541495 2313.3096913913905 2317.4377397472417 nan 0.0 nan 0.0 0
437 nan 0.25 0.2 -1.0 1.0 2320.773957629725 2320.7748575452792 2330.7277569230855 2318.397547292876 2332.290171605895 nan 0.0 nan 0.0 0
438 nan 0.0625 0.2 -1.0 1.0 2339.154166209623 2339.1550327949717 2339.590858564823 2333.3369787468123 2341.137578176715 nan 0.0 nan 0.0 0
439 nan 1.0 0.2 -1.0 1.0 2342.740163041859 2342.740996297002 2343.0031716951094 2342.1242875007674 2344.553902157292 nan 0.0 nan 0.0 0
440 nan 1.0 0.2 -1.0 1.0 2346.207004388685 2346.207970964651 2346.4386159881574 2345.493604665689 2347.9875402702696 nan 0.0 nan 0.0 0
441 nan 0.125 0.2 -1.0 1.0 2349.5734218257103 2349.5742884110587 2351.1221764943925 2348.9197498313442 2352.6901702504215 nan 0.0 nan 0.0 0
442 nan 1.0 0.2 -1.0 1.0 2355.2373570026707 2355.238290248431 2355.4933996429277 2353.6493726818694 2357.0568201446217 nan 0.0 nan 0.0 0
443 nan 0.125 0.2 -1.0 1.0 2360.603986744707 2360.6048533300554 2361.0741426264385 2358.0034307744645 2362.6206678083336 nan 0.0 nan 0.0 0
444 0.25 nan 0.2 -1.0 -1.0 2364.323104418545 2364.3241709851277 2364.8848183753594 2363.5904731668543 2367.4563130819533 nan 0.0 nan 0.0 0
445 nan 1.0 0.2 -1.0 1.0 2368.953936539348 2368.9548031246964 2369.2331436725726 2368.41462048077 2370.7896624980526 nan 0.0 nan 0.0 0
446 nan 0.25 0.2 -1.0 1.0 2372.4039128020854 2372.404779387434 2372.874568636903 2371.727276295986 2374.439498952769 nan 0.0 nan 0.0 0
447 0.0625 nan 0.2 -1.0 -1.0 2375.8871192799147 2375.8880858558805 2378.5277048272137 2375.3414038218407 2381.0901674191764 nan 0.0 nan 0.0 0
448 nan 0.25 0.2 -1.0 1.0 2382.787038475184 2382.78800505115 2383.1302729335757 2382.0461746626834 2384.6897998381837 nan 0.0 nan 0.0 0
449 nan 0.0625 0.2 -1.0 1.0 2386.103760575497 2386.1046604910507 2387.096000799455 2385.6330047500624 2388.6369297848687 nan 0.0 nan 0.0 0
450 0.25 nan 0.2 1.0 1.0 2390.173245371748 2390.1742786081254 2390.492348761207 2389.586633751269 2392.0370712644376 nan 0.0 nan 0.0 0
451 nan 0.0625 0.2 1.0 -1.0 2395.1062491375096 2395.107249043681 2400.004556159128 2392.974882473033 2402.553483203289 nan 0.0 nan 0.0 0
452 0.0625 nan 0.2 -1.0 -1.0 2404.0898061426797 2404.0908393790564 2405.6698245443167 2403.5466904406508 2408.2397247652834 nan 0.0 nan 0.0 0
453 nan 1.0 0.2 -1.0 1.0 2410.0535131897873 2410.054479765753 2410.369150237852 2409.1745290048284 2411.9034667521423 nan 0.0 nan 0.0 0
454 nan 1.0 0.2 -1.0 1.0 2415.0225469079205 2415.0234468234744 2415.30528704295 2412.902279201945 2416.8534161801854 nan 0.0 nan 0.0 0
455 nan 0.0625 0.2 -1.0 1.0 2418.306372095198 2418.307405331575 2426.4477081323066 2417.783321177006 2427.9867314031267 nan 0.0 nan 0.0 0
456 nan 0.25 0.2 -1.0 1.0 2430.471830518588 2430.473330377845 2431.364546748299 2428.953539657924 2432.9231738140184 nan 0.0 nan 0.0 0
457 nan 1.0 0.2 -1.0 1.0 2434.4364918178844 2434.4376250448786 2434.8867828970137 2433.8584793904784 2436.4397059786475 nan 0.0 nan 0.0 0
458 nan 0.125 0.2 -1.0 1.0 2438.0199555544864 2438.0209554606577 2438.352324365817 2437.415512273953 2439.9217443133175 nan 0.0 nan 0.0 0
459 nan 0.0 0.2 -1.0 1.0 2441.603152649443 2441.6042192160257 2442.150367966774 2440.870954690427 2443.7058660092553 nan 0.0 nan 0.0 0
460 nan 0.25 0.2 -1.0 1.0 2445.236378383169 2445.2375449403685 2445.5228848314437 2444.656466134037 2447.1048012835013 nan 0.0 nan 0.0 0
461 nan 0.25 0.2 -1.0 1.0 2448.703119739378 2448.704186305961 2449.0239229693275 2448.074912022174 2450.586444067597 nan 0.0 nan 0.0 0
462 nan 1.0 0.2 -1.0 1.0 2452.289316552848 2452.290149807991 2452.5433593807625 2451.5405534815945 2454.122479836297 nan 0.0 nan 0.0 0
463 nan 0.25 0.2 -1.0 1.0 2455.8030868293126 2455.80412006569 2456.070095107248 2455.0874873127395 2457.6383167031463 nan 0.0 nan 0.0 0
464 nan 1.0 0.2 -1.0 1.0 2459.186402680632 2459.187435917009 2459.4425119813004 2458.6069237241745 2461.0030420363114 nan 0.0 nan 0.0 0
465 nan 1.0 0.2 -1.0 1.0 2463.255854146678 2463.256754062232 2463.492165305155 2462.587850163857 2465.0716830890156 nan 0.0 nan 0.0 0
466 0.0625 nan 0.2 -1.0 -1.0 2466.50298277747 2466.504049344053 2467.8536893638293 2466.037593115155 2470.4226393623476 nan 0.0 nan 0.0 0
467 0.0625 nan 0.8 -1.0 -1.0 2473.5861514437274 2473.587351331133 2478.4972905945438 2471.4877483526975 2481.052747747787 nan 0.0 nan 0.0 0
468 0.125 nan 0.8 1.0 1.0 2483.2051488207408 2483.2059154154717 2483.505154002328 2482.063655935617 2485.0721779549567 nan 0.0 nan 0.0 0
469 0.125 nan 0.8 -1.0 -1.0 2486.5693664641885 2486.570233049537 2487.067886350979 2486.044082422214 2489.6194155029257 nan 0.0 nan 0.0 0
470 0.0625 nan 0.8 -1.0 -1.0 2491.2044981815284 2491.205531417905 2496.2621569166413 2490.6053210734967 2498.819310776205 nan 0.0 nan 0.0 0
471 1.0 nan 0.8 1.0 1.0 2500.455596747925 2500.4564633332734 2500.7782331391886 2499.8556197149564 2502.3556509453333 nan 0.0 nan 0.0 0
472 0.0625 nan 0.8 1.0 1.0 2504.2692722153593 2504.2704054423534 2505.0019701274614 2503.3301603393015 2506.552594038862 nan 0.0 nan 0.0 0
473 0.0625 nan 0.8 1.0 1.0 2508.820811776781 2508.8217116923347 2510.3239373938472 2507.5099014560383 2511.8692557943805 nan 0.0 nan 0.0 0
474 1.0 nan 0.8 1.0 1.0 2515.5876767908594 2515.5886766970307 2515.8893818129377 2512.8731648472976 2517.45550249163 nan 0.0 nan 0.0 0
475 0.125 nan 0.8 -1.0 -1.0 2518.9524610478047 2518.953294302947 2523.8519346266226 2518.4617070989448 2526.422192630039 nan 0.0 nan 0.0 0
476 0.125 nan 0.8 -1.0 -1.0 2527.9690816170382 2527.969881541975 2528.8092027821403 2527.4183999583133 2531.3711298706803 nan 0.0 nan 0.0 0
477 nan 1.0 0.8 -1.0 1.0 2533.818866021032 2533.819832596998 2534.2055630676687 2532.363935881421 2535.7523828437415 nan 0.0 nan 0.0 0
478 0.125 nan 0.8 -1.0 -1.0 2537.337535837736 2537.338469083496 2539.537462735356 2536.730292819923 2542.0856292530752 nan 0.0 nan 0.0 0
479 0.0625 nan 0.8 -1.0 -1.0 2543.5552523825527 2543.556118967901 2552.8673785556025 2543.0585323268706 2555.4386637273624 nan 0.0 nan 0.0 0
480 0.0625 nan 0.8 -1.0 -1.0 2557.218736901535 2557.219670147295 2585.089088283175 2556.4834725635938 2587.6540852573407 nan 0.0 nan 0.0 0
481 nan 1.0 0.8 -1.0 1.0 2592.03510315294 2592.0360363986997 2592.4157341021373 2588.9256949321375 2593.951849609727 nan 0.0 nan 0.0 0
482 0.125 nan 0.8 1.0 1.0 2595.5873364867925 2595.588336392964 2596.738461801366 2594.998858374794 2598.2849828627764 nan 0.0 nan 0.0 0
483 0.0 nan 0.8 -1.0 -1.0 2599.8214391690412 2599.8223057543896 2603.60828382088 2599.30288782862 2606.171470625202 nan 0.0 nan 0.0 0
484 0.125 nan 0.8 1.0 1.0 2607.6514377546214 2607.6522376795583 2608.38330241158 2607.183381675849 2609.953514534874 nan 0.0 nan 0.0 0
485 1.0 nan 0.8 1.0 1.0 2612.4180904636887 2612.419190360477 2612.7505259354307 2610.9937241227126 2614.301442526201 nan 0.0 nan 0.0 0
486 nan 1.0 0.8 -1.0 1.0 2618.1539855547753 2618.155152111975 2618.5431823668396 2615.3765461828348 2620.08479923816 nan 0.0 nan 0.0 0
487 0.25 nan 0.8 1.0 1.0 2621.6872873317852 2621.688120586928 2622.2927305184903 2621.110308140756 2623.834848822996 nan 0.0 nan 0.0 0
488 0.0 nan 0.8 -1.0 -1.0 2625.3208796977738 2625.321746283122 2627.660393496903 2624.822059839132 2630.2014920834004 nan 0.0 nan 0.0 0
489 0.0 nan 0.8 -1.0 -1.0 2632.7199853839475 2632.7210186203242 2639.1223179381864 2631.189795639845 2641.6679026176434 nan 0.0 nan 0.0 0
490 nan 0.125 0.8 -1.0 1.0 2643.270728661557 2643.2715952469052 2643.6083303151836 2642.745211308142 2645.1511404484454 nan 0.0 nan 0.0 0
491 1.0 nan 0.8 1.0 1.0 2647.2375564242243 2647.238622990807 2647.6140877581192 2646.2333506564164 2649.1704994022434 nan 0.0 nan 0.0 0
492 0.25 nan 0.8 1.0 1.0 2651.3510704222176 2651.3518703471545 2651.9135176435575 2650.1816134945043 2653.4700354868573 nan 0.0 nan 0.0 0
493 0.0625 nan 0.8 -1.0 -1.0 2655.034391455124 2655.035191380061 2661.5501466993906 2654.518539861365 2664.101228768123 nan 0.0 nan 0.0 0
494 nan 0.0625 0.8 -1.0 1.0 2665.8199460319534 2665.8211125891535 2678.8487901040303 2665.207836804107 2680.419286355863 nan 0.0 nan 0.0 0
495 0.25 nan 0.8 1.0 1.0 2682.9674702839084 2682.968303539051 2686.5762649768494 2681.626996070702 2688.1341697219696 nan 0.0 nan 0.0 0
496 nan 1.0 0.8 -1.0 1.0 2689.8191940017223 2689.820227238099 2690.0589048411816 2689.2665791910663 2691.6175160867974 nan 0.0 nan 0.0 0
497 0.25 nan 0.8 1.0 1.0 2693.7196279946174 2693.720894542434 2694.0251326601465 2692.653628025425 2695.6038474521347 nan 0.0 nan 0.0 0
498 1.0 nan 0.8 -1.0 -1.0 2699.2674074046818 2699.2685073014704 2701.0611390853255 2696.677550430472 2703.617326390147 nan 0.0 nan 0.0 0
499 0.125 nan 0.8 1.0 1.0 2705.21961553082 2705.220448785963 2706.048537746804 2704.6634343881533 2707.619057976828 nan 0.0 nan 0.0 0
500 0.25 nan 0.8 -1.0 -1.0 2709.2838674847753 2709.2847340701237 2709.8124178869093 2708.634961709826 2712.3866999987463 nan 0.0 nan 0.0 0
501 0.25 nan 0.8 -1.0 -1.0 2714.3670571574617 2714.368023733427 2722.7476374111493 2713.4654084326207 2725.30052342114 nan 0.0 nan 0.0 0
502 0.0 nan 0.8 -1.0 -1.0 2727.285944880904 2727.28691145687 2727.9879123433425 2726.371930649745 2730.5502951127296 nan 0.0 nan 0.0 0
503 0.125 nan 0.8 -1.0 -1.0 2732.1534214622416 2732.1545546892357 2743.656442047164 2731.5717093820017 2746.2169561721603 nan 0.0 nan 0.0 0
504 0.0 nan 0.8 -1.0 -1.0 2747.968737392006 2747.9697372981773 2759.441327499116 2747.328264159101 2762.0190074981297 nan 0.0 nan 0.0 0
505 0.25 nan 0.8 1.0 1.0 2763.65006589482 2763.651299112431 2765.8266283182375 2763.116315980595 2767.3834457699068 nan 0.0 nan 0.0 0
506 0.0 nan 0.8 -1.0 -1.0 2769.6360375193412 2769.6369041046896 2770.3355718767625 2768.431050592342 2772.883395524791 nan 0.0 nan 0.0 0
507 0.0 nan 0.8 -1.0 -1.0 2774.5028474965643 2774.5038807329415 2778.549167799848 2773.9168024895826 2781.1194813428256 nan 0.0 nan 0.0 0
508 0.0625 nan 0.8 -1.0 -1.0 2783.4831714717807 2783.4841380477465 2788.5127328434814 2782.2206899399334 2791.066479162735 nan 0.0 nan 0.0 0
509 nan 0.0625 0.8 -1.0 1.0 2792.90148768022 2792.9023875957737 2799.842269707688 2792.1758891019335 2801.401979861987 nan 0.0 nan 0.0 0
510 1.0 nan 0.8 1.0 1.0 2804.666250370575 2804.667283606952 2804.9944195759863 2802.4848883975355 2806.5496324030637 nan 0.0 nan 0.0 0
511 1.0 nan 0.8 1.0 1.0 2809.3357788602066 2809.3369120872007 2809.595554483503 2807.6071410713125 2811.168269709943 nan 0.0 nan 0.0 0
512 1.0 nan 0.8 -1.0 -1.0 2812.7995538281075 2812.8005537342788 2812.9139097638954 2812.222974599547 2815.485828636363 nan 0.0 nan 0.0 0
513 1.0 nan 0.8 1.0 1.0 2816.99952637971 2817.0005262858813 2817.3496268604777 2816.476442131312 2818.9191716437367 nan 0.0 nan 0.0 0
514 1.0 nan 0.8 1.0 1.0 2820.849465110956 2820.850465017127 2821.1263724599867 2819.9746805319164 2822.682894966658 nan 0.0 nan 0.0 0
515 nan 0.25 0.8 -1.0 1.0 2824.2847427529755 2824.2857759893527 2827.177437976258 2823.7138963197967 2828.732752337154 nan 0.0 nan 0.0 0
516 nan 0.125 0.8 -1.0 1.0 2830.5012927405924 2830.5023926373806 2833.847812044809 2829.770661301244 2835.418921593183 nan 0.0 nan 0.0 0
517 nan 1.0 0.8 -1.0 1.0 2837.0992069419317 2837.1000068668686 2840.8387560318693 2836.5008297588374 2842.401698940306 nan 0.0 nan 0.0 0
518 nan 1.0 0.2 -1.0 1.0 2844.1491120628916 2844.14997864824 2844.457116493849 2843.471908943295 2845.99923351397 nan 0.0 nan 0.0 0
519 nan 0.25 0.2 -1.0 1.0 2847.9673204383025 2847.9682536840623 2848.2594596913423 2847.0495398938983 2849.799151274769 nan 0.0 nan 0.0 0
520 1.0 nan 0.2 1.0 1.0 2851.418829890503 2851.4198964570855 2851.84598980687 2850.8237523977737 2853.3991970681445 nan 0.0 nan 0.0 0
521 nan 0.125 0.2 -1.0 1.0 2854.9343666678697 2854.935266583424 2855.3273297931796 2854.4558115742993 2856.9019435464584 nan 0.0 nan 0.0 0
522 nan 0.25 0.2 -1.0 1.0 2858.4157399843853 2858.4168732113794 2858.7604409718283 2857.925352667788 2860.315760439764 nan 0.0 nan 0.0 0
523 0.25 nan 0.2 -1.0 -1.0 2862.085062330894 2862.0858289256253 2862.588481757923 2861.39316059058 2865.1506981321427 nan 0.0 nan 0.0 0
524 nan 0.0625 0.2 -1.0 1.0 2866.6989960374026 2866.6997959623395 2868.5008602882394 2866.233606375087 2870.0490657847154 nan 0.0 nan 0.0 0
525 nan 0.25 0.2 -1.0 1.0 2872.768126525168 2872.769059770928 2878.750731798913 2871.1291803198374 2880.318171713729 nan 0.0 nan 0.0 0
526 nan 0.125 0.2 -1.0 1.0 2881.96566345099 2881.9666633571615 2882.317363781632 2881.428580516195 2883.8848091024856 nan 0.0 nan 0.0 0
527 1.0 nan 0.2 1.0 1.0 2887.6488634868506 2887.6499633836393 2888.018628788987 2884.9456171528186 2889.565545889661 nan 0.0 nan 0.0 0
528 nan 0.0625 0.2 -1.0 1.0 2891.3516493598913 2891.3526492660626 2892.225367372348 2890.635949852701 2893.78447884131 nan 0.0 nan 0.0 0
529 nan 0.125 0.2 -1.0 1.0 2895.3154440738394 2895.3165773008336 2895.6704107646406 2894.8639864375104 2897.234821368506 nan 0.0 nan 0.0 0
530 nan 0.25 0.2 -1.0 1.0 2898.8320140875835 2898.8328473427264 2899.449956101429 2898.267633714312 2901.015368105513 nan 0.0 nan 0.0 0
531 nan 1.0 0.2 -1.0 1.0 2902.784743173236 2902.7858430700244 2903.218469140128 2902.0581780189846 2904.784914392927 nan 0.0 nan 0.0 0
532 nan 0.0 0.2 -1.0 1.0 2906.365340512147 2906.3664737391414 2908.994927091562 2905.8254245098665 2910.5318705733953 nan 0.0 nan 0.0 0
533 nan 0.25 0.2 -1.0 1.0 2912.418039208498 2912.4190724448754 2912.5222627617504 2911.651377816779 2914.081886085954 nan 0.0 nan 0.0 0
534 nan 0.125 0.2 -1.0 1.0 2915.8010217577607 2915.8020549941375 2916.1630211219667 2915.1129863213087 2917.715230020065 nan 0.0 nan 0.0 0
535 0.25 nan 0.2 -1.0 -1.0 2919.317358460065 2919.318358366236 2921.258009687474 2918.77584260791 2923.8150915856077 nan 0.0 nan 0.0 0
536 1.0 nan 0.2 1.0 1.0 2925.6509974603373 2925.6519973665086 2926.0437939346184 2924.9172996420643 2927.617634683528 nan 0.0 nan 0.0 0
537 0.0 nan 0.2 -1.0 -1.0 2929.1651343690646 2929.1659676242075 2937.519217109214 2928.675147014936 2940.100157976318 nan 0.0 nan 0.0 0
538 nan 0.25 0.2 -1.0 1.0 2941.7649853634603 2941.7658519488086 2944.3750737725354 2941.2507669497813 2945.951114492553 nan 0.0 nan 0.0 0
539 nan 1.0 0.2 -1.0 1.0 2947.664898396841 2947.665798312395 2947.879811563253 2947.04412331551 2949.451053037726 nan 0.0 nan 0.0 0
540 0.125 nan 0.2 -1.0 -1.0 2952.8647437895092 2952.8657436956805 2957.3023940380226 2950.528663001568 2959.848243033367 nan 0.0 nan 0.0 0
541 0.0 nan 0.2 -1.0 -1.0 2961.4678364965102 2961.4690030537104 2967.9829584668687 2960.964650380921 2970.5499396989467 nan 0.0 nan 0.0 0
542 nan 0.125 0.2 1.0 -1.0 2972.347882206525 2972.348915442902 2972.858600948605 2971.6497477177436 2975.4344839999585 nan 0.0 nan 0.0 0
543 nan 0.0625 0.2 1.0 -1.0 2977.0312427315257 2977.032209307491 2977.3812098914705 2976.506291991608 2979.9508278430635 nan 0.0 nan 0.0 0
544 nan 0.25 0.2 -1.0 1.0 2981.631244412048 2981.6322443182194 2981.7594657134105 2981.010935953597 2983.3332689988715 nan 0.0 nan 0.0 0
545 nan 0.125 0.2 -1.0 1.0 2985.3311638873975 2985.3321637935687 2985.6887969946556 2984.4404808002346 2987.266306133378 nan 0.0 nan 0.0 0
546 nan 0.125 0.2 -1.0 1.0 2988.881130767262 2988.8821306734335 2989.225631773471 2988.362212794578 2990.781344870275 nan 0.0 nan 0.0 0
547 nan 0.25 0.2 -1.0 1.0 2992.3830688207 2992.384102057077 2992.6941729607884 2991.821954807588 2994.247885173517 nan 0.0 nan 0.0 0
548 nan 0.0 0.2 -1.0 1.0 2995.8837736565265 2995.8847402324923 2996.5128146288735 2995.3100941558623 2998.064527978459 nan 0.0 nan 0.0 0
549 nan 0.0625 0.2 -1.0 1.0 3000.33385607177 3000.334689326912 3001.0764530549673 2999.743844770308 3002.6507672870857 nan 0.0 nan 0.0 0
550 nan 0.0 0.2 -1.0 1.0 3004.314249228161 3004.3153157947436 3005.024482581615 3003.6948740154694 3006.5810986938204 nan 0.0 nan 0.0 0
551 nan 0.25 0.2 -1.0 1.0 3008.2170496656613 3008.2179495812156 3008.536119724914 3007.6282049213996 3010.10073172099 nan 0.0 nan 0.0 0
552 nan 0.125 0.2 -1.0 1.0 3011.8976042914937 3011.898604197665 3012.354361430531 3011.1583403288673 3013.914173980354 nan 0.0 nan 0.0 0
553 1.0 nan 0.8 1.0 1.0 3015.5506614976166 3015.551561413171 3015.885896706638 3014.965683057217 3017.467109790846 nan 0.0 nan 0.0 0
554 0.125 nan 0.8 -1.0 -1.0 3019.1640557589453 3019.1651889859395 3019.924517732403 3018.491018915063 3022.4997639960825 nan 0.0 nan 0.0 0
555 0.25 nan 0.8 1.0 1.0 3024.1473548051217 3024.1485546925273 3024.8881852874165 3023.5905737187522 3026.44759520934 nan 0.0 nan 0.0 0
556 0.0 nan 0.8 -1.0 -1.0 3028.3326287360064 3028.333795293206 3037.8027067539115 3027.5742998957144 3040.3667453709527 nan 0.0 nan 0.0 0
557 1.0 nan 0.8 1.0 1.0 3042.230524591741 3042.231324516678 3043.540868298986 3041.5363563974383 3045.1165798506995 nan 0.0 nan 0.0 0
558 0.0625 nan 0.8 -1.0 -1.0 3046.89712002327 3046.8979532784124 3050.2766029009326 3046.2109844085435 3052.8493494309987 nan 0.0 nan 0.0 0
559 1.0 nan 0.8 1.0 1.0 3056.2138457647075 3056.2148790010842 3056.4969858622057 3053.9627570013245 3058.0668144175534 nan 0.0 nan 0.0 0
560 0.25 nan 0.8 1.0 1.0 3060.280497493474 3060.281497399645 3061.016128463678 3059.253927157635 3062.5823446809904 nan 0.0 nan 0.0 0
561 nan 0.0 0.8 -1.0 1.0 3064.2802888295873 3064.2811554149357 3066.4456856340926 3063.666646412278 3067.997091544263 nan 0.0 nan 0.0 0
562 0.0625 nan 0.8 -1.0 -1.0 3069.7322438982387 3069.733110483587 3076.883706155994 3069.128500552025 3079.430314991165 nan 0.0 nan 0.0 0
563 nan 0.25 0.8 -1.0 1.0 3081.0990439324282 3081.100010508394 3081.434345801861 3080.5841255844293 3082.9803537302905 nan 0.0 nan 0.0 0
564 0.25 nan 0.8 1.0 1.0 3084.699706055176 3084.700639300936 3085.027475298119 3084.08456377861 3086.5996871970588 nan 0.0 nan 0.0 0
565 1.0 nan 0.8 1.0 1.0 3088.2636049610273 3088.264638197404 3088.5958071213295 3087.6766933686968 3090.1470210931475 nan 0.0 nan 0.0 0
566 0.0 nan 0.8 -1.0 -1.0 3091.682617462661 3091.6835840386266 3094.360232868503 3091.19792961124 3096.9134777806225 nan 0.0 nan 0.0 0
567 1.0 nan 0.8 1.0 1.0 3098.5816034121704 3098.58253665793 3098.860910536012 3098.0761841727985 3100.4134170251978 nan 0.0 nan 0.0 0
568 1.0 nan 0.8 1.0 1.0 3102.116205067203 3102.1171716431686 3102.3571491242737 3101.5061289819046 3103.9163541959356 nan 0.0 nan 0.0 0
569 0.25 nan 0.8 1.0 1.0 3105.563281602044 3105.564148187392 3105.897983527774 3105.049863113302 3107.4466950369597 nan 0.0 nan 0.0 0
570 0.0 nan 0.8 -1.0 -1.0 3109.1981405158494 3109.199173752226 3110.4397906691283 3108.5079052858205 3112.9996422971767 nan 0.0 nan 0.0 0
571 nan 0.125 0.8 -1.0 1.0 3114.5966672647487 3114.5977338313314 3114.9373686275067 3114.0859485226692 3116.4993772941953 nan 0.0 nan 0.0 0
572 0.125 nan 0.8 1.0 1.0 3118.2632232041838 3118.264056459326 3118.6395878870503 3117.594185984986 3120.1994240966114 nan 0.0 nan 0.0 0
573 0.25 nan 0.8 1.0 1.0 3121.779793217928 3121.780693133482 3122.1237276106394 3121.317536594949 3123.6823455246017 nan 0.0 nan 0.0 0
574 nan 0.125 0.8 -1.0 1.0 3125.263233007197 3125.2643329039856 3125.7548868716112 3124.7669462441895 3127.3158869279364 nan 0.0 nan 0.0 0
575 nan 0.125 0.8 -1.0 1.0 3129.0131477911104 3129.013981046253 3129.495002575046 3128.4362019302866 3131.0659160999094 nan 0.0 nan 0.0 0
576 0.125 nan 0.8 -1.0 -1.0 3132.6297084219814 3132.6306083375357 3133.8312623377924 3132.1600191631296 3136.396574481637 nan 0.0 nan 0.0 0
577 nan 0.0 0.8 -1.0 1.0 3138.032601427829 3138.0335680037947 3140.750013099287 3137.494085294188 3142.296322653224 nan 0.0 nan 0.0 0
578 0.125 nan 0.8 1.0 1.0 3144.76596958517 3144.766869500724 3145.4126755665425 3143.425228730318 3146.998973220612 nan 0.0 nan 0.0 0
579 nan 0.0625 0.8 -1.0 1.0 3148.6629372366715 3148.663837152226 3149.110095276464 3148.154384957963 3150.6991234508014 nan 0.0 nan 0.0 0
580 1.0 nan 0.8 1.0 1.0 3152.3629233724323 3152.3637899577807 3152.6872262739817 3151.8612371161 3154.246366269384 nan 0.0 nan 0.0 0
581 0.0625 nan 0.8 -1.0 -1.0 3155.9981822487066 3155.9991154944664 3160.215086544809 3155.3598754791724 3162.799128845776 nan 0.0 nan 0.0 0
582 0.25 nan 0.8 1.0 1.0 3164.5294483624048 3164.5303816081646 3165.025668465001 3163.964234733991 3166.5794688037986 nan 0.0 nan 0.0 0
583 nan 1.0 0.8 -1.0 1.0 3168.265697761977 3168.266664337943 3168.559903487771 3167.743680080162 3170.112798071913 nan 0.0 nan 0.0 0
584 0.125 nan 0.8 -1.0 -1.0 3171.9657505581495 3171.966650473704 3172.161298875045 3171.394304181268 3174.748643657146 nan 0.0 nan 0.0 0
585 0.0625 nan 0.8 -1.0 -1.0 3176.396068161407 3176.3969347467555 3177.36194419265 3175.847852937905 3179.9480131270875 nan 0.0 nan 0.0 0
586 1.0 nan 0.8 1.0 1.0 3181.596046874898 3181.5969134602465 3181.981410713306 3181.095927138234 3183.545949941345 nan 0.0 nan 0.0 0
587 1.0 nan 0.8 1.0 1.0 3185.265302560995 3185.2662024765496 3185.5451429681284 3184.679157563396 3187.0958807512948 nan 0.0 nan 0.0 0
588 0.125 nan 0.8 -1.0 -1.0 3189.315389177524 3189.3165224045183 3189.8031767380758 3188.262487979175 3192.362522409438 nan 0.0 nan 0.0 0
589 nan 0.0625 0.8 -1.0 1.0 3194.1977643608134 3194.198830927396 3194.534732740532 3193.5168282581776 3196.1144653244746 nan 0.0 nan 0.0 0
590 0.125 nan 0.8 -1.0 -1.0 3197.76239653119 3197.7634630977727 3201.391089356939 3197.247478183191 3203.9458335773447 nan 0.0 nan 0.0 0
591 0.0625 nan 0.8 -1.0 -1.0 3205.681986709716 3205.6833865783556 3208.094027036468 3205.093841899774 3210.6654014863666 nan 0.0 nan 0.0 0
592 0.25 nan 0.8 1.0 1.0 3213.27900715739 3213.2800070635612 3213.7159328240296 3211.823010451196 3215.2623599569133 nan 0.0 nan 0.0 0
593 0.25 nan 0.8 -1.0 -1.0 3217.5477732535755 3217.548639838924 3217.9972977379734 3216.480273425126 3220.5457116904595 nan 0.0 nan 0.0 0
594 1.0 nan 0.8 1.0 1.0 3224.3146049374486 3224.315571513414 3224.6888364871497 3221.6829185550737 3226.245564718438 nan 0.0 nan 0.0 0
595 1.0 nan 0.8 1.0 1.0 3228.7481889008654 3228.749255467448 3229.1280865855374 3227.491373503989 3230.678792748087 nan 0.0 nan 0.0 0
596 nan 1.0 0.8 -1.0 1.0 3234.1313504249333 3234.1324836519275 3234.409424331164 3231.8612967745016 3235.9814535655923 nan 0.0 nan 0.0 0
597 0.25 nan 0.8 -1.0 -1.0 3237.7620097328195 3237.7631429598136 3239.7167929674492 3237.15986623648 3242.298322025154 nan 0.0 nan 0.0 0
598 0.0625 nan 0.8 -1.0 -1.0 3244.7453544329783 3244.746420999561 3245.918411022908 3244.1940395003453 3248.498084900457 nan 0.0 nan 0.0 0
599 0.0625 nan 0.8 -1.0 -1.0 3250.395324253747 3250.396357490124 3254.997659048669 3249.6468944845506 3257.5453637934793 nan 0.0 nan 0.0 0
600 1.0 nan 0.8 1.0 1.0 3259.4811049998266 3259.481971585175 3259.9333958912985 3258.7748712710577 3261.5140992718016 nan 0.0 nan 0.0 0
601 0.0 nan 0.8 -1.0 -1.0 3263.195156482397 3263.1962563791853 3266.5459087227387 3262.659706727681 3269.095081984948 nan 0.0 nan 0.0 0
602 1.0 nan 0.8 1.0 1.0 3271.0479862588877 3271.048886174442 3271.352890980714 3270.273992221912 3272.930524837397 nan 0.0 nan 0.0 0
603 nan 0.25 0.8 -1.0 1.0 3274.9284221283574 3274.9295220251456 3278.7334650725134 3274.0840346969244 3280.2784027804755 nan 0.0 nan 0.0 0
604 0.25 nan 0.8 1.0 1.0 3282.6480644028347 3282.649097639212 3283.427224621695 3281.4219127952106 3284.9783308217907 nan 0.0 nan 0.0 0
605 0.0625 nan 0.8 -1.0 -1.0 3286.9303625625384 3286.931429129121 3287.1907381295377 3286.177333224954 3289.744977713305 nan 0.0 nan 0.0 0
606 0.25 nan 0.8 -1.0 -1.0 3291.6302881997767 3291.631388096565 3291.7220462560936 3290.908689246176 3294.2967181824947 nan 0.0 nan 0.0 0
607 0.125 nan 0.8 -1.0 -1.0 3296.0447406251164 3296.0456738708763 3301.6292832520785 3295.4801269404056 3304.1972161272156 nan 0.0 nan 0.0 0
608 0.25 nan 0.8 1.0 1.0 3305.9447449664626 3305.9459448538682 3306.6523452336655 3305.4410255675816 3308.2114712804673 nan 0.0 nan 0.0 0
609 nan 0.0625 0.8 -1.0 1.0 3309.91367253209 3309.914572447644 3329.429074588232 3309.4072867167524 3330.9779899068053 nan 0.0 nan 0.0 0
610 0.0625 nan 0.8 -1.0 -1.0 3333.0796653591324 3333.080698595509 3333.574352272266 3332.3582997169715 3336.1471298838756 nan 0.0 nan 0.0 0
611 0.0 nan 0.8 -1.0 -1.0 3337.9943708419596 3337.995337417925 3340.0433119077175 3337.2856373477625 3342.613913117741 nan 0.0 nan 0.0 0
612 1.0 nan 0.8 1.0 1.0 3344.3610400760895 3344.361939991644 3344.784433679212 3343.7862273484316 3346.3277393585317 nan 0.0 nan 0.0 0
613 0.0625 nan 0.8 -1.0 -1.0 3348.3298676511 3348.3309342176826 3365.3147738294 3347.551440696765 3367.860964676397 nan 0.0 nan 0.0 0
614 1.0 nan 0.8 1.0 1.0 3369.729159594329 3369.730426142146 3370.1855834313083 3369.1866771662085 3371.746989488574 nan 0.0 nan 0.0 0
615 nan 0.125 0.8 -1.0 1.0 3375.8273540214727 3375.8283872578495 3376.3128417978305 3372.943391312086 3377.880141013605 nan 0.0 nan 0.0 0
616 0.25 nan 0.8 1.0 1.0 3379.610565680889 3379.6116989078832 3380.2460727131433 3379.074549312676 3381.8107755348683 nan 0.0 nan 0.0 0
617 nan 1.0 0.8 -1.0 1.0 3389.1469374779495 3389.1479373841207 3389.410879376959 3382.9836824892614 3390.977267320554 nan 0.0 nan 0.0 0
618 0.0 nan 0.8 -1.0 -1.0 3395.795880224229 3395.7968801304005 3400.713518765159 3392.262278475368 3403.277312800973 nan 0.0 nan 0.0 0
619 0.0 nan 0.8 -1.0 -1.0 3405.03001371592 3405.03118027312 3407.717828164709 3404.543726014625 3410.277071440303 nan 0.0 nan 0.0 0
620 0.125 nan 0.8 -1.0 -1.0 3411.9457314286956 3411.946797995278 3413.2531087476327 3411.4462782961455 3415.8104339994484 nan 0.0 nan 0.0 0
621 0.0625 nan 0.8 -1.0 -1.0 3418.1630146808375 3418.16408124742 3423.562707986937 3417.086848998904 3426.146340610862 nan 0.0 nan 0.0 0
622 1.0 nan 0.8 1.0 1.0 3427.9601953375713 3427.9609952625083 3428.5390410201203 3427.368750837264 3430.0936736519066 nan 0.0 nan 0.0 0
623 nan 1.0 0.8 -1.0 1.0 3431.995350021942 3431.996283267702 3432.3866799671723 3431.3149805328035 3433.9435106965643 nan 0.0 nan 0.0 0
624 nan 1.0 0.8 -1.0 1.0 3435.646007453254 3435.6469740292196 3436.0022073616665 3435.140821525322 3437.5789382021894 nan 0.0 nan 0.0 0
625 nan 0.0 0.8 -1.0 1.0 3439.8101167035134 3439.8112166003016 3440.7505617877996 3438.8227426895887 3442.3286934922603 nan 0.0 nan 0.0 0
626 0.25 nan 0.8 -1.0 -1.0 3444.126778305303 3444.1278782020913 3444.8882068547264 3443.47510612328 3447.443346666697 nan 0.0 nan 0.0 0
627 0.0625 nan 0.8 -1.0 -1.0 3450.4287202799464 3450.4298201767347 3453.3627782885133 3448.628455878984 3455.946315802383 nan 0.0 nan 0.0 0
628 0.0625 nan 0.8 -1.0 -1.0 3457.7098703681154 3457.7107702836697 3459.264757794648 3457.145823296901 3461.8462875854198 nan 0.0 nan 0.0 0
629 0.0 nan 0.8 -1.0 -1.0 3463.709907339446 3463.7110405664403 3465.968695380348 3463.0599016677083 3468.544839780347 nan 0.0 nan 0.0 0
630 nan 0.0625 0.2 -1.0 1.0 3470.393246858018 3470.3943134246006 3475.8267036625007 3469.7085444421373 3477.3766321371277 nan 0.0 nan 0.0 0
631 nan 0.125 0.2 -1.0 1.0 3482.3959538869303 3482.39688713269 3482.7606863280043 3478.597843625562 3484.3098107322335 nan 0.0 nan 0.0 0
632 nan 0.125 0.2 -1.0 1.0 3488.2281066121045 3488.2291731786872 3488.579740282335 3485.575822162602 3490.143044482615 nan 0.0 nan 0.0 0
633 0.0625 nan 0.2 -1.0 -1.0 3494.445123222601 3494.4461231287723 3495.0191026951165 3491.343947562609 3497.576233194585 nan 0.0 nan 0.0 0
634 nan 0.125 0.2 -1.0 1.0 3501.162026258322 3501.163059494699 3501.618083463039 3498.791548698089 3503.176280279656 nan 0.0 nan 0.0 0
635 nan 0.125 0.2 -1.0 1.0 3505.979140898833 3505.9800074841814 3506.3106097946097 3504.422486971398 3507.8792372148264 nan 0.0 nan 0.0 0
636 1.0 nan 0.2 1.0 1.0 3509.7593528397356 3509.7603194157014 3510.164748131775 3509.0641514090566 3511.745081199694 nan 0.0 nan 0.0 0
637 0.25 nan 0.2 1.0 1.0 3513.4092436763162 3513.410276912693 3515.4004901559915 3512.902791200567 3516.9792179854508 nan 0.0 nan 0.0 0
638 0.0625 nan 0.2 -1.0 -1.0 3518.992753066901 3518.9939196241007 3519.9958922681258 3518.2405236542536 3522.5623608847814 nan 0.0 nan 0.0 0
639 nan 1.0 0.2 -1.0 1.0 3525.742586345862 3525.743519591622 3526.0652227371256 3523.8064680264297 3527.628518105781 nan 0.0 nan 0.0 0
640 nan 0.0625 0.2 -1.0 1.0 3529.409108955091 3529.4101421914684 3530.3895502862288 3528.821130796178 3531.9610549952768 nan 0.0 nan 0.0 0
641 nan 0.25 0.2 -1.0 1.0 3533.6757752483177 3533.676775154489 3533.939183864036 3533.111861497926 3535.511984602897 nan 0.0 nan 0.0 0
642 nan 0.0625 0.2 -1.0 1.0 3537.1425166045265 3537.143416520081 3537.701230842827 3536.6747938278118 3539.259323997119 nan 0.0 nan 0.0 0
643 nan 0.0 0.2 -1.0 1.0 3541.1112775191255 3541.112410746119 3543.6127761180005 3540.4798367719673 3545.1592044653976 nan 0.0 nan 0.0 0
644 nan 0.0 0.2 -1.0 1.0 3547.0442541165694 3547.0453540133576 3548.292237008933 3546.3600183235685 3549.8608403775124 nan 0.0 nan 0.0 0
645 nan 0.25 0.2 -1.0 1.0 3553.4754172987464 3553.476283884095 3556.969122791374 3551.050444852179 3558.5258156962063 nan 0.0 nan 0.0 0
646 0.25 nan 0.2 -1.0 -1.0 3560.910919569554 3560.91188614552 3565.3085402410115 3559.784325286383 3567.878203952067 nan 0.0 nan 0.0 0
647 nan 1.0 0.2 -1.0 1.0 3569.8088179460524 3569.8098178522237 3570.143353220754 3569.1413139163174 3571.7117419092338 nan 0.0 nan 0.0 0
648 nan 1.0 0.2 -1.0 1.0 3574.125446217636 3574.1264461238075 3574.46548097628 3573.6306593138856 3576.0089018932595 nan 0.0 nan 0.0 0
649 nan 0.0625 0.2 -1.0 1.0 3577.995083100456 3577.9960830066275 3578.329418393924 3577.2465200104366 3579.894051387544 nan 0.0 nan 0.0 0
650 nan 0.25 0.2 -1.0 1.0 3583.2088271889047 3583.209727104459 3583.5378629796646 3581.062661913094 3585.0944936401684 nan 0.0 nan 0.0 0
651 nan 0.0 0.8 -1.0 1.0 3586.7920576140673 3586.7930241900326 3596.582805541099 3586.3322007658994 3598.1612281356274 nan 0.0 nan 0.0 0
652 0.125 nan 0.8 -1.0 -1.0 3599.975153878165 3599.976253774954 3608.30083928305 3599.4279385608343 3610.8606565371056 nan 0.0 nan 0.0 0
653 1.0 nan 0.8 1.0 1.0 3614.8249937391556 3614.82612696615 3615.132498217027 3612.2518685282116 3616.691815105439 nan 0.0 nan 0.0 0
654 0.25 nan 0.8 -1.0 -1.0 3621.027478379963 3621.028378295517 3621.9463921513616 3618.037525616422 3624.527389375356 nan 0.0 nan 0.0 0
655 nan 1.0 0.8 -1.0 1.0 3626.54152762185 3626.5423275467874 3626.8554981596294 3625.779799100576 3628.44452604809 nan 0.0 nan 0.0 0
