NYU-12 032ffcdf-7692-40b3-b9ff-8def1fc18b2e angelakilab 2026-07-28T16:01:20.797097 _iblrig_tasks_ephysChoiceWorld6.2.5 F 361 581
0 1.0 nan 0.5 1.0 1.0 216.9601675143506 216.85303109979264 217.3263129311283 205.96764497944417 218.91020581917698 216.99597565290802 -1.0 217.27245672273494 -1.0 2
1 nan 0.125 0.5 -1.0 1.0 219.7650103675217 219.7659703712364 219.9952192583012 219.26590443626125 221.5766892873998 219.73726626016756 1.0 219.73726626016756 1.0 1
2 0.25 nan 0.5 1.0 1.0 222.53010906690523 222.53097307024842 222.8818544279628 221.99548299820174 224.4598740557745 222.36316442092294 -1.0 222.72729382989982 -1.0 2
3 nan 1.0 0.5 -1.0 1.0 225.43172029451577 225.432584297859 226.04449066559397 224.88288617083506 227.63131016237318 225.58186487549122 1.0 225.9300582228045 1.0 2
4 0.0 nan 0.5 -1.0 -1.0 232.49321961856373 232.49427562264987 232.72429251268642 228.06741049316085 235.29869648241336 232.62963614641927 1.0 232.62963614641927 1.0 1
5 nan 0.0 0.5 -1.0 1.0 236.29320232236878 236.29425832645492 236.50929915854252 235.78219234504635 238.08208744999706 236.38152266411905 1.0 236.38152266411905 1.0 1
6 nan 1.0 0.5 -1.0 1.0 242.32615366651203 242.3272096705982 242.56605859480976 238.52108294301917 244.12637435434587 242.44241011635938 1.0 242.44241011635938 1.0 1
7 nan 0.125 0.5 -1.0 1.0 247.41561335987095 247.41647736321417 247.67788637472066 244.56977834808313 249.24298483955522 247.54262185132268 1.0 247.54262185132268 1.0 1
8 1.0 nan 0.5 1.0 1.0 250.98154715803784 250.9825071617525 251.2064760283866 249.69418217665628 252.78116803237265 251.08311555105064 -1.0 251.08311555105064 -1.0 1
9 nan 0.125 0.5 -1.0 1.0 253.69288564939944 253.69374965274264 254.0019108451539 253.2109637846317 255.56332630605496 253.81624612673542 1.0 253.81624612673542 1.0 1
10 nan 0.25 0.5 -1.0 1.0 257.9263100303811 257.9270780333528 258.1617029412198 256.01033461662917 259.74898076986386 257.9387900786719 1.0 258.05879054300647 1.0 2
11 0.0 nan 0.5 -1.0 -1.0 262.5758960216751 262.5767600250183 262.8693691572518 260.18078275392804 265.4482731369303 262.7258486019076 1.0 262.7258486019076 1.0 1
12 0.0 nan 0.5 -1.0 -1.0 267.22596201482645 267.2270180189126 267.6080434932678 265.9272689896117 270.1817175021532 267.3794666088033 1.0 267.5883634171169 1.0 2
13 1.0 nan 0.5 1.0 1.0 271.4592903954366 271.4603463995228 271.73452346043445 270.61371912354934 273.298042835614 271.53676269521105 1.0 271.6150989983287 -1.0 2
14 nan 0.0 0.5 1.0 -1.0 277.70939457983974 277.71025858318296 278.5096536763943 273.73344319513444 281.08188592473607 278.1728843732857 1.0 278.1728843732857 1.0 1
15 0.125 nan 0.5 1.0 1.0 282.5926454752861 282.59360547900076 282.85271048159206 281.5403854036289 284.40912372637433 282.69315786421276 1.0 282.69315786421276 1.0 1
16 0.25 nan 0.5 1.0 1.0 290.664068707174 290.6648367101458 290.97549391221514 284.85652623523686 292.54732126562567 290.71149289067904 -1.0 290.71149289067904 -1.0 1
17 nan 0.125 0.5 -1.0 1.0 294.0757299083923 294.0764979113641 294.27963469738967 293.01031778584405 295.84696580880967 294.0740019017059 1.0 294.0740019017059 1.0 1
18 1.0 nan 0.5 1.0 1.0 299.09222931943583 299.0931893231505 299.50608692083296 296.34297068134447 301.0644517919079 299.39290248287256 -1.0 299.39290248287256 -1.0 1
19 nan 0.0625 0.5 1.0 -1.0 302.15905718634224 302.1601131904284 302.48277043893125 301.5160466982517 305.03087745842464 302.13707310127614 1.0 302.3239858245237 -1.0 2
20 nan 0.25 0.5 -1.0 1.0 306.62566646961886 306.626722473705 306.9852838611368 305.487678066241 308.542313854586 306.8810274577229 1.0 306.8810274577229 1.0 1
21 nan 0.25 0.5 -1.0 1.0 309.98011144944246 309.98107145315714 310.3731369702311 308.98391559472236 311.9470151604014 310.18699224995527 1.0 310.18699224995527 1.0 1
22 nan 0.125 0.5 -1.0 1.0 313.80860626357344 313.8096622676596 314.05734322604616 312.3947127925975 315.6254916306708 313.81926230480633 1.0 313.97689491475626 1.0 2
23 nan 0.0 0.5 -1.0 1.0 320.7799612388132 320.78101724289934 324.46013547902663 316.0673990038364 326.0307870463962 320.7235130203902 1.0 324.4298953620143 1.0 4
24 0.0625 nan 0.5 1.0 1.0 327.52542733998956 327.5262913433328 327.7985483968151 326.4943833504267 329.36404185038634 327.68430795476854 -1.0 327.68430795476854 -1.0 1
25 0.25 nan 0.5 1.0 1.0 331.57510700998205 331.5758750129538 331.80147588590285 329.85554835625305 333.3639075728175 331.68589143865574 -1.0 331.68589143865574 -1.0 1
26 nan 0.0625 0.5 -1.0 1.0 334.4085579738506 334.4096139779367 335.2564332546531 333.80481163769036 336.82517416345144 334.42948605483053 1.0 335.1304807672875 1.0 3
27 nan 0.0625 0.5 -1.0 1.0 337.9966678578265 337.9975318611697 341.44336919463046 337.27906508110556 343.00875697207243 338.2362847850098 1.0 341.41821709730596 1.0 7
28 nan 1.0 0.5 -1.0 1.0 346.3470681691995 346.3481241732856 346.61058918887824 343.4621610062243 348.17518224297714 346.5102688006945 1.0 346.5102688006945 1.0 1
29 0.25 nan 0.5 1.0 1.0 349.2137352615958 349.2147912656819 349.3483277823934 348.629381000472 350.9084693363296 349.2255433072863 -1.0 349.2255433072863 -1.0 1
30 nan 0.0625 0.5 1.0 -1.0 352.1469306114192 352.1477946147624 352.4341637228505 351.34686351560754 354.99178773733166 352.1115064743476 1.0 352.2876671559908 -1.0 2
31 nan 0.0625 0.5 -1.0 1.0 356.0965778943424 356.09772989879997 356.354530892476 355.44348736724777 357.93079331664535 356.1436180763615 1.0 356.1436180763615 1.0 1
32 nan 1.0 0.5 -1.0 1.0 359.25844612900175 359.25940613271644 359.538479212573 358.4244909020621 361.11334556155236 359.41147072112125 1.0 359.41147072112125 1.0 1
33 nan 1.0 0.5 -1.0 1.0 363.0248287027932 363.02578870650785 363.23660552225084 361.55295100745076 364.80848064443245 363.13321312218017 1.0 363.13321312218017 1.0 1
34 1.0 nan 0.5 1.0 1.0 367.0636603308098 367.064716334896 367.2965572319904 365.2629813631906 368.8634053839672 367.18270079142974 -1.0 367.18270079142974 -1.0 1
35 nan 0.25 0.5 -1.0 1.0 370.7915467556427 370.7923147586144 371.02828367168195 369.3260050848171 372.59717862845196 370.805370809134 1.0 370.805370809134 1.0 1
36 nan 0.125 0.5 -1.0 1.0 373.5582774613411 373.5593334654273 373.7603582432806 373.05437151150727 375.32907327602976 373.65418183243736 1.0 373.65418183243736 1.0 1
37 0.0 nan 0.5 -1.0 -1.0 376.64152139176855 376.64228939474026 376.8933303661282 375.77387003444363 379.45802899192444 376.7877299575138 1.0 376.7877299575138 1.0 1
38 0.0625 nan 0.5 1.0 1.0 382.23047101787375 382.2316230223314 382.5364242017413 379.9151340588163 384.1081710764942 382.4022156824294 -1.0 382.4022156824294 -1.0 1
39 0.25 nan 0.5 1.0 1.0 386.1637982376474 386.1649502421051 386.3667430229301 384.6282722960219 387.9246266279037 386.2346465117906 -1.0 386.2346465117906 -1.0 1
40 0.0625 nan 0.5 -1.0 -1.0 389.1468177802626 389.14787378434875 389.4199388370881 388.3880308441821 391.9746755507057 388.9563530432707 1.0 389.25472219779226 1.0 2
41 nan 0.125 0.5 -1.0 1.0 393.8953801545398 393.89624415788296 394.13605308580924 392.4195664439672 395.6912337792634 393.89346014711043 1.0 393.89346014711043 1.0 1
42 0.0625 nan 0.5 1.0 1.0 398.46365383120065 398.46451783454387 398.7638469927801 396.1549408977745 400.3462032809768 398.61936643372127 -1.0 398.61936643372127 -1.0 1
43 0.0 nan 0.5 1.0 1.0 401.391281159479 401.39214516282215 401.7086583875511 400.8050068909259 403.2963992800264 401.37649710227294 1.0 401.37649710227294 1.0 1
44 1.0 nan 0.5 1.0 1.0 404.44102096026415 404.44217296472175 404.7524461653053 403.75759431578575 406.324730967657 404.6463657548335 -1.0 404.6463657548335 -1.0 1
45 1.0 nan 0.5 1.0 1.0 408.87921413358634 408.8800781369295 409.1231510774857 406.78813404227736 410.70791701816245 408.99556658380516 -1.0 408.99556658380516 -1.0 1
46 0.25 nan 0.5 1.0 1.0 412.4465879373252 412.44745194066843 412.74476509110383 411.2435112820923 414.3246296953333 412.5886684870974 -1.0 412.5886684870974 -1.0 1
47 nan 0.0 0.5 1.0 -1.0 417.44599928224744 417.4470552863336 417.8086886856523 414.77382894244465 420.3911462834801 417.3983830979995 -1.0 417.64481605155703 -1.0 2
48 nan 1.0 0.5 -1.0 1.0 426.746707270779 426.74766727449366 426.9790281697307 420.85084445709157 428.5409998067175 426.8759237707745 1.0 426.8759237707745 1.0 1
49 0.0625 nan 0.5 1.0 1.0 429.7962550708212 429.7973110749074 430.0203199378268 429.0199000667621 431.578526517342 429.9240315652447 -1.0 429.9240315652447 -1.0 1
50 0.125 nan 0.5 1.0 1.0 435.7741982021135 435.77525420619963 436.0185191474987 432.0411277572214 437.574318452123 435.90111069319374 -1.0 435.90111069319374 -1.0 1
51 0.0625 nan 0.5 1.0 1.0 438.9791706035619 438.9799386065336 439.48096454522346 438.05142301369824 441.045879793272 439.0023066930856 1.0 439.3584680712307 -1.0 3
52 0.125 nan 0.5 1.0 1.0 445.75727683103725 445.7582368347519 446.11881422998454 441.5738686435903 447.6964759952323 446.0065897957388 -1.0 446.0065897957388 -1.0 1
53 nan 0.25 0.5 -1.0 1.0 449.12381785766576 449.1248738617519 449.4414830868523 448.1717821738208 451.0296755565362 449.28413847801676 1.0 449.28413847801676 1.0 1
54 0.125 nan 0.5 1.0 1.0 452.1240214667736 452.1251734712312 452.34904633749386 451.48917101025785 453.923853158152 452.18546170451293 1.0 452.18546170451293 1.0 1
55 nan 0.0625 0.5 -1.0 1.0 465.59546559371836 465.59642559743304 467.277584102575 454.38444621335157 468.84072444824625 466.12365963753354 1.0 467.21403185666344 1.0 3
56 0.125 nan 0.5 1.0 1.0 469.9123142975054 469.91337030159156 470.4669084434742 469.367224188312 472.0292340891597 470.30485981643676 -1.0 470.30485981643676 -1.0 1
57 0.25 nan 0.5 1.0 1.0 473.10711065957827 473.10807066329295 473.4892881383911 472.4993323078164 475.0570061361601 473.2746313077894 -1.0 473.2746313077894 -1.0 1
58 0.125 nan 0.5 1.0 1.0 476.54613196666486 476.54709197037954 477.07576601605206 475.52161600236184 478.6456242714182 476.9265814387913 -1.0 476.9265814387913 -1.0 1
59 nan 0.0625 0.5 1.0 -1.0 482.4902829672005 482.49133897128667 482.765036030341 479.18662218388334 485.3238860245408 482.6195954675675 -1.0 482.6195954675675 -1.0 1
60 1.0 nan 0.5 1.0 1.0 487.07900472298405 487.0799647266987 487.3276456850853 485.80488779286503 488.8904853960906 487.1646370543332 -1.0 487.1646370543332 -1.0 1
61 0.0625 nan 0.5 1.0 1.0 491.12945239594825 491.13022039892 491.3571652770696 489.3645815668865 492.9070194259688 491.0832762172723 -1.0 491.21652473286946 1.0 2
62 nan 0.0 0.5 1.0 -1.0 494.2286323880393 494.22959239175395 494.49954543632106 493.38402111986665 497.06261255060923 494.3637049106943 -1.0 494.3637049106943 -1.0 1
63 1.0 nan 0.5 1.0 1.0 499.24004377939497 499.2411957838526 499.5019327927588 497.536709188444 501.0570750428363 499.3668602701038 -1.0 499.3668602701038 -1.0 1
64 0.0625 nan 0.5 1.0 1.0 502.7286012781589 502.72946528150214 502.99164229598034 501.5409806827323 504.55698177806937 502.7438653372223 -1.0 502.82296964331164 -1.0 2
65 0.0625 nan 0.5 1.0 1.0 506.478087786572 506.47914379065816 506.87120930773216 505.0957784378089 508.4402258779163 506.77818494777995 -1.0 506.77818494777995 -1.0 1
66 nan 0.0625 0.5 1.0 -1.0 511.04597746174704 511.04712946620464 511.29682643239204 508.9181292281659 513.8611477144964 511.06018551672423 -1.0 511.06018551672423 -1.0 1
67 nan 0.25 0.5 -1.0 1.0 514.9731606577468 514.9741206614615 515.3138659760856 514.3494462443213 516.8734849623738 515.1096731859737 -1.0 515.1096731859737 -1.0 1
68 nan 0.25 0.5 -1.0 1.0 518.0615886082334 518.0624526115766 518.2887254871259 517.3462898404277 519.8612721577754 518.1351248927776 1.0 518.1351248927776 1.0 1
69 0.125 nan 0.5 1.0 1.0 521.4400336809239 521.4410896850101 521.6866586352244 520.323165359269 523.2400727604892 521.5433300806232 -1.0 521.5433300806232 -1.0 1
70 nan 0.125 0.5 -1.0 1.0 529.3278082021942 529.3286722055374 529.565889123434 523.712170472821 531.1233471953767 529.4153605409726 1.0 529.4153605409726 1.0 1
71 nan 0.25 0.5 -1.0 1.0 538.5616999321842 538.5625639355274 538.8177329228885 531.6094490308665 540.3898784435809 538.7086765009012 1.0 538.7086765009012 1.0 1
72 nan 0.25 0.5 -1.0 1.0 541.7120481222674 541.7129121256107 542.4714110605768 540.8976769711072 544.0613374132389 541.8176485308819 1.0 542.4298428997313 1.0 2
73 0.25 nan 0.5 1.0 1.0 553.8895992425709 553.8904632459141 554.1597442878809 544.5372430541897 555.7396664561304 553.9727355642619 1.0 553.9727355642619 1.0 1
74 nan 0.125 0.5 -1.0 1.0 559.1786437082111 559.1798917130402 559.4102926045626 556.2546643940486 560.9947401338691 559.2917321458 1.0 559.2917321458 1.0 1
75 0.25 nan 0.5 1.0 1.0 562.0561588425833 562.057118846298 562.8139857749491 561.4828446241783 564.3731106218313 562.692257303928 -1.0 562.692257303928 -1.0 1
76 nan 0.125 0.5 -1.0 1.0 573.644843684304 573.6457076876471 573.8955966545775 564.8418016214608 575.4562019517869 573.8090043195136 1.0 573.8090043195136 1.0 1
77 nan 1.0 0.5 -1.0 1.0 577.8281558713794 577.8290198747227 578.0192926109715 575.9644046597059 579.5783145744089 577.9435483178836 1.0 577.9435483178836 1.0 1
78 0.125 nan 0.5 1.0 1.0 581.9393717794827 581.9403317831974 582.1818687178101 580.0542124849719 583.7452510073506 582.0885563567435 -1.0 582.0885563567435 -1.0 1
79 nan 1.0 0.5 -1.0 1.0 585.6726342251178 585.6735942288325 585.8930510780076 584.2248526230137 587.4727307751849 585.8030027295708 1.0 585.8030027295708 1.0 1
80 0.25 nan 0.5 1.0 1.0 592.5769809410731 592.5779409447878 592.8441499748677 588.0443234022267 594.4279067982992 592.715317476358 -1.0 592.715317476358 -1.0 1
81 nan 0.0625 0.5 -1.0 1.0 597.9725858190425 597.9735458227572 598.4609397086986 594.9213100123138 600.0393182359729 597.9875618769914 1.0 597.9875618769914 1.0 1
82 nan 1.0 0.5 -1.0 1.0 602.3780428656942 602.3794828712662 602.5929876974103 600.5377157446588 604.1773257541968 602.3742028508354 1.0 602.3742028508354 1.0 1
83 nan 1.0 0.5 -1.0 1.0 608.3220978658584 608.3231538699445 608.5854268847942 604.6539236720783 610.1558883971738 608.4353783041902 1.0 608.4353783041902 1.0 1
84 0.125 nan 0.5 1.0 1.0 611.910975752806 611.9121277572636 612.1996488698093 610.6408908382887 613.7770990324684 612.0575683200371 -1.0 612.0575683200371 -1.0 1
85 nan 0.0625 0.5 -1.0 1.0 614.8391790833131 614.8401390870278 615.1193081672558 614.2554968247896 616.6889392427354 615.0155317656993 1.0 615.0155317656993 1.0 1
86 0.125 nan 0.5 1.0 1.0 618.7777863235175 618.7787463272322 619.1367317124351 617.1754441233505 620.6946501669731 618.9064268212842 -1.0 618.9064268212842 -1.0 1
87 1.0 nan 0.5 1.0 1.0 623.1887153913428 623.189771395429 623.4811325228334 621.1693475775203 625.0431481757586 623.3352119582025 -1.0 623.3352119582025 -1.0 1
88 nan 0.25 0.5 -1.0 1.0 626.7389051285891 626.7400571330467 627.1083145579967 625.6242448154778 628.6767045112588 626.8806016768754 1.0 627.0861384721876 1.0 2
89 0.0625 nan 0.5 1.0 1.0 633.5889156342937 633.5899716383799 633.8777807520399 629.1606104992327 635.4611786294847 633.7285001744077 -1.0 633.7285001744077 -1.0 1
90 0.25 nan 0.2 1.0 1.0 636.8888324031236 636.8896964064669 637.1658894751794 635.9635808229182 638.7386536150751 637.0282249424947 -1.0 637.0282249424947 -1.0 1
91 nan 0.0625 0.2 -1.0 1.0 641.9932681544315 641.9943241585177 642.2132050054639 639.2167454108434 643.7939058435004 641.9291399062911 1.0 641.9291399062911 1.0 1
92 nan 0.0 0.2 -1.0 1.0 650.6886938008594 650.6895578042025 650.902102626632 644.2869090295372 652.4761663505831 650.6460696359277 1.0 650.6460696359277 1.0 1
93 nan 1.0 0.2 -1.0 1.0 654.0221146993315 654.0231707034176 654.2298595031875 652.9935667194268 655.8054008895745 654.1341471328343 1.0 654.1341471328343 1.0 1
94 nan 1.0 0.2 -1.0 1.0 657.8270894224529 657.828145426539 658.0355062289092 656.2954034956861 659.6052054353606 657.9269298087793 1.0 657.9269298087793 1.0 1
95 nan 0.0625 0.2 -1.0 1.0 668.3935623087857 668.394426312129 668.6416272686582 660.1142022722988 670.1885517855936 668.5169227861217 1.0 668.5169227861217 1.0 1
96 nan 0.125 0.2 -1.0 1.0 673.6431506217527 673.6441106254674 674.1036644036832 670.8156516809153 675.6551915344011 673.5887184111306 -1.0 674.0381921503422 1.0 2
97 nan 1.0 0.2 -1.0 1.0 678.1253119652071 678.1260799681788 678.3778889425386 676.1551923419474 679.9439241062772 678.2777605550978 1.0 678.2777605550978 1.0 1
98 nan 1.0 0.2 -1.0 1.0 681.971662848431 681.9727188525172 682.1988957276951 680.4532249729268 683.7592650430565 682.0713112340145 1.0 682.0713112340145 1.0 1
99 nan 0.25 0.2 -1.0 1.0 685.8884780043123 685.8897260091414 686.1237749147796 684.26616772688 687.6941839913833 686.030654554456 1.0 686.030654554456 1.0 1
100 nan 0.0 0.2 -1.0 1.0 690.5381599959778 690.539023999321 690.8312491300686 688.1829828827613 692.393180761521 690.4980318407044 1.0 690.7727849038448 1.0 2
101 nan 1.0 0.2 -1.0 1.0 704.3380213937135 704.3388853970567 704.5343421533648 692.9019771426264 706.093304211237 704.4325817596092 1.0 704.4325817596092 1.0 1
102 nan 0.125 0.2 -1.0 1.0 708.8381348066323 708.8391908107185 709.0721837122705 706.630606264733 710.638182080963 708.9276071528402 1.0 708.9276071528402 1.0 1
103 nan 0.125 0.2 -1.0 1.0 719.1932148749934 719.194174878708 719.5772163608641 711.1365757003115 721.1380287736423 719.3178233571584 -1.0 719.3178233571584 -1.0 1
104 nan 0.0 0.2 -1.0 1.0 724.2768185456928 724.2777785494075 727.113725522934 721.6891285327815 728.6933174745369 724.4684352871423 1.0 726.8968606837886 1.0 4
105 nan 0.25 0.2 -1.0 1.0 730.1879454184435 730.1890974229011 730.4020262468164 729.307622012085 731.9763117566089 730.260713700016 1.0 730.260713700016 1.0 1
106 0.0625 nan 0.2 -1.0 -1.0 734.3545535408837 734.3554175442268 734.6110665334453 732.4763062731186 737.1877455734493 734.304345346606 1.0 734.304345346606 1.0 1
107 nan 1.0 0.2 -1.0 1.0 738.2427605860676 738.2437205897821 738.4602974278133 737.6910464512428 740.0210683327011 738.3170648735835 1.0 738.3170648735835 1.0 1
108 nan 0.0625 0.2 -1.0 1.0 742.5922494161535 742.5933054202397 742.8193862950461 740.5251694177115 744.3710436685012 742.5253371572406 1.0 742.73068195181 1.0 2
109 1.0 nan 0.2 1.0 1.0 748.8591536655636 748.8603056700211 749.1542588074552 744.8916503135474 750.704316949947 748.9993142079063 -1.0 748.9993142079063 -1.0 1
110 nan 0.25 0.2 -1.0 1.0 753.3758751427463 753.3769311468325 753.6376681557387 751.2124107713507 755.1923493439913 753.3860511821218 1.0 753.3860511821218 1.0 1
111 nan 0.125 0.2 -1.0 1.0 757.1709618276066 757.1719218313212 757.4154747737347 755.7238522281027 758.9755781604349 757.3113143706922 1.0 757.3113143706922 1.0 1
112 nan 1.0 0.2 -1.0 1.0 761.6376671112546 761.6385311145979 761.835619877221 759.4939788163814 763.387496882116 761.7096673898553 1.0 761.7096673898553 1.0 1
113 nan 0.25 0.2 -1.0 1.0 770.5590776321174 770.5601336362034 770.9817672676895 763.9267959689014 772.5420695947869 770.6828221109391 1.0 770.6828221109391 1.0 1
114 nan 0.25 0.2 -1.0 1.0 775.0708070899838 775.0717670936984 775.3104240171671 773.1682717282373 776.8875031450463 775.2030956018663 1.0 775.2030956018663 1.0 1
115 nan 0.0 0.2 -1.0 1.0 779.5092882644203 779.5101522677636 779.7565852213211 777.4111041456229 781.3374648194028 779.6533848219933 1.0 779.6533848219933 1.0 1
116 nan 1.0 0.2 -1.0 1.0 784.1919943838707 784.1930503879569 784.3914831557805 781.8475693122585 785.976591840254 784.2146504715371 1.0 784.3007628047436 1.0 2
117 nan 0.25 0.2 -1.0 1.0 791.1705493869706 791.1714133903138 791.4777505756672 786.498691309496 793.0596233908832 791.360918123591 1.0 791.360918123591 1.0 1
118 nan 0.0625 0.2 -1.0 1.0 795.3872697033169 795.388325707403 795.9267917909652 793.6026227977327 797.5096692171762 795.7724231936452 1.0 795.7724231936452 1.0 1
119 nan 0.125 0.2 -1.0 1.0 798.5036337619006 798.5046897659868 799.2210445378786 798.0202718915608 800.7925609635922 798.7866428569873 1.0 799.0968200571994 1.0 2
120 0.0 nan 0.2 -1.0 -1.0 801.953695111706 801.9546551154207 802.3046724697919 801.301756589069 804.8584152060446 802.113823731314 1.0 802.113823731314 1.0 1
121 nan 0.0 0.2 -1.0 1.0 808.5704247147441 808.5712887180874 809.0513865757972 805.3806203719877 810.6038472162936 808.7036732303413 1.0 808.9909063417726 1.0 2
122 nan 1.0 0.2 -1.0 1.0 814.5922400157972 814.5932000195119 814.8026728300543 811.1309466225301 816.3535589148731 814.6789283512325 1.0 814.6789283512325 1.0 1
123 0.0625 nan 0.8 1.0 1.0 821.291817939412 821.2928739434981 821.8484280931816 816.8720568374116 823.4256924880174 821.3748582607316 1.0 821.3748582607316 1.0 1
124 0.25 nan 0.8 1.0 1.0 825.2868733980393 825.287833401754 825.5469384043453 824.0622926595977 827.1255767026029 825.374233736075 1.0 825.374233736075 1.0 1
125 0.0 nan 0.8 1.0 1.0 834.1034515132594 834.1044115169741 834.4594208906616 827.6415705093985 836.0417473390642 834.2838362112471 -1.0 834.2838362112471 -1.0 1
126 0.125 nan 0.8 1.0 1.0 837.220007572586 837.2210635766722 837.5864409904782 836.5853491168133 839.1587553993933 837.4220883545255 -1.0 837.4220883545255 -1.0 1
127 nan 0.0 0.8 1.0 -1.0 840.6200527288568 840.6210127325714 841.088726542362 839.6695530509553 843.6576855887389 840.947701996676 -1.0 840.947701996676 -1.0 1
128 0.0625 nan 0.8 1.0 1.0 845.1699903345674 845.1710463386536 845.3410629965227 844.1931865548838 846.9202235917758 845.133990195267 -1.0 845.133990195267 -1.0 1
129 0.0625 nan 0.8 1.0 1.0 848.1081777037072 848.1093297081648 848.4974592100085 847.4445271357511 850.0729940432823 848.2778103600905 -1.0 848.2778103600905 -1.0 1
130 0.25 nan 0.8 1.0 1.0 854.5198505132904 854.5209065173765 854.8626678398015 850.5750032489406 856.42577757658 854.6684590883223 -1.0 854.6684590883223 -1.0 1
131 1.0 nan 0.8 1.0 1.0 857.8865835406618 857.8876395447479 858.1340724983055 856.9603719567416 859.6863821345495 858.001783986423 -1.0 858.001783986423 -1.0 1
132 1.0 nan 0.8 1.0 1.0 861.7753665880745 861.7762305914176 862.0083594896265 860.1956804755738 863.5915589145079 861.840742841044 1.0 861.840742841044 1.0 1
133 1.0 nan 0.8 1.0 1.0 868.9531223619698 868.9541783660559 869.2571555384079 864.1203676619155 870.8365003548707 868.913762209668 1.0 868.913762209668 1.0 1
134 0.125 nan 0.8 1.0 1.0 873.1749306980038 873.1757947013471 873.354163391534 871.3706997166403 874.919505974681 873.208434827646 -1.0 873.208434827646 -1.0 1
135 nan 0.0625 0.8 1.0 -1.0 875.9751655333445 875.9761255370591 876.3474549738961 875.4366034494109 878.919719927121 876.0689578962684 1.0 876.1607342513915 -1.0 2
136 0.25 nan 0.8 1.0 1.0 880.2572621026602 880.2581261060035 880.5127190911358 879.439818939613 882.0891723777482 880.2731981643238 -1.0 880.2731981643238 -1.0 1
137 1.0 nan 0.8 1.0 1.0 884.4029421441204 884.4038061474637 884.7467194743462 882.6042791843021 886.3028789456778 884.3262378473178 -1.0 884.3262378473178 -1.0 1
138 0.125 nan 0.8 1.0 1.0 889.125104416244 889.1260644199587 889.3796014010048 886.8191754935904 890.9418969917854 889.2287848174291 -1.0 889.2287848174291 -1.0 1
139 0.25 nan 0.8 1.0 1.0 892.6860461950946 892.6870061988093 892.9610872593495 891.4702974908279 894.519556645519 892.7971186248827 -1.0 892.7971186248827 -1.0 1
140 0.25 nan 0.8 1.0 1.0 895.7084258900114 895.7093858937261 896.0310831385143 895.0450633231698 897.5860828095099 895.7307939765634 1.0 895.7307939765634 1.0 1
141 1.0 nan 0.8 1.0 1.0 899.6077689782855 899.6086329816288 899.8033217349653 898.1000831443857 901.3529193086329 899.7196094110454 -1.0 899.7196094110454 -1.0 1
142 0.25 nan 0.8 1.0 1.0 903.207686907952 903.2086469116667 903.5046160569016 901.8939218244168 905.057295995082 903.3297033800874 -1.0 903.3297033800874 -1.0 1
143 nan 0.125 0.8 -1.0 1.0 906.1193781745667 906.1202421779099 906.4346433944665 905.5910881303801 907.9908464472608 906.079634020779 -1.0 906.079634020779 -1.0 1
144 0.0 nan 0.8 -1.0 -1.0 911.669351649856 911.6702156531992 915.1068369509992 908.5105554270835 917.6860939312794 911.802984166939 1.0 915.0991569212817 1.0 7
145 nan 0.25 0.8 -1.0 1.0 918.9571238494533 918.9581798535395 919.2230448784187 918.2257930196125 920.8027281994358 919.1016044085121 1.0 919.1016044085121 1.0 1
146 0.25 nan 0.8 1.0 1.0 924.7747463603945 924.7755143633663 925.055451446566 921.4747335911932 926.6233239186639 924.8914828120992 -1.0 924.8914828120992 -1.0 1
147 0.125 nan 0.8 1.0 1.0 932.0692385859945 932.0701025893377 932.4376880116874 927.1612195947096 934.0025416533599 932.1730149875511 1.0 932.1730149875511 1.0 1
148 0.125 nan 0.8 1.0 1.0 935.5737321464221 935.5747881505082 935.8324531475275 934.5438401613169 937.4025981057825 935.6978606267298 -1.0 935.6978606267298 -1.0 1
149 0.0625 nan 0.8 -1.0 -1.0 938.7246563387342 938.7257123428203 939.5407554965809 937.9314052692968 942.1246244947071 939.0212974865693 1.0 939.4488831410864 1.0 2
150 0.0625 nan 0.8 -1.0 -1.0 943.3687703088546 943.3697303125692 943.6260513043879 942.6666235919399 946.1857228584435 943.5373469611518 1.0 943.5373469611518 1.0 1
151 1.0 nan 0.8 1.0 1.0 947.373905806486 947.3750578109436 947.5988346768348 946.7231192883066 949.1522415390255 947.4965942812217 -1.0 947.4965942812217 -1.0 1
152 0.125 nan 0.8 1.0 1.0 951.8743072205193 951.8753632246055 952.0883880488923 949.6820427376834 953.6357031293265 951.8892832784683 -1.0 951.8892832784683 -1.0 1
153 1.0 nan 0.8 1.0 1.0 958.9410865649979 958.9419505683412 959.1632314245742 954.19050818292 960.7356954873048 959.058495019303 -1.0 959.058495019303 -1.0 1
154 0.0625 nan 0.8 1.0 1.0 964.1240506201664 964.1249146235097 964.4132997393986 961.2929996655846 965.9902849691125 964.3040513166683 -1.0 964.3040513166683 -1.0 1
155 0.25 nan 0.8 1.0 1.0 968.6852202693387 968.6862762734248 969.0056695092978 966.530779932861 970.5688337643112 968.7766126229759 1.0 968.7766126229759 1.0 1
156 1.0 nan 0.8 1.0 1.0 971.739088086097 971.7398560890688 972.0331372239025 971.1186376853013 973.6075700418774 971.8348964568218 -1.0 971.8348964568218 -1.0 1
157 0.125 nan 0.8 1.0 1.0 975.9016641929355 975.9025281962787 976.2535055543646 974.1468734028778 977.8240432688071 976.0440327438221 -1.0 976.0440327438221 -1.0 1
158 nan 0.0625 0.8 1.0 -1.0 979.8685915427228 979.8695515464375 980.0855523822398 978.4946342262774 982.6518603755807 979.9888800081718 -1.0 979.9888800081718 -1.0 1
159 0.125 nan 0.8 -1.0 -1.0 984.6908822022872 984.6918422060019 985.1125158337733 983.203260446024 987.6903236131488 984.9997153972987 1.0 984.9997153972987 1.0 1
160 1.0 nan 0.8 1.0 1.0 989.1186113351195 989.119763339577 989.3528522415006 988.2349279157595 990.9185112677966 989.2373637946249 -1.0 989.2373637946249 -1.0 1
161 nan 0.125 0.8 -1.0 1.0 992.756929413373 992.7577934167161 993.8115894943169 991.4518043632698 995.3851331401266 992.8524497829833 -1.0 993.5503724835532 -1.0 3
162 0.125 nan 0.8 1.0 1.0 996.7571688920596 996.7581288957742 997.063122075927 995.9227336632625 998.635023659111 996.8531692635272 -1.0 996.8531692635272 -1.0 1
163 0.0 nan 0.8 1.0 1.0 1001.557091465072 1001.5580514687866 1001.8072684331167 999.1845382846197 1003.3851318294576 1001.6703719034039 -1.0 1001.6703719034039 -1.0 1
164 0.125 nan 0.8 1.0 1.0 1004.6565594582775 1004.657711462735 1004.9270885050734 1003.92282861915 1006.5184282617107 1004.7684958914087 -1.0 1004.7684958914087 -1.0 1
165 0.25 nan 0.8 1.0 1.0 1009.8706276338014 1009.8716836378875 1010.14067667874 1007.0624247676288 1011.7351139346409 1009.9909160992504 -1.0 1009.9909160992504 -1.0 1
166 0.125 nan 0.8 1.0 1.0 1013.4901296392472 1013.4909936425904 1013.7145785077387 1012.2782209498392 1015.2897220571633 1013.6081140957809 -1.0 1013.6081140957809 -1.0 1
167 nan 0.125 0.8 -1.0 1.0 1016.6017896796291 1016.6025576826008 1017.0864955551693 1015.8354187142025 1018.657029273304 1016.6902060217508 -1.0 1016.866366703394 -1.0 2
168 0.25 nan 0.8 1.0 1.0 1023.2350313465597 1023.2358953499029 1023.4610162209946 1019.1955277159427 1025.0348533108627 1023.3681838617854 -1.0 1023.3681838617854 -1.0 1
169 0.0 nan 0.8 1.0 1.0 1027.023974007646 1027.0248380109892 1027.2878790288107 1025.5915524649768 1028.8514646598614 1027.164806552589 -1.0 1027.164806552589 -1.0 1
170 0.0 nan 0.8 1.0 1.0 1031.9897852225545 1031.9908412266407 1032.2535942433476 1029.4052632219018 1033.823142268052 1032.1359937882999 -1.0 1032.1359937882999 -1.0 1
171 nan 0.125 0.8 -1.0 1.0 1035.73485571388 1035.7358157175947 1036.0791130459631 1034.5012509405203 1037.6513423160934 1035.8626322083035 -1.0 1035.8626322083035 -1.0 1
172 0.0625 nan 0.8 1.0 1.0 1039.2899414700712 1039.2910934745287 1039.53973443663 1038.2051372724864 1041.1180987957885 1039.3252696067711 -1.0 1039.4088859303195 -1.0 2
173 nan 0.125 0.8 -1.0 1.0 1043.0732201092408 1043.074084112584 1043.3649652381312 1041.6574066308356 1044.9401214739373 1043.19744458992 -1.0 1043.19744458992 -1.0 1
174 0.125 nan 0.8 1.0 1.0 1046.7012661477472 1046.702418152205 1046.971123191943 1045.478221415249 1048.5179496100254 1046.8332666585154 -1.0 1046.8332666585154 -1.0 1
175 1.0 nan 0.8 1.0 1.0 1050.0227830001575 1050.0237430038721 1050.2532798920513 1049.0586512695074 1051.8180449402687 1050.0857592438401 -1.0 1050.0857592438401 -1.0 1
176 nan 0.0 0.8 1.0 -1.0 1053.2732595776815 1053.2744115821392 1053.5373565995892 1052.3688400780845 1056.1058739185048 1053.3632119257468 -1.0 1053.3632119257468 -1.0 1
177 nan 1.0 0.8 -1.0 1.0 1057.3845714861563 1057.3857234906138 1057.6290844322843 1056.669176717979 1059.2060796947414 1057.5125399813228 1.0 1057.5125399813228 1.0 1
178 1.0 nan 0.8 1.0 1.0 1061.6009078010168 1061.6019638051027 1061.8231486609643 1059.7630766896395 1063.4011041915928 1061.6932601583685 -1.0 1061.6932601583685 -1.0 1
179 1.0 nan 0.8 1.0 1.0 1064.7064238176245 1064.7072878209678 1065.0354170906444 1063.9508048938026 1066.6011148403782 1064.8175922477842 -1.0 1064.8175922477842 -1.0 1
180 0.0 nan 0.8 -1.0 -1.0 1068.0397487157252 1068.0406127190683 1073.724218711441 1067.1549132919076 1076.2676628427703 1068.3290938353289 1.0 1073.4791297630838 1.0 9
181 0.0625 nan 0.8 1.0 1.0 1077.5222814078165 1077.5232414115312 1077.7490342852232 1076.841062771882 1079.3011851011788 1077.6484258959251 -1.0 1077.6484258959251 -1.0 1
182 0.0625 nan 0.8 1.0 1.0 1083.0891509484843 1083.0902069525703 1083.395584134209 1079.8503864162792 1084.9510091528327 1083.2199994547946 -1.0 1083.2199994547946 -1.0 1
183 0.0625 nan 0.8 1.0 1.0 1087.2056468770181 1087.2067988814758 1087.4674398900106 1085.524008370019 1089.0233007812774 1087.3402393978158 -1.0 1087.3402393978158 -1.0 1
184 nan 1.0 0.8 -1.0 1.0 1090.517659692653 1090.518427695625 1090.7775326982162 1089.5827120749293 1092.3340957576931 1090.6807643237767 1.0 1090.6807643237767 1.0 1
185 1.0 nan 0.8 1.0 1.0 1095.8059361553217 1095.8068001586648 1096.3144501229858 1092.8883888660473 1097.8728111529704 1096.1696815628127 -1.0 1096.1696815628127 -1.0 1
186 0.0625 nan 0.8 -1.0 -1.0 1099.2675175497031 1099.2684775534178 1099.7194872985729 1098.4324103183058 1102.2885655661714 1099.596126821237 1.0 1099.596126821237 1.0 1
187 0.0625 nan 0.8 1.0 1.0 1104.2172967025765 1104.2187367081485 1104.5207538767859 1102.8593714481663 1106.083997156813 1104.3615852608925 -1.0 1104.3615852608925 -1.0 1
188 0.25 nan 0.8 1.0 1.0 1108.2562243309646 1108.2573763354224 1108.493825250347 1106.6414980828783 1110.067293654695 1108.362400741808 -1.0 1108.362400741808 -1.0 1
189 1.0 nan 0.8 1.0 1.0 1111.6555014842636 1111.6566534887213 1111.9364945715495 1110.616489463869 1113.5003337959254 1111.7855819876024 -1.0 1111.7855819876024 -1.0 1
190 nan 1.0 0.8 -1.0 1.0 1115.8897898685884 1115.8906538719316 1116.1204787612253 1114.057238777642 1117.683931539853 1116.0184303663552 1.0 1116.0184303663552 1.0 1
191 0.25 nan 0.8 1.0 1.0 1119.1893226359325 1119.1902826396472 1119.554604049367 1118.2411269669462 1121.1173770084513 1119.2387628272384 1.0 1119.379691372553 -1.0 2
192 1.0 nan 0.8 1.0 1.0 1123.0228094693798 1123.0235774723517 1123.252730359045 1121.669684233543 1124.8231096481572 1123.1241858616497 -1.0 1123.1241858616497 -1.0 1
193 nan 0.0 0.8 1.0 -1.0 1126.250533958866 1126.2515899629523 1126.7828560186545 1125.3750105710808 1129.3502605085632 1126.3165822144358 1.0 1126.3967425246115 -1.0 2
194 nan 1.0 0.8 -1.0 1.0 1131.6219467432256 1131.6229067469403 1131.8499476254613 1129.9101641195855 1133.422573803603 1131.7625872874257 1.0 1131.7625872874257 1.0 1
195 0.125 nan 0.8 1.0 1.0 1136.8337109098343 1136.8344789128062 1137.1763362356025 1133.9783718612712 1138.75567195504 1136.983279488581 -1.0 1136.983279488581 -1.0 1
196 0.25 nan 0.8 1.0 1.0 1140.550461291577 1140.551517295663 1141.0270071355424 1139.338168600683 1142.605242230005 1140.6789097886008 1.0 1140.6789097886008 1.0 1
197 1.0 nan 0.8 1.0 1.0 1145.1003988972875 1145.1014549013737 1145.5399845982379 1143.1693514252152 1147.1221662180774 1145.3914720235775 -1.0 1145.3914720235775 -1.0 1
198 0.25 nan 0.8 1.0 1.0 1149.133662503759 1149.1344305067307 1149.3811514614026 1147.6838648938542 1150.9714740728925 1149.26585501527 -1.0 1149.26585501527 -1.0 1
199 0.0625 nan 0.8 1.0 1.0 1153.0836937881681 1153.0847497922541 1153.4776793126714 1151.704072449806 1155.071836412689 1153.3787029296882 -1.0 1153.3787029296882 -1.0 1
200 0.0625 nan 0.8 1.0 1.0 1156.3334983630918 1156.334362366435 1157.071261217821 1155.6387436747802 1158.6335042537555 1156.4397707743067 -1.0 1157.0540771513283 -1.0 2
201 0.125 nan 0.8 1.0 1.0 1160.2542495342034 1160.2554015386609 1160.6426670371616 1159.1874934064545 1162.2226859199168 1160.385578042371 -1.0 1160.385578042371 -1.0 1
202 1.0 nan 0.8 1.0 1.0 1163.8998636406884 1163.901015645146 1164.4199936533003 1162.7780993000886 1165.989277333607 1164.246904983544 -1.0 1164.246904983544 -1.0 1
203 0.125 nan 0.8 1.0 1.0 1167.7667586034063 1167.7676226067497 1168.22813638868 1166.5567699214278 1169.805036454596 1167.6988863407787 1.0 1167.6988863407787 1.0 1
204 0.125 nan 0.8 1.0 1.0 1173.3500442075951 1173.3509082109383 1173.6403493309133 1170.3809447188428 1175.2168735640425 1173.3032920266903 1.0 1173.497020776312 -1.0 2
205 0.25 nan 0.8 1.0 1.0 1176.4387601591961 1176.4399121636536 1177.022538418091 1175.8047737060235 1178.5834841383396 1176.7123612178789 -1.0 1176.9175140117054 -1.0 2
206 1.0 nan 0.8 1.0 1.0 1179.8873815034294 1179.8882455067726 1180.2917350680514 1179.1528826613303 1181.8719530393653 1180.202166721472 -1.0 1180.202166721472 -1.0 1
207 1.0 nan 0.8 1.0 1.0 1183.649924062362 1183.6508840660767 1183.9180530998713 1182.430143342494 1185.4719715704823 1183.8136046957145 -1.0 1183.8136046957145 -1.0 1
208 0.0625 nan 0.8 1.0 1.0 1187.3498743790979 1187.3508343828125 1187.6071553746312 1186.0465733360527 1189.1557524564025 1187.3497783787263 1.0 1187.3497783787263 1.0 1
209 nan 0.25 0.2 -1.0 1.0 1191.3166097281423 1191.3174737314855 1191.5720667166179 1189.7335636026403 1193.1384489802963 1191.4768343481219 1.0 1191.4768343481219 1.0 1
210 nan 0.25 0.2 -1.0 1.0 1194.449773851733 1194.4508298558192 1194.741902982109 1193.7136430033188 1196.3214495339716 1194.5201421240188 -1.0 1194.5201421240188 -1.0 1
211 nan 0.0625 0.2 -1.0 1.0 1198.3165728140796 1198.3174368174227 1198.61945398606 1196.8938473089286 1200.1874834884056 1198.2888287067253 1.0 1198.4853414671197 1.0 2
212 nan 0.0 0.2 -1.0 1.0 1202.949838742224 1202.9507027455672 1203.6318253811303 1200.7620862768472 1205.199645363095 1203.1763996188877 1.0 1203.5447530442093 1.0 3
213 nan 0.125 0.2 -1.0 1.0 1207.4209600429597 1207.4217280459313 1207.6388808861911 1205.7794496912338 1209.199684528447 1207.5318404720047 -1.0 1207.5318404720047 -1.0 1
214 nan 0.25 0.2 -1.0 1.0 1211.3544792634762 1211.3560152694197 1211.5755681189662 1209.9668898942823 1213.149681577944 1211.328367162437 1.0 1211.485807771644 1.0 2
215 nan 0.125 0.2 -1.0 1.0 1215.7549442908116 1215.7560002948978 1215.957409074237 1213.7379764862758 1217.5162564098491 1215.8765767614611 1.0 1215.8765767614611 1.0 1
216 nan 0.0625 0.2 -1.0 1.0 1219.6386393185364 1219.6395993222511 1219.9194404050795 1218.1042653813686 1221.4826780518008 1219.8220960284111 1.0 1219.8220960284111 1.0 1
217 0.125 nan 0.2 -1.0 -1.0 1222.5549386029816 1222.5558986066962 1222.9215640216166 1222.0763767512153 1225.4867519693498 1222.751259362633 1.0 1222.751259362633 1.0 1
218 nan 1.0 0.2 -1.0 1.0 1226.6161383175502 1226.6172903220079 1226.8408751871561 1226.0711442087281 1228.4220043445375 1226.7401707974864 1.0 1226.7401707974864 1.0 1
219 nan 0.0 0.2 -1.0 1.0 1229.9659752795433 1229.966935283258 1230.1938801614076 1229.0073155700672 1231.7662060606738 1229.9567592438825 1.0 1229.9567592438825 1.0 1
220 0.0625 nan 0.2 1.0 1.0 1236.6539371582105 1236.6548971619252 1236.9164981741746 1232.3392004625957 1238.4992967123487 1236.772881618459 -1.0 1236.772881618459 -1.0 1
221 nan 0.0625 0.2 -1.0 1.0 1240.7044808315463 1240.7055368356325 1241.0014099804957 1239.083802560429 1242.5859361805833 1240.9167376528612 1.0 1240.9167376528612 1.0 1
222 nan 0.125 0.2 -1.0 1.0 1244.6658401597886 1244.6668001635032 1244.8793449859327 1243.1873384388148 1246.4658269623185 1244.7946726582982 1.0 1244.7946726582982 1.0 1
223 nan 0.0625 0.2 -1.0 1.0 1249.2871060414996 1249.2880660452142 1249.5094429018188 1247.0497213840738 1251.0992260739192 1249.4079705091774 1.0 1249.4079705091774 1.0 1
224 0.125 nan 0.2 1.0 1.0 1253.0037604228708 1253.0047204265854 1253.4346100900177 1251.6845233181618 1255.0157426080823 1253.1940331591197 -1.0 1253.1940331591197 -1.0 1
225 nan 0.125 0.2 -1.0 1.0 1256.070588289777 1256.0717402942348 1256.486653899718 1255.6036424829583 1258.0551099492734 1256.0533082229128 -1.0 1256.0533082229128 -1.0 1
226 nan 0.125 0.2 -1.0 1.0 1259.399209169676 1259.400073173019 1259.6133859984202 1258.635622215022 1261.1826448152044 1259.5188256325246 1.0 1259.5188256325246 1.0 1
227 nan 0.125 0.2 -1.0 1.0 1264.670781567709 1264.6716455710523 1265.019742917994 1261.7721463516139 1266.5709928174372 1264.8323501928892 1.0 1264.8323501928892 1.0 1
228 nan 0.125 0.2 -1.0 1.0 1268.1824751559966 1268.1836271604543 1268.442444161931 1267.1690952347838 1270.0028191225063 1268.3516278105226 1.0 1268.3516278105226 1.0 1
229 1.0 nan 0.2 1.0 1.0 1273.2323826963109 1273.233246699654 1273.5065597572225 1270.5960204950654 1275.048986346029 1273.36707121748 -1.0 1273.36707121748 -1.0 1
230 nan 0.25 0.2 -1.0 1.0 1276.4701872248013 1276.4715312300018 1276.685900059489 1275.8367767738575 1278.2321599811507 1276.5722356196713 1.0 1276.5722356196713 1.0 1
231 nan 0.25 0.2 -1.0 1.0 1279.3547103862904 1279.3555743896338 1279.617751404112 1278.8082762718966 1281.1657883941482 1279.4926629200895 1.0 1279.4926629200895 1.0 1
232 nan 0.125 0.2 -1.0 1.0 1282.6544351543776 1282.6554911584637 1282.8428838835687 1281.7458876388075 1284.4207484884712 1282.768291594938 1.0 1282.768291594938 1.0 1
233 nan 0.25 0.2 -1.0 1.0 1286.5488822237069 1286.5498422274215 1286.7493309993313 1285.0066362560785 1288.3155656278109 1286.6062904458445 1.0 1286.6062904458445 1.0 1
234 0.25 nan 0.8 1.0 1.0 1289.7712306923909 1289.7721906961056 1290.0002875787127 1288.9086673547538 1291.5654462731227 1289.8991031871858 -1.0 1289.8991031871858 -1.0 1
235 nan 0.0625 0.8 -1.0 1.0 1296.5874490673389 1296.5884090710535 1296.8265859926648 1292.1467598843585 1298.403546923117 1296.73404163457 1.0 1296.73404163457 1.0 1
236 0.0 nan 0.8 -1.0 -1.0 1300.0821505898768 1300.0831105935915 1300.280103355843 1298.9998424019502 1302.853877611782 1300.0209983532518 1.0 1300.0209983532518 1.0 1
237 nan 0.125 0.8 -1.0 1.0 1303.948469550366 1303.9494295540808 1304.1899104846073 1303.4561796454798 1305.753881979462 1304.0931421101677 1.0 1304.0931421101677 1.0 1
238 nan 0.0625 0.8 -1.0 1.0 1306.9984973522655 1306.9993613556087 1310.0904773164966 1306.3412788091978 1311.6487778849466 1307.2296662467597 1.0 1309.9925569375996 1.0 4
239 0.0625 nan 0.8 1.0 1.0 1313.2372734928356 1313.2383294969216 1314.3145896614458 1312.2432856466592 1315.8869234037704 1313.3880900764113 1.0 1314.1963172037977 -1.0 3
240 1.0 nan 0.8 1.0 1.0 1318.7818709473227 1318.7829269514089 1319.0133278429312 1316.476326026155 1320.5819064990872 1318.8896793644808 -1.0 1318.8896793644808 -1.0 1
241 0.25 nan 0.8 1.0 1.0 1321.7868745750038 1321.78793057909 1322.0625876418592 1321.1790002228706 1323.6201382836396 1321.7381063862983 -1.0 1321.918875085772 -1.0 2
242 nan 0.125 0.8 -1.0 1.0 1324.7484860347818 1324.749542038868 1325.0149830659761 1324.2286440232842 1326.5680433664832 1324.795142215315 1.0 1324.9176386893078 1.0 2
243 0.0 nan 0.8 1.0 1.0 1327.7149935135044 1327.715953517219 1330.3498197088063 1327.173839419541 1331.9152318234444 1328.0971709923174 1.0 1330.2293392426145 -1.0 5
244 0.0625 nan 0.8 1.0 1.0 1333.8372252031127 1333.8381852068273 1334.099210216848 1332.5119400750013 1335.6652118298123 1333.9698017161095 -1.0 1333.9698017161095 -1.0 1
245 0.0 nan 0.8 -1.0 -1.0 1338.970077064375 1338.971133068461 1339.1891499120643 1336.2860026785102 1341.7536843663825 1339.0987175621417 1.0 1339.0987175621417 1.0 1
246 0.25 nan 0.8 -1.0 -1.0 1342.8316920066623 1342.8327480107484 1343.2801097417878 1342.3684902143307 1345.8541271602119 1343.1853573751491 1.0 1343.1853573751491 1.0 1
247 0.0625 nan 0.8 -1.0 -1.0 1347.798175224171 1347.7991352278857 1348.0374081498685 1346.457530036625 1350.598393308481 1347.705150864219 -1.0 1347.8924475889523 1.0 2
248 0.25 nan 0.8 1.0 1.0 1351.8199187860664 1351.8210707905241 1352.292528614802 1351.2110844302185 1353.8648107373608 1351.9835034190473 -1.0 1352.1964322429628 -1.0 2
249 1.0 nan 0.8 1.0 1.0 1355.9372787179436 1355.9384307224013 1356.386272455298 1354.4675130307735 1357.9482011954635 1356.05411117002 -1.0 1356.2682879987642 -1.0 2
250 nan 0.0625 0.8 -1.0 1.0 1361.5199883199036 1361.5210443239898 1361.804341420191 1358.545512810349 1363.3704849404542 1361.6801169395117 1.0 1361.6801169395117 1.0 1
251 0.125 nan 0.8 1.0 1.0 1365.5812840348437 1365.5823400389297 1365.8657331355023 1363.9996779149137 1367.4369349041701 1365.7447726674532 -1.0 1365.7447726674532 -1.0 1
252 nan 0.0625 0.8 -1.0 1.0 1369.1480818363539 1369.148945839697 1369.5053952189564 1368.0545416049654 1371.0695421577052 1369.328562534713 1.0 1369.328562534713 1.0 1
253 0.0625 nan 0.8 1.0 1.0 1372.7313917017564 1372.7322557050995 1372.9735046385977 1371.6861396572162 1374.5365535080687 1372.8388161174287 -1.0 1372.8388161174287 -1.0 1
254 0.25 nan 0.8 1.0 1.0 1375.7976435664339 1375.7986035701485 1376.0548285615957 1375.1565530857727 1377.6309999483738 1375.929644077202 -1.0 1375.929644077202 -1.0 1
255 nan 0.25 0.8 -1.0 1.0 1379.1861686781285 1379.1872246822147 1379.397081494243 1378.2419090243725 1380.9811974480222 1379.3095291554644 1.0 1379.3095291554644 1.0 1
256 0.125 nan 0.8 1.0 1.0 1382.202884351129 1382.2038443548436 1382.4631413581776 1381.5906899822794 1384.047763312626 1382.3295088410946 -1.0 1382.3295088410946 -1.0 1
257 0.25 nan 0.8 1.0 1.0 1385.8537784780447 1385.8548344821306 1386.2420999806313 1384.6608778621871 1387.814369620183 1386.109427467263 -1.0 1386.109427467263 -1.0 1
258 0.25 nan 0.8 1.0 1.0 1389.7198094374194 1389.7208654415056 1394.3836994840622 1388.4271644356072 1395.9698446242182 1393.8069292522844 -1.0 1394.3031551724007 -1.0 2
259 nan 0.125 0.8 -1.0 1.0 1397.1477421793595 1397.1487981834457 1397.4619513951732 1396.597948051964 1399.0513829472368 1397.345118943097 1.0 1397.345118943097 1.0 1
260 1.0 nan 0.8 1.0 1.0 1401.6977757854415 1401.6987357891562 1401.993456929562 1399.664487917756 1403.5646094483625 1401.8451363556444 -1.0 1401.8451363556444 -1.0 1
261 0.125 nan 0.8 1.0 1.0 1404.7197714788724 1404.720731482587 1405.2790696430432 1404.2004094692325 1406.8477194543198 1404.8718360672774 -1.0 1405.1926693087223 -1.0 2
262 0.25 nan 0.8 1.0 1.0 1408.153032763671 1408.1540887677572 1408.4610019553393 1407.4501180437846 1410.0310310304728 1408.318057402224 -1.0 1408.318057402224 -1.0 1
263 0.125 nan 0.8 1.0 1.0 1411.135572304429 1411.1363403074006 1411.509013749438 1410.6373303765117 1413.0809651793606 1411.3539731495177 -1.0 1411.3539731495177 -1.0 1
264 nan 0.0 0.8 -1.0 1.0 1414.886306817671 1414.8873628217573 1415.2082920635737 1413.6990702237304 1416.7694102861255 1415.0101472968643 1.0 1415.0101472968643 1.0 1
265 1.0 nan 0.8 1.0 1.0 1418.4976487915421 1418.4987047956283 1418.952690552299 1417.6007173209196 1420.5185141398956 1418.8151220199857 -1.0 1418.8151220199857 -1.0 1
266 0.25 nan 0.8 1.0 1.0 1421.7476453672089 1421.7486053709235 1422.082878664374 1421.1436110299342 1423.6685237999327 1421.8753258612608 -1.0 1421.8753258612608 -1.0 1
267 0.0 nan 0.8 1.0 1.0 1425.2140267801637 1425.2149867838784 1425.682508592926 1424.2780231583538 1427.2694145332734 1425.5188279595736 -1.0 1425.5188279595736 -1.0 1
268 0.125 nan 0.8 1.0 1.0 1428.4642153565735 1428.465367361031 1428.9697533127223 1427.8883091281389 1430.5528548868708 1428.8109686983146 -1.0 1428.8109686983146 -1.0 1
269 nan 0.125 0.8 -1.0 1.0 1431.664099738334 1431.6649637416772 1431.909188686691 1431.1729618379054 1433.4863825100936 1431.8095403011075 1.0 1431.8095403011075 1.0 1
270 0.0625 nan 0.8 -1.0 -1.0 1434.747439669133 1434.7485916735905 1435.0855529774421 1434.0910851294084 1437.6521461435193 1434.9126563084287 1.0 1434.9126563084287 1.0 1
271 nan 0.0625 0.8 -1.0 1.0 1438.8306234687677 1438.8315834724824 1439.101056515192 1438.2634532741365 1440.6641392862477 1439.0112001674984 1.0 1439.0112001674984 1.0 1
272 1.0 nan 0.8 1.0 1.0 1442.2528447108475 1442.254188716048 1442.6494222453805 1441.3026330340604 1444.2137604843297 1442.4924616380308 -1.0 1442.4924616380308 -1.0 1
273 0.25 nan 0.8 1.0 1.0 1445.4850812177926 1445.4858492207643 1446.0364113511316 1444.835062702585 1447.597066603465 1445.9306189417741 -1.0 1445.9306189417741 -1.0 1
274 1.0 nan 0.8 1.0 1.0 1448.8350141801573 1448.835782183129 1449.3531281849682 1448.2217638072218 1450.9140226326736 1449.2441677633524 -1.0 1449.2441677633524 -1.0 1
275 1.0 nan 0.8 1.0 1.0 1452.019538502483 1452.0204985061978 1452.4204360537321 1451.5420326548028 1453.9805514461523 1452.0699386975036 -1.0 1452.321459670749 -1.0 2
276 nan 0.125 0.8 -1.0 1.0 1455.1854387527442 1455.1863987564589 1455.3555514109848 1454.611452531739 1456.9138926883481 1455.1986868040067 1.0 1455.1986868040067 1.0 1
277 0.25 nan 0.8 -1.0 -1.0 1458.418635263404 1458.4196912674902 1458.897101114799 1457.54579988602 1461.4637249345135 1458.5215476616174 1.0 1458.750316546825 1.0 2
278 0.25 nan 0.8 1.0 1.0 1462.6850837721706 1462.6860437758853 1462.8778525180776 1462.0960254928448 1464.4304122888252 1462.6559956596159 -1.0 1462.6559956596159 -1.0 1
279 1.0 nan 0.8 1.0 1.0 1466.5024425432111 1466.5033065465545 1466.7549235201711 1465.0560049463077 1468.3020971049034 1466.628203029834 -1.0 1466.628203029834 -1.0 1
280 0.0625 nan 0.8 1.0 1.0 1469.9801519999994 1469.9810160033426 1470.4139776786617 1468.9398919747755 1471.985483011045 1470.1111925070527 -1.0 1470.1111925070527 -1.0 1
281 1.0 nan 0.8 1.0 1.0 1473.2635567049367 1473.264612709023 1473.711878439691 1472.6144981934438 1475.28580503078 1473.5763259151786 -1.0 1473.5763259151786 -1.0 1
282 0.125 nan 0.8 1.0 1.0 1476.463537087069 1476.4645930911552 1480.1991035416193 1475.9027029169547 1481.763743025646 1476.797906380891 1.0 1480.0191028451172 -1.0 3
283 1.0 nan 0.8 1.0 1.0 1483.0355305170033 1483.0365865210892 1483.6005887034619 1482.4015440638307 1485.1692761177485 1483.4914362811032 -1.0 1483.4914362811032 -1.0 1
284 1.0 nan 0.8 1.0 1.0 1486.6134643616035 1486.6146163660612 1487.1396423976178 1486.02258207522 1488.6969532673788 1486.765048948151 -1.0 1487.0874181955394 -1.0 3
285 0.125 nan 0.8 -1.0 -1.0 1489.852516894923 1489.8535728990091 1490.0978938443943 1489.3214428399638 1492.6633891224697 1489.9821173964044 1.0 1489.9821173964044 1.0 1
286 0.25 nan 0.8 1.0 1.0 1493.8524683724952 1493.8535243765814 1494.3055901258226 1493.2853941782357 1495.8634329080774 1494.159285559706 -1.0 1494.159285559706 -1.0 1
287 1.0 nan 0.8 1.0 1.0 1497.1683212029889 1497.169185206332 1497.584674814044 1496.4886385729976 1499.146748641229 1497.4347222338115 -1.0 1497.4347222338115 -1.0 1
288 0.0625 nan 0.8 -1.0 -1.0 1500.3347974554786 1500.3358534595648 1503.5725059835975 1499.793547361144 1506.1300712445945 1500.4975180851163 -1.0 1503.4885056585633 1.0 2
289 0.0625 nan 0.8 -1.0 -1.0 1507.318152477152 1507.3191124808666 1507.8707306153199 1506.7656703393554 1510.4298554028874 1507.7775142546247 1.0 1507.7775142546247 1.0 1
290 0.125 nan 0.8 1.0 1.0 1511.6010170494394 1511.6020730535256 1511.8572420408866 1511.0837670479716 1513.413249822525 1511.7674816935644 -1.0 1511.7674816935644 -1.0 1
291 0.25 nan 0.8 1.0 1.0 1514.8180854976927 1514.8190455014073 1515.2099590140238 1514.0534425389526 1516.7967037792387 1515.0783425047416 -1.0 1515.0783425047416 -1.0 1
292 0.0625 nan 0.8 1.0 1.0 1519.2522466554133 1519.253014658385 1519.8373689195087 1517.438415636903 1521.4182271632615 1519.6960563727084 -1.0 1519.6960563727084 -1.0 1
293 nan 1.0 0.8 -1.0 1.0 1523.0963895300936 1523.0973495338083 1523.3217984022997 1522.0706255609614 1524.8965427439362 1523.2399100854377 1.0 1523.2399100854377 1.0 1
294 0.125 nan 0.8 -1.0 -1.0 1526.4685945786387 1526.4696505827246 1543.7718935327157 1525.550543026293 1546.3294525583196 1526.4388344634835 1.0 1543.7462614335338 1.0 7
295 nan 0.125 0.8 -1.0 1.0 1548.5183438988206 1548.519495903278 1548.7328087286794 1546.996354009572 1550.2964090050627 1548.6632084593653 1.0 1548.6632084593653 1.0 1
296 0.125 nan 0.8 1.0 1.0 1554.2518700843561 1554.2528300880708 1554.511935090662 1550.9504173095827 1556.0845532980907 1554.3338544015896 1.0 1554.3338544015896 1.0 1
297 1.0 nan 0.8 1.0 1.0 1558.8626719255772 1558.8637279296634 1559.1891691889389 1556.722055642591 1560.7510120810484 1558.9838243943693 -1.0 1558.9838243943693 -1.0 1
298 0.125 nan 0.8 1.0 1.0 1563.8793633373637 1563.8804193414499 1564.505285759333 1561.4058177661275 1566.0850932761718 1564.3366131066641 -1.0 1564.3366131066641 -1.0 1
299 nan 0.25 0.8 -1.0 1.0 1567.412753009603 1567.4137130133176 1567.6362418743797 1566.7422864152727 1569.2175916467963 1567.5520495486026 1.0 1567.5520495486026 1.0 1
300 nan 0.25 0.8 -1.0 1.0 1570.945854680728 1570.9467186840711 1571.1986236588023 1569.8624904887151 1572.7794298310369 1571.0937912531597 1.0 1571.0937912531597 1.0 1
301 1.0 nan 0.8 1.0 1.0 1575.1843670813973 1575.185327085112 1575.4479841014477 1573.4449363507745 1577.03384650981 1575.3225116159392 -1.0 1575.3225116159392 -1.0 1
302 0.0 nan 0.8 -1.0 -1.0 1578.2793230571438 1578.2802830608584 1578.7686369505145 1577.7123448632556 1581.3460399106675 1578.5137559642678 1.0 1578.5137559642678 1.0 1
303 nan 0.0 0.8 1.0 -1.0 1582.533195517248 1582.5342515213342 1583.0495815153727 1581.9989534500305 1585.6338833855036 1582.4686832676218 -1.0 1582.4686832676218 -1.0 1
304 0.0625 nan 0.8 1.0 1.0 1587.0625890434644 1587.063549047179 1587.3648942132163 1586.5177869353854 1588.9457993304336 1587.218109645242 -1.0 1587.218109645242 -1.0 1
305 1.0 nan 0.8 1.0 1.0 1590.1006167989306 1590.1015768026452 1590.6043307480215 1589.606598887358 1592.1625362155926 1590.377001868386 -1.0 1590.377001868386 -1.0 1
306 0.25 nan 0.8 1.0 1.0 1593.417045631653 1593.4179096349962 1594.1226483619405 1592.8218433285533 1595.6793086100088 1593.6912226925647 1.0 1593.9453356758397 -1.0 2
307 1.0 nan 0.8 1.0 1.0 1597.7839105289747 1597.7848705326894 1598.1576399750984 1596.3368969298424 1599.7157756461727 1598.0211274468713 -1.0 1598.0211274468713 -1.0 1
308 nan 0.125 0.8 -1.0 1.0 1601.129043472766 1601.1298114757376 1601.4200205986845 1600.3718885430003 1602.9791599571483 1601.3194122093864 1.0 1601.3194122093864 1.0 1
309 1.0 nan 0.8 1.0 1.0 1604.251839556238 1604.2527995599528 1604.6933452646178 1603.6251491312971 1606.2508751075081 1604.3592639719104 -1.0 1604.5871688537745 -1.0 2
310 nan 0.25 0.8 -1.0 1.0 1607.4290678503323 1607.4301238544185 1607.6848128399222 1606.9031778154324 1609.250902422564 1607.5909244766267 1.0 1607.5909244766267 1.0 1
311 0.125 nan 0.8 1.0 1.0 1610.8124089419675 1610.8134649460537 1611.1960264263525 1609.9028054223113 1612.7676130117286 1610.9736895660333 -1.0 1610.9736895660333 -1.0 1
312 nan 0.25 0.8 -1.0 1.0 1614.1455418393255 1614.1464058426686 1614.3705667100455 1613.4310110744914 1615.9290205912162 1614.279078356037 1.0 1614.279078356037 1.0 1
313 nan 0.0625 0.8 -1.0 1.0 1618.0166608183881 1618.017716822474 1618.3552541285544 1616.6039193518698 1619.9121783724745 1618.1996375264055 1.0 1618.1996375264055 1.0 1
314 1.0 nan 0.8 1.0 1.0 1621.1668170077285 1621.1676810110716 1621.4657621644787 1620.5842867536626 1623.034343364009 1621.3130255734736 -1.0 1621.3130255734736 -1.0 1
315 0.25 nan 0.8 1.0 1.0 1624.445517694464 1624.4466696989216 1625.1173282939947 1623.6933547840147 1626.6788496461634 1624.808015097126 -1.0 1624.808015097126 -1.0 1
316 0.0625 nan 0.8 1.0 1.0 1627.917467128964 1627.9183311323072 1638.4422758540798 1627.3323448648684 1640.000449994681 1638.11654659369 -1.0 1638.11654659369 -1.0 1
317 0.0625 nan 0.8 -1.0 -1.0 1643.495255406281 1643.4962154099958 1650.2991857336813 1640.6894525493951 1652.8665594279632 1643.7240242914886 1.0 1650.2283374595381 1.0 2
318 0.0 nan 0.8 1.0 1.0 1654.3118092602872 1654.3128652643734 1655.2641329452465 1653.5616623576389 1656.8499439825073 1655.1627565529766 -1.0 1655.1627565529766 -1.0 1
319 0.125 nan 0.8 1.0 1.0 1658.1619041579984 1658.1627681613415 1666.3636958943393 1657.5154376565351 1667.9486175542177 1665.5934849140542 1.0 1666.0506386829834 -1.0 2
320 0.0625 nan 0.8 -1.0 -1.0 1669.9282856873058 1669.9294376917633 1677.8453403218737 1668.6361206873507 1680.3951397780575 1673.6789242001764 1.0 1677.7937881223954 1.0 2
321 0.25 nan 0.8 1.0 1.0 1686.6171822639897 1686.6183342684474 1687.434625427037 1681.1095449525176 1688.9989491405513 1687.009343781435 -1.0 1687.2409926777866 -1.0 2
322 0.0 nan 0.8 -1.0 -1.0 1690.1778360417259 1690.1789880461836 1691.3559526003771 1689.71434624828 1693.9165793304685 1690.5784455918604 -1.0 1691.0359833622754 1.0 2
323 1.0 nan 0.8 1.0 1.0 1695.1948154546267 1695.1959674590844 1696.137443102068 1694.5787810709187 1697.6949450855705 1695.8215058795677 -1.0 1696.0501787644037 -1.0 3
324 0.25 nan 0.8 1.0 1.0 1701.8496572051376 1701.8505212084808 1702.3798672567534 1698.652460833778 1703.9663621336138 1702.0662340431686 -1.0 1702.2825228800853 -1.0 2
325 0.0625 nan 0.8 1.0 1.0 1705.244710342092 1705.2455743454352 1705.7783764070807 1704.65066004345 1707.365783144307 1705.5363594706107 1.0 1705.5363594706107 1.0 1
326 0.0 nan 0.8 -1.0 -1.0 1708.5447231112933 1708.545875115751 1718.0591279267119 1708.0463851830048 1720.6323558607717 1713.2672693849029 1.0 1717.9315434330315 1.0 2
327 0.125 nan 0.8 -1.0 -1.0 1721.89463076796 1721.8957827724178 1729.9657659987336 1721.3107565086937 1732.5445084604003 1723.050091238945 1.0 1729.8737976428674 1.0 3
328 1.0 nan 0.8 1.0 1.0 1735.11589792686 1735.1170499313178 1735.6883481419218 1733.238514662438 1737.2444365923102 1735.4366351679334 -1.0 1735.4366351679334 -1.0 1
329 1.0 nan 0.8 1.0 1.0 1739.2994021146785 1739.3003621183932 1740.0060608490521 1737.9112367432558 1741.5610437226924 1739.8871163888036 -1.0 1739.8871163888036 -1.0 1
330 nan 0.125 0.2 -1.0 1.0 1742.849015849696 1742.8499758534106 1749.5017455920345 1742.229141451129 1751.0774120899805 1749.1119840838758 -1.0 1749.1119840838758 -1.0 1
331 nan 0.0 0.2 -1.0 1.0 1752.2661722888176 1752.2673242932754 1765.1049739677903 1751.7659143530996 1766.683359145465 1764.943117341496 1.0 1764.943117341496 1.0 1
332 nan 0.25 0.2 -1.0 1.0 1768.3107143722107 1768.3118663766681 1768.5801874149204 1767.3806627734318 1770.1605539338088 1768.4600909502142 1.0 1768.4600909502142 1.0 1
333 nan 0.0625 0.2 -1.0 1.0 1772.115305093846 1772.1161690971894 1772.4230822847715 1770.8253481024349 1773.9991029184735 1772.2912737747463 1.0 1772.2912737747463 1.0 1
334 nan 0.125 0.2 -1.0 1.0 1776.1604727463796 1776.1615287504658 1776.4100737121955 1774.6786110124046 1777.9773301046735 1776.3013052913227 1.0 1776.3013052913227 1.0 1
335 nan 0.25 0.2 -1.0 1.0 1779.6650623071787 1779.6661183112649 1779.8840391544963 1778.6433303536483 1781.4604668940617 1779.5630139123084 1.0 1779.791782797516 1.0 2
336 nan 1.0 0.2 -1.0 1.0 1783.265556239074 1783.266804243903 1783.495093127253 1782.1274718353245 1785.06577315593 1783.3736526573466 1.0 1783.3736526573466 1.0 1
337 nan 1.0 0.2 -1.0 1.0 1786.6269132456432 1786.6277772489864 1786.8745942040298 1785.730269776135 1788.427048132867 1786.756417746753 1.0 1786.756417746753 1.0 1
338 nan 0.0625 0.2 -1.0 1.0 1790.7155690664515 1790.7167210709092 1791.1967229282475 1789.1129388651702 1792.764803323072 1790.8628336362829 1.0 1790.8628336362829 1.0 1
339 nan 0.125 0.2 -1.0 1.0 1794.6771203954368 1794.6780803991514 1794.9217293419363 1793.4340115853017 1796.4982691249004 1794.7850248129664 1.0 1794.7850248129664 1.0 1
340 0.125 nan 0.2 -1.0 -1.0 1798.676879872266 1798.6777438756092 1799.0710573975123 1797.1671780305653 1801.6436775045015 1798.8037923633462 1.0 1799.0084651553154 1.0 2
341 nan 0.25 0.2 -1.0 1.0 1802.9301763301414 1802.9310403334846 1803.213569426714 1802.3205739713217 1804.7936770807596 1803.0984649813242 1.0 1803.0984649813242 1.0 1
342 0.125 nan 0.2 1.0 1.0 1806.149164785824 1806.1500287891674 1806.7737432025929 1805.4576741101425 1808.3435947684143 1806.3409735280165 1.0 1806.3409735280165 1.0 1
343 nan 0.0625 0.2 1.0 -1.0 1809.8141709673457 1809.8153229718032 1810.27362874519 1809.014295872277 1812.8268613641758 1810.1333722024758 -1.0 1810.1333722024758 -1.0 1
344 nan 1.0 0.2 -1.0 1.0 1813.9653230299796 1813.9662830336943 1814.2621561785575 1813.4865691774703 1815.8269152977182 1814.1162356139266 1.0 1814.1162356139266 1.0 1
345 nan 0.0 0.2 1.0 -1.0 1817.0817830889348 1817.0825510919065 1817.5115767519956 1816.5095248746159 1820.0600214540545 1817.3611441699056 -1.0 1817.3611441699056 -1.0 1
346 nan 0.125 0.2 -1.0 1.0 1821.2145030802467 1821.2155590843329 1821.5160402470267 1820.7365172307093 1823.0768230905971 1821.3834637340299 1.0 1821.3834637340299 1.0 1
347 nan 0.0 0.2 -1.0 1.0 1824.4979077851842 1824.498867788899 1824.7716048442387 1823.7583209233974 1826.331374947896 1824.616084242461 1.0 1824.616084242461 1.0 1
348 0.125 nan 0.2 1.0 1.0 1828.260066342631 1828.2612183470887 1828.6754599499718 1827.0162855298959 1830.226913142513 1828.4106909254638 1.0 1828.4106909254638 1.0 1
349 0.0625 nan 0.2 1.0 1.0 1831.8632482849273 1831.864208288642 1832.1474093844718 1830.911116600711 1833.709945573666 1832.0305769323957 -1.0 1832.0305769323957 -1.0 1
350 nan 0.125 0.2 -1.0 1.0 1834.8987800307355 1834.8998360348214 1835.2455333724765 1834.3786500181234 1836.810140475289 1835.0822367406101 1.0 1835.0822367406101 1.0 1
351 nan 0.125 0.2 -1.0 1.0 1837.9820239611627 1837.9827919641345 1838.3105372323253 1837.4801340191298 1839.8600275657384 1838.1745047059555 1.0 1838.1745047059555 1.0 1
352 nan 1.0 0.2 -1.0 1.0 1841.2472845958928 1841.2480525988647 1841.4814295019025 1840.5407218618907 1843.0600533751112 1841.3907091508656 1.0 1841.3907091508656 1.0 1
353 nan 0.125 0.2 -1.0 1.0 1844.298848403736 1844.2997124070791 1844.447264978025 1843.727358192389 1846.0263731660402 1844.3271685133188 1.0 1844.3271685133188 1.0 1
354 nan 0.0 0.2 1.0 -1.0 1847.2817719459797 1847.2827319496944 1847.8760142453646 1846.7152737539488 1850.4489450382678 1847.4265405061528 1.0 1847.4265405061528 1.0 1
355 nan 0.25 0.2 -1.0 1.0 1851.7096930795547 1851.7106530832693 1852.0103662429915 1851.1537549283855 1853.5818477964478 1851.875197719965 1.0 1851.875197719965 1.0 1
356 nan 1.0 0.2 -1.0 1.0 1854.8765533335304 1854.8777053379881 1855.1294183119765 1854.2623429568803 1856.7145865077835 1855.0153698706727 1.0 1855.0153698706727 1.0 1
357 nan 0.25 0.2 -1.0 1.0 1857.8930770057877 1857.8939410091311 1858.1469019879485 1857.398195090872 1859.7314040280323 1858.0457175964214 1.0 1858.0457175964214 1.0 1
358 nan 0.125 0.2 -1.0 1.0 1861.309826226694 1861.311266232266 1861.5498271553631 1860.4175027739018 1863.126334375394 1861.425410673941 1.0 1861.425410673941 1.0 1
359 0.25 nan 0.2 1.0 1.0 1864.5817108870554 1864.5825748903985 1864.851375930508 1863.8177399309156 1866.4264720148967 1864.717551412682 -1.0 1864.717551412682 -1.0 1
360 0.0625 nan 0.2 1.0 1.0 1867.9814680422116 1867.9825240462978 1883.389143661288 1867.1147766886015 1884.9640641276837 1883.177270841459 -1.0 1883.177270841459 -1.0 1
361 1.0 nan 0.2 1.0 1.0 1886.2759708316926 1886.27712283615 1887.0404217896896 1885.6928645753978 1888.6093885767214 1886.9189813197831 -1.0 1886.9189813197831 -1.0 1
362 nan 1.0 0.2 -1.0 1.0 1889.9317609775533 1889.932720981268 1890.1857779604566 1889.2949905136081 1891.7595218378658 1890.079505549242 1.0 1890.079505549242 1.0 1
363 0.25 nan 0.2 1.0 1.0 1893.1479654224634 1893.1491174269208 1893.417822466659 1892.4432266955191 1894.992764803408 1893.325854110793 -1.0 1893.325854110793 -1.0 1
364 nan 0.0625 0.2 1.0 -1.0 1896.347465802738 1896.3483298060812 1896.614730836904 1895.6752712017214 1899.1977711742065 1896.5072104208602 -1.0 1896.5072104208602 -1.0 1
365 0.125 nan 0.2 1.0 1.0 1900.5592901001394 1900.5603461042256 1900.9066194441095 1899.9045675667298 1902.4760118314352 1900.7596428753925 -1.0 1900.7596428753925 -1.0 1
366 nan 1.0 0.2 -1.0 1.0 1903.8136066925222 1903.8146626966084 1904.0750157040288 1903.1892202764964 1905.642839009526 1903.9731593099016 1.0 1903.9731593099016 1.0 1
367 0.25 nan 0.2 1.0 1.0 1906.814194303116 1906.8152503072022 1907.0910593744288 1906.3354404506067 1908.6647493924909 1906.9762429301534 -1.0 1906.9762429301534 -1.0 1
368 nan 0.0 0.2 -1.0 1.0 1910.525664664428 1910.5266246681426 1915.4548997378072 1909.3691481893568 1917.0311834930706 1911.9493501732934 1.0 1915.313203189521 1.0 2
369 nan 0.0625 0.2 -1.0 1.0 1919.5425955549008 1919.5435555586155 1926.2597415464943 1917.7522846274003 1927.8301920458366 1926.1290850409268 1.0 1926.1290850409268 1.0 1
370 nan 1.0 0.2 -1.0 1.0 1930.4587977944905 1930.4597577982051 1930.7654229809582 1928.8433995438038 1932.3301763113482 1930.632366466104 1.0 1930.632366466104 1.0 1
371 nan 0.0625 0.2 -1.0 1.0 1933.542233725661 1933.543097729004 1933.7547785480904 1933.0565678464059 1935.3256949651707 1933.6766342457156 1.0 1933.6766342457156 1.0 1
372 0.0625 nan 0.2 1.0 1.0 1936.6627258002177 1936.6637818043039 1937.1744077801404 1936.0152992950398 1938.7421668252982 1936.8837186553362 1.0 1936.8837186553362 1.0 1
373 nan 0.0 0.2 1.0 -1.0 1940.6457812124115 1940.6467412161262 1941.060694817895 1939.4504805872675 1943.630696338842 1940.9213022785239 -1.0 1940.9213022785239 -1.0 1
374 nan 0.125 0.2 -1.0 1.0 1945.725448867881 1945.726312871224 1946.5112119083437 1944.3345954860572 1948.0590297214867 1946.12701842173 -1.0 1946.12701842173 -1.0 1
375 nan 0.25 0.2 -1.0 1.0 1949.4799273956103 1949.4809833996965 1949.774648536016 1948.7621326181463 1951.3255674834763 1949.6380400074174 1.0 1949.6380400074174 1.0 1
376 0.0625 nan 0.2 -1.0 -1.0 1952.6485156562724 1952.649283659244 1953.0496052082644 1952.0326732733072 1955.6087423533463 1952.841764404037 1.0 1952.841764404037 1.0 1
377 0.125 nan 0.2 1.0 1.0 1957.0641487422997 1957.0649167452714 1957.3711579302533 1956.3156338459662 1958.9300847564712 1957.2552854818919 -1.0 1957.2552854818919 -1.0 1
378 nan 1.0 0.2 -1.0 1.0 1960.1585287158173 1960.1595847199035 1960.4020816582308 1959.6360946942903 1961.9586882077497 1960.2965772499879 1.0 1960.2965772499879 1.0 1
379 nan 0.0 0.2 -1.0 1.0 1963.1968444723977 1963.197900476484 2003.976746267781 1962.6534823698908 2005.5416672654167 1969.7649018871018 1.0 2001.61734513822 1.0 3
380 nan 0.0 0.2 -1.0 1.0 2007.5462320796921 2007.5472880837783 2008.517083836345 2006.3475714415467 2010.0916419494447 2007.780568986445 1.0 2008.2953229782545 1.0 3
381 0.0625 nan 0.2 -1.0 -1.0 2011.3129986549695 2011.3138626583127 2016.8318680099032 2010.8105327107075 2019.3915315870427 2016.653211318602 1.0 2016.653211318602 1.0 1
382 nan 1.0 0.2 -1.0 1.0 2023.6128542485228 2023.6138142522375 2024.1438323031105 2020.1209367367574 2025.6963673745054 2023.9954157288214 1.0 2023.9954157288214 1.0 1
383 nan 0.25 0.2 -1.0 1.0 2026.957987192314 2026.9587551952857 2029.8164942531355 2026.435169169301 2031.3913913471056 2029.6271815206012 1.0 2029.6271815206012 1.0 1
384 nan 0.0625 0.2 -1.0 1.0 2032.6798013325304 2032.680761336245 2034.4942083532696 2032.1279911973343 2036.057912783692 2032.958490410901 1.0 2034.4622402295709 1.0 3
385 nan 0.0625 0.2 -1.0 1.0 2037.2629550667689 2037.2640110708548 2037.5229240727033 2036.7791131945717 2039.096551497673 2037.3923635675073 1.0 2037.3923635675073 1.0 1
386 nan 0.25 0.2 -1.0 1.0 2040.9744254280806 2040.9752894314238 2041.340282843744 2039.8310610039007 2042.9079235508814 2041.212602349692 1.0 2041.212602349692 1.0 1
387 0.0625 nan 0.2 1.0 1.0 2045.9612607243407 2045.962316728427 2046.5200788866541 2043.6264356898753 2048.0961697880784 2046.2991820319069 -1.0 2046.2991820319069 -1.0 1
388 nan 0.25 0.2 -1.0 1.0 2050.674494961918 2050.675550966004 2051.0056002431097 2048.8076717383574 2052.5745195027125 2050.8277115547803 1.0 2050.8277115547803 1.0 1
389 nan 0.125 0.2 -1.0 1.0 2054.6455503276784 2054.6466063317644 2055.2302885902877 2053.2996251197014 2056.8124820284525 2054.815662985919 1.0 2054.9741595992123 -1.0 2
390 0.25 nan 0.2 1.0 1.0 2058.92409488325 2058.925246887707 2063.5243366836094 2057.537369517399 2065.0910744502085 2063.2155034885977 1.0 2063.2155034885977 1.0 1
391 nan 0.25 0.2 -1.0 1.0 2066.829149471384 2066.8301094750987 2073.751640257547 2065.8490816790704 2075.3076769118816 2073.242070285796 -1.0 2073.242070285796 -1.0 1
392 nan 0.0625 0.2 -1.0 1.0 2076.662851522304 2076.663715525647 2076.920036517466 2076.050081151226 2078.490662718789 2076.731011786046 1.0 2076.731011786046 1.0 1
393 0.125 nan 0.2 -1.0 -1.0 2080.813235581966 2080.8140995853096 2081.740407169601 2079.211853385514 2084.3077026684505 2081.512406287365 1.0 2081.512406287365 1.0 1
394 0.25 nan 0.8 -1.0 -1.0 2085.863239122652 2085.8640071256236 2092.4330245440424 2085.3503091379002 2095.0071089164617 2092.167103515077 1.0 2092.167103515077 1.0 1
395 nan 0.0 0.8 -1.0 1.0 2096.4961442660406 2096.4970082693835 2096.9182578993837 2095.7528133897663 2098.496403904928 2096.730673173536 1.0 2096.730673173536 1.0 1
396 1.0 nan 0.8 1.0 1.0 2099.8573092718666 2099.8582692755813 2100.4599036035693 2099.2286988394962 2102.0287253825436 2100.22316668753 -1.0 2100.22316668753 -1.0 1
397 0.125 nan 0.8 1.0 1.0 2103.4072110079987 2103.4082670120847 2103.7843004671236 2102.753928480161 2105.3615196883143 2103.562059607176 -1.0 2103.562059607176 -1.0 1
398 0.0625 nan 0.8 1.0 1.0 2107.257209905338 2107.2582659094246 2107.8762203005617 2106.090613391263 2109.440475292758 2107.7763799142353 -1.0 2107.7763799142353 -1.0 1
399 0.25 nan 0.8 -1.0 -1.0 2115.411673458546 2115.412537461889 2120.1418037615013 2110.174085192012 2122.695115799935 2118.9052229766257 1.0 2119.9402989817904 1.0 3
400 1.0 nan 0.8 1.0 1.0 2123.973754589005 2123.974810593091 2124.775549691503 2123.460920604625 2126.340206150601 2124.6865573471523 -1.0 2124.6865573471523 -1.0 1
401 0.125 nan 0.8 1.0 1.0 2129.744720919413 2129.745776923499 2130.030706026015 2127.0857986308724 2131.61213533103 2129.907153547936 -1.0 2129.907153547936 -1.0 1
402 0.0625 nan 0.8 1.0 1.0 2133.0403176715267 2133.0413736756127 2134.481571248371 2132.353339013304 2136.05687637639 2134.369730815611 -1.0 2134.369730815611 -1.0 1
403 0.0625 nan 0.8 1.0 1.0 2137.3792464607513 2137.380398465209 2137.7424158660137 2136.7903801821685 2139.306926755129 2137.6028313258994 -1.0 2137.6028313258994 -1.0 1
404 0.0 nan 0.8 1.0 1.0 2140.778427613679 2140.7793876173937 2141.290301594345 2140.0629368451305 2142.856750655625 2141.1847971861016 -1.0 2141.1847971861016 -1.0 1
405 0.0 nan 0.8 1.0 1.0 2144.362025480196 2144.3629854839105 2153.0773232035176 2143.602950543001 2154.639956151812 2150.974819068004 -1.0 2152.9422506808623 -1.0 3
406 0.0 nan 0.8 1.0 1.0 2155.8780380407156 2155.8789020440586 2157.398875925506 2155.3950601718616 2158.9733438562102 2157.1306508876255 -1.0 2157.1306508876255 -1.0 1
407 1.0 nan 0.8 1.0 1.0 2160.2619910041585 2160.2628550075015 2160.498631919826 2159.711236873048 2162.0732703463273 2160.381607467007 -1.0 2160.381607467007 -1.0 1
408 0.25 nan 0.8 1.0 1.0 2164.978009252508 2164.9788732558513 2165.3831308201015 2162.811376868854 2166.9565644644254 2165.189690071594 -1.0 2165.189690071594 -1.0 1
409 nan 0.25 0.8 1.0 -1.0 2168.2285818304035 2168.229445833747 2168.952520631641 2167.713059835622 2171.539617804977 2168.7613838920493 -1.0 2168.7613838920493 -1.0 1
410 1.0 nan 0.8 1.0 1.0 2172.84495169317 2172.845815696513 2175.6076503832664 2172.2863255315992 2177.195063919152 2175.326081293752 -1.0 2175.326081293752 -1.0 1
411 0.0625 nan 0.8 1.0 1.0 2178.5899979232813 2178.5914379288533 2178.96795138575 2177.9306673720416 2180.5454085719994 2178.8297108508364 -1.0 2178.8297108508364 -1.0 1
412 0.125 nan 0.8 1.0 1.0 2183.42304062445 2183.4240966285365 2183.7306258146327 2181.282616342207 2185.3114383091643 2183.596513295692 -1.0 2183.596513295692 -1.0 1
413 0.0625 nan 0.8 1.0 1.0 2186.6396290708462 2186.640685074932 2186.915054136587 2186.053738803779 2188.4896876270413 2186.7934216659373 -1.0 2186.7934216659373 -1.0 1
414 1.0 nan 0.8 1.0 1.0 2189.861113536187 2189.8619775395305 2190.166970719683 2189.266199234202 2191.7447855674577 2190.00914610899 -1.0 2190.00914610899 -1.0 1
415 0.0 nan 0.8 1.0 1.0 2193.206150479607 2193.20701448295 2193.558663843636 2192.504579764921 2195.1278237975766 2193.42416732321 -1.0 2193.42416732321 -1.0 1
416 0.25 nan 0.8 1.0 1.0 2196.522675312701 2196.5236353164155 2198.8577883482803 2195.878032818295 2200.428063728399 2198.7058197602473 -1.0 2198.7058197602473 -1.0 1
417 0.125 nan 0.8 1.0 1.0 2201.8728720149657 2201.873928019052 2203.112716812471 2201.176965322197 2204.672775254724 2202.6799471378945 1.0 2202.988684332535 -1.0 2
418 0.0 nan 0.8 1.0 1.0 2205.978519901524 2205.97957590561 2206.3521533472763 2205.4179737325244 2207.9229231944946 2206.1793526786346 -1.0 2206.1793526786346 -1.0 1
419 0.0625 nan 0.8 1.0 1.0 2209.7116863467877 2209.7125503501306 2212.0739674874926 2208.688034385828 2213.6395598281324 2211.932366939578 -1.0 2211.932366939578 -1.0 1
420 0.0 nan 0.8 -1.0 -1.0 2215.277115881883 2215.278171885969 2215.447804542353 2214.7215617322 2218.039371038191 2215.2952599520904 1.0 2215.2952599520904 1.0 1
421 nan 0.25 0.8 -1.0 1.0 2219.395051815989 2219.3961078200755 2219.696108980912 2218.784969455312 2221.2560126687667 2219.5836925459234 1.0 2219.5836925459234 1.0 1
422 0.25 nan 0.8 1.0 1.0 2222.7282807137185 2222.729432718176 2223.906685273484 2222.0096219329116 2225.4778054617304 2223.542939865993 -1.0 2223.82988497631 -1.0 2
423 1.0 nan 0.8 1.0 1.0 2226.9059288788776 2226.9071768837066 2227.580139487695 2226.227398253344 2229.1391156960876 2226.9852251857096 1.0 2227.235978155983 -1.0 2
424 0.25 nan 0.8 1.0 1.0 2231.194169471967 2231.19503347531 2231.4949386357753 2229.8945164430374 2233.0609672321543 2231.3864582160168 -1.0 2231.3864582160168 -1.0 1
425 0.25 nan 0.8 1.0 1.0 2234.5225983511227 2234.5237503555804 2234.7841033630007 2233.815075613406 2236.361268964735 2234.6617028893797 -1.0 2234.6617028893797 -1.0 1
426 0.125 nan 0.8 1.0 1.0 2241.972515178129 2241.9732831811007 2244.7190858058193 2237.118064394123 2246.2722285642567 2244.5069249848757 -1.0 2244.5069249848757 -1.0 1
427 1.0 nan 0.8 -1.0 -1.0 2248.5940447997405 2248.594908803084 2249.1386549070767 2247.072630912721 2251.6934861342124 2249.0096304078243 1.0 2249.0096304078243 1.0 1
428 nan 0.25 0.8 -1.0 1.0 2253.0723661283364 2253.0732301316793 2253.60440018701 2252.454891739056 2255.160661685538 2253.228558732714 1.0 2253.545935960786 1.0 2
429 0.0 nan 0.8 -1.0 -1.0 2256.3556748329024 2256.3565388362454 2259.0359092039084 2255.904377086633 2261.5928632341506 2256.548539579181 -1.0 2258.963140922336 1.0 4
430 0.125 nan 0.8 -1.0 -1.0 2262.8887881123924 2262.8898441164783 2281.7140769557177 2262.3446580069135 2284.2721452228116 2281.594556493241 1.0 2281.594556493241 1.0 1
431 1.0 nan 0.8 -1.0 -1.0 2285.543243772449 2285.5443957769066 2294.336013795545 2285.0654499236543 2296.909781317429 2287.06014564201 1.0 2294.1956612524596 1.0 2
432 0.125 nan 0.8 -1.0 -1.0 2298.3552613477823 2298.3563173518687 2316.66589219967 2297.6897867727685 2319.23848859484 2316.4903075202556 1.0 2316.4903075202556 1.0 1
433 0.0625 nan 0.8 -1.0 -1.0 2320.6431875895755 2320.64414759329 2358.124228620215 2320.0190891746643 2360.692786763634 2357.9660200080366 1.0 2357.9660200080366 1.0 1
434 0.125 nan 0.8 -1.0 -1.0 2362.537941698813 2362.5389017025277 2363.0671917467143 2361.5214897657133 2365.642501998078 2362.694998306534 1.0 2362.9753193912197 1.0 2
435 0.125 nan 0.8 1.0 1.0 2367.5876572383845 2367.5885212417274 2368.138315369123 2366.432100767028 2369.7044549155685 2367.9795307547156 -1.0 2367.9795307547156 -1.0 1
436 0.25 nan 0.8 1.0 1.0 2371.0267745458423 2371.0278305499287 2372.027962419879 2370.513364559233 2373.5925890793574 2371.8774338374174 -1.0 2371.8774338374174 -1.0 1
437 nan 0.25 0.2 -1.0 1.0 2375.1044863243037 2375.1054463280184 2375.5154639145567 2374.360291444686 2377.087688587353 2375.398535462109 1.0 2375.398535462109 1.0 1
438 nan 0.0625 0.2 1.0 -1.0 2378.827188729077 2378.8281487327918 2386.902739976938 2377.8503849493936 2389.4755416383464 2382.9295726030055 1.0 2386.795315561266 -1.0 4
439 nan 1.0 0.2 -1.0 1.0 2391.0710761060645 2391.072036109779 2391.3636852382983 2390.2484489229582 2392.9209529465134 2391.23562074276 1.0 2391.23562074276 1.0 1
440 nan 1.0 0.2 -1.0 1.0 2394.408817021253 2394.409681024596 2394.851858735576 2393.6903502411888 2396.4209856165244 2394.629905876743 1.0 2394.629905876743 1.0 1
441 nan 0.125 0.2 -1.0 1.0 2397.8593583729157 2397.8603183766304 2398.232223815696 2397.1960918064456 2399.804089409602 2397.8702064148915 -1.0 2397.984638857681 1.0 2
442 nan 1.0 0.2 -1.0 1.0 2401.292715658086 2401.293579661429 2401.5689087267983 2400.5637848375313 2403.159844161515 2401.4544762840087 1.0 2401.4544762840087 1.0 1
443 nan 0.125 0.2 1.0 -1.0 2404.570744342221 2404.571608345564 2409.0508896778747 2403.929557861188 2411.641872539195 2406.2161907091768 -1.0 2408.8826010266916 -1.0 2
444 0.25 nan 0.2 1.0 1.0 2413.1706496190386 2413.1715136223816 2439.780032582449 2412.421270719362 2441.3372100500637 2418.0059963291224 -1.0 2439.7392324245757 -1.0 5
445 nan 1.0 0.2 -1.0 1.0 2443.2099338542466 2443.2109898583326 2443.4950549575055 2442.1639138067344 2445.0537374829532 2443.362958446366 1.0 2443.362958446366 1.0 1
446 nan 0.25 0.2 -1.0 1.0 2447.225341391625 2447.2263013953398 2447.549726646814 2445.816439939965 2449.1420417755494 2447.3927660394647 1.0 2447.3927660394647 1.0 1
447 0.0625 nan 0.2 1.0 1.0 2450.4699619464895 2450.4709219502042 2451.1105724252934 2449.8992397381144 2452.68714410158 2450.6210665311796 1.0 2450.6210665311796 1.0 1
448 nan 0.25 0.2 -1.0 1.0 2454.225208477191 2454.2262644812768 2454.4948735206435 2453.449141474246 2456.0701546160985 2454.3801530767396 1.0 2454.3801530767396 1.0 1
449 nan 0.0625 0.2 -1.0 1.0 2457.3747886643023 2457.375556667274 2457.677861837026 2456.8547546520617 2459.258809275742 2457.532229273509 1.0 2457.532229273509 1.0 1
450 0.25 nan 0.2 1.0 1.0 2460.5702570289754 2460.57121703269 2460.880146228073 2460.0358229610147 2462.457156463128 2460.7511217288206 -1.0 2460.7511217288206 -1.0 1
451 nan 0.0625 0.2 1.0 -1.0 2465.153506763585 2465.1545627676715 2469.1171701007424 2463.2439633747217 2471.707869838438 2465.465891972341 -1.0 2468.866801131955 -1.0 2
452 0.0625 nan 0.2 1.0 1.0 2473.05337733166 2473.0544333357466 2496.6640926919067 2472.4919671593175 2498.2363782556104 2477.665619178453 1.0 2496.4796759783176 -1.0 4
453 nan 1.0 0.2 -1.0 1.0 2499.7746967282023 2499.775656731917 2500.0727778816095 2499.071782008316 2501.6531888378854 2499.9600734455066 1.0 2499.9600734455066 1.0 1
454 nan 1.0 0.2 -1.0 1.0 2504.1584576909027 2504.1593216942456 2504.3613064758138 2502.4247869825676 2505.9365428189644 2504.0756093703258 1.0 2504.0756093703258 1.0 1
455 nan 0.0625 0.2 1.0 -1.0 2507.2583096855938 2507.2592696893084 2507.8862481153637 2506.7196516012887 2510.4697526052546 2507.5326787472486 -1.0 2507.68061531968 -1.0 2
456 nan 0.25 0.2 -1.0 1.0 2514.3245130278438 2514.3255690319297 2568.814419873269 2511.2633491828537 2570.371644837608 2520.862234325164 -1.0 2568.7787077350827 1.0 5
457 nan 1.0 0.2 -1.0 1.0 2572.2524811766407 2572.2535371807267 2573.371845507954 2571.2811494181306 2574.9396830206438 2572.8526754990567 1.0 2573.185700787678 1.0 2
458 nan 0.125 0.2 -1.0 1.0 2576.3523690409106 2576.3531370438827 2600.227565424551 2575.7302866338005 2601.7900718841192 2600.0463167232197 1.0 2600.0463167232197 1.0 1
459 nan 0.0 0.2 -1.0 1.0 2603.3686015786016 2603.369657582688 2605.6179862824606 2602.617974674096 2607.1899544980315 2605.289761012413 1.0 2605.569602095241 1.0 2
460 nan 0.25 0.2 -1.0 1.0 2608.8187346675645 2608.819598670908 2610.0868995746528 2607.9879474528834 2611.6568778364094 2609.977555151551 1.0 2609.977555151551 1.0 1
461 nan 0.25 0.2 -1.0 1.0 2613.518528853136 2613.5195848572225 2615.3098957847233 2612.439580678211 2616.8686618148245 2614.9527744028633 1.0 2615.1919113281892 1.0 2
462 nan 1.0 0.2 -1.0 1.0 2618.3904517047495 2618.391219707721 2619.2390949885234 2617.6674729072265 2620.8066656991296 2618.9458138536897 1.0 2618.9458138536897 1.0 1
463 nan 0.25 0.2 -1.0 1.0 2622.3184989040924 2622.3195549081784 2623.529543590157 2621.599360121428 2625.0849992926615 2623.3455108780536 1.0 2623.3455108780536 1.0 1
464 nan 1.0 0.2 -1.0 1.0 2629.073085040558 2629.0741410446444 2629.436158445449 2625.901904769866 2631.001851703043 2629.179549452516 1.0 2629.179549452516 1.0 1
465 nan 1.0 0.2 -1.0 1.0 2633.9208157985613 2633.921775802276 2635.894199434451 2631.8028556032414 2637.4684665117525 2634.1057125140082 1.0 2635.8668393285825 1.0 5
466 0.0625 nan 0.2 -1.0 -1.0 2639.290980578092 2639.2921325825496 2649.455403908718 2638.271264632362 2652.0394191329037 2644.221847657786 1.0 2649.2681071839847 1.0 3
467 0.0625 nan 0.8 1.0 1.0 2653.518235629602 2653.519387634059 2654.9315530983486 2652.8488250393575 2656.506425798136 2654.4154551013385 -1.0 2654.8372807335677 -1.0 2
468 0.125 nan 0.8 -1.0 -1.0 2657.968236848614 2657.9692928527006 2662.4226540847144 2657.310922305175 2665.006662332022 2662.2487974119867 1.0 2662.2487974119867 1.0 1
469 0.125 nan 0.8 -1.0 -1.0 2666.3512772862864 2666.352237290001 2690.27380185306 2665.804363170035 2692.83935608012 2687.758688120978 1.0 2690.103881195562 1.0 2
470 0.0625 nan 0.8 -1.0 -1.0 2694.2845053722363 2694.285465375951 2696.0601282429025 2693.6951590917965 2698.6225949498394 2695.111260571316 -1.0 2695.853727444247 1.0 3
471 1.0 nan 0.8 1.0 1.0 2700.0009434916506 2700.0020954961083 2701.482229223397 2699.411597211211 2703.0343664108327 2700.572049701512 1.0 2700.9157310313662 -1.0 2
472 0.0625 nan 0.8 1.0 1.0 2707.939214208313 2707.9403662127706 2710.332503469002 2703.8548784042205 2711.8844015795003 2709.7695572907155 -1.0 2710.268759222348 -1.0 2
473 0.0625 nan 0.8 1.0 1.0 2713.2541787742493 2713.255330778707 2713.7394606520184 2712.6992006267947 2715.3008799767163 2713.529507839619 -1.0 2713.529507839619 -1.0 1
474 1.0 nan 0.8 1.0 1.0 2717.1059056782756 2717.1069616823615 2724.780847376002 2716.467311207273 2726.3342486921906 2724.168749007524 1.0 2724.543342456991 -1.0 3
475 0.125 nan 0.8 -1.0 -1.0 2727.671226560151 2727.6721865638656 2742.4138116056993 2727.14984854271 2744.9837663863996 2728.0512920307915 -1.0 2739.763529350591 1.0 3
476 0.125 nan 0.8 -1.0 -1.0 2746.4056030516967 2746.4064670550397 2748.351722582089 2745.825568807289 2750.939274329233 2747.8487766359704 1.0 2748.2591782239947 1.0 2
477 nan 1.0 0.8 -1.0 1.0 2752.3337219901973 2752.3347779942833 2756.3444255093737 2751.749271728702 2757.9168587412714 2755.9681040532205 1.0 2756.2431451174753 1.0 3
478 0.125 nan 0.8 1.0 1.0 2759.3374290906218 2759.3383890943364 2762.059807624702 2758.722066709514 2763.633629806359 2760.197976420458 -1.0 2761.9451831811693 -1.0 6
479 0.0625 nan 0.8 -1.0 -1.0 2770.6053766912687 2770.6063366949834 2770.7486092454983 2764.4593369095364 2773.3000449360725 2770.5550724966197 1.0 2770.5550724966197 1.0 1
480 0.0625 nan 0.8 1.0 1.0 2775.1711543582715 2775.172306362729 2782.127533275562 2774.153742421457 2783.7025780429594 2775.369107124238 1.0 2782.1045891867816 -1.0 4
481 nan 1.0 0.8 -1.0 1.0 2785.2998655507117 2785.3008255544264 2785.67522700315 2784.533686586028 2787.255309343739 2785.5174023924574 1.0 2785.5174023924574 1.0 1
482 0.125 nan 0.8 1.0 1.0 2788.683206642347 2788.684166646062 2789.0191119421124 2788.0734122827844 2790.6050855175167 2788.893831457347 -1.0 2788.893831457347 -1.0 1
483 0.0 nan 0.8 1.0 1.0 2791.9333952187567 2791.9348352243287 2792.563349656328 2791.4010731589683 2794.1386929306686 2792.3471568197824 -1.0 2792.3471568197824 -1.0 1
484 0.125 nan 0.8 -1.0 -1.0 2796.0666912122974 2796.067747216384 2817.5530143523356 2794.9456948746697 2820.121319089742 2811.087677335102 -1.0 2817.376277668464 1.0 2
485 1.0 nan 0.8 1.0 1.0 2821.6995583971393 2821.7006144012253 2828.7445456572946 2820.97552359553 2830.32149949121 2825.186195888474 1.0 2828.53296083858 -1.0 3
486 nan 1.0 0.8 -1.0 1.0 2831.699821092556 2831.7005890955274 2832.0783505572526 2831.153002976676 2833.6495965882823 2831.967182127093 1.0 2831.967182127093 1.0 1
487 0.25 nan 0.8 1.0 1.0 2835.055034075351 2835.055898078694 2835.665500437514 2834.4727918223994 2837.238236361181 2835.347547207213 -1.0 2835.347547207213 -1.0 1
488 0.0 nan 0.8 1.0 1.0 2838.5662476617813 2838.567207665496 2842.6277353774644 2838.0598457022893 2844.204044327989 2842.222421809128 -1.0 2842.437846642701 -1.0 2
489 0.0 nan 0.8 -1.0 -1.0 2846.016068488416 2846.0171244925023 2846.517094427106 2845.0446407295344 2849.066175874483 2846.399301971315 1.0 2846.399301971315 1.0 1
490 nan 0.125 0.8 -1.0 1.0 2850.420757532096 2850.421813536182 2850.718838685503 2849.8945794960814 2852.287518589203 2850.618998299177 1.0 2850.618998299177 1.0 1
491 1.0 nan 0.8 1.0 1.0 2853.682946154939 2853.683714157911 2854.025283479593 2853.104927918332 2855.5858766434853 2853.8983709885124 -1.0 2853.8983709885124 -1.0 1
492 0.25 nan 0.8 1.0 1.0 2856.966062858762 2856.967022862477 2863.1533828002257 2856.4013886737894 2864.7161384044043 2862.7629492894666 -1.0 2863.00323821925 -1.0 2
493 0.0625 nan 0.8 1.0 1.0 2866.087826154878 2866.088690158221 2876.380121980299 2865.5402400360263 2877.954383584978 2876.218169353633 -1.0 2876.218169353633 -1.0 1
494 nan 0.0625 0.8 1.0 -1.0 2880.732394821158 2880.733258824501 2882.9082432404725 2878.8052833643155 2885.48761554643 2882.683506370867 -1.0 2882.683506370867 -1.0 1
495 0.25 nan 0.8 1.0 1.0 2886.8657625538563 2886.866530556828 2887.554661219508 2886.307328393029 2889.13243923108 2887.429188734 -1.0 2887.429188734 -1.0 1
496 nan 1.0 0.8 1.0 -1.0 2890.521168698231 2890.522224702317 2900.4861032569474 2889.9602385277453 2903.048984662089 2900.3585187632666 -1.0 2900.3585187632666 -1.0 1
497 0.25 nan 0.8 -1.0 -1.0 2904.570343060668 2904.57111106364 2921.3216398788063 2903.899684465595 2923.903826246514 2917.647033660138 -1.0 2920.989094592042 1.0 2
498 1.0 nan 0.8 -1.0 -1.0 2925.5320241706354 2925.53298417435 2935.836224042119 2924.7590291795777 2938.4209791494286 2925.948377781691 1.0 2935.72707161976 1.0 2
499 0.125 nan 0.8 -1.0 -1.0 2939.831663502232 2939.832911507061 2946.297864522809 2939.2766853547773 2948.853336406322 2942.139992434172 1.0 2942.139992434172 1.0 1
500 0.25 nan 0.8 1.0 1.0 2950.3816243246724 2950.3824883280154 2957.790836994176 2949.7284377972064 2959.353400076716 2956.7105448140505 1.0 2957.4924678396546 -1.0 2
501 0.25 nan 0.8 1.0 1.0 2961.8817008235283 2961.8827568276147 2963.6111475155185 2960.211102359248 2965.187758867837 2962.1406138253765 -1.0 2963.5327152120294 -1.0 3
502 0.0 nan 0.8 1.0 1.0 2966.748247654339 2966.7491116576825 2968.7981435862885 2966.022964847901 2970.3698712712676 2968.2183973429956 -1.0 2968.7377593526353 -1.0 2
503 0.125 nan 0.8 1.0 1.0 2971.7979631939106 2971.7990191979966 2973.5361459197043 2971.2145689365016 2975.0982357148214 2972.158060587286 -1.0 2973.4124014408826 -1.0 4
504 0.0 nan 0.8 -1.0 -1.0 2976.9530871413535 2976.954047145068 2991.1519260829086 2976.3130526647783 2993.7147372972254 2980.523436956608 1.0 2990.9869974447274 1.0 3
505 0.25 nan 0.8 -1.0 -1.0 2995.118757432325 2995.119909436782 3003.378245391918 2994.5695393071583 3005.9361973742757 3003.109348351437 -1.0 3003.209764739992 1.0 2
506 0.0 nan 0.8 1.0 1.0 3008.5477693950806 3008.548825399167 3024.4358308729816 3006.797298621739 3026.0193831224856 3009.203067930719 -1.0 3024.3020063551553 -1.0 3
507 0.0 nan 0.8 1.0 1.0 3027.4641625909294 3027.4650265942723 3027.8408680485686 3026.8946883873828 3029.397501071867 3027.7324836291814 -1.0 3027.7324836291814 -1.0 1
508 0.0625 nan 0.8 1.0 1.0 3031.2690413136793 3031.270001317394 3039.67752184979 3030.230701295885 3041.2361728315714 3036.0672358800052 1.0 3039.64545772572 -1.0 4
509 nan 0.0625 0.8 -1.0 1.0 3043.214079534288 3043.214943537631 3058.89161219756 3042.1052752438363 3060.469371519837 3043.564096888659 1.0 3058.759227685306 1.0 5
510 1.0 nan 0.8 1.0 1.0 3061.8304715693 3061.831527573386 3062.0232403152067 3061.338277664785 3063.6025692498674 3061.7952394329714 -1.0 3061.7952394329714 -1.0 1
511 1.0 nan 0.8 1.0 1.0 3065.263636853727 3065.2645008570703 3067.2891486913236 3064.480561823665 3068.8687551031626 3066.9810834992836 1.0 3067.0530837778842 -1.0 2
512 1.0 nan 0.8 1.0 1.0 3070.280328265513 3070.281480269971 3070.6364896436585 3069.7397501737787 3072.2139281488035 3070.4786650329656 -1.0 3070.4786650329656 -1.0 1
513 1.0 nan 0.8 -1.0 -1.0 3073.618357181816 3073.619413185902 3097.667314237812 3073.068851055535 3100.2134094499097 3097.400049203646 1.0 3097.400049203646 1.0 1
514 1.0 nan 0.8 -1.0 -1.0 3101.7848661704325 3101.7859221745184 3108.949565893808 3101.097311509981 3111.5132953697093 3103.22371973799 -1.0 3108.6807648536987 1.0 4
515 nan 0.25 0.8 -1.0 1.0 3112.9680454430736 3112.968909446417 3136.4181521818546 3112.397899236927 3137.9841514490354 3135.7688056692473 1.0 3136.357383946716 1.0 3
516 nan 0.125 0.8 -1.0 1.0 3139.6297486089343 3139.630708612649 3145.293482524413 3138.8975537757506 3146.879766976944 3141.4895638053777 1.0 3145.2765864590347 1.0 2
517 nan 1.0 0.8 -1.0 1.0 3148.38584649013 3148.3869984945873 3153.3900578536254 3147.7538760447583 3154.9681105308837 3149.5420749640866 1.0 3153.2378012644776 1.0 4
518 nan 1.0 0.2 -1.0 1.0 3156.5295580017328 3156.530614005819 3157.4179454392947 3155.834611312678 3158.984823354628 3157.2245046907874 1.0 3157.2245046907874 1.0 1
519 nan 0.25 0.2 -1.0 1.0 3160.4127730276005 3160.413925032058 3172.1565944696126 3159.837922803252 3173.729513368231 3171.9328176037216 1.0 3171.9328176037216 1.0 1
520 1.0 nan 0.2 -1.0 -1.0 3175.2004782477384 3175.201438251453 3178.0927774393167 3174.628316033791 3180.6502807554516 3176.0262734431035 1.0 3177.8669845656245 1.0 2
521 nan 0.125 0.2 1.0 -1.0 3181.9959605424497 3181.9967285454213 3199.1459469032925 3181.5248867196574 3201.7125061703587 3186.3663774535157 -1.0 3198.937434096465 -1.0 2
522 nan 0.25 0.2 -1.0 1.0 3203.1000102033036 3203.1009702070182 3207.466395098768 3202.588808225238 3209.0289995476137 3207.147385864381 1.0 3207.426842945723 1.0 2
523 0.25 nan 0.2 -1.0 -1.0 3212.817167803262 3212.8182238073477 3213.5868987816893 3209.9023085243884 3216.1511041587214 3213.168241161719 1.0 3213.483314380876 1.0 2
524 nan 0.0625 0.2 1.0 -1.0 3217.51216197026 3217.513217974346 3231.4597679396843 3217.0336001184937 3234.028822091735 3218.5560700095994 -1.0 3231.402455717918 -1.0 5
525 nan 0.25 0.2 -1.0 1.0 3235.5171276393944 3235.518087643109 3242.0261448256456 3234.919525327008 3243.600263372079 3241.789119908492 1.0 3241.789119908492 1.0 1
526 nan 0.125 0.2 -1.0 1.0 3246.461649988567 3246.462705992653 3255.072211306617 3244.5024744076545 3256.6501542041638 3247.2806291575575 1.0 3254.8052342735655 1.0 2
527 1.0 nan 0.2 1.0 1.0 3258.028446745593 3258.0295987500504 3262.249871080141 3257.5505568964268 3263.8170455719624 3261.490220140717 -1.0 3262.2433430548813 -1.0 2
528 nan 0.0625 0.2 -1.0 1.0 3265.9283173136682 3265.929277317383 3295.0063498293703 3264.6988405562815 3296.5780340863716 3267.763076413158 -1.0 3294.8896133776657 1.0 8
529 nan 0.125 0.2 1.0 -1.0 3297.966329282833 3297.967385286919 3307.057948462308 3297.4980394708136 3309.6280043163697 3306.8598996959704 -1.0 3306.8598996959704 -1.0 1
530 nan 0.25 0.2 -1.0 1.0 3311.0999481025833 3311.1010041066693 3311.4912456166853 3310.515305840345 3313.0613097781584 3311.30644490161 1.0 3311.30644490161 1.0 1
531 nan 1.0 0.2 -1.0 1.0 3314.6655938996355 3314.66655390335 3314.912410854679 3313.9428071028556 3316.4611644231672 3314.811802465381 1.0 3314.811802465381 1.0 1
532 nan 0.0 0.2 -1.0 1.0 3317.8832383501176 3317.8841983538323 3319.9586703808773 3317.332580219379 3321.5108662324496 3319.760237613054 1.0 3319.760237613054 1.0 1
533 nan 0.25 0.2 -1.0 1.0 3323.549564275626 3323.5505242793406 3324.487871906351 3322.373559725147 3326.033400429962 3324.1808627183973 1.0 3324.1808627183973 1.0 1
534 nan 0.125 0.2 -1.0 1.0 3328.6275039244088 3328.6284639281234 3333.7200356296544 3327.3480109734874 3335.2943590707396 3333.285921949878 1.0 3333.485026720302 1.0 2
535 0.25 nan 0.2 -1.0 -1.0 3336.8653918004215 3336.8664478045075 3337.369777752113 3336.208461258468 3339.9319271890736 3336.983472257327 1.0 3336.983472257327 1.0 1
536 1.0 nan 0.2 -1.0 -1.0 3343.211016354435 3343.2120723585213 3344.5243974364844 3340.812639074058 3347.0942382211765 3344.0057074294446 1.0 3344.464973206546 1.0 2
537 0.0 nan 0.2 1.0 1.0 3348.447836617997 3348.449084622826 3348.973630652525 3347.9510346956517 3350.5481139604194 3348.76070182861 -1.0 3348.76070182861 -1.0 1
538 nan 0.25 0.2 -1.0 1.0 3351.9274660822143 3351.9283300855577 3352.2428273024857 3351.402536051029 3353.810719081383 3352.115626810291 1.0 3352.115626810291 1.0 1
539 nan 1.0 0.2 1.0 -1.0 3356.515611835769 3356.516667839855 3357.605024051184 3354.6915087775114 3360.160743248454 3356.4825877079843 -1.0 3357.4174393253365 -1.0 2
540 0.125 nan 0.2 1.0 1.0 3364.632155242247 3364.6329232452185 3366.2379534557867 3361.0584454139907 3367.8107558328134 3364.6522193198834 -1.0 3366.047776719909 -1.0 3
541 0.0 nan 0.2 1.0 1.0 3369.1989889133356 3369.1999489170503 3391.71395603365 3368.700266983561 3393.2769959355496 3391.3903387814325 -1.0 3391.611811638408 -1.0 2
542 nan 0.125 0.2 1.0 -1.0 3394.8986723567186 3394.8998243611763 3410.381036264797 3394.189997614544 3412.948718933461 3395.126001236354 -1.0 3410.2630518082633 -1.0 6
543 nan 0.0625 0.2 -1.0 1.0 3415.1602227575722 3415.1612787616587 3417.373607322131 3413.878521798107 3418.9481897691207 3415.3219833834955 1.0 3417.2552388641116 1.0 3
544 nan 0.25 0.2 1.0 -1.0 3420.4599232644455 3420.46088326816 3425.175941512795 3419.8220967964144 3427.7601269112047 3424.0562891803675 -1.0 3425.089445178103 -1.0 4
545 nan 0.125 0.2 -1.0 1.0 3429.6631908759373 3429.664150879652 3468.4668290242867 3428.639826916092 3470.0261699385496 3431.6023983795844 1.0 3463.299993031525 1.0 6
546 nan 0.125 0.2 1.0 -1.0 3471.8463301010634 3471.8471941044068 3473.737825420091 3470.9739747255367 3476.3097223814834 3473.3562239435073 -1.0 3473.3562239435073 -1.0 1
547 nan 0.25 0.2 -1.0 1.0 3477.913361577078 3477.914513581535 3478.722836709293 3477.1965268033287 3480.314529377504 3478.3858754054418 1.0 3478.3858754054418 1.0 1
548 nan 0.0 0.2 1.0 -1.0 3485.2593100017843 3485.2601740051277 3485.485198875848 3481.19052625787 3488.042634572518 3485.2150538305377 -1.0 3485.2150538305377 -1.0 1
549 nan 0.0625 0.2 -1.0 1.0 3489.5294065246667 3489.5304625287527 3498.8952027650535 3488.947932274687 3500.4591605266983 3498.336576603483 1.0 3498.736418150646 1.0 2
550 nan 0.0 0.2 -1.0 1.0 3501.9810387055104 3501.981998709225 3506.715681025925 3501.356268287999 3508.280293421146 3505.4295640493724 -1.0 3506.678336881424 1.0 4
551 nan 0.25 0.2 -1.0 1.0 3509.7423807375576 3509.743244740901 3534.122155073632 3509.1683945165523 3535.697412175355 3533.7064734651767 1.0 3534.0937389636774 1.0 2
552 nan 0.125 0.2 -1.0 1.0 3537.9921220482365 3537.993082051951 3539.287071058964 3536.643316829116 3540.8421624755615 3538.4878679664957 1.0 3539.2037427365303 1.0 2
553 1.0 nan 0.8 1.0 1.0 3542.3126187661396 3542.313770770597 3544.1937460450486 3541.7329685232176 3545.763537908557 3543.8548647337675 -1.0 3544.110609723358 -1.0 3
554 0.125 nan 0.8 -1.0 -1.0 3547.8588482269415 3547.860000231399 3553.3420054436897 3546.647227538648 3555.896568396633 3549.3030778153015 1.0 3551.69435106819 1.0 4
555 0.25 nan 0.8 1.0 1.0 3557.8087107273377 3557.8095747306807 3558.5169054676544 3556.7965788109536 3560.075250645806 3558.3286487392065 -1.0 3558.3286487392065 -1.0 1
556 0.0 nan 0.8 -1.0 -1.0 3561.7627740273483 3561.7636380306913 3565.8478778344124 3560.9835390121452 3568.425295779435 3563.950238491611 -1.0 3565.711461306557 1.0 2
557 1.0 nan 0.8 -1.0 -1.0 3571.3466831117094 3571.3475471150527 3587.9900755123176 3569.327699299373 3590.5630304492724 3571.317883000269 -1.0 3587.823034865964 1.0 8
558 0.0625 nan 0.8 1.0 1.0 3592.1082034471665 3592.10906745051 3599.08829445621 3591.4954330760884 3600.6459588381813 3597.625152794671 1.0 3598.7109169959704 -1.0 4
559 1.0 nan 0.8 -1.0 -1.0 3602.208018527795 3602.2089785315097 3621.6209256448747 3601.551567987699 3624.1797085001294 3620.4874492589556 -1.0 3621.3809247162053 1.0 2
560 0.25 nan 0.8 1.0 1.0 3626.374576038839 3626.375536042554 3626.8735859697285 3625.1064111317514 3628.441364793335 3626.7073133263466 -1.0 3626.7073133263466 -1.0 1
561 nan 0.0 0.8 1.0 -1.0 3630.1132145052766 3630.1141745089913 3630.5565442207144 3629.3460755368783 3633.1298446084957 3630.3480314138865 -1.0 3630.3480314138865 -1.0 1
562 0.0625 nan 0.8 -1.0 -1.0 3634.607663896279 3634.6088159007363 3668.6989318103947 3634.0203336236395 3671.2796641494597 3668.5114430849185 1.0 3668.5114430849185 1.0 1
563 nan 0.25 0.8 -1.0 1.0 3672.740739449927 3672.74160345327 3672.9792043726525 3672.2239694503164 3674.562257340944 3672.886564014186 1.0 3672.886564014186 1.0 1
564 0.25 nan 0.8 -1.0 -1.0 3676.0740643480276 3676.0752163524853 3681.535813481938 3675.4551499531754 3684.0952863856646 3680.9799713311404 -1.0 3681.261156419169 1.0 2
565 1.0 nan 0.8 1.0 1.0 3686.490392653385 3686.491448657471 3686.857210072763 3685.0407870442227 3688.42404027982 3686.7458496418603 -1.0 3686.7458496418603 -1.0 1
566 0.0 nan 0.8 1.0 1.0 3691.611916470814 3691.6127804741573 3702.0381328144326 3689.777157371324 3703.578303726797 3693.2172346824964 -1.0 3701.881940210055 -1.0 3
567 1.0 nan 0.8 1.0 1.0 3704.990432238178 3704.9913922418928 3745.900798538386 3704.5061103641237 3747.461165585431 3709.3272490192303 -1.0 3745.4884769429323 1.0 5
568 1.0 nan 0.8 -1.0 -1.0 3750.1065748123847 3750.1077268168424 3785.9978496915196 3748.4553684231405 3788.560520272366 3782.082666541953 -1.0 3785.930841432235 1.0 4
569 0.25 nan 0.8 -1.0 -1.0 3790.0728734595796 3790.0738334632942 3798.8940595926297 3789.5604234766847 3801.4728581473573 3798.686506789517 1.0 3798.686506789517 1.0 1
570 0.0 nan 0.8 -1.0 -1.0 3803.0597077113553 3803.061051716556 3817.65032416887 3802.367065031216 3820.2225170151446 3807.2405238887727 1.0 3817.6097160117392 1.0 3
571 nan 0.125 0.8 -1.0 1.0 3829.2440970302787 3829.245153034365 3829.484961962291 3821.140321673206 3831.0559885685307 3829.3937616093967 1.0 3829.3937616093967 1.0 1
572 0.125 nan 0.8 1.0 1.0 3833.0936159257612 3833.094479929104 3833.714738329157 3832.0164917578936 3835.289098033875 3833.509873536445 -1.0 3833.509873536445 -1.0 1
573 0.25 nan 0.8 1.0 1.0 3836.8598064988096 3836.8607665025243 3841.909330037638 3836.199995945712 3843.4724900240803 3841.6382249886133 -1.0 3841.708977262385 -1.0 2
574 nan 0.125 0.8 1.0 -1.0 3844.9115496545464 3844.91241365789 3845.8914254461174 3844.3894996345052 3848.4556117984607 3845.758560932006 -1.0 3845.758560932006 -1.0 1
575 nan 0.125 0.8 1.0 -1.0 3849.927569063733 3849.928433067076 3850.2434102858615 3849.3409107936936 3852.8053303664396 3850.1072817591203 -1.0 3850.1072817591203 -1.0 1
576 0.125 nan 0.8 -1.0 -1.0 3854.192961568413 3854.1940175724994 3885.593435070661 3853.716031722962 3888.1600740003764 3885.447898507516 1.0 3885.447898507516 1.0 1
577 nan 0.0 0.8 -1.0 1.0 3890.0884604638923 3890.089420467607 3923.1162362628893 3889.1447768123653 3924.677114627644 3922.7104426926953 -1.0 3922.9596596570254 1.0 2
578 0.125 nan 0.8 -1.0 -1.0 3928.8214423388417 3928.8224983429277 3933.0965308810405 3925.653718081523 3935.6601293773156 3928.9857949747943 -1.0 3932.75966557756 1.0 4
579 nan 0.0625 0.8 -1.0 1.0 3937.1046423901876 3937.1055063935305 3937.224258853036 3936.5839363753466 3938.788042222226 3937.06883425163 1.0 3937.06883425163 1.0 1
580 1.0 nan 0.8 0.0 -1.0 3941.259730468051 3941.2607864721376 4001.262074643522 3939.687340383782 4003.7610261429845 nan 0.0 nan 0.0 0
