NYU-11 6713a4a7-faed-4df2-acab-ee4e63326f8d angelakilab 2026-07-28T16:01:20.797097 _iblrig_tasks_ephysChoiceWorld6.2.5 F 366 565
0 1.0 nan 0.5 -1.0 -1.0 268.97470478148165 268.8798564144716 313.59490943668635 253.48216483402788 316.1452015152671 313.0536593423516 1.0 313.0536593423516 1.0 1
1 0.125 nan 0.5 0.0 -1.0 317.3567799930188 317.3579319974764 377.3592201688609 316.68180138122955 379.8584035932172 nan 0.0 nan 0.0 0
2 1.0 nan 0.5 1.0 1.0 381.061090493026 381.0622424974836 385.59403603298676 380.36710380768614 387.1729594716856 385.4202753606303 -1.0 385.48344360505604 -1.0 2
3 nan 0.0625 0.5 1.0 -1.0 389.14432177060445 389.1451857739476 404.5960615601844 387.60485981374876 407.16081114201995 404.19833202119383 -1.0 404.4990051846306 -1.0 2
4 0.25 nan 0.5 0.0 -1.0 408.3919162480164 408.39268425098817 468.3940684227441 407.6312093045065 470.89315224091405 nan 0.0 nan 0.0 0
5 0.0 nan 0.5 -1.0 -1.0 472.1730270451978 472.17398704891247 492.81819493043616 471.45955228444996 495.3912341595166 491.93911952890664 1.0 492.5746419880227 1.0 3
6 0.125 nan 0.5 1.0 1.0 496.4097608277849 496.4105288307567 535.3645995611961 495.87033474050804 536.9258400256787 535.0505823461253 1.0 535.2233830147671 -1.0 2
7 nan 0.125 0.5 1.0 -1.0 539.6736722348943 539.674632238609 544.5102669498074 537.4710397119399 547.0703598659603 544.3255622351036 1.0 544.3255622351036 1.0 1
8 0.0625 nan 0.5 1.0 1.0 549.259117325199 549.2599813285422 553.2259486746149 547.5490627082452 554.7903373600174 552.8382031742569 -1.0 552.8382031742569 -1.0 1
9 0.125 nan 0.5 1.0 1.0 556.2591764115076 556.2602324155937 556.5688736098623 555.256932533385 558.1532936671574 556.4031769687091 -1.0 556.4031769687091 -1.0 1
10 1.0 nan 0.5 1.0 1.0 559.9590307278719 559.9598947312151 560.3436082159714 558.6516016688536 561.9090855332183 560.0978472650141 -1.0 560.0978472650141 -1.0 1
11 0.0625 nan 0.5 1.0 1.0 563.4723563224744 563.4732203258177 564.6339608172333 562.3604800201358 566.2202908079896 564.1839110757928 -1.0 564.5527445029717 -1.0 2
12 nan 0.25 0.5 1.0 -1.0 567.7589649092491 567.7602129140782 569.58460397345 566.6806887369243 572.1588304937657 569.3714831487918 1.0 569.3714831487918 1.0 1
13 nan 0.25 0.5 1.0 -1.0 573.187305913889 573.1881699172322 575.4164345393684 572.608231673196 578.0043951054262 573.2851302924146 -1.0 575.2675379632221 -1.0 6
14 nan 0.25 0.5 1.0 -1.0 583.4420655940663 583.4431215981524 587.0697276310868 578.4631983286381 589.6254406434333 585.3429689494977 -1.0 586.903262986962 -1.0 3
15 0.0 nan 0.5 1.0 1.0 590.7363658189233 590.7374218230095 593.3878960788605 590.1033393694655 594.953475748822 593.1715112415725 -1.0 593.1715112415725 -1.0 1
16 0.25 nan 0.5 1.0 1.0 595.9920021552928 595.993058159379 596.2657952147187 595.4141759194289 597.8364915828242 596.1356187110084 -1.0 596.1356187110084 -1.0 1
17 0.0 nan 0.5 -1.0 -1.0 602.7583963374491 602.7593563411638 607.5076307143265 598.3588913138284 610.0752934286132 603.0932456331284 1.0 607.2919178796387 1.0 4
18 nan 1.0 0.5 1.0 -1.0 613.455429728978 613.4562937323212 613.7065667007374 610.5591945221696 616.2752482829364 613.5402940573555 -1.0 613.5402940573555 -1.0 1
19 nan 0.125 0.5 1.0 -1.0 617.4214930754222 617.4225490795083 620.5835533108245 616.7456504602897 623.1706005857214 618.8450825839163 -1.0 620.3048642324538 -1.0 4
20 0.125 nan 0.5 1.0 1.0 624.3582879169336 624.3592479206483 624.8120816728613 623.6499011758735 626.3749427296141 624.6532010580823 -1.0 624.6532010580823 -1.0 1
21 nan 1.0 0.5 1.0 -1.0 628.6534405367689 628.6545925412265 630.4145673513435 626.8295294792546 633.0035334466215 629.6517483996613 1.0 630.2488707101903 1.0 3
22 0.25 nan 0.5 1.0 1.0 634.5915435139021 634.5925035176168 636.7811199863369 633.4779392048771 638.3415431826498 636.6198393622713 -1.0 636.6198393622713 -1.0 1
23 0.25 nan 0.5 1.0 1.0 641.1715049746682 641.1724649783829 641.5272823513274 638.9648404361121 643.0749122563459 641.3881778130708 -1.0 641.3881778130708 -1.0 1
24 1.0 nan 0.5 1.0 1.0 645.9724835517667 645.9734435554814 646.3193328938795 643.5474181681218 647.8747879581304 646.1535402523548 -1.0 646.1535402523548 -1.0 1
25 nan 0.25 0.5 -1.0 1.0 649.4715050910206 649.4723690943639 650.7603100779742 648.4975813224811 652.3246989588006 649.7699702459137 1.0 650.5748373602987 1.0 3
26 nan 0.25 0.5 -1.0 1.0 658.6054604343128 658.606324437656 659.0083739933626 653.1223992179364 660.5745717447187 658.8645654369041 1.0 658.8645654369041 1.0 1
27 nan 0.0625 0.5 1.0 -1.0 663.0695737079312 663.0706297120174 664.9129728408536 661.1805743985618 667.4746051183981 664.687467968276 1.0 664.687467968276 1.0 1
28 1.0 nan 0.5 1.0 1.0 670.0221126103634 670.0229766137066 670.3260497864301 668.6613073448091 671.891199448701 670.2033613116944 -1.0 670.2033613116944 -1.0 1
29 0.0625 nan 0.5 1.0 1.0 674.7046267290708 674.7055867327855 675.0826761919105 672.6651948376115 676.6412714112107 674.9305156031343 -1.0 674.9305156031343 -1.0 1
30 1.0 nan 0.5 1.0 1.0 677.7846066468684 677.785566650583 678.1450880417294 677.3003807731853 679.7223090015873 677.9243831877253 -1.0 677.9243831877253 -1.0 1
31 nan 0.125 0.5 1.0 -1.0 681.0575473113158 681.058603315402 682.6822575980349 680.3551125932869 685.2706918973107 681.4916609910927 -1.0 682.4544487165421 -1.0 2
32 nan 0.0625 0.5 1.0 -1.0 686.9243220124486 686.9251860157917 688.3698956060089 685.8786859664226 690.9407665661772 688.0586624017106 -1.0 688.3206474154459 -1.0 2
33 nan 0.125 0.5 -1.0 1.0 692.7536565687088 692.7545205720521 693.3556748981827 691.8122769260968 694.9186911100469 692.9542973450763 1.0 693.2332744245614 1.0 2
34 1.0 nan 0.5 1.0 1.0 698.4408145748255 698.4418705789117 698.7511837757805 695.5274913018959 700.3242974720838 698.6419353530504 -1.0 698.6419353530504 -1.0 1
35 nan 1.0 0.5 -1.0 1.0 703.020704296434 703.0217603005202 703.3235854684145 700.8606959384113 704.8908001602745 703.195808973991 1.0 703.195808973991 1.0 1
36 1.0 nan 0.5 1.0 1.0 709.1887281632323 709.1897841673184 709.6691140220565 705.6826985968612 711.2406853789015 709.3236086851443 -1.0 709.591833723025 -1.0 2
37 nan 0.0625 0.5 1.0 -1.0 713.2357198228237 713.2367758269098 713.9021544015524 711.7434900487301 716.4877791231514 713.747113801632 -1.0 713.747113801632 -1.0 1
38 nan 0.125 0.5 1.0 -1.0 720.273699055862 720.2747550599482 723.0503177998216 717.0339745199424 725.6368098789891 720.6422444819265 -1.0 723.0231496946964 -1.0 2
39 nan 0.25 0.5 -1.0 1.0 726.8405084657371 726.8413724690803 730.0330008188947 726.2932103479999 731.6197821361252 729.288133936677 -1.0 729.9381524518847 1.0 2
40 nan 1.0 0.5 -1.0 1.0 733.290293422793 733.2916374279935 733.5496864264986 732.4670902374577 735.134775909129 733.4221979331895 1.0 733.4221979331895 1.0 1
41 nan 1.0 0.5 -1.0 1.0 738.5903779311519 738.591625935981 739.03437964919 736.0367680501117 740.6214599200575 738.7215144385768 1.0 738.7215144385768 1.0 1
42 0.25 nan 0.5 1.0 1.0 741.873686635718 741.8746466394326 742.1998958979651 741.1852679719233 743.7869933780626 742.0741354113425 -1.0 742.0741354113425 -1.0 1
43 0.125 nan 0.5 1.0 1.0 745.5069166942837 745.5078766979984 745.9358463540013 744.3480962102974 747.5358551223535 745.7020854494775 -1.0 745.7020854494775 -1.0 1
44 0.125 nan 0.5 1.0 1.0 749.5568843653906 749.5579403694768 749.8959576774145 748.2017431217529 751.4568834099306 749.7256530184308 -1.0 749.7256530184308 -1.0 1
45 nan 0.25 0.5 -1.0 1.0 753.8878451237834 753.8889011278695 754.3170627846154 752.4201914447856 755.9039181357547 754.1547261564635 1.0 754.1547261564635 1.0 1
46 0.25 nan 0.5 1.0 1.0 757.0736174509383 757.074577454653 757.4856510452776 756.5143192867677 759.0679643980939 757.2457461169798 -1.0 757.2457461169798 -1.0 1
47 nan 0.0 0.5 -1.0 1.0 761.8731560224649 761.8742120265509 764.215949087762 759.9212764697841 765.7735732039121 763.3842978697376 1.0 764.1369407820441 1.0 3
48 0.0625 nan 0.5 1.0 1.0 770.1869801923086 770.1877481952804 770.8584067903536 766.4212696211175 772.4231708576361 770.4045170340544 -1.0 770.8384387130883 -1.0 3
49 0.25 nan 0.5 1.0 1.0 774.3359242463987 774.3367882497419 774.6315093901477 773.1467676450286 776.2066914760378 774.4247245900063 1.0 774.4247245900063 1.0 1
50 0.0 nan 0.5 1.0 1.0 778.8043575367332 778.8054135408194 779.3286155653182 776.8904941311536 780.8898930641768 779.0659585489826 1.0 779.0659585489826 1.0 1
51 nan 0.125 0.5 -1.0 1.0 785.8508808028322 785.8520328072898 789.925040567549 781.4075036094507 791.5066108041472 786.068417644578 1.0 789.7131677477198 1.0 4
52 0.0625 nan 0.5 1.0 1.0 794.5859546026761 794.5870106067623 795.1824049106049 793.0317085886145 796.7731860180004 794.8103074707961 -1.0 795.110596632747 -1.0 2
53 nan 0.25 0.5 -1.0 1.0 799.2350605921129 799.235924595456 799.619158078355 797.7123026998926 801.2060572673673 799.3233809338631 -1.0 799.3233809338631 -1.0 1
54 nan 0.125 0.5 1.0 -1.0 802.5030092372441 802.5039692409587 802.8786586907971 801.7820464475218 805.4520749264481 802.7302421165081 -1.0 802.7302421165081 -1.0 1
55 0.25 nan 0.5 1.0 1.0 807.3060038221435 807.3069638258581 807.847829918707 806.6632813351673 809.4228380036109 807.7433815145502 -1.0 807.7433815145502 -1.0 1
56 1.0 nan 0.5 1.0 1.0 815.8850770183524 815.8858450213241 817.0829696535261 810.4898561418689 818.6395437962179 816.9416571067256 -1.0 816.9416571067256 -1.0 1
57 nan 1.0 0.5 -1.0 1.0 820.2340858465811 820.2352378510387 821.1705694702483 819.5295391203798 822.7228916635936 820.5917832306696 -1.0 820.5917832306696 -1.0 1
58 0.125 nan 0.5 1.0 1.0 824.3870619162728 824.3882139207304 824.7970795028112 823.2220974085126 826.3560877355508 824.6018147472461 -1.0 824.6018147472461 -1.0 1
59 nan 1.0 0.5 -1.0 1.0 831.5850737685478 831.586129772634 831.8572348216587 826.9091836754717 833.4171711298363 831.7246583086618 1.0 831.7246583086618 1.0 1
60 nan 0.0625 0.5 1.0 -1.0 834.6391335860491 834.6400935897638 836.2138276792333 833.9276748331021 838.7727055064516 836.0140509062091 -1.0 836.0140509062091 -1.0 1
61 nan 0.0 0.5 1.0 -1.0 840.6351247871772 840.6360847908919 842.064378317588 839.8986099372772 844.637244568643 841.0372703432554 -1.0 841.9485058692266 -1.0 2
62 0.0625 nan 0.5 1.0 1.0 846.0391776978357 846.0400417011789 849.109461578115 845.2022464593805 850.6722879369081 848.7433161613372 1.0 848.7433161613372 1.0 1
63 nan 0.25 0.5 -1.0 1.0 855.9032158661396 855.9043678705972 857.3511894689866 851.4753907329359 858.9224324741831 856.7774912490958 1.0 857.3398614251533 1.0 3
64 nan 0.125 0.5 1.0 -1.0 861.1692202426276 861.1699882455993 861.3459569264995 859.728734668755 863.9057669466005 861.0879079279945 1.0 861.0879079279945 1.0 1
65 nan 0.0 0.5 1.0 -1.0 865.4842449393567 865.4853009434429 867.1959315626254 864.4635689899123 869.739037289654 866.8355461681357 1.0 866.8355461681357 1.0 1
66 0.0625 nan 0.5 1.0 1.0 871.3352755795687 871.3362355832834 871.686156937283 870.2154312463982 873.2512714946647 871.5439803871394 -1.0 871.5439803871394 -1.0 1
67 nan 0.125 0.5 -1.0 1.0 877.3387548096714 877.3395228126432 877.8977649727277 873.9058775263587 879.4513260922805 877.5920037896032 1.0 877.7985965890016 1.0 2
68 nan 0.125 0.5 -1.0 1.0 881.6888196419862 881.6898756460724 881.9922768161956 880.0900294555636 883.5388378081702 881.8519242731098 1.0 881.8519242731098 1.0 1
69 0.25 nan 0.5 1.0 1.0 886.0172843907209 886.0181483940642 886.4887422149986 884.035836723628 888.0694181221585 886.1608049460651 -1.0 886.1608049460651 -1.0 1
70 nan 0.0625 0.5 -1.0 1.0 891.5386497553129 891.5395137586561 891.9449233273641 888.6517265845368 893.5053196073925 891.758298605231 1.0 891.758298605231 1.0 1
71 nan 0.0625 0.5 1.0 -1.0 895.0862474825294 895.0871114858727 895.2548241348267 894.0525154825655 897.822072122568 895.090663499617 -1.0 895.090663499617 -1.0 1
72 nan 0.0625 0.5 -1.0 1.0 899.3513519860954 899.352503990553 900.5852447605695 898.2994759159241 902.1673938826005 899.912282156581 -1.0 900.4123480915562 1.0 3
73 0.0 nan 0.5 -1.0 -1.0 903.638344574356 903.6394005784422 904.1467625416489 902.6722928362768 906.7053185776762 903.7498010056299 1.0 903.901289591806 1.0 2
74 1.0 nan 0.5 1.0 1.0 907.7528244950892 907.7537844988038 908.4292431124504 907.1937183316614 909.9886253316275 908.1756101310328 -1.0 908.2842825515343 -1.0 2
75 nan 0.0625 0.5 -1.0 1.0 911.0528372642906 911.0537012676339 911.3917185755715 910.4747230273123 912.9674159713695 911.2650940856056 1.0 911.2650940856056 1.0 1
76 nan 0.0 0.5 -1.0 1.0 915.8713839093678 915.8723439130824 922.1288801223739 913.5113107772064 923.6844683588657 916.0670326664189 1.0 921.7355666004709 -1.0 6
77 nan 0.25 0.5 -1.0 1.0 927.0713632470158 927.0726112518448 927.3972845081486 924.2077681665064 928.9524634001657 927.2587559721206 1.0 927.2587559721206 1.0 1
78 0.0625 nan 0.5 1.0 1.0 931.2048512412996 931.2060032457572 932.3163435421524 929.538572793735 933.8995529593459 932.0712545937954 -1.0 932.0712545937954 -1.0 1
79 nan 1.0 0.5 -1.0 1.0 936.0881981371174 936.0892541412036 936.4001033440159 934.49564797484 937.9715459669859 936.2614788076165 1.0 936.2614788076165 1.0 1
80 0.0625 nan 0.5 1.0 1.0 940.1004376622375 940.1015896666951 940.4615910596989 938.4777433833193 942.0214564713817 940.3010784386049 -1.0 940.3010784386049 -1.0 1
81 nan 0.0 0.5 1.0 -1.0 943.6174112709558 943.6185632754134 945.9808444161185 942.5290550596268 948.5505394205494 943.7093796268218 -1.0 945.883020037593 -1.0 5
82 0.125 nan 0.5 1.0 1.0 949.738010954249 949.7391629587067 950.3996455144044 949.0627443413455 951.9545951249314 949.9140756355208 -1.0 950.3493413197552 -1.0 2
83 0.25 nan 0.5 1.0 1.0 953.6155619582 953.6165219619147 953.8704429444467 952.8320069262809 955.437876495534 953.730282402104 -1.0 953.730282402104 -1.0 1
84 0.125 nan 0.5 1.0 1.0 956.5504853147099 956.5514453184245 957.0873193919572 955.9460669759494 958.6545696255752 956.9354468042952 -1.0 956.9354468042952 -1.0 1
85 0.125 nan 0.5 1.0 1.0 962.6835650462939 962.6844290496372 963.0695825399655 959.9472664583507 964.6377938042367 962.7636293560979 -1.0 962.9741581707266 -1.0 2
86 nan 1.0 0.5 -1.0 1.0 968.3845471059019 968.3854111092452 968.694532305371 965.2462949626236 970.2547033675896 968.5595557830875 1.0 968.5595557830875 1.0 1
87 nan 0.0625 0.5 -1.0 1.0 971.7685602001376 971.7697122045952 972.2010418735995 970.7712123409599 973.7711756484068 972.0632813405433 1.0 972.0632813405433 1.0 1
88 nan 1.0 0.5 -1.0 1.0 977.7336392816532 977.7346952857393 978.0151123707964 975.2442536491249 979.5878344618658 977.8747598277107 1.0 977.8747598277107 1.0 1
89 0.0625 nan 0.5 1.0 1.0 983.1015960526398 983.1026520567259 983.7986547498666 980.0858403833541 985.3836201264209 983.3065568457233 -1.0 983.637182125058 -1.0 2
90 nan 1.0 0.8 -1.0 1.0 991.5542367596258 991.5556767651979 991.9427502629555 985.8974148708929 993.5163913973789 991.7159013851774 1.0 991.7159013851774 1.0 1
91 0.0625 nan 0.8 1.0 1.0 994.5542483679908 994.5553043720769 995.0838824173779 994.0274943297477 996.6542525882668 994.8274654251878 -1.0 994.8274654251878 -1.0 1
92 0.25 nan 0.8 -1.0 -1.0 998.6505842185165 998.6516402226027 998.753304615987 997.5036677805922 1001.3337643726934 998.6121840699295 1.0 998.6121840699295 1.0 1
93 0.0 nan 0.8 1.0 1.0 1003.5375791284501 1003.5385391321648 1006.9289842512889 1001.8338605360133 1008.499667014773 1004.313070129166 -1.0 1006.8545839634013 -1.0 3
94 0.0625 nan 0.8 1.0 1.0 1010.0705964075686 1010.0715564112833 1010.4128377318508 1009.0032642775909 1011.9708451847089 1010.1209966025891 -1.0 1010.1209966025891 -1.0 1
95 0.25 nan 0.8 1.0 1.0 1013.6496822566265 1013.6505462599697 1013.8080828695481 1012.5773581073325 1015.3707108246709 1013.6217461485294 -1.0 1013.6217461485294 -1.0 1
96 nan 0.0625 0.8 1.0 -1.0 1020.2827319228142 1020.2837879269003 1021.4258083458798 1015.8694988460736 1024.018416051465 1020.9677905736075 -1.0 1021.3945122247814 -1.0 3
97 0.25 nan 0.8 1.0 1.0 1025.537216254726 1025.5381762584407 1025.8740815582062 1024.5434204092926 1027.465837280995 1025.7431370515242 -1.0 1025.7431370515242 -1.0 1
98 1.0 nan 0.8 1.0 1.0 1028.92046134599 1028.9214213497046 1029.269230695532 1027.9633376424572 1030.8497903245163 1029.1073740692375 -1.0 1029.1073740692375 -1.0 1
99 0.0625 nan 0.8 1.0 1.0 1031.8871608254556 1031.8881208291702 1032.7051799907317 1031.351478752666 1034.281802484193 1032.4847631378418 -1.0 1032.4847631378418 -1.0 1
100 1.0 nan 0.8 1.0 1.0 1035.6205192714622 1035.6213832748053 1036.1109851692904 1034.7832040315209 1037.6705616516242 1035.5547590170067 1.0 1035.9108243947803 -1.0 3
101 1.0 nan 0.8 1.0 1.0 1038.8477637590909 1038.8487237628055 1039.1954771045469 1038.161169102354 1040.7658820204947 1039.0646285982364 -1.0 1039.0646285982364 -1.0 1
102 0.25 nan 0.8 1.0 1.0 1042.6203863570277 1042.6214423611138 1042.9383395873288 1041.2643811100468 1044.5038139184292 1042.7953950342132 -1.0 1042.7953950342132 -1.0 1
103 0.125 nan 0.8 1.0 1.0 1045.6180939564774 1045.619053960192 1046.0911837870701 1045.015115623289 1047.6679086724296 1045.8771029586972 -1.0 1045.8771029586972 -1.0 1
104 0.125 nan 0.8 1.0 1.0 1048.6535297019138 1048.6546817063715 1049.0886993857769 1048.1645038096576 1050.6638737413732 1048.7871622189969 1.0 1048.8860426016086 -1.0 2
105 nan 0.0625 0.8 -1.0 1.0 1053.3036916954368 1053.3046516991515 1054.4399520921281 1051.263587801377 1056.0158740305515 1053.8146056723876 -1.0 1054.0878227295848 1.0 2
106 0.0625 nan 0.8 1.0 1.0 1057.1534025916621 1057.1542665950053 1057.7655969605114 1056.5349681986672 1059.3367159854972 1057.2880911128314 -1.0 1057.631484441571 -1.0 4
107 0.0625 nan 0.8 1.0 1.0 1061.4488432126118 1061.4499952170695 1061.9081089897131 1059.8364209734407 1063.4846986054933 1061.7873405224068 -1.0 1061.7873405224068 -1.0 1
108 0.25 nan 0.8 1.0 1.0 1064.4866789673351 1064.4876389710498 1064.8168242448123 1063.9942930620773 1066.4008579582287 1064.7030638046233 -1.0 1064.7030638046233 -1.0 1
109 0.25 nan 0.8 1.0 1.0 1069.6698350232464 1069.6708910273326 1069.9656121677383 1066.913568358038 1071.5368543481675 1069.8366836688572 -1.0 1069.8366836688572 -1.0 1
110 0.125 nan 0.8 1.0 1.0 1074.8318709974349 1074.832927001521 1075.1872643726083 1072.0649482909935 1076.769994679937 1075.0499838414094 -1.0 1075.0499838414094 -1.0 1
111 0.25 nan 0.8 1.0 1.0 1080.6629335603816 1080.6638935640963 1081.2822319567197 1077.2962965333816 1082.8699712998568 1081.1249833482555 -1.0 1081.1249833482555 -1.0 1
112 0.25 nan 0.8 1.0 1.0 1085.931913948385 1085.9327779517282 1086.2887473291305 1083.4029761628121 1087.8529308810723 1086.141866760785 -1.0 1086.141866760785 -1.0 1
113 nan 1.0 0.8 -1.0 1.0 1088.950837629929 1088.9517976336438 1089.0407899779943 1088.370323383664 1090.6160610257652 1088.9059094560823 1.0 1088.9059094560823 1.0 1
114 0.0625 nan 0.8 1.0 1.0 1091.6362560209946 1091.6375040258235 1095.8457763094807 1091.1199660232412 1097.415033349323 1092.3720988682942 1.0 1095.4990229677394 -1.0 4
115 0.25 nan 0.8 1.0 1.0 1098.569786849876 1098.5707468535907 1099.0331806429506 1098.0501368391215 1100.6030588667927 1098.8642199891674 -1.0 1098.8642199891674 -1.0 1
116 0.125 nan 0.8 1.0 1.0 1101.7840712873567 1101.785127291443 1102.194472875381 1101.119460715686 1103.7669237513458 1101.944199906965 -1.0 1101.944199906965 -1.0 1
117 0.125 nan 0.8 1.0 1.0 1105.1363082586365 1105.1373642627227 1105.571381942128 1104.2937129982647 1107.1500676088406 1105.4059733020893 -1.0 1105.4059733020893 -1.0 1
118 nan 0.25 0.8 -1.0 1.0 1108.2029441248 1108.2037121277717 1108.458113112161 1107.674174078756 1110.0196656790588 1108.3442566716005 1.0 1108.3442566716005 1.0 1
119 0.0625 nan 0.8 1.0 1.0 1111.1809716480989 1111.182027652185 1111.65329347572 1110.5379611600083 1113.2331080615497 1111.507756912575 -1.0 1111.507756912575 -1.0 1
120 nan 0.0625 0.8 -1.0 1.0 1114.269303598214 1114.2703596023002 1114.7602494978998 1113.743413563314 1116.348154139699 1114.4740723905547 1.0 1114.4740723905547 1.0 1
121 nan 0.0625 0.8 1.0 -1.0 1120.0028297837496 1120.003693787093 1120.1989585426581 1116.8890577351956 1122.7830422818586 1120.0575499954862 -1.0 1120.0575499954862 -1.0 1
122 0.0 nan 0.8 1.0 1.0 1123.9027488742527 1123.9036128775958 1124.3424305755746 1123.3173386090427 1125.9194148340835 1124.2494062156225 -1.0 1124.2494062156225 -1.0 1
123 nan 0.25 0.2 -1.0 1.0 1127.13316137414 1127.1332573745115 1127.4538986152133 1126.4403266932577 1129.0481762481506 1127.2936739952338 1.0 1127.2936739952338 1.0 1
124 0.125 nan 0.2 1.0 1.0 1130.119060927899 1130.1199249312424 1130.3015576340592 1129.5597627637285 1131.899149979426 1130.1710931292346 -1.0 1130.1710931292346 -1.0 1
125 nan 0.125 0.2 1.0 -1.0 1132.9691199560316 1132.9698879590032 1133.0855684066219 1132.4231658434949 1135.6691179054733 1132.944351860193 -1.0 1132.944351860193 -1.0 1
126 nan 0.0 0.2 -1.0 1.0 1137.6499060680526 1137.6508660717673 1138.1018758169223 1136.3082048764202 1139.698120993497 1137.9418431976858 1.0 1137.9418431976858 1.0 1
127 1.0 nan 0.2 1.0 1.0 1142.0690911678241 1142.0702431722816 1142.3245481562997 1140.2082199672946 1143.917185409257 1142.210499714996 -1.0 1142.210499714996 -1.0 1
128 nan 0.25 0.2 -1.0 1.0 1148.219162965158 1148.2201229688726 1148.5945244175966 1144.4500923809655 1150.1526283182393 1148.4134677170084 1.0 1148.4134677170084 1.0 1
129 nan 0.0 0.2 1.0 -1.0 1151.7981528138444 1151.799112817559 1153.652495989114 1150.6946285438235 1156.216160224488 1152.7353084401118 -1.0 1153.150798047824 1.0 2
130 nan 0.0625 0.2 -1.0 1.0 1157.6192313381584 1157.6200953415016 1158.3176340405857 1156.7328599083974 1159.8690818858229 1157.755647866014 1.0 1158.308418004925 1.0 2
131 nan 0.0625 0.2 -1.0 1.0 1161.1311169271892 1161.1320769309038 1161.41767803602 1160.3998820977197 1162.9973251270521 1161.2673414543017 1.0 1161.2673414543017 1.0 1
132 0.0625 nan 0.2 1.0 1.0 1164.0190961020512 1164.020056105766 1164.4834498988403 1163.5190301670762 1166.0642662013483 1164.2147448591022 -1.0 1164.2147448591022 -1.0 1
133 nan 0.25 0.2 -1.0 1.0 1167.2190764841832 1167.220036487898 1167.505157591157 1166.592770060728 1169.068938949764 1167.381989114564 1.0 1167.381989114564 1.0 1
134 nan 0.0 0.2 1.0 -1.0 1170.513233230725 1170.514001233697 1170.7243380475827 1169.596429683209 1173.2993644125338 1170.5229292682434 -1.0 1170.5229292682434 -1.0 1
135 nan 0.0625 0.2 -1.0 1.0 1175.7854776313586 1175.786629635816 1176.1646790986558 1173.822366035216 1177.7189911341957 1176.042374625406 1.0 1176.042374625406 1.0 1
136 nan 0.125 0.2 -1.0 1.0 1179.9323096772764 1179.933269680991 1180.2597669443526 1178.2621912148531 1181.818884364298 1180.0477021237805 1.0 1180.0477021237805 1.0 1
137 1.0 nan 0.2 1.0 1.0 1187.2992821833345 1187.3002421870492 1187.4317626959598 1182.479679534171 1188.9853445799713 1187.2786421034689 -1.0 1187.2786421034689 -1.0 1
138 1.0 nan 0.2 1.0 1.0 1191.9313001066498 1191.9322601103645 1192.0785646764814 1189.5371468426174 1193.6352657000425 1191.957412207689 -1.0 1191.957412207689 -1.0 1
139 0.0 nan 0.2 1.0 1.0 1195.3982575218336 1195.3992175255482 1198.0081236205538 1194.1643647473595 1199.5685639536898 1195.4897458758423 -1.0 1197.8489550046604 -1.0 3
140 nan 0.125 0.2 -1.0 1.0 1201.5302812493314 1201.5311452526746 1201.8402664488005 1200.1215717984148 1203.396363201075 1201.7226659937526 1.0 1201.7226659937526 1.0 1
141 nan 0.0 0.2 -1.0 1.0 1204.5351888766413 1204.536148880356 1206.84994983347 1203.9214585018483 1208.4019395259543 1205.209687486573 1.0 1206.6604451001926 1.0 2
142 nan 0.25 0.2 -1.0 1.0 1211.365327305452 1211.3664793099097 1211.6388323637634 1208.936133905834 1213.201880993391 1211.5078878570816 1.0 1211.5078878570816 1.0 1
143 nan 0.125 0.2 -1.0 1.0 1214.7123802566725 1214.7134362607587 1215.360286763708 1213.7305844576726 1216.931395416861 1214.9096610200388 1.0 1215.321886615121 1.0 3
144 nan 0.25 0.2 -1.0 1.0 1218.3018341458492 1218.3027941495639 1218.6201713776359 1217.4674949174234 1220.1985016110439 1218.4932588865556 1.0 1218.4932588865556 1.0 1
145 nan 1.0 0.2 -1.0 1.0 1222.1683451070812 1222.1694011111674 1222.5990987738567 1220.7220995109208 1224.1634847152136 1222.3362497567782 1.0 1222.3362497567782 1.0 1
146 nan 0.0625 0.2 1.0 -1.0 1225.66832665005 1225.669382654136 1227.4690056176692 1224.7185949751201 1230.034911274886 1225.8147272165381 -1.0 1227.396717337954 -1.0 2
147 nan 0.25 0.2 -1.0 1.0 1231.2474842382653 1231.2483482416085 1231.540957373842 1230.5676096075313 1233.1016101751131 1231.1750039578073 -1.0 1231.1750039578073 -1.0 1
148 0.0 nan 0.2 1.0 1.0 1234.248455850345 1234.2493198536881 1236.1332311433698 1233.630405458836 1237.701541400018 1234.4850967660127 1.0 1235.7221575527453 1.0 2
149 nan 0.25 0.2 -1.0 1.0 1239.9444458906366 1239.9453098939798 1240.3328633935948 1238.3675437889085 1241.9014639238248 1240.1183025633648 1.0 1240.1183025633648 1.0 1
150 nan 0.125 0.2 -1.0 1.0 1242.9644255762669 1242.96528957961 1244.198318350741 1242.4522635944868 1245.751365658148 1243.176490396839 1.0 1244.1021259785302 1.0 3
151 nan 0.25 0.2 -1.0 1.0 1249.0135049828166 1249.0142729857885 1249.5761631599887 1246.3046625011132 1251.148612130566 1249.2076177339243 1.0 1249.5418910273747 1.0 2
152 nan 1.0 0.2 -1.0 1.0 1252.2013893181438 1252.202253321487 1252.712975297695 1251.6895153374783 1254.2514643857928 1252.3684299644976 1.0 1252.631662983062 1.0 2
153 nan 1.0 0.2 -1.0 1.0 1258.7656067179892 1258.7665667217038 1259.043719794131 1254.7940713503715 1260.6116223791983 1258.919303312709 1.0 1258.919303312709 1.0 1
154 nan 0.125 0.2 -1.0 1.0 1261.834546593068 1261.8355065967826 1262.1669958794605 1261.1774240503717 1263.7181269964271 1262.0202113114865 1.0 1262.0202113114865 1.0 1
155 0.25 nan 0.2 1.0 1.0 1264.86249430953 1264.863550313616 1265.3294401163487 1264.2617239848853 1266.8843963044615 1265.0685111066996 -1.0 1265.2203836943615 -1.0 2
156 nan 1.0 0.2 -1.0 1.0 1271.0985824396987 1271.099446443042 1271.5921203494142 1267.409288164196 1273.163642506984 1271.2428709980147 1.0 1271.5535282000842 1.0 2
157 nan 0.0625 0.2 1.0 -1.0 1274.1845143805274 1274.185474384242 1274.4991075978269 1273.7229445945106 1277.051163911881 1274.3524190302242 -1.0 1274.3524190302242 -1.0 1
158 nan 0.0625 0.2 -1.0 1.0 1278.1317616541637 1278.13281765825 1278.52920319204 1277.5940635735733 1280.0842245860747 1278.3597625363996 1.0 1278.3597625363996 1.0 1
159 0.25 nan 0.2 1.0 1.0 1281.5966070611753 1281.5977590656328 1282.0230407112347 1280.6310353249532 1283.597648804086 1281.7526076648103 -1.0 1281.7526076648103 -1.0 1
160 nan 0.125 0.2 -1.0 1.0 1287.4508057136457 1287.4517657173603 1287.7997670639306 1284.1350488835235 1289.3806829278415 1287.5633181490057 1.0 1287.5633181490057 1.0 1
161 0.25 nan 0.2 1.0 1.0 1291.0843237733257 1291.0853797774118 1291.4665972525102 1289.9403833469169 1293.0176754202118 1291.2396523743605 -1.0 1291.2396523743605 -1.0 1
162 nan 0.0625 0.2 -1.0 1.0 1294.5636652364287 1294.564721240515 1295.054515135743 1293.7138699481968 1296.617573224309 1294.7003697653988 -1.0 1294.7003697653988 -1.0 1
163 nan 0.25 0.2 -1.0 1.0 1299.9146299416657 1299.9156859457519 1300.1846789866042 1297.1581712757143 1301.7651919930631 1300.0764865679603 1.0 1300.0764865679603 1.0 1
164 nan 0.0625 0.2 -1.0 1.0 1303.450707624306 1303.4516676280207 1307.7259881672476 1302.3301912885354 1309.3127842669105 1303.8874133141126 -1.0 1307.6730919625688 1.0 3
165 nan 0.125 0.2 -1.0 1.0 1311.5673470311554 1311.56830703487 1311.95422852817 1309.871788470293 1313.5297333568872 1311.8090759665108 1.0 1311.8090759665108 1.0 1
166 nan 0.0625 0.2 -1.0 1.0 1315.7505632178593 1315.7516192219455 1316.1531887757947 1314.0926368026126 1317.730814887518 1315.761411259835 -1.0 1315.761411259835 -1.0 1
167 nan 0.0625 0.2 -1.0 1.0 1318.8505112129221 1318.8515672170083 1319.317265018998 1318.291309049123 1320.883748256171 1319.032143915739 -1.0 1319.032143915739 -1.0 1
168 nan 1.0 0.2 -1.0 1.0 1324.5287411844922 1324.5296051878354 1324.7869821837403 1321.4393532302909 1326.3504608683265 1324.6632377049184 1.0 1324.6632377049184 1.0 1
169 0.0 nan 0.2 1.0 1.0 1328.4627404068663 1328.4638924113237 1328.9276702058842 1326.9093583961478 1330.4977959787416 1328.4379723110276 1.0 1328.737973471864 -1.0 2
170 nan 1.0 0.2 -1.0 1.0 1331.6170246121796 1331.6181766166374 1331.879009625915 1331.0703984970428 1333.4448359756284 1331.7499851266625 1.0 1331.7499851266625 1.0 1
171 nan 0.0625 0.2 1.0 -1.0 1334.5505079631175 1334.5514679668322 1335.5415197977784 1333.9808417588283 1338.1118737886648 1334.7123645894121 -1.0 1335.4085592832955 -1.0 3
172 nan 0.25 0.2 -1.0 1.0 1339.4669749870916 1339.4681269915493 1339.8479044610754 1338.6868759685453 1341.4004726981577 1339.6670397612304 1.0 1339.6670397612304 1.0 1
173 nan 0.125 0.2 -1.0 1.0 1342.6637873569653 1342.66474736068 1342.9261563721866 1341.956168618877 1344.4836575816016 1342.758731724347 -1.0 1342.814603940541 1.0 2
174 nan 0.0625 0.2 -1.0 1.0 1348.977827788766 1348.9787877924807 1349.7298946988437 1345.0336525270163 1351.3004119344466 1349.4307575413504 1.0 1349.4307575413504 1.0 1
175 nan 0.0625 0.2 -1.0 1.0 1352.5638256645695 1352.5650736693985 1352.8816828944991 1352.0264155850934 1354.462937783508 1352.7611064279356 1.0 1352.7611064279356 1.0 1
176 nan 1.0 0.2 -1.0 1.0 1357.9835266357773 1357.9843906391204 1358.2821837914132 1355.018939164484 1359.8502858468958 1358.143559255014 1.0 1358.143559255014 1.0 1
177 nan 0.0 0.2 -1.0 1.0 1361.3448836423465 1361.3456516453182 1361.9187738629803 1360.4326881126606 1363.4834995346712 1361.6563088473877 1.0 1361.6563088473877 1.0 1
178 nan 0.0625 0.2 -1.0 1.0 1366.2108544709288 1366.2120064753863 1366.8022167591696 1364.03999807093 1368.3800249596798 1366.6244240712115 1.0 1366.6244240712115 1.0 1
179 0.0625 nan 0.2 1.0 1.0 1371.0833533247708 1371.0843133284855 1371.6484115112294 1368.933425005752 1373.2139871506076 1371.42540264831 -1.0 1371.42540264831 -1.0 1
180 nan 0.0625 0.2 -1.0 1.0 1376.3167175749597 1376.317581578303 1376.6055826927059 1373.7586916768319 1378.1799761247437 1376.4846222246565 1.0 1376.4846222246565 1.0 1
181 0.125 nan 0.2 1.0 1.0 1381.4330573723296 1381.4339213756728 1381.8986591739476 1378.718070866852 1383.4620279899098 1381.6490582081317 -1.0 1381.6490582081317 -1.0 1
182 nan 0.0625 0.2 -1.0 1.0 1390.3498598753617 1390.3508198790764 1391.2348872999223 1384.0235313960134 1392.811028232924 1390.7315573523172 1.0 1391.146374957429 1.0 2
183 nan 0.0 0.2 -1.0 1.0 1395.899833350651 1395.9007933543658 1396.8866211689674 1393.422831766042 1398.4800148047557 1396.694620426032 1.0 1396.694620426032 1.0 1
184 0.125 nan 0.2 1.0 1.0 1405.066332819871 1405.0674848243284 1405.3906220746887 1399.0519095474208 1406.9800432248587 1405.2330854651102 -1.0 1405.2330854651102 -1.0 1
185 0.0 nan 0.2 1.0 1.0 1408.1494807499269 1408.1504407536415 1408.3898656800818 1407.5551424501705 1409.980316457101 1408.2283930552733 -1.0 1408.2283930552733 -1.0 1
186 nan 0.25 0.2 -1.0 1.0 1411.1494923582916 1411.1504523620063 1411.5493339054547 1410.5461300236173 1413.1301422022916 1411.363669187036 1.0 1411.363669187036 1.0 1
187 nan 0.0 0.2 1.0 -1.0 1415.149059834378 1415.1500198380927 1415.7973503428993 1413.6973422170438 1418.3661408587866 1415.1871719818507 -1.0 1415.593253553159 -1.0 2
188 nan 1.0 0.2 -1.0 1.0 1419.496916658149 1419.497684661121 1420.7926336718483 1418.9275384549744 1422.3630890490215 1419.6630933011597 1.0 1420.496952527728 1.0 3
189 nan 0.125 0.2 -1.0 1.0 1423.4494439522164 1423.4503079555595 1424.082662402417 1422.9177938950284 1425.6328295246399 1423.5757804410678 1.0 1423.780261232294 1.0 3
190 nan 1.0 0.2 -1.0 1.0 1426.912081350684 1426.9130413543987 1427.2796667730338 1426.353935190971 1428.8462076891053 1427.0692339587765 1.0 1427.0692339587765 1.0 1
191 0.0625 nan 0.2 1.0 1.0 1431.1491537457814 1431.1500177491246 1431.6457636673838 1429.3958989616672 1433.1993436707874 1431.4527069203623 -1.0 1431.4527069203623 -1.0 1
192 nan 0.0625 0.2 1.0 -1.0 1434.3600781702607 1434.3609421736041 1434.736975628643 1433.7439477861813 1437.3122679082333 1434.3922382947026 -1.0 1434.3922382947026 -1.0 1
193 nan 1.0 0.8 -1.0 1.0 1439.799171216505 1439.7999392194768 1440.1311405010404 1437.87906778678 1441.682181149431 1439.9616038450283 1.0 1439.9616038450283 1.0 1
194 0.0625 nan 0.8 1.0 1.0 1442.9121752620874 1442.9132312661736 1443.473297433316 1442.2471806889307 1445.0491887147439 1443.3153768222517 -1.0 1443.3153768222517 -1.0 1
195 1.0 nan 0.8 1.0 1.0 1447.7291859012212 1447.7302419053071 1448.061923188728 1445.619385737476 1449.6325287570326 1447.881250489626 -1.0 1447.881250489626 -1.0 1
196 0.0 nan 0.8 1.0 1.0 1451.2271514363888 1451.228207440475 1453.1906470340173 1450.2075314910305 1454.7656690001347 1453.01160634123 -1.0 1453.01160634123 -1.0 1
197 0.0 nan 0.8 1.0 1.0 1455.8272012360055 1455.8281612397202 1456.3822753838317 1455.3406713534073 1457.9612736427093 1456.186722627152 -1.0 1456.186722627152 -1.0 1
198 nan 0.125 0.8 -1.0 1.0 1459.449103250738 1459.4501592548243 1459.9656812496057 1458.532971705822 1461.5322718480652 1459.7335523513968 1.0 1459.7335523513968 1.0 1
199 nan 0.0625 0.8 1.0 -1.0 1462.7281879389595 1462.7292439430457 1463.2754860566968 1462.0973694980455 1465.8632494847961 1462.7604440637726 -1.0 1463.166141633595 -1.0 3
200 0.25 nan 0.8 1.0 1.0 1466.9155321416367 1466.91639614498 1467.3867979651716 1466.4324582724114 1468.9657220794038 1467.1111808986877 -1.0 1467.2106372835283 -1.0 2
201 nan 0.25 0.8 -1.0 1.0 1470.196248836173 1470.1971128395162 1470.5219780965629 1469.5347102763892 1472.1123592539175 1470.3938176006536 1.0 1470.3938176006536 1.0 1
202 0.125 nan 0.8 1.0 1.0 1474.8822189682533 1474.883370972711 1475.3682688489941 1472.6848664657296 1476.9323317436194 1475.1880761517493 -1.0 1475.1880761517493 -1.0 1
203 0.0 nan 0.8 1.0 1.0 1478.2966641802443 1478.2977201843303 1480.5535369130778 1477.502837108578 1482.129318841294 1480.2284796552883 -1.0 1480.2284796552883 -1.0 1
204 nan 1.0 0.8 -1.0 1.0 1483.3321716648384 1483.3330356681815 1483.6573249229994 1482.699913218352 1485.2155476647522 1483.5198523910576 1.0 1483.5198523910576 1.0 1
205 0.25 nan 0.8 1.0 1.0 1486.6603125428796 1486.6613685469658 1487.0423940213211 1485.9440537713594 1488.6273869172212 1486.8015290893086 -1.0 1486.8015290893086 -1.0 1
206 nan 0.125 0.8 1.0 -1.0 1490.2320063633347 1490.2329663670494 1490.8393047132392 1489.2026903804583 1493.4153061599302 1490.4143110687519 1.0 1490.64509596176 -1.0 2
207 nan 0.0625 0.8 -1.0 1.0 1494.4793507981792 1494.480310801894 1494.8240881321196 1493.9884048984934 1496.3988366838637 1494.6932396258092 1.0 1494.6932396258092 1.0 1
208 1.0 nan 0.8 1.0 1.0 1497.5129625365578 1497.5139225402725 1497.7714915369202 1496.961440402476 1499.360436500373 1497.6383390216945 -1.0 1497.6383390216945 -1.0 1
209 0.125 nan 0.8 1.0 1.0 1500.4152457667685 1500.4163017708547 1500.5853584250092 1499.9259318733978 1502.165339541004 1500.4475018915816 -1.0 1500.4475018915816 -1.0 1
210 0.125 nan 0.8 1.0 1.0 1503.345369104705 1503.3462331080482 1504.083131959434 1502.7268387113388 1505.6614031042018 1503.7862028104846 -1.0 1503.7862028104846 -1.0 1
211 0.25 nan 0.8 1.0 1.0 1512.898462069825 1512.8995180739112 1513.5133444490755 1506.2342122829104 1515.0944010346977 1513.3567678432116 -1.0 1513.3567678432116 -1.0 1
212 nan 0.125 0.8 -1.0 1.0 1516.2985072260958 1516.299563230182 1516.6855807238535 1515.727497016606 1518.2651522448311 1516.4528758234158 -1.0 1516.4528758234158 -1.0 1
213 0.25 nan 0.8 1.0 1.0 1522.0934736493707 1522.094529653457 1522.3632346931947 1518.8390610566164 1523.9317087396068 1522.2039700769299 -1.0 1522.2039700769299 -1.0 1
214 nan 0.25 0.2 -1.0 1.0 1525.445806621022 1525.4467666247367 1525.8509281886156 1524.5480111470563 1527.445572020697 1525.4143184991806 1.0 1525.4143184991806 1.0 1
215 nan 0.125 0.2 -1.0 1.0 1530.0148483006546 1530.0158083043693 1530.2970893927695 1528.0247606001296 1531.8604888604016 1530.1636488764295 1.0 1530.1636488764295 1.0 1
216 nan 0.0625 0.2 -1.0 1.0 1533.1983166188943 1533.199084621866 1533.6575823959956 1532.442889695815 1535.2149157896517 1533.5046538042475 1.0 1533.5046538042475 1.0 1
217 nan 0.0625 0.2 -1.0 1.0 1538.2274880789714 1538.228448082686 1538.44848093409 1535.8049187049846 1540.0275836116675 1538.3078403898899 1.0 1538.3078403898899 1.0 1
218 nan 0.0 0.2 -1.0 1.0 1542.2644956999302 1542.2653597032734 1546.704032878453 1540.6108893013995 1548.2960146027135 1542.4275043306823 -1.0 1546.455487916723 1.0 6
219 0.0 nan 0.2 1.0 1.0 1549.4146033668428 1549.415659370929 1549.5796280053958 1548.879113294796 1551.1480345844805 1549.4547315221164 -1.0 1549.4547315221164 -1.0 1
220 0.125 nan 0.2 1.0 1.0 1554.9605448265306 1554.9613128295023 1555.3612503770366 1551.7420363727051 1556.9314415103543 1555.1358415048305 -1.0 1555.1358415048305 -1.0 1
221 nan 0.125 0.2 -1.0 1.0 1558.1275010808777 1558.1286530853354 1558.602318918157 1557.52653875549 1560.1766291013957 1558.324205842015 1.0 1558.324205842015 1.0 1
222 0.0625 nan 0.2 1.0 1.0 1562.9476797322698 1562.9486397359844 1563.484513809517 1560.9297519240192 1565.0479281240462 1563.1935366835985 -1.0 1563.4421776456998 -1.0 2
223 nan 1.0 0.2 -1.0 1.0 1568.6946459698108 1568.6956059735255 1568.9780390663834 1565.66612225112 1570.5606512055135 1568.8509345745601 1.0 1568.8509345745601 1.0 1
224 nan 0.125 0.2 -1.0 1.0 1573.9644903611575 1573.9655463652437 1574.4838523707976 1571.1619515169016 1576.0596805884184 1573.9076581412487 -1.0 1574.325643758619 1.0 2
225 nan 0.0625 0.2 -1.0 1.0 1577.3143273231508 1577.315191326494 1577.5266801448372 1576.6649808105433 1579.094702862502 1577.3269993721844 1.0 1577.3269993721844 1.0 1
226 0.0 nan 0.2 1.0 1.0 1580.681060350522 1580.6822123549798 1581.2259584589726 1579.686304501374 1582.7977723590593 1581.0403897409255 -1.0 1581.0403897409255 -1.0 1
227 1.0 nan 0.2 1.0 1.0 1584.9776529759295 1584.9785169792726 1585.2424220004373 1583.397582861943 1586.8106776462582 1585.121845533874 -1.0 1585.121845533874 -1.0 1
228 0.0625 nan 0.2 1.0 1.0 1591.030956398824 1591.031820402167 1591.6104146410028 1587.408574382234 1593.1643176241148 1591.4187978995533 -1.0 1591.4187978995533 -1.0 1
229 nan 0.25 0.2 -1.0 1.0 1594.2946810276105 1594.2958330320682 1594.5509060190577 1593.7801190365437 1596.1267279004292 1594.4514496342172 1.0 1594.4514496342172 1.0 1
230 1.0 nan 0.2 1.0 1.0 1598.5975136771633 1598.598473680878 1599.0593714642944 1596.6986263295325 1600.626790668974 1598.642633851753 1.0 1598.642633851753 1.0 1
231 nan 0.25 0.2 -1.0 1.0 1603.3475160570124 1603.3483800603558 1603.8737900933984 1601.2237958394046 1605.430707249852 1603.5610208831565 1.0 1603.8135018601165 1.0 2
232 1.0 nan 0.2 1.0 1.0 1606.5426964205712 1606.5437524246574 1606.9520420045094 1606.0360064599647 1608.5141124375646 1606.7192411037004 -1.0 1606.7192411037004 -1.0 1
233 nan 0.25 0.2 -1.0 1.0 1612.358782925569 1612.3600309303981 1612.9656972739876 1609.127410421967 1614.5258775068746 1612.5311035923535 1.0 1612.8673928936048 1.0 2
234 1.0 nan 0.2 1.0 1.0 1616.1137414551556 1616.1147014588703 1616.555151163164 1615.1262816342391 1618.1278895566165 1616.2586060157005 -1.0 1616.5159830116054 -1.0 2
235 nan 0.0 0.2 1.0 -1.0 1619.2806017091314 1619.2816577132176 1619.8736920040587 1618.7144875185866 1622.430710916849 1619.6901392938125 -1.0 1619.6901392938125 -1.0 1
236 nan 0.25 0.2 -1.0 1.0 1623.6097384604664 1623.610698464181 1624.0796602788007 1623.0367122431758 1625.642786054871 1623.6614826606874 -1.0 1623.6614826606874 -1.0 1
237 nan 0.0625 0.2 1.0 -1.0 1626.763830665037 1626.7646946683801 1626.9013031969787 1626.2370766267939 1629.4768225611356 1626.6944223964658 -1.0 1626.6944223964658 -1.0 1
238 nan 0.0625 0.2 1.0 -1.0 1630.7471740783453 1630.7483260828028 1631.1849357722378 1630.073827472871 1633.7778808964842 1630.8902146318321 -1.0 1630.8902146318321 -1.0 1
239 nan 0.0625 0.2 -1.0 1.0 1635.113846974924 1635.1149029790101 1635.5046644871688 1634.589588946339 1637.0938404832148 1635.3598959269957 1.0 1635.3598959269957 1.0 1
240 nan 0.0625 0.2 1.0 -1.0 1638.3135393559417 1638.3145953600279 1641.1296142525746 1637.7018249889497 1643.6908982901282 1638.464259939146 1.0 1641.0769100486389 -1.0 4
241 nan 0.25 0.2 -1.0 1.0 1644.9469730236153 1644.94793302733 1645.2818223192946 1644.3102025596702 1646.8469632209878 1645.1341737479772 1.0 1645.1341737479772 1.0 1
242 nan 0.25 0.2 -1.0 1.0 1648.0929051966111 1648.0938652003258 1648.4212264670305 1647.4383746639444 1649.9969261189583 1648.2823139295167 1.0 1648.2823139295167 1.0 1
243 nan 0.25 0.2 -1.0 1.0 1651.6114148112729 1651.6125668157306 1654.07324833719 1650.613010948009 1655.6609224898398 1653.9375998123062 1.0 1653.9375998123062 1.0 1
244 1.0 nan 0.8 1.0 1.0 1656.8969072631687 1656.8978672668834 1657.3072128508218 1656.2842328924621 1658.893042732702 1657.0644279113799 -1.0 1657.0644279113799 -1.0 1
245 1.0 nan 0.8 1.0 1.0 1660.079895579551 1660.0811435843802 1660.5562494227738 1659.4907412998539 1662.1299480055961 1660.4254009164633 -1.0 1660.4254009164633 -1.0 1
246 0.25 nan 0.8 1.0 1.0 1663.2589478807033 1663.2598118840465 1663.6863415344774 1662.7357458562044 1665.2634328177037 1663.5740210998601 -1.0 1663.5740210998601 -1.0 1
247 0.25 nan 0.8 1.0 1.0 1668.0259423263021 1668.0268063296455 1668.4081198051151 1665.8685259783092 1669.9750552546275 1668.1680228760745 -1.0 1668.3989997698257 -1.0 2
248 1.0 nan 0.8 1.0 1.0 1671.8799732392436 1671.8807412422154 1672.3925192225095 1670.6130563369848 1673.959026578588 1672.045093878168 -1.0 1672.2227905657546 -1.0 2
249 1.0 nan 0.8 1.0 1.0 1675.1299698149103 1675.1307378178822 1675.5219393316129 1674.5571355983627 1677.1110581627395 1675.401266864678 -1.0 1675.401266864678 -1.0 1
250 1.0 nan 0.8 1.0 1.0 1679.2466577441874 1679.2477137482736 1679.7736037831735 1677.722459846395 1681.3600077494987 1679.5839070491534 -1.0 1679.5839070491534 -1.0 1
251 1.0 nan 0.8 1.0 1.0 1683.3463536077145 1683.3474096118007 1683.796019347669 1681.9819963284158 1685.3749452258471 1683.6688188554745 -1.0 1683.6688188554745 -1.0 1
252 0.125 nan 0.8 1.0 1.0 1686.5465259905895 1686.5473899939327 1687.1790724381901 1686.0010518799102 1688.761020982453 1686.8879993119 -1.0 1686.8879993119 -1.0 1
253 0.25 nan 0.8 1.0 1.0 1690.0298994692942 1690.0310514737519 1690.4062209254475 1689.3762329399708 1691.9941267387364 1690.290348477086 -1.0 1690.290348477086 -1.0 1
254 nan 0.0 0.8 1.0 -1.0 1693.5798012054258 1693.5806652087692 1694.0096908688581 1692.6264215163803 1696.5941156246104 1693.741561831349 -1.0 1693.741561831349 -1.0 1
255 1.0 nan 0.8 1.0 1.0 1697.8130335856647 1697.8139935893794 1698.240043237953 1697.2087112472757 1699.8260178838623 1698.0863466432331 -1.0 1698.0863466432331 -1.0 1
256 nan 0.25 0.8 -1.0 1.0 1701.0962462898592 1701.0973022939454 1701.3858794105772 1700.4345157293326 1702.9580315067933 1701.2733669752172 1.0 1701.2733669752172 1.0 1
257 0.0625 nan 0.8 1.0 1.0 1705.29626254157 1705.2973185456563 1705.7987284858318 1703.784832693183 1707.3630208918648 1705.6190157904443 -1.0 1705.6190157904443 -1.0 1
258 0.125 nan 0.8 1.0 1.0 1708.8590283274784 1708.859988331193 1709.6109992371848 1707.9972329928132 1711.1937307618928 1709.2317017695161 -1.0 1709.5302629247806 -1.0 2
259 1.0 nan 0.8 1.0 1.0 1712.3461458206705 1712.3475858262425 1712.7996515754837 1711.811327751224 1714.3761652981066 1712.610626844064 -1.0 1712.610626844064 -1.0 1
260 0.125 nan 0.8 1.0 1.0 1715.4962060096393 1715.4972620137255 1716.0174880267089 1715.014572145986 1717.609159181641 1715.8397913391223 -1.0 1715.8397913391223 -1.0 1
261 0.0625 nan 0.8 1.0 1.0 1720.479489292155 1720.4805452962412 1721.2508522768978 1718.231352593125 1722.829552324307 1720.9350110547691 -1.0 1720.9350110547691 -1.0 1
262 1.0 nan 0.8 1.0 1.0 1724.2910880409077 1724.2918560438793 1724.6782575390368 1723.4711488682021 1726.2590748764094 1724.5162089119995 -1.0 1724.5162089119995 -1.0 1
263 0.25 nan 0.8 1.0 1.0 1728.0791666986509 1728.0801267023655 1728.4032639527256 1726.8931781095391 1729.9911194781298 1728.2709754408431 -1.0 1728.2709754408431 -1.0 1
264 nan 1.0 0.8 -1.0 1.0 1731.379179467852 1731.3801394715667 1731.6361724622711 1730.62682455666 1733.2072568162068 1731.5018679425878 1.0 1731.5018679425878 1.0 1
265 nan 0.125 0.2 -1.0 1.0 1736.4959992670795 1736.4975352730228 1737.6775718391036 1733.8398609893118 1739.2460553906078 1736.6649599208624 -1.0 1737.5939555155553 1.0 3
266 nan 0.0625 0.2 1.0 -1.0 1743.4582342070298 1743.459098210373 1743.6844110822076 1739.8838523761738 1746.257309011986 1743.5287944800584 -1.0 1743.5287944800584 -1.0 1
267 nan 0.25 0.2 -1.0 1.0 1747.412393507412 1747.4134495114981 1747.7200746979659 1746.9007115274892 1749.3072876471745 1747.5902821957416 1.0 1747.5902821957416 1.0 1
268 nan 0.25 0.2 -1.0 1.0 1750.5291415674815 1750.5301015711962 1750.8111906588535 1749.9180032027182 1752.3931936899944 1750.6427100069277 1.0 1750.6427100069277 1.0 1
269 nan 0.0625 0.2 -1.0 1.0 1753.8457624009468 1753.8467224046615 1754.1213794674306 1753.0266872315847 1755.6958327313152 1754.02518709522 1.0 1754.02518709522 1.0 1
270 0.125 nan 0.2 1.0 1.0 1757.9412342481294 1757.942386252587 1758.7107732258144 1756.3257399970714 1760.2790582941993 1757.8673139620994 -1.0 1758.4050120426898 -1.0 3
271 nan 1.0 0.2 -1.0 1.0 1761.6432965730376 1761.6443525771235 1761.846817360549 1760.916957762513 1763.4253440457874 1761.7356489303893 1.0 1761.7356489303893 1.0 1
272 nan 1.0 0.2 -1.0 1.0 1764.5621878675122 1764.5630518708554 1765.0253896598438 1764.0497378846178 1766.6243570902864 1764.714252455917 1.0 1764.96366142099 1.0 2
273 nan 0.125 0.2 -1.0 1.0 1768.562235345456 1768.563291349542 1769.1319015497452 1767.2487582630351 1770.7122780427087 1768.9074526812537 1.0 1768.9074526812537 1.0 1
274 nan 1.0 0.2 -1.0 1.0 1771.8922962309266 1771.8933522350128 1772.1853853650175 1771.3502781336201 1773.7593031425079 1771.8836561974947 -1.0 1771.8836561974947 -1.0 1
275 nan 0.0625 0.2 -1.0 1.0 1775.145460818852 1775.146324822195 1775.5390623418693 1774.3883058890863 1777.112291289651 1775.3185494886081 1.0 1775.3185494886081 1.0 1
276 nan 1.0 0.2 -1.0 1.0 1779.7933188034594 1779.7942788071741 1780.0433037707612 1777.969983748174 1781.595344792117 1779.889703176413 1.0 1779.889703176413 1.0 1
277 nan 0.0625 0.2 1.0 -1.0 1782.7432182179182 1782.7442742220044 1784.7272578950408 1782.2383522643697 1787.2787534306026 1784.582393334496 -1.0 1784.582393334496 -1.0 1
278 nan 0.0625 0.2 -1.0 1.0 1788.4573523284173 1788.4582163317605 1791.9221017350574 1787.9077502017649 1793.4787537452276 1789.0120424747577 1.0 1791.7681171392232 1.0 2
279 nan 1.0 0.2 -1.0 1.0 1794.6403522531646 1794.6412162565077 1794.9041612739577 1794.1144622182646 1796.461823846581 1794.811040913634 1.0 1794.811040913634 1.0 1
280 nan 0.0 0.2 -1.0 1.0 1797.59265167691 1797.5935156802532 1799.321234365557 1797.092009739706 1800.8785921283989 1798.0410694120355 -1.0 1799.1164655732166 1.0 5
281 nan 1.0 0.2 -1.0 1.0 1802.2404136611462 1802.2414696652324 1802.576606962026 1801.5374029408883 1804.1414767069652 1802.404382295613 1.0 1802.404382295613 1.0 1
282 nan 0.0625 0.2 1.0 -1.0 1805.7117870934173 1805.7128430975035 1806.6427986959109 1804.7833675009535 1809.1951935224317 1806.471630033584 -1.0 1806.471630033584 -1.0 1
283 nan 0.125 0.2 -1.0 1.0 1810.7883827369997 1810.7894387410859 1811.1327360694543 1809.8615951508507 1812.6914709654352 1811.0111035988048 1.0 1811.0111035988048 1.0 1
284 nan 0.125 0.2 1.0 -1.0 1815.995154884292 1815.9961148880068 1816.4790927568606 1813.3277845630626 1819.0584846529027 1816.306100087476 -1.0 1816.306100087476 -1.0 1
285 nan 0.25 0.2 -1.0 1.0 1821.2116230691026 1821.2127750735604 1821.7672732191577 1819.724481314697 1823.342431350472 1821.490024146359 1.0 1821.490024146359 1.0 1
286 nan 0.25 0.2 -1.0 1.0 1824.6450763546443 1824.646036358359 1825.134006246529 1823.995537841294 1826.6949083764234 1824.8637652008476 1.0 1824.8637652008476 1.0 1
287 nan 0.25 0.2 -1.0 1.0 1827.9255050480663 1827.9263690514094 1828.2059221331233 1827.3447988010582 1829.7925173607568 1828.0643215852085 1.0 1828.0643215852085 1.0 1
288 nan 0.125 0.2 -1.0 1.0 1831.1282694409708 1831.129325445057 1831.7107036946652 1830.4526188265813 1833.2745979245565 1831.4387346422973 1.0 1831.4387346422973 1.0 1
289 nan 0.25 0.2 -1.0 1.0 1834.3782660166376 1834.3793220207237 1834.7386514111272 1833.9163122291352 1836.307627608175 1834.578906793005 1.0 1834.578906793005 1.0 1
290 0.125 nan 0.2 1.0 1.0 1837.6948868501029 1837.6956548530748 1838.0751443214865 1836.976228069296 1839.6394802065906 1837.910599684791 -1.0 1837.910599684791 -1.0 1
291 nan 0.125 0.2 -1.0 1.0 1841.0613318763599 1841.0622918800746 1841.4662614432107 1840.2852648734154 1843.0115527479081 1841.2435405814056 1.0 1841.2435405814056 1.0 1
292 nan 1.0 0.2 -1.0 1.0 1844.2745603097546 1844.2757123142121 1844.5433613498642 1843.6598699312472 1846.0946760761046 1844.412992845411 1.0 1844.412992845411 1.0 1
293 nan 0.0625 0.2 1.0 -1.0 1847.690541527689 1847.6915975317752 1849.981974394251 1846.7632739396827 1852.540584886503 1849.7327574299209 -1.0 1849.7327574299209 -1.0 1
294 nan 1.0 0.2 -1.0 1.0 1853.7445169531836 1853.7455729572698 1854.0756222343757 1853.1788827644962 1855.6405889538985 1853.9448697284367 1.0 1853.9448697284367 1.0 1
295 nan 1.0 0.2 -1.0 1.0 1856.844560948618 1856.8455209523327 1857.1998583234197 1856.287086791505 1858.7446405712299 1857.030993670008 1.0 1857.030993670008 1.0 1
296 1.0 nan 0.2 1.0 1.0 1860.1922859024387 1860.1932459061534 1860.5293432066617 1859.6217556948063 1862.0946199753578 1860.351454518332 -1.0 1860.413854759786 -1.0 2
297 nan 0.0625 0.2 -1.0 1.0 1863.4235624056694 1863.424522409384 1865.5046584583456 1862.7456077823645 1867.0779509549152 1864.0999810230305 -1.0 1865.4079860842776 1.0 3
298 nan 1.0 0.2 -1.0 1.0 1868.3416614359585 1868.3425254393017 1868.7377589686341 1867.7153550125033 1870.322664690808 1868.4887340050468 1.0 1868.4887340050468 1.0 1
299 0.0625 nan 0.8 1.0 1.0 1871.56122589387 1871.5621858975846 1871.9803635156977 1870.9602635684823 1873.5577149148223 1871.8201388957182 -1.0 1871.8201388957182 -1.0 1
300 0.25 nan 0.8 1.0 1.0 1875.0444073718315 1875.0454633759177 1875.4181368179552 1874.2159241660656 1877.0062704936358 1875.2174960415878 -1.0 1875.2174960415878 -1.0 1
301 1.0 nan 0.8 1.0 1.0 1878.2611878189705 1878.2621478226852 1878.7090295518672 1877.6469774423203 1880.29076429821 1878.2233636726123 1.0 1878.6853174601147 -1.0 2
302 0.25 nan 0.8 1.0 1.0 1882.677684908341 1882.6787409124272 1883.043062322147 1880.9549582423535 1884.610682161855 1882.8456855584095 -1.0 1882.8456855584095 -1.0 1
303 1.0 nan 0.8 1.0 1.0 1886.2396826912777 1886.240738695364 1886.576547994758 1885.2723829483693 1888.156696109046 1886.4510755092497 -1.0 1886.4510755092497 -1.0 1
304 0.0625 nan 0.8 1.0 1.0 1890.7275080566487 1890.728372059992 1891.2516700848623 1888.8243966926734 1892.7943423566794 1890.9627089667445 -1.0 1890.9627089667445 -1.0 1
305 0.125 nan 0.8 1.0 1.0 1894.106721132311 1894.107777136397 1894.6132190921744 1893.4532466037306 1896.173763348709 1894.3388500305198 -1.0 1894.3388500305198 -1.0 1
306 nan 0.0625 0.8 1.0 -1.0 1897.360845723951 1897.3618057276656 1897.98676814592 1896.834763688308 1900.556815201391 1897.816175485822 -1.0 1897.816175485822 -1.0 1
307 0.25 nan 0.8 1.0 1.0 1901.6775984273663 1901.6783664303382 1901.9969916632394 1901.199420577086 1903.553835826663 1901.8467510818925 -1.0 1901.8467510818925 -1.0 1
308 0.0 nan 0.8 -1.0 -1.0 1904.677322034617 1904.6783780387032 1905.4296769458092 1904.1993361850793 1907.989870845906 1905.2880763978942 1.0 1905.2880763978942 1.0 1
309 nan 0.125 0.8 -1.0 1.0 1909.4774366083723 1909.4783006117154 1909.8653741094731 1908.6604734471823 1911.4274678211289 1909.6828774033131 1.0 1909.6828774033131 1.0 1
310 0.25 nan 0.8 1.0 1.0 1912.6218327754245 1912.6226007783964 1912.904361868654 1912.0954627386673 1914.4606530649419 1912.8140255191029 -1.0 1912.8140255191029 -1.0 1
311 1.0 nan 0.8 1.0 1.0 1916.3747752972106 1916.3756393005538 1916.9191934038038 1915.1297464796462 1918.4897634810302 1916.7483127425912 -1.0 1916.7483127425912 -1.0 1
312 0.0625 nan 0.8 1.0 1.0 1919.8273326566741 1919.8282926603888 1920.572007538149 1919.1449620162819 1922.143776620015 1920.3274945920207 -1.0 1920.3274945920207 -1.0 1
313 nan 1.0 0.8 -1.0 1.0 1923.5388030179859 1923.5395710209577 1923.8337161591346 1922.8025761692004 1925.3938273719946 1923.69278761382 1.0 1923.69278761382 1.0 1
314 1.0 nan 0.8 1.0 1.0 1926.6898232106694 1926.6908792147556 1927.0702726827958 1926.0606367760704 1928.6438465943718 1926.9499842173468 -1.0 1926.9499842173468 -1.0 1
315 0.125 nan 0.8 1.0 1.0 1931.2398568167516 1931.2409128208376 1932.3790932249585 1929.3127453599093 1933.9439003693847 1932.2117645774904 -1.0 1932.2117645774904 -1.0 1
316 0.0625 nan 0.8 1.0 1.0 1935.3408006851078 1935.341856689194 1935.930818968148 1934.6110058612105 1937.4935873952538 1935.7339222062678 -1.0 1935.7339222062678 -1.0 1
317 0.0 nan 0.8 1.0 1.0 1938.8748623599474 1938.875822363662 1942.6207968546162 1938.166379618516 1944.206964982333 1939.1348313658818 -1.0 1942.524700482777 -1.0 3
318 0.25 nan 0.8 1.0 1.0 1945.6601686152828 1945.6615126204833 1946.1993067014453 1945.129574562181 1947.7436844949225 1946.0239140227739 -1.0 1946.0239140227739 -1.0 1
319 nan 1.0 0.8 -1.0 1.0 1949.1068699520868 1949.1078299558014 1949.368854965822 1948.4152832760337 1950.9389826425434 1949.2479904981444 1.0 1949.2479904981444 1.0 1
320 0.125 nan 0.8 1.0 1.0 1952.3269144118556 1952.327778415199 1952.939108780705 1951.6172796659666 1954.5101969240295 1952.7881961967578 -1.0 1952.7881961967578 -1.0 1
321 nan 0.25 0.8 -1.0 1.0 1955.72196754881 1955.7227355517819 1956.0462568036278 1955.1763974377593 1957.6101539295985 1955.9113762817158 1.0 1955.9113762817158 1.0 1
322 0.0625 nan 0.8 1.0 1.0 1959.7728952236316 1959.7737592269748 1963.3088769059007 1958.2686654031047 1964.891201285551 1963.166700355757 -1.0 1963.166700355757 -1.0 1
323 1.0 nan 0.8 1.0 1.0 1966.1600879384907 1966.1610479422054 1966.6856899722761 1965.5693016524785 1968.255975965038 1966.5303613712415 -1.0 1966.5303613712415 -1.0 1
324 nan 0.0625 0.8 1.0 -1.0 1969.4768047723273 1969.4776687756707 1970.109351219928 1968.937666686165 1972.691014578182 1969.7434938042645 -1.0 1969.9420225724598 -1.0 2
325 1.0 nan 0.8 1.0 1.0 1973.8599897327986 1973.8610457368848 1974.4014318278764 1973.3648198167684 1975.9740671222276 1974.1891750065613 -1.0 1974.1891750065613 -1.0 1
326 0.0625 nan 0.8 1.0 1.0 1977.1099863084653 1977.1110423125515 1986.998792572608 1976.64457650759 1988.5711180447504 1977.437923577399 -1.0 1986.991208543262 -1.0 2
327 0.125 nan 0.8 1.0 1.0 1989.7930753849175 1989.7939393882607 1990.2510931571899 1989.2712173656193 1991.8098712831306 1989.8948357786733 1.0 1990.0516043852801 -1.0 2
328 0.25 nan 0.8 1.0 1.0 1993.9220513617424 1993.9229153650856 1994.1667563086135 1992.4835817956707 1995.7264800334451 1994.068931930088 -1.0 1994.068931930088 -1.0 1
329 1.0 nan 0.8 1.0 1.0 1996.9550870978921 1996.9562391023499 1997.399664818159 1996.417677018416 1998.9731548765767 1997.1215517420171 -1.0 1997.3309285521882 -1.0 2
330 nan 0.25 0.8 -1.0 1.0 2000.2764119495594 2000.277563954017 2000.7015975947897 1999.6467455131028 2002.2720968163555 2000.565757069163 1.0 2000.565757069163 1.0 1
331 0.125 nan 0.8 1.0 1.0 2003.5930327830247 2003.5938967863678 2003.9154980307846 2002.9504062964202 2005.4871506259958 2003.7712094724689 -1.0 2003.7712094724689 -1.0 1
332 0.0 nan 0.8 1.0 1.0 2006.90965361649 2006.9105176198332 2008.8583651569124 2006.170258755446 2010.439142982072 2008.6325722832205 -1.0 2008.6325722832205 -1.0 1
333 0.125 nan 0.8 1.0 1.0 2011.626151866697 2011.6272078707832 2012.2629223306421 2011.1296379454661 2013.8261672472256 2012.0042013295367 -1.0 2012.2254821857698 -1.0 2
334 0.25 nan 0.8 1.0 1.0 2015.2570779163475 2015.2581339204337 2015.6604714772548 2014.4867709356909 2017.2402229515967 2015.4451426440528 -1.0 2015.4451426440528 -1.0 1
335 0.25 nan 0.8 1.0 1.0 2018.6429150176411 2018.6437790209843 2018.919588088211 2017.932032266923 2020.5061977198334 2018.6613470889629 -1.0 2018.6613470889629 -1.0 1
336 1.0 nan 0.8 1.0 1.0 2022.9261635914145 2022.9271235951292 2023.5077338417657 2021.1830848466757 2025.075905452088 2023.2032206634701 -1.0 2023.4537816330007 -1.0 2
337 1.0 nan 0.8 1.0 1.0 2026.3360967859462 2026.3371527900324 2026.7545624051738 2025.7766066210327 2028.3405922973513 2026.6453139824437 -1.0 2026.6453139824437 -1.0 1
338 0.25 nan 0.8 1.0 1.0 2029.7427659678483 2029.743725971563 2030.264719987518 2029.0096111309497 2031.838263714348 2030.1616155885617 -1.0 2030.1616155885617 -1.0 1
339 0.25 nan 0.8 1.0 1.0 2033.0593868013136 2033.0604428053998 2033.5446686790826 2032.513048687291 2035.1094061339627 2033.269051612599 -1.0 2033.269051612599 -1.0 1
340 nan 0.0 0.8 1.0 -1.0 2036.4881360686531 2036.4890960723678 2037.0017380560053 2035.787717358425 2039.5592564603664 2036.6978008799385 -1.0 2036.8734815597245 -1.0 2
341 1.0 nan 0.8 1.0 1.0 2041.2042503173743 2041.205402321832 2041.7977246137875 2040.5222636784679 2043.3731710651696 2041.6405720056948 -1.0 2041.6405720056948 -1.0 1
342 0.0 nan 0.8 1.0 1.0 2044.7090318789162 2044.709991882631 2045.8178361693679 2044.057669358508 2047.392248773305 2045.6580915512457 -1.0 2045.6580915512457 -1.0 1
343 1.0 nan 0.8 1.0 1.0 2048.5712228234324 2048.57237482789 2048.945528271785 2048.0787409178033 2050.525259638702 2048.8300398249094 -1.0 2048.8300398249094 -1.0 1
344 0.0625 nan 0.8 1.0 1.0 2051.77024320185 2051.771299205936 2052.176516773901 2051.2081610269065 2053.7713022846747 2051.9763559993908 -1.0 2051.9763559993908 -1.0 1
345 0.125 nan 0.8 1.0 1.0 2055.0256157983185 2055.026671802405 2055.206768499278 2054.464109625604 2056.775849363986 2055.0021917076806 -1.0 2055.0021917076806 -1.0 1
346 0.125 nan 0.8 1.0 1.0 2058.9862071235893 2058.9872631276753 2059.3973767145853 2057.4584572120525 2060.9713503895314 2059.179743872468 -1.0 2059.179743872468 -1.0 1
347 0.125 nan 0.8 1.0 1.0 2062.3923003032623 2062.393644308463 2063.318607887554 2061.659145466364 2064.887290689028 2063.1702873136364 -1.0 2063.1702873136364 -1.0 1
348 0.25 nan 0.8 1.0 1.0 2066.158970878168 2066.1599308818827 2066.304891442799 2065.567896591042 2067.8758332247344 2066.0982986434005 -1.0 2066.0982986434005 -1.0 1
349 1.0 nan 0.8 1.0 1.0 2069.1372864025816 2069.1382464062963 2069.656936413336 2068.5575401592882 2071.225671737479 2069.502951817502 -1.0 2069.502951817502 -1.0 1
350 0.125 nan 0.8 1.0 1.0 2072.4553472416187 2072.456211244962 2072.920949043237 2071.9193771677146 2074.505973364418 2072.6903561509716 -1.0 2072.6903561509716 -1.0 1
351 nan 1.0 0.8 -1.0 1.0 2075.725503895294 2075.72655989938 2076.0346250914195 2075.191069827333 2077.5922942747306 2075.8541443930603 -1.0 2075.8541443930603 -1.0 1
352 0.125 nan 0.8 1.0 1.0 2078.8213238743833 2078.8221878777267 2079.238925490268 2078.29389783354 2080.821384761908 2079.0191806399785 -1.0 2079.0191806399785 -1.0 1
353 0.125 nan 0.8 1.0 1.0 2082.0253362721173 2082.0262002754603 2082.585114438145 2081.5202783178256 2084.1421157820573 2082.4183617929057 -1.0 2082.4183617929057 -1.0 1
354 0.25 nan 0.8 1.0 1.0 2085.471365606321 2085.4725176107786 2085.7551427043795 2084.8339231397754 2087.3397566573817 2085.6304382218427 -1.0 2085.6304382218427 -1.0 1
355 0.125 nan 0.8 1.0 1.0 2089.9086947763 2089.9098467807576 2090.1605037506597 2088.0492635813425 2091.7253739310486 2090.033495259208 -1.0 2090.033495259208 -1.0 1
356 nan 0.0625 0.2 1.0 -1.0 2092.9693786194325 2092.9704346235185 2095.472396304709 2092.429472530298 2098.0716973625485 2095.255627465935 -1.0 2095.255627465935 -1.0 1
357 nan 0.25 0.2 -1.0 1.0 2099.6084763090225 2099.609436312737 2099.9216295207502 2098.787097130745 2101.5216360020804 2099.7976930411855 1.0 2099.7976930411855 1.0 1
358 nan 0.0 0.2 -1.0 1.0 2102.9751133360223 2102.976073339737 2106.9010485271933 2102.247142519183 2108.4885471832467 2106.770488021997 1.0 2106.770488021997 1.0 1
359 0.0625 nan 0.2 1.0 1.0 2110.825159711306 2110.826023714649 2111.260137394426 2109.186145369238 2112.825185761163 2111.0313685092187 -1.0 2111.0313685092187 -1.0 1
360 nan 1.0 0.2 -1.0 1.0 2114.0227400841513 2114.023700087866 2115.4643776624816 2113.527090166264 2117.0251900842795 2115.335833165086 1.0 2115.335833165086 1.0 1
361 nan 0.0625 0.2 1.0 -1.0 2118.3864369692146 2118.387300972558 2121.7536499984435 2117.7371864569786 2124.3375728117608 2121.629521518136 -1.0 2121.629521518136 -1.0 1
362 nan 0.25 0.2 1.0 -1.0 2125.808321687752 2125.809281691467 2126.315299649473 2125.0436787290123 2128.8875856044897 2126.1660190718408 -1.0 2126.1660190718408 -1.0 1
363 nan 1.0 0.2 -1.0 1.0 2130.2750269714 2130.2758909747436 2130.6371403725766 2129.5871843098344 2132.2082161254134 2130.5207879223576 1.0 2130.5207879223576 1.0 1
364 0.125 nan 0.2 1.0 1.0 2133.621503920392 2133.622559924478 2134.255106372079 2132.917821197534 2135.824938659518 2134.126657875055 -1.0 2134.126657875055 -1.0 1
365 0.0625 nan 0.2 1.0 1.0 2137.0865413281463 2137.0875973322327 2137.608207346702 2136.536939201494 2139.186551664875 2137.3252942519866 -1.0 2137.3252942519866 -1.0 1
366 nan 0.125 0.2 -1.0 1.0 2140.5914188900597 2140.592186893032 2141.75244738259 2139.894552193576 2143.324841785996 2141.627646899682 1.0 2141.627646899682 1.0 1
367 nan 0.0625 0.2 1.0 -1.0 2145.5375500288173 2145.538510032532 2145.840623201541 2144.0353362160913 2148.4206251941146 2145.5555980986533 -1.0 2145.830927164023 -1.0 2
368 0.0625 nan 0.2 1.0 1.0 2151.3413484862676 2151.3422124896106 2153.975694679712 2149.119035887162 2155.5536530041372 2153.809614037073 -1.0 2153.809614037073 -1.0 1
369 nan 0.25 0.2 -1.0 1.0 2157.00796241289 2157.008826416233 2160.551912125991 2156.280951599765 2162.1206558619538 2160.394279516041 1.0 2160.394279516041 1.0 1
370 nan 0.125 0.2 1.0 -1.0 2163.9745173695565 2163.975477373271 2168.2837820439977 2162.85035301967 2170.8246704676512 2167.9438447286307 -1.0 2168.1142453879856 -1.0 2
371 0.25 nan 0.2 1.0 1.0 2173.2186811392935 2173.2200251444942 2173.678138917138 2171.5313786103775 2175.2387388806587 2173.4935302028057 -1.0 2173.4935302028057 -1.0 1
372 nan 0.125 0.2 -1.0 1.0 2176.624198316738 2176.6250623200813 2177.9103152932903 2175.961027750639 2179.4697241590243 2177.296872919612 -1.0 2177.296872919612 -1.0 1
373 nan 0.25 0.2 -1.0 1.0 2180.7910944402925 2180.791958443636 2181.1418797976353 2180.180340077015 2182.6907122463026 2180.996439234862 1.0 2180.996439234862 1.0 1
374 nan 0.125 0.2 1.0 -1.0 2184.0386910066727 2184.0396510103874 2184.3636522640904 2183.400000535298 2186.907677092702 2184.2031396429966 -1.0 2184.2031396429966 -1.0 1
375 nan 0.0625 0.2 -1.0 1.0 2188.319731571902 2188.320979576731 2188.8391895819136 2187.610288826756 2190.407593084875 2188.682804976793 1.0 2188.682804976793 1.0 1
376 nan 0.0625 0.2 1.0 -1.0 2191.787744991172 2191.788608994515 2194.353258918274 2191.1193904050137 2196.907480209963 2192.6276522411426 -1.0 2194.3451948870706 -1.0 3
377 nan 0.0625 0.2 1.0 -1.0 2198.121753500238 2198.122617503581 2202.483530377872 2197.6243755756636 2205.0538901751106 2202.1650971457134 -1.0 2202.42650615722 -1.0 2
378 nan 0.125 0.2 -1.0 1.0 2206.2906171091654 2206.29157711288 2215.186299530475 2205.7845991511595 2216.7699445941375 2215.015226868519 1.0 2215.015226868519 1.0 1
379 nan 1.0 0.2 -1.0 1.0 2218.4073039939585 2218.4081679973015 2219.2858993936306 2217.5230445723696 2220.8572211669225 2218.822985602413 -1.0 2218.978122202705 1.0 2
380 nan 0.25 0.2 -1.0 1.0 2222.4698477137276 2222.4708077174423 2222.779448911711 2221.594612327057 2224.3378537110843 2222.633144345594 1.0 2222.633144345594 1.0 1
381 nan 1.0 0.2 -1.0 1.0 2226.0737976589958 2226.0747576627105 2226.6218637797047 2225.0521617058366 2228.1738636301734 2226.3055425557186 1.0 2226.5350794438978 1.0 2
382 nan 0.125 0.2 -1.0 1.0 2229.5538111246988 2229.5547711284134 2230.544726958988 2228.904560612463 2232.0905282433164 2230.1414293984526 1.0 2230.5201508638925 1.0 2
383 nan 0.25 0.2 -1.0 1.0 2233.3869139566605 2233.3880659611177 2234.1913970695596 2232.803039697394 2235.756915526743 2234.028484439179 1.0 2234.028484439179 1.0 1
384 nan 0.0625 0.2 -1.0 1.0 2237.1374564691596 2237.1383204725025 2238.018163877004 2236.47620591049 2239.5849630509156 2237.8678272952857 1.0 2237.8678272952857 1.0 1
385 nan 1.0 0.2 -1.0 1.0 2240.8402867970394 2240.8413428011254 2242.3903087947565 2240.314972764368 2243.9709965708225 2242.0690915518257 -1.0 2242.0690915518257 -1.0 1
386 nan 1.0 0.2 -1.0 1.0 2245.390320403121 2245.391280406836 2245.739953756007 2244.7067977582715 2247.307051454074 2245.528368937292 1.0 2245.528368937292 1.0 1
387 nan 0.0625 0.2 -1.0 1.0 2248.619004896322 2248.619964900037 2249.5164163688023 2248.034362634084 2251.0850669542574 2249.3343996644994 1.0 2249.3343996644994 1.0 1
388 nan 0.0625 0.2 -1.0 1.0 2252.306859166253 2252.307915170339 2252.8698053445396 2251.817065271025 2254.423489796003 2252.724556782509 1.0 2252.724556782509 1.0 1
389 0.25 nan 0.2 1.0 1.0 2255.803000694363 2255.803960698078 2256.217914299846 2255.1694942430477 2257.787119702903 2256.0354175936864 -1.0 2256.0354175936864 -1.0 1
390 nan 1.0 0.2 -1.0 1.0 2260.790027991366 2260.790891994709 2266.720546939153 2258.5075231593505 2268.2735459281052 2266.588162426899 1.0 2266.588162426899 1.0 1
391 nan 0.125 0.2 1.0 -1.0 2269.8370069981083 2269.8378710014517 2270.3242088833067 2269.3464450999086 2272.9031040500486 2269.935695379977 -1.0 2270.2824487217185 -1.0 3
392 nan 0.125 0.2 -1.0 1.0 2274.1567357130393 2274.1577917171257 2274.818274272823 2273.6460137368313 2276.3734207893554 2274.5501452353137 1.0 2274.5501452353137 1.0 1
393 0.0625 nan 0.2 1.0 1.0 2277.670061307642 2277.6711173117283 2279.5327565152293 2277.116619166131 2281.085102957513 2278.311151788303 1.0 2279.283923552385 -1.0 4
394 nan 0.0625 0.2 1.0 -1.0 2282.3063992476737 2282.3074552517596 2282.7044167877784 2281.8239973810482 2285.2731398791097 2282.5461121752282 -1.0 2282.5461121752282 -1.0 1
395 nan 0.0625 0.2 1.0 -1.0 2287.6690759982293 2287.6701320023153 2289.451130893784 2286.0160456019275 2292.0062575394973 2289.2106499632573 -1.0 2289.411482740368 -1.0 2
396 nan 0.0625 0.2 -1.0 1.0 2293.3860901198727 2293.3871461239587 2294.2769735670927 2292.7460556432975 2295.8398408782036 2294.116364945627 1.0 2294.116364945627 1.0 1
397 nan 0.25 0.2 -1.0 1.0 2300.651110231432 2300.6520702351468 2301.3955931121636 2296.576758465972 2302.970292328452 2301.092903940926 -1.0 2301.092903940926 -1.0 1
398 nan 0.25 0.2 -1.0 1.0 2306.9228144994154 2306.9236785027583 2307.32736006478 2303.7573942510116 2308.8896613594216 2307.1603194184263 1.0 2307.1603194184263 1.0 1
399 nan 0.0625 0.2 -1.0 1.0 2310.204011195809 2310.2049711995237 2313.908281529261 2309.662953102217 2315.4871954433534 2310.1786670977417 1.0 2313.7327928502177 1.0 4
400 nan 0.25 0.2 -1.0 1.0 2316.8061487423843 2316.807300746842 2317.1923582367986 2316.2480985830425 2318.7562477613533 2317.042981658795 1.0 2317.042981658795 1.0 1
401 1.0 nan 0.2 1.0 1.0 2320.4871869859408 2320.4879549889124 2320.803892211413 2319.527759273493 2322.3872891527953 2320.673427706588 -1.0 2320.673427706588 -1.0 1
402 1.0 nan 0.2 1.0 1.0 2323.6891833758737 2323.6903353803314 2324.4141781811977 2323.14409326668 2325.9729166616717 2323.8733120883485 -1.0 2324.3418899014823 -1.0 3
403 nan 0.0 0.2 -1.0 1.0 2327.3351814838447 2327.3362374879307 2327.83198340619 2326.736619167744 2329.41832552224 2327.501550127598 1.0 2327.501550127598 1.0 1
404 nan 1.0 0.2 -1.0 1.0 2330.7559627203523 2330.756922724067 2344.980145759975 2330.173624467029 2346.5512898394227 2344.7836329995807 1.0 2344.7836329995807 1.0 1
405 nan 1.0 0.2 -1.0 1.0 2347.8725409519247 2347.8735009556394 2354.124661144129 2347.3360908761633 2355.702405783123 2353.9352524112232 1.0 2353.9352524112232 1.0 1
406 nan 0.125 0.2 -1.0 1.0 2357.1723849371133 2357.1734409411993 2360.745710763883 2356.4780142502873 2362.3194079252767 2360.46884569257 1.0 2360.46884569257 1.0 1
407 nan 1.0 0.2 -1.0 1.0 2363.5553536356274 2363.556121638599 2364.0662676125785 2363.0885038291804 2365.62237527776 2363.8812748967603 1.0 2363.8812748967603 1.0 1
408 nan 0.25 0.2 -1.0 1.0 2367.0503431592797 2367.0511111622513 2367.9315305689815 2366.3722925356037 2369.4888947152535 2367.6642655348155 1.0 2367.6642655348155 1.0 1
409 nan 0.25 0.2 -1.0 1.0 2370.835349805136 2370.836405809222 2372.2777553864375 2370.2438915165235 2373.8673920208016 2372.0808586245575 1.0 2372.0808586245575 1.0 1
410 nan 0.0625 0.2 -1.0 1.0 2375.372231360327 2375.37309536367 2375.7559448450834 2374.631588494454 2377.3532395780203 2375.5248719509605 1.0 2375.5248719509605 1.0 1
411 nan 1.0 0.2 -1.0 1.0 2378.6388360002575 2378.639700003601 2379.2976865496403 2378.1104499556996 2380.872232252775 2379.0965657714155 1.0 2379.0965657714155 1.0 1
412 nan 1.0 0.2 -1.0 1.0 2382.3363863077066 2382.3377303129073 2382.7639719622234 2381.6298235737045 2384.351424610329 2382.609507364532 1.0 2382.609507364532 1.0 1
413 nan 1.0 0.2 -1.0 1.0 2385.838767859962 2385.8397278636767 2386.163345115894 2385.115021059467 2387.7221828453753 2386.022704571694 1.0 2386.022704571694 1.0 1
414 nan 0.125 0.2 -1.0 1.0 2389.102396488377 2389.1033564920917 2389.652478616887 2388.4878981106126 2391.205489472632 2389.477277938958 1.0 2389.477277938958 1.0 1
415 nan 0.125 0.2 -1.0 1.0 2392.635498159502 2392.636362162845 2393.0960119414326 2391.9565835324825 2394.669390789254 2392.9113072267287 1.0 2392.9113072267287 1.0 1
416 nan 0.0 0.2 -1.0 1.0 2396.088535520823 2396.0896875252806 2396.322392425718 2395.4343889896422 2397.888503559873 2396.043703347347 1.0 2396.043703347347 1.0 1
417 0.25 nan 0.2 1.0 1.0 2399.4844526611205 2399.485316664464 2400.0990470392567 2398.983906724288 2401.6665666064264 2399.8120059285684 -1.0 2399.9637825158584 -1.0 2
418 nan 1.0 0.2 -1.0 1.0 2402.9551540907914 2402.955922093763 2403.29585940913 2402.4288800544055 2404.867620044335 2403.129490765377 1.0 2403.129490765377 1.0 1
419 nan 0.0 0.2 -1.0 1.0 2407.7385645999116 2407.7396206039975 2413.693851643537 2405.615228383789 2415.2675390949885 2407.9004212262057 1.0 2413.668795546584 1.0 2
420 nan 0.0 0.2 -1.0 1.0 2416.62176697293 2416.6229189773876 2417.2311773310066 2416.0368367095775 2418.7881785718105 2417.0925527946074 1.0 2417.0925527946074 1.0 1
421 nan 0.0 0.2 -1.0 1.0 2420.218516890338 2420.219572894424 2420.8739114263476 2419.5471862926643 2422.4685942820374 2420.716470817141 1.0 2420.716470817141 1.0 1
422 1.0 nan 0.2 1.0 1.0 2423.8216028322627 2423.8225628359774 2424.9805193166208 2423.2481926134865 2426.5550051613836 2424.1010599136052 1.0 2424.9421191680335 -1.0 3
423 nan 0.125 0.2 -1.0 1.0 2427.8175222942336 2427.818866299434 2428.1291395000176 2427.321104373374 2429.7050677950856 2427.9866749487596 1.0 2427.9866749487596 1.0 1
424 0.0625 nan 0.8 -1.0 -1.0 2431.0006066109872 2431.0014706143306 2431.257791606149 2430.4874846254925 2433.8516812108296 2431.1327031221267 1.0 2431.1327031221267 1.0 1
425 0.125 nan 0.8 1.0 1.0 2435.338191395011 2435.339151398726 2435.9821618868164 2434.642476702985 2437.5666902279 2435.542384185123 -1.0 2435.851505381249 -1.0 2
426 0.125 nan 0.8 1.0 1.0 2438.954813389313 2438.955773393028 2439.5834238216835 2438.343291023064 2441.154891349187 2439.2730546207285 -1.0 2439.4924154695323 -1.0 2
427 nan 1.0 0.8 -1.0 1.0 2442.6815478096883 2442.6824118130316 2442.952844859456 2441.926888889581 2444.52149861768 2442.7595961116917 -1.0 2442.7595961116917 -1.0 1
428 0.25 nan 0.8 1.0 1.0 2445.901592269457 2445.9024562728005 2446.464250446629 2445.294197919181 2448.021564389104 2446.1836413608294 -1.0 2446.411066240836 -1.0 2
429 0.25 nan 0.8 1.0 1.0 2450.2686491675217 2450.2697051716077 2450.681546765204 2448.798979480723 2452.2380827327866 2450.436841818333 -1.0 2450.436841818333 -1.0 1
430 0.0625 nan 0.8 1.0 1.0 2453.5683739356086 2453.5693339393233 2454.3296568813475 2453.01377978964 2455.8880221891513 2453.6723423379085 1.0 2453.6723423379085 1.0 1
431 0.0 nan 0.8 -1.0 -1.0 2457.3516525747787 2457.3527085788646 2462.10703097543 2456.672929948502 2464.68373760856 2457.388132715936 -1.0 2462.018806634051 1.0 3
432 0.25 nan 0.8 1.0 1.0 2466.221126894677 2466.222278899135 2467.5576440662503 2465.493636079695 2469.1497793762005 2467.3641073173712 -1.0 2467.3641073173712 -1.0 1
433 0.25 nan 0.8 1.0 1.0 2470.6212079205266 2470.622263924613 2471.050041579873 2469.937685275677 2472.6206978794803 2470.9204410783914 -1.0 2470.9204410783914 -1.0 1
434 0.0625 nan 0.8 1.0 1.0 2474.1646776317702 2474.165637635485 2474.664071564145 2473.386498620653 2476.237728188417 2474.495494911848 -1.0 2474.495494911848 -1.0 1
435 0.0 nan 0.8 1.0 1.0 2482.4507576942597 2482.4519096987174 2487.7782983088587 2477.007632632414 2489.3657871998676 2484.205260483203 -1.0 2487.7362501461557 -1.0 3
436 nan 0.125 0.8 -1.0 1.0 2490.770821888249 2490.7721658934497 2491.2274956553206 2490.1955876624147 2492.8154500905584 2491.052198977021 1.0 2491.052198977021 1.0 1
437 0.25 nan 0.8 1.0 1.0 2494.220787237683 2494.221843241769 2503.3509985664878 2493.5972648250004 2504.9179340433575 2503.175317886702 -1.0 2503.175317886702 -1.0 1
438 0.0 nan 0.8 1.0 1.0 2506.3374741224757 2506.3384341261904 2506.7624677669633 2505.7191357298525 2508.320699651645 2506.5882270927495 -1.0 2506.5882270927495 -1.0 1
439 0.0625 nan 0.8 1.0 1.0 2510.883859714442 2510.884723717785 2515.542085739168 2509.1070848393183 2517.1207551059206 2515.4121972365724 -1.0 2515.4121972365724 -1.0 1
440 0.0 nan 0.8 -1.0 -1.0 2519.065875374261 2519.066739377604 2530.707648421403 2517.947759047777 2533.287070804249 2530.006845709689 -1.0 2530.4702395027634 1.0 3
441 1.0 nan 0.8 1.0 1.0 2534.716911935008 2534.717967939094 2535.149681609584 2534.093773523811 2536.719962014924 2534.877712557216 -1.0 2534.877712557216 -1.0 1
442 nan 1.0 0.8 -1.0 1.0 2538.016924704209 2538.017980708295 2538.28582174469 2537.5001547045986 2539.8680360460125 2538.1573732476663 1.0 2538.1573732476663 1.0 1
443 0.0625 nan 0.8 -1.0 -1.0 2541.3036894221477 2541.304553425491 2550.2611960826825 2540.6491588894814 2552.849020059517 2550.084075397325 1.0 2550.084075397325 1.0 1
444 0.0625 nan 0.8 1.0 1.0 2554.4868444335752 2554.48780443729 2555.0577586426934 2554.002522559521 2556.6199948530048 2554.8765099413627 -1.0 2554.8765099413627 -1.0 1
445 nan 0.0 0.8 -1.0 1.0 2558.148970603953 2558.149834607296 2565.831880332511 2557.399783705019 2567.386754893955 2565.630759554286 1.0 2565.630759554286 1.0 1
446 0.125 nan 0.8 1.0 1.0 2568.9340363361175 2568.9350923402035 2569.5221346117287 2568.1894574550142 2571.07004111342 2569.3111257952423 -1.0 2569.3111257952423 -1.0 1
447 0.0625 nan 0.8 1.0 1.0 2572.534050266155 2572.5351062702416 2573.352741434032 2571.847359609047 2574.903129735711 2573.101988463758 -1.0 2573.101988463758 -1.0 1
448 0.25 nan 0.8 1.0 1.0 2576.384145163867 2576.385393168696 2576.7079544168273 2575.6935184915283 2578.282137641075 2576.585745943949 -1.0 2576.585745943949 -1.0 1
449 1.0 nan 0.8 1.0 1.0 2579.586621555657 2579.587677559743 2579.9505589638907 2579.070139557161 2581.5032934462943 2579.7634542399005 -1.0 2579.7634542399005 -1.0 1
450 1.0 nan 0.8 1.0 1.0 2584.0160786951756 2584.0170386988902 2584.3204958730994 2582.2968080425608 2585.8841749053927 2584.20606343031 -1.0 2584.20606343031 -1.0 1
451 0.125 nan 0.8 1.0 1.0 2587.3030354138573 2587.303995417572 2587.6889569071573 2586.6878650334925 2589.2630953695275 2587.5327643027795 -1.0 2587.5327643027795 -1.0 1
452 1.0 nan 0.8 1.0 1.0 2590.653064376593 2590.654024380308 2591.039177870636 2590.0521020512056 2592.6142512095726 2590.8118489910007 -1.0 2591.0246818145447 -1.0 2
453 0.25 nan 0.8 1.0 1.0 2593.953077145795 2593.953941149138 2594.3992868723767 2593.42296309455 2595.953193332702 2594.1410458731284 -1.0 2594.1410458731284 -1.0 1
454 1.0 nan 0.8 1.0 1.0 2597.4151385420337 2597.4160025453766 2597.7349157793924 2596.7584000008233 2599.3002034797337 2597.5601951033213 -1.0 2597.5601951033213 -1.0 1
455 0.25 nan 0.8 1.0 1.0 2600.5697107484616 2600.5705747518045 2601.014000467614 2600.104300947586 2602.5697437545246 2600.760079485082 -1.0 2600.760079485082 -1.0 1
456 0.0 nan 0.8 1.0 1.0 2604.0821723397207 2604.083228343807 2604.7847030581215 2603.362553555199 2606.3530649643417 2604.4973739463185 -1.0 2604.4973739463185 -1.0 1
457 1.0 nan 0.8 1.0 1.0 2607.649162141974 2607.65021814606 2608.1936762489386 2607.145064191397 2609.7696398876656 2607.8370348689364 -1.0 2608.1255159851967 -1.0 3
458 nan 0.0625 0.8 1.0 -1.0 2611.2339120129486 2611.2348720166633 2615.0062466097706 2610.578229475824 2617.569477374912 2614.7204535039114 -1.0 2614.7204535039114 -1.0 1
459 0.25 nan 0.8 1.0 1.0 2619.048246250046 2619.0492062537605 2619.4355117485466 2618.368179618569 2620.985988926304 2619.219126911258 -1.0 2619.219126911258 -1.0 1
460 nan 0.125 0.8 -1.0 1.0 2622.616292056385 2622.617156059728 2623.0342776737552 2621.79308887105 2624.598302498694 2622.8466929479073 1.0 2622.8466929479073 1.0 1
461 nan 0.25 0.2 -1.0 1.0 2625.8859687082027 2625.886832711546 2626.395538679953 2625.421902912528 2627.9527792423046 2626.0901614983145 1.0 2626.318546382036 1.0 2
462 nan 0.0625 0.2 -1.0 1.0 2629.4501744996833 2629.451134503398 2629.8419520156426 2628.7678998596625 2631.402813055301 2629.6801913897198 1.0 2629.6801913897198 1.0 1
463 nan 0.25 0.2 -1.0 1.0 2632.681259002171 2632.682123005514 2633.0540284445797 2632.207113167492 2634.6027217155424 2632.863371706845 1.0 2632.863371706845 1.0 1
464 0.25 nan 0.2 1.0 1.0 2635.967063716395 2635.968119720481 2636.365945259843 2635.425621621317 2637.9193340235174 2636.2136886706953 -1.0 2636.2136886706953 -1.0 1
465 nan 0.25 0.2 -1.0 1.0 2639.2482604127886 2639.2494124172463 2639.6331259020026 2638.7376344369522 2641.185828832168 2639.485669331428 1.0 2639.485669331428 1.0 1
466 nan 0.25 0.2 -1.0 1.0 2642.464272856956 2642.4654248614133 2642.7724340493673 2641.987823013362 2644.3473411338623 2642.6367855244835 1.0 2642.6367855244835 1.0 1
467 0.125 nan 0.2 1.0 1.0 2645.6023329994914 2645.6033890035774 2646.0174386057174 2645.1388432060453 2647.5823699080775 2645.85798198871 -1.0 2645.85798198871 -1.0 1
468 nan 0.125 0.2 -1.0 1.0 2648.969066026863 2648.9700260305776 2649.346539487474 2648.3975758155157 2650.919227678813 2649.1925548916397 1.0 2649.1925548916397 1.0 1
469 nan 0.0 0.2 -1.0 1.0 2652.283382851413 2652.2843428551278 2652.6180401463494 2651.7299407099017 2654.1994231880394 2652.38197523291 1.0 2652.38197523291 1.0 1
470 0.25 nan 0.2 1.0 1.0 2655.4858592432033 2655.4870112476606 2656.127237724979 2655.014113417811 2657.7162145785683 2655.630723803748 1.0 2655.7989164545593 -1.0 2
471 nan 0.125 0.2 -1.0 1.0 2659.2522418169947 2659.2532978210807 2659.7089155840663 2658.5305110243007 2661.285843193386 2659.5519549767164 1.0 2659.5519549767164 1.0 1
472 0.125 nan 0.2 1.0 1.0 2662.8163516081036 2662.8173116118182 2663.4152979256905 2662.103548849956 2664.9994067208136 2663.113664758539 -1.0 2663.3537616875797 -1.0 2
473 nan 0.25 0.2 -1.0 1.0 2666.5355979995043 2666.536558003219 2666.9318875329227 2665.8174192205547 2668.4994485652846 2666.765998891027 1.0 2666.765998891027 1.0 1
474 nan 1.0 0.2 -1.0 1.0 2670.1523159941776 2670.1532759978923 2670.4920613088016 2669.6808581698997 2672.0523462510478 2670.3409567241115 1.0 2670.3409567241115 1.0 1
475 nan 0.25 0.2 -1.0 1.0 2673.33136829533 2673.332232298673 2677.565560679283 2672.864038487025 2679.1189187619293 2677.336311792218 1.0 2677.336311792218 1.0 1
476 1.0 nan 0.2 1.0 1.0 2680.4324197724222 2680.43357177688 2681.0437501379283 2679.935425849334 2682.6021422332974 2680.884965523521 -1.0 2680.884965523521 -1.0 1
477 nan 0.125 0.2 1.0 -1.0 2684.166450221029 2684.167506225115 2685.5094954178617 2683.415343314666 2688.0825065199524 2685.339382759621 -1.0 2685.339382759621 -1.0 1
478 0.25 nan 0.2 1.0 1.0 2689.402022479762 2689.4027904827335 2690.028328903217 2688.900996541072 2691.5854153059854 2689.665639499812 -1.0 2689.766151888739 -1.0 2
479 nan 0.25 0.2 -1.0 1.0 2692.9654602682704 2692.966516272357 2693.32190964753 2692.3952180617525 2694.897560463146 2693.1631250331225 1.0 2693.1631250331225 1.0 1
480 nan 0.0625 0.2 -1.0 1.0 2696.301857178258 2696.302817181973 2708.172879112465 2695.735070985113 2709.748561215689 2708.0043984605395 1.0 2708.0043984605395 1.0 1
481 nan 0.0625 0.2 -1.0 1.0 2711.235194961913 2711.236058965256 2711.8325092731848 2710.5950644849663 2713.4018020686754 2711.6768926710356 1.0 2711.6768926710356 1.0 1
482 nan 0.0625 0.2 -1.0 1.0 2714.8645850056196 2714.8653530085917 2718.2640541596616 2714.227910542046 2719.8351351077135 2718.0698454081826 1.0 2718.0698454081826 1.0 1
483 nan 1.0 0.2 -1.0 1.0 2721.2785618241182 2721.279713828576 2721.932708355299 2720.6815355139606 2723.4994301222214 2721.7014434604334 1.0 2721.7014434604334 1.0 1
484 nan 0.0 0.2 -1.0 1.0 2724.935023972579 2724.9359839762938 2728.91068735617 2724.332525641248 2730.4816769971517 2728.712062587603 1.0 2728.712062587603 1.0 1
485 nan 1.0 0.2 -1.0 1.0 2731.8348586710754 2731.836010675533 2732.1632759418662 2731.308680635061 2733.718280981219 2732.018699382436 1.0 2732.018699382436 1.0 1
486 nan 0.25 0.2 -1.0 1.0 2735.0815912341122 2735.0826472381987 2735.5647611037093 2734.527477090001 2737.118101485867 2735.4206645461363 1.0 2735.4206645461363 1.0 1
487 0.25 nan 0.2 -1.0 -1.0 2738.481636390383 2738.4829803955836 2739.3126156058074 2737.9447063127645 2741.868036724787 2738.717509303079 -1.0 2738.717509303079 -1.0 1
488 0.0625 nan 0.2 -1.0 -1.0 2743.248630835982 2743.249590839697 2744.832252963713 2742.6891406710683 2747.384798228029 2744.6647323155016 1.0 2744.6647323155016 1.0 1
489 nan 0.0 0.2 0.0 -1.0 2748.796684303842 2748.7975483071855 2808.7989324789414 2748.2153060542337 2811.2981186852494 2765.9649107352643 1.0 2787.958211837023 1.0 3
490 nan 0.0625 0.2 0.0 -1.0 2812.928868459481 2812.9299244635667 2872.9312126349514 2812.2315217611394 2875.4303678486203 2827.3887324110565 1.0 2860.936350221551 1.0 3
491 nan 1.0 0.2 -1.0 1.0 2876.9831003134877 2876.9838683164594 2877.391677894454 2876.3645699201215 2878.9802164451303 2877.2027491634058 1.0 2877.2027491634058 1.0 1
492 nan 1.0 0.2 -1.0 1.0 2880.300009148067 2880.3008731514105 2880.672490589362 2879.8099272517247 2882.233242594062 2880.476457830825 1.0 2880.476457830825 1.0 1
493 nan 1.0 0.2 -1.0 1.0 2883.829174803962 2883.8301348076766 2884.197624229655 2883.078643899828 2885.766654240897 2884.058231690284 1.0 2884.058231690284 1.0 1
494 nan 1.0 0.2 -1.0 1.0 2887.195139828362 2887.1960998320765 2890.6935853653868 2886.592353495916 2892.2782272290365 2890.527888724234 1.0 2890.527888724234 1.0 1
495 nan 0.0 0.2 1.0 -1.0 2893.616412675092 2893.617468679178 2897.1517223547603 2893.1262347783777 2899.716317122288 2896.456007662734 -1.0 2896.947337563906 -1.0 3
496 0.0625 nan 0.8 1.0 1.0 2901.278202321927 2901.2790663252704 2904.4871107386057 2900.550711506945 2906.0641051598964 2903.7396518463584 1.0 2904.4418945636444 -1.0 3
497 0.0625 nan 0.8 0.0 -1.0 2907.516114459154 2907.5169784624973 2967.518362634253 2906.913616127823 2970.017612085399 2941.807159146294 1.0 2941.807159146294 1.0 1
498 nan 1.0 0.8 -1.0 1.0 2971.5444262128644 2971.545386216579 2971.915947650444 2970.9590159476547 2973.4945465871015 2971.74103497363 1.0 2971.74103497363 1.0 1
499 0.125 nan 0.8 1.0 1.0 2974.932183321587 2974.933335326045 2975.638458054475 2974.3256529746545 2977.1822484696713 2975.3025527547097 -1.0 2975.585657850168 -1.0 2
500 0.0 nan 0.8 -1.0 -1.0 2978.763270145748 2978.7643261498342 2981.94491445693 2978.0198432691022 2984.528485634639 2981.585585066526 1.0 2981.8926902548515 1.0 2
501 0.125 nan 0.8 0.0 -1.0 2986.365443561902 2986.3663075652453 3046.3675957366295 2985.3634876848937 3048.8669255453965 2994.02348919425 1.0 2994.02348919425 1.0 1
502 0.0625 nan 0.8 1.0 1.0 3050.33145107453 3050.3325070786163 3052.209314340809 3049.827929126182 3053.7787069941155 3051.9784334474293 1.0 3051.9784334474293 1.0 1
503 nan 0.0 0.8 0.0 -1.0 3055.5980314532467 3055.5991834577044 3115.600471629089 3055.008397171692 3118.0997413685977 3056.682547649717 -1.0 3066.2815287923986 1.0 2
504 1.0 nan 0.8 1.0 1.0 3119.7419276542046 3119.7427916575475 3120.451274398979 3119.033444912773 3122.028153226688 3120.1518492403716 -1.0 3120.1518492403716 -1.0 1
505 0.0 nan 0.8 1.0 1.0 3123.330517540038 3123.3314775437525 3126.3053770510783 3122.852051688643 3127.87696064092 3125.689726668856 -1.0 3126.2929930031587 -1.0 4
506 1.0 nan 0.8 1.0 1.0 3129.4970054008927 3129.4980614049787 3129.9559831768793 3128.746858498244 3131.5421053295195 3129.7170382522963 -1.0 3129.7170382522963 -1.0 1
507 nan 0.0 0.8 1.0 -1.0 3132.879962491042 3132.8811144955 3148.9503286743598 3132.3626164892025 3151.513719342457 3134.42153645607 -1.0 3148.7425838705035 -1.0 4
508 0.0625 nan 0.8 1.0 1.0 3153.0920727005896 3153.092936703933 3153.9929401864424 3152.40922205834 3155.5636370516577 3153.155144944644 -1.0 3153.8946358060593 -1.0 3
509 1.0 nan 0.8 1.0 1.0 3157.060056054463 3157.0609200578065 3157.4361855098737 3156.414837557829 3158.980086474127 3157.2751928869225 -1.0 3157.2751928869225 -1.0 1
510 0.25 nan 0.8 1.0 1.0 3160.4100850171994 3160.411237021657 3161.259976305803 3159.836098796194 3162.8135915560274 3160.946631093332 -1.0 3160.946631093332 -1.0 1
511 0.25 nan 0.8 1.0 1.0 3164.2430918487894 3164.244243853247 3164.966646648541 3163.6671856203548 3166.5300842684724 3164.6623254709884 -1.0 3164.6623254709884 -1.0 1
512 1.0 nan 0.8 1.0 1.0 3167.9581142238453 3167.9591702279317 3168.6363568482648 3167.3780799794376 3170.1968092107927 3168.22787526767 -1.0 3168.22787526767 -1.0 1
513 0.0 nan 0.8 1.0 1.0 3171.577136227434 3171.57819223152 3173.467479542004 3171.056814214079 3175.0431424968738 3173.1237982121497 -1.0 3173.2805668187566 -1.0 2
514 0.0625 nan 0.8 1.0 1.0 3176.463171133653 3176.4641311373675 3176.9692850920305 3175.909344990656 3178.5431914019837 3176.69453202889 -1.0 3176.69453202889 -1.0 1
515 1.0 nan 0.8 1.0 1.0 3179.9799527416285 3179.9808167449714 3180.365010231585 3179.3979024894197 3181.9300272693567 3180.1431533731234 -1.0 3180.1431533731234 -1.0 1
516 0.0 nan 0.8 1.0 1.0 3183.409182010825 3183.4100460141685 3188.389009279968 3182.7791315728828 3189.9582633521027 3188.0599200065767 -1.0 3188.159664392532 -1.0 2
517 1.0 nan 0.8 1.0 1.0 3191.4298210462066 3191.43068504955 3191.847614662834 3190.8311627297344 3193.427523978621 3191.4554531453887 1.0 3191.806526503846 -1.0 2
518 0.0625 nan 0.8 1.0 1.0 3194.746441879672 3194.747401883387 3196.505936687932 3194.278440068767 3198.0743186539053 3196.2351196400214 -1.0 3196.481168592093 -1.0 2
519 0.25 nan 0.8 1.0 1.0 3199.413019936716 3199.4139799404306 3200.1431027617273 3198.9380100986937 3201.726353744644 3199.836765576374 -1.0 3199.836765576374 -1.0 1
520 1.0 nan 0.8 1.0 1.0 3203.0462499952814 3203.047305999368 3203.4046193819704 3202.5802641921773 3204.963079084175 3203.265418843342 -1.0 3203.265418843342 -1.0 1
521 1.0 nan 0.8 1.0 1.0 3206.4437031415227 3206.4446631452374 3206.783832457633 3205.8249807474135 3208.3593025034197 3206.5914477132114 -1.0 3206.5914477132114 -1.0 1
522 1.0 nan 0.8 1.0 1.0 3209.8628523717152 3209.8639083758017 3210.2226617639762 3209.2231058962548 3211.809339846264 3210.0634931480827 -1.0 3210.0634931480827 -1.0 1
523 0.125 nan 0.8 1.0 1.0 3213.2796015926215 3213.280561596336 3214.147636951432 3212.6808472757775 3215.7129308794206 3213.989716340368 -1.0 3213.989716340368 -1.0 1
524 nan 0.125 0.8 -1.0 1.0 3218.7923269237813 3218.7931909271247 3224.31542029506 3216.5770223517934 3225.8793188508607 3223.59330550088 -1.0 3224.044891248264 -1.0 2
525 0.0 nan 0.8 -1.0 -1.0 3227.2913358101864 3227.29219981353 3250.0349758153366 3226.7683257864305 3252.607440332195 3249.8774392057585 1.0 3249.8774392057585 1.0 1
526 1.0 nan 0.8 1.0 1.0 3254.2458401090234 3254.246704112367 3256.884506319184 3253.506541248351 3258.46022107255 3256.64613739683 -1.0 3256.64613739683 -1.0 1
527 0.0 nan 0.8 0.0 -1.0 3260.112422809413 3260.1132868127565 3320.1145749841407 3259.348931855131 3322.6138175655933 3309.4607417597726 -1.0 3309.4607417597726 -1.0 1
528 nan 0.25 0.8 -1.0 1.0 3324.1615666437324 3324.1626226478184 3347.9993228824997 3323.572220363292 3349.5614818332283 3347.8334342406038 1.0 3347.8334342406038 1.0 1
529 1.0 nan 0.8 1.0 1.0 3353.672752835497 3353.6738088395828 3354.0888184454375 3350.5012845636907 3355.661383624813 3353.8523695305125 -1.0 3353.8523695305125 -1.0 1
530 0.25 nan 0.8 1.0 1.0 3357.175326388495 3357.176382392581 3357.6296961466514 3356.545179950181 3359.2257355707184 3357.384703198666 -1.0 3357.384703198666 -1.0 1
531 0.0 nan 0.8 1.0 1.0 3360.5946676194308 3360.5957236235167 3361.850640479342 3360.098249698571 3363.440881452287 3361.515407182177 -1.0 3361.723343986776 -1.0 2
532 nan 0.25 0.8 -1.0 1.0 3365.794527739977 3365.7957757448066 3366.2400654639587 3364.324186050578 3367.8228929827314 3366.0402886909346 1.0 3366.0402886909346 1.0 1
533 1.0 nan 0.8 1.0 1.0 3369.410765732793 3369.411725736508 3369.7335189816677 3368.694890962759 3371.3111228263406 3369.583950402921 -1.0 3369.583950402921 -1.0 1
534 0.125 nan 0.8 1.0 1.0 3373.3897891293855 3373.390653132729 3373.5869738923802 3372.6038340881796 3375.1739054334694 3373.466301425445 -1.0 3373.466301425445 -1.0 1
535 1.0 nan 0.8 1.0 1.0 3377.3609404955173 3377.3619964996037 3377.5030210452896 3376.0635914755035 3379.0919496390034 3377.3065082848952 -1.0 3377.3065082848952 -1.0 1
536 0.25 nan 0.8 1.0 1.0 3380.610841070813 3380.6116090737846 3380.9642184381855 3379.9670625797507 3382.5276044508914 3380.8055298241493 -1.0 3380.8055298241493 -1.0 1
537 1.0 nan 0.8 1.0 1.0 3384.0398783392666 3384.040934343353 3384.347079527963 3383.4149159210124 3385.92390266778 3384.187526910584 -1.0 3384.187526910584 -1.0 1
538 1.0 nan 0.8 1.0 1.0 3387.260978803122 3387.2619388068365 3387.601972122575 3386.7973930093044 3389.160916810609 3387.454611552372 -1.0 3387.454611552372 -1.0 1
539 1.0 nan 0.8 1.0 1.0 3390.7558723264024 3390.756928330489 3391.115393717549 3390.041821563426 3392.689937057415 3390.9468170652517 -1.0 3390.9468170652517 -1.0 1
540 nan 1.0 0.8 -1.0 1.0 3394.160813501618 3394.161869505704 3394.522926902794 3393.5769392423517 3396.0889480079045 3394.3721103192183 1.0 3394.3721103192183 1.0 1
541 nan 0.25 0.8 1.0 -1.0 3397.693915172743 3397.6951631775723 3420.967093226909 3396.9778484019657 3423.527034278629 3420.7799885029185 -1.0 3420.7799885029185 -1.0 1
542 nan 0.0 0.8 1.0 -1.0 3424.9390125960126 3424.940068600099 3431.0633562937933 3424.4607387453607 3433.6103271202855 3430.9165717258193 -1.0 3430.9165717258193 -1.0 1
543 0.25 nan 0.8 1.0 1.0 3435.205004319652 3435.2059643233665 3435.720430314062 3434.513033642113 3437.273150097905 3435.481293388736 -1.0 3435.481293388736 -1.0 1
544 1.0 nan 0.8 1.0 1.0 3438.8102982701203 3438.811258273835 3439.221371860745 3438.168151785373 3440.771040281741 3439.0349391393547 -1.0 3439.0349391393547 -1.0 1
545 0.25 nan 0.8 1.0 1.0 3442.1769352971205 3442.177895300835 3442.561992787077 3441.6633333097684 3444.1210514079917 3442.3574159954796 -1.0 3442.3574159954796 -1.0 1
546 1.0 nan 0.8 1.0 1.0 3445.4936521309573 3445.494612134672 3446.273655149132 3445.0207543011074 3447.82690770442 3446.136086616819 -1.0 3446.136086616819 -1.0 1
547 0.0625 nan 0.8 1.0 1.0 3449.340099014553 3449.34125101901 3451.9736772050255 3448.7107205792104 3453.5268910956884 3451.805292553471 -1.0 3451.805292553471 -1.0 1
548 0.125 nan 0.8 1.0 1.0 3455.455130676301 3455.456186680387 3456.290237907698 3454.457782817123 3457.8431682035975 3456.120221249829 -1.0 3456.120221249829 -1.0 1
549 0.0625 nan 0.8 1.0 1.0 3459.323081643105 3459.324137647191 3461.3844976196306 3458.7444874042694 3462.955161841474 3461.170704792372 -1.0 3461.170704792372 -1.0 1
550 nan 0.25 0.2 -1.0 1.0 3465.793410679655 3465.794466683741 3467.7004580588605 3463.886651301564 3469.2701819614203 3466.7966145614923 1.0 3467.475817189626 1.0 3
551 nan 0.0 0.2 1.0 -1.0 3472.4765725397488 3472.477436543092 3473.105374972862 3470.1936837062476 3475.672228479753 3472.9246062733882 -1.0 3472.9246062733882 -1.0 1
552 nan 0.25 0.2 -1.0 1.0 3477.3432153709314 3477.3440793742743 3477.9467697063483 3476.584332434479 3479.522298916343 3477.630160481248 1.0 3477.8449133122213 1.0 2
553 nan 0.125 0.2 -1.0 1.0 3481.143198074736 3481.1440620780795 3481.512607504144 3480.417915268298 3483.088231595967 3481.363806928369 1.0 3481.363806928369 1.0 1
554 0.0625 nan 0.2 1.0 1.0 3484.576459359535 3484.577323362878 3492.877803481088 3483.9842330679508 3494.4431986139653 3492.6792747128925 -1.0 3492.6792747128925 -1.0 1
555 0.25 nan 0.2 1.0 1.0 3495.906231199407 3495.9072872034935 3496.267192596126 3495.354901066068 3497.82638141301 3496.0857518940516 -1.0 3496.0857518940516 -1.0 1
556 0.25 nan 0.2 1.0 1.0 3499.4201327962387 3499.4209007992104 3507.8606774564196 3498.7303701272435 3509.438402946831 3507.4819559909797 -1.0 3507.4819559909797 -1.0 1
557 0.25 nan 0.2 1.0 1.0 3511.0260977048233 3511.027249709281 3511.3917631197437 3510.360911130924 3512.9733878187226 3511.2399865324533 -1.0 3511.2399865324533 -1.0 1
558 nan 0.0 0.2 0.0 -1.0 3514.359518603296 3514.3604786070105 3574.3617667783947 3513.8756767310983 3576.8611035896142 3557.667398180537 -1.0 3558.143560023017 1.0 2
559 0.125 nan 0.2 1.0 1.0 3578.342038179816 3578.3430941839024 3598.8911096932156 3577.855508297218 3600.442071606411 3598.698148946565 -1.0 3598.698148946565 -1.0 1
560 nan 0.125 0.2 -1.0 1.0 3601.904657353957 3601.905617357672 3607.630215508661 3601.3857753461743 3609.191790622116 3607.388582573677 1.0 3607.388582573677 1.0 1
561 nan 0.25 0.2 -1.0 1.0 3610.636659141914 3610.637619145629 3610.9817804773406 3610.09348904015 3612.541841837503 3610.816851839159 1.0 3610.816851839159 1.0 1
562 nan 0.125 0.2 -1.0 1.0 3614.0536003635634 3614.054560367278 3614.7735071491993 3613.432957962025 3616.3251263974216 3614.444609876551 1.0 3614.444609876551 1.0 1
563 nan 0.25 0.2 -1.0 1.0 3617.7206225528857 3617.7215825566004 3618.1105760617875 3617.2456127148635 3619.688736737477 3617.9453594224915 1.0 3617.9453594224915 1.0 1
564 nan 0.25 0.2 -1.0 1.0 3621.174619917921 3621.1755799216357 3621.561885416422 3620.62444178904 3623.1367664071113 3621.4018527971853 1.0 3621.4018527971853 1.0 1
