KS094 c8d46ee6-eb68-4535-8756-7c9aa32f10e4 cortexlab 2026-07-28T16:01:20.797097 _iblrig_tasks_ephysChoiceWorld6.5.3 M 234 480
0 nan 1.0 0.5 -1.0 1.0 75.06476550743972 74.95697513006995 75.63918089506822 72.51515978174385 77.18631084461535 75.09059653479332 -1.0 75.35183987982246 1.0 2
1 0.25 nan 0.5 1.0 1.0 81.31464090377163 81.3156408145079 81.60078202613387 77.86051592604707 83.16470177238335 81.4317304509887 -1.0 81.4317304509887 -1.0 1
2 nan 0.25 0.5 -1.0 1.0 88.1030348923 88.10393481196265 88.56676016142356 83.88771120141195 90.11961002865499 88.2277570914706 -1.0 88.2277570914706 -1.0 1
3 nan 0.125 0.5 -1.0 1.0 92.46471218461994 92.4655787739247 92.90693937291371 90.87502076574204 94.46456401514605 92.3933852187661 -1.0 92.59336736601985 -1.0 2
4 nan 0.25 0.5 -1.0 1.0 96.9195811575601 96.9205477379385 97.227786976836 95.17357036024553 98.79801240948615 97.05040281222193 -1.0 97.05040281222193 -1.0 1
5 nan 1.0 0.5 -1.0 1.0 103.06963213205454 103.07053205171717 103.38327079966416 99.49301808913705 104.94729739994902 103.24211673406089 1.0 103.24211673406089 1.0 1
6 0.0625 nan 0.5 1.0 1.0 106.81949737520951 106.82053061630364 107.26585752787986 105.6057057324529 108.81944935804313 107.00661400432325 -1.0 107.00661400432325 -1.0 1
7 1.0 nan 0.5 1.0 1.0 114.41461934575949 114.41548593506425 114.65023164558227 109.51655660414714 116.21457698490661 114.51054411572554 -1.0 114.51054411572554 -1.0 1
8 0.125 nan 0.5 1.0 1.0 117.50264367257819 117.50347693152507 117.79498424150529 116.9969888132471 119.34751224318482 117.68549401588386 -1.0 117.68549401588386 -1.0 1
9 nan 0.125 0.5 1.0 -1.0 121.66947169275721 121.67047160349348 122.99045376644183 120.04611661242494 125.53619405385692 121.80822597259345 -1.0 122.30464832279299 -1.0 3
10 0.0625 nan 0.5 1.0 1.0 127.31413445078356 127.31510103116194 127.64983781530684 126.1942010958047 129.21416214190847 127.46635419520153 -1.0 127.46635419520153 -1.0 1
11 0.125 nan 0.5 1.0 1.0 134.91945551084348 134.92042209122187 135.09304001465972 129.86987296232854 136.64786507207404 134.91468926966726 -1.0 134.91468926966726 -1.0 1
12 0.0625 nan 0.5 1.0 1.0 137.78613293101014 137.78706618103067 138.05987516024265 137.3349732068057 139.61380244364076 137.94421881841424 -1.0 137.94421881841424 -1.0 1
13 0.0625 nan 0.5 1.0 1.0 142.90257617742358 142.90370940959136 143.1995496660954 140.28590977168196 144.76436678040847 143.04692995738293 -1.0 143.04692995738293 -1.0 1
14 0.125 nan 0.5 1.0 1.0 146.80256135245037 146.8033612810394 147.11090049315777 145.52607530652972 148.66412872669198 146.95874740945555 -1.0 146.95874740945555 -1.0 1
15 0.0625 nan 0.5 1.0 1.0 149.98607715458274 149.98701040460327 150.24805376748515 149.30993751471783 151.8028812679779 150.12969766666882 -1.0 150.12969766666882 -1.0 1
16 0.0625 nan 0.5 1.0 1.0 153.14726161693844 153.14832818839045 153.42440354267427 152.45399017312545 154.9694319743259 153.3000813077982 -1.0 153.3000813077982 -1.0 1
17 0.25 nan 0.5 1.0 1.0 156.24688490829786 156.24798481010777 156.4750312079565 155.62574035892774 158.01936301372905 156.3100126061143 -1.0 156.3100126061143 -1.0 1
18 0.125 nan 0.5 1.0 1.0 160.4478765452994 160.4486764738884 160.79841191907735 158.69006680129687 162.35273382343394 160.58486431616822 -1.0 160.58486431616822 -1.0 1
19 nan 0.0 0.5 1.0 -1.0 165.58061833671402 165.5816182474503 165.8519607801795 163.05044420965964 168.4194232478074 165.73430461687855 -1.0 165.73430461687855 -1.0 1
20 0.0625 nan 0.5 1.0 1.0 170.5641067855616 170.5649400445085 170.84494838102162 169.1638317904909 172.41436953940732 170.70059460106228 -1.0 170.70059460106228 -1.0 1
21 0.25 nan 0.5 1.0 1.0 174.85259061198667 174.85359052272293 177.3106378445982 173.14087675292612 178.8810602462312 177.08395808068607 -1.0 177.21088008347644 -1.0 2
22 nan 0.125 0.5 -1.0 1.0 184.1692922275284 184.1702254775489 184.46673234121045 179.58286833205312 186.01925525116667 184.36417483002717 1.0 184.36417483002717 1.0 1
23 0.0 nan 0.5 1.0 1.0 188.18056746750187 188.18153404788026 188.4830071348653 186.7397627572544 190.0641305865085 188.33698683701218 -1.0 188.33698683701218 -1.0 1
24 nan 0.0625 0.5 -1.0 1.0 192.5692090193432 192.57017559972158 192.9167779912702 190.7034422461815 194.48577637958195 192.7949555332348 1.0 192.7949555332348 1.0 1
25 nan 0.0 0.5 1.0 -1.0 195.88088004750733 195.88184662788572 196.42549809519502 195.13398005787246 198.99725693471095 196.0992938826663 -1.0 196.0992938826663 -1.0 1
26 nan 0.0625 0.5 -1.0 1.0 200.55242967699695 200.55349624844897 200.9115642831068 199.73576924832838 202.48099608474294 200.72238117180476 -1.0 200.72238117180476 -1.0 1
27 0.25 nan 0.5 1.0 1.0 204.86911098618478 204.87014422727893 205.30433879932468 203.126099921079 206.8802637699002 205.03189645404933 -1.0 205.03189645404933 -1.0 1
28 0.125 nan 0.5 1.0 1.0 208.6856036147331 208.68647020403787 208.97587770147194 207.53917262524314 210.53590787115127 208.85565510061454 -1.0 208.85565510061454 -1.0 1
29 nan 0.0625 0.5 -1.0 1.0 212.76387287403662 212.76477279369925 214.40465973153783 211.18251404462762 215.96908523773567 212.91192632372014 -1.0 214.31990063146014 1.0 2
30 nan 0.0625 0.5 1.0 -1.0 217.73059615287275 217.73142941181965 217.99143953360738 216.64419313791677 220.56417059463314 217.87305010243318 -1.0 217.87305010243318 -1.0 1
31 nan 1.0 0.5 -1.0 1.0 221.93572075425087 221.93675399534501 222.2599918060228 221.24238264972215 223.81921167277972 222.09447324881248 1.0 222.09447324881248 1.0 1
32 nan 0.0625 0.5 -1.0 1.0 227.3474043107266 227.348370891105 227.70437244357453 224.58081795526041 229.26879469813022 227.55475246707084 1.0 227.55475246707084 1.0 1
33 nan 0.125 0.5 -1.0 1.0 230.54695201499715 230.54805191680703 230.93721717536283 229.96660382366676 232.502342635544 230.83259318199123 1.0 230.83259318199123 1.0 1
34 nan 1.0 0.5 -1.0 1.0 234.61398894369654 234.6150221847907 234.87076602077036 233.17825044784615 236.4473924692395 234.7493101966716 1.0 234.7493101966716 1.0 1
35 nan 0.25 0.5 -1.0 1.0 237.702346574094 237.70334648483026 238.1592057894952 237.11859868626033 239.73042933486312 237.8447005325808 1.0 237.8447005325808 1.0 1
36 0.125 nan 0.5 1.0 1.0 241.3689192529178 241.36998582436982 242.1109530103028 240.44393516115346 243.66920209095267 241.62239662456193 1.0 241.7587511186311 1.0 2
37 nan 0.0 0.5 1.0 -1.0 247.34705224148973 247.34798549151026 248.54397872316127 244.40481490001903 251.10221192466983 247.53136912054194 1.0 248.31879882535358 -1.0 3
38 1.0 nan 0.5 1.0 1.0 252.7305049848448 252.73130491343383 252.9516185789917 251.80542090200686 254.51374938731036 252.84396152305342 -1.0 252.84396152305342 -1.0 1
39 nan 1.0 0.5 -1.0 1.0 259.71871446883756 259.7196143885002 259.9846240639693 255.16825402951008 261.53565025943254 259.88513294571055 1.0 259.88513294571055 1.0 1
40 0.0625 nan 0.5 1.0 1.0 262.86363371654994 262.86460029692836 263.51887522202685 262.2147583094273 265.0802016856418 263.1177110346358 1.0 263.1177110346358 1.0 1
41 1.0 nan 0.5 1.0 1.0 266.36882080254 266.36992070434985 266.78601689206914 265.7502093603684 268.3355471410654 266.5610369764087 -1.0 266.5610369764087 -1.0 1
42 1.0 nan 0.5 1.0 1.0 269.4472126559326 269.44824589702677 269.76015138602685 268.98295410108307 271.3298958118459 269.5782676230996 1.0 269.5782676230996 1.0 1
43 nan 0.0 0.5 1.0 -1.0 273.2021774438426 273.2032106849367 273.47388652124465 272.1125080538148 276.03555552791204 273.3629964205924 -1.0 273.3629964205924 -1.0 1
44 0.25 nan 0.5 1.0 1.0 279.48051696580023 279.4815502068944 279.7221953907564 276.73746184299426 281.2855219887352 279.61027204901006 -1.0 279.61027204901006 -1.0 1
45 0.0 nan 0.5 1.0 1.0 282.56390837287427 282.5648749532526 283.25094703976447 281.9633286543134 284.8020746394565 282.7017627330478 -1.0 283.1592885556065 -1.0 2
46 nan 1.0 0.5 -1.0 1.0 287.64692127033845 287.6478545203589 287.90343170454923 285.46318288304326 289.4523517856352 287.80700697921503 1.0 287.80700697921503 1.0 1
47 nan 0.25 0.5 -1.0 1.0 291.76385374477763 291.76482032515605 293.19559259768295 290.1782619599185 294.76401938594614 291.9354050967635 -1.0 293.1170329441701 1.0 3
48 nan 0.0625 0.5 1.0 -1.0 297.00208611886865 297.00315269032063 297.6477951419931 295.4401255577433 300.2020879671185 297.33032348322774 1.0 297.33032348322774 1.0 1
49 0.0625 nan 0.5 1.0 1.0 301.9306128075793 301.93177937010495 302.2515174932058 300.9979960638615 303.8020419484276 302.14629355339247 -1.0 302.14629355339247 -1.0 1
50 0.25 nan 0.5 1.0 1.0 305.9301557615806 305.93112234195894 306.2229962858758 304.49265075676277 307.78528956953096 306.058944264412 -1.0 306.058944264412 -1.0 1
51 0.0625 nan 0.5 1.0 1.0 309.0467108747408 309.0477774461928 309.6021279583802 308.46469616551667 311.1640495862346 309.2962885945135 -1.0 309.4528746158132 -1.0 2
52 nan 0.25 0.5 -1.0 1.0 313.9187426068523 313.91974251758853 314.446195520234 311.84736085595586 316.0125198247304 314.0468645025262 -1.0 314.4088988497712 1.0 2
53 1.0 nan 0.5 1.0 1.0 317.88532183691456 317.8863884083666 319.0548507644123 316.70412728416034 320.60207708243695 318.02260958100425 -1.0 318.9203961007421 -1.0 3
54 nan 0.0625 0.5 1.0 -1.0 322.46367978578394 322.4647130268781 322.7157239520394 321.3002836441353 325.28004887443296 322.59576799404505 -1.0 322.59576799404505 -1.0 1
55 0.125 nan 0.5 1.0 1.0 326.56848000995643 326.56937992961906 326.8233905869892 326.0549591861667 328.3853064513069 326.7185332811125 -1.0 326.7185332811125 -1.0 1
56 0.125 nan 0.5 1.0 1.0 330.13066200791377 330.1316952490079 330.404737540725 329.12161875358714 331.9519645662206 330.2877813149395 -1.0 330.2877813149395 -1.0 1
57 nan 0.0625 0.5 1.0 -1.0 335.24673862039054 335.24767187041107 335.5666767256387 332.62197293768514 338.118546835923 335.429655624412 -1.0 335.429655624412 -1.0 1
58 nan 0.125 0.5 -1.0 1.0 340.41271077860716 340.4136440286277 341.5076796955372 338.8097538772948 343.05190761603365 340.5944278897451 -1.0 341.3606928173057 1.0 3
59 nan 1.0 0.5 -1.0 1.0 345.5636509454219 345.56465085615815 346.1249341720474 343.7374139767007 347.6800625715789 345.712071029042 1.0 346.1144017789587 1.0 2
60 0.0 nan 0.5 -1.0 -1.0 349.78514075251695 349.7862739846847 350.0686154462491 348.35376853354825 352.6184467533087 349.9651580154032 1.0 349.9651580154032 1.0 1
61 0.25 nan 0.5 1.0 1.0 353.89664037862246 353.8976069590008 354.20397960859356 353.32215833027817 355.76389640334247 354.0631255162112 -1.0 354.0631255162112 -1.0 1
62 0.125 nan 0.5 1.0 1.0 356.98493134830414 356.9859312590404 357.5284161638241 356.52290592743225 359.0851435846953 357.17644758465747 -1.0 357.43072488489065 -1.0 2
63 1.0 nan 0.5 1.0 1.0 360.2299083303592 360.23090824109545 360.31456743936326 359.75325088237986 361.87946560323564 360.215209642536 -1.0 360.215209642536 -1.0 1
64 nan 0.25 0.5 -1.0 1.0 364.60178471218904 364.60258464077805 364.9402211660581 362.54226856869633 366.4968315806424 364.7919010735116 1.0 364.7919010735116 1.0 1
65 nan 0.0 0.5 -1.0 1.0 369.08508448039714 369.0862177125649 370.09469435080763 367.31584242364323 371.65171739765384 369.340228369935 -1.0 369.68396435070633 1.0 2
66 nan 0.25 0.5 -1.0 1.0 373.01303382568153 373.0139004149863 373.4148312898722 372.33302786430306 374.98505772903775 373.2183821605533 1.0 373.2183821605533 1.0 1
67 0.125 nan 0.5 1.0 1.0 377.8131719758553 377.81420521694946 378.2718976912975 375.67116319662045 379.84624019579167 377.9905561404694 1.0 378.13477659899723 -1.0 2
68 1.0 nan 0.5 1.0 1.0 381.48491086014985 381.4858441101704 381.7637526341373 380.64465253810533 383.34658117888506 381.64336338149053 -1.0 381.64336338149053 -1.0 1
69 0.25 nan 0.5 1.0 1.0 384.5518037400754 384.55320361510616 384.9277035161967 384.0071856923877 386.49622820224414 384.75311910164413 -1.0 384.75311910164413 -1.0 1
70 0.0 nan 0.5 1.0 1.0 387.9014713762177 387.9029045816064 388.4175586375639 387.1653370921767 389.9959822839713 388.11271918443344 -1.0 388.11271918443344 -1.0 1
71 nan 1.0 0.5 -1.0 1.0 391.1850115823349 391.1858448412817 391.5266144202021 390.67309061572314 393.0968109417415 391.3818273455904 1.0 391.3818273455904 1.0 1
72 0.25 nan 0.5 1.0 1.0 394.5015821731067 394.50248209276936 394.8171540014731 393.7712140409782 396.39657345932284 394.6638343552452 -1.0 394.6638343552452 -1.0 1
73 nan 0.125 0.5 1.0 -1.0 397.734960190621 397.7358267799258 400.59780461963203 397.07028619386534 403.1793725078291 398.1384575030633 -1.0 398.2413483178254 1.0 2
74 nan 0.125 0.5 1.0 -1.0 404.68487309341464 404.6857730130773 404.98511295715826 403.85188078938705 407.5515398130365 404.8377261146323 -1.0 404.8377261146323 -1.0 1
75 nan 0.25 0.5 -1.0 1.0 410.4128950764879 410.4137616657927 410.71846779749166 408.3077496730635 412.29619404539693 410.6002783484647 1.0 410.6002783484647 1.0 1
76 1.0 nan 0.5 1.0 1.0 414.5348604349664 414.535760354629 415.1063427511018 412.9792993025531 416.66826535726506 414.71014478703427 -1.0 414.9296251936453 -1.0 3
77 1.0 nan 0.5 1.0 1.0 419.1795791263661 419.18074568889176 419.434189730178 417.3555752916226 421.0125163545853 419.32536611171406 -1.0 419.32536611171406 -1.0 1
78 0.0 nan 0.5 1.0 1.0 425.8681153626991 425.8690486127196 426.17958755704683 421.69092160122074 427.7462095467505 426.05346548284547 -1.0 426.05346548284547 -1.0 1
79 nan 0.0625 0.5 1.0 -1.0 429.5347547022387 429.53568795225914 429.8673583434795 428.4468184908204 432.4350907101 429.68584121448885 -1.0 429.68584121448885 -1.0 1
80 nan 0.25 0.5 -1.0 1.0 433.76234396482494 433.7633438755612 434.00388906834957 433.1344000224482 435.56811992314624 433.76701021492755 1.0 433.88706616399554 -1.0 2
81 nan 0.0625 0.5 -1.0 1.0 436.7125805921858 436.7136804939957 437.17143962905953 436.23912285856255 438.73488019268865 437.02591928657455 1.0 437.02591928657455 1.0 1
82 nan 0.125 0.5 -1.0 1.0 441.17951515467695 441.1806483868447 441.7558303727044 439.52929580589694 443.32945151770804 441.38529678420105 1.0 441.6677049064812 1.0 2
83 nan 1.0 0.5 -1.0 1.0 444.7180325985426 444.71896584856313 444.95974435385665 444.0422595926143 446.52977788542745 444.86261969100707 1.0 444.86261969100707 1.0 1
84 nan 0.125 0.5 -1.0 1.0 449.2345627335527 449.2356293050047 449.5907309378116 447.1730800989453 451.1514524934421 449.4668419975879 1.0 449.4668419975879 1.0 1
85 0.25 nan 0.5 1.0 1.0 452.4126790177092 452.4136122677297 453.3679937351403 451.84746280885435 454.94641580015514 452.6036952986944 1.0 453.18531004362404 -1.0 2
86 nan 1.0 0.5 -1.0 1.0 456.7179613445036 456.7189945855977 457.22444946278154 455.63082506167433 458.7847725105521 456.90844433976275 1.0 456.90844433976275 1.0 1
87 nan 0.25 0.5 -1.0 1.0 460.0955264901878 460.09659306163985 460.52168844598555 459.48878065542 462.0961135145423 460.2730773065913 1.0 460.2730773065913 1.0 1
88 1.0 nan 0.5 1.0 1.0 464.1680295975788 464.1689295172415 464.46023684507446 462.7757205580404 466.0180558792134 464.30805043101435 -1.0 464.30805043101435 -1.0 1
89 nan 0.125 0.5 1.0 -1.0 467.79627236484566 467.7972389452241 468.20090290945575 466.7914620659692 470.7514349701534 467.9217944926053 -1.0 468.05574920090737 -1.0 2
90 0.0 nan 0.8 -1.0 -1.0 473.3128798879138 473.31387979865013 473.7372086740284 471.45664559710457 476.3014094124479 473.56922367033525 1.0 473.56922367033525 1.0 1
91 1.0 nan 0.8 1.0 1.0 477.646359697471 477.6471929564179 477.91593563196903 477.0007173350623 479.46785718412684 477.8174110940887 -1.0 477.8174110940887 -1.0 1
92 nan 1.0 0.8 -1.0 1.0 481.14601394405366 481.14684720300056 481.4408876201793 480.174767315558 483.0014116537087 481.31849854606 1.0 481.31849854606 1.0 1
93 0.25 nan 0.8 1.0 1.0 484.2794008879411 484.2801674861722 484.5409108758332 483.6896202053319 486.1129381147302 484.41602202487326 -1.0 484.41602202487326 -1.0 1
94 1.0 nan 0.8 1.0 1.0 487.50117994091465 487.50214652129307 487.8700803418821 486.8199407562948 489.43460129450983 487.68363031992584 -1.0 487.68363031992584 -1.0 1
95 nan 0.25 0.8 -1.0 1.0 491.21284859394416 491.2138151743226 491.54831864596235 490.103714274917 493.1127445511511 491.4032982588455 1.0 491.4032982588455 1.0 1
96 0.125 nan 0.8 1.0 1.0 494.33450325185936 494.33550316259567 494.5880806145771 493.8198491959019 496.15109227769136 494.45215941516034 -1.0 494.45215941516034 -1.0 1
97 1.0 nan 0.8 1.0 1.0 497.59597876106284 497.59677868965184 497.86342155265686 496.9382041483874 499.41794264366933 497.7327665497844 -1.0 497.7327665497844 -1.0 1
98 0.25 nan 0.8 1.0 1.0 502.9291026640257 502.930102574762 503.1991785538919 500.1340521829337 504.75110231695163 503.07352310470077 -1.0 503.07352310470077 -1.0 1
99 1.0 nan 0.8 1.0 1.0 506.14554885973916 506.14641544904396 506.3922268383767 505.4820080951513 507.95124837865023 506.2795368983992 -1.0 506.2795368983992 -1.0 1
100 nan 0.25 0.8 1.0 -1.0 510.41286790891326 510.413734498218 511.30938787505175 508.65385827202715 513.8796557380135 510.5362235634109 -1.0 511.02391335984703 -1.0 3
101 0.25 nan 0.8 1.0 1.0 515.9010446367136 515.9020445474498 516.2034843040769 514.5419659639771 517.7794104088332 516.0588305508967 -1.0 516.0588305508967 -1.0 1
102 nan 1.0 0.8 -1.0 1.0 519.9177527250207 519.9186859750413 520.2240253835398 518.4509170052723 521.7956523453598 520.1066691934598 1.0 520.1066691934598 1.0 1
103 0.0625 nan 0.8 1.0 1.0 523.6511194410273 523.6520193606899 524.2024035602901 522.4694582632627 525.7628244577312 523.942760072439 1.0 523.942760072439 1.0 1
104 nan 0.25 0.8 1.0 -1.0 527.4677453910072 527.4686453106698 529.11666485583 526.4425369131108 531.6677037415765 527.6853592975771 -1.0 529.0105076659961 -1.0 3
105 0.0625 nan 0.8 1.0 1.0 534.7957578735418 534.7970244271411 535.3482418856881 532.3422102392435 536.9124673019357 534.9415115285319 -1.0 535.2420513654964 -1.0 2
106 nan 0.0625 0.8 1.0 -1.0 538.5009604371435 538.5019603478797 538.8106327921658 537.6060736585408 541.3675300044306 538.6682121729633 -1.0 538.6682121729633 -1.0 1
107 0.25 nan 0.8 1.0 1.0 544.2124838930683 544.2135837948782 544.4627948807142 542.116937632712 546.0294132943034 544.3545378783342 -1.0 544.3545378783342 -1.0 1
108 nan 0.0625 0.8 1.0 -1.0 547.7509346762182 547.7519345869545 548.0419087004724 546.742324716544 550.6009757616935 547.923819242519 -1.0 547.923819242519 -1.0 1
109 0.25 nan 0.8 1.0 1.0 558.7792834901047 558.7802167401252 559.0127959773813 551.3084837544308 560.5676174525668 558.9186043860249 -1.0 558.9186043860249 -1.0 1
110 nan 0.125 0.8 1.0 -1.0 564.478608035047 564.4795412850676 564.8045456047128 561.282426696922 567.3510172348693 564.6354940295677 -1.0 564.6354940295677 -1.0 1
111 0.25 nan 0.8 1.0 1.0 569.0124699561525 569.0135365276045 569.2557482382866 568.0211251218578 570.812360638525 569.1658562630961 -1.0 569.1658562630961 -1.0 1
112 0.0 nan 0.8 1.0 1.0 572.5008918721311 572.5018584525094 573.0211787585696 571.6414685943081 574.5675088645796 572.67804272424 -1.0 572.67804272424 -1.0 1
113 0.25 nan 0.8 1.0 1.0 575.7956644088523 575.796530998157 576.053541387736 575.2239154498538 577.5956398793571 575.9398515370223 -1.0 575.9398515370223 -1.0 1
114 nan 0.25 0.8 -1.0 1.0 581.317471467749 581.3185047088432 581.8405247738912 578.2625441863008 583.395645061198 581.4937224001953 -1.0 581.4937224001953 -1.0 1
115 1.0 nan 0.8 1.0 1.0 585.3175143771184 585.3184809574968 585.5442608017463 584.0991564753328 587.084090494583 585.4422032459312 -1.0 585.4422032459312 -1.0 1
116 0.25 nan 0.8 1.0 1.0 588.7956372125135 588.7964704714603 589.5961324176124 587.7635960112526 591.1623573584293 588.9673885466466 -1.0 589.4331802979584 -1.0 2
117 1.0 nan 0.8 1.0 1.0 592.350786504959 592.3517864156953 592.7948801932938 591.8235669040824 594.3619054833039 592.3625521212891 -1.0 592.3625521212891 -1.0 1
118 0.25 nan 0.8 1.0 1.0 596.3008005471571 596.3018004578934 596.5893081249285 595.0385132336914 598.1505372033417 596.4629860685799 -1.0 596.4629860685799 -1.0 1
119 0.125 nan 0.8 1.0 1.0 600.6284808744439 600.6294474548223 600.9756832124343 598.8344410314306 602.5623196240446 600.8163974321467 -1.0 600.8163974321467 -1.0 1
120 0.0 nan 0.8 1.0 1.0 605.2840652625111 605.2851318339631 605.680163235505 603.3854347564841 607.2624820081172 605.4834141329652 -1.0 605.4834141329652 -1.0 1
121 0.25 nan 0.8 1.0 1.0 609.6672073053029 609.6681072249655 609.9490154811414 608.0084887152647 611.5288392297061 609.8151940942707 -1.0 609.8151940942707 -1.0 1
122 nan 0.25 0.2 -1.0 1.0 612.6840713180571 612.6850712287935 612.9969433874356 612.2037475307116 614.5673712308 612.8923193940641 1.0 612.8923193940641 1.0 1
123 nan 0.25 0.2 -1.0 1.0 616.4785992407654 616.4797324729333 616.8658979992803 615.2479757672817 618.4453232100335 616.6643159948485 -1.0 616.6643159948485 -1.0 1
124 nan 0.125 0.2 -1.0 1.0 621.6006753176599 621.601708558754 621.9629763077679 619.1036315663339 623.5339035039491 621.817422634925 1.0 621.817422634925 1.0 1
125 nan 0.0 0.2 1.0 -1.0 624.8118219864712 624.812688575776 625.221352093689 624.1897108567226 627.7839576656985 625.0513006078075 -1.0 625.0513006078075 -1.0 1
126 0.125 nan 0.2 1.0 1.0 629.2623913432454 629.2633245932659 629.533700456353 628.4391648340753 631.1006206300162 629.4378756774605 -1.0 629.4378756774605 -1.0 1
127 nan 0.0625 0.2 1.0 -1.0 632.5285997632672 632.5296663347192 632.8296728859577 631.7767335503089 635.3839801637174 632.6915852132789 -1.0 632.6915852132789 -1.0 1
128 nan 0.25 0.2 -1.0 1.0 637.2954408859232 637.296307475228 637.5445186503277 636.038386438644 639.1115273882448 637.4408945676925 1.0 637.4408945676925 1.0 1
129 nan 0.0625 0.2 -1.0 1.0 640.7338006043726 640.7346338633195 641.2597536516499 639.9620361677626 642.8172793464473 640.9158843494471 1.0 641.2595536695027 1.0 2
130 nan 0.25 0.2 -1.0 1.0 644.4284041141698 644.4296706677691 644.8427004625638 643.4980871651453 646.4121231565043 644.6249199042045 1.0 644.6249199042045 1.0 1
131 nan 0.0 0.2 -1.0 1.0 648.6172968312625 648.6182634116409 649.4033599914012 647.1208304233627 650.9672836181059 648.8559088632941 -1.0 649.113719181462 1.0 3
132 nan 1.0 0.2 -1.0 1.0 653.1120622425798 653.1129288318846 653.365239641003 651.6682911304814 654.9288626673467 653.2510165045633 1.0 653.2510165045633 1.0 1
133 nan 1.0 0.2 -1.0 1.0 656.233716900495 656.2345834897998 656.5641873988318 655.5863746898347 658.1455140234756 656.4158006455696 1.0 656.4158006455696 1.0 1
134 nan 0.0 0.2 -1.0 1.0 659.2837779496933 659.2845778782823 659.6335133948822 658.7958215103941 661.2005431370989 659.4831934808632 1.0 659.4831934808632 1.0 1
135 nan 1.0 0.2 -1.0 1.0 663.0954376763498 663.0962376049388 663.350481574814 661.8748466405865 664.9290050433053 663.2418246081395 1.0 663.2418246081395 1.0 1
136 nan 0.0 0.2 -1.0 1.0 666.1170345999222 666.117901189227 666.8087061865573 665.5875152043523 668.3785364934845 666.3674455786419 1.0 666.5598617346578 1.0 2
137 nan 0.0 0.2 -1.0 1.0 672.1503959914942 672.1515292236619 672.4823996862932 669.0427400838868 674.0620123906347 672.3131814593587 1.0 672.3131814593587 1.0 1
138 0.25 nan 0.2 1.0 1.0 675.5169954494373 675.5178620387421 675.8177352685491 674.8507215955036 677.3950839211286 675.6951795426404 -1.0 675.6951795426404 -1.0 1
139 nan 0.25 0.2 -1.0 1.0 679.2668273622344 679.2678272729707 679.6751909069266 678.0960985418532 681.2453193529302 679.4654762951732 1.0 679.4654762951732 1.0 1
140 nan 0.125 0.2 -1.0 1.0 683.3168658084172 683.3178323887956 683.8093551763875 681.9458215372035 685.3788756237415 683.4702854457188 -1.0 683.4702854457188 -1.0 1
141 1.0 nan 0.2 1.0 1.0 686.9003459050572 686.9014791372249 687.2724126900227 686.0947844855611 688.8335357874078 687.0155689522331 -1.0 687.1040943827509 -1.0 2
142 nan 0.25 0.2 -1.0 1.0 690.2949761939738 690.2958094529206 690.5050574396638 689.5128460160643 692.0670836925946 690.3717693385191 1.0 690.3717693385191 1.0 1
143 nan 0.25 0.2 -1.0 1.0 693.2949083849271 693.2961082778106 693.7988967263644 692.7415911138339 695.3620238543784 693.5384866402821 1.0 693.5384866402821 1.0 1
144 nan 1.0 0.2 -1.0 1.0 696.6502088515505 696.6511087712131 697.7674757778992 696.0418298292467 699.3335965064229 697.1636963449823 1.0 697.6737841419109 1.0 2
145 0.125 nan 0.2 1.0 1.0 701.2443653900528 701.2457652650836 701.5665032989208 700.0111088182969 703.1337327689004 701.4393813139832 -1.0 701.4393813139832 -1.0 1
146 nan 0.125 0.2 -1.0 1.0 705.3782963470087 705.3794295791764 705.8713856614206 703.8163357858833 707.433597813123 705.6922016574813 1.0 705.6922016574813 1.0 1
147 0.125 nan 0.2 1.0 1.0 708.7118320899392 708.7127320096018 709.5577232424647 708.2244089363661 711.1285504854493 709.0612009011915 -1.0 709.1731909036536 1.0 2
148 nan 0.25 0.2 -1.0 1.0 712.4668635385649 712.4677301278697 712.9473873080577 711.8000563989052 714.512009042436 712.6586464177813 1.0 712.6586464177813 1.0 1
149 nan 0.125 0.2 -1.0 1.0 715.6668778678458 715.6677111267926 716.136835913892 715.1968198307258 717.7002601051814 715.8298633178575 -1.0 715.8298633178575 -1.0 1
150 nan 1.0 0.2 -1.0 1.0 718.9451185470606 718.9460184667232 719.5867612665243 718.3847685704557 721.1618916649652 719.1306686493542 1.0 719.508034961222 1.0 2
151 nan 1.0 0.2 -1.0 1.0 722.3501479076343 722.3510144969391 722.6495211820733 721.8258947086086 724.2003450884831 722.5077671700282 1.0 722.5077671700282 1.0 1
152 nan 0.125 0.2 -1.0 1.0 727.0782591544389 727.079325725891 727.854289876857 724.8659566504443 729.4286143515944 727.203381317904 1.0 727.203381317904 1.0 1
153 0.125 nan 0.2 1.0 1.0 730.8668209430875 730.8676542020344 731.175126753437 730.1215208106306 732.7334538196565 731.0406720897668 -1.0 731.0406720897668 -1.0 1
154 nan 0.125 0.2 -1.0 1.0 734.1779253551678 734.1789585962619 734.683280241278 733.4171599366566 736.2445034610066 734.4792984510791 1.0 734.4792984510791 1.0 1
155 nan 0.25 0.2 -1.0 1.0 737.6500487261451 737.6509486458078 738.0476465652434 736.9442117374131 739.6114664397627 737.9128585979944 1.0 737.9128585979944 1.0 1
156 nan 0.25 0.2 -1.0 1.0 740.9000252618815 740.9009251815442 741.2443945194525 740.3071781863478 742.811510140993 741.1206389006602 1.0 741.1206389006602 1.0 1
157 nan 0.0 0.2 -1.0 1.0 744.1001062518781 744.1012728144037 744.4409424915142 743.5999175712385 746.0113645701232 744.3280858997473 1.0 744.3280858997473 1.0 1
158 nan 0.0625 0.2 -1.0 1.0 748.0834173215939 748.0842505805408 748.4690828925727 746.688275201636 750.0284113330879 748.3057308086243 1.0 748.3057308086243 1.0 1
159 nan 1.0 0.2 -1.0 1.0 751.2666331505054 751.2675664005259 751.5547407639823 750.6987171826626 753.1166605935562 751.411453555475 1.0 751.411453555475 1.0 1
160 nan 0.25 0.2 -1.0 1.0 754.3944539246276 754.3955538264374 754.9027752125887 753.8194719209151 756.4784010733534 754.7880187904229 1.0 754.7880187904229 1.0 1
161 nan 0.125 0.2 -1.0 1.0 757.750021034114 757.7508876234186 758.1025228990065 757.1675063695217 759.6617457046002 757.93867085969 1.0 757.93867085969 1.0 1
162 nan 0.0 0.2 1.0 -1.0 761.0999553131193 761.1008552327819 765.4738315164217 760.3556550913987 768.0333683298433 761.3460000149571 1.0 765.4308353547622 -1.0 6
163 0.25 nan 0.8 -1.0 -1.0 769.861406496811 769.8625063986209 770.3861929815627 768.6977770426572 772.9447335505786 769.998894223048 -1.0 769.998894223048 -1.0 1
164 0.125 nan 0.8 1.0 1.0 775.7165837951798 775.7174837148424 776.196474287873 773.5931400252816 777.7501021222168 775.9192990317792 1.0 776.0503206685884 -1.0 2
165 nan 0.0 0.8 1.0 -1.0 779.0611518865671 779.0621184669455 779.3871227865907 778.4134097116122 781.9442775395645 779.2672334893122 -1.0 779.2672334893122 -1.0 1
166 0.0 nan 0.8 -1.0 -1.0 783.2164476029212 783.2174475136575 783.6434428176658 782.7377903334693 786.1948183995304 783.5013888323999 1.0 783.5013888323999 1.0 1
167 0.125 nan 0.8 1.0 1.0 789.0332283290172 789.034094918322 789.2983713259179 786.8695214868053 790.8612915220014 788.9393700412395 -1.0 789.106721768133 -1.0 2
168 0.25 nan 0.8 1.0 1.0 792.1996789879173 792.2007455593694 792.7170328028627 791.5725016437717 794.2665295570224 792.3500655626522 -1.0 792.4677883866688 -1.0 2
169 0.0625 nan 0.8 1.0 1.0 795.6282395811512 795.6290728400982 795.9938736070468 794.9432340660915 797.5496950658372 795.7980577545276 -1.0 795.7980577545276 -1.0 1
170 1.0 nan 0.8 1.0 1.0 801.8109543063638 801.8120542081737 802.0565657135493 798.2108090307861 803.6330894781139 801.9524416755459 -1.0 801.9524416755459 -1.0 1
171 0.25 nan 0.8 -1.0 -1.0 805.5448543080963 805.545754227759 809.1237014849914 804.3254964955745 811.6944005318365 809.0094450181938 1.0 809.0094450181938 1.0 1
172 1.0 nan 0.8 1.0 1.0 813.0330191602235 813.0340190709597 814.0312300482404 812.4068083964562 815.5997516710933 813.7995174002891 1.0 813.7995174002891 1.0 1
173 nan 0.125 0.8 1.0 -1.0 818.8613988508602 818.8623321008807 819.174970857754 816.3207589914329 821.7498320965318 819.0167849792764 -1.0 819.0167849792764 -1.0 1
174 0.125 nan 0.8 1.0 1.0 823.5777778116925 823.5786444009973 823.8377546031224 822.5075400203062 825.4111736335182 823.6822018229169 -1.0 823.6822018229169 -1.0 1
175 0.25 nan 0.8 1.0 1.0 828.2163637172431 828.2172969672637 828.4843397945632 826.1683798775754 830.0609471337959 828.3515183184288 -1.0 828.3515183184288 -1.0 1
176 nan 0.125 0.8 -1.0 1.0 831.599661684482 831.6005949345025 832.4275877741125 830.8837589276715 833.999709630016 831.7580808754649 -1.0 832.1161822404805 -1.0 2
177 0.0 nan 0.8 1.0 1.0 835.2276378088858 835.2286043892642 835.8974446807543 834.687319377364 837.4662684435564 835.7469914453038 -1.0 835.7469914453038 -1.0 1
178 0.0 nan 0.8 1.0 1.0 840.5110328178982 840.511899407203 840.7618104305544 838.1373780514278 842.344833036774 840.641087874329 -1.0 840.641087874329 -1.0 1
179 0.0625 nan 0.8 1.0 1.0 845.2164127606317 845.2172793499363 845.5144528207554 843.0458398646973 847.0946071785094 845.3768651034449 -1.0 845.3768651034449 -1.0 1
180 nan 0.0625 0.8 -1.0 1.0 853.9662649797826 853.9671982298031 854.4382895080172 847.7895163886299 856.0110137692889 854.1297170548047 1.0 854.1297170548047 1.0 1
181 0.25 nan 0.8 1.0 1.0 857.5994739703729 857.6005072114671 857.9235450399976 856.711619897282 859.4829693962721 857.7667923669085 -1.0 857.7667923669085 -1.0 1
182 0.25 nan 0.8 1.0 1.0 860.677732502334 860.6788324041439 861.2318830323742 860.1573789551798 862.7997095963012 860.8409179344931 -1.0 860.8409179344931 -1.0 1
183 0.0 nan 0.8 1.0 1.0 864.8106968789115 864.8114968075005 865.6393562364152 863.4870150462389 867.2108742939245 864.9596835786155 -1.0 865.5104677425102 -1.0 2
184 0.25 nan 0.8 1.0 1.0 869.2662324590091 869.2671323786718 869.5261092593654 867.9369844565714 871.0827327422338 869.40695322996 -1.0 869.40695322996 -1.0 1
185 0.25 nan 0.8 1.0 1.0 872.4439487788711 872.4448153681759 872.6912600343082 871.781541246451 874.2495836732696 872.5791033800568 -1.0 872.5791033800568 -1.0 1
186 nan 0.125 0.8 -1.0 1.0 876.7109011941085 876.7118011137712 877.295515671247 874.927093770963 878.8605371823388 876.857388116972 -1.0 876.857388116972 -1.0 1
187 0.125 nan 0.8 1.0 1.0 880.6494162628395 880.6504495039337 880.9715875020653 879.5912440610042 882.5328822394637 880.8269004185272 -1.0 880.8269004185272 -1.0 1
188 0.25 nan 0.8 1.0 1.0 885.1942105413282 885.195077130633 885.4834513869728 883.1989886581775 887.0495718071187 885.3430972499585 -1.0 885.3430972499585 -1.0 1
189 nan 0.0625 0.8 1.0 -1.0 890.7110847072594 890.7120846179956 891.0103913209824 887.7301841506529 893.5661602466824 890.8714370589989 -1.0 890.8714370589989 -1.0 1
190 1.0 nan 0.8 1.0 1.0 897.1610422419186 897.1620421526549 897.4425171141783 894.2583680352462 898.9993378030018 897.3162283881875 -1.0 897.3162283881875 -1.0 1
191 nan 0.25 0.8 -1.0 1.0 900.7268572488844 900.7276905078313 901.0021660049371 899.72844637872 902.5778910867305 900.8890427703072 1.0 900.8890427703072 1.0 1
192 1.0 nan 0.8 1.0 1.0 903.9827332579647 903.9836665079853 904.3357017478676 903.2452990899666 905.8993311085178 904.1456853776186 1.0 904.1456853776186 1.0 1
193 1.0 nan 0.8 1.0 1.0 908.5106957057262 908.5116622861045 908.7443748447922 906.5593365735399 910.299399867719 908.6457169854804 -1.0 908.6457169854804 -1.0 1
194 1.0 nan 0.8 1.0 1.0 917.060665768697 917.0616323490755 917.3191760243803 910.9760089563546 918.8827001915911 917.1868545036141 -1.0 917.1868545036141 -1.0 1
195 nan 1.0 0.8 -1.0 1.0 920.1101935321694 920.111360094695 920.6835423483459 919.5946062261913 922.2606636355088 920.2630132230291 1.0 920.6020162929821 1.0 2
196 1.0 nan 0.8 1.0 1.0 923.7825990236214 923.7835989343577 924.1078033254139 922.9262754690809 925.6658162465785 923.9158871247661 -1.0 923.9158871247661 -1.0 1
197 0.25 nan 0.8 1.0 1.0 928.2442673895682 928.2452673003045 928.5172430205696 926.4840245294407 930.09436816505 928.3965871250598 -1.0 928.3965871250598 -1.0 1
198 1.0 nan 0.8 1.0 1.0 931.7324893233995 931.7332225912728 931.9982989274577 930.7728749898024 933.5493240398848 931.8802761302201 -1.0 931.8802761302201 -1.0 1
199 0.25 nan 0.8 1.0 1.0 934.7440871396094 934.7448870681984 935.3243353398661 934.2132345297243 936.8824649367231 934.9701336267219 -1.0 935.1189870049944 1.0 2
200 1.0 nan 0.8 1.0 1.0 938.0270940600005 938.0282272921683 938.5135839635532 937.5369711474394 940.0770102001171 938.1940791529574 -1.0 938.1940791529574 -1.0 1
201 0.25 nan 0.8 1.0 1.0 941.315900462662 941.3168670430404 941.6381383626035 940.7439181911584 943.2108603102962 941.4777193501482 -1.0 941.4777193501482 -1.0 1
202 0.0625 nan 0.8 1.0 1.0 945.6158832625541 945.6168498429325 945.9290886355113 943.8929704032474 947.4825168014218 945.7838349358894 -1.0 945.7838349358894 -1.0 1
203 nan 0.125 0.8 1.0 -1.0 948.8605602713883 948.8615268517667 949.9088333569346 948.1545233005089 952.4774015887286 949.096472544432 1.0 949.6007275287322 1.0 2
204 0.0625 nan 0.8 1.0 1.0 953.7157935031305 953.7168267442246 954.1273234318207 953.142711329817 955.6823468760232 953.920141927266 -1.0 953.920141927266 -1.0 1
205 0.0625 nan 0.8 1.0 1.0 958.5771928510796 958.5781594314581 958.8660670627877 956.3953542941833 960.4443212606636 958.7277794079616 -1.0 958.7277794079616 -1.0 1
206 nan 1.0 0.8 -1.0 1.0 961.6156882660952 961.6164548643263 961.8972297990705 961.1429304699873 963.4607574420478 961.7776738053707 1.0 961.7776738053707 1.0 1
207 0.125 nan 0.8 1.0 1.0 965.1491394955636 965.1501394063 965.4068831530159 964.1415627769836 966.9658080226794 965.2871605075267 -1.0 965.2871605075267 -1.0 1
208 1.0 nan 0.8 1.0 1.0 968.910703694333 968.911770265785 969.2053440579535 967.6475164612048 970.7657416821808 969.0730891979031 -1.0 969.0730891979031 -1.0 1
209 0.0625 nan 0.8 1.0 1.0 972.0769877014437 972.0780876032536 972.9149795591526 971.4282456157525 974.4775021515626 972.370861466833 1.0 972.5998076950807 -1.0 2
210 nan 1.0 0.2 -1.0 1.0 983.4657043446814 983.4667375857756 983.7865423695922 975.1590125638447 985.3604625868551 983.6179574194573 1.0 983.6179574194573 1.0 1
211 nan 0.125 0.2 -1.0 1.0 986.5489957606818 986.5500623321338 986.9077970632129 986.0793710182143 988.4656942685006 986.7946738285831 1.0 986.7946738285831 1.0 1
212 nan 0.0625 0.2 -1.0 1.0 997.5268824127446 997.5276823413336 997.9118480462081 989.1248991387415 999.4773685846973 997.7504957837322 1.0 997.7504957837322 1.0 1
213 nan 0.125 0.2 -1.0 1.0 1000.6489037045965 1000.6500036064064 1000.931478478666 1000.1984772482652 1002.4822081927264 1000.8163887529215 1.0 1000.8163887529215 1.0 1
214 nan 0.0625 0.2 -1.0 1.0 1003.75975932656 1003.7606592462226 1004.0689317262143 1003.1412145451042 1005.6322574459566 1003.9608747059815 1.0 1003.9608747059815 1.0 1
215 nan 0.125 0.2 -1.0 1.0 1006.7771899553982 1006.7783231875659 1007.0877622300832 1006.2950663287272 1008.6599901343843 1006.9706726828662 1.0 1006.9706726828662 1.0 1
216 nan 0.125 0.2 -1.0 1.0 1011.8988327376402 1011.8996326662292 1012.60313652991 1009.340994413549 1014.1437609793962 1012.0030234363594 -1.0 1012.5003790365794 1.0 3
217 nan 0.25 0.2 -1.0 1.0 1018.1488747857614 1018.1499413572135 1018.5037431060632 1014.8578685794802 1020.0439379323416 1018.3242257985451 1.0 1018.3242257985451 1.0 1
218 nan 0.0625 0.2 -1.0 1.0 1021.2821284082174 1021.2829283368064 1021.7250888643845 1020.7155456546897 1023.2655046687393 1021.524740083194 1.0 1021.524740083194 1.0 1
219 nan 1.0 0.2 -1.0 1.0 1025.6601709062543 1025.6612374777062 1026.0403369681835 1023.9976193250602 1027.5821671148651 1025.814557123934 1.0 1025.814557123934 1.0 1
220 nan 0.125 0.2 -1.0 1.0 1031.8103885325381 1031.811221791485 1032.134126298584 1028.2440735702041 1033.6821479156245 1032.0142370013054 1.0 1032.0142370013054 1.0 1
221 nan 0.25 0.2 -1.0 1.0 1035.510424890669 1035.5115581228367 1035.8183640670818 1034.4086565807322 1037.3771916180917 1035.6853426088003 1.0 1035.6853426088003 1.0 1
222 nan 1.0 0.2 -1.0 1.0 1038.5320551445993 1038.5328884035464 1038.8113302132392 1038.0583974288288 1040.3767502092924 1038.6777754692316 1.0 1038.6777754692316 1.0 1
223 nan 0.125 0.2 -1.0 1.0 1041.598648051304 1041.599514640609 1042.0951703925773 1041.0566631018885 1043.6599975355361 1041.8078627076893 1.0 1042.0659063383625 1.0 2
224 nan 0.0 0.2 -1.0 1.0 1045.5153650659845 1045.5161649945735 1045.8663337344149 1044.3333039239253 1047.4269563532548 1045.749444169345 1.0 1045.749444169345 1.0 1
225 0.0625 nan 0.2 1.0 1.0 1048.6152883305647 1048.6164882234482 1049.1200766005911 1048.122165685795 1050.6652984045063 1048.9306935071418 -1.0 1048.9306935071418 -1.0 1
226 nan 0.0625 0.2 -1.0 1.0 1051.9097275637073 1051.910827465517 1052.3397225106605 1051.4012062935988 1053.910045790551 1052.083145415734 1.0 1052.083145415734 1.0 1
227 nan 0.0 0.2 -1.0 1.0 1055.1652702692088 1055.1661368585135 1055.7938474883852 1054.587455185077 1057.360375796007 1055.338021514078 1.0 1055.7773156308788 1.0 3
228 nan 0.125 0.2 -1.0 1.0 1058.8319096087482 1058.8327761980531 1059.1352158654165 1058.0472796539982 1060.6935381563628 1059.0036942732393 1.0 1059.0036942732393 1.0 1
229 nan 1.0 0.2 -1.0 1.0 1061.915101033675 1061.9161009444113 1062.4533529830085 1061.3595506286042 1063.9985838223374 1062.1039508413983 1.0 1062.1039508413983 1.0 1
230 nan 1.0 0.2 -1.0 1.0 1065.8270184768212 1065.8281183786312 1066.1601220734303 1064.6469904865928 1067.715332272149 1065.9873041678452 1.0 1065.9873041678452 1.0 1
231 nan 0.0625 0.2 1.0 -1.0 1069.0930602450537 1069.0940934861478 1070.4847360077924 1068.556741456477 1073.043305176341 1069.519888808009 -1.0 1070.3037854948857 -1.0 4
232 0.0625 nan 0.2 1.0 1.0 1076.215057785559 1076.2160576962956 1076.5082649437911 1073.7333126684982 1078.0652873690208 1076.303549885719 -1.0 1076.303549885719 -1.0 1
233 nan 0.125 0.2 -1.0 1.0 1079.6264532444873 1079.6273864945078 1079.9535907070365 1078.7621970647722 1081.498521730265 1079.8073037663203 1.0 1079.8073037663203 1.0 1
234 nan 0.0 0.2 1.0 -1.0 1082.7433083308683 1082.7443749023203 1083.8467098283409 1082.1688262825242 1086.4098090853129 1082.9865532826445 1.0 1082.9865532826445 1.0 1
235 nan 1.0 0.2 -1.0 1.0 1087.9983725356865 1087.999339116065 1088.2813139436926 1087.0908202210912 1089.8433411139604 1088.1567583963115 1.0 1088.1567583963115 1.0 1
236 1.0 nan 0.2 1.0 1.0 1091.165223158881 1091.166323060691 1091.6635786698373 1090.5477449488772 1093.2264979265137 1091.3437405556629 -1.0 1091.483028121225 -1.0 2
237 nan 0.125 0.2 -1.0 1.0 1094.7151062547823 1094.7160061744448 1095.216528158663 1093.9309095946846 1096.7766541713354 1094.78699983672 -1.0 1094.78699983672 -1.0 1
238 0.0625 nan 0.2 -1.0 -1.0 1100.9984120000634 1100.999311919726 1101.4036424911153 1097.4486622255938 1103.9485486749634 1101.1712299056485 -1.0 1101.257422211115 1.0 2
239 nan 1.0 0.2 -1.0 1.0 1106.9430146486125 1106.943947898633 1107.2101907973436 1104.609856266961 1108.7766161000686 1107.0887349732448 1.0 1107.0887349732448 1.0 1
240 nan 0.125 0.2 -1.0 1.0 1110.648483855077 1110.649617087245 1110.945157370528 1109.4555236859928 1112.5092775026897 1110.8208018052942 1.0 1110.8208018052942 1.0 1
241 nan 0.0625 0.2 -1.0 1.0 1113.6983449221282 1113.699244841791 1114.2821928010355 1113.2205875723391 1115.843517664529 1113.9347904808978 1.0 1114.2252978801419 1.0 2
242 nan 0.0 0.2 -1.0 1.0 1117.431644977419 1117.4325782274395 1118.1818446724835 1116.5545232795641 1119.7433576199032 1117.8806382283617 1.0 1117.8806382283617 1.0 1
243 nan 0.0 0.2 -1.0 1.0 1121.0650872805145 1121.0659205394613 1121.4818834057492 1120.5680649838732 1123.0434079273268 1121.3461288581218 1.0 1121.3461288581218 1.0 1
244 nan 0.0 0.2 1.0 -1.0 1124.5483429910223 1124.5492095803272 1125.242547684856 1123.7063181600104 1127.7928798283556 1125.0917278154686 -1.0 1125.0917278154686 -1.0 1
245 nan 1.0 0.2 -1.0 1.0 1129.3816115169245 1129.382544766945 1129.6844178182246 1128.5181885961565 1131.242840518938 1129.5360310649623 1.0 1129.5360310649623 1.0 1
246 nan 0.125 0.2 -1.0 1.0 1132.4982999515162 1132.499199871179 1132.84026942332 1131.9260510371496 1134.392694275082 1132.6763173929298 -1.0 1132.6763173929298 -1.0 1
247 0.125 nan 0.2 1.0 1.0 1137.264941092025 1137.2658410116876 1137.6925362532113 1135.07100361522 1139.2315622743015 1137.5120856956728 -1.0 1137.5120856956728 -1.0 1
248 nan 0.0 0.2 -1.0 1.0 1140.9430794050315 1140.9441459764837 1141.7734719411449 1139.9305697934858 1143.3265019729206 1141.1753586690668 1.0 1141.73887502967 1.0 3
249 0.125 nan 0.2 1.0 1.0 1144.5314590642793 1144.5324589750155 1145.226930311712 1144.0056060080753 1146.76475764253 1144.7424735599898 -1.0 1144.7424735599898 -1.0 1
250 nan 0.0 0.2 1.0 -1.0 1148.076375936857 1148.0771092047303 1148.3597839698734 1147.4240675028732 1150.898225651656 1148.1899324661392 -1.0 1148.1899324661392 -1.0 1
251 0.25 nan 0.2 1.0 1.0 1152.7590912362348 1152.7600911469713 1153.0201345991168 1151.5453329238362 1154.5760650301097 1152.9184436772382 -1.0 1152.9184436772382 -1.0 1
252 nan 0.125 0.2 1.0 -1.0 1157.2979860413795 1157.2990859431893 1157.6067584767393 1155.241369639022 1160.1482330688602 1157.4922020367208 -1.0 1157.4922020367208 -1.0 1
253 nan 0.25 0.2 -1.0 1.0 1163.6426863058675 1163.6437195469616 1164.0133865461603 1160.8083393328402 1165.5482138114514 1163.8007721932718 1.0 1163.8007721932718 1.0 1
254 0.25 nan 0.8 1.0 1.0 1166.7094125340038 1166.7103791143822 1166.9912540402 1166.2277222019852 1168.531576169837 1166.846000340578 -1.0 1166.846000340578 -1.0 1
255 nan 0.0625 0.8 -1.0 1.0 1169.7258765824636 1169.7270431449892 1170.018083829959 1169.2200884017009 1171.5647020744482 1169.8411329599974 -1.0 1169.8411329599974 -1.0 1
256 0.125 nan 0.8 1.0 1.0 1173.0592456736047 1173.0603789057725 1173.3487198317544 1172.403104248465 1174.9096444248935 1173.1941669622852 -1.0 1173.1941669622852 -1.0 1
257 0.125 nan 0.8 -1.0 -1.0 1176.698087494676 1176.6993540482752 1177.4916833156944 1175.583253684452 1180.0314196359852 1176.8988695705186 1.0 1177.4368215466313 1.0 3
258 0.0 nan 0.8 -1.0 -1.0 1181.4422306436186 1181.4429972418498 1181.8973233500524 1180.7273277975444 1184.4595921369457 1181.5982833791923 1.0 1181.5982833791923 1.0 1
259 0.125 nan 0.8 1.0 1.0 1186.9814028189687 1186.9823027386312 1187.9518495188754 1185.130901349714 1189.5091750338552 1187.1269564918114 -1.0 1187.8483920880294 -1.0 4
260 1.0 nan 0.8 1.0 1.0 1191.5145981329165 1191.5156313740106 1191.7366783074417 1190.1792840053454 1193.2923099860177 1191.631054403334 -1.0 1191.631054403334 -1.0 1
261 0.125 nan 0.8 1.0 1.0 1194.7646746597266 1194.7656079097471 1195.084746086406 1193.9500140525306 1196.6429700897454 1194.9465917530117 -1.0 1194.9465917530117 -1.0 1
262 0.0625 nan 0.8 1.0 1.0 1199.4980187727176 1199.498952022738 1199.834222092609 1197.3126805282443 1201.3813203278416 1199.6860686518519 -1.0 1199.6860686518519 -1.0 1
263 0.0625 nan 0.8 -1.0 -1.0 1208.4095232275654 1208.4105897990173 1209.5665866012175 1202.0474245162661 1212.1147863278234 1208.5277126765923 -1.0 1209.3816364453658 1.0 3
264 1.0 nan 0.8 1.0 1.0 1215.7260034062751 1215.7268699955798 1215.945750455749 1212.8260956193064 1217.4927752248161 1215.8447928017438 -1.0 1215.8447928017438 -1.0 1
265 1.0 nan 0.8 1.0 1.0 1222.6311536384417 1222.6321868795358 1222.885930894043 1218.176984603017 1224.4312600107949 1222.7585422662423 -1.0 1222.7585422662423 -1.0 1
266 0.0625 nan 0.8 1.0 1.0 1226.1927356899573 1226.1938355917673 1226.4739772497119 1225.1070659428747 1228.0259054865883 1226.338889309242 -1.0 1226.338889309242 -1.0 1
267 0.0625 nan 0.8 1.0 1.0 1229.1643370767165 1229.1655702999578 1229.5142391736947 1228.6971121200158 1231.0595583614727 1229.3440210360238 -1.0 1229.3440210360238 -1.0 1
268 1.0 nan 0.8 1.0 1.0 1232.7811808615897 1232.7821474419682 1233.0482903496052 1231.7835699200145 1234.5811049582828 1232.8836050513416 -1.0 1232.8836050513416 -1.0 1
269 0.0625 nan 0.8 1.0 1.0 1238.8753368259268 1238.8761367545158 1239.2173729584465 1235.4011136424033 1240.7477994216613 1239.0638199997134 -1.0 1239.0638199997134 -1.0 1
270 0.0625 nan 0.8 1.0 1.0 1242.8423826809994 1242.8434492524514 1243.1672203488552 1241.4255091677067 1244.7092500434244 1242.9986353987204 -1.0 1242.9986353987204 -1.0 1
271 0.125 nan 0.8 -1.0 -1.0 1246.030931367171 1246.0317646261178 1246.5444188606027 1245.3795561832076 1249.0809225524622 1246.2327466841077 -1.0 1246.2327466841077 -1.0 1
272 0.25 nan 0.8 1.0 1.0 1250.2424553972612 1250.2434219776396 1250.5161309657778 1249.7547322704672 1252.04765912814 1250.4042409543895 -1.0 1250.4042409543895 -1.0 1
273 0.25 nan 0.8 1.0 1.0 1254.2424983066305 1254.2433982262933 1254.5401717328177 1252.7413656486283 1256.0976989613484 1254.3839190150968 -1.0 1254.3839190150968 -1.0 1
274 0.125 nan 0.8 1.0 1.0 1259.6415829878292 1259.642716219997 1259.9550550036495 1256.796003684198 1261.5143781255128 1259.7833036695165 -1.0 1259.7833036695165 -1.0 1
275 0.125 nan 0.8 1.0 1.0 1264.2757359557825 1264.2767025361609 1264.626637963497 1262.2121868389868 1266.1923580122184 1264.501482469674 -1.0 1264.501482469674 -1.0 1
276 0.0625 nan 0.8 1.0 1.0 1268.2476813734627 1268.248681284199 1268.8282962076562 1266.9003683170563 1270.3811203667428 1268.6137153636528 -1.0 1268.6137153636528 -1.0 1
277 0.0 nan 0.8 1.0 1.0 1272.975859280983 1272.9770258435087 1273.262567019429 1271.0714292926857 1274.8254915087327 1273.119013168059 -1.0 1273.119013168059 -1.0 1
278 1.0 nan 0.8 1.0 1.0 1275.9809243470493 1275.9819909185014 1276.299595898698 1275.501000523998 1277.8476251362001 1276.0186209818066 -1.0 1276.0186209818066 -1.0 1
279 nan 0.125 0.8 -1.0 1.0 1282.3423897815487 1282.3433230315693 1282.7219892273943 1278.5341297513958 1284.292408826684 1282.5288064731471 1.0 1282.5288064731471 1.0 1
280 1.0 nan 0.8 1.0 1.0 1289.5308147253004 1289.5316146538894 1290.3616072257082 1285.0185175457405 1291.9141289386603 1289.680468032162 1.0 1290.2043212668932 -1.0 2
281 0.25 nan 0.8 1.0 1.0 1293.4255337037828 1293.4266336055928 1293.7054420492223 1292.6267383469356 1295.2583823018101 1293.5616882157049 -1.0 1293.5616882157049 -1.0 1
282 0.25 nan 0.8 1.0 1.0 1296.6306809081766 1296.631614158197 1297.0059807378561 1296.1116939056951 1298.5758103298915 1296.825630171391 -1.0 1296.825630171391 -1.0 1
283 1.0 nan 0.8 1.0 1.0 1299.7973315492238 1299.7982647992444 1300.840838393594 1299.254913305156 1302.4090635151922 1299.9580505349002 -1.0 1300.4721379747737 -1.0 2
284 0.125 nan 0.8 1.0 1.0 1303.5474967655996 1303.5485966674096 1303.9062980681308 1303.0785719606474 1305.464118176453 1303.7433459484769 -1.0 1303.7433459484769 -1.0 1
285 nan 0.25 0.8 -1.0 1.0 1307.708858607087 1307.7098918481813 1308.0397624000764 1306.1705292696956 1309.608785873946 1307.914406924106 1.0 1307.914406924106 1.0 1
286 0.0625 nan 0.8 1.0 1.0 1310.9306376600607 1310.9316042404391 1311.8041930096228 1310.2819955654431 1313.375623856214 1311.305737507593 1.0 1311.4956205564104 -1.0 2
287 1.0 nan 0.8 1.0 1.0 1317.2306419146375 1317.2315418343 1317.4615879643577 1314.0301276299886 1319.0256102004175 1317.3633633996983 -1.0 1317.3633633996983 -1.0 1
288 nan 1.0 0.8 -1.0 1.0 1320.2974681338474 1320.2985347052993 1320.6069405067226 1319.7132202906455 1322.1749605197456 1320.4571538784294 1.0 1320.4571538784294 1.0 1
289 0.0625 nan 0.8 -1.0 -1.0 1323.3473292008985 1323.3481957902031 1323.9655406787756 1322.8815707799445 1326.5252082622167 1323.5835081168052 -1.0 1323.7442604328392 1.0 2
290 0.0625 nan 0.8 -1.0 -1.0 1328.8139411871532 1328.8148411068157 1329.1761755165455 1327.256213581478 1331.7418804708986 1329.0157565040902 -1.0 1329.0157565040902 -1.0 1
291 0.125 nan 0.8 1.0 1.0 1333.7805978052736 1333.7814977249361 1334.0794044636286 1332.397387953435 1335.6307318432116 1333.9312510228715 -1.0 1333.9312510228715 -1.0 1
292 0.0 nan 0.8 1.0 1.0 1338.0920795786328 1338.0931461500847 1338.6133997061654 1336.3102386466019 1340.1639920715675 1338.228400742344 -1.0 1338.228400742344 -1.0 1
293 0.25 nan 0.8 1.0 1.0 1341.5919671377205 1341.593200360962 1341.9474354044642 1340.848200201726 1343.4973587138538 1341.7527527841125 -1.0 1341.7527527841125 -1.0 1
294 0.0 nan 0.8 1.0 1.0 1345.3252005322956 1345.326167112674 1345.6342729408764 1344.1610711227738 1347.1806048457672 1345.4848862768777 -1.0 1345.4848862768777 -1.0 1
295 0.0 nan 0.8 -1.0 -1.0 1348.5078164147653 1348.5087829951437 1348.7931242781808 1347.8359097303507 1351.3473742148021 1348.664735739644 1.0 1348.664735739644 1.0 1
296 0.125 nan 0.8 1.0 1.0 1352.941653931886 1352.942453860475 1353.2628919210913 1352.1945872904619 1354.8139177374112 1353.1280372931265 -1.0 1353.1280372931265 -1.0 1
297 0.0625 nan 0.8 1.0 1.0 1356.0086801332432 1356.009780035053 1356.4274427495925 1355.5235234440056 1357.9919617663527 1356.2708567282928 -1.0 1356.2708567282928 -1.0 1
298 0.0625 nan 0.8 1.0 1.0 1359.1971621586988 1359.1980954087194 1360.2723995037666 1358.7290706126937 1361.825424716005 1359.8048412434873 -1.0 1359.8048412434873 -1.0 1
299 1.0 nan 0.8 1.0 1.0 1363.2138369166482 1363.214736836311 1363.4701473687119 1362.4991340527213 1365.0253721971408 1363.3349261068104 -1.0 1363.3349261068104 -1.0 1
300 0.25 nan 0.8 1.0 1.0 1366.2471327958351 1366.2480660458557 1366.768686235873 1365.7172800966864 1368.3252996513525 1366.3658222002302 -1.0 1366.3658222002302 -1.0 1
301 0.125 nan 0.8 1.0 1.0 1369.6636611298761 1369.664727701328 1369.9139387871642 1369.1894034676639 1371.46375951117 1369.7725847394136 -1.0 1369.7725847394136 -1.0 1
302 nan 0.0625 0.8 1.0 -1.0 1373.458822329384 1373.4597222490465 1374.8303665559658 1372.1383735414254 1377.380540433492 1373.6317068956848 -1.0 1374.0836998788361 1.0 3
303 0.125 nan 0.8 1.0 1.0 1378.7248522219431 1378.7257521416059 1379.053456220239 1378.0520456178658 1380.5970826704622 1378.8593735463292 -1.0 1378.8593735463292 -1.0 1
304 nan 0.0 0.8 1.0 -1.0 1381.7749799318574 1381.7760131729515 1382.684365416136 1381.2868901711267 1385.24193741134 1381.8123765933938 -1.0 1382.6364363615107 -1.0 3
305 nan 0.0 0.8 1.0 -1.0 1387.2470247664457 1387.248024677182 1387.4733378964213 1385.9206431747853 1390.0251064022511 1387.3343503040799 -1.0 1387.3343503040799 -1.0 1
306 1.0 nan 0.8 1.0 1.0 1392.9969447946435 1392.9980113660954 1393.2458559072586 1390.7196147624334 1394.808479334151 1393.1342991994488 -1.0 1393.1342991994488 -1.0 1
307 nan 0.0625 0.8 1.0 -1.0 1396.430371620127 1396.4313048701476 1397.3469897920647 1395.5008879300497 1399.908159740046 1396.538961926086 -1.0 1397.1495740823673 -1.0 2
308 0.25 nan 0.8 1.0 1.0 1402.3636419469985 1402.3646418577348 1402.5613909602746 1400.5748683005295 1404.1083173367388 1402.4499342435386 -1.0 1402.4499342435386 -1.0 1
309 0.25 nan 0.8 1.0 1.0 1405.4135696747653 1405.4146362462175 1405.8736286045225 1404.7893254021128 1407.4135576043584 1405.6522483675128 -1.0 1405.6522483675128 -1.0 1
310 nan 1.0 0.8 -1.0 1.0 1409.1751338735346 1409.1763337664183 1409.4605083976658 1408.0942636979862 1410.9969147445136 1409.357017636462 1.0 1409.357017636462 1.0 1
311 nan 1.0 0.8 -1.0 1.0 1412.441475614988 1412.4426088471557 1412.7604471398577 1411.852428200252 1414.3080690336287 1412.6288588869647 1.0 1412.6288588869647 1.0 1
312 nan 0.0 0.8 1.0 -1.0 1415.6134924436533 1415.6145923454633 1416.3795907194244 1415.0216786092137 1418.941428757282 1416.2056395816717 -1.0 1416.2056395816717 -1.0 1
313 nan 1.0 0.2 -1.0 1.0 1422.1135455061997 1422.1145787472938 1422.5032773808393 1419.6070359332368 1424.058304605795 1422.356490484755 1.0 1422.356490484755 1.0 1
314 nan 0.25 0.2 -1.0 1.0 1425.2135687618536 1425.2145686725898 1425.5639374838422 1424.7215126885358 1427.113533948798 1425.3893863996475 1.0 1425.3893863996475 1.0 1
315 nan 0.0625 0.2 1.0 -1.0 1428.775184143727 1428.7762173848212 1430.1485282096342 1427.7937384257214 1432.6969280303308 1429.5428156159605 -1.0 1429.86398694445 -1.0 2
316 nan 0.125 0.2 -1.0 1.0 1436.5415908234 1436.5425240734203 1436.9235900550123 1433.3926386023845 1438.4635183164576 1436.7209414791284 1.0 1436.7209414791284 1.0 1
317 0.125 nan 0.2 1.0 1.0 1439.6077171050943 1439.6085170336833 1440.6093276896147 1439.128926514211 1442.146857951687 1439.789700859095 -1.0 1440.3519506660991 -1.0 3
318 nan 0.0 0.2 1.0 -1.0 1443.3084867310984 1443.3094866418346 1444.4898812659999 1442.8215635328934 1447.0301204070247 1443.8241073674344 -1.0 1444.244136537383 1.0 3
319 nan 0.125 0.2 1.0 -1.0 1451.2246800390642 1451.225813271232 1451.5291528582582 1447.697328265087 1454.0747443029293 1451.3635009796162 -1.0 1451.3635009796162 -1.0 1
320 nan 0.0625 0.2 -1.0 1.0 1457.263440948612 1457.264474189706 1459.733420449343 1454.85105630629 1461.2801452527945 1459.6073983662152 1.0 1459.6073983662152 1.0 1
321 nan 0.125 0.2 -1.0 1.0 1462.4910409385407 1462.4921075099926 1463.4258574858782 1461.9849527845572 1464.9633858414354 1463.130317202595 1.0 1463.130317202595 1.0 1
322 nan 1.0 0.2 -1.0 1.0 1466.4072579978529 1466.4080912567997 1467.0045046806263 1465.6626911332694 1468.546631149795 1466.8975142318454 1.0 1466.8975142318454 1.0 1
323 nan 1.0 0.2 -1.0 1.0 1469.8578166272848 1469.8587498773052 1470.1052612041533 1469.2415383101645 1471.646582857479 1470.0029036751173 1.0 1470.0029036751173 1.0 1
324 nan 0.0625 0.2 -1.0 1.0 1472.8746139793232 1472.875747211491 1473.1635881821048 1472.3578934411773 1474.7247286061354 1473.0505982689065 1.0 1473.0505982689065 1.0 1
325 0.25 nan 0.2 1.0 1.0 1476.163353721269 1476.164386962363 1476.6313452762006 1475.5852386639162 1478.1966721511542 1476.3613360470501 -1.0 1476.3613360470501 -1.0 1
326 0.125 nan 0.2 -1.0 -1.0 1482.091057878375 1482.0920577891113 1482.512053628702 1478.8649792092356 1485.0576878214802 1482.2916066417126 1.0 1482.2916066417126 1.0 1
327 0.25 nan 0.2 1.0 1.0 1487.4133827453863 1487.4143493257645 1488.6485391475412 1485.7504978606135 1490.2132593561003 1487.5014748812514 -1.0 1488.3640978734306 -1.0 3
328 0.0625 nan 0.2 -1.0 -1.0 1492.9079255715408 1492.9089921429927 1493.217664587279 1490.938768028249 1495.7632329087369 1493.1019415847347 1.0 1493.1019415847347 1.0 1
329 nan 0.0625 0.2 -1.0 1.0 1497.324464632924 1497.3253312222287 1497.5979402192934 1496.4665412212055 1499.1575672045533 1497.5083815476817 1.0 1497.5083815476817 1.0 1
330 0.125 nan 0.2 1.0 1.0 1500.4631177733556 1500.4639843626605 1501.0803960012122 1499.8588717154284 1502.6299213462503 1500.9355422658848 -1.0 1500.9355422658848 -1.0 1
331 0.0625 nan 0.2 1.0 1.0 1503.9747376184157 1503.9756375380784 1504.448461994902 1503.3030309161484 1505.9964839349325 1504.1028261837318 -1.0 1504.2336145080358 -1.0 2
332 nan 0.0625 0.2 1.0 -1.0 1507.8910213384438 1507.8919545884642 1508.1872948896 1506.6913950977842 1510.7466306130077 1508.0498404937211 -1.0 1508.0498404937211 -1.0 1
333 0.125 nan 0.2 1.0 1.0 1513.5910791512592 1513.591979070922 1514.3893745527384 1511.4759346404721 1515.9464264128758 1513.7100351985175 -1.0 1513.7773291910682 -1.0 2
334 nan 0.0 0.2 1.0 -1.0 1517.2409866511452 1517.2419199011658 1517.5182618983126 1516.6579387008271 1520.0912668601547 1517.3626424573913 -1.0 1517.3626424573913 -1.0 1
335 nan 0.0 0.2 1.0 -1.0 1521.7630829559207 1521.7639162148675 1522.0645893732635 1520.775971077076 1524.6242269330621 1521.933967700749 -1.0 1521.933967700749 -1.0 1
336 nan 0.0 0.2 1.0 -1.0 1527.4465089201562 1527.4475754916084 1527.7205511226098 1525.2933344710332 1530.279818348664 1527.586229780371 -1.0 1527.586229780371 -1.0 1
337 0.25 nan 0.2 1.0 1.0 1534.8072851444829 1534.8082183945032 1535.0469970783242 1530.970227685125 1536.5962170176183 1534.9383401116497 -1.0 1534.9383401116497 -1.0 1
338 nan 0.125 0.2 1.0 -1.0 1539.4410048177836 1539.4418714070882 1539.7775414412538 1537.3223272890616 1542.3297808583166 1539.6041569195847 -1.0 1539.6041569195847 -1.0 1
339 nan 0.25 0.2 -1.0 1.0 1543.4911765853979 1543.492176496134 1543.8093148513208 1543.0120860212937 1545.3629191658335 1543.6791931341743 1.0 1543.6791931341743 1.0 1
340 nan 0.0625 0.2 1.0 -1.0 1547.757629045267 1547.7585289649298 1548.1255628658562 1546.2537299675612 1550.6908968180921 1547.9414126385934 -1.0 1547.9414126385934 -1.0 1
341 nan 0.0 0.2 1.0 -1.0 1551.9128914312632 1551.9141579848626 1552.260827037127 1551.3860051339655 1554.8129629201053 1552.0701773900785 -1.0 1552.0701773900785 -1.0 1
342 nan 0.0 0.2 -1.0 1.0 1557.2904447012745 1557.2914779423686 1557.899123696799 1555.4914719652954 1559.4573442341423 1557.3940354535519 -1.0 1557.3940354535519 -1.0 1
343 nan 1.0 0.2 -1.0 1.0 1561.1627990096224 1561.1637989203587 1561.404077470284 1560.1554556035474 1562.9629767229042 1561.301153325164 1.0 1561.301153325164 1.0 1
344 nan 0.0625 0.2 -1.0 1.0 1564.2409908808677 1564.2417908094567 1564.5390976017072 1563.6222794476225 1566.0961229786528 1564.4101757774445 1.0 1564.4101757774445 1.0 1
345 nan 0.25 0.2 -1.0 1.0 1567.6070570530849 1567.6081236245368 1567.864567398032 1566.7557330522257 1569.4129827814397 1567.7586101903453 1.0 1567.7586101903453 1.0 1
346 nan 0.0625 0.2 -1.0 1.0 1570.9410927513836 1570.9420926621199 1571.324491858027 1570.172394707698 1572.8795221181244 1571.0963455583683 1.0 1571.0963455583683 1.0 1
347 nan 0.125 0.2 -1.0 1.0 1574.9243371603836 1574.9254370621936 1575.2828718200517 1573.540927326398 1576.840895891167 1575.1384847097345 1.0 1575.1384847097345 1.0 1
348 1.0 nan 0.2 1.0 1.0 1578.1960450894549 1578.1970783305492 1578.6896010288772 1577.509506377933 1580.2573305166031 1578.4250913087762 -1.0 1578.4250913087762 -1.0 1
349 nan 0.125 0.2 -1.0 1.0 1581.3960260883778 1581.3971259901878 1581.7559606230768 1580.9343339710847 1583.3128823412005 1581.5867090657844 1.0 1581.5867090657844 1.0 1
350 0.0625 nan 0.2 -1.0 -1.0 1584.6410364007907 1584.642069641885 1584.9023797368934 1583.9989937170326 1587.4574488379546 1584.7973557792275 1.0 1584.7973557792275 1.0 1
351 nan 0.0625 0.2 -1.0 1.0 1588.6127818363238 1588.6137150863442 1588.9930478893268 1588.1309581828737 1590.5575785730673 1588.8272293588955 1.0 1588.8272293588955 1.0 1
352 nan 0.125 0.2 -1.0 1.0 1593.3458926368096 1593.3466925653986 1593.86301313925 1591.2256819116253 1595.4128419102788 1593.7329914131772 1.0 1593.7329914131772 1.0 1
353 nan 0.0625 0.2 -1.0 1.0 1596.9906672615828 1596.9917005026768 1597.6419757848303 1596.0742490717926 1599.1958987279502 1597.4069967618072 1.0 1597.4069967618072 1.0 1
354 0.25 nan 0.2 1.0 1.0 1600.5905792246554 1600.5916791264651 1601.3063486600342 1599.900607486272 1602.8738668991118 1600.8498894089275 1.0 1600.8498894089275 1.0 1
355 nan 0.25 0.2 -1.0 1.0 1605.129207386937 1605.1303406191046 1605.4615777156725 1603.5844786208331 1607.0128198540333 1605.282427042091 1.0 1605.282427042091 1.0 1
356 nan 0.0625 0.2 -1.0 1.0 1608.5741998466035 1608.5749997751925 1609.0677557860258 1607.8870278582817 1610.6242796925424 1608.7612164846437 1.0 1608.9978953559184 1.0 2
357 nan 0.125 0.2 -1.0 1.0 1611.9293336614376 1611.930300241816 1612.3312977774176 1611.2985899689993 1613.8907233888726 1612.139581558917 1.0 1612.139581558917 1.0 1
358 nan 1.0 0.2 -1.0 1.0 1615.1293479907183 1615.1303145710967 1615.4819498466845 1614.5861298180614 1617.0400481087854 1615.2778680654121 1.0 1615.2778680654121 1.0 1
359 nan 0.125 0.2 -1.0 1.0 1620.3125852743144 1620.3136185154087 1620.526299529013 1617.7140505832572 1622.0903219475442 1620.4074101424706 1.0 1620.4074101424706 1.0 1
360 nan 0.25 0.2 -1.0 1.0 1623.2791871073923 1623.280287009202 1623.5577622385167 1622.787530998369 1625.1125844698377 1623.454504789818 1.0 1623.454504789818 1.0 1
361 nan 0.0625 0.2 -1.0 1.0 1626.6238218594954 1626.6249217613054 1626.9086964282585 1625.7794972337902 1628.4738248656868 1626.7972397115223 1.0 1626.7972397115223 1.0 1
362 nan 0.25 0.2 -1.0 1.0 1629.795805357803 1629.7969052596127 1630.0882459178035 1629.1538293347605 1631.6293711954197 1629.9598240489088 1.0 1629.9598240489088 1.0 1
363 nan 0.125 0.2 -1.0 1.0 1632.823968361877 1632.8249016118975 1633.150072583332 1632.317180270378 1634.695825960844 1632.9952530709998 1.0 1632.9952530709998 1.0 1
364 0.25 nan 0.2 1.0 1.0 1636.256795240919 1636.2578951427288 1637.2276419051202 1635.4139371509602 1638.7791714825564 1636.466876486609 -1.0 1636.466876486609 -1.0 1
365 nan 0.0 0.2 -1.0 1.0 1641.1568244736459 1641.1582243486766 1641.5532224198607 1639.4592760166825 1643.0958434320287 1641.3474741206946 1.0 1641.3474741206946 1.0 1
366 nan 1.0 0.2 -1.0 1.0 1644.4735950465652 1644.4745282965855 1644.7353383469624 1643.8007551121298 1646.279171234531 1644.614549130021 1.0 1644.614549130021 1.0 1
367 nan 0.0625 0.2 -1.0 1.0 1647.4238983346418 1647.4248649150202 1647.951184596234 1646.9567733690149 1649.5071333025307 1647.6256803212207 1.0 1647.867858701545 1.0 2
368 nan 0.25 0.2 -1.0 1.0 1650.9623824481494 1650.9635156803172 1651.2313584362057 1650.230947744569 1652.7791850771034 1651.116335371177 1.0 1651.116335371177 1.0 1
369 1.0 nan 0.2 1.0 1.0 1654.0237758190256 1654.0248423904775 1654.6940826462621 1653.4531934225527 1656.2573127739304 1654.2007600193451 -1.0 1654.6242888768707 -1.0 3
370 nan 0.125 0.2 -1.0 1.0 1657.8290361169697 1657.8301693491376 1658.507742194391 1656.942515258194 1660.045866501285 1658.1531738473102 1.0 1658.3530893338482 1.0 2
371 nan 0.0 0.2 -1.0 1.0 1661.5071410996186 1661.5081410103548 1662.147217292262 1660.7374764755546 1663.7073385507997 1661.847344062455 1.0 1661.847344062455 1.0 1
372 nan 0.0625 0.2 1.0 -1.0 1665.5625124030614 1665.5634789834398 1675.4777605853337 1664.388350555819 1678.0402274068401 1665.800057863641 1.0 1675.2600133573321 1.0 11
373 nan 1.0 0.2 -1.0 1.0 1679.6623536862605 1679.6634202577125 1679.933962772589 1678.7464354518384 1681.4788852292334 1679.8221060915582 1.0 1679.8221060915582 1.0 1
374 nan 0.125 0.2 -1.0 1.0 1682.7401455932113 1682.741078843232 1683.490811913286 1682.1692965538755 1685.0402381004765 1682.96342566062 1.0 1683.265498694047 -1.0 2
375 nan 0.25 0.2 -1.0 1.0 1686.2621978402865 1686.2630644295912 1686.6064671067836 1685.72524577491 1688.1455910227055 1686.4292162636011 1.0 1686.4292162636011 1.0 1
376 nan 1.0 0.2 -1.0 1.0 1689.4901763398248 1689.4910429291297 1689.820813489951 1688.8271022002473 1691.374039457505 1689.6539617184258 1.0 1689.6539617184258 1.0 1
377 nan 0.0625 0.2 -1.0 1.0 1692.5954324616653 1692.5963657116858 1693.029860346216 1692.057147181974 1694.5900859941332 1692.8086467609955 1.0 1692.8086467609955 1.0 1
378 nan 0.125 0.2 -1.0 1.0 1695.7122208873307 1695.7130208159197 1696.0167936975981 1695.268293850785 1697.573622307447 1695.888705132282 1.0 1695.888705132282 1.0 1
379 0.125 nan 0.2 -1.0 -1.0 1698.745616757591 1698.7466833290432 1699.4003583077 1698.2489277645286 1701.9454669715583 1699.0414570140952 1.0 1699.3479629851195 1.0 2
380 nan 0.0625 0.2 -1.0 1.0 1704.3738476491849 1704.3746809081317 1704.8148082838793 1702.6093718336072 1706.3622362914502 1704.5430325457614 1.0 1704.805275801527 1.0 2
381 nan 0.0625 0.2 1.0 -1.0 1707.5069679502092 1707.5080011913035 1708.1883404562607 1707.0154451626174 1710.7289123315848 1708.0240884526495 -1.0 1708.0240884526495 -1.0 1
382 nan 0.0625 0.2 -1.0 1.0 1711.9734358876901 1711.9743024769948 1712.531919364254 1711.3841218300913 1714.0903488641168 1712.1718848384817 1.0 1712.4168296385096 1.0 2
383 nan 1.0 0.2 -1.0 1.0 1716.6619839996963 1716.6629505800747 1716.9870883104152 1714.767453127688 1718.5456130114087 1716.80893754757 1.0 1716.80893754757 1.0 1
384 nan 0.125 0.2 -1.0 1.0 1719.8066032741879 1719.8076031849241 1720.1261414151413 1719.2292214847084 1721.6903657217274 1719.9990527605617 1.0 1719.9990527605617 1.0 1
385 nan 1.0 0.2 -1.0 1.0 1724.0954537345494 1724.0962869934965 1724.3379987488104 1722.3610752321335 1725.8954259918887 1724.1851457275927 1.0 1724.1851457275927 1.0 1
386 0.0625 nan 0.2 1.0 1.0 1728.0062046151702 1728.0072711866221 1729.7328838049168 1726.5654332352806 1731.3071089059456 1728.7140080950169 1.0 1729.7073527507841 -1.0 3
387 0.0 nan 0.2 -1.0 -1.0 1732.4787053474265 1732.4795719367312 1732.8172417923693 1731.9721172380748 1735.3898493564855 1732.6826871376254 1.0 1732.6826871376254 1.0 1
388 nan 0.0625 0.2 1.0 -1.0 1736.761956307665 1736.7628895576856 1737.0622295017665 1736.0624520869294 1739.6121105103896 1736.923575213004 -1.0 1736.923575213004 -1.0 1
389 nan 0.25 0.2 -1.0 1.0 1742.673061946549 1742.6738952054961 1742.9301723272017 1740.4903234699902 1744.5070911541945 1742.8211153962327 1.0 1742.8211153962327 1.0 1
390 nan 1.0 0.2 -1.0 1.0 1745.8119817298439 1745.8128816495066 1746.1282201653678 1745.2224010293821 1747.690144577092 1745.966834572534 1.0 1745.966834572534 1.0 1
391 nan 1.0 0.2 -1.0 1.0 1749.0120293894827 1749.0128626484295 1749.3064697709558 1748.3638539198753 1750.8732940722587 1749.163349214238 1.0 1749.163349214238 1.0 1
392 nan 0.25 0.2 -1.0 1.0 1752.1786133698142 1752.1795132894767 1752.673902487846 1751.5544024275196 1754.2395323751123 1752.354697650471 1.0 1752.6193740223614 1.0 2
393 nan 1.0 0.2 -1.0 1.0 1755.4116580837497 1755.4128246462753 1755.7337626622598 1754.8984372331809 1757.3069827451623 1755.5551786047622 1.0 1755.5551786047622 1.0 1
394 nan 0.125 0.2 -1.0 1.0 1758.7617923449022 1758.7628589163544 1759.1987866670097 1757.994594167321 1760.7735188360707 1758.9559750098856 1.0 1758.9559750098856 1.0 1
395 nan 0.125 0.2 -1.0 1.0 1762.1784540003746 1762.179487241469 1762.8597598457104 1761.4135222871291 1764.4233801975415 1762.236782126657 -1.0 1762.7569690220218 1.0 3
396 nan 0.0625 0.2 -1.0 1.0 1765.7950311423851 1765.796131044195 1766.14419997149 1765.1131920113235 1767.6952279744853 1766.0022793076557 1.0 1766.0022793076557 1.0 1
397 nan 0.25 0.2 -1.0 1.0 1768.8729897011253 1768.8737896297143 1769.2043267887668 1768.355335912959 1770.7619598541924 1769.0422412584178 1.0 1769.0422412584178 1.0 1
398 nan 0.125 0.2 -1.0 1.0 1772.023441788245 1772.0244416989813 1773.2290008326063 1771.401763953149 1774.7785268078794 1772.1701953539714 1.0 1773.1913708585648 1.0 2
399 nan 0.0625 0.2 -1.0 1.0 1775.9565573390003 1775.957423928305 1776.3970513486845 1775.4405367383697 1777.956477898881 1776.1374078608333 1.0 1776.1374078608333 1.0 1
400 nan 0.125 0.2 -1.0 1.0 1779.1617045433939 1779.162737784488 1779.4900752291844 1778.620086227915 1781.056108456717 1779.3277897166881 1.0 1779.3277897166881 1.0 1
401 nan 0.125 0.2 -1.0 1.0 1782.328355184441 1782.3294217558932 1783.281836732189 1781.7076105993656 1784.8284630552407 1783.1710799529685 1.0 1783.1710799529685 1.0 1
402 nan 0.25 0.2 -1.0 1.0 1786.4228229976723 1786.4237229173348 1787.1337928615171 1785.501271932769 1788.695117391429 1786.58477520659 1.0 1786.95347562541 1.0 2
403 nan 0.0625 0.2 -1.0 1.0 1790.0725638457689 1790.0733971047157 1790.6310473223327 1789.3796257055346 1792.1783752958468 1790.305343065172 1.0 1790.5415553114367 1.0 2
404 nan 0.0 0.2 -1.0 1.0 1793.723437926033 1793.7243711760536 1794.3611143329097 1792.827584567052 1795.923540186577 1793.9014886978048 1.0 1794.2845545008693 1.0 2
405 nan 0.0 0.2 -1.0 1.0 1797.06173991014 1797.0627064905184 1797.5179325183835 1796.5802495602686 1799.0783642118172 1797.2922859955656 1.0 1797.2922859955656 1.0 1
406 0.0 nan 0.8 1.0 1.0 1801.390120174942 1801.3910200946048 1811.017127422306 1799.7497666120933 1812.5616606786343 1801.5782033844343 1.0 1810.9221359023604 -1.0 8
407 0.0625 nan 0.8 1.0 1.0 1814.0564894266263 1814.0572893552153 1814.703998289076 1813.486773619458 1816.2617227708192 1814.5571780626337 -1.0 1814.5571780626337 -1.0 1
408 nan 0.25 0.8 -1.0 1.0 1817.6724332918368 1817.6732998811417 1818.470462050453 1816.9350324541965 1820.0283869690315 1818.2108518929597 1.0 1818.2108518929597 1.0 1
409 nan 0.125 0.8 -1.0 1.0 1821.1721875294932 1821.1732874313032 1821.7033067822413 1820.699796367322 1823.261431625932 1821.3406724885544 1.0 1821.5978828602806 1.0 2
410 1.0 nan 0.8 1.0 1.0 1824.5235883442451 1824.5246215853392 1824.851825708604 1823.949839563774 1826.4236573672554 1824.682807463817 -1.0 1824.682807463817 -1.0 1
411 nan 0.125 0.8 -1.0 1.0 1827.961514768042 1827.9625813394941 1828.5245978339929 1827.0831598469458 1830.0901211917212 1828.2633878193217 1.0 1828.2633878193217 1.0 1
412 0.0 nan 0.8 -1.0 -1.0 1832.394752338721 1832.3959522316045 1833.3765980210212 1830.7526322669048 1835.9283027577014 1833.0161302005963 1.0 1833.255242187996 -1.0 2
413 1.0 nan 0.8 1.0 1.0 1838.5899992784948 1838.5908991981573 1838.8743405615317 1836.6060097259483 1840.4391632002605 1838.7235540225024 -1.0 1838.7235540225024 -1.0 1
414 0.0625 nan 0.8 1.0 1.0 1842.1448485977194 1842.1458818388135 1843.1190949584238 1841.14997074549 1844.6719192227529 1842.3380313519665 -1.0 1842.6338382781128 1.0 2
415 nan 0.125 0.8 1.0 -1.0 1846.4447980672537 1846.4458646387056 1847.4285435799527 1845.3789265527491 1849.9783106740192 1846.6366476071858 -1.0 1847.160734154422 1.0 3
416 nan 0.25 0.8 -1.0 1.0 1851.3564929252373 1851.3575261663314 1851.687230066437 1850.6686209994 1853.256056623856 1851.5811728676767 1.0 1851.5811728676767 1.0 1
417 1.0 nan 0.8 1.0 1.0 1854.5780719960635 1854.579505201452 1855.2128819921627 1853.928063356773 1856.7728047580988 1854.5558073170025 1.0 1855.091659480569 -1.0 3
418 0.25 nan 0.8 1.0 1.0 1858.1947491291476 1858.1958490309573 1858.6650404787727 1857.4837126045868 1860.223163532681 1858.3719333116144 -1.0 1858.3719333116144 -1.0 1
419 0.25 nan 0.8 1.0 1.0 1861.3947301280705 1861.3958300298802 1861.8395904146364 1860.9062737334032 1863.3948126743612 1861.5694478640544 -1.0 1861.5694478640544 -1.0 1
420 0.125 nan 0.8 1.0 1.0 1866.2232657431541 1866.224132332459 1866.495041481272 1864.098222116078 1868.0559663846145 1866.3649864248414 -1.0 1866.3649864248414 -1.0 1
421 0.125 nan 0.8 1.0 1.0 1869.5113055475845 1869.5121388065315 1870.1662804101984 1868.7553730309653 1871.72310643952 1869.6889563550617 -1.0 1870.088420694201 -1.0 3
422 1.0 nan 0.8 1.0 1.0 1873.2448055850225 1873.2458054957588 1873.5176478945925 1872.415012995351 1875.072669080192 1873.3857929988365 -1.0 1873.3857929988365 -1.0 1
423 0.125 nan 0.8 1.0 1.0 1877.6612446553322 1877.662111244637 1877.9916151625953 1875.7574812741923 1879.5564424977867 1877.8374289270628 -1.0 1877.8374289270628 -1.0 1
424 0.125 nan 0.8 1.0 1.0 1881.0779396411624 1881.0787729001092 1881.349748709638 1880.5161564591688 1882.8947815275683 1881.2121943226855 -1.0 1881.2121943226855 -1.0 1
425 0.0625 nan 0.8 1.0 1.0 1884.0895041270144 1884.090437377035 1884.6414881837927 1883.5574849546038 1886.178019383066 1884.2795538276212 -1.0 1884.5606620659441 -1.0 2
426 0.25 nan 0.8 1.0 1.0 1888.7564208367594 1888.7574207474956 1889.0336627535687 1886.8368255356286 1890.5778898551623 1888.8879757592945 -1.0 1888.8879757592945 -1.0 1
427 1.0 nan 0.8 1.0 1.0 1891.7057575444576 1891.7067574551938 1891.9690007109593 1891.2533979273696 1893.522624019652 1891.6709939811933 1.0 1891.6709939811933 1.0 1
428 nan 1.0 0.8 -1.0 1.0 1895.4612222877356 1895.4620888770403 1895.7613621604057 1894.2467307074637 1897.3231863179035 1895.6399396666648 1.0 1895.6399396666648 1.0 1
429 0.0625 nan 0.8 1.0 1.0 1899.0612342418817 1899.0621341615445 1899.4043036154956 1897.9935962184097 1900.9446329292787 1899.2187868435599 -1.0 1899.2187868435599 -1.0 1
430 0.25 nan 0.8 1.0 1.0 1902.2224187042375 1902.2237185881947 1903.2477605035654 1901.6227389053392 1904.7945866462605 1902.4160014227791 -1.0 1902.937021577091 1.0 2
431 0.125 nan 0.8 -1.0 -1.0 1906.2227949171856 1906.2240614707848 1906.5563984691628 1905.4802945347903 1909.0945693401536 1906.3326851071015 -1.0 1906.3326851071015 -1.0 1
432 0.0625 nan 0.8 1.0 1.0 1910.3056970962339 1910.3066970069701 1910.6233687371464 1909.7453804499867 1912.1721985214401 1910.49434692181 -1.0 1910.49434692181 -1.0 1
433 0.125 nan 0.8 1.0 1.0 1914.9111192956982 1914.912019215361 1915.1433318990178 1912.8634020988934 1916.69455932428 1915.0322751465762 -1.0 1915.0322751465762 -1.0 1
434 nan 0.25 0.8 -1.0 1.0 1917.9717460683432 1917.9726793183636 1918.3345803441773 1917.3624671263767 1919.8888062581896 1918.1348981701444 1.0 1918.1348981701444 1.0 1
435 0.125 nan 0.8 1.0 1.0 1921.9945202817837 1921.9953535407305 1922.451846122195 1920.5589151073648 1924.0054709330684 1922.1701712677882 -1.0 1922.1701712677882 -1.0 1
436 0.25 nan 0.8 1.0 1.0 1926.0277602275974 1926.0286601472599 1926.2843039921659 1924.6883797963653 1927.8390299326416 1926.1721140075565 -1.0 1926.1721140075565 -1.0 1
437 nan 1.0 0.8 -1.0 1.0 1931.3109552544624 1931.3119884955565 1931.599396171518 1928.5047391034823 1933.1557189911125 1931.4794735438816 1.0 1931.4794735438816 1.0 1
438 1.0 nan 0.8 1.0 1.0 1934.5111695658904 1934.5119694944794 1934.8199420012504 1933.848328738818 1936.37236707941 1934.6594229977213 -1.0 1934.6594229977213 -1.0 1
439 0.25 nan 0.8 1.0 1.0 1938.1944074236521 1938.1953073433149 1938.9875032893026 1937.0636750327217 1940.5389020918615 1938.3528932753507 -1.0 1938.649200156865 1.0 2
440 0.125 nan 0.8 1.0 1.0 1941.7776542077868 1941.778654118523 1942.2389463607856 1941.209504927439 1943.7894677776314 1941.948605613331 -1.0 1941.948605613331 -1.0 1
441 0.0625 nan 0.8 1.0 1.0 1945.3777328226488 1945.3785994119535 1945.766798090131 1944.4495823468862 1947.3387143131517 1945.461858645927 -1.0 1945.5940135149037 -1.0 2
442 0.0625 nan 0.8 1.0 1.0 1948.844256693503 1948.8452566042392 1949.1946254154916 1948.126620758083 1950.7724582051274 1948.9738784552815 -1.0 1948.9738784552815 -1.0 1
443 1.0 nan 0.8 1.0 1.0 1952.3109138857888 1952.311947126883 1952.6711817240664 1951.697968604456 1954.2277076074597 1952.470866273234 -1.0 1952.470866273234 -1.0 1
444 nan 0.0625 0.8 -1.0 1.0 1956.505039469068 1956.5059060583728 1956.992262640494 1954.9062155321321 1958.544384854714 1956.8911383346992 1.0 1956.8911383346992 1.0 1
445 0.125 nan 0.8 1.0 1.0 1960.2226075954416 1960.22357417582 1960.5592108796275 1959.2268964842651 1962.1109356719103 1960.375193973796 -1.0 1960.375193973796 -1.0 1
446 nan 1.0 0.2 -1.0 1.0 1963.3386960835915 1963.3395626728964 1963.726061502822 1962.8134429738295 1965.2777838669213 1963.4667513185495 1.0 1963.4667513185495 1.0 1
447 nan 0.25 0.2 -1.0 1.0 1966.5550422882313 1966.5558755471782 1967.011501539338 1965.9768939005207 1968.5776275765613 1966.721294113315 1.0 1966.96863869911 1.0 2
448 0.125 nan 0.2 1.0 1.0 1969.7389580546583 1969.7398913046788 1972.0191544976453 1969.2501350260543 1973.588581725622 1970.5953149395566 -1.0 1971.7396794468584 1.0 5
449 1.0 nan 0.2 1.0 1.0 1974.8774326676275 1974.8785325694373 1975.2102029606576 1974.2598877969078 1976.7722287906556 1975.0512171535909 -1.0 1975.0512171535909 -1.0 1
450 nan 0.125 0.2 -1.0 1.0 1977.8940633678765 1977.8952299304021 1978.5199741584229 1977.428738241575 1980.0775695474113 1978.2319332056618 1.0 1978.2319332056618 1.0 1
451 nan 0.0625 0.2 -1.0 1.0 1981.3554876939759 1981.35652093507 1981.8793075983492 1980.7384761089822 1983.4557252413665 1981.5357049390093 1.0 1981.5357049390093 1.0 1
452 nan 0.25 0.2 -1.0 1.0 1984.7107881605991 1984.7118547320513 1985.301968718239 1984.1657368182591 1986.8609909603067 1984.8790731375132 1.0 1985.117885151692 1.0 2
453 nan 1.0 0.2 -1.0 1.0 1988.0389910462698 1988.0401576087954 1988.3338980527533 1987.530003151151 1989.9059274410095 1988.1695127277105 1.0 1988.1695127277105 1.0 1
454 nan 0.125 0.2 -1.0 1.0 1992.327408211979 1992.328508113789 1992.772568471766 1990.56813193223 1994.3276931680775 1992.5110584838737 1.0 1992.730972185137 1.0 2
455 nan 0.125 0.2 -1.0 1.0 1995.5052911836303 1995.5061577729352 1995.779800011094 1995.0114019406294 1997.3441285204349 1995.6716096694297 1.0 1995.6716096694297 1.0 1
456 nan 0.0 0.2 -1.0 1.0 2001.3388704100958 2001.3398036601163 2002.3183163066287 1998.0071345064905 2003.877338435223 2001.916852146017 -1.0 2001.916852146017 -1.0 1
457 nan 0.0625 0.2 -1.0 1.0 2005.0722037957444 2005.073137045765 2005.3811428828935 2004.5704485882848 2006.9440719381662 2005.223190316921 1.0 2005.223190316921 1.0 1
458 nan 0.125 0.2 -1.0 1.0 2008.2551863121507 2008.2561195621713 2008.5682916940343 2007.6233760482605 2010.127417511541 2008.423937914075 1.0 2008.423937914075 1.0 1
459 nan 1.0 0.2 -1.0 1.0 2011.388673247112 2011.3898398096374 2011.9486565897803 2010.7970260644615 2013.4941788006158 2011.5747566351315 1.0 2011.735375629734 1.0 2
460 nan 1.0 0.2 -1.0 1.0 2015.1889339913748 2015.1897672503217 2015.4487108006574 2014.1894898801163 2017.0216344481894 2015.3127896012406 1.0 2015.3127896012406 1.0 1
461 0.0625 nan 0.2 -1.0 -1.0 2018.327187167512 2018.3280870871747 2018.983761887304 2017.7072425110255 2021.5550766516196 2018.8180100175884 1.0 2018.8180100175884 1.0 1
462 nan 0.0625 0.2 -1.0 1.0 2023.160755666635 2023.1617555773712 2023.6916082765201 2022.4849826607067 2025.255525989254 2023.3704702783884 1.0 2023.3704702783884 1.0 1
463 nan 0.25 0.2 -1.0 1.0 2026.6605099042913 2026.661409823954 2027.4541723860257 2025.994636014652 2029.01058680499 2027.0294769659745 1.0 2027.2808545250725 1.0 2
464 0.25 nan 0.2 -1.0 -1.0 2035.8550890885767 2035.8560556689552 2036.9446918178887 2029.785497597994 2039.5050558057176 2036.4980983527132 1.0 2036.8115037078178 -1.0 3
465 nan 0.25 0.2 -1.0 1.0 2040.7772163485754 2040.7780162771644 2041.7515627003534 2040.2180662648539 2043.3105914697912 2041.3581311559894 1.0 2041.5870440538793 1.0 2
466 nan 0.125 0.2 0.0 -1.0 2056.1054146409224 2056.106314560585 2116.10815809401 2043.9942958210884 2118.6074009413787 2104.658846860154 1.0 2104.9406550359927 1.0 2
467 nan 0.0625 0.2 -1.0 1.0 2120.0934689851983 2120.094502226292 2127.582433765914 2119.5943135456528 2129.137660775076 2127.3990834672404 1.0 2127.3990834672404 1.0 1
468 nan 0.0625 0.2 -1.0 1.0 2130.3935161491445 2130.3944827295227 2148.475535269891 2129.802668895083 2150.010171471667 2148.3988087860616 1.0 2148.3988087860616 1.0 1
469 nan 0.125 0.2 -1.0 1.0 2153.2879056614056 2153.289138884647 2156.962644277909 2150.9263831452017 2158.5100861982914 2156.8426549895566 1.0 2156.8426549895566 1.0 1
470 nan 1.0 0.2 -1.0 1.0 2163.254849228743 2163.2557158180475 2184.2254438147806 2159.373695705916 2185.7873801252986 2183.716722562525 -1.0 2184.131585527003 1.0 2
471 nan 0.0625 0.2 -1.0 1.0 2187.8432208496747 2187.8443207514847 2193.730595273751 2186.682991092024 2195.293217756745 2192.515003791669 1.0 2193.651402343439 1.0 5
472 nan 0.0625 0.2 -1.0 1.0 2196.6710994366126 2196.672299329496 2197.454762810984 2196.0002259932917 2199.021464011344 2196.9976702830777 1.0 2197.274745548098 1.0 2
473 0.125 nan 0.8 -1.0 -1.0 2201.876501408196 2201.877634640364 2206.82725944561 2199.9431739996203 2209.3882238073384 2205.3090283140173 -1.0 2206.549484243074 -1.0 5
474 0.0625 nan 0.8 -1.0 -1.0 2210.7263447009736 2210.7272779509944 2230.38688957071 2210.108833160612 2232.9545681487148 2230.0290548485577 1.0 2230.263900550149 1.0 2
475 0.0 nan 0.8 -1.0 -1.0 2239.4930766459097 2239.4941765477197 2245.202833592867 2233.8616793703177 2247.770983271288 2244.9808200790576 1.0 2244.9808200790576 1.0 1
476 0.125 nan 0.8 -1.0 -1.0 2250.842796770433 2250.843830011527 2268.813759138738 2248.63549382012 2271.371042661844 2268.5108861767226 -1.0 2268.6700719659366 1.0 2
477 0.25 nan 0.8 -1.0 -1.0 2274.6926676519147 2274.694067526945 2308.830653429223 2272.2242546780035 2311.387426449964 2308.1792782452594 -1.0 2308.678467015163 1.0 3
478 nan 0.0625 0.8 0.0 -1.0 2314.5592086980223 2314.5603085998323 2374.562152133257 2312.357438587116 2377.0613766241463 2355.4600240793684 -1.0 2355.4600240793684 -1.0 1
479 0.0625 nan 0.8 0.0 -1.0 2378.4257738878414 2378.4268071289353 2438.4286839927177 2377.907086858581 2440.927900546757 2433.573117457397 -1.0 2433.573117457397 -1.0 1
