KS086 e45481fa-be22-4365-972c-e7404ed8ab5a cortexlab 2026-07-28T16:01:20.797097 _iblrig_tasks_ephysChoiceWorld6.5.3 M 258 525
0 1.0 nan 0.5 1.0 1.0 253.8114084907513 253.70268486336101 259.8154724977505 227.75290144464142 261.3647888454637 259.5691944834075 -1.0 259.5691944834075 -1.0 1
1 nan 0.125 0.5 1.0 -1.0 263.1609738391584 263.1620070802525 291.3828877542593 262.13279895941116 293.9311564242274 291.1974709733972 -1.0 291.1974709733972 -1.0 1
2 0.25 nan 0.5 1.0 1.0 295.1438520065868 295.1448519173231 305.327609551905 294.6308644685231 306.89363309157505 305.1163950740472 -1.0 305.1163950740472 -1.0 1
3 nan 1.0 0.5 -1.0 1.0 308.26454736647355 308.2654806164941 314.62254644375395 307.5935406017215 316.164570870263 310.6441682670037 -1.0 314.258345623247 1.0 5
4 0.0 nan 0.5 -1.0 -1.0 319.24393388464074 319.24476714358764 320.14475346694525 316.8576802428933 322.69788239535654 319.99506682972583 1.0 319.99506682972583 1.0 1
5 nan 0.0 0.5 1.0 -1.0 323.9254159607773 323.9264158715136 333.2843804701053 323.42479398548545 335.84304439091403 332.47031980935105 -1.0 333.20472091478257 -1.0 2
6 nan 1.0 0.5 0.0 -1.0 337.16446742148037 337.165367341143 397.1671442138519 336.58665233734854 399.66647588583146 nan 0.0 nan 0.0 0
7 nan 0.125 0.5 -1.0 1.0 400.98070377090716 400.9818036727171 448.25928313175405 400.4416852233426 449.8140049977179 427.9255650240035 1.0 447.0597902125261 1.0 16
8 1.0 nan 0.5 1.0 1.0 451.02600280865175 451.0269360586723 451.6914434036386 450.52371431546607 453.24734140959663 451.35320693191676 -1.0 451.35320693191676 -1.0 1
9 nan 0.125 0.5 0.0 -1.0 454.37560378407835 454.3765703644567 514.3783805675234 453.895746621743 516.8776774803914 507.1856560076059 1.0 507.1856560076059 1.0 1
10 nan 0.25 0.5 0.0 -1.0 518.1598429899445 518.1606762488915 578.1624864519582 517.665587113007 580.6618153891277 nan 0.0 nan 0.0 0
11 0.0 nan 0.5 0.0 -1.0 582.0926356008624 582.0935021901672 642.0953457235918 581.4531260243028 644.5945440799863 nan 0.0 nan 0.0 0
12 0.0 nan 0.5 1.0 1.0 645.8407446987915 645.8417112791699 646.4750547395224 645.3704533491664 648.0295828202308 645.8463775292724 1.0 646.4294254795907 -1.0 3
13 1.0 nan 0.5 1.0 1.0 649.2912366675076 649.2923032389596 651.7189532744522 648.717087922742 653.2751618921392 651.3062234528785 1.0 651.5308034042444 -1.0 2
14 nan 0.0 0.5 1.0 -1.0 655.4629190442633 655.4639522853574 656.2059527123846 654.110773085965 658.7461540210071 655.9644409392178 -1.0 655.9644409392178 -1.0 1
15 0.125 nan 0.5 1.0 1.0 660.0093131799299 660.0102797603083 664.265633211005 659.4321647029557 665.812959831091 664.0606515100699 -1.0 664.0606515100699 -1.0 1
16 0.25 nan 0.5 1.0 1.0 667.1411098456508 667.1419097742398 690.4753934211544 666.4914678402971 692.0127175805087 690.2159832458085 -1.0 690.2159832458085 -1.0 1
17 nan 0.125 0.5 -1.0 1.0 693.2422130891258 693.2432129998621 694.3982765520418 692.7215262383928 695.957497736878 693.6642754109048 1.0 694.3418149258005 1.0 3
18 1.0 nan 0.5 1.0 1.0 697.3459134114884 697.3468466615088 698.7818185591282 696.6324104404449 700.3414487548946 698.6485304579835 -1.0 698.6485304579835 -1.0 1
19 nan 0.0625 0.5 1.0 -1.0 701.6460628631698 701.6471627649798 756.4797011044003 701.0067532687575 759.0407043791574 706.1943901595934 1.0 743.9151560960262 -1.0 23
20 nan 0.25 0.5 0.0 -1.0 760.3624211540474 760.363354404068 820.3651979374927 759.7251113811077 822.8644657859247 773.2869673578361 -1.0 773.2869673578361 -1.0 1
21 nan 0.25 0.5 1.0 -1.0 824.3568415966773 824.3578415074136 882.845653534338 823.6090750177377 885.3950705709681 865.8185735707125 -1.0 882.8126231496833 -1.0 3
22 nan 0.125 0.5 -1.0 1.0 888.2231068132755 888.2239400722224 891.3793583826656 886.2694812167537 892.9285825160426 890.4761056842361 1.0 891.1114822964192 1.0 2
23 nan 0.0 0.5 1.0 -1.0 894.290598491312 894.2915984020483 895.5355873490402 893.6282909499655 898.0785747182329 895.399766140697 -1.0 895.399766140697 -1.0 1
24 0.0625 nan 0.5 1.0 1.0 899.4916008556559 899.4925674360343 926.9336843875408 898.8924876728415 928.4783338589941 926.5362532002318 -1.0 926.8235942154776 -1.0 2
25 0.25 nan 0.5 1.0 1.0 929.8583233000531 929.8591565590001 930.3564454985044 929.2579435636395 931.9076716584859 930.1990928789736 -1.0 930.1990928789736 -1.0 1
26 nan 0.0625 0.5 -1.0 1.0 934.6282308156337 934.6291307352964 935.4222266009468 932.6208766822164 936.9735515558096 934.7948159442961 -1.0 935.3291682417581 1.0 3
27 nan 0.0625 0.5 1.0 -1.0 938.3449656830603 938.346132245586 941.2367741930652 937.6516609088895 943.7783463892943 938.7501295133965 -1.0 941.1501152625887 -1.0 8
28 nan 1.0 0.5 -1.0 1.0 944.9902724452287 944.9914390077544 945.4976604831693 944.4545536030938 947.0449856749923 945.2455496561981 1.0 945.2455496561981 1.0 1
29 0.25 nan 0.5 1.0 1.0 950.4731163157688 950.4740828961473 951.1543555003888 947.7587919614516 952.7238645577232 950.985737219896 -1.0 950.985737219896 -1.0 1
30 nan 0.0625 0.5 -1.0 1.0 955.6448879562558 955.6457212152027 968.0301156392591 953.5467752583431 969.5780325778913 957.7045040908222 1.0 967.7523737670814 1.0 7
31 nan 0.0625 0.5 1.0 -1.0 972.3075004565115 972.3083337154584 975.434987927055 970.3400427614713 977.9947563111576 975.270435950223 -1.0 975.270435950223 -1.0 1
32 nan 1.0 0.5 -1.0 1.0 979.2235497157035 979.2246496175134 980.0780734309187 978.6858643824539 981.62810047471 979.841394559644 1.0 979.841394559644 1.0 1
33 nan 1.0 0.5 -1.0 1.0 985.2909080723085 985.2919746437606 989.3822095015414 982.3213065070219 990.9561270280019 989.1718282826305 1.0 989.1718282826305 1.0 1
34 1.0 nan 0.5 1.0 1.0 992.3281131823784 992.3289464413253 993.5033749314308 991.7066353294296 995.0731948444774 993.3080923646376 -1.0 993.3080923646376 -1.0 1
35 nan 0.25 0.5 1.0 -1.0 996.911237372424 996.9122706135181 998.5675895070532 995.7810049368616 1001.1280911446004 998.3298773946842 -1.0 998.3298773946842 -1.0 1
36 nan 0.125 0.5 1.0 -1.0 1002.2906238121183 1002.2915903924966 1002.569898880758 1001.8115999087297 1005.1400371815456 1002.267925838405 -1.0 1002.267925838405 -1.0 1
37 0.0 nan 0.5 -1.0 -1.0 1006.3777256162588 1006.3785588752056 1006.7605581068182 1005.8168423539278 1009.3112942326886 1006.5290121106563 1.0 1006.5290121106563 1.0 1
38 0.0625 nan 0.5 1.0 1.0 1011.0063124144467 1011.0072123341093 1011.2476242054662 1010.0018020887911 1012.8239679884199 1011.0949711663959 -1.0 1011.0949711663959 -1.0 1
39 0.25 nan 0.5 1.0 1.0 1014.4446388025382 1014.4455387222008 1014.7640769524182 1013.5759830155837 1016.3279042636249 1014.5684610820462 -1.0 1014.5684610820462 -1.0 1
40 0.0625 nan 0.5 1.0 1.0 1017.9562253172403 1017.9571918976187 1018.3268255664594 1017.0386072345665 1019.8901761200983 1018.1398422587772 -1.0 1018.1398422587772 -1.0 1
41 nan 0.125 0.5 -1.0 1.0 1021.227833255238 1021.2288664963321 1025.7787603195757 1020.5869904643633 1027.327776777078 1025.5172503316835 1.0 1025.5172503316835 1.0 1
42 0.0625 nan 0.5 1.0 1.0 1029.3575408357551 1029.3585074161335 1030.1975325149365 1028.1097855583232 1031.7563457887604 1030.0061829303727 -1.0 1030.0061829303727 -1.0 1
43 0.0 nan 0.5 1.0 1.0 1033.0444783632408 1033.045478273977 1033.4355767825534 1032.5325573966293 1035.0058979175517 1033.2565594304035 -1.0 1033.2565594304035 -1.0 1
44 1.0 nan 0.5 1.0 1.0 1036.2944882293352 1036.2954548097134 1036.996125592975 1035.7091071539655 1038.5562505305406 1036.423643366103 -1.0 1036.952129520579 -1.0 2
45 1.0 nan 0.5 1.0 1.0 1039.9944245963925 1039.9954578374866 1040.2771660222513 1039.2317593474825 1041.8277936199554 1040.131445697619 -1.0 1040.131445697619 -1.0 1
46 0.25 nan 0.5 1.0 1.0 1044.0725605342643 1044.0734271235692 1044.3715338444088 1042.5067003212675 1045.927857013016 1044.2347793860451 -1.0 1044.2347793860451 -1.0 1
47 nan 0.0 0.5 1.0 -1.0 1047.3742657854239 1047.3750657140129 1053.7040340495835 1046.6140669829965 1056.2610996019387 1049.8690430724141 -1.0 1053.5402486709827 -1.0 3
48 nan 1.0 0.5 -1.0 1.0 1057.6727797529077 1057.6737130029283 1058.094742083613 1056.988307523574 1059.6442365590908 1057.9153580975265 1.0 1057.9153580975265 1.0 1
49 0.0625 nan 0.5 1.0 1.0 1060.92438947618 1060.9253560565585 1061.432977407004 1060.3400416419045 1062.9894898556386 1061.2069309198916 -1.0 1061.2069309198916 -1.0 1
50 0.125 nan 0.5 1.0 1.0 1064.494404108238 1064.4953373582587 1064.8678374378767 1063.7760015745869 1066.4277591340888 1064.6783210229958 -1.0 1064.6783210229958 -1.0 1
51 0.0625 nan 0.5 1.0 1.0 1067.605959667717 1067.6069929088112 1069.9536167550445 1067.1025712727214 1071.5110117675324 1069.7114383747203 -1.0 1069.7114383747203 -1.0 1
52 0.125 nan 0.5 1.0 1.0 1072.7239027802348 1072.7250026820448 1073.144831869846 1072.2044158223853 1074.7068549533615 1072.9345506420088 -1.0 1072.9345506420088 -1.0 1
53 nan 0.25 0.5 1.0 -1.0 1075.910951600302 1075.9119515110383 1077.620632307532 1075.3965641872076 1080.177536127452 1077.4253830710968 -1.0 1077.4253830710968 -1.0 1
54 0.125 nan 0.5 1.0 1.0 1081.3733639614645 1081.374263881127 1082.4253700470927 1080.8491440927967 1083.9888956717664 1081.8163910783471 -1.0 1082.1659932021046 -1.0 3
55 nan 0.0625 0.5 1.0 -1.0 1085.2608502522878 1085.26191682374 1087.0745883368056 1084.6564042122134 1089.6276880995197 1085.4864634447479 1.0 1086.9536991287907 -1.0 3
56 0.125 nan 0.5 1.0 1.0 1090.8731159024592 1090.8742491346268 1092.2321279144799 1090.330497676244 1093.7777423588757 1091.1069950236724 -1.0 1092.1103387868022 -1.0 3
57 0.25 nan 0.5 1.0 1.0 1095.5398326300567 1095.5408992015086 1095.9381970673862 1094.5933504574625 1097.5066145799087 1095.7489806257263 -1.0 1095.7489806257263 -1.0 1
58 0.125 nan 0.5 1.0 1.0 1098.8607694977104 1098.8618693995202 1099.5177441817966 1098.2101275816203 1101.060869772537 1099.050285912591 -1.0 1099.4129535366358 -1.0 2
59 nan 0.0625 0.5 1.0 -1.0 1102.506210729641 1102.5071773100194 1104.0738374516052 1101.7475784540338 1106.6386408311512 1103.1613189136863 -1.0 1104.0648715853367 -1.0 3
60 1.0 nan 0.5 1.0 1.0 1107.9941541449361 1107.9951540556724 1108.4917763880192 1107.3227474158896 1110.0441999453437 1108.0209184223102 1.0 1108.0209184223102 1.0 1
61 0.0625 nan 0.5 1.0 1.0 1111.3556207277663 1111.356553977787 1112.1031206638431 1110.713611374366 1113.6608468359966 1111.9921305721173 -1.0 1111.9921305721173 -1.0 1
62 nan 0.0 0.5 -1.0 1.0 1115.0897207116461 1115.0907872830983 1115.9884738117623 1114.3551529544254 1117.5553977669415 1115.3600965747332 -1.0 1115.6324722592929 1.0 2
63 1.0 nan 0.5 1.0 1.0 1118.9941054939127 1118.9951387350068 1119.287712616439 1118.2519050847382 1120.8564568838974 1119.1573909171452 -1.0 1119.1573909171452 -1.0 1
64 0.0625 nan 0.5 -1.0 -1.0 1122.0774302402708 1122.078463481365 1123.8037761264388 1121.6254705874774 1126.3440427500793 1123.4870377355467 1.0 1123.4870377355467 1.0 1
65 0.0625 nan 0.5 -1.0 -1.0 1127.672030800768 1127.67309737222 1128.2720772336029 1127.0557524836477 1130.8273848370898 1127.8073187233852 -1.0 1127.9993015847488 1.0 2
66 nan 0.0625 0.5 1.0 -1.0 1132.1227334789737 1132.12373338971 1134.0777256201684 1131.506588483285 1136.6571711725041 1133.9061409378246 -1.0 1133.9061409378246 -1.0 1
67 nan 0.25 0.5 -1.0 1.0 1138.794037920285 1138.7950378310213 1139.1741039911408 1137.5323838836189 1140.7396278608014 1139.0029526034493 1.0 1139.0029526034493 1.0 1
68 nan 0.25 0.5 -1.0 1.0 1142.077311483539 1142.0783780549912 1143.2104769905945 1141.4380352194846 1144.760599362364 1142.3130237744356 1.0 1143.1665142485567 1.0 2
69 0.125 nan 0.5 -1.0 -1.0 1146.0219593381191 1146.0230259095713 1151.0316787786148 1145.4513102809306 1153.5940137820485 1146.175578957568 1.0 1150.987149420493 1.0 2
70 nan 0.125 0.5 -1.0 1.0 1154.9729269366917 1154.9740601688595 1155.3709580704424 1154.2878214305583 1156.9272784686154 1155.1569105121653 1.0 1155.1569105121653 1.0 1
71 nan 0.25 0.5 -1.0 1.0 1158.1557761316665 1158.1566427209714 1158.8844110851855 1157.6264900486017 1160.444026695187 1158.2957303043863 1.0 1158.8193835569703 1.0 2
72 nan 0.25 0.5 -1.0 1.0 1162.323804044729 1162.3246373036761 1162.6966707582837 1161.2365344404684 1164.272691203307 1162.5201865133322 1.0 1162.5201865133322 1.0 1
73 0.25 nan 0.5 1.0 1.0 1167.7105564935139 1167.7116230649658 1168.3725307312816 1164.9641016742046 1169.9271584483913 1167.937269587784 1.0 1167.937269587784 1.0 1
74 nan 0.125 0.5 -1.0 1.0 1171.1560489085487 1171.1569154978533 1171.9187808181744 1170.6133640216178 1173.4883046341051 1171.4505226203798 1.0 1171.6842350898037 1.0 2
75 0.25 nan 0.5 1.0 1.0 1174.7437286302809 1174.7445952195856 1175.320943767971 1174.1738128409656 1176.8881645348645 1174.8955484104042 1.0 1175.1062962632518 -1.0 2
76 nan 0.125 0.5 -1.0 1.0 1178.2603146986644 1178.2612479486847 1179.0044815989534 1177.5797754515597 1180.5728071123835 1178.798233344419 1.0 1178.798233344419 1.0 1
77 nan 1.0 0.5 -1.0 1.0 1181.793732597775 1181.7948991603007 1183.0858505815393 1181.266612987972 1184.6568654145108 1181.989115155642 1.0 1181.989115155642 1.0 1
78 0.125 nan 0.5 1.0 1.0 1186.3103293935008 1186.3111959828057 1187.1295229293678 1185.4252750704716 1188.693741574766 1186.4316185658101 1.0 1186.6833627588449 -1.0 2
79 nan 1.0 0.5 -1.0 1.0 1189.9061417225546 1189.9071749636487 1190.4147629837366 1189.4005535239394 1191.9889799339355 1190.16791835331 1.0 1190.16791835331 1.0 1
80 0.25 nan 0.5 1.0 1.0 1193.3937970403022 1193.3948302813963 1193.9604131241877 1192.7675862765348 1195.510434616686 1193.6212434024453 -1.0 1193.6212434024453 -1.0 1
81 nan 0.0625 0.5 1.0 -1.0 1196.7224665509827 1196.7235664527927 1200.0781669819007 1196.2188448434822 1202.6378326929264 1199.919981103423 -1.0 1199.919981103423 -1.0 1
82 nan 1.0 0.5 -1.0 1.0 1204.0603448194488 1204.0614780516164 1204.4993722933864 1203.3631403934064 1206.0604936325742 1204.258560457735 1.0 1204.258560457735 1.0 1
83 nan 1.0 0.5 -1.0 1.0 1207.3877144461724 1207.3887810176243 1207.7681138206067 1206.7498047267907 1209.338439557187 1207.541567378126 1.0 1207.541567378126 1.0 1
84 0.125 nan 0.5 1.0 1.0 1210.576996400217 1210.5781296323848 1211.707362157211 1210.0192461915265 1213.2722878351474 1210.721716814113 1.0 1211.4623840268252 -1.0 2
85 nan 0.0625 0.5 1.0 -1.0 1214.5104119241932 1214.5114451652873 1217.4640815784153 1213.9518951172713 1220.0386090162965 1217.298229717626 -1.0 1217.298229717626 -1.0 1
86 0.125 nan 0.5 1.0 1.0 1221.2936397072508 1221.2947396090608 1222.20552496837 1220.7626204455764 1223.772651123305 1222.0432061255158 -1.0 1222.0432061255158 -1.0 1
87 1.0 nan 0.5 1.0 1.0 1224.9435805374947 1224.9447471000203 1225.2712846161278 1224.4738558039535 1226.8377954740868 1225.113965326955 -1.0 1225.113965326955 -1.0 1
88 nan 0.25 0.5 -1.0 1.0 1228.126863027122 1228.1277296164267 1229.405348894515 1227.632707141258 1230.9602696450702 1228.3392440675054 -1.0 1229.3634859650233 1.0 5
89 0.0625 nan 0.5 -1.0 -1.0 1232.4230461662162 1232.4240460769524 1234.6580133135662 1231.6541814707414 1237.2214477702696 1232.597263946832 1.0 1234.5268250249678 1.0 2
90 0.25 nan 0.2 1.0 1.0 1238.5601316314971 1238.5610315511597 1240.0227010654373 1237.934654135603 1241.5769225658887 1239.3130310855495 -1.0 1239.8356177666815 1.0 2
91 nan 0.0625 0.2 1.0 -1.0 1242.7554571076598 1242.7563236969645 1246.9550155392726 1242.286432311634 1249.5209150506096 1246.7285357575076 -1.0 1246.7285357575076 -1.0 1
92 nan 0.0 0.2 -1.0 1.0 1250.976756511619 1250.977623100924 1251.4633464062454 1250.2520212099714 1253.0101667226763 1251.1806049803863 1.0 1251.1806049803863 1.0 1
93 nan 1.0 0.2 -1.0 1.0 1254.254963860476 1254.2559637712122 1254.6986909148743 1253.732977125786 1256.2727105658503 1254.5413049649856 1.0 1254.5413049649856 1.0 1
94 nan 1.0 0.2 -1.0 1.0 1257.5434036292008 1257.5442702185057 1258.3841619066136 1256.9995188493865 1259.943480285016 1257.718121365185 1.0 1257.718121365185 1.0 1
95 nan 0.0625 0.2 -1.0 1.0 1261.3887936780275 1261.389926910195 1262.2355180894997 1260.6424936348344 1263.793334888813 1261.5731772177953 1.0 1261.9702084408098 1.0 2
96 nan 0.125 0.2 -1.0 1.0 1265.2880122548231 1265.2889121744856 1266.0050815741592 1264.5720428372967 1267.5601764238754 1265.4821282590906 1.0 1265.8024663286333 1.0 2
97 nan 1.0 0.2 -1.0 1.0 1268.8064314928897 1268.8075647250575 1269.067608177203 1268.234482551744 1270.6385286611803 1268.7725345189301 1.0 1268.9745498180143 1.0 2
98 nan 1.0 0.2 -1.0 1.0 1271.8766907389606 1271.8775573282655 1272.2251596305503 1271.3291396197799 1273.789181501541 1272.0316435727245 1.0 1272.0316435727245 1.0 1
99 nan 0.25 0.2 -1.0 1.0 1275.1599976325726 1275.1608975522354 1275.9227962029142 1274.4891908499678 1277.4768233804987 1275.7796756461962 1.0 1275.7796756461962 1.0 1
100 nan 0.0 0.2 -1.0 1.0 1278.8210041416312 1278.821870730936 1282.0199852298178 1278.1746285113493 1283.5766120968062 1281.8481005742533 1.0 1281.8481005742533 1.0 1
101 nan 1.0 0.2 -1.0 1.0 1284.9715550714939 1284.9725216518723 1285.2056341748544 1284.2641182255836 1286.7719562156442 1285.0838783775346 1.0 1285.0838783775346 1.0 1
102 nan 0.125 0.2 -1.0 1.0 1290.1765237484249 1290.177556989519 1290.685911607838 1287.47126525145 1292.2551621521218 1290.2975796082292 1.0 1290.6454152230192 1.0 2
103 nan 0.125 0.2 -1.0 1.0 1293.6765446289442 1293.6775112093226 1294.5305683887914 1292.9689744616026 1296.07661665791 1293.8402633468293 1.0 1294.425844404346 1.0 2
104 nan 0.0 0.2 -1.0 1.0 1297.3873466926689 1297.3884799248367 1298.114048485431 1296.8826250833583 1299.6714726090934 1297.6869866099707 1.0 1298.0437214303136 1.0 2
105 nan 0.25 0.2 -1.0 1.0 1301.0765173541324 1301.077450604153 1301.5977708209493 1300.3549817668409 1303.155701201341 1301.1700423383313 1.0 1301.1700423383313 1.0 1
106 0.0625 nan 0.2 -1.0 -1.0 1304.5599063860718 1304.5607729753765 1305.7091037952655 1303.8455034953656 1308.2712958971606 1304.8328486867151 1.0 1305.287908062791 1.0 3
107 nan 1.0 0.2 -1.0 1.0 1309.5264296827606 1309.5277628970757 1309.9270939147834 1309.0112090107193 1311.4870234906932 1309.711746472549 1.0 1309.711746472549 1.0 1
108 nan 0.0625 0.2 -1.0 1.0 1312.8098698978042 1312.810736487109 1313.734154052053 1312.1921250449373 1315.2931767503478 1313.5592696642796 1.0 1313.5592696642796 1.0 1
109 1.0 nan 0.2 1.0 1.0 1317.1214849925948 1317.1224182426154 1317.5549129664096 1315.9907859320222 1319.1224369515892 1317.2955027910634 1.0 1317.3822283822558 -1.0 2
110 nan 0.25 0.2 -1.0 1.0 1321.726440567049 1321.7273738170695 1322.378682340317 1319.8030456051204 1323.9265081317312 1321.9723186170975 1.0 1322.2797578381421 1.0 2
111 nan 0.125 0.2 -1.0 1.0 1325.1899313753365 1325.1910312771465 1325.6967527971933 1324.6034170677992 1327.2597480836637 1325.1710330624212 1.0 1325.52986769531 1.0 2
112 nan 1.0 0.2 -1.0 1.0 1328.420609633863 1328.421676205315 1328.8448717592619 1327.9277536319562 1330.4047108546167 1328.5560975386275 1.0 1328.5560975386275 1.0 1
113 nan 0.25 0.2 -1.0 1.0 1331.7930419044344 1331.7940751455285 1332.4350512578346 1331.2053277040134 1333.9931498606702 1331.944795023842 1.0 1332.4122866234056 1.0 2
114 nan 0.25 0.2 -1.0 1.0 1335.1703070768976 1335.171340317992 1335.453181824188 1334.6698517533953 1337.022203347973 1335.1279441920378 1.0 1335.1279441920378 1.0 1
115 nan 0.0 0.2 -1.0 1.0 1338.1596735444045 1338.160640124783 1339.9796444058452 1337.6904154358738 1341.5372713500647 1338.3290250927707 1.0 1339.9558465303219 1.0 5
116 nan 1.0 0.2 -1.0 1.0 1342.8428554687928 1342.8436553973818 1343.197290494442 1342.2199777408132 1344.7431184572108 1342.9975416596935 1.0 1342.9975416596935 1.0 1
117 nan 0.25 0.2 -1.0 1.0 1346.0714005844152 1346.0723005040777 1346.570656015034 1345.4062266322912 1348.1223538290953 1346.1967227300274 1.0 1346.1967227300274 1.0 1
118 nan 0.0625 0.2 -1.0 1.0 1350.509504387344 1350.5106042891537 1350.8181101709142 1348.7886580102254 1352.371430362181 1350.4564424576058 1.0 1350.4564424576058 1.0 1
119 nan 0.125 0.2 -1.0 1.0 1353.5263017393822 1353.5272683197607 1354.3620604631137 1353.0644429702998 1355.9206861055836 1353.7336165653687 1.0 1354.222572915404 1.0 2
120 0.0 nan 0.2 -1.0 -1.0 1358.5428539032425 1358.5439204746945 1359.0155783689925 1356.5988941105047 1361.5594478343332 1358.711005558725 1.0 1358.711005558725 1.0 1
121 nan 0.0 0.2 -1.0 1.0 1363.0220873677897 1363.0232539303154 1363.3762890809342 1362.2726542709563 1364.9430005461436 1363.195438559101 1.0 1363.195438559101 1.0 1
122 nan 1.0 0.2 -1.0 1.0 1366.3048609756759 1366.30589421677 1366.8183484691076 1365.7338119541928 1368.376369847202 1366.6738946980747 1.0 1366.6738946980747 1.0 1
123 0.0625 nan 0.8 -1.0 -1.0 1369.7873500879525 1369.7882166772572 1370.1265531400527 1369.0543821879096 1372.7041219663574 1369.9406030734647 1.0 1369.9406030734647 1.0 1
124 0.25 nan 0.8 1.0 1.0 1377.2760148954478 1377.2768481543947 1382.0587545988103 1373.40412721211 1383.6261756670785 1381.4099125220457 1.0 1381.7639142530427 -1.0 2
125 0.0 nan 0.8 -1.0 -1.0 1387.072207039388 1387.0731402894087 1389.1344896025846 1384.3340848095477 1391.6927912374724 1388.6430334757085 -1.0 1388.8857784721167 1.0 2
126 0.125 nan 0.8 1.0 1.0 1394.7060255554318 1394.7071254572415 1399.5272284917828 1392.3875991919613 1401.1053491643775 1399.3767419259746 -1.0 1399.3767419259746 -1.0 1
127 nan 0.0 0.8 1.0 -1.0 1402.2760164361434 1402.2770830075956 1410.766058515654 1401.7903597915379 1413.326023562721 1410.6217047356947 -1.0 1410.6217047356947 -1.0 1
128 0.0625 nan 0.8 1.0 1.0 1414.7698010947477 1414.771034317989 1415.264956891348 1414.052331811117 1416.8377737830467 1414.9781491618282 -1.0 1414.9781491618282 -1.0 1
129 0.0625 nan 0.8 1.0 1.0 1418.2590896000308 1418.2600228500514 1423.619277753589 1417.5811834511987 1425.1873973440406 1423.3670336051862 -1.0 1423.3670336051862 -1.0 1
130 0.25 nan 0.8 1.0 1.0 1426.492521254257 1426.4936878167828 1428.6678270610096 1425.915006143346 1430.2385686466816 1428.4192159216154 -1.0 1428.4192159216154 -1.0 1
131 1.0 nan 0.8 1.0 1.0 1431.7425859053938 1431.743652476846 1432.0645904928301 1431.0912773821462 1433.626013477102 1431.9214366057545 -1.0 1431.9214366057545 -1.0 1
132 1.0 nan 0.8 1.0 1.0 1434.920535537761 1434.9216354395708 1435.2288413481106 1434.3265218997017 1436.803561079584 1435.0637894159104 -1.0 1435.0637894159104 -1.0 1
133 1.0 nan 0.8 1.0 1.0 1439.8426294674016 1439.8436293781378 1440.575730688876 1437.5106709786337 1442.142651948766 1439.9923827653367 -1.0 1440.5075367766624 -1.0 2
134 0.125 nan 0.8 1.0 1.0 1443.503969280039 1443.5049358604174 1443.88316876159 1442.8296628098572 1445.453692980401 1443.6619218460116 -1.0 1443.6619218460116 -1.0 1
135 nan 0.0625 0.8 1.0 -1.0 1446.675819456915 1446.6769193587247 1447.0829497783657 1446.1500997221426 1449.6534459889033 1446.8749016845059 -1.0 1446.8749016845059 -1.0 1
136 0.25 nan 0.8 1.0 1.0 1450.975835587165 1450.976902158617 1451.3245711216175 1450.3904545117953 1452.8877924709614 1451.1606524215852 -1.0 1451.1606524215852 -1.0 1
137 1.0 nan 0.8 1.0 1.0 1455.5758249382955 1455.5768915097476 1455.8579330873547 1453.6030010556374 1457.4209542188157 1455.7130460216695 -1.0 1455.7130460216695 -1.0 1
138 0.125 nan 0.8 1.0 1.0 1458.9257925476588 1458.9268924494686 1459.3143911901307 1458.1384628339208 1460.8873087651834 1459.1251747484707 -1.0 1459.1251747484707 -1.0 1
139 0.25 nan 0.8 1.0 1.0 1463.092320594617 1463.0932205142794 1463.380661520599 1461.6101195798879 1464.9541827538658 1463.1913784182232 -1.0 1463.1913784182232 -1.0 1
140 0.25 nan 0.8 1.0 1.0 1466.2258075295779 1466.22687410103 1466.6903993880062 1465.6367934451998 1468.2425164185381 1466.4378219360249 -1.0 1466.4378219360249 -1.0 1
141 1.0 nan 0.8 1.0 1.0 1469.6379029260213 1469.6388695063997 1470.016935755783 1469.051621930989 1471.5881599127554 1469.8447177966395 -1.0 1469.8447177966395 -1.0 1
142 0.25 nan 0.8 1.0 1.0 1472.8257183443197 1472.8268515764873 1473.407999696407 1472.2709678678377 1474.9591178796695 1473.0211342325445 -1.0 1473.294609818914 -1.0 3
143 nan 0.125 0.8 1.0 -1.0 1476.3218062426097 1476.3228394837038 1479.3015069063326 1475.693528996654 1481.8590381479708 1479.110590616421 -1.0 1479.110590616421 -1.0 1
144 0.0 nan 0.8 1.0 1.0 1483.2375555285807 1483.2384887786013 1490.0950433489854 1482.5695484960374 1491.654964286511 1485.0172633177076 -1.0 1489.9181258093815 1.0 3
145 nan 0.25 0.8 -1.0 1.0 1493.1090076206044 1493.1101075224142 1496.786346005022 1492.3832724082206 1498.342168510485 1496.0116818272768 -1.0 1496.4880726323931 1.0 3
146 0.25 nan 0.8 1.0 1.0 1499.7197508016557 1499.720750712392 1500.0646866753104 1499.0352785723219 1501.6383110253796 1499.9106004308514 -1.0 1499.9106004308514 -1.0 1
147 0.125 nan 0.8 1.0 1.0 1503.0588860447094 1503.059752634014 1503.7378587649937 1502.3339174305565 1505.3045781231012 1503.3649587210812 -1.0 1503.3649587210812 -1.0 1
148 0.125 nan 0.8 1.0 1.0 1506.458849190886 1506.4597491105487 1507.0139996316625 1505.9934907342265 1508.575522885944 1506.6092357656207 -1.0 1506.90154300419 -1.0 2
149 0.0625 nan 0.8 1.0 1.0 1510.8548900821756 1510.8557233411227 1511.5715594372173 1509.2927295389031 1513.1384835216725 1511.1981927682946 -1.0 1511.3823096651995 -1.0 2
150 0.0625 nan 0.8 1.0 1.0 1514.5255290646603 1514.5263623236071 1515.0256177542262 1513.8327909065733 1516.5755302523107 1514.6333194420301 -1.0 1514.9745223156028 -1.0 2
151 1.0 nan 0.8 1.0 1.0 1517.9204593267978 1517.921692550039 1518.1269408938372 1517.396539431351 1519.6871672546706 1518.0029186321822 -1.0 1518.0029186321822 -1.0 1
152 0.125 nan 0.8 1.0 1.0 1521.0087502964795 1521.0096835465 1522.0287259081892 1520.3802730683767 1523.575343741204 1521.227597426291 -1.0 1521.9825966928895 -1.0 2
153 1.0 nan 0.8 1.0 1.0 1524.9877617500294 1524.988661669692 1525.330364498633 1524.292457154386 1526.8754911076362 1525.178911352446 -1.0 1525.178911352446 -1.0 1
154 0.0625 nan 0.8 -1.0 -1.0 1528.3051322693902 1528.305998858695 1529.4262988476105 1527.5620986012689 1531.9754659156897 1528.8062208696924 -1.0 1529.2025188248335 1.0 2
155 0.25 nan 0.8 1.0 1.0 1533.338149630041 1533.3389828889879 1534.0092897162247 1532.675675436905 1535.5722138339106 1533.4867030350927 -1.0 1533.9631605009247 -1.0 2
156 1.0 nan 0.8 1.0 1.0 1536.7754427770383 1536.7762760359853 1537.0426189257694 1536.2640217657947 1538.5919462653965 1536.8883993598788 -1.0 1536.8883993598788 -1.0 1
157 0.125 nan 0.8 1.0 1.0 1539.8201709689765 1539.8212708707865 1540.1221773416876 1539.2831522428846 1541.6863960423493 1539.9845229636614 -1.0 1539.9845229636614 -1.0 1
158 nan 0.0625 0.8 1.0 -1.0 1544.4752554016757 1544.476255312412 1547.7519295540703 1542.4054068472415 1550.3086254684836 1547.5647795945988 -1.0 1547.5647795945988 -1.0 1
159 0.125 nan 0.8 1.0 1.0 1553.0372577238397 1553.0382243042181 1553.3662616864299 1551.0569345106594 1554.9369014509807 1553.1378487439083 -1.0 1553.1378487439083 -1.0 1
160 1.0 nan 0.8 1.0 1.0 1556.3753597257992 1556.3762263151038 1560.3910679033702 1555.773513453639 1561.953605006377 1560.2373816232057 -1.0 1560.2373816232057 -1.0 1
161 nan 0.125 0.8 -1.0 1.0 1563.4418955507997 1563.4428621311781 1566.1061577075877 1562.8313167248762 1567.6714836076733 1565.9360395609904 1.0 1565.9360395609904 1.0 1
162 0.125 nan 0.8 1.0 1.0 1568.841913482019 1568.8428467320393 1569.516119961127 1568.3488908283227 1571.0878405011752 1569.3120381798547 -1.0 1569.3120381798547 -1.0 1
163 0.0 nan 0.8 1.0 1.0 1572.4584906240293 1572.4595238651234 1576.2726167971684 1571.7860506538884 1577.8252390611415 1575.9997411572406 -1.0 1575.9997411572406 -1.0 1
164 0.125 nan 0.8 1.0 1.0 1579.3363766234536 1579.3374765252636 1579.9486552976289 1578.544147347108 1581.5086808378355 1579.5738554233176 -1.0 1579.8921936713875 -1.0 2
165 0.25 nan 0.8 1.0 1.0 1585.5214578040755 1585.5224577148117 1585.9151559913023 1582.2046872311562 1587.4584789122978 1585.7310724247552 -1.0 1585.7310724247552 -1.0 1
166 0.125 nan 0.8 1.0 1.0 1588.6864752575868 1588.687441837965 1597.0207979051024 1588.1590890049208 1598.5864461196704 1596.6969934783406 -1.0 1596.6969934783406 -1.0 1
167 nan 0.125 0.8 -1.0 1.0 1602.2750955116894 1602.2760620920678 1606.8794511397016 1599.361155644055 1608.4526957902217 1606.377995905463 1.0 1606.6835019657508 1.0 2
168 0.25 nan 0.8 1.0 1.0 1610.675045633862 1610.6760455445983 1617.3126197530032 1609.2535058704666 1618.887933912322 1616.9624510131619 -1.0 1616.9624510131619 -1.0 1
169 0.0 nan 0.8 -1.0 -1.0 1620.7416136408895 1620.7426802123416 1626.041640498482 1619.6740422781334 1628.6209704958974 1625.7770307873072 1.0 1625.7770307873072 1.0 1
170 0.0 nan 0.8 1.0 1.0 1629.9248605034973 1629.9256271017284 1630.57530243744 1629.3471787407968 1632.14173697666 1630.280562082746 -1.0 1630.280562082746 -1.0 1
171 nan 0.125 0.8 -1.0 1.0 1633.703456515141 1633.704289774088 1634.1615489537835 1633.0156512500196 1635.7365747705144 1634.0225946918001 1.0 1634.0225946918001 1.0 1
172 0.0625 nan 0.8 -1.0 -1.0 1637.0081281681512 1637.0089614270983 1638.4625983251278 1636.4456783790001 1641.0368620247805 1637.9649427516867 1.0 1638.4182689491531 1.0 2
173 nan 0.125 0.8 -1.0 1.0 1643.3747264777637 1643.3755930670684 1643.8082877730099 1641.7295733433807 1645.3862129484796 1643.5470110976228 1.0 1643.5470110976228 1.0 1
174 0.125 nan 0.8 -1.0 -1.0 1646.591472646698 1646.5925725485079 1648.3849125432696 1646.0703191709547 1650.95230991399 1648.091072108238 1.0 1648.091072108238 1.0 1
175 1.0 nan 0.8 1.0 1.0 1652.1415105187154 1652.1425770901674 1652.9296401610425 1651.643721623843 1654.504058435833 1652.369923461237 1.0 1652.6788625483862 -1.0 2
176 nan 0.0 0.8 1.0 -1.0 1655.8914090922283 1655.8925423243961 1661.4802101704552 1655.2556658461085 1664.0414095757683 1661.149273047108 -1.0 1661.149273047108 -1.0 1
177 nan 1.0 0.8 -1.0 1.0 1665.4702206421039 1665.4711872224823 1666.1275286297691 1664.7430188939736 1667.7040524967817 1665.8787175082275 1.0 1665.8787175082275 1.0 1
178 1.0 nan 0.8 1.0 1.0 1669.024703327392 1669.0258365595598 1675.924953996951 1668.424156939189 1677.5030019388882 1675.661010892934 -1.0 1675.661010892934 -1.0 1
179 1.0 nan 0.8 1.0 1.0 1679.241191284144 1679.2421245341645 1679.565728978779 1678.2633119144311 1681.1370511562486 1679.3913445463738 -1.0 1679.3913445463738 -1.0 1
180 0.0 nan 0.8 1.0 1.0 1682.4579707834362 1682.459104015604 1683.044685073121 1681.849958395069 1684.6190039648134 1682.6027578580479 -1.0 1682.9643922409984 -1.0 2
181 0.0625 nan 0.8 1.0 1.0 1686.0245857189911 1686.025418977938 1686.7885175215004 1685.341813337909 1688.352557434054 1686.4090180667285 -1.0 1686.4090180667285 -1.0 1
182 0.0625 nan 0.8 1.0 1.0 1689.891307196858 1689.892407098668 1690.6709709282845 1689.2157675034348 1692.224499641704 1690.2612075085617 -1.0 1690.6187422574935 -1.0 2
183 0.0625 nan 0.8 1.0 1.0 1693.569612161654 1693.5707453938217 1694.0107394481379 1692.9087044953383 1695.574657453682 1693.8203897743101 -1.0 1693.8203897743101 -1.0 1
184 nan 1.0 0.8 -1.0 1.0 1696.9371115392598 1696.9380781196382 1697.3753724149665 1696.2916691589983 1698.9413984383596 1697.1660910978653 1.0 1697.1660910978653 1.0 1
185 1.0 nan 0.8 1.0 1.0 1700.3539065161638 1700.3547064447528 1700.7841347756223 1699.6395036254576 1702.3526536387117 1700.5501889936932 -1.0 1700.5501889936932 -1.0 1
186 0.0625 nan 0.8 1.0 1.0 1703.7413041174211 1703.7423706888733 1710.671085484058 1703.0579651202552 1712.2376070377857 1710.5278649362665 -1.0 1710.5278649362665 -1.0 1
187 0.0625 nan 0.8 -1.0 -1.0 1713.3911759902876 1713.3920425795925 1714.5060098005115 1712.934716739181 1717.070878679043 1714.0971129700933 1.0 1714.401085833919 1.0 2
188 0.25 nan 0.8 1.0 1.0 1720.1411067458275 1720.1419733351324 1720.7451194912496 1717.7517867111555 1722.3193419104002 1720.3687530901182 -1.0 1720.3687530901182 -1.0 1
189 1.0 nan 0.8 1.0 1.0 1723.491074355191 1723.4919742748534 1727.7188302695665 1723.0266491485518 1729.285250861837 1727.4567869959483 -1.0 1727.4567869959483 -1.0 1
190 nan 1.0 0.8 -1.0 1.0 1730.5078479558829 1730.508614554114 1730.8588832850292 1729.9961603017764 1732.4246034341002 1730.6872652723275 1.0 1730.6872652723275 1.0 1
191 0.25 nan 0.8 1.0 1.0 1733.7534582147375 1733.7542914736846 1734.766634433441 1733.134613460061 1736.3242593535565 1734.1589553486524 -1.0 1734.4557955158928 -1.0 2
192 1.0 nan 0.8 1.0 1.0 1737.554385566158 1737.5552521554628 1737.9367847620651 1737.016866884698 1739.5030070986543 1737.7095050517112 -1.0 1737.7095050517112 -1.0 1
193 nan 0.0 0.8 1.0 -1.0 1740.7077707247709 1740.7085706533599 1743.3295700056253 1740.202315847587 1745.9032906127043 1743.0963574915695 -1.0 1743.0963574915695 -1.0 1
194 nan 1.0 0.8 -1.0 1.0 1747.3244133791661 1747.325546611334 1747.675515369028 1746.7262001160145 1749.235540805436 1747.5060304992305 1.0 1747.5060304992305 1.0 1
195 0.125 nan 0.8 -1.0 -1.0 1750.641017300296 1750.6418838896006 1753.1608590164087 1749.9076494359585 1755.7363280511436 1752.9090814930164 1.0 1752.9090814930164 1.0 1
196 0.25 nan 0.8 1.0 1.0 1757.0241807977725 1757.0251807085087 1757.4051467882907 1756.41703499871 1758.9704968926724 1757.221529846754 -1.0 1757.221529846754 -1.0 1
197 1.0 nan 0.8 1.0 1.0 1760.257692136718 1760.2585253956652 1760.7274168702593 1759.6697112934344 1762.2861399536437 1760.4295434619248 -1.0 1760.4295434619248 -1.0 1
198 0.25 nan 0.8 1.0 1.0 1763.5074686903074 1763.5085019314015 1769.1589308413402 1763.0110463401077 1770.707557269936 1768.962315060232 -1.0 1768.962315060232 -1.0 1
199 0.0625 nan 0.8 -1.0 -1.0 1771.969613260276 1771.9704798495807 1774.4724564938722 1771.3898650153874 1777.0369560667227 1774.2111464881275 1.0 1774.2111464881275 1.0 1
200 0.0625 nan 0.8 1.0 1.0 1778.2074897277726 1778.2087896117298 1778.6338849960755 1777.7270659493533 1780.204407308007 1778.3426776593162 -1.0 1778.3426776593162 -1.0 1
201 0.125 nan 0.8 1.0 1.0 1781.4408010845711 1781.4417676649496 1782.0106168828129 1780.8942165457688 1783.5858405762817 1781.682879473822 -1.0 1781.682879473822 -1.0 1
202 1.0 nan 0.8 1.0 1.0 1785.0407797083594 1785.0417462887378 1785.5434681658396 1784.3145445406074 1787.104988844863 1785.2065649084327 -1.0 1785.2065649084327 -1.0 1
203 0.125 nan 0.8 -1.0 -1.0 1788.4241443363142 1788.4250775863345 1788.6864209224373 1787.8255977695835 1791.2408540182114 1788.5430003924985 1.0 1788.5430003924985 1.0 1
204 0.125 nan 0.8 1.0 1.0 1793.9524841453544 1793.9533840650172 1794.471704460341 1791.946463226252 1796.036240659365 1794.1094034702328 -1.0 1794.1094034702328 -1.0 1
205 0.25 nan 0.8 1.0 1.0 1797.5240653042326 1797.525065214969 1798.203871283464 1796.897754549392 1799.7699972533903 1797.7209143978462 -1.0 1797.9619262156448 -1.0 2
206 1.0 nan 0.8 1.0 1.0 1801.157307625181 1801.1583741966328 1801.560604955476 1800.4327056449647 1803.0908337072776 1801.3119938160817 -1.0 1801.3119938160817 -1.0 1
207 1.0 nan 0.8 1.0 1.0 1807.3858515924724 1807.3866848514192 1809.645316552861 1803.794438870658 1811.174041690756 1809.429535815974 -1.0 1809.429535815974 -1.0 1
208 0.0625 nan 0.8 -1.0 -1.0 1812.4362340695764 1812.4373339713861 1815.1546580579122 1811.880550343074 1817.7073579318733 1814.6695680293903 1.0 1814.9882062506813 1.0 3
209 nan 0.25 0.2 1.0 -1.0 1819.0712084208033 1819.072308322613 1843.2198859606399 1818.3975685577789 1845.8031567630337 1821.6320464771031 1.0 1842.9704415622987 -1.0 3
210 nan 0.25 0.2 -1.0 1.0 1849.7072734871933 1849.708206737214 1862.4238049274802 1846.7762684763268 1864.0027158928056 1862.238688119839 1.0 1862.238688119839 1.0 1
211 nan 0.0625 0.2 -1.0 1.0 1868.8403654435483 1868.8411320417795 1900.8168775126223 1864.8085253727654 1902.3845137623343 1893.844099984326 -1.0 1900.6074962044477 1.0 5
212 nan 0.0 0.2 -1.0 1.0 1904.2569370793235 1904.2580369811333 1904.9081456114975 1903.2662255218283 1906.4855608504936 1904.7645917601271 1.0 1904.7645917601271 1.0 1
213 nan 0.125 0.2 -1.0 1.0 1908.57348506708 1908.5743516563846 1909.1470005350457 1907.2938659675187 1910.7184128775548 1908.7687343035152 1.0 1909.0048798890641 1.0 2
214 nan 0.25 0.2 0.0 -1.0 1913.1402107210506 1913.1413106228604 1973.1430874955693 1911.5262214712814 1975.6423729562514 1926.0796889251676 1.0 1926.0796889251676 1.0 1
215 nan 0.125 0.2 -1.0 1.0 1977.0399396169557 1977.0407395455447 2021.1619341048338 1976.5399842488214 2022.7194762697025 2020.6099500480557 -1.0 2020.9483865019247 1.0 3
216 nan 0.0625 0.2 -1.0 1.0 2025.2394367659062 2025.2405699980739 2057.0583629029443 2023.5586868093121 2058.602510975935 2056.900610319119 1.0 2056.900610319119 1.0 1
217 0.125 nan 0.2 0.0 -1.0 2061.472635499992 2061.4738020625177 2121.4756455959423 2059.38722166843 2123.9748666033247 2062.247366338453 -1.0 2093.4946768379245 1.0 4
218 nan 1.0 0.2 0.0 -1.0 2125.355665886602 2125.356599136622 2185.358409339689 2124.84327829498 2187.8577022815557 nan 0.0 nan 0.0 0
219 nan 0.0 0.2 0.0 -1.0 2189.7011883190935 2189.702088238756 2249.703865111465 2188.6847123949606 2252.203163561196 2217.13900556517 1.0 2217.13900556517 1.0 1
220 0.0625 nan 0.2 1.0 1.0 2253.7051079137177 2253.7062078155277 2301.7861823011363 2252.9653739510263 2303.3500003395243 2254.364049088919 -1.0 2301.73372031784 -1.0 2
221 nan 0.0625 0.2 1.0 -1.0 2306.8382646264918 2306.839331197944 2311.9426422833544 2304.099409128778 2314.48827841313 2311.255836928969 -1.0 2311.255836928969 -1.0 1
222 nan 0.125 0.2 1.0 -1.0 2315.7494024474026 2315.7503023670656 2342.9518740365197 2315.171087407903 2345.504741810802 2339.3704937524262 1.0 2342.895912365647 -1.0 4
223 nan 0.0625 0.2 1.0 -1.0 2346.7664668346692 2346.7675334061214 2349.455526777717 2346.2053502598333 2352.0048279624734 2349.1176569399317 -1.0 2349.1176569399317 -1.0 1
224 0.125 nan 0.2 -1.0 -1.0 2353.6162553424047 2353.617188592425 2374.7867987453383 2352.7205353048553 2377.3502288720556 2374.4649608096915 1.0 2374.4649608096915 1.0 1
225 nan 0.125 0.2 -1.0 1.0 2378.521165372081 2378.5220986221016 2436.099591914727 2378.076338415873 2437.64930854657 2435.98673532296 1.0 2435.98673532296 1.0 1
226 nan 0.125 0.2 1.0 -1.0 2441.221001384464 2441.2219013041267 2468.9877892627733 2438.4231178229525 2471.537515706736 2468.698715068918 -1.0 2468.698715068918 -1.0 1
227 nan 0.125 0.2 0.0 -1.0 2472.81701408803 2472.817814016619 2532.819890862549 2472.3075262375432 2535.3189565142634 nan 0.0 nan 0.0 0
228 nan 0.125 0.2 0.0 -1.0 2536.5537908642814 2536.5548907660914 2596.5566676388003 2536.087265845096 2599.055997713022 nan 0.0 nan 0.0 0
229 1.0 nan 0.2 -1.0 -1.0 2600.548511280132 2600.549344539079 2612.341625155475 2599.8455073718196 2614.886830289648 2612.087314524884 1.0 2612.087314524884 1.0 1
230 nan 0.25 0.2 1.0 -1.0 2616.215779303148 2616.216612562095 2673.4020408550296 2615.576936333746 2675.965534054543 2636.8078743451506 -1.0 2673.321481380044 -1.0 2
231 nan 0.25 0.2 0.0 -1.0 2677.2697955739905 2677.270695493653 2737.272472366362 2676.7335434461297 2739.771765568485 2712.898248294781 -1.0 2712.898248294781 -1.0 1
232 nan 0.125 0.2 1.0 -1.0 2741.252783703869 2741.253816944963 2759.4493925949923 2740.5966756090875 2762.0147938358746 2742.682722717449 -1.0 2742.682722717449 -1.0 1
233 nan 0.25 0.2 1.0 -1.0 2763.4360367004956 2763.43706994159 2773.648691666092 2762.7143011310573 2776.2027213328624 2773.3611173383415 -1.0 2773.3611173383415 -1.0 1
234 0.25 nan 0.8 1.0 1.0 2777.514946518949 2777.516013090401 2778.412933020834 2776.9392312473633 2779.9814609176315 2778.2820113750986 -1.0 2778.2820113750986 -1.0 1
235 nan 0.0625 0.8 1.0 -1.0 2782.1358006741098 2782.1366672634144 2785.691983207649 2780.6667651507414 2788.236076693821 2785.2278579742315 -1.0 2785.2278579742315 -1.0 1
236 0.0 nan 0.8 1.0 1.0 2789.581569311019 2789.582635882471 2790.0138973830235 2789.020686048688 2791.569335853396 2789.7441547967364 -1.0 2789.7441547967364 -1.0 1
237 nan 0.125 0.8 1.0 -1.0 2792.8979399196437 2792.8989398303797 2797.10559762822 2792.4148497125943 2799.6526646505413 2796.921580722389 -1.0 2796.921580722389 -1.0 1
238 nan 0.0625 0.8 1.0 -1.0 2801.014182035579 2801.015248607031 2801.411246588951 2800.360773699785 2803.96922000876 2801.1780007445377 -1.0 2801.1780007445377 -1.0 1
239 0.0625 nan 0.8 1.0 1.0 2805.164178225031 2805.165244796483 2805.75222572903 2804.6279260971696 2807.3025563653105 2805.6140380652782 -1.0 2805.6140380652782 -1.0 1
240 1.0 nan 0.8 1.0 1.0 2809.9965468312703 2809.9975467420063 2810.6005262463345 2807.9565622774926 2812.163720075725 2810.459938796815 -1.0 2810.459938796815 -1.0 1
241 0.25 nan 0.8 1.0 1.0 2813.4191079600864 2813.4202078618964 2816.7852074626617 2812.8314270900237 2818.3461308850315 2816.6410536648496 -1.0 2816.6410536648496 -1.0 1
242 nan 0.125 0.8 -1.0 1.0 2819.552293773496 2819.5531936931584 2827.656070335586 2819.030140387016 2829.2152932992817 2827.294769256214 -1.0 2827.294769256214 -1.0 1
243 0.0 nan 0.8 -1.0 -1.0 2831.035535311669 2831.0365018920475 2831.4055022840885 2829.918301715678 2833.96414510205 2831.225618342634 1.0 2831.225618342634 1.0 1
244 0.0625 nan 0.8 -1.0 -1.0 2835.119004106801 2835.11980403539 2835.3544830851924 2834.620048649403 2837.914216561739 2835.0813741327593 1.0 2835.0813741327593 1.0 1
245 0.0 nan 0.8 1.0 1.0 2840.4189976340353 2840.4198308929826 2841.7767764228147 2838.576228807808 2843.319099387141 2840.629778817241 1.0 2841.4355068885266 -1.0 3
246 0.25 nan 0.8 1.0 1.0 2844.5807594398175 2844.581792680912 2844.931928090395 2844.0376079278763 2846.4973487973843 2844.800673141081 -1.0 2844.800673141081 -1.0 1
247 0.0625 nan 0.8 1.0 1.0 2848.18553763514 2848.1864375548025 2850.4829992035066 2847.2004589081257 2852.0354256731302 2850.2573526806887 -1.0 2850.2573526806887 -1.0 1
248 0.25 nan 0.8 1.0 1.0 2853.314346444325 2853.315446346135 2853.619052576024 2852.7088338327985 2855.1802787536644 2853.4780984925683 -1.0 2853.4780984925683 -1.0 1
249 1.0 nan 0.8 1.0 1.0 2856.318744903234 2856.3197448139704 2857.5069055007843 2855.832188338966 2859.0522345389236 2856.635516624484 -1.0 2857.497573000579 -1.0 2
250 nan 0.0625 0.8 1.0 -1.0 2860.4313111007914 2860.4324110026014 2863.253059198542 2859.7060425134177 2865.8144113602625 2862.8071656708817 -1.0 2863.199397322362 -1.0 2
251 0.125 nan 0.8 1.0 1.0 2867.3188629039996 2867.3197294933047 2867.785654566048 2866.679619970303 2869.3474770146927 2867.452051014071 -1.0 2867.452051014071 -1.0 1
252 nan 0.0625 0.8 1.0 -1.0 2870.6521653344253 2870.65303192373 2871.0536961557527 2870.0135890078864 2873.60213371129 2870.847514561934 -1.0 2870.847514561934 -1.0 1
253 0.0625 nan 0.8 1.0 1.0 2875.581191978504 2875.5824252017455 2878.7200117707253 2874.296739977051 2880.2687322933352 2878.5741581246616 -1.0 2878.5741581246616 -1.0 1
254 0.25 nan 0.8 1.0 1.0 2883.130484706975 2883.1313512962797 2883.5079843402746 2881.0020413833954 2885.080509371372 2883.306802300137 -1.0 2883.306802300137 -1.0 1
255 nan 0.25 0.8 -1.0 1.0 2886.4520215210705 2886.4529881014487 2886.7714263405924 2885.7546171128806 2888.318753031191 2886.661602811392 1.0 2886.661602811392 1.0 1
256 0.125 nan 0.8 -1.0 -1.0 2889.4978162844604 2889.4986495434077 2891.5692980264307 2889.0066601308054 2894.1354339733507 2891.4206112999477 1.0 2891.4206112999477 1.0 1
257 0.25 nan 0.8 1.0 1.0 2896.26454554037 2896.26564544218 2897.7286815011303 2894.816141508527 2899.2855058026094 2896.480226286183 1.0 2897.35354832324 1.0 4
258 0.25 nan 0.8 1.0 1.0 2900.863901614701 2900.864934855795 2901.371456304431 2899.983613532848 2902.9474778576055 2901.1566421479224 -1.0 2901.1566421479224 -1.0 1
259 nan 0.125 0.8 -1.0 1.0 2904.1353095705513 2904.1362761509295 2904.5910022234266 2903.6100897911474 2906.1646242846846 2904.4190509071464 1.0 2904.4190509071464 1.0 1
260 1.0 nan 0.8 1.0 1.0 2907.3686542577075 2907.3695875077283 2907.6822262646015 2906.8783313629992 2909.235357474834 2907.531406395214 -1.0 2907.531406395214 -1.0 1
261 0.125 nan 0.8 1.0 1.0 2910.413082476425 2910.413915735372 2913.588332349804 2909.8933622060704 2915.151855459901 2913.344520781944 -1.0 2913.344520781944 -1.0 1
262 0.25 nan 0.8 1.0 1.0 2916.5306696823486 2916.531569602011 2916.974963352831 2915.8331652830852 2918.535291988388 2916.75798272306 -1.0 2916.75798272306 -1.0 1
263 0.125 nan 0.8 1.0 1.0 2919.713352225534 2919.714218814839 2920.6869319790812 2919.2201962504064 2922.2519546383483 2920.1965757540147 -1.0 2920.588374110843 -1.0 2
264 nan 0.0 0.8 1.0 -1.0 2923.396790065443 2923.3979232976108 2926.277532896633 2922.9190660460117 2928.835138771047 2925.924931040667 -1.0 2926.251568547848 -1.0 2
265 1.0 nan 0.8 1.0 1.0 2930.0294312916185 2930.0305311934285 2930.3757670403043 2929.503844878278 2931.9352974753965 2930.147487419214 -1.0 2930.147487419214 -1.0 1
266 0.25 nan 0.8 1.0 1.0 2933.4299277235214 2933.4308609735417 2935.2696301568244 2932.847213076782 2936.8350547915984 2935.054982652105 -1.0 2935.054982652105 -1.0 1
267 0.0 nan 0.8 1.0 1.0 2938.0469488875265 2938.047848807189 2940.495830271722 2937.5500599123166 2942.0632518384837 2940.1896909346347 -1.0 2940.1896909346347 -1.0 1
268 0.125 nan 0.8 1.0 1.0 2943.2851479312594 2943.286147841996 2944.0236820010673 2942.73946331212 2945.597107121548 2943.577421839471 -1.0 2943.774270933084 -1.0 2
269 nan 0.125 0.8 1.0 -1.0 2946.735073283892 2946.7361398553435 2949.953452640362 2946.268414943275 2952.501786820418 2949.5767862660095 -1.0 2949.8603276204576 -1.0 2
270 0.0625 nan 0.8 1.0 1.0 2954.1466449736204 2954.147778205788 2954.8737134003195 2953.22489392657 2956.4472372725895 2954.6146031981943 -1.0 2954.6146031981943 -1.0 1
271 nan 0.0625 0.8 1.0 -1.0 2957.7016276142767 2957.7024275428657 2959.8487692686244 2957.1306452535096 2962.413928148149 2959.2134593171572 -1.0 2959.738179141193 -1.0 3
272 1.0 nan 0.8 1.0 1.0 2964.718334554253 2964.719401125705 2965.060070713552 2963.185038100901 2966.6299888500207 2964.89285230809 -1.0 2964.89285230809 -1.0 1
273 0.25 nan 0.8 1.0 1.0 2968.834933725114 2968.835733653703 2969.1614379108632 2967.3652982553035 2970.7309591427215 2969.0137177647584 -1.0 2969.0137177647584 -1.0 1
274 1.0 nan 0.8 1.0 1.0 2972.0016176965187 2972.0027175983287 2972.3405874361138 2971.4126702728563 2973.90161078767 2972.194800450766 -1.0 2972.194800450766 -1.0 1
275 1.0 nan 0.8 1.0 1.0 2975.0636110138366 2975.064377612068 2975.8501407989856 2974.5923197534753 2977.4141659420407 2975.2340291336545 -1.0 2975.8217766644334 -1.0 3
276 nan 0.125 0.8 1.0 -1.0 2978.6515907087896 2978.6526906105996 2983.064030136154 2978.0866744731557 2985.6183945713224 2978.93933168833 1.0 2982.5157790794583 -1.0 3
277 0.25 nan 0.8 1.0 1.0 2987.096836787315 2987.0976700462625 2987.534797689801 2986.3349048062787 2989.085027603633 2987.14603239554 1.0 2987.304384925807 -1.0 2
278 0.25 nan 0.8 1.0 1.0 2990.5139983981558 2990.5149983088922 2991.090146964394 2989.774631069401 2992.651572034973 2990.9727574439557 -1.0 2990.9727574439557 -1.0 1
279 1.0 nan 0.8 1.0 1.0 2994.112143852261 2994.1130104415656 2994.466412226121 2993.340879371019 2996.0303362221243 2994.275829239788 -1.0 2994.275829239788 -1.0 1
280 0.0625 nan 0.8 1.0 1.0 2997.1849362055304 2997.1860027769826 3000.4172809819506 2996.6843475605965 3001.968220421316 3000.153471199365 -1.0 3000.153471199365 -1.0 1
281 1.0 nan 0.8 1.0 1.0 3003.513504576807 3003.514304505396 3004.0916529645174 3002.8522302765546 3005.6632768577515 3003.6858891877396 -1.0 3004.0285585970587 -1.0 2
282 0.125 nan 0.8 1.0 1.0 3007.184743505733 3007.185643425396 3008.058598828516 3006.3517845320634 3009.631221097649 3007.882447887144 -1.0 3007.882447887144 -1.0 1
283 1.0 nan 0.8 1.0 1.0 3011.4013337502206 3011.402267000241 3011.6982739085342 3010.359326771955 3013.264092662162 3011.544021012286 -1.0 3011.544021012286 -1.0 1
284 1.0 nan 0.8 1.0 1.0 3014.5346207030343 3014.5355872834125 3014.8732238086927 3013.9453066454353 3016.4300224090166 3014.704072242474 -1.0 3014.704072242474 -1.0 1
285 0.125 nan 0.8 1.0 1.0 3017.6179787797505 3017.618912029771 3019.2467667084165 3017.1066244292224 3020.813984746226 3018.7877076893956 -1.0 3019.0619165436383 -1.0 2
286 0.25 nan 0.8 1.0 1.0 3022.1181103786857 3022.1189103072747 3022.7854174737136 3021.550994339432 3024.3464417860164 3022.316326016972 -1.0 3022.5411392808433 -1.0 2
287 1.0 nan 0.8 1.0 1.0 3025.701457153894 3025.702557055704 3026.3548654896877 3025.025550826534 3027.9126874786143 3025.9068721494814 -1.0 3026.2593740143743 -1.0 2
288 0.0625 nan 0.8 -1.0 -1.0 3029.168081015822 3029.168880944411 3034.1285381873777 3028.646094281132 3036.6970360394366 3030.2428184055216 1.0 3033.998216488084 1.0 7
289 0.0625 nan 0.8 1.0 1.0 3038.9680728205603 3038.9691727223703 3039.5982832272725 3037.389647062644 3041.164503548998 3039.389635186971 -1.0 3039.389635186971 -1.0 1
290 0.125 nan 0.8 1.0 1.0 3042.401266333539 3042.4021662532014 3042.9936134537047 3041.887712179391 3044.5632407887915 3042.663409598231 -1.0 3042.8960554962027 -1.0 2
291 0.25 nan 0.8 1.0 1.0 3045.9845797783896 3045.985479698052 3047.7156919057334 3045.2473455925383 3049.2680147794367 3047.3629233979777 -1.0 3047.3629233979777 -1.0 1
292 0.0625 nan 0.8 -1.0 -1.0 3050.529107414015 3050.5301406551093 3050.9448036374397 3049.9651244284014 3053.5130726823204 3050.732755900635 1.0 3050.732755900635 1.0 1
293 nan 1.0 0.8 -1.0 1.0 3054.6845364518003 3054.685503032179 3055.045104263299 3054.2006796465203 3056.6118266764993 3054.8735195809554 1.0 3054.8735195809554 1.0 1
294 0.125 nan 0.8 1.0 1.0 3057.8844174596497 3057.885450700744 3058.815067712253 3057.279338142776 3060.3678656307097 3058.4186031053223 -1.0 3058.703577665159 -1.0 2
295 nan 0.125 0.8 -1.0 1.0 3061.629883095565 3061.63074968487 3061.94798803113 3061.036869368242 3063.512812653233 3061.81509989428 1.0 3061.81509989428 1.0 1
296 0.125 nan 0.8 -1.0 -1.0 3064.784401486346 3064.78543472744 3065.3744154814603 3064.1831218302696 3067.9303956112335 3065.0568105012635 1.0 3065.3600500972157 1.0 2
297 1.0 nan 0.8 1.0 1.0 3069.2844664245654 3069.2853996745857 3069.67349836169 3068.794510163794 3071.228431230657 3069.5127793760134 -1.0 3069.5127793760134 -1.0 1
298 0.125 nan 0.8 1.0 1.0 3072.5176777902902 3072.5187110313846 3078.1347430119954 3071.8736352850597 3079.684358780029 3073.574116813516 1.0 3078.0972796897436 -1.0 4
299 nan 0.25 0.8 -1.0 1.0 3081.663161357425 3081.6640279467297 3087.7265867318006 3080.4487697682266 3089.2676105027185 3087.3308220623853 -1.0 3087.3308220623853 -1.0 1
300 nan 0.25 0.8 -1.0 1.0 3090.57909874987 3090.579998669533 3090.9890288213824 3089.9715196561556 3092.5465559298254 3090.726718904901 1.0 3090.94199968642 1.0 2
301 1.0 nan 0.8 1.0 1.0 3093.8677718311 3093.8686384204047 3094.4226889593715 3093.220962906166 3095.9677137928 3094.2559038485615 -1.0 3094.2559038485615 -1.0 1
302 0.0 nan 0.8 -1.0 -1.0 3097.1962080292756 3097.1973079310856 3097.6826312721123 3096.6455238564545 3100.247069242727 3097.3865577031033 -1.0 3097.5256452865183 1.0 2
303 nan 0.0 0.8 1.0 -1.0 3101.434229693877 3101.435262934971 3109.959568622378 3100.9224753790545 3112.5008409938628 3109.5775360604075 -1.0 3109.7420880372392 -1.0 2
304 0.0625 nan 0.8 1.0 1.0 3113.7122669459523 3113.7132335263304 3114.6334847072767 3113.182547568235 3116.1963031222417 3114.085000338075 1.0 3114.506396052697 -1.0 2
305 1.0 nan 0.8 1.0 1.0 3117.5010620471057 3117.5018619756947 3120.5909528739658 3116.9194139718184 3122.1509820772458 3120.367906119062 -1.0 3120.367906119062 -1.0 1
306 0.25 nan 0.8 1.0 1.0 3123.330708291342 3123.33184152351 3126.8014651176463 3122.7972892439007 3128.3509895174348 3126.6053492919064 -1.0 3126.6053492919064 -1.0 1
307 1.0 nan 0.8 1.0 1.0 3129.763034066685 3129.764167298853 3130.424408358011 3129.0390986936263 3131.9674390047867 3129.907487837718 -1.0 3130.2921868283183 -1.0 2
308 nan 0.125 0.8 1.0 -1.0 3133.162363936062 3133.1634971682297 3136.3824764711417 3132.611646432883 3138.950942503819 3136.13319872459 -1.0 3136.13319872459 -1.0 1
309 1.0 nan 0.8 1.0 1.0 3140.2969936822024 3140.29812691437 3140.7281551916817 3139.6447519089343 3142.295479891508 3140.461379007245 -1.0 3140.461379007245 -1.0 1
310 nan 0.25 0.8 -1.0 1.0 3143.517472851219 3143.5184394315975 3144.017494880069 3142.996486027265 3145.5842371062054 3143.8715079125736 1.0 3143.8715079125736 1.0 1
311 0.125 nan 0.8 1.0 1.0 3147.34616439075 3147.3470976407702 3149.549701010623 3146.3812505302503 3151.1008226040262 3148.781936216958 -1.0 3148.781936216958 -1.0 1
312 nan 0.25 0.8 -1.0 1.0 3154.0784967173313 3154.0794299673516 3161.2278584816527 3151.823731337403 3162.796082409888 3160.9920795300404 1.0 3160.9920795300404 1.0 1
313 nan 0.0625 0.8 -1.0 1.0 3164.067238338719 3164.068371570887 3176.229685909682 3163.4805907097502 3177.78410287929 3175.992107118744 1.0 3175.992107118744 1.0 1
314 1.0 nan 0.8 1.0 1.0 3179.129960330587 3179.1309602413235 3181.3773597014247 3178.549212174962 3182.9340856645786 3181.2222068855135 -1.0 3181.2222068855135 -1.0 1
315 0.25 nan 0.8 1.0 1.0 3184.446385724254 3184.447252313559 3185.1061934887603 3183.600894536023 3186.667225407715 3184.7507252220166 -1.0 3184.7507252220166 -1.0 1
316 0.0625 nan 0.8 1.0 1.0 3188.6618760669317 3188.662909308026 3189.9532941131806 3187.3163295194927 3191.5171145501427 3189.5103669873715 -1.0 3189.6293563649874 -1.0 2
317 0.0625 nan 0.8 1.0 1.0 3192.7469447192416 3192.7479112996202 3195.4453704928524 3192.207626198456 3197.00069705001 3194.893153123569 -1.0 3195.2424886044632 -1.0 2
318 0.0 nan 0.8 1.0 1.0 3198.397106986318 3198.398540191706 3199.2760285234976 3197.6658056041683 3200.8338544916796 3199.036749884309 -1.0 3199.036749884309 -1.0 1
319 0.125 nan 0.8 -1.0 -1.0 3202.1454390330105 3202.1462056312416 3219.6361442746856 3201.5072626707656 3222.183745569775 3216.0063683109565 1.0 3219.5746830947633 1.0 3
320 0.0625 nan 0.8 -1.0 -1.0 3223.3790768034028 3223.3801100444966 3223.7224461502374 3222.8961532481426 3226.283810274538 3223.5723595487234 1.0 3223.5723595487234 1.0 1
321 0.25 nan 0.8 -1.0 -1.0 3227.9953646995345 3227.9964312709867 3228.414093985526 3226.993520802509 3230.966993798992 3228.2342433744293 1.0 3228.2342433744293 1.0 1
322 0.0 nan 0.8 1.0 1.0 3232.1278291207436 3232.1287290404066 3233.608330287221 3231.649405163797 3235.1792536400103 3233.4855412488073 -1.0 3233.4855412488073 -1.0 1
323 1.0 nan 0.8 1.0 1.0 3237.2002429644035 3237.2010428929925 3237.5123817659087 3235.877661033541 3239.067107577306 3237.37852704868 -1.0 3237.37852704868 -1.0 1
324 0.25 nan 0.8 1.0 1.0 3240.51124738541 3240.512380617578 3242.90326717907 3239.7522151455087 3244.4503919042077 3242.439675231378 -1.0 3242.795343480269 -1.0 2
325 0.0625 nan 0.8 1.0 1.0 3245.7281483304605 3245.7290149197656 3246.156110125584 3245.139600871093 3247.717039872557 3245.9808591038736 -1.0 3245.9808591038736 -1.0 1
326 0.0 nan 0.8 1.0 1.0 3248.845803345431 3248.8466699347355 3251.0906696090697 3248.3562470489537 3252.650197099164 3250.7901631024633 -1.0 3250.7901631024633 -1.0 1
327 0.125 nan 0.8 1.0 1.0 3253.8948192778616 3253.8959858403873 3256.783661386016 3253.3233036313686 3258.3456854757487 3256.0105637350907 -1.0 3256.623075721771 -1.0 2
328 1.0 nan 0.8 1.0 1.0 3259.6835358426265 3259.6846357444365 3260.433502225186 3259.0270944442664 3261.994730376206 3259.8526540784874 -1.0 3260.29851427579 -1.0 2
329 1.0 nan 0.8 1.0 1.0 3263.1668915442083 3263.167924785302 3263.6267504918183 3262.6581369615947 3265.183576181943 3263.391738138437 -1.0 3263.391738138437 -1.0 1
330 nan 0.125 0.2 1.0 -1.0 3266.5947855302848 3266.5955854588738 3279.6191894862686 3265.8603844248532 3282.166728851519 3279.4054085708544 -1.0 3279.4054085708544 -1.0 1
331 nan 0.0 0.2 1.0 -1.0 3283.3114265406566 3283.3125264424666 3286.4811769049866 3282.824936637104 3289.04494655117 3286.2865942757085 -1.0 3286.2865942757085 -1.0 1
332 nan 0.25 0.2 -1.0 1.0 3290.200011584959 3290.200844843906 3298.3445845050887 3289.7132550385436 3299.911903008911 3298.1851987337277 1.0 3298.1851987337277 1.0 1
333 nan 0.0625 0.2 -1.0 1.0 3301.800142688202 3301.80110926858 3302.2525356356477 3300.6544116362275 3303.799961290099 3302.0317886754374 1.0 3302.0317886754374 1.0 1
334 nan 0.125 0.2 -1.0 1.0 3305.0779500727645 3305.078816662069 3308.2763312145094 3304.4754705238047 3309.8461550521665 3308.0291866108614 1.0 3308.0291866108614 1.0 1
335 nan 0.25 0.2 -1.0 1.0 3311.1166443215966 3311.1174109198278 3311.5399731969746 3310.5268636389874 3313.09520141396 3311.3376579246697 1.0 3311.3376579246697 1.0 1
336 nan 1.0 0.2 -1.0 1.0 3314.3666541876905 3314.3677207591427 3314.6904252840945 3313.7568086296405 3316.233150157457 3314.5347058520997 1.0 3314.5347058520997 1.0 1
337 nan 1.0 0.2 -1.0 1.0 3317.5781341600805 3317.5790340797435 3317.943068248461 3316.9365581013326 3319.499994414954 3317.78194929849 1.0 3317.78194929849 1.0 1
338 nan 0.0625 0.2 -1.0 1.0 3320.862140991208 3320.8630409108705 3322.4680309640135 3320.1836015655763 3324.0282566069495 3322.24655073593 1.0 3322.325343701948 1.0 2
339 nan 0.125 0.2 -1.0 1.0 3325.3833040459626 3325.384337287057 3325.6232826226674 3324.7113640311904 3327.1773051544073 3325.4985604234967 1.0 3325.4985604234967 1.0 1
340 0.125 nan 0.2 -1.0 -1.0 3328.43323177373 3328.4343316755394 3328.817997425046 3327.872315181041 3331.3666684865507 3328.617348670635 1.0 3328.617348670635 1.0 1
341 nan 0.25 0.2 -1.0 1.0 3333.629367905824 3333.6303011558443 3333.886511616834 3332.0293774063625 3335.4333101180287 3333.733658595617 1.0 3333.733658595617 1.0 1
342 0.125 nan 0.2 -1.0 -1.0 3336.9288066926474 3336.9296066212364 3341.8692656494777 3336.096814299356 3344.416435824079 3341.6926814134526 1.0 3341.6926814134526 1.0 1
343 nan 0.0625 0.2 -1.0 1.0 3345.8121136647324 3345.813580200479 3346.149383556076 3345.0928445417767 3347.699903543982 3345.865142264113 1.0 3345.865142264113 1.0 1
344 nan 1.0 0.2 -1.0 1.0 3348.8777733214165 3348.8785732500055 3349.2179096235373 3348.389716891044 3350.7784390134 3349.035759217747 1.0 3349.035759217747 1.0 1
345 nan 0.0 0.2 1.0 -1.0 3351.9997612829106 3352.0008945150785 3355.9468755839735 3351.450243672615 3358.499672128471 3352.2533386456284 1.0 3355.767458267529 -1.0 3
346 nan 0.125 0.2 -1.0 1.0 3359.6946743449403 3359.695540934245 3360.136168265361 3359.2221831916954 3361.682997288734 3359.984948431679 1.0 3359.984948431679 1.0 1
347 nan 0.0 0.2 -1.0 1.0 3363.1772967786483 3363.1781966983112 3365.788363684267 3362.3966997972016 3367.3331982959835 3365.649542743715 1.0 3365.649542743715 1.0 1
348 0.125 nan 0.2 -1.0 -1.0 3368.827892340377 3368.828825590397 3369.6414863761206 3368.225912746785 3372.18296205846 3369.037040336046 1.0 3369.460835836435 1.0 2
349 0.0625 nan 0.2 1.0 1.0 3374.4284590349334 3374.42945894567 3377.472353967925 3372.835967865994 3379.033076252362 3377.106219986661 1.0 3377.106219986661 1.0 1
350 nan 0.125 0.2 -1.0 1.0 3380.2607717077994 3380.261771618536 3380.8886823198186 3379.7256861424644 3382.462206015528 3380.2075764566302 1.0 3380.815688836071 1.0 2
351 nan 0.125 0.2 -1.0 1.0 3383.8830150106487 3383.8841149124587 3386.8466837722335 3383.194609799086 3388.416206414813 3386.691997581333 1.0 3386.691997581333 1.0 1
352 nan 1.0 0.2 -1.0 1.0 3389.594538466574 3389.5954050558785 3389.8757133656127 3389.0908167679995 3391.444641068654 3389.7513911307365 1.0 3389.7513911307365 1.0 1
353 nan 0.125 0.2 -1.0 1.0 3392.699594606267 3392.7007278384344 3393.9336844369695 3392.1420443797233 3395.511602990631 3393.747367736445 1.0 3393.747367736445 1.0 1
354 nan 0.0 0.2 -1.0 1.0 3397.766175637298 3397.7670422266033 3398.9355379130066 3396.229312835653 3400.5110877150714 3398.773352391584 1.0 3398.773352391584 1.0 1
355 nan 0.25 0.2 -1.0 1.0 3403.566191193383 3403.56702445233 3403.911627022406 3401.2452983834296 3405.4787506952016 3403.7865715196567 1.0 3403.7865715196567 1.0 1
356 nan 1.0 0.2 -1.0 1.0 3406.9495224909797 3406.9503557499265 3409.8769278231957 3406.188157126027 3411.432947366865 3409.6074518797714 1.0 3409.6074518797714 1.0 1
357 nan 0.25 0.2 1.0 -1.0 3412.7617369580466 3412.7626702080674 3412.8346637810787 3412.1481583999143 3415.3993012818014 3412.699809153114 -1.0 3412.699809153114 -1.0 1
358 nan 0.125 0.2 1.0 -1.0 3416.7944102877764 3416.795343537797 3425.0506399067895 3416.0736079683584 3427.6159758632402 3424.886721206757 -1.0 3424.886721206757 -1.0 1
359 0.25 nan 0.2 1.0 1.0 3430.0776911333805 3430.0789576869797 3430.639507645732 3428.294883620971 3432.211257922698 3430.4478247575894 -1.0 3430.4478247575894 -1.0 1
360 0.0625 nan 0.2 1.0 1.0 3434.0494032385554 3434.05026982786 3436.228308723959 3432.934269455111 3437.794937935132 3435.9402344408395 -1.0 3435.9402344408395 -1.0 1
361 1.0 nan 0.2 1.0 1.0 3439.016059856676 3439.0169264459805 3440.758970930708 3438.4496437549374 3442.328095883799 3440.5682546229436 -1.0 3440.5682546229436 -1.0 1
362 nan 1.0 0.2 -1.0 1.0 3443.84929505222 3443.850228302241 3444.413511350339 3443.0160027749716 3445.9779393915933 3444.242959909089 1.0 3444.242959909089 1.0 1
363 0.25 nan 0.2 1.0 1.0 3447.33251743237 3447.3335506734643 3450.2400245409344 3446.647845220889 3451.811246654199 3449.929352275176 -1.0 3449.929352275176 -1.0 1
364 nan 0.0625 0.2 1.0 -1.0 3453.1326329795284 3453.133532899191 3456.681849468272 3452.483457599185 3459.2326532799552 3456.5204305450807 -1.0 3456.5204305450807 -1.0 1
365 0.125 nan 0.2 1.0 1.0 3460.4105499341763 3460.4115165145545 3461.3534657584773 3459.9061616284444 3462.915900962572 3460.902572677136 -1.0 3461.0024637596894 -1.0 2
366 nan 1.0 0.2 -1.0 1.0 3464.4451230943046 3464.446156335399 3464.7951251823565 3463.837210697011 3466.3611499097397 3464.6319064198397 1.0 3464.6319064198397 1.0 1
367 0.25 nan 0.2 1.0 1.0 3467.4991171257325 3467.5001503668263 3468.1253612198575 3467.0418579460365 3469.694288529281 3467.839586731432 -1.0 3467.839586731432 -1.0 1
368 nan 0.0 0.2 -1.0 1.0 3470.8824150929713 3470.883481664423 3473.6740658775598 3470.373593849642 3475.2325906990773 3473.495015195052 1.0 3473.495015195052 1.0 1
369 nan 0.0625 0.2 -1.0 1.0 3476.5940718703278 3476.5951051114216 3476.966705271377 3475.8887015066057 3478.527229211507 3476.805186357112 1.0 3476.805186357112 1.0 1
370 nan 1.0 0.2 -1.0 1.0 3479.73255835897 3479.7334249482747 3480.195350378073 3479.2552343038333 3481.7627737068024 3479.918775068421 1.0 3480.1366222874963 1.0 2
371 nan 0.0625 0.2 -1.0 1.0 3482.932506027535 3482.9334059471976 3489.3271018377627 3482.4545820259564 3490.8946209515157 3489.113220931275 1.0 3489.113220931275 1.0 1
372 0.0625 nan 0.2 -1.0 -1.0 3492.2490743216454 3492.2500409020236 3492.977709275164 3491.6177306827653 3495.5322795292705 3492.58334448078 1.0 3492.874418496108 1.0 2
373 nan 0.0 0.2 -1.0 1.0 3497.66155780671 3497.6627243692355 3499.9386545264147 3496.2272858466063 3501.4990779154136 3499.781768531894 1.0 3499.781768531894 1.0 1
374 nan 0.125 0.2 -1.0 1.0 3502.677076729476 3502.6780099794964 3506.6138252892397 3502.182087584665 3508.1782550568414 3506.4115433472925 1.0 3506.500868706399 1.0 2
375 nan 0.25 0.2 -1.0 1.0 3509.565628443421 3509.566628354157 3509.9121975046114 3508.8471592490537 3511.4656190289907 3509.7450124295074 1.0 3509.7450124295074 1.0 1
376 0.0625 nan 0.2 -1.0 -1.0 3512.7605765583044 3512.7616431297565 3514.8436239344574 3512.1404319196704 3517.4103965550967 3514.5369179812856 1.0 3514.5369179812856 1.0 1
377 0.125 nan 0.2 -1.0 -1.0 3518.8156360128532 3518.8166025932314 3519.110942983631 3518.071802416143 3521.6774740823375 3518.9583232749187 1.0 3518.9583232749187 1.0 1
378 nan 1.0 0.2 -1.0 1.0 3522.8822396469004 3522.8832395576364 3523.2691717714783 3522.3599862693472 3524.8156037837034 3523.111185875148 1.0 3523.111185875148 1.0 1
379 nan 0.0 0.2 -1.0 1.0 3526.0437574128346 3526.0445573414236 3526.531947164639 3525.495506356139 3528.082267060619 3526.267504105254 1.0 3526.267504105254 1.0 1
380 nan 0.0 0.2 -1.0 1.0 3529.3601280214593 3529.3612279232693 3529.9711734723933 3528.7613814725814 3531.527505225253 3529.600039937448 1.0 3529.600039937448 1.0 1
381 0.0625 nan 0.2 -1.0 -1.0 3532.6988633002184 3532.699863210955 3535.6565325973856 3532.19300845874 3538.2154989913165 3535.50474614762 1.0 3535.50474614762 1.0 1
382 nan 1.0 0.2 -1.0 1.0 3539.694372132586 3539.695172061175 3540.087537034087 3538.935206571253 3541.632159785581 3539.9337840932067 1.0 3539.9337840932067 1.0 1
383 nan 0.25 0.2 -1.0 1.0 3542.844990871495 3542.846157434021 3546.665816446567 3542.3220708867843 3548.2281708870605 3546.489365531974 1.0 3546.489365531974 1.0 1
384 nan 0.0625 0.2 1.0 -1.0 3549.548825742093 3549.5497923224716 3553.212165376203 3548.934280603582 3555.7773782392474 3552.804835072605 -1.0 3553.050513140506 -1.0 2
385 nan 0.0625 0.2 1.0 -1.0 3557.132148765955 3557.1331153463334 3565.1470665939487 3556.6729897558603 3567.6987362046716 3564.828028408363 -1.0 3564.828028408363 -1.0 1
386 nan 0.25 0.2 -1.0 1.0 3568.9276624270647 3568.928728998517 3569.3081617925727 3568.3942433796233 3570.8770815037838 3569.1648745840657 1.0 3569.1648745840657 1.0 1
387 0.0625 nan 0.2 -1.0 -1.0 3572.531973997377 3572.5330405688287 3572.941370783163 3571.6048900930664 3575.4954431022793 3572.7861513065363 1.0 3572.7861513065363 1.0 1
388 nan 0.25 0.2 -1.0 1.0 3576.698602035409 3576.6996686068605 3577.122464196513 3576.1629498539896 3578.67798982826 3576.898417530873 1.0 3576.898417530873 1.0 1
389 nan 0.125 0.2 -1.0 1.0 3579.848587497518 3579.849687399328 3580.491430109865 3579.3566980759897 3582.060252150746 3580.2389193185995 1.0 3580.2389193185995 1.0 1
390 0.25 nan 0.2 1.0 1.0 3583.4319342727267 3583.4330008441784 3583.991584311816 3582.725863971489 3585.548711981299 3583.7893690305846 -1.0 3583.7893690305846 -1.0 1
391 nan 0.25 0.2 -1.0 1.0 3586.89375856312 3586.8946251524253 3587.2727247321664 3586.2085197355555 3588.8153547236398 3587.099573523002 1.0 3587.099573523002 1.0 1
392 nan 0.0625 0.2 -1.0 1.0 3590.077241034895 3590.0783076063467 3590.936797634149 3589.4788611199538 3592.493320971556 3590.4701392935326 1.0 3590.8110421938845 1.0 2
393 0.125 nan 0.2 -1.0 -1.0 3593.8984665742614 3593.8995998064293 3599.820237927666 3593.1575327186865 3602.377843785032 3599.5944247530583 1.0 3599.5944247530583 1.0 1
394 0.25 nan 0.8 1.0 1.0 3603.5320065717688 3603.5329064914317 3604.0594928155087 3603.047949784341 3605.6150873789366 3603.8802088204957 -1.0 3603.8802088204957 -1.0 1
395 nan 0.0 0.8 1.0 -1.0 3606.9263702178223 3606.9272368071274 3611.21355416029 3606.270195462325 3613.793722233497 3610.8519531076977 -1.0 3611.0267708347556 -1.0 2
396 1.0 nan 0.8 1.0 1.0 3615.0317466370902 3615.0328465389002 3615.449942637356 3614.4574312405357 3616.998469361699 3615.2251960342005 -1.0 3615.2251960342005 -1.0 1
397 0.125 nan 0.8 1.0 1.0 3618.309187387716 3618.3101872984525 3618.8893022665416 3617.6758772577214 3620.4449266268703 3618.7068185571725 -1.0 3618.7068185571725 -1.0 1
398 0.0625 nan 0.8 1.0 1.0 3621.698451489015 3621.699484730109 3622.2237379291346 3621.1344351730436 3623.794065937735 3622.014923237044 -1.0 3622.014923237044 -1.0 1
399 0.25 nan 0.8 1.0 1.0 3625.198472369534 3625.1994722802706 3625.603202905218 3624.4648711926916 3627.1652216254156 3625.4553827680393 -1.0 3625.4553827680393 -1.0 1
400 1.0 nan 0.8 1.0 1.0 3628.3948536898065 3628.395786939827 3628.89184265609 3627.885032535741 3630.4483702246885 3628.6545305080153 -1.0 3628.6545305080153 -1.0 1
401 0.125 nan 0.8 1.0 1.0 3631.8434124977657 3631.84444573886 3632.7425988925343 3631.1151775085414 3634.310325117368 3632.5882793355704 -1.0 3632.5882793355704 -1.0 1
402 0.0625 nan 0.8 1.0 1.0 3635.6483061617737 3635.6491060903627 3636.302647747588 3634.9685335129 3637.87577396635 3635.942079936089 -1.0 3636.28598256865 -1.0 2
403 0.0625 nan 0.8 1.0 1.0 3639.43156842352 3639.4324016824667 3645.340174285563 3638.5435810289973 3646.8983996741185 3645.1278599058955 -1.0 3645.1278599058955 -1.0 1
404 0.0 nan 0.8 1.0 1.0 3648.29407725229 3648.295043832669 3649.740848096598 3647.58460725455 3651.298381542302 3648.8645929880477 -1.0 3648.8645929880477 -1.0 1
405 0.0 nan 0.8 1.0 1.0 3652.6771193040086 3652.678019223671 3653.2560009595923 3652.1942957398223 3654.814927066438 3653.0266214366925 -1.0 3653.0266214366925 -1.0 1
406 0.0 nan 0.8 1.0 1.0 3655.9931899394123 3655.994023198359 3662.0583484923977 3655.5023337589782 3663.614843023363 3661.8063376565 -1.0 3661.8063376565 -1.0 1
407 1.0 nan 0.8 1.0 1.0 3664.8269679996943 3664.828034571146 3665.199068115018 3664.282549934154 3666.7760930432746 3665.0279833880422 -1.0 3665.0279833880422 -1.0 1
408 0.25 nan 0.8 1.0 1.0 3668.198167047024 3668.199300279192 3668.8972379731076 3667.4344018963043 3670.4649605007116 3668.5266043935308 -1.0 3668.5266043935308 -1.0 1
409 nan 0.25 0.8 -1.0 1.0 3671.627260925984 3671.6282608367205 3672.0505898013625 3671.1305719329216 3673.615014471407 3671.9104689768533 1.0 3671.9104689768533 1.0 1
410 1.0 nan 0.8 1.0 1.0 3674.8273085856226 3674.8282751660013 3675.4225221165657 3674.2849236719126 3676.9814529288424 3675.102150716665 -1.0 3675.102150716665 -1.0 1
411 0.0625 nan 0.8 1.0 1.0 3678.2942324207716 3678.295232331508 3681.0479199277397 3677.6390575760106 3682.627042087068 3680.8312059408327 -1.0 3680.8312059408327 -1.0 1
412 0.125 nan 0.8 1.0 1.0 3683.8981988118317 3683.899232052926 3686.877899475555 3683.2999522183222 3688.431525510888 3686.4583369306165 -1.0 3686.6229888985217 -1.0 2
413 0.0625 nan 0.8 1.0 1.0 3689.693214814235 3689.6942147249715 3690.4332487501474 3689.1049339977303 3692.008374074253 3690.002953829973 -1.0 3690.4041180173645 -1.0 2
414 1.0 nan 0.8 1.0 1.0 3693.2647626427556 3693.265862544565 3693.786716047088 3692.683881165699 3695.3613364433118 3693.467211236492 -1.0 3693.467211236492 -1.0 1
415 0.0 nan 0.8 1.0 1.0 3696.7313531743257 3696.732486406493 3697.596742586208 3696.042547998468 3699.148175146697 3697.219142961835 -1.0 3697.424657948496 -1.0 2
416 0.25 nan 0.8 1.0 1.0 3700.4605535955975 3700.4614868456183 3708.372513948113 3699.8082784919716 3709.931335524272 3707.799065140863 -1.0 3708.2970540178826 -1.0 3
417 0.125 nan 0.8 1.0 1.0 3711.2101272962122 3711.211093876591 3716.1520194584314 3710.6350453014265 3717.7148418758975 3715.7036594842884 -1.0 3716.021864410927 -1.0 2
418 0.0 nan 0.8 1.0 1.0 3718.9765006455273 3718.977467225906 3726.3737736117278 3718.42904951742 3727.9439957621503 3726.0682675514395 -1.0 3726.0682675514395 -1.0 1
419 0.0625 nan 0.8 -1.0 -1.0 3729.347974766401 3729.349041337853 3731.487350447364 3728.6335052149793 3734.0478889917417 3731.1586131276363 -1.0 3731.329964497475 1.0 2
420 0.0 nan 0.8 1.0 1.0 3735.2420819227686 3735.243015172789 3735.739304201557 3734.7001969644266 3737.309831622472 3735.5090914197103 -1.0 3735.5090914197103 -1.0 1
421 nan 0.25 0.8 -1.0 1.0 3738.547853477589 3738.548653406178 3738.9164539053354 3737.9750379471384 3740.4937781935687 3738.781632607728 1.0 3738.781632607728 1.0 1
422 0.25 nan 0.8 1.0 1.0 3741.8478588804965 3741.8486588090855 3742.531631172315 3741.156587258156 3744.0933525059104 3742.063639617383 -1.0 3742.4236408127977 -1.0 3
423 1.0 nan 0.8 1.0 1.0 3745.8809988352364 3745.8819654156146 3746.582869511381 3744.764365185687 3748.160397186156 3746.3791543640455 -1.0 3746.3791543640455 -1.0 1
424 0.25 nan 0.8 1.0 1.0 3749.397784885767 3749.398618144714 3749.772218126142 3748.8416012038965 3751.3437512559135 3749.5726359431824 -1.0 3749.5726359431824 -1.0 1
425 0.25 nan 0.8 1.0 1.0 3752.931136124162 3752.931936052751 3754.9995181428494 3752.2342650016985 3756.5595136944116 3754.777004673672 -1.0 3754.777004673672 -1.0 1
426 0.125 nan 0.8 1.0 1.0 3757.7811698200753 3757.7822697218853 3761.868604927795 3757.220919834544 3763.431130119506 3761.644591592513 -1.0 3761.644591592513 -1.0 1
427 1.0 nan 0.8 1.0 1.0 3764.659822417731 3764.660888989183 3765.1938414116144 3764.092239753467 3766.760671103366 3764.9480633526396 -1.0 3764.9480633526396 -1.0 1
428 nan 0.25 0.8 1.0 -1.0 3768.031088125777 3768.0322213579448 3775.1498526215682 3767.416576317624 3777.7088540499217 3774.9661023586 -1.0 3774.9661023586 -1.0 1
429 0.0 nan 0.8 1.0 1.0 3778.8476225153636 3778.8484891046687 3789.099707294327 3778.3776644693176 3790.6477316076807 3779.177193094038 -1.0 3788.9601864162596 -1.0 2
430 0.125 nan 0.8 -1.0 -1.0 3791.89395784683 3791.8954577129343 3803.101390673582 3791.3463400669334 3805.6475635717984 3802.728990585038 -1.0 3802.728990585038 -1.0 1
431 1.0 nan 0.8 1.0 1.0 3806.776495924022 3806.7773958436846 3807.2283889161 3806.3106708423525 3808.7809095522666 3807.085201698666 -1.0 3807.085201698666 -1.0 1
432 0.125 nan 0.8 1.0 1.0 3810.3591427617152 3810.3600426813778 3816.839930877409 3809.5117184127275 3818.4097517007867 3816.632382738918 -1.0 3816.632382738918 -1.0 1
433 0.0625 nan 0.8 -1.0 -1.0 3820.330685918439 3820.3316524988177 3824.6742981567904 3819.124660249068 3827.2428693523048 3824.4807820989645 1.0 3824.4807820989645 1.0 1
434 0.125 nan 0.8 1.0 1.0 3828.5307538844318 3828.5316204737364 3835.155495815791 3827.908176129673 3836.6974205215615 3834.982677910206 -1.0 3834.982677910206 -1.0 1
435 0.125 nan 0.8 1.0 1.0 3837.8921515098846 3837.8932514116946 3845.8386421131595 3837.3893297309733 3847.4094679917284 3845.473708024779 -1.0 3845.713353297905 -1.0 2
436 0.25 nan 0.8 1.0 1.0 3848.5640321462915 3848.5648654052384 3853.0448654680167 3848.072676010489 3854.597490681324 3852.9361751709844 -1.0 3852.9361751709844 -1.0 1
437 nan 0.25 0.2 -1.0 1.0 3855.992568988179 3855.9935022381997 3856.9561163040053 3855.2584011952526 3858.525043793002 3856.808896113269 1.0 3856.808896113269 1.0 1
438 nan 0.0625 0.2 -1.0 1.0 3860.663985296237 3860.664818555184 3861.1405760835005 3859.189550254893 3862.708296114186 3860.918529239333 1.0 3860.918529239333 1.0 1
439 nan 1.0 0.2 -1.0 1.0 3864.0305514238225 3864.031451343485 3864.4151170929913 3863.4391042233196 3865.9639442188927 3864.2553313573358 1.0 3864.2553313573358 1.0 1
440 nan 1.0 0.2 -1.0 1.0 3867.3590542827137 3867.360120854166 3867.7184555316867 3866.6318525345832 3869.2807843469286 3867.4856763122834 1.0 3867.4856763122834 1.0 1
441 nan 0.125 0.2 -1.0 1.0 3870.6086975148714 3870.6097640863236 3870.9420344239857 3869.937790741193 3872.5262278530936 3870.7597840271214 1.0 3870.7597840271214 1.0 1
442 nan 1.0 0.2 -1.0 1.0 3873.8806387564478 3873.8814386850368 3874.1846782809894 3873.1767349284723 3875.7595981849195 3874.0488237422883 1.0 3874.0488237422883 1.0 1
443 nan 0.125 0.2 -1.0 1.0 3877.4472203616447 3877.4480869509493 3877.8002221819056 3876.421911892675 3879.3755491711136 3877.6608346252697 1.0 3877.6608346252697 1.0 1
444 0.25 nan 0.2 1.0 1.0 3881.26391297234 3881.264712900929 3881.694874499672 3880.0346560435296 3883.27680182319 3881.5364553086893 -1.0 3881.5364553086893 -1.0 1
445 nan 1.0 0.2 -1.0 1.0 3884.4805924805587 3884.4817590430844 3884.997213027631 3883.924708771909 3886.575347030934 3884.7516349508037 1.0 3884.7516349508037 1.0 1
446 nan 0.25 0.2 -1.0 1.0 3888.180395526185 3888.181362106563 3888.512965837068 3887.476558358925 3890.09279449002 3888.316983332759 1.0 3888.316983332759 1.0 1
447 0.0625 nan 0.2 -1.0 -1.0 3891.296983969703 3891.298017210797 3894.150329246719 3890.7320010733533 3896.7137989008866 3893.879220115759 1.0 3893.879220115759 1.0 1
448 nan 0.25 0.2 -1.0 1.0 3898.1423395398406 3898.143306120219 3898.467210538054 3897.3802075766566 3900.0421616230283 3898.3004920879603 1.0 3898.3004920879603 1.0 1
449 nan 0.0625 0.2 -1.0 1.0 3901.247029045597 3901.2479622956175 3915.085560323051 3900.7495734543036 3916.6471836673677 3914.6756302515387 1.0 3914.6756302515387 1.0 1
450 0.25 nan 0.2 -1.0 -1.0 3917.8917098133156 3917.8925764026203 3920.567237631066 3917.356190953328 3923.1429041625206 3920.3271590632876 1.0 3920.3271590632876 1.0 1
451 nan 0.0625 0.2 1.0 -1.0 3924.480188315306 3924.4812215564 3926.4048831611917 3923.808414952323 3928.9759817231193 3926.1577385575442 -1.0 3926.1577385575442 -1.0 1
452 0.0625 nan 0.2 1.0 1.0 3930.2301083435036 3930.231174914956 3935.459874806694 3929.7019888229643 3937.0135984633393 3935.116305477712 -1.0 3935.116305477712 -1.0 1
453 nan 1.0 0.2 -1.0 1.0 3938.8751699174936 3938.876203158588 3939.2334379342988 3937.7153067937797 3940.8082613192814 3939.089250806129 1.0 3939.089250806129 1.0 1
454 nan 1.0 0.2 -1.0 1.0 3942.163476364787 3942.164476275523 3942.4757818180815 3941.479870724758 3944.041309348084 3942.328761609492 1.0 3942.328761609492 1.0 1
455 nan 0.0625 0.2 -1.0 1.0 3945.213604074701 3945.214470664006 3945.6356330661224 3944.698316741944 3947.2087568293764 3945.391121560747 1.0 3945.391121560747 1.0 1
456 nan 0.25 0.2 -1.0 1.0 3948.3968199036126 3948.397786483991 3948.967468960801 3947.880266017256 3950.5419970860885 3948.5251751117917 1.0 3948.8504794046576 1.0 3
457 nan 1.0 0.2 -1.0 1.0 3951.796916371221 3951.797749630168 3952.1253203873694 3951.204702572487 3953.6920466603815 3951.9642347677564 1.0 3951.9642347677564 1.0 1
458 nan 0.125 0.2 -1.0 1.0 3954.96353368191 3954.964400271215 3957.837710432599 3954.3436556861393 3959.396833871166 3957.6457275712355 1.0 3957.6457275712355 1.0 1
459 nan 0.0 0.2 -1.0 1.0 3960.8424088647284 3960.843375445107 3964.4368879794674 3960.0840432319847 3966.009814799961 3964.2422386894737 1.0 3964.2422386894737 1.0 1
460 nan 0.25 0.2 -1.0 1.0 3967.2801008276897 3967.28103407771 3967.922343493595 3966.6828208145585 3969.4802669557143 3967.7447593468337 1.0 3967.7447593468337 1.0 1
461 nan 0.25 0.2 -1.0 1.0 3970.8096857356445 3970.810685646381 3972.9669264884287 3970.1636767392993 3974.5302490100403 3972.726281304567 1.0 3972.726281304567 1.0 1
462 nan 1.0 0.2 -1.0 1.0 3975.9580927952607 3975.958992714923 3976.3107613119428 3975.2239583326923 3977.875690003718 3976.1441095225646 1.0 3976.1441095225646 1.0 1
463 nan 0.25 0.2 -1.0 1.0 3979.263331064355 3979.2642976447332 3980.1199212617585 3978.5419954592107 3981.680148246894 3979.45591387216 1.0 3980.0365620367115 1.0 2
464 nan 1.0 0.2 -1.0 1.0 3982.941102743425 3982.9419693327295 3983.315669305231 3982.3465558196394 3984.863296719065 3983.116253774061 1.0 3983.116253774061 1.0 1
465 nan 1.0 0.2 -1.0 1.0 3986.190579323793 3986.1916125648872 3986.5291157687357 3985.5294050146144 3988.092144182269 3986.307102254926 1.0 3986.307102254926 1.0 1
466 0.0625 nan 0.2 -1.0 -1.0 3989.1965776398797 3989.197610880974 3992.4032580407356 3988.73185246002 3994.963258965673 3992.137681749183 1.0 3992.137681749183 1.0 1
467 0.0625 nan 0.8 -1.0 -1.0 3996.2919775548007 3996.292910804821 3998.7212273582077 3995.6368693707554 4001.279939172303 3998.513412576853 1.0 3998.513412576853 1.0 1
468 0.125 nan 0.8 1.0 1.0 4002.84265943096 4002.843559350623 4008.6106445131263 4002.2073494794927 4010.1465700718613 4008.0434618131567 1.0 4008.56508191391 -1.0 2
469 0.125 nan 0.8 1.0 1.0 4011.7239332512145 4011.7248331708774 4014.513450892899 4010.842978562204 4016.075573298668 4014.4034607119097 -1.0 4014.4034607119097 -1.0 1
470 0.0625 nan 0.8 1.0 1.0 4018.49652865011 4018.4974952304883 4021.2115529419425 4016.7622834691256 4022.7632742496735 4021.1039292163623 -1.0 4021.1039292163623 -1.0 1
471 1.0 nan 0.8 1.0 1.0 4024.5412223633593 4024.5421222830223 4024.8523945844863 4023.4887829830786 4026.4131207867445 4024.6899424202006 -1.0 4024.6899424202006 -1.0 1
472 0.0625 nan 0.8 -1.0 -1.0 4027.657510833657 4027.6584440836773 4030.898421512051 4027.1007272053444 4033.4591261216733 4030.541020084551 1.0 4030.541020084551 1.0 1
473 0.0625 nan 0.8 1.0 1.0 4034.6631187644607 4034.664085344839 4048.2219416786224 4034.117334154247 4049.762966300516 4047.800279321138 -1.0 4048.1255169532883 -1.0 2
474 1.0 nan 0.8 1.0 1.0 4051.1068841349047 4051.1080173670725 4054.241737614539 4050.466374647609 4055.80925850979 4053.9853605017597 -1.0 4053.9853605017597 -1.0 1
475 0.125 nan 0.8 1.0 1.0 4057.9129765434654 4057.9139764542015 4058.84219359068 4056.521567423589 4060.396318656673 4058.661276408131 -1.0 4058.661276408131 -1.0 1
476 0.125 nan 0.8 1.0 1.0 4062.040574732425 4062.0416413038765 4067.364732769119 4061.097725568839 4068.908857556135 4067.2293115250704 -1.0 4067.2293115250704 -1.0 1
477 nan 1.0 0.8 -1.0 1.0 4070.7130005302306 4070.713933780251 4074.9851524812966 4069.5952669788717 4076.541849266722 4074.514394506661 1.0 4074.827699870692 1.0 3
478 0.125 nan 0.8 1.0 1.0 4077.7962681948848 4077.797268105621 4082.1034503520777 4077.1988548603217 4083.6462754615836 4081.857372319882 -1.0 4081.857372319882 -1.0 1
479 0.0625 nan 0.8 -1.0 -1.0 4084.808708849053 4084.8095421079997 4088.904543206957 4084.319585847228 4091.4794776157028 4088.73645821219 1.0 4088.73645821219 1.0 1
480 0.0625 nan 0.8 -1.0 -1.0 4092.9245510006936 4092.92555091143 4095.3905641888377 4092.1675852429803 4097.962767512102 4095.2595758823863 1.0 4095.2595758823863 1.0 1
481 nan 1.0 0.8 -1.0 1.0 4099.391873651806 4099.392840232184 4100.034616273079 4098.621575750943 4101.607537877899 4099.751708195431 1.0 4099.895495359307 1.0 2
482 0.125 nan 0.8 1.0 1.0 4102.862963781689 4102.863830370994 4103.512472465612 4102.266450366789 4105.090896090041 4103.3225894167945 -1.0 4103.3225894167945 -1.0 1
483 0.0 nan 0.8 1.0 1.0 4106.2794254550145 4106.280492026466 4115.322851466334 4105.764504756194 4116.896075360497 4114.296009800902 -1.0 4115.232659517923 -1.0 4
484 0.125 nan 0.8 0.0 -1.0 4118.073539241093 4118.074439160756 4178.076216033465 4117.575983658726 4180.575512743314 nan 0.0 nan 0.0 0
485 1.0 nan 0.8 1.0 1.0 4182.092157523542 4182.093190764635 4189.467732426764 4181.356123230574 4191.029154174223 4189.155526964543 -1.0 4189.155526964543 -1.0 1
486 nan 1.0 0.8 1.0 -1.0 4192.292146953145 4192.293180194239 4196.214496798306 4191.75156187876 4198.791165003828 4195.112661827654 1.0 4196.1243048498945 -1.0 5
487 0.25 nan 0.8 1.0 1.0 4200.028922944666 4200.029822864329 4239.811671471075 4199.461173628612 4241.362220115411 4234.819683780969 -1.0 4239.524997062987 -1.0 4
488 0.0 nan 0.8 1.0 1.0 4242.640318952906 4242.641318863642 4258.716450475981 4242.13223097745 4260.278579453724 4255.957363451037 -1.0 4258.514968462623 -1.0 5
489 0.0 nan 0.8 1.0 1.0 4262.724226028378 4262.725259269472 4268.316993419192 4261.2525907370955 4269.890314265068 4268.135242977696 -1.0 4268.135242977696 -1.0 1
490 nan 0.125 0.8 1.0 -1.0 4271.395285281511 4271.396218531531 4277.550202488255 4270.606722344532 4280.123567275936 4276.819534382906 1.0 4277.267727705259 -1.0 2
491 1.0 nan 0.8 1.0 1.0 4281.412057733873 4281.412857662462 4282.161024205695 4280.824976810251 4283.711942595345 4281.948009888512 -1.0 4282.0230365240905 -1.0 2
492 0.25 nan 0.8 1.0 1.0 4284.940809382881 4284.9418426239745 4292.016944350949 4284.414556362382 4293.590068789358 4291.850492543718 -1.0 4291.850492543718 -1.0 1
493 0.0625 nan 0.8 1.0 1.0 4294.811894840967 4294.81279476063 4296.854112528723 4294.2855751597535 4298.411963206729 4296.485778743839 -1.0 4296.723690838356 -1.0 2
494 nan 0.0625 0.8 1.0 -1.0 4300.223045111717 4300.224111683169 4309.1217507091405 4299.128576150155 4311.690150090198 4308.910536231283 -1.0 4308.910536231283 -1.0 1
495 0.25 nan 0.8 1.0 1.0 4312.945209382485 4312.9460759717895 4316.178720721431 4312.4029577902065 4317.728541875538 4316.066297424316 -1.0 4316.066297424316 -1.0 1
496 nan 1.0 0.8 -1.0 1.0 4319.740169451515 4319.741036040819 4320.292086847578 4318.451551155327 4321.86180660375 4319.97684832279 1.0 4319.97684832279 1.0 1
497 0.25 nan 0.8 1.0 1.0 4323.256788850256 4323.257688769919 4323.910530489628 4322.580715871107 4325.478356358826 4323.804539951584 -1.0 4323.804539951584 -1.0 1
498 1.0 nan 0.8 1.0 1.0 4326.706580881457 4326.707680783266 4384.45622547251 4326.156063360425 4386.011539840915 4384.123088545543 -1.0 4384.123088545543 -1.0 1
499 0.125 nan 0.8 1.0 1.0 4388.17242705421 4388.173460295305 4397.810833283967 4386.802049390154 4399.378055230146 4397.511360018455 -1.0 4397.71100886213 -1.0 2
500 0.25 nan 0.8 1.0 1.0 4400.740038455509 4400.741105026961 4443.390297661031 4400.0746645212375 4444.957615904058 4408.001756856229 -1.0 4443.361766874689 -1.0 3
501 0.25 nan 0.8 1.0 1.0 4446.327835422041 4446.3289353238515 4465.981047613045 4445.7015246672 4467.556567474418 4465.55751875552 -1.0 4465.917719933082 -1.0 2
502 0.0 nan 0.8 1.0 1.0 4469.294351828745 4469.2951850876925 4475.765274158508 4468.270076600869 4477.327496219353 4475.567258502369 -1.0 4475.567258502369 -1.0 1
503 0.125 nan 0.8 1.0 1.0 4479.290726102086 4479.291826003897 4484.133293797836 4478.049303592651 4485.706816450217 4483.860951443634 -1.0 4483.860951443634 -1.0 1
504 0.0 nan 0.8 1.0 1.0 4487.027635415039 4487.028801977565 4516.784278988881 4486.402824526303 4518.355599895715 4516.522502358126 -1.0 4516.522502358126 -1.0 1
505 0.25 nan 0.8 1.0 1.0 4519.5940948185125 4519.594994738175 4533.8317571315265 4519.0680084498035 4535.390378864318 4527.146220627403 -1.0 4533.731499415037 -1.0 2
506 0.0 nan 0.8 0.0 -1.0 4536.660771247294 4536.661604506241 4596.663414709308 4536.104587565424 4599.162714195811 4555.689472522782 -1.0 4555.977013520175 -1.0 2
507 0.0 nan 0.8 0.0 -1.0 4600.638126546692 4600.639393100291 4660.641069981926 4599.926623397121 4663.140368429744 4611.366635461129 -1.0 4629.691932864011 1.0 5
508 0.0625 nan 0.8 1.0 1.0 4664.5207569690065 4664.521756879743 4689.9423542064715 4663.912377946703 4691.504276277042 4668.9305632980995 -1.0 4689.863727892242 -1.0 4
509 nan 0.0625 0.8 1.0 -1.0 4693.243159537968 4693.244259439778 4743.282392450579 4692.538289129614 4745.838781882828 4740.008384726814 -1.0 4743.218631475963 -1.0 3
510 1.0 nan 0.8 1.0 1.0 4747.20977517978 4747.2107084298 4757.526354201233 4746.6491918906695 4759.076379919027 4747.273802797259 -1.0 4757.526154219085 -1.0 5
511 1.0 nan 0.8 1.0 1.0 4761.870599716383 4761.871666287835 4775.251238537342 4759.759288196752 4776.792964060281 4768.477709888426 -1.0 4768.477709888426 -1.0 1
512 1.0 nan 0.8 1.0 1.0 4778.004992705026 4778.005925955046 4790.28446316249 4777.4879721936595 4791.838683426449 4790.100679569164 -1.0 4790.100679569164 -1.0 1
513 1.0 nan 0.8 1.0 1.0 4795.259419039721 4795.260518941531 4812.140878669788 4792.573592141388 4813.705999223035 4812.010123675842 -1.0 4812.010123675842 -1.0 1
514 1.0 nan 0.8 1.0 1.0 4816.359168762528 4816.360102012548 4824.90127286104 4814.4201085323975 4826.4704945585545 4823.784972515069 -1.0 4824.80698127861 -1.0 4
515 nan 0.25 0.8 1.0 -1.0 4827.709322181703 4827.710388753155 4829.784370271966 4827.163904205427 4832.353873799858 4829.347842574869 -1.0 4829.58535470509 -1.0 3
516 nan 0.125 0.8 -1.0 1.0 4833.742616912559 4833.743716814369 4837.937542424427 4833.0279807093475 4839.503867346613 4837.7973882695605 1.0 4837.7973882695605 1.0 1
517 nan 1.0 0.8 0.0 -1.0 4840.792587549696 4840.793687451505 4900.795464324214 4840.183775232739 4903.2947279308255 nan 0.0 nan 0.0 0
518 nan 1.0 0.2 1.0 -1.0 4904.754677545186 4904.755777446996 4907.833436032515 4904.070438628357 4910.38824056926 4906.382432232758 -1.0 4907.772074843666 -1.0 3
519 nan 0.25 0.2 1.0 -1.0 4911.592300472296 4911.593400374107 4928.064030012999 4911.0475491031775 4930.608927324633 4926.335950948221 -1.0 4926.635390883375 -1.0 2
520 1.0 nan 0.2 1.0 1.0 4931.919619151335 4931.9206523924295 4932.400042929754 4931.348836772715 4933.954967265293 4932.132733459592 -1.0 4932.297985373939 -1.0 2
521 nan 0.125 0.2 1.0 -1.0 4935.12553295396 4935.1266328557695 4947.894593038259 4934.662674274141 4950.455022908571 4947.7051432840935 -1.0 4947.7051432840935 -1.0 1
522 nan 0.25 0.2 1.0 -1.0 4951.675322192807 4951.676222112469 4966.6838156924105 4951.187632396371 4969.236415158465 4963.866333880468 -1.0 4963.866333880468 -1.0 1
523 0.25 nan 0.2 1.0 1.0 4970.608631984055 4970.609465243002 4971.110420521873 4969.948624237401 4972.670651552394 4970.927403526777 -1.0 4970.927403526777 -1.0 1
524 nan 0.0625 0.2 1.0 -1.0 4974.291903172174 4974.2928030918365 5011.977938875701 4973.330255686747 5014.524940799425 4992.513009876337 -1.0 5011.943308633868 -1.0 2
