ibl_witten_17 d832d9f7-c96a-4f63-8921-516ba4a7b61f wittenlab 2026-07-28T16:01:20.797097 _iblrig_tasks_ephysChoiceWorld6.4.0 M 350 660
0 1.0 nan 0.5 1.0 1.0 81.21946666666666 81.22046666666667 82.06063333333333 78.4452 83.61953301597464 81.43403333333333 -1.0 81.7927 -1.0 3
1 0.125 nan 0.5 1.0 1.0 85.19213333333333 85.1931 85.49926666666667 84.00613333333334 87.06946512474593 85.2534 1.0 85.4251 -1.0 2
2 1.0 nan 0.5 1.0 1.0 88.44226666666667 88.44343333333333 88.66526666666667 87.43366666666667 90.23626866666666 88.4252 1.0 88.4252 1.0 1
3 nan 0.0625 0.5 -1.0 1.0 93.25903333333333 93.26003333333334 93.5737 90.60346666666666 95.1360982751835 93.467 1.0 93.467 1.0 1
4 0.25 nan 0.5 1.0 1.0 96.4589 96.4597 96.80243333333334 95.5396 98.37563137005624 96.7065 -1.0 96.7065 -1.0 1
5 0.0 nan 0.5 1.0 1.0 100.6692 100.67 103.93356666666666 98.75833333333334 105.50246561728756 103.8055 -1.0 103.8055 -1.0 1
6 0.125 nan 0.5 1.0 1.0 106.4921 106.49293333333334 106.75686666666667 105.94426666666666 108.31919657528726 106.67586666666666 -1.0 106.67586666666666 -1.0 1
7 nan 0.125 0.5 1.0 -1.0 109.2422 109.24326666666667 109.7869 108.6827 112.35870100000001 109.59236666666666 1.0 109.59236666666666 1.0 1
8 0.0625 nan 0.5 1.0 1.0 113.4858 113.48686666666667 113.7508 112.7402 115.32533011838386 113.67023333333333 -1.0 113.67023333333333 -1.0 1
9 0.125 nan 0.5 1.0 1.0 116.23576666666666 116.23686666666667 116.47553333333333 115.69953333333333 118.05863533333333 116.39753333333333 -1.0 116.39753333333333 -1.0 1
10 1.0 nan 0.5 1.0 1.0 118.95233333333333 118.9535 119.19453333333334 118.43003333333333 120.77526408729662 119.12116666666667 -1.0 119.12116666666667 -1.0 1
11 0.0625 nan 0.5 1.0 1.0 121.8023 121.80313333333334 122.09406666666666 121.14876666666666 123.67536866666666 122.02076666666666 -1.0 122.02076666666666 -1.0 1
12 nan 0.25 0.5 1.0 -1.0 124.80236666666667 124.80346666666667 125.3608 124.04816666666666 127.93559901541873 125.03463333333333 1.0 125.03463333333333 1.0 1
13 nan 0.25 0.5 1.0 -1.0 128.89183333333332 128.89276666666666 129.96476666666666 128.3179 132.5586312063594 129.06113333333334 1.0 129.87233333333333 -1.0 2
14 nan 0.25 0.5 -1.0 1.0 133.75223333333332 133.7534 134.13923333333332 132.99763333333334 135.70833533333334 133.93623333333332 1.0 133.93623333333332 1.0 1
15 0.0 nan 0.5 1.0 1.0 137.33546666666666 137.33636666666666 137.78246666666666 136.09903333333332 139.35856517487437 137.53946666666667 1.0 137.6562 -1.0 2
16 0.25 nan 0.5 1.0 1.0 140.3357 140.33666666666667 140.67216666666667 139.73996666666667 142.22516866666666 140.54156666666665 -1.0 140.54156666666665 -1.0 1
17 0.0 nan 0.5 1.0 1.0 143.06873333333334 143.0697 146.1078 142.60666666666665 147.65839962641417 146.01756666666665 -1.0 146.01756666666665 -1.0 1
18 nan 1.0 0.5 1.0 -1.0 148.53536666666668 148.53626666666668 149.0116 148.0457 151.55843200770545 148.72953333333334 1.0 148.72953333333334 1.0 1
19 nan 0.125 0.5 1.0 -1.0 152.61873333333332 152.6199 163.12113333333335 151.94773333333333 165.6853000711869 163.009 -1.0 163.009 -1.0 1
20 0.125 nan 0.5 1.0 1.0 168.4416 168.44243333333333 187.65423333333334 166.0946 189.21853288030837 187.48983333333334 -1.0 187.48983333333334 -1.0 1
21 nan 1.0 0.5 -1.0 1.0 191.90793333333335 191.9089 192.22786666666667 189.65193333333335 193.79116580045343 192.06446666666668 1.0 192.06446666666668 1.0 1
22 0.25 nan 0.5 1.0 1.0 194.7183 194.7192 216.6924 194.18056666666666 218.25159957874484 216.58436666666665 -1.0 216.58436666666665 -1.0 1
23 0.25 nan 0.5 1.0 1.0 219.3743 219.37536666666668 242.63703333333333 218.6968 244.20126479149326 220.57203333333334 -1.0 242.49303333333333 1.0 3
24 1.0 nan 0.5 1.0 1.0 245.24066666666667 245.24183333333335 286.6207 244.64896666666667 288.1902981228166 286.54106666666667 -1.0 286.54106666666667 -1.0 1
25 nan 0.25 0.5 -1.0 1.0 290.00083333333333 290.0018 290.3608 288.7339 291.92383171358574 290.26056666666665 1.0 290.26056666666665 1.0 1
26 nan 0.25 0.5 -1.0 1.0 293.8007 293.80176666666665 294.23623333333336 292.31243333333333 295.8070353333334 293.95573333333334 1.0 293.95573333333334 1.0 1
27 nan 0.0625 0.5 -1.0 1.0 296.90096666666665 296.90206666666666 297.15616666666665 296.20683333333335 298.723664262092 297.0469 1.0 297.0469 1.0 1
28 1.0 nan 0.5 -1.0 -1.0 299.88396666666665 299.88503333333335 306.1236666666667 299.1068666666667 308.7007325984953 300.0623 1.0 306.1042 1.0 3
29 0.0625 nan 0.5 1.0 1.0 309.6068333333333 309.60796666666664 330.05493333333334 309.1111333333333 331.6232333663245 329.93786666666665 -1.0 329.93786666666665 -1.0 1
30 1.0 nan 0.5 -1.0 -1.0 333.30036666666666 333.30146666666667 333.6564666666667 332.0749333333333 336.21706571178584 333.4593 1.0 333.4593 1.0 1
31 nan 0.125 0.5 -1.0 1.0 337.3233 337.3244666666667 337.5801666666667 336.61996666666664 339.1503969244754 337.46183333333335 1.0 337.46183333333335 1.0 1
32 nan 0.0625 0.5 -1.0 1.0 341.2899 341.29106666666667 341.5179 339.6049 343.089902 341.4198 1.0 341.4198 1.0 1
33 nan 0.125 0.5 -1.0 1.0 344.7169666666667 344.7180333333333 344.9540333333333 343.4839 346.51693042375825 344.8703 1.0 344.8703 1.0 1
34 1.0 nan 0.5 1.0 1.0 347.5563 347.55736666666667 357.5342 346.91993333333335 359.1231997941282 357.4035333333333 -1.0 357.4035333333333 -1.0 1
35 nan 1.0 0.5 -1.0 1.0 360.11676666666665 360.1176 361.0257 359.5408 362.6064316030398 360.88866666666667 1.0 360.88866666666667 1.0 1
36 1.0 nan 0.5 1.0 1.0 363.7500333333333 363.7509 398.75823333333335 362.9927333333333 400.3331327657842 367.454 1.0 398.4098666666667 -1.0 2
37 nan 0.0625 0.5 1.0 -1.0 401.3892333333333 401.3903 415.0985333333333 400.81873333333334 417.68903287939975 414.92713333333336 -1.0 414.92713333333336 -1.0 1
38 nan 0.125 0.5 -1.0 1.0 418.7163 418.7171666666667 423.6594666666667 418.1134333333333 425.21626585216836 423.5357333333333 1.0 423.5357333333333 1.0 1
39 nan 0.25 0.5 -1.0 1.0 428.4723666666667 428.47346666666664 428.7245 425.62516666666664 430.28299924351575 428.6145666666667 1.0 428.6145666666667 1.0 1
40 nan 1.0 0.5 -1.0 1.0 431.3557666666667 431.35676666666666 455.3933333333333 430.7029 456.9659658406467 455.26933333333335 1.0 455.26933333333335 1.0 1
41 nan 1.0 0.5 -1.0 1.0 458.08883333333335 458.0899 486.12323333333336 457.4189666666667 487.6720327927533 485.834 -1.0 485.834 -1.0 1
42 0.25 nan 0.5 1.0 1.0 488.6324333333333 488.6333333333333 489.37643333333335 488.14033333333333 490.9385639781954 488.8183 1.0 488.8183 1.0 1
43 0.125 nan 0.5 1.0 1.0 492.1656 492.1666333333333 497.8489 491.3965666666667 499.42180038131704 497.7064 -1.0 497.7064 -1.0 1
44 0.125 nan 0.5 1.0 1.0 500.43216666666666 500.4332333333333 500.62 499.8314 502.18230099999994 500.43246666666664 -1.0 500.43246666666664 -1.0 1
45 nan 0.25 0.5 1.0 -1.0 503.1048 503.1059 509.6118333333333 502.5755 512.1715659573574 509.4999666666667 -1.0 509.4999666666667 -1.0 1
46 0.25 nan 0.5 1.0 1.0 513.1322666666666 513.1331333333334 513.4868666666666 512.5780666666667 515.0548984472913 513.3336666666667 -1.0 513.3336666666667 -1.0 1
47 nan 0.0 0.5 1.0 -1.0 515.9987333333333 515.9998 524.2377333333334 515.4467 526.8049663309148 523.9341333333333 1.0 523.9341333333333 1.0 1
48 0.0625 nan 0.5 -1.0 -1.0 527.8819 527.8830333333333 528.2147 527.2173666666666 530.7713686666666 528.0541333333333 1.0 528.0541333333333 1.0 1
49 0.25 nan 0.5 1.0 1.0 531.6986 531.6996666666666 532.1872 531.1724666666667 533.7712969280309 531.8551333333334 1.0 531.9863 -1.0 2
50 0.0 nan 0.5 1.0 1.0 534.7152 534.7163 549.1615 534.2377 550.7212994386526 535.9110333333333 -1.0 549.1318666666666 -1.0 2
51 nan 0.125 0.5 1.0 -1.0 551.8651333333333 551.8661666666667 564.6807333333334 551.1546 567.2376994314048 564.4395666666667 -1.0 564.4395666666667 -1.0 1
52 0.0625 nan 0.5 1.0 1.0 568.3149333333333 568.3160333333333 572.2735333333334 567.6617 573.8376332472907 572.1021 -1.0 572.1021 -1.0 1
53 nan 0.25 0.5 0.0 -1.0 574.9817 574.9826666666667 634.9838666666667 574.2499333333334 637.4831987972157 615.0747666666666 -1.0 615.0747666666666 -1.0 1
54 nan 0.125 0.5 -1.0 1.0 638.6869666666666 638.6878666666667 688.2343666666667 638.0404 689.814097862427 686.3485666666667 -1.0 688.0617333333333 1.0 2
55 0.25 nan 0.5 1.0 1.0 690.8866333333333 690.8877333333334 692.3632 690.3613 693.930502 692.0771 -1.0 692.0771 -1.0 1
56 1.0 nan 0.5 1.0 1.0 695.0699666666667 695.0710333333334 696.5361333333333 694.4215 698.1200320522632 696.1975666666667 -1.0 696.1975666666667 -1.0 1
57 nan 1.0 0.5 -1.0 1.0 699.0804333333333 699.0813333333333 699.6316333333333 698.5238333333333 701.1969631787094 699.4013 1.0 699.4013 1.0 1
58 0.125 nan 0.5 1.0 1.0 702.3699666666666 702.3709666666666 705.9677666666666 701.6128666666667 707.5528998448336 705.8466666666667 -1.0 705.8466666666667 -1.0 1
59 nan 1.0 0.5 -1.0 1.0 708.6472333333334 708.6482666666667 708.912 707.9635 710.463702 708.8116333333334 1.0 708.8116333333334 1.0 1
60 nan 0.0625 0.5 0.0 -1.0 711.5532 711.5542666666666 771.5554333333333 710.8691 774.0547643959234 737.5717666666667 -1.0 737.8912666666666 1.0 2
61 nan 0.0 0.5 1.0 -1.0 775.2798666666666 775.2807333333334 782.8577 774.6234666666667 785.4357328610868 782.4533 -1.0 782.6932333333333 -1.0 2
62 0.0625 nan 0.5 -1.0 -1.0 786.9462666666667 786.9473 789.2643 785.8521333333333 791.8130665175909 787.1209 1.0 787.1209 1.0 1
63 nan 0.25 0.5 -1.0 1.0 792.9689666666667 792.9699333333333 793.2417666666666 792.2238666666667 794.7961967066287 793.121 1.0 793.121 1.0 1
64 nan 0.125 0.5 -1.0 1.0 795.7690333333334 795.7699 801.3057333333334 795.2818 802.8628335934321 800.2995 -1.0 801.0376 1.0 3
65 nan 0.0 0.5 1.0 -1.0 803.9687666666666 803.9698333333333 813.1231 803.2803333333334 815.6853988268267 812.9735333333333 -1.0 812.9735333333333 -1.0 1
66 0.0625 nan 0.5 1.0 1.0 816.6294 816.6304 817.1984333333334 816.1034 818.7627298458726 816.782 1.0 816.782 1.0 1
67 nan 0.125 0.5 -1.0 1.0 819.7021333333333 819.7030333333333 820.0121333333333 819.1764333333333 821.5855353333334 819.8911 1.0 819.8911 1.0 1
68 nan 0.125 0.5 0.0 -1.0 822.6294666666666 822.6303666666666 882.6315666666667 821.9929333333333 885.1308999676962 nan 0.0 nan 0.0 0
69 0.25 nan 0.5 1.0 1.0 886.2681 886.2692 908.7448333333333 885.6574 910.2953645409308 886.7576666666666 -1.0 908.6707333333334 -1.0 2
70 nan 0.0625 0.5 -1.0 1.0 911.3678 911.3686666666666 911.7188666666667 910.7662666666666 913.2951676666667 911.5201 1.0 911.5201 1.0 1
71 nan 0.0625 0.5 1.0 -1.0 914.4178333333333 914.4186666666667 933.0598333333334 913.6907666666667 935.6342982425098 932.9291 -1.0 932.9291 -1.0 1
72 nan 0.0625 0.5 -1.0 1.0 936.7282 936.7291333333334 937.1074 936.0977 938.6678306684961 936.8889 1.0 937.0008333333334 1.0 2
73 0.0 nan 0.5 1.0 1.0 939.7782666666667 939.7791333333333 969.8688 939.0860333333334 971.4447995373511 969.6452333333333 -1.0 969.6452333333333 -1.0 1
74 1.0 nan 0.5 1.0 1.0 972.4840333333333 972.4851666666667 974.1159333333334 971.9301 975.6781310935485 973.9704 -1.0 973.9704 -1.0 1
75 nan 0.0625 0.5 1.0 -1.0 976.6504333333334 976.6514666666667 998.3373 976.0816333333333 1000.9005662026094 994.6499666666666 -1.0 998.3361333333334 -1.0 4
76 nan 0.0 0.5 -1.0 1.0 1002.0777666666667 1002.0789333333333 1002.501 1001.3678666666667 1004.0778965539317 1002.2380666666667 1.0 1002.4181 1.0 2
77 nan 0.25 0.5 -1.0 1.0 1004.9836666666666 1004.9846 1030.7194333333334 1004.495 1032.3002657954817 1019.4129 1.0 1030.4715333333334 1.0 3
78 0.0625 nan 0.5 -1.0 -1.0 1033.4273 1033.4283666666668 1033.7933666666668 1032.7876666666666 1036.3607686666667 1033.5893 1.0 1033.7715 1.0 2
79 nan 1.0 0.5 -1.0 1.0 1037.3168333333333 1037.318 1037.5436 1036.7896666666666 1039.110595996797 1037.4507666666666 1.0 1037.4507666666666 1.0 1
80 0.0625 nan 0.5 -1.0 -1.0 1041.5834666666667 1041.5843 1041.8199666666667 1039.6204 1044.3942325830628 1041.6033666666667 1.0 1041.6908333333333 1.0 2
81 nan 0.0 0.5 -1.0 1.0 1045.3665666666666 1045.3676 1045.6987333333334 1044.8235333333334 1047.2607353333333 1045.5188666666666 1.0 1045.5188666666666 1.0 1
82 0.125 nan 0.5 1.0 1.0 1048.3498 1048.3509 1059.5477333333333 1047.6706333333334 1061.1166312183832 1059.4182 -1.0 1059.4182 -1.0 1
83 0.25 nan 0.5 1.0 1.0 1062.6271333333334 1062.6281333333334 1063.0514333333333 1061.5489333333333 1064.6272646697735 1062.7824666666668 1.0 1062.9133333333334 -1.0 2
84 0.125 nan 0.5 1.0 1.0 1065.5499666666667 1065.5511 1069.7874666666667 1065.0466666666666 1071.3604999367349 1069.6623333333334 -1.0 1069.6623333333334 -1.0 1
85 0.125 nan 0.5 1.0 1.0 1072.3831 1072.3840333333333 1072.7412 1071.7771 1074.310402 1072.6613666666667 -1.0 1072.6613666666667 -1.0 1
86 nan 1.0 0.5 -1.0 1.0 1075.2330666666667 1075.2340333333334 1075.7596 1074.7274 1077.3331297862328 1075.6181333333334 1.0 1075.6181333333334 1.0 1
87 nan 0.0625 0.5 -1.0 1.0 1078.4603 1078.4613333333334 1104.4985 1077.7447333333334 1106.0662982326062 1104.0634 -1.0 1104.3654333333334 1.0 2
88 nan 1.0 0.5 -1.0 1.0 1108.0934666666667 1108.0944333333334 1108.3065 1106.5445 1109.8769315984616 1108.2146666666667 1.0 1108.2146666666667 1.0 1
89 0.0625 nan 0.5 1.0 1.0 1110.9662333333333 1110.9674 1142.5027 1110.2974333333334 1144.0431317279324 1142.3060333333333 -1.0 1142.3060333333333 -1.0 1
90 nan 1.0 0.8 -1.0 1.0 1145.3826 1145.3834666666667 1145.7266333333334 1144.6626333333334 1147.2991353333332 1145.4673 -1.0 1145.5778333333333 1.0 2
91 0.0625 nan 0.8 -1.0 -1.0 1150.3263333333334 1150.3274 1150.6850666666667 1147.7297333333333 1153.2596661691036 1150.4748666666667 1.0 1150.4748666666667 1.0 1
92 0.25 nan 0.8 -1.0 -1.0 1154.4490666666666 1154.4500666666668 1154.7587 1153.7075666666667 1157.332598562604 1154.6628333333333 1.0 1154.6628333333333 1.0 1
93 0.0 nan 0.8 -1.0 -1.0 1158.8763 1158.8774 1159.16 1157.7494 1161.7096321240808 1159.0138333333334 1.0 1159.0138333333334 1.0 1
94 0.0625 nan 0.8 -1.0 -1.0 1162.8156666666666 1162.8166666666666 1163.086 1162.1315333333334 1165.6429353333333 1162.9514666666666 1.0 1162.9514666666666 1.0 1
95 0.25 nan 0.8 -1.0 -1.0 1166.9655 1166.9663 1167.0803 1166.0596333333333 1169.6323641924332 1166.9462666666666 1.0 1166.9462666666666 1.0 1
96 nan 0.0625 0.8 -1.0 1.0 1170.7595 1170.7606 1170.9831666666666 1170.0480666666667 1172.5323676666667 1170.8871 1.0 1170.8871 1.0 1
97 0.25 nan 0.8 1.0 1.0 1174.5427666666667 1174.5439 1175.4935 1172.9505666666666 1177.0486977886878 1174.6717 1.0 1175.4134333333334 -1.0 3
98 1.0 nan 0.8 1.0 1.0 1178.5427 1178.5435333333332 1178.9147 1177.4856 1180.465730050066 1178.7352333333333 -1.0 1178.7352333333333 -1.0 1
99 0.0625 nan 0.8 1.0 1.0 1181.4426666666666 1181.4435 1182.0266333333334 1180.9051333333334 1183.5761353333332 1181.6081333333334 1.0 1181.6081333333334 1.0 1
100 1.0 nan 0.8 1.0 1.0 1184.5820666666666 1184.5831333333333 1184.8481333333334 1183.9950333333334 1186.415362672767 1184.7608 -1.0 1184.7608 -1.0 1
101 1.0 nan 0.8 1.0 1.0 1187.5259666666666 1187.5271333333333 1188.6289666666667 1186.8418666666666 1190.1925686666668 1188.5079 -1.0 1188.5079 -1.0 1
102 0.25 nan 0.8 1.0 1.0 1191.2988 1191.2997666666668 1191.62 1190.7373666666667 1193.1926971339362 1191.4901333333332 -1.0 1191.4901333333332 -1.0 1
103 0.125 nan 0.8 0.0 -1.0 1194.2153333333333 1194.2164 1254.2176 1193.6124 1256.7169642890576 nan 0.0 nan 0.0 0
104 0.125 nan 0.8 1.0 1.0 1257.7980666666667 1257.7992333333334 1261.0932 1257.3036666666667 1262.6648994797663 1260.9325333333334 -1.0 1260.9325333333334 -1.0 1
105 nan 0.0625 0.8 -1.0 1.0 1266.4253666666666 1266.4261666666666 1266.7708333333333 1263.1034 1268.3481317100966 1266.5701333333334 1.0 1266.5701333333334 1.0 1
106 0.0625 nan 0.8 -1.0 -1.0 1269.8753333333334 1269.8761333333334 1270.1778 1268.7961333333333 1272.7419663513099 1270.0579 1.0 1270.0579 1.0 1
107 0.0625 nan 0.8 -1.0 -1.0 1273.6481666666666 1273.6491 1322.6427333333334 1273.1777666666667 1325.2142675335006 1322.5430333333334 1.0 1322.5430333333334 1.0 1
108 0.25 nan 0.8 -1.0 -1.0 1326.2748333333334 1326.2757333333334 1330.596 1325.7634666666668 1333.1581991308017 1330.3392333333334 1.0 1330.3392333333334 1.0 1
109 0.25 nan 0.8 1.0 1.0 1334.0975 1334.0983 1342.8681666666666 1333.5975 1344.4245649734876 1342.5343666666668 -1.0 1342.7792333333334 -1.0 2
110 0.125 nan 0.8 -1.0 -1.0 1345.4973 1345.4982333333332 1345.8132333333333 1344.8803666666668 1348.3805983651343 1345.6519666666666 1.0 1345.6519666666666 1.0 1
111 0.25 nan 0.8 1.0 1.0 1349.4245666666666 1349.4255333333333 1349.8564 1348.809 1351.4244306155274 1349.7674666666667 -1.0 1349.7674666666667 -1.0 1
112 0.25 nan 0.8 1.0 1.0 1352.5305 1352.5315 1352.8382333333334 1351.8556333333333 1354.3973353333333 1352.5817 1.0 1352.7522 -1.0 2
113 nan 1.0 0.8 -1.0 1.0 1355.5077666666666 1355.5088333333333 1355.9952333333333 1354.9420333333333 1357.56396414481 1355.8829 1.0 1355.8829 1.0 1
114 0.0625 nan 0.8 1.0 1.0 1359.4410333333333 1359.4421333333332 1359.8736666666666 1357.9754666666668 1361.4472686666666 1359.6222 1.0 1359.6222 1.0 1
115 0.25 nan 0.8 1.0 1.0 1362.3911 1362.3921 1362.7762 1361.8802666666666 1364.3470967658818 1362.5725333333332 -1.0 1362.5725333333332 -1.0 1
116 0.125 nan 0.8 1.0 1.0 1365.5243666666668 1365.5254 1365.8073 1364.8066 1367.380402 1365.7278 -1.0 1365.7278 -1.0 1
117 0.125 nan 0.8 1.0 1.0 1368.3077 1368.3087 1385.463 1367.8115 1387.030332158405 1385.0621 1.0 1385.355 -1.0 2
118 nan 0.25 0.8 -1.0 1.0 1388.3742666666667 1388.3752333333334 1388.7465333333334 1387.4991333333332 1390.3074343333333 1388.5204333333334 1.0 1388.5204333333334 1.0 1
119 0.0625 nan 0.8 1.0 1.0 1391.3802666666666 1391.3812 1391.7700666666667 1390.7455333333332 1393.3407638871797 1391.6572333333334 -1.0 1391.6572333333334 -1.0 1
120 nan 0.0625 0.8 -1.0 1.0 1394.2967666666666 1394.2978333333333 1394.6001666666666 1393.7751666666666 1396.1573686666666 1394.4528 1.0 1394.4528 1.0 1
121 nan 0.0625 0.8 1.0 -1.0 1397.2135666666666 1397.2144666666666 1424.3189333333332 1396.5939666666666 1426.8904654361488 1423.3627333333334 -1.0 1424.2841666666666 -1.0 2
122 0.0 nan 0.8 1.0 1.0 1427.9799 1427.9809 1445.7934666666667 1427.3878666666667 1447.35706629265 1445.6428333333333 -1.0 1445.6428333333333 -1.0 1
123 nan 0.25 0.2 -1.0 1.0 1449.9796 1449.9807333333333 1450.3779 1447.8426666666667 1451.946398818554 1450.2212 1.0 1450.2212 1.0 1
124 0.125 nan 0.2 1.0 1.0 1452.9234333333334 1452.9243666666666 1458.7723333333333 1452.3794 1460.3461650970924 1458.5413 -1.0 1458.5413 -1.0 1
125 nan 0.125 0.2 1.0 -1.0 1462.4903666666667 1462.4913 1518.6821666666667 1460.7968666666666 1521.2394978095829 1462.9324333333334 1.0 1518.5422333333333 -1.0 4
126 nan 0.0 0.2 1.0 -1.0 1522.5456333333334 1522.5465 1548.5512666666666 1521.8236 1551.106198588859 1522.9322333333334 1.0 1548.4066 -1.0 3
127 1.0 nan 0.2 1.0 1.0 1552.0953333333334 1552.0962333333334 1552.4245 1551.6143 1553.978802 1552.2915666666668 -1.0 1552.2915666666668 -1.0 1
128 nan 0.25 0.2 -1.0 1.0 1555.0559333333333 1555.0568666666666 1555.4287 1554.4056 1556.9787304950387 1555.2033 1.0 1555.2033 1.0 1
129 nan 0.0 0.2 1.0 -1.0 1557.9227333333333 1557.9238666666668 1570.5347666666667 1557.4156333333333 1573.0951990453743 1570.1777 -1.0 1570.3576 -1.0 2
130 nan 0.0625 0.2 1.0 -1.0 1574.0558666666666 1574.0567333333333 1574.6104 1573.5688 1577.1724316841958 1574.392 -1.0 1574.392 -1.0 1
131 nan 0.0625 0.2 1.0 -1.0 1578.3284666666666 1578.3293666666666 1595.8562 1577.6154333333334 1598.4282657130013 1579.5470666666668 -1.0 1595.7869333333333 -1.0 3
132 0.0625 nan 0.2 -1.0 -1.0 1599.4054666666666 1599.4065 1649.8924333333334 1598.8997666666667 1652.4550654667457 1599.5989666666667 1.0 1649.589 -1.0 3
133 nan 0.25 0.2 -1.0 1.0 1654.0944666666667 1654.0957333333333 1654.433 1653.0324666666668 1656.0111966937477 1654.2614 1.0 1654.2614 1.0 1
134 nan 0.0 0.2 -1.0 1.0 1657.4882 1657.4890666666668 1657.8435 1656.4531 1659.427701 1657.6475333333333 1.0 1657.6475333333333 1.0 1
135 nan 0.0625 0.2 1.0 -1.0 1660.4717333333333 1660.4727 1671.7059333333334 1659.8726 1674.2716987850483 1660.6356333333333 1.0 1671.5229 -1.0 2
136 nan 0.125 0.2 -1.0 1.0 1675.3274 1675.3282333333334 1675.6627 1674.75 1677.2276292860226 1675.4956333333334 1.0 1675.4956333333334 1.0 1
137 1.0 nan 0.2 0.0 -1.0 1678.2046666666668 1678.2055333333333 1738.2067 1677.6697333333334 1740.7060975839427 nan 0.0 nan 0.0 0
138 1.0 nan 0.2 1.0 1.0 1741.8937 1741.8947 1742.6872 1741.2989 1744.254202 1742.4231666666667 -1.0 1742.4231666666667 -1.0 1
139 0.0 nan 0.2 -1.0 -1.0 1745.1769666666667 1745.178 1745.5676666666666 1744.6898 1748.143430586233 1745.3702333333333 1.0 1745.3702333333333 1.0 1
140 nan 0.125 0.2 1.0 -1.0 1749.7542333333333 1749.7553333333333 1762.5222 1748.5808333333334 1765.110132482785 1762.3561666666667 -1.0 1762.3561666666667 -1.0 1
141 nan 0.0 0.2 -1.0 1.0 1766.0706666666667 1766.0715 1766.4358333333332 1765.5951333333333 1768.0040343333333 1766.2022 1.0 1766.2022 1.0 1
142 nan 0.25 0.2 1.0 -1.0 1769.1767 1769.1778 1769.2801333333334 1768.4623333333334 1771.8539648165513 1769.0775 -1.0 1769.0775 -1.0 1
143 nan 0.125 0.2 -1.0 1.0 1772.8433 1772.8441333333333 1773.1530666666667 1772.2968666666666 1774.7206966683996 1772.9764 1.0 1772.9764 1.0 1
144 nan 0.25 0.2 -1.0 1.0 1775.9100666666666 1775.9114333333334 1791.0853 1775.1822 1792.63729826131 1790.9748 1.0 1790.9748 1.0 1
145 nan 1.0 0.2 -1.0 1.0 1796.8764666666666 1796.8773 1797.0990333333334 1793.1288 1798.670432691534 1796.9979 1.0 1796.9979 1.0 1
146 nan 0.0625 0.2 -1.0 1.0 1799.7596666666666 1799.7605666666666 1800.0248333333334 1799.1474333333333 1801.6097353333334 1799.8946 1.0 1799.8946 1.0 1
147 nan 0.25 0.2 1.0 -1.0 1802.7370333333333 1802.7378666666666 1833.4056333333333 1802.0545333333334 1835.95943218074 1814.4535666666666 1.0 1833.2940333333333 -1.0 3
148 0.0 nan 0.2 -1.0 -1.0 1839.5533333333333 1839.5542666666668 1839.9162666666666 1836.5024333333333 1842.4700970197125 1839.8100666666667 1.0 1839.8100666666667 1.0 1
149 nan 0.25 0.2 -1.0 1.0 1843.9092666666666 1843.9102666666668 1844.2255 1842.9519 1845.786502 1844.1017333333334 1.0 1844.1017333333334 1.0 1
150 nan 0.125 0.2 -1.0 1.0 1847.1594666666667 1847.1605333333334 1847.4584 1846.242 1849.0260307841397 1847.3367333333333 1.0 1847.3367333333333 1.0 1
151 nan 0.25 0.2 -1.0 1.0 1849.9197333333334 1849.9208666666666 1850.1959333333334 1849.4660333333334 1851.7533353333333 1850.0684 1.0 1850.0684 1.0 1
152 nan 1.0 0.2 -1.0 1.0 1852.7093666666667 1852.7105 1874.0620666666666 1852.2040333333334 1875.6197657781909 1865.5415666666668 1.0 1873.7533 1.0 4
153 nan 1.0 0.2 -1.0 1.0 1877.6920666666667 1877.6929666666667 1877.9265 1876.1382666666666 1879.4924969247136 1877.8266666666666 1.0 1877.8266666666666 1.0 1
154 nan 0.125 0.2 -1.0 1.0 1882.3030666666666 1882.3039333333334 1882.5451333333333 1879.9597 1884.1030319224515 1882.4463 1.0 1882.4463 1.0 1
155 0.25 nan 0.2 1.0 1.0 1885.2421666666667 1885.2432333333334 1885.6760333333334 1884.5753333333334 1887.2530353333334 1885.3712666666668 1.0 1885.3712666666668 1.0 1
156 nan 1.0 0.2 -1.0 1.0 1888.4756 1888.4765333333332 1888.9440666666667 1887.7105333333334 1890.5255639158063 1888.8284 1.0 1888.8284 1.0 1
157 nan 0.0625 0.2 1.0 -1.0 1891.4528666666668 1891.4541666666667 1892.2115 1890.9934666666666 1894.7693983444315 1892.0699 -1.0 1892.0699 -1.0 1
158 nan 0.0625 0.2 1.0 -1.0 1895.7587333333333 1895.7598 1908.4690333333333 1895.2345 1911.0192989528648 1908.2557 -1.0 1908.2557 -1.0 1
159 0.25 nan 0.2 1.0 1.0 1912.1420666666668 1912.1430333333333 1912.9344 1911.5154 1914.486102 1912.2759333333333 1.0 1912.2759333333333 1.0 1
160 nan 0.125 0.2 1.0 -1.0 1915.5588 1915.5596666666668 1915.9496666666666 1914.9565 1918.5025314800016 1915.7393333333334 1.0 1915.7393333333334 1.0 1
161 0.25 nan 0.2 1.0 1.0 1919.4753333333333 1919.4763 1941.0782666666667 1918.9660333333334 1942.6523657873079 1939.958 -1.0 1940.9221 -1.0 3
162 nan 0.0625 0.2 -1.0 1.0 1943.6751333333334 1943.6761333333334 1943.9590666666666 1943.1751666666667 1945.53569550342 1943.8488333333332 1.0 1943.8488333333332 1.0 1
163 nan 0.25 0.2 -1.0 1.0 1946.6083 1946.6094333333333 1946.8824 1946.0018 1948.441602 1946.7578 1.0 1946.7578 1.0 1
164 nan 0.0625 0.2 -1.0 1.0 1949.4522666666667 1949.4530666666667 1949.8257 1948.9136 1951.3855300757575 1949.6111 1.0 1949.6111 1.0 1
165 nan 0.125 0.2 1.0 -1.0 1952.5750333333333 1952.5760333333333 1962.4819666666667 1951.8484333333333 1965.0355996073597 1962.1281 -1.0 1962.1281 -1.0 1
166 nan 0.0625 0.2 0.0 -1.0 1966.2249666666667 1966.2259333333334 2026.2271333333333 1965.5265 2028.7264651221926 1966.3477666666668 1.0 1966.3477666666668 1.0 1
167 nan 0.0625 0.2 1.0 -1.0 2029.9183 2029.9194333333332 2079.861066666667 2029.3433666666667 2082.440297278445 2079.3784 1.0 2079.5833333333335 -1.0 2
168 nan 1.0 0.2 -1.0 1.0 2083.651066666667 2083.6520333333333 2083.96 2083.0398 2085.5344020000002 2083.8083 1.0 2083.8083 1.0 1
169 0.0 nan 0.2 -1.0 -1.0 2086.6736666666666 2086.6747 2086.9803666666667 2086.0054 2089.550931419347 2086.8252666666667 1.0 2086.8252666666667 1.0 1
170 nan 1.0 0.2 1.0 -1.0 2090.590133333333 2090.591 2092.1736333333333 2090.0226333333335 2094.7569655981947 2092.0171666666665 -1.0 2092.0171666666665 -1.0 1
171 nan 0.0625 0.2 -1.0 1.0 2095.817666666667 2095.8186 2096.1190666666666 2095.236966666667 2097.684296419519 2095.9908 1.0 2095.9908 1.0 1
172 nan 0.25 0.2 -1.0 1.0 2098.8235666666665 2098.8246 2099.1113 2098.1764 2100.690402 2098.9916 1.0 2098.9916 1.0 1
173 nan 0.125 0.2 1.0 -1.0 2101.7509333333333 2101.7519 2122.6511 2101.1752 2125.2173640883884 2121.7247666666667 -1.0 2122.5155666666665 -1.0 4
174 nan 0.0625 0.2 1.0 -1.0 2126.439766666667 2126.4407333333334 2149.250233333333 2125.7448666666664 2151.8172983711074 2149.1065 -1.0 2149.1065 -1.0 1
175 nan 0.0625 0.2 -1.0 1.0 2152.856333333333 2152.8572 2153.1493 2152.3417 2154.723129856565 2153.0149666666666 1.0 2153.0149666666666 1.0 1
176 nan 1.0 0.2 -1.0 1.0 2155.9171 2155.918166666667 2156.1970333333334 2155.191333333333 2157.767035333333 2156.0457333333334 1.0 2156.0457333333334 1.0 1
177 nan 0.0 0.2 1.0 -1.0 2158.7397 2158.7408333333333 2205.3234666666667 2158.246833333333 2207.8727316999493 2158.8897333333334 1.0 2205.037566666667 -1.0 2
178 nan 0.0625 0.2 -1.0 1.0 2209.0832 2209.0841 2209.6165333333333 2208.481133333333 2211.183163604642 2209.3142333333335 1.0 2209.5117 1.0 2
179 0.0625 nan 0.2 1.0 1.0 2212.4389666666666 2212.4401 2225.6354333333334 2211.6669666666667 2227.1997655238874 2225.352533333333 -1.0 2225.352533333333 -1.0 1
180 nan 0.0625 0.2 1.0 -1.0 2228.3056 2228.306633333333 2248.398133333333 2227.7037666666665 2250.949798894168 2228.7916666666665 -1.0 2248.360133333333 -1.0 2
181 0.125 nan 0.2 -1.0 -1.0 2252.1221666666665 2252.1231 2283.1008666666667 2251.5042 2285.665897739877 2252.2557 1.0 2283.0565 1.0 2
182 nan 0.0625 0.2 -1.0 1.0 2287.121833333333 2287.1228333333333 2287.5054 2286.4094 2289.055230301585 2287.3024333333333 1.0 2287.3024333333333 1.0 1
183 nan 0.0 0.2 1.0 -1.0 2290.5158 2290.5168 2291.3718 2289.525633333333 2293.9158353333337 2290.996166666667 -1.0 2290.996166666667 -1.0 1
184 0.125 nan 0.2 1.0 1.0 2295.121833333333 2295.122766666667 2295.7359666666666 2294.4014333333334 2297.2882629118426 2295.2460666666666 1.0 2295.555066666667 -1.0 2
185 0.0 nan 0.2 1.0 1.0 2298.3324 2298.3334 2303.2662 2297.7685666666666 2304.821598840014 2303.0943333333335 -1.0 2303.0943333333335 -1.0 1
186 nan 0.25 0.2 -1.0 1.0 2305.849133333333 2305.850033333333 2306.1329333333333 2305.3103 2307.698929708393 2306.019366666667 1.0 2306.019366666667 1.0 1
187 nan 0.0 0.2 1.0 -1.0 2308.8218 2308.8226666666665 2309.3116666666665 2308.1838333333335 2311.88826481759 2308.9724333333334 1.0 2308.9724333333334 1.0 1
188 nan 1.0 0.2 -1.0 1.0 2312.9157666666665 2312.9166333333333 2313.3872666666666 2312.371866666667 2314.9489686666666 2313.2361333333333 1.0 2313.2361333333333 1.0 1
189 nan 0.125 0.2 -1.0 1.0 2315.9717333333333 2315.9726 2316.9746 2315.429866666667 2318.5489965247866 2316.4437 1.0 2316.8211 1.0 2
190 nan 1.0 0.2 -1.0 1.0 2319.588333333333 2319.589266666667 2320.0023 2319.0327 2321.5655020000004 2319.9121333333333 1.0 2319.9121333333333 1.0 1
191 0.0625 nan 0.2 -1.0 -1.0 2322.6548333333335 2322.6559 2349.8200333333334 2322.0601 2352.365298341409 2349.6505333333334 1.0 2349.6505333333334 1.0 1
192 nan 0.0625 0.2 -1.0 1.0 2353.5544333333332 2353.5553333333332 2354.2921 2352.93 2355.8713296007486 2353.8119333333334 1.0 2354.2195 1.0 2
193 nan 1.0 0.8 -1.0 1.0 2357.0651666666668 2357.066 2362.9775666666665 2356.3580333333334 2364.5545657458565 2362.6023333333333 1.0 2362.8466333333336 1.0 2
194 0.0625 nan 0.8 1.0 1.0 2365.6984666666667 2365.6992333333333 2400.2102666666665 2365.055766666667 2401.7707984445847 2400.0294 -1.0 2400.0294 -1.0 1
195 1.0 nan 0.8 1.0 1.0 2403.9814 2403.982266666667 2404.362 2402.3389 2405.937702 2404.0961666666667 1.0 2404.0961666666667 1.0 1
196 0.0 nan 0.8 -1.0 -1.0 2407.1982666666668 2407.1992333333333 2407.4875666666667 2406.4407 2410.048131332764 2407.3496666666665 1.0 2407.3496666666665 1.0 1
197 0.0 nan 0.8 1.0 1.0 2411.020666666667 2411.0215333333335 2411.3818333333334 2410.5401333333334 2412.9540620096536 2411.1568666666667 1.0 2411.1568666666667 1.0 1
198 nan 0.125 0.8 1.0 -1.0 2414.1480333333334 2414.148833333333 2423.7578 2413.4474666666665 2426.3148327524414 2414.3402 1.0 2423.7041 -1.0 5
199 nan 0.0625 0.8 1.0 -1.0 2427.4538666666667 2427.4547333333335 2428.0304 2426.8330333333333 2430.603863450146 2427.6062 1.0 2427.8216 -1.0 2
200 0.25 nan 0.8 1.0 1.0 2431.7811666666666 2431.7820333333334 2432.5416666666665 2431.3034666666667 2434.1146686666666 2432.0532 -1.0 2432.4874666666665 -1.0 2
201 nan 0.25 0.8 -1.0 1.0 2435.2203666666665 2435.2213333333334 2435.5305 2434.600066666667 2437.097796538761 2435.391833333333 1.0 2435.391833333333 1.0 1
202 0.125 nan 0.8 1.0 1.0 2438.2871333333333 2438.2879666666668 2438.6409 2437.5872 2440.197730064482 2438.416366666667 1.0 2438.416366666667 1.0 1
203 0.0 nan 0.8 1.0 1.0 2441.3868666666667 2441.3879333333334 2442.9047333333333 2440.6878333333334 2444.4811343333336 2442.5919 -1.0 2442.5919 -1.0 1
204 nan 1.0 0.8 -1.0 1.0 2445.653766666667 2445.6549 2446.001366666667 2444.9871333333335 2447.5870634206444 2445.808433333333 1.0 2445.808433333333 1.0 1
205 0.25 nan 0.8 1.0 1.0 2448.797666666667 2448.798566666667 2450.1850666666664 2448.0726666666665 2451.7643970659788 2449.8577 -1.0 2449.8577 -1.0 1
206 nan 0.125 0.8 1.0 -1.0 2452.8702 2452.8712 2482.6943 2452.2584 2485.270298602964 2472.6336666666666 -1.0 2482.6039333333333 -1.0 5
207 nan 0.0625 0.8 1.0 -1.0 2486.3306333333335 2486.3316 2486.917266666667 2485.8407 2489.497402 2486.7144 -1.0 2486.7144 -1.0 1
208 1.0 nan 0.8 1.0 1.0 2490.5533333333333 2490.5542333333333 2490.899033333333 2490.0034 2492.4867297095484 2490.8047333333334 -1.0 2490.8047333333334 -1.0 1
209 0.125 nan 0.8 -1.0 -1.0 2493.4974333333334 2493.4985333333334 2533.1075666666666 2492.9907333333335 2535.6695983200493 2493.632 1.0 2533.003366666667 1.0 2
210 0.125 nan 0.8 -1.0 -1.0 2536.8800666666666 2536.880866666667 2537.1975333333335 2536.2668 2539.7860020000003 2537.0195 1.0 2537.0195 1.0 1
211 0.25 nan 0.8 -1.0 -1.0 2540.796766666667 2540.7978333333335 2542.387166666667 2540.2953 2544.946932038048 2541.6988333333334 -1.0 2542.0140666666666 1.0 2
212 nan 0.125 0.8 -1.0 1.0 2548.2028333333333 2548.2038 2548.5788666666667 2545.4572333333335 2550.152765303603 2548.3713666666667 1.0 2548.3713666666667 1.0 1
213 0.25 nan 0.8 1.0 1.0 2551.2301 2551.2311 2551.5914666666667 2550.679666666667 2553.1526962797707 2551.3573666666666 1.0 2551.3573666666666 1.0 1
214 nan 0.25 0.2 -1.0 1.0 2555.3968666666665 2555.3977333333332 2555.6529 2553.665 2557.213402 2555.5252666666665 1.0 2555.5252666666665 1.0 1
215 nan 0.125 0.2 -1.0 1.0 2558.2192333333332 2558.2203666666665 2558.4338333333335 2557.7148 2560.002629393249 2558.328933333333 1.0 2558.328933333333 1.0 1
216 nan 0.0625 0.2 -1.0 1.0 2561.2633 2561.264366666667 2561.5997333333335 2560.4987333333333 2563.163463347147 2561.3856333333333 1.0 2561.3856333333333 1.0 1
217 nan 0.0625 0.2 -1.0 1.0 2564.152666666667 2564.1537 2564.450566666667 2563.6694666666667 2566.013268666667 2564.3068 1.0 2564.3068 1.0 1
218 nan 0.0 0.2 -1.0 1.0 2567.3191 2567.3199666666665 2567.5099666666665 2566.515066666667 2569.0693964695006 2567.409166666667 1.0 2567.409166666667 1.0 1
219 0.0 nan 0.2 1.0 1.0 2570.096433333333 2570.0972666666667 2581.533266666667 2569.5775 2583.0798651713244 2581.3623666666667 -1.0 2581.3623666666667 -1.0 1
220 0.125 nan 0.2 -1.0 -1.0 2584.5023 2584.503166666667 2584.7401666666665 2583.8269666666665 2587.2964977412744 2584.6173 1.0 2584.6173 1.0 1
221 nan 0.125 0.2 1.0 -1.0 2588.3858333333333 2588.3868 2614.1886 2587.8047 2616.7463653767327 2588.5752666666667 1.0 2613.9641333333334 -1.0 2
222 0.0625 nan 0.2 1.0 1.0 2617.8519666666666 2617.8532333333333 2618.3271666666665 2617.329166666667 2619.9020955055885 2618.207933333333 -1.0 2618.207933333333 -1.0 1
223 nan 1.0 0.2 -1.0 1.0 2621.3627333333334 2621.363566666667 2621.8515 2620.4099 2623.412802 2621.502266666667 1.0 2621.619366666667 1.0 2
224 nan 0.125 0.2 -1.0 1.0 2624.4688333333334 2624.469866666667 2624.6991 2623.9252 2626.252128238154 2624.5912 1.0 2624.5912 1.0 1
225 nan 0.0625 0.2 1.0 -1.0 2627.4128666666666 2627.4138333333335 2660.8839 2626.7728333333334 2663.445832057364 2628.3479666666667 1.0 2660.6183333333333 -1.0 2
226 0.0 nan 0.2 1.0 1.0 2664.6684333333333 2664.6695666666665 2667.4482666666668 2664.0565333333334 2669.0124644935768 2667.138233333333 -1.0 2667.138233333333 -1.0 1
227 1.0 nan 0.2 -1.0 -1.0 2670.3348666666666 2670.3358333333335 2672.5725 2669.5338666666667 2675.1350991404433 2672.4818333333333 1.0 2672.4818333333333 1.0 1
228 0.0625 nan 0.2 -1.0 -1.0 2676.1789 2676.1798 2676.4448 2675.6607 2679.034730804388 2676.3440333333333 1.0 2676.3440333333333 1.0 1
229 nan 0.25 0.2 -1.0 1.0 2680.0788 2680.0797666666667 2680.3114333333333 2679.5652333333333 2681.885162567025 2680.213566666667 1.0 2680.213566666667 1.0 1
230 1.0 nan 0.2 1.0 1.0 2683.9620666666665 2683.9631 2684.292266666667 2682.4047666666665 2685.8516686666667 2684.0595333333335 1.0 2684.0595333333335 1.0 1
231 nan 0.25 0.2 -1.0 1.0 2687.1287666666667 2687.1297 2687.7578 2686.3714666666665 2689.3182970394955 2687.6712333333335 1.0 2687.6712333333335 1.0 1
232 1.0 nan 0.2 1.0 1.0 2690.3286333333335 2690.3297 2690.6653 2689.8335 2692.22872942514 2690.4539666666665 1.0 2690.4539666666665 1.0 1
233 nan 0.25 0.2 -1.0 1.0 2693.4348 2693.4356666666667 2693.7818333333335 2692.7447333333334 2695.3515353333337 2693.5432333333333 1.0 2693.5432333333333 1.0 1
234 1.0 nan 0.2 1.0 1.0 2696.5286666666666 2696.5296333333335 2696.8858333333333 2695.8702333333335 2698.4455630211805 2696.6712333333335 1.0 2696.6712333333335 1.0 1
235 nan 0.0 0.2 1.0 -1.0 2699.551466666667 2699.5526333333332 2712.6368666666667 2698.9706666666666 2715.195265291121 2712.5009666666665 -1.0 2712.5009666666665 -1.0 1
236 nan 0.25 0.2 -1.0 1.0 2716.3346 2716.3355 2716.7374666666665 2715.7620666666667 2718.2953676666666 2716.5948333333336 1.0 2716.5948333333336 1.0 1
237 nan 0.0625 0.2 -1.0 1.0 2719.3344666666667 2719.335466666667 2719.6214666666665 2718.8143666666665 2721.184495065095 2719.4566333333332 1.0 2719.4566333333332 1.0 1
238 nan 0.0625 0.2 -1.0 1.0 2722.3785 2722.3794666666668 2722.6962 2721.6979 2724.2785019999997 2722.5168 1.0 2722.5168 1.0 1
239 nan 0.0625 0.2 1.0 -1.0 2725.3344666666667 2725.335433333333 2764.1678 2724.799 2766.7282627578934 2742.5260333333335 -1.0 2764.1372666666666 -1.0 2
240 nan 0.0625 0.2 -1.0 1.0 2768.1673333333333 2768.1681 2768.9627666666665 2767.5145666666667 2770.5507970063654 2768.3110333333334 1.0 2768.8870333333334 1.0 2
241 nan 0.25 0.2 -1.0 1.0 2772.0781666666667 2772.0791 2772.3576 2771.0858 2773.9281020000003 2772.2021666666665 1.0 2772.2021666666665 1.0 1
242 nan 0.25 0.2 -1.0 1.0 2775.334 2775.3351333333335 2781.247733333333 2774.6876 2782.8338635351283 2780.9336333333335 1.0 2781.1707666666666 1.0 2
243 nan 0.25 0.2 -1.0 1.0 2783.8613 2783.8623333333335 2784.115766666667 2783.372066666667 2785.694568666667 2783.9926 1.0 2783.9926 1.0 1
244 1.0 nan 0.8 0.0 -1.0 2786.8505 2786.8516666666665 2846.8529 2786.225966666667 2849.3521644118064 nan 0.0 nan 0.0 0
245 1.0 nan 0.8 1.0 1.0 2850.6606666666667 2850.6615333333334 2851.0026666666668 2850.0308666666665 2852.566668666667 2850.6518666666666 -1.0 2850.9436333333333 -1.0 2
246 0.25 nan 0.8 1.0 1.0 2854.1606 2854.161866666667 2854.4872666666665 2853.0959666666668 2856.049996981232 2854.2780333333335 1.0 2854.2780333333335 1.0 1
247 0.25 nan 0.8 1.0 1.0 2857.2604666666666 2857.2615 2857.5725 2856.5736 2859.127501 2857.444933333333 -1.0 2857.444933333333 -1.0 1
248 1.0 nan 0.8 1.0 1.0 2860.3331 2860.3341333333333 2860.613533333333 2859.6555 2862.194129580609 2860.531 -1.0 2860.531 -1.0 1
249 1.0 nan 0.8 1.0 1.0 2863.2999666666665 2863.3011333333334 2863.4944333333333 2862.7236333333335 2865.0604343333334 2863.4200666666666 -1.0 2863.4200666666666 -1.0 1
250 1.0 nan 0.8 1.0 1.0 2866.3163 2866.3171666666667 2881.9760333333334 2865.594433333333 2883.5436634874827 2874.613966666667 -1.0 2881.8893 -1.0 4
251 1.0 nan 0.8 1.0 1.0 2884.8829333333333 2884.8839666666668 2885.2520666666665 2884.1244666666666 2886.833067666667 2885.0206333333335 1.0 2885.1189 -1.0 2
252 0.125 nan 0.8 -1.0 -1.0 2887.9103 2887.9113 2888.3113 2887.3627666666666 2890.8827976371613 2888.0627 1.0 2888.0627 1.0 1
253 0.25 nan 0.8 1.0 1.0 2892.060266666667 2892.0612666666666 2892.465 2891.4129 2894.026828653305 2892.1984666666667 1.0 2892.1984666666667 1.0 1
254 nan 0.0 0.8 1.0 -1.0 2895.9160666666667 2895.9169 2922.774733333333 2894.5637333333334 2925.332798693404 2896.0990333333334 1.0 2922.6882666666666 -1.0 3
255 1.0 nan 0.8 1.0 1.0 2926.5598666666665 2926.5607 2926.9109333333336 2925.9556 2928.4766294627925 2926.8148333333334 -1.0 2926.8148333333334 -1.0 1
256 nan 0.25 0.8 -1.0 1.0 2929.7826333333333 2929.7836666666667 2930.1847333333335 2929.015533333333 2931.7432353333334 2929.9701 1.0 2929.9701 1.0 1
257 0.0625 nan 0.8 1.0 1.0 2932.7993 2932.800333333333 2954.8299 2932.2824333333333 2956.3990980640842 2954.6923 -1.0 2954.6923 -1.0 1
258 0.125 nan 0.8 -1.0 -1.0 2958.159633333333 2958.1604666666667 2961.0498 2956.9824 2963.6322327826997 2958.2755666666667 1.0 2961.0263666666665 1.0 2
259 1.0 nan 0.8 1.0 1.0 2964.7096666666666 2964.7107666666666 2964.9897333333333 2964.183233333333 2966.543162491421 2964.8773666666666 -1.0 2964.8773666666666 -1.0 1
260 0.125 nan 0.8 1.0 1.0 2967.5489 2967.5497333333333 2967.9234666666666 2967.0797666666667 2969.4764686666667 2967.7894 -1.0 2967.7894 -1.0 1
261 0.0625 nan 0.8 1.0 1.0 2970.865333333333 2970.8664 2971.157366666667 2970.007666666667 2972.709496384279 2971.0239 1.0 2971.0239 1.0 1
262 1.0 nan 0.8 1.0 1.0 2973.865566666667 2973.8663666666666 2974.2872 2973.2569 2975.842802 2974.1997 -1.0 2974.1997 -1.0 1
263 0.25 nan 0.8 1.0 1.0 2977.1321333333335 2977.133 2977.4902333333334 2976.3746 2979.048827634114 2977.386466666667 -1.0 2977.386466666667 -1.0 1
264 nan 1.0 0.8 1.0 -1.0 2980.592833333333 2980.5937 2986.339266666667 2979.852033333333 2988.8926981447344 2986.1934 -1.0 2986.1934 -1.0 1
265 nan 0.125 0.2 1.0 -1.0 2990.082 2990.0829 2990.4429 2989.4476 2992.992602 2990.3232666666668 -1.0 2990.3232666666668 -1.0 1
266 nan 0.0625 0.2 1.0 -1.0 2994.1320666666666 2994.132866666667 3004.907133333333 2993.5323 3007.4759980428844 3004.6826333333333 -1.0 3004.6826333333333 -1.0 1
267 nan 0.25 0.2 -1.0 1.0 3008.5651333333335 3008.5661333333333 3008.9199 3008.0505 3010.49252920045 3008.8112 1.0 3008.8112 1.0 1
268 nan 0.25 0.2 0.0 -1.0 3011.665 3011.6660666666667 3071.6673 3011.043133333333 3074.1665979648424 3011.8015333333333 1.0 3034.059366666667 -1.0 3
269 nan 0.0625 0.2 -1.0 1.0 3075.4585666666667 3075.4596333333334 3076.0276 3074.869 3077.5919297631835 3075.8157333333334 1.0 3075.8157333333334 1.0 1
270 0.125 nan 0.2 1.0 1.0 3078.7310333333335 3078.7319333333335 3123.3701 3078.138233333333 3124.947498291774 3123.2060333333334 -1.0 3123.2060333333334 -1.0 1
271 nan 1.0 0.2 -1.0 1.0 3126.774733333333 3126.775633333333 3127.0499333333332 3125.6076 3128.630829148199 3126.9106666666667 1.0 3126.9106666666667 1.0 1
272 nan 1.0 0.2 1.0 -1.0 3129.6745666666666 3129.675566666667 3136.8965 3129.187733333333 3139.464098490108 3129.796966666667 1.0 3136.6927333333333 -1.0 3
273 nan 0.125 0.2 1.0 -1.0 3140.774733333333 3140.7758 3155.5787 3140.0352 3158.147298761451 3141.042 1.0 3155.5361 -1.0 2
274 nan 1.0 0.2 -1.0 1.0 3159.291 3159.292 3175.2871 3158.7535 3176.8636312046497 3160.0371 1.0 3174.4668 -1.0 3
275 nan 0.0625 0.2 1.0 -1.0 3179.9742666666666 3179.9751666666666 3180.3385 3177.4423333333334 3182.913665555176 3180.2262 -1.0 3180.2262 -1.0 1
276 nan 1.0 0.2 -1.0 1.0 3184.174233333333 3184.175133333333 3184.591066666667 3183.4769666666666 3186.1576686666663 3184.4275333333335 1.0 3184.4275333333335 1.0 1
277 nan 0.0625 0.2 0.0 -1.0 3187.2635333333333 3187.2644666666665 3247.2656666666667 3186.7147666666665 3249.7649641522958 3187.4173 1.0 3219.1776333333332 1.0 5
278 nan 0.0625 0.2 1.0 -1.0 3251.0295333333333 3251.0303 3251.8003 3250.4846666666667 3254.346397814007 3251.6828333333333 -1.0 3251.6828333333333 -1.0 1
279 nan 1.0 0.2 -1.0 1.0 3255.4235 3255.4246 3273.3596 3254.901 3274.912599045697 3255.563833333333 1.0 3272.8406333333332 -1.0 3
280 nan 0.0 0.2 1.0 -1.0 3276.9565666666667 3276.9574666666667 3277.627466666667 3275.5218 3280.1734317790197 3277.089233333333 1.0 3277.3224333333333 -1.0 2
281 nan 1.0 0.2 -1.0 1.0 3281.429166666667 3281.4301 3281.830966666667 3280.728633333333 3283.4066629769395 3281.7112333333334 1.0 3281.7112333333334 1.0 1
282 nan 0.0625 0.2 -1.0 1.0 3284.6291333333334 3284.6300666666666 3285.5012666666667 3283.9578666666666 3287.0732969342807 3284.806 1.0 3285.3153 1.0 3
283 nan 0.125 0.2 -1.0 1.0 3288.4293 3288.4304 3288.8783 3287.6316 3290.445801 3288.6145666666666 1.0 3288.6145666666666 1.0 1
284 nan 0.125 0.2 1.0 -1.0 3291.7065666666667 3291.7073666666665 3312.028566666667 3291.0053 3314.5730644395153 3311.8707 -1.0 3311.8707 -1.0 1
285 nan 0.25 0.2 -1.0 1.0 3315.7123666666666 3315.7135333333335 3315.973466666667 3315.186366666667 3317.5231686666666 3315.8375333333333 1.0 3315.8375333333333 1.0 1
286 nan 0.25 0.2 -1.0 1.0 3318.729 3318.7298333333333 3319.0545666666667 3318.0879666666665 3320.6062925786346 3318.8851 1.0 3318.8851 1.0 1
287 nan 0.25 0.2 -1.0 1.0 3322.0123 3322.0131666666666 3322.3306 3321.4576 3323.895602 3322.155133333333 1.0 3322.155133333333 1.0 1
288 nan 0.125 0.2 -1.0 1.0 3325.1062333333334 3325.1071333333334 3345.199433333333 3324.4535 3346.772631721102 3345.0179 1.0 3345.0179 1.0 1
289 nan 0.25 0.2 -1.0 1.0 3348.4120666666668 3348.4129666666668 3348.6703666666667 3347.3941333333332 3350.245262138102 3348.5253333333335 1.0 3348.5253333333335 1.0 1
290 0.125 nan 0.2 -1.0 -1.0 3351.5559333333335 3351.5569333333333 3395.5566 3350.8121666666666 3398.1283643996794 3395.4656333333332 1.0 3395.4656333333332 1.0 1
291 nan 0.125 0.2 -1.0 1.0 3399.889166666667 3399.8902333333335 3400.1955666666668 3398.8110666666666 3401.7616686666665 3400.0383333333334 1.0 3400.0383333333334 1.0 1
292 nan 1.0 0.2 -1.0 1.0 3402.938833333333 3402.9399 3416.1682666666666 3402.3285666666666 3417.761363413123 3416.0273 1.0 3416.0273 1.0 1
293 nan 0.0625 0.2 -1.0 1.0 3429.9553666666666 3429.956366666667 3453.2371 3418.446966666667 3454.8051968106442 3452.5297666666665 -1.0 3452.9373 1.0 2
294 nan 1.0 0.2 -1.0 1.0 3456.9277333333334 3456.9288333333334 3457.2657 3455.6322 3458.8277296774672 3457.130866666667 1.0 3457.130866666667 1.0 1
295 nan 1.0 0.2 -1.0 1.0 3460.1714666666667 3460.1725 3460.415033333333 3459.4807333333333 3461.9943343333334 3460.321033333333 1.0 3460.321033333333 1.0 1
296 1.0 nan 0.2 1.0 1.0 3463.1883333333335 3463.1891333333333 3463.5995666666668 3462.6307333333334 3465.1716617696693 3463.2970333333333 1.0 3463.2970333333333 1.0 1
297 nan 0.0625 0.2 -1.0 1.0 3466.3443666666667 3466.3451 3466.5969666666665 3465.834566666667 3468.1549946175924 3466.480233333333 1.0 3466.480233333333 1.0 1
298 nan 1.0 0.2 -1.0 1.0 3469.4609333333333 3469.4621333333334 3469.6855 3468.8151 3471.277602 3469.594433333333 1.0 3469.594433333333 1.0 1
299 0.0625 nan 0.8 -1.0 -1.0 3472.555 3472.5561 3472.993066666667 3471.9369 3475.5608301866564 3472.675366666667 1.0 3472.675366666667 1.0 1
300 0.25 nan 0.8 1.0 1.0 3476.9048666666667 3476.9057 3477.6475333333333 3476.2225333333336 3479.2215626571005 3477.0747333333334 1.0 3477.536666666667 -1.0 2
301 1.0 nan 0.8 1.0 1.0 3480.4942333333333 3480.495 3480.7930666666666 3479.8811666666666 3482.3608686666666 3480.664533333333 -1.0 3480.664533333333 -1.0 1
302 0.25 nan 0.8 1.0 1.0 3483.6383333333333 3483.6393333333335 3484.7525666666666 3483.009466666667 3486.3213954758007 3484.432333333333 -1.0 3484.631533333333 -1.0 2
303 1.0 nan 0.8 1.0 1.0 3487.5439 3487.544966666667 3487.8764 3486.9793 3489.438302 3487.772466666667 -1.0 3487.772466666667 -1.0 1
304 0.0625 nan 0.8 1.0 1.0 3490.8107 3490.8116 3546.5682666666667 3490.0901 3548.137563521053 3546.3904666666667 -1.0 3546.3904666666667 -1.0 1
305 0.125 nan 0.8 -1.0 -1.0 3550.5769333333333 3550.5778666666665 3551.0015333333336 3548.9637666666667 3553.570897790518 3550.849833333333 1.0 3550.849833333333 1.0 1
306 nan 0.0625 0.8 -1.0 1.0 3554.7766333333334 3554.7775 3555.2553 3554.2368 3556.826627633357 3555.0606666666667 1.0 3555.0606666666667 1.0 1
307 0.25 nan 0.8 1.0 1.0 3568.054 3568.055066666667 3568.3873 3557.4781333333335 3569.9766982307456 3568.3121666666666 -1.0 3568.3121666666666 -1.0 1
308 0.0 nan 0.8 1.0 1.0 3571.2206 3571.2217333333333 3593.188833333333 3570.7257 3594.737231490384 3593.0499666666665 -1.0 3593.0499666666665 -1.0 1
309 nan 0.125 0.8 -1.0 1.0 3597.193133333333 3597.1945333333333 3597.400166666667 3595.449833333333 3598.9597614568393 3597.317666666667 1.0 3597.317666666667 1.0 1
310 0.25 nan 0.8 1.0 1.0 3601.4203333333335 3601.4212666666667 3601.8714 3599.9284666666667 3603.426496677349 3601.5328666666665 1.0 3601.5328666666665 1.0 1
311 1.0 nan 0.8 1.0 1.0 3604.5704 3604.5711666666666 3604.8888 3604.0912 3606.437027025418 3604.706 1.0 3604.706 1.0 1
312 0.0625 nan 0.8 1.0 1.0 3607.9429666666665 3607.9438 3608.3546333333334 3607.0957333333336 3609.903635333333 3608.068333333333 1.0 3608.068333333333 1.0 1
313 nan 1.0 0.8 -1.0 1.0 3611.292966666667 3611.2941333333333 3611.5308333333332 3610.5621333333333 3613.0869607821187 3611.4198666666666 1.0 3611.4198666666666 1.0 1
314 1.0 nan 0.8 1.0 1.0 3614.292966666667 3614.2937666666667 3659.1323333333335 3613.744166666667 3660.6925309044473 3658.9798 -1.0 3658.9798 -1.0 1
315 0.125 nan 0.8 1.0 1.0 3662.2197666666666 3662.220766666667 3718.2957 3661.4854333333333 3719.8586969645617 3717.9764 -1.0 3717.9764 -1.0 1
316 0.0625 nan 0.8 1.0 1.0 3721.386 3721.387 3721.8794333333335 3720.6715 3723.4360278072822 3721.7516666666666 -1.0 3721.7516666666666 -1.0 1
317 0.0 nan 0.8 1.0 1.0 3724.8087 3724.8096333333333 3734.6404 3724.109033333333 3736.2084972782663 3730.9717333333333 -1.0 3734.4158 -1.0 5
318 0.25 nan 0.8 -1.0 -1.0 3741.6525666666666 3741.653533333333 3743.1928333333335 3736.9239 3745.7523636784176 3743.0558 1.0 3743.0558 1.0 1
319 nan 1.0 0.8 -1.0 1.0 3748.891633333333 3748.8924666666667 3749.4109 3746.4663666666665 3750.975297512747 3749.111933333333 1.0 3749.3982 1.0 2
320 0.125 nan 0.8 1.0 1.0 3752.4022666666665 3752.4031 3759.5958333333333 3751.6767 3761.1582640801544 3759.3886666666667 -1.0 3759.3886666666667 -1.0 1
321 nan 0.25 0.8 -1.0 1.0 3764.885533333333 3764.8863666666666 3765.236766666667 3761.8587666666667 3766.8022978452973 3765.124566666667 1.0 3765.124566666667 1.0 1
322 0.0625 nan 0.8 1.0 1.0 3768.108366666667 3768.1093333333333 3772.9000333333333 3767.5062 3774.4688312981293 3772.7750666666666 -1.0 3772.7750666666666 -1.0 1
323 1.0 nan 0.8 1.0 1.0 3776.3081 3776.3089333333332 3776.8370666666665 3775.166333333333 3778.4021618262045 3776.5732 -1.0 3776.6539333333335 -1.0 2
324 nan 0.0625 0.8 1.0 -1.0 3780.9247333333333 3780.925566666667 3814.6066666666666 3779.0895666666665 3817.1683972269598 3814.356133333333 -1.0 3814.4709333333335 1.0 2
325 1.0 nan 0.8 1.0 1.0 3818.7242666666666 3818.7253 3819.0037 3817.9636 3820.574627393743 3818.8959 -1.0 3818.8959 -1.0 1
326 0.0625 nan 0.8 1.0 1.0 3822.785066666667 3822.7859333333336 3836.3283 3821.2611333333334 3837.8910311519617 3822.9468666666667 1.0 3836.1981333333333 -1.0 2
327 0.125 nan 0.8 1.0 1.0 3840.8182666666667 3840.8191333333334 3841.1118333333334 3838.6167333333333 3842.674363784374 3841.0002 1.0 3841.0002 1.0 1
328 0.25 nan 0.8 1.0 1.0 3849.301466666667 3849.3024 3849.9146 3843.3706666666667 3851.48489921965 3849.6291333333334 -1.0 3849.6291333333334 -1.0 1
329 1.0 nan 0.8 1.0 1.0 3853.9740666666667 3853.975033333333 3854.3077333333335 3852.1999 3855.890929043071 3854.1629333333335 -1.0 3854.1629333333335 -1.0 1
330 nan 0.25 0.8 1.0 -1.0 3857.2013333333334 3857.202366666667 3867.707933333333 3856.587233333333 3870.2845293070263 3867.560033333333 -1.0 3867.560033333333 -1.0 1
331 0.125 nan 0.8 1.0 1.0 3873.7572666666665 3873.7583 3890.1608333333334 3871.009433333333 3891.723931819406 3889.4147333333335 1.0 3890.0313 -1.0 3
332 0.0 nan 0.8 1.0 1.0 3893.2343333333333 3893.2354333333333 3904.8825333333334 3892.4783333333335 3906.4569304724296 3896.603666666667 -1.0 3904.459066666667 -1.0 3
333 0.125 nan 0.8 1.0 1.0 3907.6676 3907.6686666666665 3925.7564666666667 3907.1711333333333 3927.3236639022225 3925.5210333333334 -1.0 3925.5210333333334 -1.0 1
334 0.25 nan 0.8 1.0 1.0 3928.8173666666667 3928.8185 3942.1946666666668 3928.0704666666666 3943.7564632943286 3941.849166666667 1.0 3941.849166666667 1.0 1
335 0.25 nan 0.8 1.0 1.0 3946.2505333333334 3946.2517333333335 3952.7084 3944.4736666666668 3954.2732298016904 3946.4495666666667 -1.0 3947.349333333333 -1.0 3
336 1.0 nan 0.8 1.0 1.0 3956.0004 3956.001333333333 3956.2537333333335 3954.9879333333333 3957.8172353333334 3956.176033333333 -1.0 3956.176033333333 -1.0 1
337 1.0 nan 0.8 1.0 1.0 3959.0565666666666 3959.0576666666666 3959.3962666666666 3958.502033333333 3960.95656029947 3959.267333333333 -1.0 3959.267333333333 -1.0 1
338 0.25 nan 0.8 1.0 1.0 3962.3836333333334 3962.384633333333 3962.7455666666665 3961.6529666666665 3964.306395005777 3962.5778 -1.0 3962.5778 -1.0 1
339 0.25 nan 0.8 1.0 1.0 3965.5504333333333 3965.551266666667 3965.8759 3965.011 3967.4398020000003 3965.7581666666665 -1.0 3965.7581666666665 -1.0 1
340 nan 0.0 0.8 -1.0 1.0 3968.8170666666665 3968.8179333333333 3979.906266666667 3968.1345 3981.472896778032 3975.8159 -1.0 3979.756966666667 1.0 2
341 1.0 nan 0.8 1.0 1.0 3982.8835 3982.8845 3993.2656666666667 3982.2078 3994.822865061925 3992.947633333333 -1.0 3993.0986 -1.0 2
342 0.0 nan 0.8 1.0 1.0 3996.1833333333334 3996.1844 4021.7589333333335 3995.5439666666666 4023.316730834869 3996.5934666666667 -1.0 4021.600966666667 1.0 3
343 1.0 nan 0.8 1.0 1.0 4025.4391333333333 4025.4402 4025.7107666666666 4024.0871333333334 4027.2725625541057 4025.5919 -1.0 4025.5919 -1.0 1
344 0.0625 nan 0.8 -1.0 -1.0 4028.5333333333333 4028.534166666667 4028.9801666666667 4027.987866666667 4031.555596435639 4028.725233333333 1.0 4028.8295 1.0 2
345 0.125 nan 0.8 1.0 1.0 4032.849833333333 4032.8508333333334 4033.219 4032.2705 4034.8058020000003 4033.104533333333 -1.0 4033.104533333333 -1.0 1
346 0.125 nan 0.8 1.0 1.0 4036.1163333333334 4036.1174666666666 4036.5452333333333 4035.5072 4038.116528303183 4036.3466 -1.0 4036.3466 -1.0 1
347 0.125 nan 0.8 1.0 1.0 4039.5724666666665 4039.5734333333335 4039.9133333333334 4038.8139333333334 4041.483261792455 4039.7950666666666 -1.0 4039.7950666666666 -1.0 1
348 0.25 nan 0.8 1.0 1.0 4042.7890333333335 4042.7901 4043.1727666666666 4042.1767666666665 4044.7391686666665 4043.0837333333334 -1.0 4043.0837333333334 -1.0 1
349 1.0 nan 0.8 1.0 1.0 4046.0162666666665 4046.017066666667 4046.275666666667 4045.451666666667 4047.8330941965505 4046.1824 -1.0 4046.1824 -1.0 1
350 0.125 nan 0.8 1.0 1.0 4049.0723 4049.0734333333335 4049.3668 4048.561 4050.939102 4049.2748666666666 -1.0 4049.2748666666666 -1.0 1
351 nan 1.0 0.8 -1.0 1.0 4052.1662333333334 4052.1673666666666 4052.5605333333333 4051.6391 4054.1224279545145 4052.363066666667 1.0 4052.363066666667 1.0 1
352 0.125 nan 0.8 1.0 1.0 4055.3328 4055.333666666667 4056.8159333333333 4054.828433333333 4058.3663631686927 4056.4002 -1.0 4056.663466666667 -1.0 2
353 0.125 nan 0.8 1.0 1.0 4059.5722666666666 4059.5733 4075.804666666667 4059.0651666666668 4077.3719646459367 4074.5466333333334 -1.0 4075.6205333333332 -1.0 3
354 0.25 nan 0.8 1.0 1.0 4079.665933333333 4079.666833333333 4089.3424333333332 4078.1388666666667 4090.9219631672695 4084.2227333333335 1.0 4089.3190666666665 -1.0 4
355 0.125 nan 0.8 -1.0 -1.0 4093.6492 4093.6500666666666 4094.0934333333335 4091.6658666666667 4096.671996834651 4093.9146333333333 1.0 4093.9862333333335 1.0 2
356 nan 0.0625 0.2 -1.0 1.0 4097.8992333333335 4097.900066666667 4098.3146 4097.3869 4099.882602000001 4098.098466666666 1.0 4098.098466666666 1.0 1
357 nan 0.25 0.2 -1.0 1.0 4101.5384 4101.539366666667 4101.752033333333 4100.5868 4103.321928415387 4101.642066666666 1.0 4101.642066666666 1.0 1
358 nan 0.0 0.2 -1.0 1.0 4104.632533333333 4104.633666666667 4104.864333333333 4104.038233333334 4106.421859951883 4104.736633333333 1.0 4104.736633333333 1.0 1
359 0.0625 nan 0.2 -1.0 -1.0 4107.682566666666 4107.683666666667 4107.930333333334 4107.139666666667 4110.488568666668 4107.826733333333 1.0 4107.826733333333 1.0 1
360 nan 1.0 0.2 0.0 -1.0 4112.649266666666 4112.6503 4172.651566666666 4111.229166666667 4175.150863205465 nan 0.0 nan 0.0 0
361 nan 0.0625 0.2 -1.0 1.0 4176.581666666667 4176.5826 4176.946466666666 4176.035666666667 4178.5150944961915 4176.839533333334 1.0 4176.839533333334 1.0 1
362 nan 0.25 0.2 -1.0 1.0 4180.004466666666 4180.005533333333 4180.2408 4179.2354 4181.815102 4180.135266666667 1.0 4180.135266666667 1.0 1
363 nan 1.0 0.2 -1.0 1.0 4183.587866666667 4183.588833333333 4183.799733333333 4182.9 4185.37102783487 4183.701766666667 1.0 4183.701766666667 1.0 1
364 0.125 nan 0.2 -1.0 -1.0 4188.565033333333 4188.5658 4188.875133333333 4186.088233333333 4191.4483646822055 4188.677266666667 1.0 4188.677266666667 1.0 1
365 0.0625 nan 0.2 1.0 1.0 4192.7209 4192.721766666667 4194.041166666667 4192.176066666667 4195.620996075682 4193.7980333333335 -1.0 4193.7980333333335 -1.0 1
366 nan 0.125 0.2 -1.0 1.0 4196.964933333334 4196.9661 4197.182 4196.3656 4198.748201 4197.0814 1.0 4197.0814 1.0 1
367 nan 0.0625 0.2 -1.0 1.0 4200.070933333333 4200.0721 4200.328333333333 4199.4636 4201.898227710746 4200.2326 1.0 4200.2326 1.0 1
368 0.0625 nan 0.2 -1.0 -1.0 4203.254166666667 4203.255033333333 4203.518366666666 4202.620033333334 4206.087662873656 4203.382166666666 1.0 4203.382166666666 1.0 1
369 nan 0.25 0.2 -1.0 1.0 4207.5482 4207.549033333334 4207.818666666667 4206.8170666666665 4209.404168666666 4207.720233333333 1.0 4207.720233333333 1.0 1
370 nan 0.125 0.2 -1.0 1.0 4210.7815 4210.782333333334 4211.0332 4210.132166666666 4212.598394341828 4210.9216 1.0 4210.9216 1.0 1
371 0.25 nan 0.2 1.0 1.0 4214.020933333333 4214.021966666666 4215.2817 4213.334 4216.837629578514 4214.1517 1.0 4215.1513 -1.0 2
372 nan 0.125 0.2 -1.0 1.0 4218.264766666666 4218.265633333333 4218.624333333333 4217.5687333333335 4220.187435333333 4218.4304 1.0 4218.4304 1.0 1
373 nan 0.25 0.2 -1.0 1.0 4221.548133333334 4221.549266666667 4221.751133333333 4220.903733333334 4223.29805989381 4221.665133333333 1.0 4221.665133333333 1.0 1
374 nan 0.125 0.2 -1.0 1.0 4224.670566666667 4224.671566666667 4224.881566666667 4224.0261666666665 4226.431567666667 4224.7994 1.0 4224.7994 1.0 1
375 nan 0.0625 0.2 -1.0 1.0 4227.853966666667 4227.8549 4254.198533333333 4227.156666666667 4255.753763098264 4253.5166 1.0 4254.0188333333335 1.0 2
376 nan 0.0625 0.2 -1.0 1.0 4258.131 4258.132 4258.355366666667 4256.572766666667 4259.9144958389525 4258.2507 1.0 4258.2507 1.0 1
377 nan 0.0625 0.2 -1.0 1.0 4261.320333333333 4261.321333333333 4261.5449 4260.6722 4263.097701000001 4261.439 1.0 4261.439 1.0 1
378 nan 0.125 0.2 1.0 -1.0 4264.353366666666 4264.3543 4284.7492 4263.826 4287.303663237722 4284.531233333333 -1.0 4284.531233333333 -1.0 1
379 nan 1.0 0.2 -1.0 1.0 4288.847466666667 4288.8485 4289.131766666666 4288.094166666667 4290.680768666666 4288.9965 1.0 4288.9965 1.0 1
380 nan 0.25 0.2 -1.0 1.0 4292.0535 4292.0544666666665 4292.274166666667 4291.4240666666665 4293.836794197094 4292.1632 1.0 4292.1632 1.0 1
381 nan 1.0 0.2 -1.0 1.0 4295.514 4295.5151 4295.7258 4294.5742 4297.286701999999 4295.6286666666665 1.0 4295.6286666666665 1.0 1
382 nan 0.125 0.2 -1.0 1.0 4298.664 4298.6651 4298.857933333334 4298.0225 4300.414126570142 4298.778966666667 1.0 4298.778966666667 1.0 1
383 nan 0.25 0.2 -1.0 1.0 4302.5201 4302.521066666666 4302.790933333334 4301.1402333333335 4304.353362420688 4302.6349 1.0 4302.6349 1.0 1
384 nan 0.0625 0.2 -1.0 1.0 4305.730566666667 4305.731733333333 4306.021366666667 4305.094266666667 4307.586568666667 4305.878133333334 1.0 4305.878133333334 1.0 1
385 nan 1.0 0.2 -1.0 1.0 4308.863866666667 4308.864666666666 4327.9477 4308.328366666667 4329.519797059115 4327.7314 1.0 4327.7314 1.0 1
386 nan 1.0 0.2 -1.0 1.0 4331.396933333333 4331.397866666666 4331.6341 4330.3353 4333.203028471909 4331.522933333334 1.0 4331.522933333334 1.0 1
387 nan 0.0625 0.2 -1.0 1.0 4334.7303 4334.7311666666665 4335.027133333333 4333.946333333333 4336.586335333333 4334.8911333333335 1.0 4334.8911333333335 1.0 1
388 nan 0.0625 0.2 -1.0 1.0 4337.796933333333 4337.798133333334 4365.903433333333 4337.324833333333 4367.48012994704 4365.7455 1.0 4365.7455 1.0 1
389 0.25 nan 0.2 1.0 1.0 4368.952466666667 4368.953566666667 4370.029033333333 4368.314733333334 4371.60266248476 4369.1152 1.0 4369.873533333333 -1.0 2
390 nan 1.0 0.2 -1.0 1.0 4373.013333333333 4373.014233333333 4373.261366666667 4372.351266666667 4374.830067666667 4373.160533333334 1.0 4373.160533333334 1.0 1
391 nan 0.125 0.2 -1.0 1.0 4376.069266666666 4376.070166666666 4376.3773 4375.580766666667 4377.952393994553 4376.2541 1.0 4376.2541 1.0 1
392 nan 0.125 0.2 -1.0 1.0 4379.213466666667 4379.2145 4379.5411 4378.702 4381.113426502898 4379.3931 1.0 4379.3931 1.0 1
393 0.0625 nan 0.2 1.0 1.0 4384.0026333333335 4384.0038 4387.785066666666 4381.853833333334 4389.352665548022 4387.5517666666665 -1.0 4387.5517666666665 -1.0 1
394 nan 0.0625 0.2 -1.0 1.0 4390.613266666666 4390.6144 4390.851366666667 4390.126666666667 4392.396590933051 4390.7654 1.0 4390.7654 1.0 1
395 nan 0.0625 0.2 -1.0 1.0 4394.035866666667 4394.036766666667 4394.3231 4393.5248 4395.879902 4394.189633333333 1.0 4394.189633333333 1.0 1
396 nan 0.0625 0.2 -1.0 1.0 4397.252566666667 4397.253366666667 4397.594233333333 4396.6175 4399.1525278165245 4397.433533333333 1.0 4397.433533333333 1.0 1
397 nan 0.25 0.2 -1.0 1.0 4400.5798 4400.580666666667 4400.811333333333 4399.890633333333 4402.363034333333 4400.724233333333 1.0 4400.724233333333 1.0 1
398 nan 0.25 0.2 -1.0 1.0 4403.769133333333 4403.77 4404.067866666666 4403.105233333334 4405.629660095418 4403.910733333333 1.0 4403.910733333333 1.0 1
399 nan 0.0625 0.2 1.0 -1.0 4406.902333333333 4406.9033 4433.662766666666 4406.371566666667 4436.2294633017445 4433.402433333334 -1.0 4433.402433333334 -1.0 1
400 nan 0.25 0.2 -1.0 1.0 4437.618733333334 4437.6198 4437.924566666667 4437.052466666667 4439.496068666667 4437.756566666667 1.0 4437.756566666667 1.0 1
401 1.0 nan 0.2 1.0 1.0 4440.935433333333 4440.9364 4441.201866666666 4440.241166666667 4442.762894267182 4441.1318 -1.0 4441.1318 -1.0 1
402 1.0 nan 0.2 1.0 1.0 4444.0853 4444.086366666666 4444.3092 4443.5246 4445.879301999999 4444.2321 -1.0 4444.2321 -1.0 1
403 nan 0.0 0.2 1.0 -1.0 4447.201933333334 4447.203033333333 4467.3612 4446.6325 4469.935062123356 4449.847666666667 -1.0 4467.291966666667 -1.0 4
404 nan 1.0 0.2 -1.0 1.0 4471.312533333334 4471.3135 4471.582066666667 4470.736766666667 4473.151768666667 4471.463066666666 1.0 4471.463066666666 1.0 1
405 nan 1.0 0.2 -1.0 1.0 4474.645733333334 4474.6468 4474.8674 4473.896066666666 4476.428994314489 4474.773733333333 1.0 4474.773733333333 1.0 1
406 nan 0.125 0.2 -1.0 1.0 4477.884933333334 4477.8858 4478.1129 4477.188 4479.68502754896 4478.001666666667 1.0 4478.001666666667 1.0 1
407 nan 1.0 0.2 -1.0 1.0 4480.912266666666 4480.9131 4481.125433333334 4480.445833333333 4482.701835333333 4481.003933333333 1.0 4481.003933333333 1.0 1
408 nan 0.25 0.2 -1.0 1.0 4484.4456666666665 4484.446733333333 4484.670733333333 4483.443433333333 4486.251561576296 4484.586033333333 1.0 4484.586033333333 1.0 1
409 nan 0.25 0.2 -1.0 1.0 4487.579133333334 4487.580066666666 4487.785566666666 4487.010266666667 4489.351768666666 4487.693633333333 1.0 4487.693633333333 1.0 1
410 nan 0.0625 0.2 -1.0 1.0 4490.845566666667 4490.846366666667 4491.1008 4490.109566666667 4492.662293273826 4490.979933333333 1.0 4490.979933333333 1.0 1
411 nan 1.0 0.2 -1.0 1.0 4493.968266666667 4493.969666666667 4494.2098 4493.4325 4495.778802 4494.1053 1.0 4494.1053 1.0 1
412 nan 1.0 0.2 -1.0 1.0 4497.234866666667 4497.235966666667 4497.453333333333 4496.5326 4499.028927578699 4497.3694 1.0 4497.3694 1.0 1
413 nan 1.0 0.2 1.0 -1.0 4500.5348 4500.535633333333 4502.970333333334 4499.785733333333 4505.534663705072 4500.6672 1.0 4502.664333333333 -1.0 2
414 nan 0.125 0.2 1.0 -1.0 4506.912066666667 4506.9129 4530.9684 4506.310066666667 4533.528530385233 4530.306066666667 1.0 4530.7042 -1.0 2
415 nan 0.125 0.2 -1.0 1.0 4535.0511 4535.052033333333 4535.314566666667 4534.361333333333 4536.884560895359 4535.179066666667 1.0 4535.179066666667 1.0 1
416 nan 0.0 0.2 1.0 -1.0 4539.678466666666 4539.6793333333335 4573.585433333334 4537.651666666667 4576.12819695964 4539.8155 1.0 4573.481466666667 -1.0 4
417 0.25 nan 0.2 1.0 1.0 4577.467466666667 4577.4684 4577.7435 4576.9777 4579.300526065296 4577.655833333333 -1.0 4577.655833333333 -1.0 1
418 nan 1.0 0.2 -1.0 1.0 4580.828133333333 4580.829066666666 4581.0260333333335 4580.066733333333 4582.578035333333 4580.911233333333 1.0 4580.911233333333 1.0 1
419 nan 0.0 0.2 -1.0 1.0 4583.967466666667 4583.968366666667 4584.189733333334 4583.343033333334 4585.744959614638 4584.073933333333 1.0 4584.073933333333 1.0 1
420 nan 0.0 0.2 -1.0 1.0 4587.084133333334 4587.085033333334 4587.318566666667 4586.5099666666665 4588.861468666667 4587.187333333333 1.0 4587.187333333333 1.0 1
421 nan 0.0 0.2 1.0 -1.0 4591.284133333334 4591.285 4591.803 4589.653566666667 4594.367397280426 4591.3803 1.0 4591.608633333333 -1.0 2
422 1.0 nan 0.2 1.0 1.0 4595.7113 4595.7123 4595.983433333334 4595.1449 4597.550627231284 4595.9239333333335 -1.0 4595.9239333333335 -1.0 1
423 nan 0.125 0.2 1.0 -1.0 4598.7947 4598.795633333333 4599.345933333333 4598.323133333333 4601.917462720369 4599.1873 -1.0 4599.1873 -1.0 1
424 0.0625 nan 0.8 1.0 1.0 4603.194566666667 4603.1956 4603.558366666667 4602.697866666666 4605.133968666666 4603.429566666667 -1.0 4603.429566666667 -1.0 1
425 0.125 nan 0.8 1.0 1.0 4606.844566666667 4606.845566666667 4607.0707 4605.914566666666 4608.63399457906 4607.000166666667 -1.0 4607.000166666667 -1.0 1
426 0.125 nan 0.8 1.0 1.0 4610.0112 4610.012566666666 4610.3283 4609.4128 4611.8945262899315 4610.212033333333 -1.0 4610.212033333333 -1.0 1
427 nan 1.0 0.8 -1.0 1.0 4613.417233333334 4613.4182 4614.033133333333 4612.6838333333335 4615.600635333333 4613.563066666667 1.0 4613.970133333333 1.0 2
428 0.25 nan 0.8 1.0 1.0 4617.394466666667 4617.395533333333 4617.626666666667 4616.784233333334 4619.183859447686 4617.554766666667 -1.0 4617.554766666667 -1.0 1
429 0.25 nan 0.8 1.0 1.0 4620.9279 4620.928833333333 4621.177266666667 4619.969166666667 4622.727694689043 4621.0878 -1.0 4621.0878 -1.0 1
430 0.0625 nan 0.8 1.0 1.0 4624.0338 4624.0348 4624.3792 4623.5027 4625.933801 4624.2479 -1.0 4624.2479 -1.0 1
431 0.0 nan 0.8 1.0 1.0 4627.361266666667 4627.362133333333 4636.478066666667 4626.7113 4638.0336642681 4636.333866666667 -1.0 4636.333866666667 -1.0 1
432 0.25 nan 0.8 1.0 1.0 4639.560966666667 4639.562033333334 4639.8377 4638.833466666667 4641.3943942184505 4639.7229333333335 -1.0 4639.7229333333335 -1.0 1
433 0.25 nan 0.8 1.0 1.0 4642.866933333334 4642.868033333333 4643.1409 4642.1743 4644.710927441071 4643.045666666667 -1.0 4643.045666666667 -1.0 1
434 0.0625 nan 0.8 1.0 1.0 4646.266666666666 4646.267666666667 4646.519533333333 4645.497833333333 4648.077535333333 4646.4549 -1.0 4646.4549 -1.0 1
435 0.0 nan 0.8 1.0 1.0 4649.4 4649.4010333333335 4649.764133333333 4648.852633333333 4651.327560725537 4649.638166666667 -1.0 4649.638166666667 -1.0 1
436 nan 0.125 0.8 1.0 -1.0 4652.666766666666 4652.6676333333335 4652.936966666667 4652.101566666666 4655.500195720861 4652.819266666666 -1.0 4652.819266666666 -1.0 1
437 0.25 nan 0.8 1.0 1.0 4656.910633333333 4656.9116 4657.2231 4656.289 4658.794201000001 4657.0928 -1.0 4657.0928 -1.0 1
438 0.0 nan 0.8 1.0 1.0 4660.200133333334 4660.201233333333 4660.4496 4659.5771 4662.0167271889695 4660.349333333334 -1.0 4660.349333333334 -1.0 1
439 0.0625 nan 0.8 1.0 1.0 4663.494166666666 4663.495233333333 4700.018466666666 4662.805533333333 4701.583163511438 4699.814666666667 -1.0 4699.814666666667 -1.0 1
440 0.0 nan 0.8 -1.0 -1.0 4704.5769 4704.577966666667 4705.048966666666 4702.459266666667 4707.61599750825 4704.7015 1.0 4704.7015 1.0 1
441 1.0 nan 0.8 -1.0 -1.0 4709.026966666666 4709.027933333334 4709.9506 4708.4191 4712.516129952909 4709.2812 -1.0 4709.807833333333 1.0 2
442 nan 1.0 0.8 -1.0 1.0 4713.793566666666 4713.7946 4714.116333333333 4713.304733333333 4715.682960361243 4713.9594 1.0 4713.9594 1.0 1
443 0.0625 nan 0.8 1.0 1.0 4717.126833333334 4717.1279 4717.597666666667 4716.472166666666 4719.1602686666665 4717.269366666666 1.0 4717.269366666666 1.0 1
444 0.0625 nan 0.8 -1.0 -1.0 4720.4661 4720.4672 4720.769533333333 4719.9600666666665 4723.326994606832 4720.608766666666 1.0 4720.608766666666 1.0 1
445 nan 0.0 0.8 1.0 -1.0 4724.866133333333 4724.867166666667 4745.2890333333335 4724.126 4747.8659307563275 4725.035966666666 1.0 4745.1999 -1.0 6
446 0.125 nan 0.8 1.0 1.0 4749.443233333333 4749.444 4749.733166666667 4748.709833333333 4751.293460791552 4749.6646 -1.0 4749.6646 -1.0 1
447 0.0625 nan 0.8 1.0 1.0 4753.299133333333 4753.2999666666665 4753.820566666666 4752.092666666666 4755.376595380694 4753.431366666667 1.0 4753.431366666667 1.0 1
448 0.25 nan 0.8 1.0 1.0 4756.865766666667 4756.866633333333 4757.1189 4756.1903 4758.676602 4757.04 -1.0 4757.04 -1.0 1
449 1.0 nan 0.8 1.0 1.0 4759.982233333333 4759.983266666667 4760.256033333333 4759.4646 4761.832525938398 4760.147866666666 -1.0 4760.147866666666 -1.0 1
450 1.0 nan 0.8 1.0 1.0 4763.2431 4763.2439 4763.527633333333 4762.629633333333 4765.093160465466 4763.409833333333 -1.0 4763.409833333333 -1.0 1
451 0.125 nan 0.8 1.0 1.0 4766.515833333333 4766.516866666667 4766.755866666666 4765.897066666666 4768.309768666667 4766.670566666667 -1.0 4766.670566666667 -1.0 1
452 1.0 nan 0.8 1.0 1.0 4770.115766666667 4770.116533333333 4770.349166666667 4769.113166666667 4771.915793733252 4770.2682 -1.0 4770.2682 -1.0 1
453 0.25 nan 0.8 1.0 1.0 4773.242966666667 4773.243833333333 4773.5643 4772.6971 4775.132301999999 4773.4365 -1.0 4773.4365 -1.0 1
454 1.0 nan 0.8 1.0 1.0 4777.109666666666 4777.110466666667 4777.348133333333 4775.9324 4778.926528264744 4777.261333333333 -1.0 4777.261333333333 -1.0 1
455 0.25 nan 0.8 1.0 1.0 4780.232266666667 4780.233133333333 4813.927733333333 4779.732333333333 4815.498763004532 4813.761966666667 -1.0 4813.761966666667 -1.0 1
456 0.0 nan 0.8 1.0 1.0 4818.059266666667 4818.060266666666 4818.621666666667 4816.388266666667 4820.192695166042 4818.2669 1.0 4818.4769 1.0 2
457 1.0 nan 0.8 1.0 1.0 4823.331933333333 4823.332833333333 4823.6143 4820.9998 4825.192629868408 4823.5201 -1.0 4823.5201 -1.0 1
458 nan 0.0625 0.8 1.0 -1.0 4826.698466666667 4826.699466666667 4826.9138 4826.014833333334 4829.4986353333325 4826.824033333333 -1.0 4826.824033333333 -1.0 1
459 0.25 nan 0.8 1.0 1.0 4830.992433333333 4830.993466666667 4878.805733333334 4830.303633333333 4880.398162498157 4878.498066666667 -1.0 4878.498066666667 -1.0 1
460 nan 0.125 0.8 -1.0 1.0 4884.158733333334 4884.159766666667 4884.725366666667 4881.342666666666 4886.292196263937 4884.4278 1.0 4884.625666666667 1.0 2
461 nan 0.25 0.2 -1.0 1.0 4888.447833333334 4888.448733333334 4888.6961 4887.1119 4890.264728581025 4888.5965 1.0 4888.5965 1.0 1
462 nan 0.0625 0.2 -1.0 1.0 4891.7419 4891.7427333333335 4891.993433333333 4891.065633333334 4893.564535333334 4891.892466666666 1.0 4891.892466666666 1.0 1
463 nan 0.25 0.2 -1.0 1.0 4895.2752666666665 4895.276366666667 4895.593033333334 4894.806833333333 4897.164559238276 4895.421633333333 1.0 4895.421633333333 1.0 1
464 0.25 nan 0.2 -1.0 -1.0 4898.4919 4898.493033333333 4913.800233333333 4897.962466666667 4916.341763238857 4913.6429333333335 1.0 4913.6429333333335 1.0 1
465 nan 0.25 0.2 -1.0 1.0 4917.7144 4917.715233333333 4918.099966666667 4917.193266666667 4919.658392207489 4917.9247 1.0 4917.9247 1.0 1
466 nan 0.25 0.2 -1.0 1.0 4921.014366666666 4921.0152 4921.3455 4920.5416 4922.908302 4921.1793333333335 1.0 4921.1793333333335 1.0 1
467 0.125 nan 0.2 1.0 1.0 4924.214133333333 4924.215166666667 4925.4536333333335 4923.7365 4927.014227783854 4925.295633333333 -1.0 4925.295633333333 -1.0 1
468 nan 0.125 0.2 -1.0 1.0 4928.375033333334 4928.376166666667 4945.507166666666 4927.815733333333 4947.074862957109 4937.853633333333 1.0 4939.3678 -1.0 4
469 nan 0.0 0.2 1.0 -1.0 4948.464233333333 4948.465033333333 4952.365666666667 4947.936466666667 4954.924798398555 4951.794666666667 1.0 4952.296 -1.0 2
470 0.25 nan 0.2 -1.0 -1.0 4956.2473 4956.2483 4956.9873 4955.7713 4959.530729303179 4956.5928 -1.0 4956.808733333333 1.0 2
471 nan 0.125 0.2 -1.0 1.0 4961.074566666666 4961.075633333333 4961.426733333334 4960.361033333334 4962.997259704594 4961.3227 1.0 4961.3227 1.0 1
472 0.125 nan 0.2 -1.0 -1.0 4967.691233333333 4967.692233333333 4968.032566666667 4963.824566666666 4970.591198336157 4967.937133333333 1.0 4967.937133333333 1.0 1
473 nan 0.25 0.2 -1.0 1.0 4973.7306 4973.731533333334 4973.951433333334 4971.4268 4975.5137296806 4973.869566666666 1.0 4973.869566666666 1.0 1
474 nan 1.0 0.2 -1.0 1.0 4976.8247 4976.825533333334 4977.099233333333 4976.348333333333 4978.6636599362 4976.985233333334 1.0 4976.985233333334 1.0 1
475 nan 0.25 0.2 1.0 -1.0 4979.9411666666665 4979.942166666667 5005.464666666667 4979.485266666667 5008.030329253346 5005.229666666667 1.0 5005.229666666667 1.0 1
476 1.0 nan 0.2 1.0 1.0 5009.424266666667 5009.4253 5009.815533333333 5008.927733333333 5011.390859346546 5009.6874 -1.0 5009.6874 -1.0 1
477 nan 0.125 0.2 -1.0 1.0 5012.9801 5012.980966666667 5013.2136666666665 5012.210166666667 5014.774268666667 5013.110733333333 1.0 5013.110733333333 1.0 1
478 0.25 nan 0.2 -1.0 -1.0 5016.0967 5016.0976 5016.350933333333 5015.581566666667 5018.913395410084 5016.2357 1.0 5016.2357 1.0 1
479 nan 0.25 0.2 -1.0 1.0 5020.2908 5020.291566666667 5049.8547 5019.7344 5051.413196382431 5020.441833333333 1.0 5049.704866666667 1.0 3
480 nan 0.0625 0.2 -1.0 1.0 5053.7407 5053.7417 5054.1631 5052.3287 5055.740527757964 5053.975833333333 1.0 5053.975833333333 1.0 1
481 nan 0.0625 0.2 -1.0 1.0 5057.2298 5057.231 5057.465633333333 5056.578933333333 5059.040435333333 5057.350833333333 1.0 5057.350833333333 1.0 1
482 nan 0.0625 0.2 -1.0 1.0 5060.496433333334 5060.4973 5060.732166666667 5059.866733333333 5062.3072592628605 5060.626766666666 1.0 5060.626766666666 1.0 1
483 nan 1.0 0.2 -1.0 1.0 5063.629533333334 5063.630633333333 5063.953466666667 5063.129966666666 5065.523892439788 5063.7699 1.0 5063.7699 1.0 1
484 nan 0.0 0.2 -1.0 1.0 5066.979533333333 5066.9806 5067.2075 5066.3511 5068.790402 5067.08 1.0 5067.08 1.0 1
485 nan 1.0 0.2 -1.0 1.0 5070.163 5070.1639 5070.4735 5069.6199 5072.046426761487 5070.316 1.0 5070.316 1.0 1
486 nan 0.25 0.2 -1.0 1.0 5074.640266666666 5074.641233333334 5074.891033333333 5072.886433333333 5076.457161262915 5074.764566666667 1.0 5074.764566666667 1.0 1
487 0.25 nan 0.2 1.0 1.0 5077.8461333333335 5077.8472 5078.1340666666665 5077.3062666666665 5079.696168666666 5078.033433333333 -1.0 5078.033433333333 -1.0 1
488 0.0625 nan 0.2 1.0 1.0 5081.073533333333 5081.0745 5081.489366666667 5080.526366666667 5083.046292675361 5081.327933333333 -1.0 5081.327933333333 -1.0 1
489 nan 0.0 0.2 1.0 -1.0 5084.5401 5084.541133333333 5132.224833333334 5083.8851 5134.77299633911 5131.906633333333 1.0 5131.906633333333 1.0 1
490 nan 0.0625 0.2 -1.0 1.0 5139.362366666666 5139.363466666667 5139.7238333333335 5135.7517 5141.289730829795 5139.5137 1.0 5139.5137 1.0 1
491 nan 1.0 0.2 -1.0 1.0 5142.7623 5142.7631 5143.004366666667 5142.154833333333 5144.556260119441 5142.888833333333 1.0 5142.888833333333 1.0 1
492 nan 1.0 0.2 -1.0 1.0 5145.8788 5145.879766666667 5146.126166666667 5145.384366666667 5147.695693127219 5146.025466666667 1.0 5146.025466666667 1.0 1
493 nan 1.0 0.2 -1.0 1.0 5149.2562333333335 5149.257066666667 5149.6679 5148.5341 5151.2456010000005 5149.529266666666 1.0 5149.529266666666 1.0 1
494 nan 1.0 0.2 -1.0 1.0 5152.672733333334 5152.673733333333 5153.0525 5152.0828 5154.628826055119 5152.829633333334 1.0 5152.829633333334 1.0 1
495 nan 0.0 0.2 1.0 -1.0 5155.972766666667 5155.973733333333 5168.0653 5155.470033333333 5170.6455288252455 5156.153966666667 1.0 5167.930766666666 -1.0 2
496 0.0625 nan 0.8 -1.0 -1.0 5172.539333333333 5172.540266666667 5172.863933333333 5171.530133333334 5175.445362757628 5172.729833333334 1.0 5172.729833333334 1.0 1
497 0.0625 nan 0.8 1.0 1.0 5176.905933333333 5176.9069 5178.213766666667 5176.288966666667 5179.795267666667 5177.1006 1.0 5178.048266666667 -1.0 3
498 nan 1.0 0.8 -1.0 1.0 5181.6059 5181.606866666667 5181.871 5180.640966666667 5183.439394178815 5181.733066666667 1.0 5181.733066666667 1.0 1
499 0.125 nan 0.8 1.0 1.0 5184.912 5184.912866666667 5185.3382 5184.2973 5186.889327119219 5185.057533333334 1.0 5185.057533333334 1.0 1
500 0.0 nan 0.8 1.0 1.0 5188.4617 5188.4625 5226.7145666666665 5187.736933333334 5228.272262326685 5225.9509333333335 1.0 5226.392333333333 -1.0 3
501 0.125 nan 0.8 1.0 1.0 5229.828033333333 5229.8289 5230.2555 5229.221666666666 5231.805593839856 5229.987666666667 1.0 5230.081366666666 -1.0 2
502 0.0625 nan 0.8 1.0 1.0 5233.128233333333 5233.1292 5233.2658 5232.6432 5234.822125039332 5233.139633333333 -1.0 5233.139633333333 -1.0 1
503 nan 0.0 0.8 1.0 -1.0 5236.261466666667 5236.2625 5236.979833333334 5235.664533333334 5239.544735333334 5236.409033333333 1.0 5236.6015333333335 -1.0 2
504 1.0 nan 0.8 1.0 1.0 5241.088766666667 5241.089866666666 5241.359166666667 5240.396633333334 5242.922159326168 5241.2829 -1.0 5241.2829 -1.0 1
505 0.0 nan 0.8 1.0 1.0 5244.2445 5244.245466666666 5244.485766666667 5243.764966666667 5246.038992979483 5244.398366666666 -1.0 5244.398366666666 -1.0 1
506 1.0 nan 0.8 1.0 1.0 5247.628 5247.6291 5247.8515 5246.8827 5249.405402 5247.7763 -1.0 5247.7763 -1.0 1
507 nan 0.0 0.8 1.0 -1.0 5250.761366666667 5250.762433333333 5251.0401 5250.2502 5253.594628557416 5250.912666666667 -1.0 5250.912666666667 -1.0 1
508 0.0625 nan 0.8 1.0 1.0 5255.122066666667 5255.123066666667 5255.400333333333 5254.447933333333 5256.955260254831 5255.3089 -1.0 5255.3089 -1.0 1
509 1.0 nan 0.8 1.0 1.0 5258.427966666667 5258.429033333333 5258.706966666667 5257.801566666667 5260.261368666667 5258.610633333334 -1.0 5258.610633333334 -1.0 1
510 0.25 nan 0.8 1.0 1.0 5261.838566666666 5261.8394 5262.1439666666665 5261.114466666667 5263.711193732325 5262.001833333334 -1.0 5262.001833333334 -1.0 1
511 0.25 nan 0.8 1.0 1.0 5265.188533333333 5265.189666666667 5267.1836 5264.5677 5268.73842965369 5266.931166666666 -1.0 5266.931166666666 -1.0 1
512 1.0 nan 0.8 1.0 1.0 5270.161033333334 5270.161966666667 5275.9276666666665 5269.595033333333 5277.494464320734 5275.253333333333 1.0 5275.5577 -1.0 3
513 0.0 nan 0.8 1.0 1.0 5278.8718 5278.8729 5299.2682 5278.375866666666 5300.821428792868 5292.5082 -1.0 5299.158066666667 -1.0 2
514 0.0625 nan 0.8 1.0 1.0 5302.2942 5302.295066666667 5340.936366666667 5301.7382333333335 5342.504563296149 5340.581366666666 -1.0 5340.581366666666 -1.0 1
515 1.0 nan 0.8 1.0 1.0 5344.060533333333 5344.061466666667 5344.549866666666 5343.464966666666 5346.127093755511 5344.426933333333 -1.0 5344.426933333333 -1.0 1
516 0.0 nan 0.8 1.0 1.0 5347.621133333333 5347.622133333333 5347.8647 5347.0019 5349.443802 5347.7967 -1.0 5347.7967 -1.0 1
517 1.0 nan 0.8 1.0 1.0 5350.904533333333 5350.905433333333 5351.162733333334 5350.3049 5352.726926586856 5351.0964 -1.0 5351.0964 -1.0 1
518 0.0625 nan 0.8 1.0 1.0 5354.054433333334 5354.0554 5354.314533333333 5353.5885333333335 5355.876959500128 5354.2508 -1.0 5354.2508 -1.0 1
519 0.25 nan 0.8 1.0 1.0 5357.220933333333 5357.2217 5357.451166666667 5356.744966666667 5359.010368666666 5357.378 -1.0 5357.378 -1.0 1
520 1.0 nan 0.8 1.0 1.0 5360.3376 5360.3387 5360.617966666667 5359.887566666666 5362.171092748144 5360.4932 -1.0 5360.4932 -1.0 1
521 1.0 nan 0.8 1.0 1.0 5363.643566666667 5363.644666666667 5363.9508 5363.0484 5365.510102 5363.779233333334 -1.0 5363.779233333334 -1.0 1
522 1.0 nan 0.8 1.0 1.0 5367.0042 5367.0053 5367.419133333334 5366.3806 5368.971125949447 5367.3417 -1.0 5367.3417 -1.0 1
523 0.125 nan 0.8 1.0 1.0 5370.4437 5370.4446333333335 5371.277733333333 5369.841633333333 5372.83756119932 5371.180133333333 -1.0 5371.180133333333 -1.0 1
524 nan 0.125 0.8 -1.0 1.0 5374.4936 5374.4946 5410.7804 5373.702466666667 5412.34309529349 5410.527 1.0 5410.527 1.0 1
525 0.0 nan 0.8 -1.0 -1.0 5415.603833333334 5415.605 5415.87 5413.3118 5418.426530312145 5415.758733333333 1.0 5415.758733333333 1.0 1
526 1.0 nan 0.8 1.0 1.0 5420.0704 5420.071266666667 5420.372833333333 5419.333633333334 5421.926460266759 5420.250466666666 -1.0 5420.250466666666 -1.0 1
527 0.0 nan 0.8 1.0 1.0 5423.537166666667 5423.538233333334 5424.181366666667 5422.7999666666665 5425.737167666666 5424.0929 -1.0 5424.0929 -1.0 1
528 nan 0.25 0.8 -1.0 1.0 5427.226366666667 5427.227233333333 5427.7638 5426.618666666666 5429.3370939149045 5427.555033333333 1.0 5427.555033333333 1.0 1
529 1.0 nan 0.8 1.0 1.0 5430.726366666667 5430.7272 5430.9532 5430.2076 5432.526225204284 5430.861866666667 -1.0 5430.861866666667 -1.0 1
530 0.25 nan 0.8 1.0 1.0 5434.0036 5434.0045 5434.3043333333335 5433.400733333333 5435.870434333333 5434.189566666667 -1.0 5434.189566666667 -1.0 1
531 0.0 nan 0.8 1.0 1.0 5437.242833333334 5437.243833333333 5437.640033333333 5436.756033333333 5439.20965985268 5437.507366666667 -1.0 5437.507366666667 -1.0 1
532 nan 0.25 0.8 1.0 -1.0 5440.753566666666 5440.754466666666 5442.3618 5440.091666666666 5444.942895776372 5440.9985 1.0 5442.3352 -1.0 5
533 1.0 nan 0.8 1.0 1.0 5446.5535 5446.554433333334 5446.945 5445.8444 5448.520226944319 5446.8577 -1.0 5446.8577 -1.0 1
534 0.125 nan 0.8 1.0 1.0 5450.6594 5450.6604 5450.948333333334 5449.420133333333 5452.520235333333 5450.8596 -1.0 5450.8596 -1.0 1
535 1.0 nan 0.8 1.0 1.0 5454.126066666667 5454.127066666667 5454.369466666667 5453.402533333333 5455.942859049963 5454.2955 -1.0 5454.2955 -1.0 1
536 0.25 nan 0.8 1.0 1.0 5457.803333333333 5457.804366666666 5458.064466666667 5456.828466666667 5459.642894033981 5457.9733 -1.0 5457.9733 -1.0 1
537 1.0 nan 0.8 1.0 1.0 5461.153366666666 5461.154333333333 5461.4187 5460.5267 5462.992700999999 5461.340133333333 -1.0 5461.340133333333 -1.0 1
538 1.0 nan 0.8 1.0 1.0 5464.37 5464.371 5464.6117 5463.8893 5466.19282604591 5464.5437 -1.0 5464.5437 -1.0 1
539 1.0 nan 0.8 1.0 1.0 5467.769966666667 5467.770966666667 5493.3049 5467.082533333333 5494.869996526229 5493.014833333334 -1.0 5493.264733333333 -1.0 2
540 nan 1.0 0.8 -1.0 1.0 5496.409066666667 5496.4101 5496.7776 5495.8136 5498.359123512618 5496.620333333333 1.0 5496.620333333333 1.0 1
541 nan 0.25 0.8 -1.0 1.0 5500.469666666667 5500.470733333334 5500.968833333333 5499.757833333333 5502.5424343333325 5500.797866666667 1.0 5500.797866666667 1.0 1
542 nan 0.0 0.8 -1.0 1.0 5503.902933333334 5503.9037 5504.228866666666 5503.415233333333 5505.808858597885 5504.0504 1.0 5504.0504 1.0 1
543 0.25 nan 0.8 1.0 1.0 5507.402933333334 5507.404 5507.702066666667 5506.703466666667 5509.26969246663 5507.6129 -1.0 5507.6129 -1.0 1
544 1.0 nan 0.8 1.0 1.0 5510.825533333334 5510.826633333333 5511.0687 5510.1527 5512.642201 5510.988066666667 -1.0 5510.988066666667 -1.0 1
545 0.25 nan 0.8 1.0 1.0 5514.069733333334 5514.0706 5514.3499 5513.5358 5515.925626244474 5514.2688 -1.0 5514.2688 -1.0 1
546 1.0 nan 0.8 1.0 1.0 5517.302933333333 5517.303933333334 5517.5804333333335 5516.821533333334 5519.158835333333 5517.4952 -1.0 5517.4952 -1.0 1
547 0.0625 nan 0.8 1.0 1.0 5520.686166666666 5520.687233333333 5521.1866666666665 5520.049333333333 5522.769760397616 5521.0453 -1.0 5521.0453 -1.0 1
548 0.125 nan 0.8 1.0 1.0 5524.175566666667 5524.1766 5524.528766666666 5523.667266666666 5526.108692079455 5524.403966666667 -1.0 5524.403966666667 -1.0 1
549 0.0625 nan 0.8 1.0 1.0 5527.586133333333 5527.587166666666 5555.0261666666665 5527.0008 5556.602462341581 5554.9418 -1.0 5554.9418 -1.0 1
550 nan 0.25 0.2 -1.0 1.0 5558.125033333334 5558.125933333334 5558.4653 5557.579466666667 5560.041892069103 5558.326166666667 1.0 5558.326166666667 1.0 1
551 nan 0.0 0.2 -1.0 1.0 5561.9693 5561.970233333333 5562.7763 5560.9431 5564.319128210177 5562.1065 1.0 5562.722433333333 1.0 2
552 nan 0.25 0.2 -1.0 1.0 5566.525 5566.525866666667 5566.8124333333335 5565.236633333333 5568.391835333333 5566.7045 1.0 5566.7045 1.0 1
553 nan 0.125 0.2 -1.0 1.0 5570.019033333333 5570.019833333334 5570.311566666666 5569.292833333333 5571.885760087047 5570.1915 1.0 5570.1915 1.0 1
554 0.0625 nan 0.2 -1.0 -1.0 5573.3914 5573.3925 5602.4349 5572.784466666667 5604.985362754951 5601.988666666667 -1.0 5601.988666666667 -1.0 1
555 0.25 nan 0.2 1.0 1.0 5606.491366666667 5606.4922 5607.018666666667 5605.966166666667 5608.5688933330875 5606.721766666667 -1.0 5606.721766666667 -1.0 1
556 0.25 nan 0.2 1.0 1.0 5613.074666666666 5613.0755 5613.336233333333 5609.4834 5614.885530498412 5613.258333333333 -1.0 5613.258333333333 -1.0 1
557 0.25 nan 0.2 1.0 1.0 5616.491333333333 5616.492466666667 5616.726833333333 5615.802033333333 5618.285458794072 5616.655733333333 -1.0 5616.655733333333 -1.0 1
558 nan 0.0 0.2 1.0 -1.0 5619.6913 5619.6921 5620.178466666666 5619.186266666667 5622.751868666667 5620.005066666667 -1.0 5620.005066666667 -1.0 1
559 0.125 nan 0.2 1.0 1.0 5624.1744 5624.1754 5631.759033333334 5623.671466666667 5633.324328457543 5631.417133333333 -1.0 5631.417133333333 -1.0 1
560 nan 0.125 0.2 -1.0 1.0 5634.785166666667 5634.7863333333335 5639.5454666666665 5634.257333333333 5641.107793121182 5639.3814 1.0 5639.3814 1.0 1
561 nan 0.25 0.2 -1.0 1.0 5642.5519 5642.552966666667 5642.893 5642.0259 5644.435102 5642.7058 1.0 5642.7058 1.0 1
562 nan 0.125 0.2 -1.0 1.0 5646.4243 5646.425233333333 5646.729933333333 5645.3411 5648.26852739296 5646.584566666666 1.0 5646.584566666666 1.0 1
563 nan 0.25 0.2 -1.0 1.0 5650.2909 5650.2918666666665 5650.641433333333 5649.183933333334 5652.1908598852715 5650.489233333334 1.0 5650.489233333334 1.0 1
564 nan 0.25 0.2 -1.0 1.0 5653.651566666666 5653.6525 5653.929266666667 5653.106566666666 5655.484967666666 5653.825433333333 1.0 5653.825433333333 1.0 1
565 nan 0.125 0.2 -1.0 1.0 5656.8408 5656.8418 5658.0868 5656.385766666666 5659.640994701202 5657.962166666666 1.0 5657.962166666666 1.0 1
566 nan 0.0625 0.2 1.0 -1.0 5661.251566666667 5661.252433333333 5685.040933333334 5660.5536 5687.6073638024845 5684.858666666667 -1.0 5684.858666666667 -1.0 1
567 nan 0.0 0.2 1.0 -1.0 5689.067933333334 5689.068933333333 5724.721966666667 5688.593966666666 5727.290428493915 5724.5578 -1.0 5724.5578 -1.0 1
568 nan 1.0 0.2 -1.0 1.0 5728.984166666667 5728.985266666667 5729.3133333333335 5728.309033333333 5730.884435333333 5729.1578 1.0 5729.1578 1.0 1
569 nan 0.0 0.2 -1.0 1.0 5732.590133333333 5732.591233333334 5732.849533333333 5731.800233333333 5734.423558968738 5732.739866666667 1.0 5732.739866666667 1.0 1
570 0.0 nan 0.2 1.0 1.0 5736.050833333334 5736.051866666667 5752.238266666666 5735.349766666666 5753.790063709456 5752.001033333333 -1.0 5752.001033333333 -1.0 1
571 nan 0.125 0.2 -1.0 1.0 5755.217433333333 5755.218433333333 5755.6612 5754.7518666666665 5757.240092994975 5755.4752 1.0 5755.4752 1.0 1
572 nan 0.125 0.2 -1.0 1.0 5758.650633333334 5758.6517 5758.9568 5758.1611 5760.5233256684105 5758.830366666667 1.0 5758.830366666667 1.0 1
573 nan 0.25 0.2 -1.0 1.0 5763.250666666667 5763.251666666667 5763.564033333333 5761.487933333334 5765.134235333333 5763.424166666667 1.0 5763.424166666667 1.0 1
574 nan 1.0 0.2 -1.0 1.0 5766.623033333333 5766.623966666667 5766.896066666666 5766.070133333334 5768.473158007754 5766.7719 1.0 5766.7719 1.0 1
575 nan 0.0625 0.2 1.0 -1.0 5770.100566666667 5770.1016 5770.820266666667 5769.453566666667 5773.383895692425 5770.452766666666 1.0 5770.452766666666 1.0 1
576 1.0 nan 0.2 1.0 1.0 5774.8899 5774.8909 5775.152 5774.3012 5776.717226097367 5775.079 -1.0 5775.079 -1.0 1
577 nan 0.0 0.2 1.0 -1.0 5778.2064666666665 5778.207533333333 5778.633866666667 5777.643233333333 5781.206334333333 5778.529566666667 -1.0 5778.529566666667 -1.0 1
578 0.25 nan 0.2 1.0 1.0 5782.683933333334 5782.684833333334 5783.087466666667 5782.132733333333 5784.656359675038 5782.9645 -1.0 5782.9645 -1.0 1
579 nan 0.25 0.2 -1.0 1.0 5786.283733333334 5786.2848 5795.803233333333 5785.588566666666 5797.3671293804155 5795.4582 -1.0 5795.677066666667 1.0 2
580 nan 0.25 0.2 1.0 -1.0 5798.9895 5798.990366666667 5827.7395 5798.3124333333335 5830.300328176454 5827.423966666666 -1.0 5827.423966666666 -1.0 1
581 0.25 nan 0.2 1.0 1.0 5831.905833333333 5831.9068 5832.161266666667 5831.316333333333 5833.722559370355 5832.085133333333 -1.0 5832.085133333333 -1.0 1
582 nan 0.25 0.2 -1.0 1.0 5835.249866666667 5835.250766666667 5835.616166666667 5834.653166666667 5837.183293007677 5835.463933333333 1.0 5835.463933333333 1.0 1
583 nan 0.0 0.2 1.0 -1.0 5838.7891 5838.7900666666665 5839.1854 5838.118 5841.750025758141 5839.12 -1.0 5839.12 -1.0 1
584 nan 0.25 0.2 -1.0 1.0 5843.689066666667 5843.690033333333 5844.257933333333 5843.213833333333 5845.816734333333 5844.115266666667 1.0 5844.115266666667 1.0 1
585 nan 0.0625 0.2 -1.0 1.0 5847.422533333333 5847.423333333333 5847.822533333333 5846.784333333333 5849.3998599336155 5847.6477 1.0 5847.6477 1.0 1
586 nan 0.0625 0.2 1.0 -1.0 5850.8225 5850.823633333333 5863.9082 5850.328366666667 5866.466562949455 5863.7717 -1.0 5863.7717 -1.0 1
587 nan 0.125 0.2 -1.0 1.0 5868.072433333334 5868.0735 5874.2829 5867.445166666666 5875.855727614712 5873.542233333334 -1.0 5874.081833333334 1.0 3
588 nan 1.0 0.2 -1.0 1.0 5877.716333333334 5877.717433333333 5878.071233333333 5876.798333333333 5879.632835333334 5877.911066666667 1.0 5877.911066666667 1.0 1
589 0.0 nan 0.2 -1.0 -1.0 5881.155566666666 5881.1564 5881.4594 5880.561933333333 5884.016261605585 5881.325733333333 1.0 5881.325733333333 1.0 1
590 0.25 nan 0.2 1.0 1.0 5885.455533333334 5885.456366666666 5936.3247 5884.944666666666 5937.865795260869 5936.149166666667 -1.0 5936.149166666667 -1.0 1
591 0.0625 nan 0.8 1.0 1.0 5939.671666666667 5939.6726 5939.9561 5938.9578 5941.521626454192 5939.8731 -1.0 5939.8731 -1.0 1
592 nan 0.0 0.8 1.0 -1.0 5943.0822 5943.0832666666665 5943.530266666667 5942.452533333333 5946.098960866122 5943.3937 -1.0 5943.3937 -1.0 1
593 nan 0.25 0.8 -1.0 1.0 5947.704733333333 5947.705533333334 5948.108466666667 5947.033566666667 5949.665568666666 5948.0213 1.0 5948.0213 1.0 1
594 0.125 nan 0.8 1.0 1.0 5951.088166666666 5951.0892 5951.7626 5950.591966666667 5953.321593410148 5951.6499 -1.0 5951.6499 -1.0 1
595 0.125 nan 0.8 1.0 1.0 5954.998966666667 5954.999833333333 5955.3006 5954.2692 5956.865626343702 5955.217766666667 -1.0 5955.217766666667 -1.0 1
596 0.25 nan 0.8 1.0 1.0 5958.354566666667 5958.355466666667 5958.606133333334 5957.824433333333 5960.165535333333 5958.5224333333335 -1.0 5958.5224333333335 -1.0 1
597 0.0625 nan 0.8 1.0 1.0 5961.6881 5961.6891 5961.9810333333335 5961.122833333333 5963.538158266872 5961.882833333333 -1.0 5961.882833333333 -1.0 1
598 0.0625 nan 0.8 1.0 1.0 5965.0155 5965.016433333333 5965.279866666667 5964.486766666667 5966.838067666667 5965.2058 -1.0 5965.2058 -1.0 1
599 0.125 nan 0.8 1.0 1.0 5968.315433333333 5968.3164 5968.5712 5967.7936666666665 5970.138191326269 5968.497666666667 -1.0 5968.497666666667 -1.0 1
600 0.0625 nan 0.8 1.0 1.0 5971.7653666666665 5971.766366666667 5972.3334 5971.0968 5973.904726881499 5972.240366666667 -1.0 5972.240366666667 -1.0 1
601 1.0 nan 0.8 1.0 1.0 5975.548733333333 5975.549666666667 5975.843233333333 5974.858533333333 5977.404534333333 5975.6884 -1.0 5975.6884 -1.0 1
602 0.125 nan 0.8 1.0 1.0 5978.931933333333 5978.932966666666 5979.457666666666 5978.349533333333 5980.99865889138 5979.3920333333335 -1.0 5979.3920333333335 -1.0 1
603 0.125 nan 0.8 1.0 1.0 5982.6213 5982.6223 5982.867166666667 5981.945266666667 5984.415292696495 5982.795266666667 -1.0 5982.795266666667 -1.0 1
604 nan 0.0625 0.8 1.0 -1.0 5986.121133333333 5986.122266666666 5986.886266666666 5985.3716 5989.44872799602 5986.7809 -1.0 5986.7809 -1.0 1
605 0.0625 nan 0.8 -1.0 -1.0 5990.904533333333 5990.905566666666 6049.061466666667 5990.405833333333 6051.614795491017 6045.756066666667 -1.0 6048.8532 1.0 3
606 nan 0.0625 0.8 -1.0 1.0 6053.270533333333 6053.271433333333 6065.152866666666 6052.721 6066.720395419608 6064.705 -1.0 6065.0248 1.0 2
607 0.25 nan 0.8 1.0 1.0 6068.2147 6068.215666666667 6068.4884 6067.7065 6070.053902 6068.413933333333 -1.0 6068.413933333333 -1.0 1
608 0.125 nan 0.8 1.0 1.0 6071.4978 6071.498633333334 6096.793566666666 6071.0043 6098.347794730158 6096.542866666667 -1.0 6096.699366666667 -1.0 2
609 nan 0.125 0.8 -1.0 1.0 6099.936633333334 6099.9374333333335 6100.3398 6099.3792 6101.897602 6100.226166666666 1.0 6100.226166666666 1.0 1
610 0.125 nan 0.8 1.0 1.0 6103.420133333333 6103.421066666667 6103.715 6102.8477 6105.2869249081095 6103.6372 -1.0 6103.6372 -1.0 1
611 0.0 nan 0.8 1.0 1.0 6106.9643 6106.9654 6107.204033333333 6106.248533333333 6108.76415948605 6107.1286666666665 -1.0 6107.1286666666665 -1.0 1
612 0.25 nan 0.8 1.0 1.0 6110.4701 6110.471033333333 6110.696966666666 6109.720366666666 6112.264168666667 6110.615066666666 -1.0 6110.615066666666 -1.0 1
613 0.125 nan 0.8 1.0 1.0 6113.7367 6113.737666666667 6114.013666666667 6113.229066666667 6115.569992244266 6113.9349 -1.0 6113.9349 -1.0 1
614 0.125 nan 0.8 1.0 1.0 6117.030633333334 6117.031633333333 6117.2424 6116.5386 6118.803502000001 6117.155466666667 -1.0 6117.155466666667 -1.0 1
615 nan 0.125 0.8 1.0 -1.0 6120.3474 6120.3486 6120.6249333333335 6119.7668 6123.180627959485 6120.539266666667 -1.0 6120.539266666667 -1.0 1
616 0.0625 nan 0.8 1.0 1.0 6124.653266666666 6124.654266666666 6140.381333333334 6124.150333333333 6141.969761465137 6129.396866666667 -1.0 6140.2131 -1.0 2
617 0.125 nan 0.8 1.0 1.0 6143.5805 6143.581433333334 6179.446266666667 6142.987166666667 6181.036195632249 6175.392433333333 1.0 6179.388933333334 -1.0 3
618 0.25 nan 0.8 1.0 1.0 6182.7301333333335 6182.7311666666665 6194.216766666666 6182.1037 6195.796695185126 6194.062033333334 -1.0 6194.062033333334 -1.0 1
619 nan 0.25 0.8 -1.0 1.0 6198.702533333333 6198.703366666667 6199.0153 6196.7981 6200.596802000001 6198.8835 1.0 6198.8835 1.0 1
620 nan 1.0 0.8 -1.0 1.0 6202.1694 6202.170366666666 6202.478833333334 6201.5891 6204.052625897542 6202.3917 1.0 6202.3917 1.0 1
621 nan 0.0625 0.2 -1.0 1.0 6205.646333333333 6205.647333333333 6205.952533333333 6205.025333333333 6207.529958285908 6205.831933333333 1.0 6205.831933333333 1.0 1
622 nan 1.0 0.2 -1.0 1.0 6209.119 6209.119966666667 6209.384866666666 6208.5108666666665 6210.9526676666665 6209.289233333333 1.0 6209.289233333333 1.0 1
623 nan 0.25 0.2 -1.0 1.0 6212.6797 6212.6806 6213.0219 6211.930766666666 6214.579893076729 6212.893566666667 1.0 6212.893566666667 1.0 1
624 nan 0.0625 0.2 -1.0 1.0 6216.1856333333335 6216.186566666666 6216.526 6215.5483 6218.079826055247 6216.410533333334 1.0 6216.410533333334 1.0 1
625 nan 1.0 0.2 -1.0 1.0 6219.5856 6219.586533333333 6219.888833333333 6219.056233333334 6221.469034333333 6219.809266666667 1.0 6219.809266666667 1.0 1
626 nan 0.125 0.2 -1.0 1.0 6223.213266666667 6223.2142 6223.621866666666 6222.451933333334 6225.202459959549 6223.461533333333 1.0 6223.461533333333 1.0 1
627 nan 0.25 0.2 -1.0 1.0 6226.696466666666 6226.6975 6275.737366666666 6226.1749666666665 6277.295894911671 6232.690366666667 1.0 6275.705933333334 1.0 4
628 0.0625 nan 0.2 1.0 1.0 6279.051833333333 6279.052766666667 6281.3798 6278.4066 6282.952026830121 6280.558166666667 1.0 6281.126366666666 -1.0 4
629 0.25 nan 0.2 1.0 1.0 6285.162433333333 6285.1634 6305.747866666667 6284.508633333333 6307.318362902209 6305.581133333333 -1.0 6305.581133333333 -1.0 1
630 0.0 nan 0.2 1.0 1.0 6309.062166666667 6309.063233333333 6312.1292 6308.349066666667 6313.6847968250395 6311.724933333333 -1.0 6311.970033333333 1.0 2
631 nan 0.0 0.2 1.0 -1.0 6315.2789 6315.2802 6318.1241666666665 6314.6654 6320.684859243408 6317.9373 -1.0 6317.9373 -1.0 1
632 nan 0.25 0.2 1.0 -1.0 6322.262233333333 6322.263133333333 6354.8116 6321.675766666666 6357.3679628127065 6351.296866666667 -1.0 6354.5428 -1.0 3
633 nan 0.125 0.2 1.0 -1.0 6359.061833333333 6359.0629 6388.9410333333335 6358.444166666667 6391.494993720587 6388.591933333333 -1.0 6388.774466666667 -1.0 2
634 nan 0.0 0.2 1.0 -1.0 6393.250866666666 6393.252066666667 6401.235266666667 6392.5593 6403.7948632025455 6400.854333333334 -1.0 6401.184 -1.0 2
635 nan 0.125 0.2 -1.0 1.0 6405.3006 6405.3016 6406.066766666667 6404.797966666667 6407.650793469974 6405.5851 1.0 6405.926233333334 1.0 3
636 0.0625 nan 0.2 -1.0 -1.0 6409.1447333333335 6409.145566666667 6454.346933333333 6408.6319 6456.91099524453 6424.9473 1.0 6454.253433333333 1.0 8
637 0.125 nan 0.2 1.0 1.0 6458.633466666667 6458.634266666667 6482.821533333334 6458.0232 6484.400162224135 6482.219166666667 1.0 6482.6566 -1.0 2
638 nan 0.25 0.2 -1.0 1.0 6486.027366666666 6486.0284 6486.365866666667 6485.460766666667 6487.933368666667 6485.989733333333 1.0 6485.989733333333 1.0 1
639 nan 0.0 0.2 -1.0 1.0 6490.860566666666 6490.861366666667 6504.883566666666 6488.933566666667 6506.466494642425 6504.619933333333 1.0 6504.619933333333 1.0 1
640 nan 0.25 0.2 -1.0 1.0 6508.110633333334 6508.1115666666665 6516.5687333333335 6507.4905 6518.143861881572 6516.4077 1.0 6516.4077 1.0 1
641 nan 0.0 0.2 -1.0 1.0 6519.716466666667 6519.7175 6520.154966666667 6519.156166666667 6521.7273927395645 6519.959566666666 1.0 6519.959566666666 1.0 1
642 1.0 nan 0.8 1.0 1.0 6523.2662666666665 6523.267466666666 6523.6948 6522.7165 6525.260302 6523.618566666667 -1.0 6523.618566666667 -1.0 1
643 1.0 nan 0.8 1.0 1.0 6526.9663666666665 6526.967433333333 6527.189 6526.2407 6528.76642498303 6527.1169 -1.0 6527.1169 -1.0 1
644 0.0625 nan 0.8 1.0 1.0 6530.3768666666665 6530.377733333334 6530.876933333333 6529.751133333333 6532.443735333333 6530.775066666667 -1.0 6530.775066666667 -1.0 1
645 0.125 nan 0.8 -1.0 -1.0 6534.332766666666 6534.3337 6534.7297 6533.445133333334 6537.293560795374 6534.6305 1.0 6534.6305 1.0 1
646 1.0 nan 0.8 1.0 1.0 6539.049433333334 6539.050333333334 6565.243133333333 6538.292866666667 6566.810160399918 6546.371066666667 1.0 6565.0455 1.0 5
647 0.125 nan 0.8 1.0 1.0 6568.432533333334 6568.433466666666 6568.9663666666665 6567.885366666666 6570.543267666667 6568.8296 -1.0 6568.8296 -1.0 1
648 1.0 nan 0.8 1.0 1.0 6572.082633333333 6572.083433333333 6572.4284 6571.532166666667 6573.982692397354 6572.233133333333 -1.0 6572.233133333333 -1.0 1
649 0.0625 nan 0.8 1.0 1.0 6575.56 6575.561066666667 6575.9046 6574.9743 6577.465925850157 6575.772233333333 -1.0 6575.772233333333 -1.0 1
650 nan 0.125 0.8 -1.0 1.0 6578.96 6578.961066666667 6588.2434 6578.456633333333 6589.815896466925 6588.133866666667 1.0 6588.133866666667 1.0 1
651 0.0 nan 0.8 1.0 1.0 6591.443033333333 6591.443966666667 6595.110433333333 6590.844 6596.682429406564 6594.8406 -1.0 6594.8406 -1.0 1
652 0.0 nan 0.8 1.0 1.0 6598.4596 6598.4606 6623.8021 6597.695033333333 6625.365527875968 6619.4927 -1.0 6623.705033333334 -1.0 4
653 0.0 nan 0.8 -1.0 -1.0 6627.176033333333 6627.177033333333 6646.0642333333335 6626.437233333333 6648.625962565022 6645.847066666666 -1.0 6645.847066666666 -1.0 1
654 0.125 nan 0.8 1.0 1.0 6650.665233333333 6650.6662 6658.767633333333 6649.690066666667 6660.348429428892 6658.617533333333 -1.0 6658.617533333333 -1.0 1
655 0.0625 nan 0.8 1.0 1.0 6661.975666666666 6661.9768 6674.0563 6661.384133333333 6675.614928433298 6663.234266666666 1.0 6673.841233333334 -1.0 6
656 0.25 nan 0.8 1.0 1.0 6678.209066666666 6678.210033333334 6729.280666666667 6676.669633333333 6730.825060674648 6729.0216 -1.0 6729.0216 -1.0 1
657 0.25 nan 0.8 1.0 1.0 6732.631133333333 6732.631966666667 6741.905833333333 6731.985366666667 6743.480929847287 6741.710366666666 -1.0 6741.710366666666 -1.0 1
658 0.25 nan 0.8 1.0 1.0 6744.9748666666665 6744.9759 6749.241766666667 6744.511733333334 6750.814091569482 6748.8678666666665 -1.0 6748.8678666666665 -1.0 1
659 0.25 nan 0.8 1.0 1.0 6752.7084 6752.7095 6755.1019 6751.8525 6756.664045697032 6754.8188 1.0 6754.9084 -1.0 2
