UCLA049 8a1cf4ef-06e3-4c72-9bc7-e1baa189841b churchlandlab_ucla 2026-07-28T16:01:20.797097 _iblrig_tasks_ephysChoiceWorld6.6.2 F 241 405
0 nan 1.0 0.5 -1.0 1.0 12.94702536472422 12.844934627035713 13.718255393902933 12.12243351019804 15.284186675450453 13.285627977906577 1.0 13.654794484807626 1.0 2
1 0.25 nan 0.5 1.0 1.0 19.096934073133433 19.097967312724794 19.57515735238734 15.873293208700803 21.133658427550877 19.37410892609381 -1.0 19.37410892609381 -1.0 1
2 nan 0.25 0.5 -1.0 1.0 22.213517983777134 22.21465121429669 22.77750014911414 21.72386240839944 24.35092702938876 22.48096038639306 1.0 22.48096038639306 1.0 1
3 nan 0.125 0.5 -1.0 1.0 26.046803537423116 26.047636795158088 26.515261036023176 24.926338526363836 28.080392966070207 26.27481618402027 -1.0 26.27481618402027 -1.0 1
4 nan 0.25 0.5 -1.0 1.0 29.600181152738024 29.600981080163592 34.17426616308162 28.65070062889456 35.73379939546647 29.939783675202342 1.0 34.162733876029634 1.0 4
5 nan 1.0 0.5 -1.0 1.0 37.330013187268904 37.33097976624147 37.78123891590979 36.32480438611065 39.350763893180115 37.49966446210877 1.0 37.49966446210877 1.0 1
6 0.0625 nan 0.5 -1.0 -1.0 40.51339103794779 40.51432428661096 45.71065284312065 39.960974489972166 48.283624806316936 42.676194814835576 1.0 45.34845237088395 -1.0 2
7 1.0 nan 0.5 1.0 1.0 49.56333663683673 49.564336546118696 50.02722788304916 48.85663408665409 51.58016412966442 49.78374997289096 -1.0 49.78374997289096 -1.0 1
8 0.125 nan 0.5 1.0 1.0 53.16647640408404 53.167342992128404 54.17161854462349 52.144269145132405 55.73004928492988 53.7870867650896 -1.0 53.98090251424359 1.0 2
9 nan 0.125 0.5 1.0 -1.0 56.867140656632216 56.86800724467658 58.86302624405084 56.29175952548082 61.433735374927984 56.878006337496224 1.0 58.81143092510151 -1.0 3
10 0.0625 nan 0.5 1.0 1.0 62.51329506878805 62.514361638688804 62.83506587572401 62.001241525494365 64.39996942091335 62.5229941888231 -1.0 62.78427048420025 -1.0 2
11 0.125 nan 0.5 1.0 1.0 65.64664412505934 65.6477106949601 66.00831131234567 64.9562734264821 67.56683686091174 65.84602603588293 -1.0 65.84602603588293 -1.0 1
12 0.0625 nan 0.5 1.0 1.0 68.62980680717966 68.63070672553343 70.18256593114131 68.16334912714353 71.74680015021085 70.01274800475446 -1.0 70.01274800475446 -1.0 1
13 0.0625 nan 0.5 1.0 1.0 72.83355874979326 72.83439200752822 73.68441488812569 72.31530576895139 75.24654929300175 73.08830230452824 -1.0 73.57449152772845 -1.0 4
14 0.125 nan 0.5 1.0 1.0 76.41653367985428 76.41740026789866 76.84989436265742 75.81095528838759 78.41329435320446 76.70257439511475 -1.0 76.70257439511475 -1.0 1
15 0.0625 nan 0.5 1.0 1.0 79.68343728588655 79.68440386485912 83.35897048514805 78.98440070686563 84.91310392927893 83.11832565128874 -1.0 83.11832565128874 -1.0 1
16 0.0625 nan 0.5 1.0 1.0 86.1834475642207 86.18441414319327 86.54234833582693 85.48811064954305 88.09657753496352 86.1669823913777 -1.0 86.35973157063093 -1.0 3
17 0.25 nan 0.5 1.0 1.0 89.29969817177042 89.30073141136178 89.92670795218055 88.67048859093997 91.49663601477188 89.52344453876452 -1.0 89.78628735868342 -1.0 2
18 0.125 nan 0.5 1.0 1.0 92.61643059035389 92.61739716932645 95.74667992785109 92.115142736996 97.31691318956723 93.71713072793968 -1.0 95.43074192505992 -1.0 2
19 nan 0.0 0.5 1.0 -1.0 98.46320013478106 98.46406672282542 99.91140207815869 97.89071874054736 102.4837069980346 99.55366786738142 -1.0 99.86620617861392 -1.0 2
20 0.0625 nan 0.5 1.0 1.0 104.01316327401196 104.01409652267513 104.4598227502652 103.05631675179136 106.03295621241004 104.26467378873527 -1.0 104.26467378873527 -1.0 1
21 0.25 nan 0.5 1.0 1.0 107.09641687525686 107.09741678453884 107.56267457343661 106.59396246107003 109.1296054951919 107.35729320692124 -1.0 107.35729320692124 -1.0 1
22 nan 0.125 0.5 1.0 -1.0 111.14998244371948 111.15108234392964 111.89874784436341 109.70041395765651 114.46319097220905 111.71833087958774 -1.0 111.71833087958774 -1.0 1
23 0.0 nan 0.5 -1.0 -1.0 119.8660250030513 119.86709157295206 122.60710964800818 115.03179692785011 125.16287460660006 122.14005202240287 1.0 122.14005202240287 1.0 1
24 nan 0.0625 0.5 1.0 -1.0 126.35017005411163 126.3511033027748 126.48609105583992 125.82758413304792 129.04653485143572 126.3841669696984 -1.0 126.3841669696984 -1.0 1
25 nan 0.0 0.5 1.0 -1.0 130.21628596251543 130.2171192202504 134.18112624735846 129.6172403116909 136.74626801786255 134.01084169664 -1.0 134.01084169664 -1.0 1
26 nan 0.0625 0.5 1.0 -1.0 138.06654040490415 138.06744032325793 138.59845881259952 137.31767501333204 141.1664367471957 138.4468392351444 -1.0 138.4468392351444 -1.0 1
27 0.25 nan 0.5 1.0 1.0 142.2461945338224 142.24712778248556 142.6472581468181 141.72074220615042 144.2128907318527 142.47194071938046 -1.0 142.47194071938046 -1.0 1
28 0.125 nan 0.5 1.0 1.0 145.2828190322184 145.28378561119098 147.17644723040152 144.7677990913882 148.73354958346428 147.04839218169136 -1.0 147.04839218169136 -1.0 1
29 nan 0.0625 0.5 1.0 -1.0 149.96269444459378 149.96379434480394 150.59047082212007 149.29085539804225 153.14624018097527 150.31109616873937 -1.0 150.31109616873937 -1.0 1
30 nan 0.0625 0.5 1.0 -1.0 154.31613280671735 154.31713271599932 154.6524689588606 153.7472510858987 157.21651345477406 154.53227986316853 -1.0 154.53227986316853 -1.0 1
31 nan 1.0 0.5 -1.0 1.0 158.24610958792923 158.2471428275206 158.5812125186247 157.76411998371327 160.14624863535613 158.4630899021154 1.0 158.4630899021154 1.0 1
32 nan 0.0625 0.5 1.0 -1.0 165.1826469284594 165.18348018619437 171.039148923231 160.69795380792337 173.59625770443878 168.24933536593312 -1.0 170.89389543487107 1.0 2
33 nan 0.125 0.5 -1.0 1.0 181.19946044943143 181.20052701933218 181.65598569726671 174.181163859946 183.2164173392125 181.52363103864408 1.0 181.52363103864408 1.0 1
34 nan 1.0 0.5 -1.0 1.0 184.4461992182774 184.44716579724997 184.64244808001752 183.80422412894723 186.19997272791423 184.49199506339136 -1.0 184.49199506339136 -1.0 1
35 nan 0.25 0.5 -1.0 1.0 187.39579827883315 187.3968648487339 187.69940406714676 186.82058379922876 189.26283357660702 187.58334792982018 1.0 187.58334792982018 1.0 1
36 0.125 nan 0.5 -1.0 -1.0 192.51633371177 192.51720029981436 194.14118629496122 189.84294292520207 196.6959311392866 193.46948056964732 -1.0 193.73635635700347 1.0 3
37 nan 0.0 0.5 -1.0 1.0 197.81611954865355 197.8171861185543 198.21418343380336 197.25373723816767 199.77938330024907 198.07472941927878 1.0 198.07472941927878 1.0 1
38 1.0 nan 0.5 1.0 1.0 202.73280680930733 202.7338733792081 203.2703580392911 200.34449015902732 204.82918672012156 203.09810700031812 -1.0 203.09810700031812 -1.0 1
39 nan 1.0 0.5 -1.0 1.0 206.03254077009743 206.0335406793794 206.37141002575495 205.40359783174216 207.9323433644546 206.2461547230343 1.0 206.2461547230343 1.0 1
40 0.0625 nan 0.5 -1.0 -1.0 209.12942646788645 209.1301930650026 209.5782190839412 208.48965117897657 212.13329679449313 209.401101819796 1.0 209.401101819796 1.0 1
41 1.0 nan 0.5 1.0 1.0 213.61238641233373 213.6132196700687 214.01171684924068 212.70920168824517 215.56634403073383 213.82566706217662 -1.0 213.82566706217662 -1.0 1
42 1.0 nan 0.5 1.0 1.0 216.66250968603623 216.66354292562758 217.41997429743324 216.19685193342568 218.98290594983223 217.26558830429803 -1.0 217.26558830429803 -1.0 1
43 nan 0.0 0.5 1.0 -1.0 220.02917090809908 220.03027080830924 223.4448610152876 219.55771368165313 225.99943734032226 223.17715197019646 -1.0 223.17715197019646 -1.0 1
44 0.25 nan 0.5 1.0 1.0 227.21261918065554 227.2135524293187 227.59895079689696 226.55284570610638 229.16618501079145 227.22028515181725 -1.0 227.4481978074862 -1.0 2
45 0.0 nan 0.5 -1.0 -1.0 230.31237128505285 230.31320454278782 230.89621831479153 229.715892068052 233.44926200089822 230.75843081573692 1.0 230.75843081573692 1.0 1
46 nan 1.0 0.5 -1.0 1.0 234.56221904556494 234.56321895484692 234.9950797737271 234.00946919449535 236.5458124586896 234.78626538534365 1.0 234.78626538534365 1.0 1
47 nan 0.25 0.5 -1.0 1.0 239.18259985566348 239.18356643463605 239.51253658840216 237.11552072736902 241.06246707644704 239.39384735663305 1.0 239.39384735663305 1.0 1
48 nan 0.0625 0.5 1.0 -1.0 246.34921632197353 246.3502162312555 255.9092156455922 241.70217126435597 258.4658559157356 248.6896039873381 1.0 255.84438819381157 -1.0 3
49 0.0625 nan 0.5 1.0 1.0 259.7123039389229 259.71323718758606 265.5642730116163 259.05276377653956 267.1123051721735 265.30016363994025 1.0 265.30016363994025 1.0 1
50 0.25 nan 0.5 1.0 1.0 270.1659888484515 270.16692209711465 271.842770053686 267.69231327580115 273.3991023220299 270.4306648353873 -1.0 271.716814814468 -1.0 3
51 0.0625 nan 0.5 1.0 1.0 274.5454248519061 274.54662474304445 279.97859858700366 273.973410082004 281.53243200684574 274.8946931640961 -1.0 279.6606940959579 1.0 3
52 nan 0.25 0.5 -1.0 1.0 282.84550514994095 282.84660505015114 285.4586014068065 282.1034391414862 287.01223240983956 284.6422088083924 1.0 285.28305066720304 1.0 3
53 1.0 nan 0.5 1.0 1.0 288.1992194274318 288.20025266702316 288.61184865778887 287.5930410903959 290.16607876783183 288.43229828105757 -1.0 288.43229828105757 -1.0 1
54 nan 0.0625 0.5 1.0 -1.0 292.31184630414907 292.3129462043592 295.3026082968123 290.7895844132873 297.8622158443981 294.26166940397854 -1.0 294.7422258048904 1.0 2
55 0.125 nan 0.5 -1.0 -1.0 298.94867750256526 298.9496107512284 299.3053118131324 298.4337242223539 301.86188786126365 298.9501107058694 -1.0 299.1471594950351 1.0 2
56 0.125 nan 0.5 1.0 1.0 303.24902068181655 303.2499539304797 303.72201110249483 302.4291950615344 305.2787450347746 303.45680183060864 -1.0 303.45680183060864 -1.0 1
57 nan 0.0625 0.5 -1.0 1.0 306.46572884189425 306.466628760248 307.2640564126142 305.84925143925415 308.8156916438209 307.0098128125202 -1.0 307.0098128125202 -1.0 1
58 nan 0.125 0.5 1.0 -1.0 310.16202682391116 310.1629600725743 311.7463164205641 309.39019684916326 314.29539273295813 311.6118619524494 -1.0 311.6118619524494 -1.0 1
59 nan 1.0 0.5 -1.0 1.0 315.4818441767434 315.48264410416897 315.74758673358 314.8605005489311 317.29522042759095 315.5675697325171 1.0 315.5675697325171 1.0 1
60 0.0 nan 0.5 -1.0 -1.0 318.43157655853673 318.4326431284375 325.4623386837373 317.9324218449804 328.0120132412701 318.7392153142876 -1.0 325.31685188321154 1.0 2
61 0.25 nan 0.5 1.0 1.0 331.81556227947914 331.81666217968933 337.1337464471508 328.58532201378557 338.6951764791076 334.3176019454279 1.0 337.0329889218383 -1.0 3
62 0.125 nan 0.5 1.0 1.0 339.7488425225803 339.7497091106247 340.5513030516657 339.2871844070976 342.1158368253897 340.41854842933026 -1.0 340.41854842933026 -1.0 1
63 1.0 nan 0.5 1.0 1.0 345.4786560113271 345.4800558843218 345.9808104527293 342.6742437785125 347.5284134677028 345.7057354092611 -1.0 345.7057354092611 -1.0 1
64 nan 0.25 0.5 -1.0 1.0 348.69853055079767 348.699397138842 349.1241586018203 348.0987183028569 350.6785602731233 348.9793717377919 1.0 348.9793717377919 1.0 1
65 nan 0.0 0.5 -1.0 1.0 351.81488114927555 351.81571440701055 352.75569579267534 351.2483658804243 354.31182064374394 352.13791850796866 -1.0 352.13791850796866 -1.0 1
66 nan 0.25 0.5 -1.0 1.0 355.4989469077431 355.5000801382627 359.2829036034789 354.94453054120356 360.8284372996651 359.08728801761737 1.0 359.08728801761737 1.0 1
67 0.125 nan 0.5 1.0 1.0 363.03173015310836 363.03276339269974 363.6958032375699 361.39344545522937 365.2450045699233 363.5611154572894 -1.0 363.5611154572894 -1.0 1
68 1.0 nan 0.5 1.0 1.0 367.1149930272453 367.11609292745544 367.5054576018522 365.8145110151231 369.0616860822131 367.2365819959321 -1.0 367.2365819959321 -1.0 1
69 0.25 nan 0.5 1.0 1.0 370.28213901724695 370.2831055962195 380.5105776958585 369.6415971312209 382.06487728359485 373.2954989596826 -1.0 380.25970045701376 1.0 4
70 0.0 nan 0.5 1.0 1.0 383.3615190405938 383.36245228925696 384.2901347907536 382.64968362276375 385.8451644308162 384.1775116752951 -1.0 384.1775116752951 -1.0 1
71 nan 1.0 0.5 -1.0 1.0 386.9150633074557 386.91612987735647 387.37698806541357 386.41377545409784 388.93151574029224 387.16840698919594 1.0 387.16840698919594 1.0 1
72 0.25 nan 0.5 1.0 1.0 392.178052482763 392.17915238297314 393.78157366793897 389.5604233038192 395.3280082680869 392.9992779760399 -1.0 393.68428249480394 -1.0 2
73 nan 0.125 0.5 -1.0 1.0 396.56472116335715 396.56582106356734 405.00125574807066 395.9134135873953 406.54499082844313 399.572414953195 -1.0 404.8655680585082 1.0 5
74 nan 0.125 0.5 -1.0 1.0 407.66524738738815 407.6661806360513 411.0109771751486 407.11629719159 412.5614786696719 408.27325889144095 1.0 410.8765893676526 1.0 2
75 nan 0.25 0.5 -1.0 1.0 421.39790147495137 421.39893471454275 421.78913264667443 413.12958496177356 423.3448630929489 421.4576627197034 -1.0 421.4576627197034 -1.0 1
76 1.0 nan 0.5 1.0 1.0 424.4144944573987 424.4155610272994 424.8566876721925 423.93577122350376 426.43191856876365 424.68310342084357 -1.0 424.68310342084357 -1.0 1
77 1.0 nan 0.5 1.0 1.0 427.7113286812711 427.71222859962484 428.08566138612895 426.9948270201252 429.63185915625115 427.9594728347451 -1.0 427.9594728347451 -1.0 1
78 0.0 nan 0.5 1.0 1.0 430.9780323054469 430.9788988934913 439.38943583687376 430.25786431026717 440.94456562238673 431.2631397720442 1.0 439.2226842989516 -1.0 3
79 nan 0.0625 0.5 1.0 -1.0 443.19809029187405 443.199256852703 444.21526467410644 441.5338746132828 446.76134263260326 443.5116618426979 1.0 443.87469557266957 1.0 2
80 nan 0.25 0.5 -1.0 1.0 447.8981305414357 447.89893046886124 448.297994263293 447.34014783179043 449.86129301842715 448.14317497613564 1.0 448.14317497613564 1.0 1
81 nan 0.0625 0.5 1.0 -1.0 450.8982250207306 450.899258260322 457.76026911975447 450.4286009613016 460.3314729325329 457.63618037786273 -1.0 457.63618037786273 -1.0 1
82 nan 0.125 0.5 1.0 -1.0 461.5445257882748 461.54562568848496 467.31496892417874 460.9336812079231 469.878041738593 466.31562625747466 -1.0 466.7882500447496 1.0 3
83 nan 1.0 0.5 -1.0 1.0 471.14838779906233 471.1493543780349 471.7189693656603 470.46185008606597 473.2776957055002 471.3338709708666 -1.0 471.3338709708666 -1.0 1
84 nan 0.125 0.5 -1.0 1.0 474.4647535842424 474.4656535025962 476.10003855427544 473.91390356080854 477.6610658986759 475.9164218797975 1.0 475.9164218797975 1.0 1
85 0.25 nan 0.5 1.0 1.0 482.11462620652554 482.1156594461169 482.77083333796907 478.28227390154274 484.3476582520281 482.44459626957365 -1.0 482.6363455395449 -1.0 2
86 nan 1.0 0.5 -1.0 1.0 489.0277323395484 489.02866558821154 489.4549602454221 484.9934650202277 491.03148204709504 489.27577650209423 1.0 489.27577650209423 1.0 1
87 nan 0.25 0.5 1.0 -1.0 492.87761638727494 492.8786829571757 496.107056725543 491.6736922814811 498.67762350944554 495.7709538855655 -1.0 495.9542039266401 -1.0 2
88 1.0 nan 0.5 1.0 1.0 499.9144779590955 499.91537787744926 500.2438480765744 499.30573318823593 501.8110770640399 500.099061212546 -1.0 500.099061212546 -1.0 1
89 nan 0.125 0.5 -1.0 1.0 503.097822479465 503.09872239781873 503.56128043165523 502.4197839953653 505.13110676623404 503.4103607906975 1.0 503.4103607906975 1.0 1
90 0.0 nan 0.8 -1.0 -1.0 510.5944090088231 510.5953755877957 516.294725173752 505.8103097189577 518.8608274044268 516.0062513459054 -1.0 516.0062513459054 -1.0 1
91 1.0 nan 0.8 1.0 1.0 520.1310104552439 520.1320770251447 520.493077606243 519.4944348760363 522.0643001384532 520.3429912230201 -1.0 520.3429912230201 -1.0 1
92 nan 1.0 0.8 -1.0 1.0 523.1776673767689 523.1787339466697 523.7509153681187 522.6841121551915 525.3144439103451 523.5816640569917 1.0 523.5816640569917 1.0 1
93 0.25 nan 0.8 1.0 1.0 526.5109316288141 526.5117315562397 529.8369298734104 525.9410499987135 531.3940549772359 529.6939428460896 -1.0 529.6939428460896 -1.0 1
94 1.0 nan 0.8 1.0 1.0 533.8812296158602 533.8820962039046 534.2320977829013 532.0231648578056 535.7976251635114 534.0910439135256 -1.0 534.0910439135256 -1.0 1
95 nan 0.25 0.8 1.0 -1.0 537.0773729750389 537.0784395449397 537.6600867742579 536.4169328943017 540.2275841184573 537.2216598844262 -1.0 537.5930261917476 -1.0 2
96 0.125 nan 0.8 1.0 1.0 542.1477129620212 542.1487795319218 546.904614719417 540.9212908973831 548.4607387399531 546.0370934263852 -1.0 546.6040419892588 1.0 3
97 1.0 nan 0.8 1.0 1.0 550.5973463583283 550.5981129554445 551.2131571547804 549.0880499578227 552.7775882659271 551.0701367971502 -1.0 551.0701367971502 -1.0 1
98 0.25 nan 0.8 1.0 1.0 554.0311348235203 554.0321347328023 560.076019727014 553.4068914587904 561.6476455385194 556.0723829620308 -1.0 560.0143586546262 -1.0 4
99 1.0 nan 0.8 1.0 1.0 562.727012545666 562.7281457761854 563.097178961849 562.2705539584495 564.6637034102209 562.970223813349 -1.0 562.970223813349 -1.0 1
100 nan 0.25 0.8 1.0 -1.0 565.9773843182364 565.9784842184465 568.2321464187554 565.2766145631267 570.793884825798 567.6382669658877 1.0 567.9301071549836 -1.0 2
101 0.25 nan 0.8 1.0 1.0 572.1637563851278 572.1648229550286 572.6106158432375 571.4184906669708 574.1810374928099 572.4286656842295 -1.0 572.4286656842295 -1.0 1
102 nan 1.0 0.8 -1.0 1.0 575.3604996898757 575.3618329022516 575.9531792516051 574.8584452394016 577.5146046404554 575.7877275957494 1.0 575.7877275957494 1.0 1
103 0.0625 nan 0.8 1.0 1.0 579.0272336874559 579.0281669361191 586.9643469161379 578.1334147803084 588.527175743803 581.3246585840054 -1.0 586.9006193645674 -1.0 4
104 nan 0.25 0.8 -1.0 1.0 589.7639929147084 589.7648595027528 590.247615704085 589.1475821726872 591.8141399803176 590.0861303550478 1.0 590.0861303550478 1.0 1
105 0.0625 nan 0.8 1.0 1.0 593.1271544542844 593.1281876938758 595.1959000980488 592.4225517135939 596.7606264532582 595.0738111747211 -1.0 595.0738111747211 -1.0 1
106 nan 0.0625 0.8 1.0 -1.0 598.0805717158958 598.0815382948683 599.6455297330973 597.3827350280131 602.2103014652866 598.2987519212202 1.0 599.5457387867573 -1.0 2
107 0.25 nan 0.8 1.0 1.0 603.5140787540872 603.5148786815128 612.0740688048139 602.828807592848 613.6300875965065 606.5448704483384 -1.0 612.0661695214864 -1.0 2
108 nan 0.0625 0.8 1.0 -1.0 614.9268433165661 614.9279098864669 615.2995761665728 614.3231980830445 617.864076994794 615.1390573965083 -1.0 615.1390573965083 -1.0 1
109 0.25 nan 0.8 1.0 1.0 619.1603258951634 619.1612591438266 619.8662951785393 618.473288227526 621.430725924795 619.6975438220533 -1.0 619.6975438220533 -1.0 1
110 nan 0.125 0.8 -1.0 1.0 622.6605083366778 622.661608236888 623.6772494248881 622.0499303988014 625.2474753304263 623.4950326234049 1.0 623.4950326234049 1.0 1
111 0.25 nan 0.8 1.0 1.0 626.6269151460626 626.627948385654 627.4242094771912 625.892381787532 628.9807373367678 627.293887967442 -1.0 627.293887967442 -1.0 1
112 0.0 nan 0.8 1.0 1.0 630.0771354537883 630.0779353812138 631.5081056272068 629.5938459675058 633.0772278273155 631.3819504061323 -1.0 631.3819504061323 -1.0 1
113 0.25 nan 0.8 -1.0 -1.0 640.1635870143609 640.1646202539523 643.1956452603692 633.6999401035808 645.7637107435252 642.4433801772385 -1.0 642.8951725211391 1.0 2
114 nan 0.25 0.8 -1.0 1.0 647.4769568329539 647.4779900725453 647.9009516988159 646.4240190287366 649.4643764754643 647.7269008231355 1.0 647.7269008231355 1.0 1
115 1.0 nan 0.8 1.0 1.0 650.7100301749464 650.710996753919 651.0890291231201 650.0930861479746 652.6467262207964 650.9214109971535 -1.0 650.9214109971535 -1.0 1
116 0.25 nan 0.8 1.0 1.0 653.7601867789583 653.7613200094778 654.4021618682884 653.2603321289046 655.9637879858383 654.0796577945457 -1.0 654.3198360040734 -1.0 2
117 1.0 nan 0.8 -1.0 -1.0 658.3936330703411 658.3946663099325 661.1186858364772 656.5761979594437 663.6768227644379 658.3458707369726 1.0 661.1045204549827 1.0 6
118 0.25 nan 0.8 1.0 1.0 664.8966097462118 664.8976763161126 665.3639340142922 664.2907313819604 666.9307623459088 665.1931161786234 -1.0 665.1931161786234 -1.0 1
119 0.125 nan 0.8 1.0 1.0 668.110018205659 668.1110847755597 668.607306421889 667.5562684453074 670.1640294276513 668.4989495860335 -1.0 668.4989495860335 -1.0 1
120 0.0 nan 0.8 1.0 1.0 671.310127871656 671.3110277900098 674.0118827515223 670.7803426037622 675.5799044897919 673.2255207618766 -1.0 673.914658239006 -1.0 3
121 0.25 nan 0.8 1.0 1.0 676.9934122484822 676.9943788274547 677.4594366344961 676.2697112405061 679.0308640412314 677.255921765307 -1.0 677.255921765307 -1.0 1
122 nan 0.25 0.2 -1.0 1.0 680.109929498507 680.1110293987172 680.5116930480001 679.640972045266 682.0766206386435 680.3626399043687 1.0 680.3626399043687 1.0 1
123 nan 0.25 0.2 1.0 -1.0 684.1630617729475 684.16402835192 684.823368532447 682.6866290575091 687.3802073008691 684.2435211398362 1.0 684.6193203783075 -1.0 2
124 nan 0.125 0.2 -1.0 1.0 688.543331034137 688.5443976040378 689.1918388641094 687.9946141505047 690.747066017477 688.8520030294793 -1.0 688.8520030294793 -1.0 1
125 nan 0.0 0.2 1.0 -1.0 692.3264211418285 692.3273877208011 697.4193924088925 691.3541760166656 699.976528144129 696.6229646658084 1.0 696.6229646658084 1.0 1
126 0.125 nan 0.2 1.0 1.0 701.1300557542603 701.1310889938517 701.6803391624344 700.5917379271604 703.2432695170401 701.525853178371 -1.0 701.525853178371 -1.0 1
127 nan 0.0625 0.2 1.0 -1.0 704.6133730592189 704.6144062988103 706.393411562971 703.8633744371273 708.963669269869 706.2837215147396 -1.0 706.2837215147396 -1.0 1
128 nan 0.25 0.2 -1.0 1.0 710.2429956379129 710.2440955381231 710.7730808785914 709.6671812127394 712.326412880268 710.5600335409143 1.0 710.5600335409143 1.0 1
129 nan 0.0625 0.2 1.0 -1.0 713.5135655779791 713.5144321660235 719.1367887372686 712.9389177136345 721.6931588029022 718.9494723984474 -1.0 718.9494723984474 -1.0 1
130 nan 0.25 0.2 -1.0 1.0 723.096562815083 723.0974627334367 723.4906937237238 722.3084676493485 725.0467193233782 723.361838747588 1.0 723.361838747588 1.0 1
131 nan 0.0 0.2 1.0 -1.0 727.5430927313574 727.5441259709487 728.7371177352599 725.6652297695199 731.2932213920909 727.807002121177 -1.0 728.6243612985637 -1.0 5
132 nan 1.0 0.2 -1.0 1.0 732.6628282368687 732.6637948158412 733.1303524868056 731.9151294061255 734.693079657288 732.9822992524561 1.0 732.9822992524561 1.0 1
133 nan 1.0 0.2 -1.0 1.0 735.9467636310037 735.9477968705951 736.3534267359784 735.3071883239502 737.91375146273 736.2393370869063 1.0 736.2393370869063 1.0 1
134 nan 0.0 0.2 1.0 -1.0 739.0096524132059 739.0107856437255 743.9332057175959 738.5292626638411 746.4963759860427 743.3444258020662 1.0 743.7993845253598 -1.0 4
135 nan 1.0 0.2 -1.0 1.0 747.6596009689999 747.6604675570443 748.0572982207464 747.1157836408493 749.6131192277621 747.9186774639568 1.0 747.9186774639568 1.0 1
136 nan 0.0 0.2 1.0 -1.0 750.84291215906 750.8438120774138 751.4258259401356 750.3128269183816 753.9799969562271 751.0546929449799 -1.0 751.3515660107951 -1.0 2
137 nan 0.0 0.2 1.0 -1.0 755.2594447968755 755.2605113667763 759.3015114085956 754.5939051788004 761.8596461448847 759.1667236373869 -1.0 759.1667236373869 -1.0 1
138 0.25 nan 0.2 1.0 1.0 763.0961671336484 763.0971670429303 763.6717482466561 762.4840560015394 765.2292792294132 763.3193135550733 -1.0 763.6128202596391 -1.0 2
139 nan 0.25 0.2 1.0 -1.0 766.8261287281581 766.8271619677495 770.6131851426679 765.8570833126975 773.1762197075352 770.1217297305827 -1.0 770.5403584166315 -1.0 2
140 nan 0.125 0.2 1.0 -1.0 774.3793434531848 774.3801767109197 775.7258546225867 773.8009292638781 778.2761932017373 775.5779347094748 -1.0 775.5779347094748 -1.0 1
141 1.0 nan 0.2 1.0 1.0 779.412320163331 779.4131867513753 779.8380148749724 778.9026997326233 781.3929437640373 779.6975276208565 -1.0 779.6975276208565 -1.0 1
142 nan 0.25 0.2 1.0 -1.0 782.9130358897958 782.9138691475307 783.426889269797 782.009751174779 785.9761184792462 783.2461056716179 -1.0 783.2461056716179 -1.0 1
143 nan 0.25 0.2 -1.0 1.0 788.8127339655482 788.8135672232831 789.26779267977 786.685326977242 790.8261161928334 789.1394709885845 1.0 789.1394709885845 1.0 1
144 nan 1.0 0.2 -1.0 1.0 791.9132193367523 791.9142192460342 792.3254486033966 791.4562274645854 793.8795753362274 792.2071260050309 1.0 792.2071260050309 1.0 1
145 0.125 nan 0.2 1.0 1.0 795.2258521272797 795.2268853668711 797.3391270644008 794.4983847943416 798.8963558159205 797.1772750819604 -1.0 797.1772750819604 -1.0 1
146 nan 0.125 0.2 1.0 -1.0 800.9592986197509 800.9602318684141 810.6902491002761 799.5099634458538 813.2466860749316 805.9401800563069 1.0 810.6332542712041 -1.0 4
147 0.125 nan 0.2 1.0 1.0 814.34291770729 814.343917616572 824.5246606224338 813.8686940651639 826.0797891306526 819.3689950433907 -1.0 824.4718987426555 -1.0 2
148 nan 0.25 0.2 1.0 -1.0 828.8425688747383 828.8436021143297 828.9465927703719 826.6967968859533 831.4960671819877 828.8407690380308 -1.0 828.8407690380308 -1.0 1
149 nan 0.125 0.2 1.0 -1.0 832.5591316848697 832.5602649153892 836.78024871868 832.1053728527145 839.3426145572505 836.6457275899465 -1.0 836.6457275899465 -1.0 1
150 nan 1.0 0.2 -1.0 1.0 840.5293085804752 840.5302751594478 841.0825250558764 839.982024900147 842.6462756952315 840.8435134071777 1.0 840.8435134071777 1.0 1
151 nan 1.0 0.2 -1.0 1.0 843.8757716350425 843.8766048927774 844.2824014097077 843.3470862673588 845.8462288274148 844.1505800360355 1.0 844.1505800360355 1.0 1
152 nan 0.125 0.2 -1.0 1.0 847.1590737532989 847.1599403413433 847.720556145431 846.4636368476931 849.2758848748249 847.5106418568374 1.0 847.5106418568374 1.0 1
153 0.125 nan 0.2 1.0 1.0 852.5293198642515 852.5302864432241 859.0269303603089 849.8967920370065 860.5793588182962 858.5947362383348 -1.0 858.8233821608105 1.0 2
154 nan 0.125 0.2 1.0 -1.0 861.7090536879394 861.7099536062932 862.030624513019 861.2113655079966 864.5958267678374 861.8966033389264 -1.0 861.8966033389264 -1.0 1
155 nan 0.25 0.2 -1.0 1.0 865.8423120261746 865.8432786051471 866.4720548919554 865.2259346144626 868.0256824326476 866.2074455656383 1.0 866.4536232308578 1.0 2
156 nan 0.25 0.2 1.0 -1.0 869.2460698825982 869.246969800952 869.7129608566565 868.6518904569459 872.2625357421749 869.5796396190614 -1.0 869.5796396190614 -1.0 1
157 nan 0.0 0.2 1.0 -1.0 873.4257573418259 873.4266239298703 884.1529841005904 872.8804401497522 886.7287750294716 879.7726148484726 1.0 884.0734246520555 -1.0 4
158 nan 0.0625 0.2 1.0 -1.0 887.9254085092741 887.926308427628 888.4469945210559 887.4580842411937 891.0089605087007 888.3285052711432 -1.0 888.3285052711432 -1.0 1
159 nan 1.0 0.2 -1.0 1.0 892.2123529041471 892.2133861437385 892.9794833052698 891.6291724805965 894.5423128244654 892.697342236209 1.0 892.923088421767 1.0 2
160 nan 0.25 0.2 1.0 -1.0 895.7452323791819 895.7463322793919 897.0650126404458 895.1682180628699 899.6456094740432 896.236021185079 1.0 896.8064694304394 -1.0 2
161 nan 0.125 0.2 1.0 -1.0 900.8754002715349 900.876333520198 907.0470070113627 900.2783211089649 909.6121758135389 906.920318505338 -1.0 906.920318505338 -1.0 1
162 nan 0.0 0.2 1.0 -1.0 910.9922157439698 910.9933489744894 914.8353670691979 910.2384841272255 917.4088001407772 913.9906437077948 -1.0 914.588322815934 -1.0 3
163 0.25 nan 0.8 1.0 1.0 918.7454456556987 918.7463789043619 919.2427005416193 918.044509249042 920.80883171952 919.0825484049581 -1.0 919.0825484049581 -1.0 1
164 0.125 nan 0.8 1.0 1.0 922.0788098986721 922.0797098170259 924.4802920211647 921.4288355350863 926.0418193642655 924.2587787849003 -1.0 924.2587787849003 -1.0 1
165 nan 0.0 0.8 1.0 -1.0 931.3452358571062 931.3463690876258 939.0243724910416 926.6520283209713 941.595695555821 938.8822853820745 -1.0 938.8822853820745 -1.0 1
166 0.0 nan 0.8 -1.0 -1.0 942.8086624898714 942.809729059772 943.376044346767 942.3238064790471 945.9418512467331 943.1164012365504 1.0 943.1164012365504 1.0 1
167 0.125 nan 0.8 1.0 1.0 947.1783660429816 947.1793992825728 948.069685176924 946.551156280715 949.645411532922 947.7816113127903 -1.0 947.7816113127903 -1.0 1
168 0.25 nan 0.8 1.0 1.0 950.8918957949577 950.8927290526926 951.3764518329973 950.2552202248219 952.9455769978459 951.2420973558108 -1.0 951.2420973558108 -1.0 1
169 0.0625 nan 0.8 1.0 1.0 954.2419251926304 954.24305842315 967.0022008337933 953.5559874252033 968.5750251476614 962.1349757522872 -1.0 966.8914775459705 -1.0 2
170 1.0 nan 0.8 1.0 1.0 977.8118201173916 977.8127533660547 978.2084841295466 969.2076340764021 979.7750102914852 978.0475653957693 -1.0 978.0475653957693 -1.0 1
171 0.25 nan 0.8 1.0 1.0 980.8784752245559 980.8794418035285 985.1618866066326 980.3998186512798 986.7296158829113 984.1278804181538 -1.0 984.7780547635961 -1.0 2
172 1.0 nan 0.8 1.0 1.0 987.9584662167384 987.959432795711 988.302934964375 987.3339228792239 989.8748630685903 988.1403163848183 -1.0 988.1403163848183 -1.0 1
173 nan 0.125 0.8 1.0 -1.0 991.0618846551696 991.0627845735235 991.4531158268927 990.4835704567912 994.0250502089596 991.2706990435531 -1.0 991.2706990435531 -1.0 1
174 0.125 nan 0.8 1.0 1.0 995.1620793264811 995.1631125660725 995.6286703277549 994.6354604379802 997.1955929359394 995.482250278566 -1.0 995.482250278566 -1.0 1
175 0.25 nan 0.8 1.0 1.0 998.5748363664426 998.5757696151057 1000.690144452437 997.8954980002763 1002.2584709079432 1000.2095213909065 -1.0 1000.5021615074279 -1.0 3
176 nan 0.125 0.8 1.0 -1.0 1003.7780642969979 1003.7791308668985 1012.4888073371352 1002.8715798722787 1015.0581781389235 1008.4737382760283 -1.0 1012.3875165268723 -1.0 2
177 0.0 nan 0.8 1.0 1.0 1016.1951710725906 1016.1961376515632 1017.9312468982456 1015.673685051737 1019.4952706634818 1017.8087913415144 -1.0 1017.8087913415144 -1.0 1
178 0.0 nan 0.8 1.0 1.0 1020.707894983331 1020.7087949016848 1024.0560245533682 1020.1139822001538 1025.6247551913698 1023.8772741040624 -1.0 1023.8772741040624 -1.0 1
179 0.0625 nan 0.8 1.0 1.0 1026.7115169637889 1026.7124835427614 1027.3896887691262 1026.2374599732098 1028.9620138963467 1026.6545887953357 -1.0 1027.2975971242572 -1.0 3
180 nan 0.0625 0.8 -1.0 1.0 1030.4580770523792 1030.45914362228 1031.9692732805206 1029.5794234360083 1033.5280996200952 1030.7003217410897 1.0 1031.6972312952075 1.0 2
181 0.25 nan 0.8 1.0 1.0 1034.7914505682447 1034.792483807836 1037.7539484585377 1034.1542083828492 1039.3247787932216 1037.4968384518354 -1.0 1037.4968384518354 -1.0 1
182 0.25 nan 0.8 1.0 1.0 1040.694814978031 1040.6961815207164 1041.082513136958 1039.936583769518 1042.641230901874 1040.9391594762337 -1.0 1040.9391594762337 -1.0 1
183 0.0 nan 0.8 1.0 1.0 1048.027983000407 1048.0288495884513 1054.8039349102537 1043.3526405101097 1056.3745593096676 1054.6446160313274 -1.0 1054.6446160313274 -1.0 1
184 0.25 nan 0.8 1.0 1.0 1057.711037826326 1057.7118377537515 1058.0876036619136 1057.0114679623546 1059.661028570548 1057.9241184943123 -1.0 1057.9241184943123 -1.0 1
185 0.25 nan 0.8 1.0 1.0 1060.757961390326 1060.75886130868 1061.3136443086228 1060.262739653279 1062.8779748196346 1061.1745902578111 -1.0 1061.1745902578111 -1.0 1
186 nan 0.125 0.8 1.0 -1.0 1065.3410789145169 1065.341845511633 1068.6925081851844 1063.4958796558901 1071.2579118540477 1068.3950018434907 -1.0 1068.5892175563577 -1.0 2
187 0.125 nan 0.8 1.0 1.0 1073.4780073480447 1073.478873936089 1075.4856918649905 1071.8780191756648 1077.06121746542 1075.3772017078973 -1.0 1075.3772017078973 -1.0 1
188 0.25 nan 0.8 1.0 1.0 1078.2911373373963 1078.2922372376065 1078.8737511456873 1077.6825258877743 1080.4442771658944 1078.5096175155054 -1.0 1078.8069905359614 -1.0 2
189 nan 0.0625 0.8 1.0 -1.0 1081.8076849608256 1081.80855154887 1084.001552586073 1081.0710851231122 1086.5576588045997 1082.4374278266064 1.0 1083.8070369004217 -1.0 2
190 1.0 nan 0.8 1.0 1.0 1087.711316013087 1087.7122159314408 1088.2866971442386 1087.1741647468161 1089.8577234675713 1087.9608933698653 -1.0 1088.2267025873207 -1.0 2
191 nan 0.25 0.8 1.0 -1.0 1091.0443469529666 1091.045213541011 1094.7915403174354 1090.4609332172502 1097.3579360190342 1094.42484025343 -1.0 1094.703081676291 -1.0 2
192 1.0 nan 0.8 1.0 1.0 1098.8113422824772 1098.8122088705215 1099.2027734360565 1098.065743261226 1100.7743969818991 1099.0666524524718 -1.0 1099.0666524524718 -1.0 1
193 1.0 nan 0.8 1.0 1.0 1101.961123181282 1101.962223081492 1102.3933173032563 1101.3954078398563 1103.9578465984162 1102.2276656655442 -1.0 1102.2276656655442 -1.0 1
194 1.0 nan 0.8 1.0 1.0 1105.3113192305018 1105.3125524519496 1109.0122167952159 1104.5678533490523 1110.5743467834525 1107.4583577710441 -1.0 1108.9789198161263 -1.0 4
195 nan 1.0 0.8 -1.0 1.0 1111.6944734440838 1111.695573344294 1119.869298439398 1111.184253067807 1121.4242274685673 1119.1483305167926 -1.0 1119.1483305167926 -1.0 1
196 1.0 nan 0.8 1.0 1.0 1122.56075425366 1122.5615875113951 1122.9609512786114 1122.0405347845638 1124.5243791405264 1122.8005658297843 -1.0 1122.8005658297843 -1.0 1
197 0.25 nan 0.8 1.0 1.0 1126.3108140247373 1126.3119139249475 1126.977320221785 1125.1332875239873 1128.5449463994291 1126.7075446975111 -1.0 1126.8650637397297 -1.0 2
198 1.0 nan 0.8 1.0 1.0 1130.1741301871516 1130.1749301145771 1130.6169900081334 1129.1681547888772 1132.178314723386 1130.422474322482 -1.0 1130.422474322482 -1.0 1
199 0.25 nan 0.8 1.0 1.0 1133.3239110859565 1133.3249109952385 1133.8689283052456 1132.8054247929488 1135.4241595365006 1133.7020101157764 -1.0 1133.7020101157764 -1.0 1
200 1.0 nan 0.8 1.0 1.0 1136.844824979917 1136.845924880127 1138.5848004517716 1136.034465167504 1140.144948243581 1138.4380470994888 -1.0 1138.4380470994888 -1.0 1
201 0.25 nan 0.8 1.0 1.0 1141.4410746460107 1141.441941234055 1147.9577834093536 1140.8647602661963 1149.5281108619256 1141.8124076230226 -1.0 1147.8076970261309 -1.0 2
202 0.0625 nan 0.8 1.0 1.0 1151.607318967284 1151.6082855462566 1153.7458582789295 1150.1437184209642 1155.3074877056092 1153.5849728754615 -1.0 1153.5849728754615 -1.0 1
203 nan 0.125 0.8 1.0 -1.0 1158.460997158649 1158.4619304073121 1163.9122692517499 1155.9264937713458 1166.4740712839343 1160.2819652823428 -1.0 1163.8208775433784 -1.0 9
204 0.0625 nan 0.8 1.0 1.0 1167.6771610105097 1167.6779609379353 1168.8454216852467 1167.103179752353 1170.4111477377878 1168.7215329252115 -1.0 1168.7215329252115 -1.0 1
205 0.0625 nan 0.8 1.0 1.0 1172.0906272598604 1172.0916271691424 1173.7401776023162 1171.0202577038276 1175.3073085265228 1173.562893686624 -1.0 1173.562893686624 -1.0 1
206 nan 1.0 0.8 -1.0 1.0 1176.3943034700517 1176.3953033793337 1180.880796427295 1175.9167134666764 1182.4404256374814 1176.738438914594 1.0 1180.6546502780243 1.0 4
207 0.125 nan 0.8 1.0 1.0 1183.5277562785097 1183.5289894999576 1184.6120579038713 1183.0502329357532 1186.173986202562 1184.505634225961 -1.0 1184.505634225961 -1.0 1
208 1.0 nan 0.8 1.0 1.0 1187.860763160972 1187.8616297490164 1189.1110497271395 1186.7743950564277 1190.6736743721058 1188.265859741405 -1.0 1188.9810615204842 -1.0 4
209 0.0625 nan 0.8 1.0 1.0 1193.3606308451765 1193.3616307544585 1197.7203686357764 1191.2865856822177 1199.2738180857307 1197.5404516256417 -1.0 1197.5404516256417 -1.0 1
210 nan 1.0 0.2 -1.0 1.0 1202.3106521764878 1202.3116520857698 1202.7872756008906 1200.0050280238263 1204.3403018512622 1202.654920942268 1.0 1202.654920942268 1.0 1
211 nan 0.125 0.2 1.0 -1.0 1205.7936695086619 1205.7946360876344 1207.0806527454774 1204.9651113473174 1209.6402902685318 1206.9217338302642 -1.0 1206.9217338302642 -1.0 1
212 nan 0.0625 0.2 1.0 -1.0 1210.8938734528654 1210.8946733802911 1218.2476396064496 1210.25219833632 1220.8106754778203 1216.9937200365578 -1.0 1216.9937200365578 -1.0 1
213 nan 0.125 0.2 1.0 -1.0 1222.123654616745 1222.124654526027 1224.1626696245257 1221.4337838728088 1226.723574734994 1224.002884121268 -1.0 1224.002884121268 -1.0 1
214 nan 0.0625 0.2 1.0 -1.0 1227.9435266014873 1227.9443265289128 1228.629331047677 1227.3238828194544 1231.1903367536158 1228.4977096558612 -1.0 1228.4977096558612 -1.0 1
215 nan 0.125 0.2 1.0 -1.0 1232.277000108281 1232.278000017563 1233.0349980046285 1231.7946438706617 1235.5941031907937 1232.9253412867063 -1.0 1232.9253412867063 -1.0 1
216 nan 0.125 0.2 1.0 -1.0 1236.8069224586711 1236.8080223588813 1238.1330021484116 1236.1940113991368 1240.6932761549158 1237.96621728018 -1.0 1237.96621728018 -1.0 1
217 nan 0.25 0.2 1.0 -1.0 1241.973587039816 1241.9746869400262 1244.1906858907143 1241.2891824666212 1246.757187548511 1244.0797626210351 -1.0 1244.0797626210351 -1.0 1
218 nan 0.0625 0.2 1.0 -1.0 1247.9436453987094 1247.9446786383007 1250.7216933567895 1247.3720972531387 1253.276398292131 1250.5999377365556 -1.0 1250.5999377365556 -1.0 1
219 nan 1.0 0.2 -1.0 1.0 1254.5235817589817 1254.524348356098 1254.87461657757 1253.8837064791437 1256.4400381012185 1254.7513610934132 1.0 1254.7513610934132 1.0 1
220 nan 0.125 0.2 -1.0 1.0 1258.0435957345885 1258.0446956347987 1260.340420685569 1257.144343987009 1261.9100458938337 1259.7875041829523 -1.0 1260.2354302109627 1.0 2
221 nan 0.25 0.2 -1.0 1.0 1263.1900621482375 1263.1910620575195 1263.6795510720683 1262.5163566043598 1265.2434836990128 1263.1692307048634 -1.0 1263.6547533218757 1.0 2
222 nan 1.0 0.2 1.0 -1.0 1266.3233778741994 1266.3243777834814 1269.148688211007 1265.8520872993006 1271.7068931148438 1266.5390916366284 -1.0 1269.057996439133 -1.0 2
223 nan 0.125 0.2 1.0 -1.0 1272.8602514747288 1272.8613847052482 1292.4333756782428 1272.3062017415925 1294.973281758687 1277.3888072824336 1.0 1292.3859799782776 -1.0 7
224 nan 0.0 0.2 1.0 -1.0 1296.842875620775 1296.84370887851 1318.2944294013864 1295.5922890818229 1320.8435003819234 1309.7915675009692 -1.0 1318.157008535735 -1.0 2
225 0.0625 nan 0.2 1.0 1.0 1321.989694143812 1321.9907273834033 1325.161073083107 1321.4646084495432 1326.7399005018146 1324.989388659394 -1.0 1324.989388659394 -1.0 1
226 nan 0.0625 0.2 1.0 -1.0 1327.859528262343 1327.8603948503874 1337.4064287743681 1327.35020780442 1339.9730307431353 1337.2725409215132 -1.0 1337.2725409215132 -1.0 1
227 nan 0.0 0.2 1.0 -1.0 1341.2094504070799 1341.2104169860525 1348.5374189011895 1340.5941395652687 1351.106290645533 1348.4184296966357 -1.0 1348.4184296966357 -1.0 1
228 nan 0.125 0.2 1.0 -1.0 1352.2599478367033 1352.261081067223 1353.9704259847401 1351.714997278033 1356.5427941878045 1353.7068498980143 -1.0 1353.7068498980143 -1.0 1
229 nan 1.0 0.2 -1.0 1.0 1357.7230521896408 1357.7240854292322 1358.3277306627538 1357.1505041347884 1359.9097454791224 1358.0394901470731 1.0 1358.2600034740556 1.0 2
230 nan 1.0 0.2 -1.0 1.0 1361.256131646532 1361.2570982255045 1361.666661067397 1360.6430539354506 1363.239591134075 1361.5320066174258 1.0 1361.5320066174258 1.0 1
231 nan 0.0625 0.2 1.0 -1.0 1364.3931137065279 1364.3941136158096 1390.3727900008216 1363.8490963965205 1392.9395906394197 1381.8628287445026 -1.0 1389.8897671570144 -1.0 6
232 0.0625 nan 0.2 1.0 1.0 1394.04295702027 1394.043790278005 1421.7010477049591 1393.5665002474143 1423.2724731929231 1420.924684808133 -1.0 1421.4096408098853 -1.0 3
233 nan 0.125 0.2 1.0 -1.0 1424.4927610898926 1424.4938276597934 1427.0408299131211 1423.9130803488288 1429.6055982730559 1426.7509562122798 -1.0 1426.7509562122798 -1.0 1
234 nan 0.0 0.2 1.0 -1.0 1430.8085547481796 1430.8094879968428 1433.8994743205863 1430.2152085802622 1436.4757114989009 1433.6840938612513 -1.0 1433.6840938612513 -1.0 1
235 nan 1.0 0.2 -1.0 1.0 1437.7890214364975 1437.790154667017 1438.513422380971 1437.088018369222 1440.0927534833877 1438.2863763133462 1.0 1438.2863763133462 1.0 1
236 1.0 nan 0.2 1.0 1.0 1441.2391084229855 1441.2401749928863 1444.5885378750893 1440.7035570115656 1446.1557632876788 1442.9038240562177 -1.0 1444.4862804858537 -1.0 6
237 nan 0.125 0.2 1.0 -1.0 1447.4755759449033 1447.4765091935665 1451.0905146416778 1446.7733729864897 1453.6556846874207 1450.8693347085075 -1.0 1450.8693347085075 -1.0 1
238 0.0625 nan 0.2 1.0 1.0 1457.2258246745705 1457.2268579141619 1492.6009152246718 1454.2725926102903 1494.1720363389013 1465.6441609103522 -1.0 1492.5389875098087 -1.0 5
239 nan 1.0 0.2 -1.0 1.0 1495.5592801565995 1495.5602134052626 1496.2724821171148 1494.8337459816064 1497.842597773907 1496.1027975119655 1.0 1496.1027975119655 1.0 1
240 nan 0.125 0.2 1.0 -1.0 1501.255396702544 1501.256229960279 1506.3578671077867 1498.5718068413 1508.9222011597749 1506.2129135922114 -1.0 1506.2129135922114 -1.0 1
241 nan 0.0625 0.2 1.0 -1.0 1510.0423661602765 1510.0432327483209 1510.66087671179 1509.5506107754068 1513.2254497447982 1510.5062907367983 -1.0 1510.5062907367983 -1.0 1
242 nan 0.0 0.2 1.0 -1.0 1514.3386763720905 1514.3395429601348 1548.3522571135607 1513.8385550795617 1550.908089367025 1536.328581310111 1.0 1548.11057904011 -1.0 2
243 nan 0.0 0.2 1.0 -1.0 1552.0717196606097 1552.0726195789634 1556.4949183603048 1551.5684986493068 1559.0552214331426 1555.727254674232 1.0 1556.056891434186 -1.0 2
244 nan 0.0 0.2 1.0 -1.0 1564.5753185890924 1564.5762518377555 1568.0522698049558 1559.6796294233598 1570.6250036614667 1567.8736526768876 -1.0 1567.8736526768876 -1.0 1
245 nan 1.0 0.2 -1.0 1.0 1571.8050293310944 1571.8059292494481 1572.3573125578323 1571.2643117217176 1573.9254434684592 1572.0915366706863 1.0 1572.0915366706863 1.0 1
246 nan 0.125 0.2 1.0 -1.0 1575.121695089059 1575.1225950074127 1577.6316007080259 1574.5353482861153 1580.1919656917592 1577.473248408072 -1.0 1577.473248408072 -1.0 1
247 0.125 nan 0.2 1.0 1.0 1581.3382310859563 1581.339297655857 1592.1501501609032 1580.8243777059552 1593.704878120274 1585.841522519137 -1.0 1592.0316609109905 -1.0 2
248 nan 0.0 0.2 1.0 -1.0 1595.6407668036202 1595.6416000613551 1597.3189478818495 1594.339184891288 1599.8747828584467 1596.898252716618 -1.0 1596.898252716618 -1.0 1
249 0.125 nan 0.2 1.0 1.0 1601.0382437773517 1601.0392770169428 1602.0838155831918 1600.4991926834448 1603.6249342673873 1601.9428950350537 -1.0 1601.9428950350537 -1.0 1
250 nan 0.0 0.2 1.0 -1.0 1605.0214490626734 1605.0226156235024 1605.6396263110928 1604.3657418858709 1608.1918266911964 1605.4756078585413 -1.0 1605.4756078585413 -1.0 1
251 0.25 nan 0.2 1.0 1.0 1609.2881952900507 1609.2889618871668 1609.7104236495145 1608.8168380545328 1611.2547578817791 1609.5849350346282 -1.0 1609.5849350346282 -1.0 1
252 nan 0.125 0.2 1.0 -1.0 1612.6084940517399 1612.6096272822595 1613.4023220306908 1611.8742606659937 1615.9381262490472 1613.2514023897331 -1.0 1613.2514023897331 -1.0 1
253 nan 0.25 0.2 1.0 -1.0 1617.1249842874422 1617.1259841967242 1620.4799799012155 1616.565335062327 1623.0382491449132 1619.8049078146523 -1.0 1620.0987144920027 1.0 2
254 0.25 nan 0.8 1.0 1.0 1624.1414810402202 1624.142647601049 1624.581574445522 1623.6604580149767 1626.1418015518489 1624.4628518834434 -1.0 1624.4628518834434 -1.0 1
255 nan 0.0625 0.8 1.0 -1.0 1627.2714304049327 1627.2723303232865 1627.4323158084007 1626.7529107816158 1629.9880840413462 1627.2834293163164 -1.0 1627.2834293163164 -1.0 1
256 0.125 nan 0.8 1.0 1.0 1631.2751671608441 1631.276000418579 1631.7087944861225 1630.6049946297626 1633.2749238056374 1631.3090640855028 -1.0 1631.6724977791873 -1.0 2
257 0.125 nan 0.8 1.0 1.0 1634.6213969032456 1634.6223301519087 1635.1079527598492 1633.8985291530046 1636.6713790860304 1634.9597328739528 -1.0 1634.9597328739528 -1.0 1
258 0.0 nan 0.8 1.0 1.0 1638.3747230446438 1638.375656293307 1640.3972395492722 1637.2931878349623 1641.9545650688365 1638.7133256578263 1.0 1640.3553100200484 -1.0 5
259 0.125 nan 0.8 1.0 1.0 1643.2582133171366 1643.259346547656 1646.6482390860879 1642.5957734178355 1648.2084670148422 1646.2444423877214 -1.0 1646.5569473686446 -1.0 2
260 1.0 nan 0.8 1.0 1.0 1649.3045647542435 1649.3053313513599 1649.7903873440405 1648.83297420656 1651.3584315332776 1649.5016135434093 -1.0 1649.5016135434093 -1.0 1
261 0.125 nan 0.8 1.0 1.0 1654.1211277654634 1654.1220276838171 1654.714073969668 1652.0998444822828 1656.2744957237687 1654.3969360757385 -1.0 1654.5678872326448 -1.0 2
262 0.0625 nan 0.8 1.0 1.0 1657.821158742133 1657.8220253301774 1659.906069585956 1657.304405625214 1661.458290621443 1659.4838745568013 -1.0 1659.7540167144784 -1.0 2
263 0.0625 nan 0.8 1.0 1.0 1662.821105115665 1662.8220383643281 1663.2521993374291 1662.1205020121024 1664.804654711181 1662.9936227971132 -1.0 1663.2314345546736 -1.0 2
264 1.0 nan 0.8 1.0 1.0 1665.941388690652 1665.9423552696246 1668.2012836588185 1665.4769641594892 1669.7576109839677 1666.2496607222815 -1.0 1667.8939782061616 -1.0 6
265 1.0 nan 0.8 1.0 1.0 1671.0544581342835 1671.0553913829467 1671.5783439374138 1670.41931575838 1673.1407624408823 1671.3039355001335 -1.0 1671.3039355001335 -1.0 1
266 0.0625 nan 0.8 1.0 1.0 1674.5879708851967 1674.5890374550975 1675.1102235031665 1673.8414719455918 1676.6748391347007 1674.8906767551566 -1.0 1674.8906767551566 -1.0 1
267 0.0625 nan 0.8 1.0 1.0 1677.937800301013 1677.9387002193669 1679.9395853531955 1677.3584528630433 1681.4908079144154 1679.5847175490264 -1.0 1679.851959969786 -1.0 2
268 1.0 nan 0.8 1.0 1.0 1682.7046011603006 1682.7054010877262 1686.4528944249796 1682.1751158651914 1688.007915968701 1685.8132524573075 -1.0 1686.4109982260654 -1.0 3
269 0.0625 nan 0.8 1.0 1.0 1689.2710054149572 1689.272071984858 1691.8568708090438 1688.6736262796026 1693.4043945154717 1691.509935618512 -1.0 1691.7934765605673 -1.0 2
270 0.0625 nan 0.8 1.0 1.0 1694.790871284801 1694.7917378728453 1695.0385488139434 1694.0845020377124 1696.5915660091696 1694.9032610880938 -1.0 1694.9032610880938 -1.0 1
271 0.125 nan 0.8 1.0 1.0 1698.254423716286 1698.2553902952586 1700.1961142206223 1697.2496815394595 1701.7543572404593 1699.6373315835515 -1.0 1700.072892066775 -1.0 3
272 0.25 nan 0.8 1.0 1.0 1703.0246242671321 1703.0257241673423 1705.6904157431572 1702.5303691090576 1707.2413400672074 1705.4370054007982 -1.0 1705.4370054007982 -1.0 1
273 0.25 nan 0.8 1.0 1.0 1708.6709453308351 1708.67177858857 1709.223461869739 1707.908547833647 1710.7743881027145 1708.8654610164865 -1.0 1709.1969642737668 -1.0 2
274 0.125 nan 0.8 1.0 1.0 1712.1377308023318 1712.1387640419232 1713.9019374091195 1711.4410940055877 1715.4582604395525 1713.6856237011214 -1.0 1713.6856237011214 -1.0 1
275 0.125 nan 0.8 1.0 1.0 1716.78750894532 1716.7884421939834 1720.5565669927546 1716.114869971343 1722.1041883442033 1720.2731593719368 -1.0 1720.2731593719368 -1.0 1
276 0.0625 nan 0.8 1.0 1.0 1723.35761286432 1723.358779425149 1724.2694967991615 1722.7620002353635 1725.8248528732624 1724.1101779202354 -1.0 1724.1101779202354 -1.0 1
277 0.0 nan 0.8 1.0 1.0 1728.7707550834689 1728.7717883230603 1730.3654104063448 1726.489262074812 1731.9208338516687 1730.1679949837758 -1.0 1730.1679949837758 -1.0 1
278 1.0 nan 0.8 1.0 1.0 1733.090896466503 1733.0917630545473 1735.7534882328257 1732.6053405191813 1737.3041400137145 1733.6105159900303 -1.0 1735.4964115564328 -1.0 3
279 nan 0.125 0.8 1.0 -1.0 1738.6409262663526 1738.6417928543972 1744.7991342218022 1737.9774531274602 1747.3576988703062 1744.6033186540842 -1.0 1744.6033186540842 -1.0 1
280 1.0 nan 0.8 1.0 1.0 1749.220633075718 1749.221466333453 1749.5506364690757 1748.0450064026038 1751.1076574352137 1749.4181484892154 -1.0 1749.4181484892154 -1.0 1
281 0.25 nan 0.8 1.0 1.0 1752.3041866497476 1752.3051198984108 1752.7488796377463 1751.8040653572186 1754.3042029367446 1752.5183672179444 -1.0 1752.5183672179444 -1.0 1
282 0.25 nan 0.8 1.0 1.0 1756.6407598753153 1756.6417931149067 1756.8955367603598 1754.9921094512135 1758.4408620137096 1756.662457906734 -1.0 1756.662457906734 -1.0 1
283 1.0 nan 0.8 1.0 1.0 1759.653953166204 1759.6548197542484 1760.247599306906 1759.1152687057008 1761.8041207063466 1759.9837565777052 -1.0 1759.9837565777052 -1.0 1
284 0.125 nan 0.8 1.0 1.0 1765.1238902325686 1765.1248234812317 1768.9094467831553 1762.4807300366253 1770.4574652357633 1768.5507126630962 -1.0 1768.7694261533711 -1.0 2
285 nan 0.25 0.8 1.0 -1.0 1771.6872280987602 1771.6881613474234 1774.1935007140028 1771.1596759615961 1776.7372665359107 1771.9315059363441 -1.0 1774.171369388562 -1.0 4
286 0.0625 nan 0.8 1.0 1.0 1778.6070669542817 1778.6081668544919 1780.430334869324 1777.4225744188673 1781.9704557680723 1780.1070975287744 -1.0 1780.3635742595982 -1.0 2
287 1.0 nan 0.8 1.0 1.0 1783.3404041829326 1783.3415040831428 1784.8737983971337 1782.6624656897613 1786.4242206418728 1784.0914027143065 -1.0 1784.764341661068 -1.0 2
288 nan 1.0 0.8 -1.0 1.0 1787.6371143584595 1787.6381809283603 1792.0574133212372 1787.1135285281139 1793.603833128656 1791.3052482290345 -1.0 1791.7803384592048 -1.0 3
289 0.0625 nan 0.8 1.0 1.0 1794.7739335281672 1794.7748667768303 1795.2675887406726 1794.3099422910263 1796.820404921763 1795.0634739259144 -1.0 1795.0634739259144 -1.0 1
290 0.0625 nan 0.8 1.0 1.0 1798.0072735126348 1798.008206761298 1809.5988218547288 1797.5041191619505 1811.1371438892024 1798.4668651489346 1.0 1809.5596920714945 -1.0 4
291 0.125 nan 0.8 1.0 1.0 1812.323874620865 1812.3249078604563 1814.549306049113 1811.825353183187 1816.0907266788704 1814.2959623673728 -1.0 1814.2959623673728 -1.0 1
292 0.0 nan 0.8 1.0 1.0 1817.3701834547705 1817.371216694362 1817.7667474759974 1816.7778371961351 1819.3035633237641 1817.640325612448 -1.0 1817.640325612448 -1.0 1
293 0.25 nan 0.8 1.0 1.0 1820.9237943822513 1820.9248942824613 1823.1379268356131 1820.1118680452967 1824.687148194497 1821.6536948277756 -1.0 1823.0274035296468 -1.0 6
294 0.0 nan 0.8 1.0 1.0 1826.0574619570912 1826.0585618573014 1831.4158758082071 1825.3695577014096 1832.95359759124 1831.0633744560057 -1.0 1831.312385197524 -1.0 2
295 0.0 nan 0.8 1.0 1.0 1834.0907331283888 1834.0915997164332 1835.2949238766578 1833.642607118522 1836.8398472455535 1834.8597300268377 -1.0 1835.2223637930965 -1.0 3
296 0.125 nan 0.8 1.0 1.0 1839.53700567508 1839.5379389237432 1845.9858205981775 1837.5295544703 1847.5370396368994 1845.5447939442126 -1.0 1845.8210022182006 1.0 2
297 0.0625 nan 0.8 1.0 1.0 1848.7069070574953 1848.7079736273959 1853.7077200190715 1848.2202512099634 1855.274072822961 1853.3421198552762 -1.0 1853.6931213435548 -1.0 2
298 0.0625 nan 0.8 1.0 1.0 1860.5202019480193 1860.5213018482295 1871.9025359380173 1855.9589824371037 1873.4533545974705 1870.3831071234545 -1.0 1871.820610037515 -1.0 4
299 1.0 nan 0.8 1.0 1.0 1874.8898649088123 1874.890998139332 1875.3920860108335 1874.168563683113 1876.9532072966974 1875.1582072297822 -1.0 1875.1582072297822 -1.0 1
300 0.25 nan 0.8 1.0 1.0 1878.1739002938757 1878.175000194086 1878.4949378340048 1877.6408153253512 1880.0532578180482 1878.3664494912725 -1.0 1878.3664494912725 -1.0 1
301 0.125 nan 0.8 1.0 1.0 1882.5736677860634 1882.5746676953454 1883.0558240418266 1880.741267366246 1884.607141558085 1882.935668276444 -1.0 1882.935668276444 -1.0 1
302 nan 0.0625 0.8 1.0 -1.0 1886.6198340258395 1886.6206672835747 1887.3856645448957 1885.300853692001 1889.9367275601521 1887.2211461377033 -1.0 1887.2211461377033 -1.0 1
303 0.125 nan 0.8 1.0 1.0 1891.3064421607135 1891.3073420790672 1892.5042668198873 1890.6244373697955 1894.0572904330913 1892.2783873130918 -1.0 1892.2783873130918 -1.0 1
304 nan 0.0 0.8 1.0 -1.0 1895.2198537781542 1895.2206870358891 1895.9246898310105 1894.7373975496066 1898.4903695295857 1895.6048188517102 -1.0 1895.9057248849626 -1.0 2
305 nan 0.0 0.8 1.0 -1.0 1900.7698502476946 1900.7706835054296 1903.2366931069182 1899.3200817797751 1905.7896867241082 1902.7848007720893 -1.0 1903.0225791993403 -1.0 2
306 1.0 nan 0.8 1.0 1.0 1907.6865560541323 1907.6873893118675 1908.1607130356397 1906.509496177714 1909.719863723062 1907.9420328756742 -1.0 1907.9420328756742 -1.0 1
307 nan 0.0625 0.8 1.0 -1.0 1910.8732669357512 1910.8743668359614 1911.323392764182 1910.4083757802568 1913.8902241635553 1911.1293770331715 -1.0 1911.1293770331715 -1.0 1
308 0.25 nan 0.8 1.0 1.0 1915.0529543949788 1915.054054295189 1915.5664411415767 1914.5731312608739 1917.1232646584601 1915.3961565908583 -1.0 1915.3961565908583 -1.0 1
309 0.25 nan 0.8 1.0 1.0 1918.5531368364932 1918.5540700851564 1919.058590978526 1917.8081710911208 1920.6234392390406 1918.867774957218 -1.0 1918.867774957218 -1.0 1
310 nan 1.0 0.8 1.0 -1.0 1922.7865527544718 1922.7873860122068 1925.456110555459 1921.312253178835 1928.0031428783955 1925.2809264492587 -1.0 1925.2809264492587 -1.0 1
311 nan 1.0 0.8 1.0 -1.0 1929.2730642574995 1929.2740641667815 1932.5454007039637 1928.6852509209423 1935.1065621035248 1932.389314865049 -1.0 1932.389314865049 -1.0 1
312 nan 0.0 0.8 1.0 -1.0 1937.4863190995504 1937.4874189997606 1942.7407423853422 1935.79157285755 1945.2864383940137 1942.5877895955111 -1.0 1942.5877895955111 -1.0 1
313 nan 1.0 0.2 -1.0 1.0 1946.6227901816387 1946.6237567606113 1947.0685497395382 1945.9715492662956 1948.6197766302218 1946.950193810863 1.0 1946.950193810863 1.0 1
314 nan 0.25 0.2 1.0 -1.0 1949.789736189784 1949.7908360899942 1955.2387751521553 1949.2947810952119 1957.7860380851023 1953.540795870143 -1.0 1955.1814136896799 -1.0 2
315 nan 0.0625 0.2 1.0 -1.0 1959.206248531441 1959.2071151194853 1963.6184482290344 1958.4708485848657 1966.1694797646537 1963.4651621361095 -1.0 1963.4651621361095 -1.0 1
316 nan 0.125 0.2 1.0 -1.0 1967.556490945121 1967.5574575240935 1973.9775083901798 1966.8517882135022 1976.5396571996735 1973.8142232044352 -1.0 1973.8142232044352 -1.0 1
317 0.125 nan 0.2 1.0 1.0 1977.8361249789689 1977.8371582185603 2020.7002694085043 1977.3592682424003 2022.252587793941 1978.3432456364717 -1.0 2020.619076774809 -1.0 3
318 nan 0.0 0.2 1.0 -1.0 2024.6391787126352 2024.6402119522265 2031.2622444932697 2022.9659971808155 2033.8025760156297 2027.5683796238388 1.0 2031.1021590172272 1.0 5
319 nan 0.125 0.2 1.0 -1.0 2035.1551913007395 2035.1562578706403 2035.9325874371568 2034.4870852488405 2038.469052268282 2035.8115650837299 -1.0 2035.8115650837299 -1.0 1
320 nan 0.0625 0.2 1.0 -1.0 2039.6893132701139 2039.690246518777 2062.2376008814927 2039.146662502792 2064.7856977621577 2052.28917013214 -1.0 2062.0870812042476 -1.0 3
321 nan 0.125 0.2 1.0 -1.0 2065.9886605618517 2065.9896271408243 2066.382291515851 2065.4820065286804 2068.922658938221 2066.233671666242 -1.0 2066.233671666242 -1.0 1
322 nan 1.0 0.2 -1.0 1.0 2070.068957038452 2070.069956947734 2070.663269785342 2069.596066608702 2072.222720601035 2070.446356131775 1.0 2070.446356131775 1.0 1
323 nan 1.0 0.2 -1.0 1.0 2074.2856411411126 2074.286607720085 2076.12137459187 2072.911332493672 2077.685596158493 2075.5688913832755 -1.0 2076.1103755897684 1.0 2
324 nan 0.0625 0.2 1.0 -1.0 2080.9222056970534 2080.9233055972636 2083.1776344037603 2078.369203988034 2085.7388266737453 2081.3726981588875 -1.0 2082.8479976438066 1.0 7
325 0.25 nan 0.2 1.0 1.0 2087.052082889514 2087.052982807868 2087.7831832261763 2086.4602365855194 2089.3390012662308 2087.4206494508458 -1.0 2087.693058069562 -1.0 2
326 0.125 nan 0.2 1.0 1.0 2090.5853623282615 2090.5862955769244 2092.5676491494455 2090.0268130033564 2094.135370834403 2092.4079636371157 -1.0 2092.4079636371157 -1.0 1
327 0.25 nan 0.2 1.0 1.0 2095.6056735208363 2095.606640099809 2099.7435647720777 2094.8215779922293 2101.302084844437 2099.5510822352994 -1.0 2099.5510822352994 -1.0 1
328 0.0625 nan 0.2 1.0 1.0 2102.6381688221254 2102.6390354101695 2103.1149255677656 2101.9929940230927 2104.6724327905436 2102.863148410567 -1.0 2102.863148410567 -1.0 1
329 nan 0.0625 0.2 1.0 -1.0 2107.5519563458615 2107.552989585453 2109.371991220892 2105.5005424629844 2111.9394536387313 2107.7044758416705 1.0 2109.04555417064 -1.0 2
330 0.125 nan 0.2 1.0 1.0 2113.2353073833065 2113.236307292588 2118.989585319152 2112.6305622495747 2120.55530060103 2118.7853038528465 -1.0 2118.7853038528465 -1.0 1
331 0.0625 nan 0.2 1.0 1.0 2121.935118081961 2121.9359846700054 2124.841887694939 2121.2687118758413 2126.4055049439125 2124.5946101295094 -1.0 2124.5946101295094 -1.0 1
332 nan 0.0625 0.2 1.0 -1.0 2127.568506985617 2127.5693069130425 2131.791323865207 2127.108315403748 2134.352121029439 2128.3361040110713 -1.0 2131.66530196537 -1.0 2
333 0.125 nan 0.2 1.0 1.0 2135.57208085124 2135.572980769594 2139.275911483181 2135.042428904584 2140.83903125394 2139.103827095755 -1.0 2139.103827095755 -1.0 1
334 nan 0.0 0.2 1.0 -1.0 2142.1351187446476 2142.1359853326917 2148.098677693208 2141.520541169643 2150.6556072859244 2147.850933503447 -1.0 2147.850933503447 -1.0 1
335 nan 0.0 0.2 1.0 -1.0 2151.918531132166 2151.919664362686 2162.210664032039 2151.3441165799873 2164.772026618366 2162.0702767688513 -1.0 2162.0702767688513 -1.0 1
336 nan 0.0 0.2 -1.0 1.0 2166.168338300361 2166.1693382096432 2173.9799629141567 2165.4564362219126 2175.5350152952005 2173.703754640169 1.0 2173.703754640169 1.0 1
337 0.25 nan 0.2 1.0 1.0 2180.85533913694 2180.8563390462223 2181.2786007359955 2176.2294254954813 2182.8388219296853 2181.14861252934 -1.0 2181.14861252934 -1.0 1
338 nan 0.125 0.2 1.0 -1.0 2184.1183430967726 2184.119676309149 2188.3690574453294 2183.5300298055745 2190.9218523260583 2188.0004575536877 -1.0 2188.0004575536877 -1.0 1
339 nan 0.25 0.2 -1.0 1.0 2192.085053640201 2192.0860202191734 2192.7533930042655 2191.6171627568606 2194.3048130586367 2192.5845749871605 1.0 2192.5845749871605 1.0 1
340 nan 0.0625 0.2 1.0 -1.0 2195.51844214168 2195.519342060034 2203.7986909056226 2194.9996225455784 2206.355406154566 2200.0499976772307 -1.0 2203.6469046766206 -1.0 2
341 nan 0.0 0.2 -1.0 1.0 2207.718101978755 2207.7190018971087 2213.378321781477 2207.191216447779 2214.9385430770135 2213.025620447419 1.0 2213.367156127829 1.0 2
342 nan 0.0 0.2 -1.0 1.0 2216.2346959666447 2216.2356958759265 2222.2261857144813 2215.6273510687797 2223.7885031311544 2221.9564101902074 1.0 2221.9564101902074 1.0 1
343 nan 1.0 0.2 -1.0 1.0 2226.284850820282 2226.2857174083265 2228.692965674345 2224.4866139675983 2230.255515253412 2228.1378160409986 -1.0 2228.4374221921844 1.0 2
344 nan 0.0625 0.2 1.0 -1.0 2231.567971502466 2231.5690380723668 2236.2840436308484 2230.962626423165 2238.838340264286 2235.938974937643 -1.0 2236.1576884279175 -1.0 2
345 nan 0.25 0.2 -1.0 1.0 2240.2180200491885 2240.21905328878 2240.9716850053137 2239.529649169175 2242.5217031709612 2240.721607693895 1.0 2240.721607693895 1.0 1
346 nan 0.0625 0.2 -1.0 1.0 2243.9845783234177 2243.9854449114623 2249.7577212143833 2243.229713476154 2251.305142703479 2249.449715825229 1.0 2249.449715825229 1.0 1
347 nan 0.125 0.2 -1.0 1.0 2252.5512344360245 2252.5520676937595 2256.4639461169677 2252.004350719409 2258.020865168592 2255.6850834469365 -1.0 2256.310893336208 1.0 3
348 1.0 nan 0.2 1.0 1.0 2259.401246293355 2259.40207955109 2261.9274171033085 2258.7167750595418 2263.4881373564695 2261.797962181604 -1.0 2261.797962181604 -1.0 1
349 nan 0.125 0.2 1.0 -1.0 2266.251358141614 2266.2523913812056 2268.0107318535393 2264.1990443403834 2270.554959730058 2267.50674424512 -1.0 2267.800450931542 -1.0 2
350 0.0625 nan 0.2 1.0 1.0 2271.884380411867 2271.8854136514583 2273.0214105866976 2271.2515711576216 2274.567630263586 2272.69140719334 -1.0 2272.69140719334 -1.0 1
351 nan 0.0625 0.2 1.0 -1.0 2275.754929251421 2275.755762509156 2284.907098909236 2275.2751394476254 2287.4510285166803 2284.7377142768714 -1.0 2284.7377142768714 -1.0 1
352 nan 0.125 0.2 -1.0 1.0 2288.837675636017 2288.8387755362273 2289.595873514221 2288.14783822239 2291.1543932095406 2289.278702289982 1.0 2289.278702289982 1.0 1
353 nan 0.0625 0.2 -1.0 1.0 2292.517775087666 2292.518774996948 2293.2982376125483 2291.848802447723 2294.8510712720536 2293.020662795875 1.0 2293.020662795875 1.0 1
354 0.25 nan 0.2 1.0 1.0 2296.2542694228177 2296.2554359836467 2296.62060285342 2295.695486785747 2298.1877228005887 2296.484548530454 -1.0 2296.484548530454 -1.0 1
355 nan 0.25 0.2 -1.0 1.0 2299.4010505937767 2299.4021171636778 2299.9608331401296 2298.879531242614 2301.5214831091935 2299.7107558287107 1.0 2299.7107558287107 1.0 1
356 nan 0.0625 0.2 1.0 -1.0 2302.917498226278 2302.9184314749414 2306.9907953379047 2302.224994387899 2309.5509906127877 2304.2772748588204 -1.0 2306.700654994588 -1.0 4
357 nan 0.125 0.2 1.0 -1.0 2310.9544024013 2310.955435640891 2313.2244631138333 2310.259098816932 2315.7840916631144 2312.9742858114855 -1.0 2312.9742858114855 -1.0 1
358 nan 1.0 0.2 1.0 -1.0 2317.0379837940054 2317.038783721431 2319.5691208200597 2316.479801102504 2322.1377120616007 2319.415801396825 -1.0 2319.415801396825 -1.0 1
359 nan 0.125 0.2 1.0 -1.0 2323.51746260175 2323.518462511032 2338.7038181337416 2322.8432237729216 2341.2676115758168 2331.7578149853425 -1.0 2338.567763810776 -1.0 2
360 nan 0.25 0.2 -1.0 1.0 2342.487741499168 2342.488808069069 2343.7189631283595 2341.982920633014 2345.2881808226466 2343.3530296614704 1.0 2343.3530296614704 1.0 1
361 nan 0.0625 0.2 1.0 -1.0 2346.550939527047 2346.5518061150915 2346.9101402714377 2345.9829910548915 2349.4710650293414 2346.7230905750916 -1.0 2346.7230905750916 -1.0 1
362 nan 0.25 0.2 -1.0 1.0 2350.817419111949 2350.81848568185 2351.480592278057 2350.173577525293 2353.0341134550117 2351.2034174250966 1.0 2351.2034174250966 1.0 1
363 nan 0.125 0.2 -1.0 1.0 2354.254340626225 2354.2555071870534 2355.074032925269 2353.735621021051 2356.633980383128 2354.708032797761 1.0 2355.005472478836 1.0 2
364 0.25 nan 0.2 1.0 1.0 2364.5542728184964 2364.55517273685 2378.8932385643334 2357.3436936740895 2380.45405580088 2377.6067552821587 -1.0 2378.724987162488 -1.0 4
365 nan 0.0 0.2 1.0 -1.0 2385.2337966425034 2385.2348965427136 2388.067872850683 2381.1732650393765 2390.6208167485574 2387.9286854786337 -1.0 2387.9286854786337 -1.0 1
366 nan 1.0 0.2 -1.0 1.0 2392.1838660886497 2392.1848659979314 2392.638258196683 2391.5051276680524 2394.2003775775706 2392.4842721672608 1.0 2392.4842721672608 1.0 1
367 nan 0.0625 0.2 1.0 -1.0 2395.3538451549502 2395.3548783945416 2402.87586271038 2394.8844877379966 2405.4374593189445 2402.745941164343 -1.0 2402.745941164343 -1.0 1
368 nan 0.25 0.2 -1.0 1.0 2406.867200591195 2406.8682005004766 2408.1030218030833 2406.1308673959566 2409.66703668491 2407.7918167042267 1.0 2407.7918167042267 1.0 1
369 1.0 nan 0.2 1.0 1.0 2410.954096469056 2410.955196369266 2411.4927809295596 2410.373649130876 2413.0542984191034 2411.3403280943694 -1.0 2411.3403280943694 -1.0 1
370 nan 0.125 0.2 1.0 -1.0 2414.300459532695 2414.3015927632146 2417.0805406396485 2413.745609872133 2419.6371045416363 2416.8847917325493 -1.0 2416.8847917325493 -1.0 1
371 nan 0.0 0.2 1.0 -1.0 2420.9668880458576 2420.9678879551393 2421.947232436204 2420.3305124485064 2424.500494006707 2421.8076117701326 -1.0 2421.8076117701326 -1.0 1
372 nan 0.0625 0.2 1.0 -1.0 2425.6700613445028 2425.6708946022377 2441.136891430085 2425.187605115955 2443.6872879086613 2426.1315528084383 -1.0 2440.9414424957704 -1.0 4
373 nan 1.0 0.2 -1.0 1.0 2445.0001409318807 2445.0012741624 2445.8515303551635 2444.397095643928 2447.4037497502068 2445.5616233240125 1.0 2445.5616233240125 1.0 1
374 nan 0.125 0.2 1.0 -1.0 2450.64999500838 2450.6508949267336 2462.3402343966036 2448.0988597966866 2464.883362442795 2452.4727296384717 -1.0 2462.272740520071 -1.0 3
375 nan 0.25 0.2 -1.0 1.0 2466.1369232705297 2466.1379231798114 2473.7083030141785 2465.5880730656595 2475.2699238546757 2466.999811650555 1.0 2473.4266285694493 1.0 2
376 nan 1.0 0.2 1.0 -1.0 2476.7333952255226 2476.734261813567 2479.7662533989565 2475.9663314850186 2482.320748435325 2476.9678072915244 1.0 2479.5040105246067 -1.0 6
377 nan 0.0625 0.2 -1.0 1.0 2483.550010112836 2483.550943361499 2486.452913409924 2483.012858846565 2488.003036136381 2486.1772384208866 1.0 2486.1772384208866 1.0 1
378 nan 0.125 0.2 -1.0 1.0 2489.149902055546 2489.1509352951375 2491.435894655972 2488.692643540904 2492.98331431728 2490.6653645632905 -1.0 2491.2115816737182 1.0 2
379 0.125 nan 0.2 -1.0 -1.0 2494.186111805704 2494.186945063439 2498.7016687927435 2493.6900234806126 2501.2534481021335 2498.5265180168526 1.0 2498.5265180168526 1.0 1
380 nan 0.0625 0.2 -1.0 1.0 2502.5998151284793 2502.600615055905 2518.603229865073 2502.106059925046 2520.170447373486 2505.9662097080673 -1.0 2518.201799618674 1.0 4
381 nan 0.0625 0.2 1.0 -1.0 2521.382811017386 2521.383610944811 2566.4123256576327 2520.8898557413777 2568.969647568908 2526.809118708747 -1.0 2566.3111681686073 -1.0 4
382 nan 0.0625 0.2 -1.0 1.0 2570.232812372469 2570.233645630204 2612.4945781202405 2569.7293580490004 2614.0491953384494 2612.133344226976 1.0 2612.133344226976 1.0 1
383 nan 1.0 0.2 -1.0 1.0 2617.1695873074436 2617.170687207654 2617.521155410982 2614.7675052393815 2619.0824758487884 2617.385767694204 1.0 2617.385767694204 1.0 1
384 nan 0.125 0.2 1.0 -1.0 2622.1192382440927 2622.120371474612 2624.4460271432226 2619.769384770859 2627.0027912638097 2622.9153993447017 -1.0 2624.0305648365666 -1.0 3
385 nan 1.0 0.2 -1.0 1.0 2628.3158427159697 2628.3166759737046 2628.921121134652 2627.682500176774 2630.4826700894773 2628.61131590879 1.0 2628.858726795457 1.0 2
386 0.0625 nan 0.2 1.0 1.0 2631.752530918079 2631.753364175814 2634.829018466516 2631.1592847410902 2636.385872150716 2634.6623669195224 -1.0 2634.6623669195224 -1.0 1
387 0.0 nan 0.2 1.0 1.0 2637.58246865626 2637.583368574614 2639.4186020707302 2637.0757812927795 2640.9859267248767 2639.293480089247 -1.0 2639.293480089247 -1.0 1
388 nan 0.0625 0.2 1.0 -1.0 2643.0156423913577 2643.0167089612582 2646.994048112126 2641.668231303602 2649.551975441671 2646.4221666634617 -1.0 2646.9601845177767 -1.0 2
389 nan 0.25 0.2 1.0 -1.0 2650.848965036572 2650.8500316064724 2651.072044797378 2650.250985955648 2653.6361388868436 2650.8660968156028 -1.0 2650.8660968156028 -1.0 1
390 nan 1.0 0.2 -1.0 1.0 2654.9325278834935 2654.9333611412285 2655.7838839764668 2654.3364486302053 2657.3324021204353 2655.4952768273824 1.0 2655.4952768273824 1.0 1
391 nan 1.0 0.2 1.0 -1.0 2659.002125330777 2659.0030585794398 2663.2273753229524 2658.0317133726307 2665.782037552979 2658.974627825523 1.0 2662.766717116752 1.0 5
392 nan 0.25 0.2 1.0 -1.0 2667.119055578665 2667.1200554879474 2670.150380557867 2666.4831466056457 2672.699042386901 2670.0192257903827 -1.0 2670.0192257903827 -1.0 1
393 nan 1.0 0.2 -1.0 1.0 2673.9189386506605 2673.919738578086 2674.263574049844 2673.403052121786 2675.8156058706627 2674.0330616300416 -1.0 2674.0330616300416 -1.0 1
394 nan 0.125 0.2 -1.0 1.0 2677.169277092921 2677.170410323441 2677.9918357985744 2676.6717222342163 2679.5523584469506 2677.8094856758535 1.0 2677.8094856758535 1.0 1
395 nan 0.125 0.2 1.0 -1.0 2680.882273559947 2680.883406790467 2682.7174070651354 2680.2453646776457 2685.2687671259314 2682.1045293359102 -1.0 2682.6820102765537 -1.0 3
396 nan 0.0625 0.2 1.0 -1.0 2686.6487503890326 2686.6497502983148 2689.7100726466933 2685.9653790554294 2692.268470065217 2689.5907501390457 -1.0 2689.5907501390457 -1.0 1
397 nan 0.25 0.2 1.0 -1.0 2693.4821304219736 2693.4830636706365 2697.438071514207 2692.969176960326 2699.982098612298 2697.282252317768 -1.0 2697.282252317768 -1.0 1
398 nan 0.125 0.2 -1.0 1.0 2701.3183528041054 2701.319419374006 2709.4122518081995 2700.700408867852 2710.9653705275205 2709.0674830877783 1.0 2709.2456002612053 1.0 2
399 nan 0.0625 0.2 1.0 -1.0 2712.1689017076455 2712.1697349653805 2722.3744091333906 2711.6682804604757 2724.9320028046977 2721.6654067918594 -1.0 2722.171627531008 1.0 2
400 nan 0.125 0.2 1.0 -1.0 2726.168864876587 2726.169764794941 2762.312419040187 2725.6329135014544 2764.865076014073 2751.5159985591104 -1.0 2762.1983960517337 -1.0 3
401 nan 0.125 0.2 1.0 -1.0 2766.1845344042827 2766.1854343226364 2782.39509701379 2765.6002874108312 2784.9483897918994 2781.9393050327612 -1.0 2782.3828981205497 -1.0 3
402 nan 0.25 0.2 -1.0 1.0 2786.3686031790767 2786.3694364368116 2823.2867204027953 2785.668700012011 2824.848335448509 2818.13948739203 -1.0 2823.1710975594906 1.0 7
403 nan 0.0625 0.2 1.0 -1.0 2826.2852483575484 2826.2860816152834 2826.9607537381335 2825.583545353775 2829.514617043477 2826.7716708929142 -1.0 2826.7716708929142 -1.0 1
404 nan 0.0 0.2 1.0 -1.0 2830.767908329211 2830.7688082475647 2848.510098646521 2830.204626100371 2851.0683926640345 2831.3798528097727 -1.0 2848.4073746329536 -1.0 4
