DY_018 cde63527-7f5a-4cc3-8ac2-215d82e7da26 danlab 2026-07-28T16:01:20.797097 _iblrig_tasks_ephysChoiceWorld6.4.2 M 324 508
0 1.0 nan 0.5 1.0 1.0 28.39119393002839 28.391993850028392 28.60990539002861 17.295703590017297 30.15791138339773 28.401426240028403 -1.0 28.401426240028403 -1.0 1
1 0.125 nan 0.5 1.0 1.0 32.0987564700321 32.0995897200321 32.35753059003236 30.578208540030577 33.91513656826525 32.20851216003221 -1.0 32.20851216003221 -1.0 1
2 1.0 nan 0.5 1.0 1.0 35.17454886003517 35.17588206003518 35.452121100035455 34.28843748003429 37.015431537746274 35.34979800003535 -1.0 35.34979800003535 -1.0 1
3 nan 0.0625 0.5 1.0 -1.0 38.60723889003861 38.60813880003861 39.01879773003902 37.38982731003739 41.581538236754895 38.88017826003888 -1.0 38.88017826003888 -1.0 1
4 0.25 nan 0.5 1.0 1.0 42.69096381004269 42.692063700042695 42.946138290042946 41.95873704004196 44.49834598070136 42.85801377004286 -1.0 42.85801377004286 -1.0 1
5 0.0 nan 0.5 1.0 1.0 45.574242120045575 45.575375340045575 45.84684819004585 44.87864502004488 47.39835652991727 45.741258750045745 -1.0 45.741258750045745 -1.0 1
6 0.125 nan 0.5 1.0 1.0 49.50718212004951 49.508282010049506 49.93097307004993 47.78035482004778 51.47414962986077 49.81078509004981 -1.0 49.81078509004981 -1.0 1
7 nan 0.125 0.5 1.0 -1.0 52.3978596900524 52.3988929200524 52.722227250052725 51.85934688005186 55.273867506903265 52.607638710052605 -1.0 52.607638710052605 -1.0 1
8 0.0625 nan 0.5 -1.0 -1.0 57.63150294005763 57.63246951005763 58.31913417005832 55.65206757005565 60.873775102176 57.802219200057806 -1.0 58.188347250058186 1.0 2
9 0.125 nan 0.5 1.0 1.0 61.76435628006176 61.76542284006177 62.04729465006205 61.25877351006126 63.590772582430816 61.94770461006195 -1.0 61.94770461006195 -1.0 1
10 1.0 nan 0.5 1.0 1.0 65.31440124006531 65.31533448006532 65.51898078006552 63.95907012006396 67.08158765763957 65.43828885006543 -1.0 65.43828885006543 -1.0 1
11 0.0625 nan 0.5 1.0 1.0 68.09062359006809 68.09162349006809 68.56910907006856 67.46228643006746 70.13101359427048 68.28737058006828 -1.0 68.28737058006828 -1.0 1
12 nan 0.25 0.5 1.0 -1.0 71.22391023007123 71.22491013007122 71.35023093007135 70.50811515007051 73.89020340608079 71.22511011007123 -1.0 71.22511011007123 -1.0 1
13 nan 0.25 0.5 -1.0 1.0 76.2977028000763 76.2988026900763 76.81331790007681 74.32969962007434 78.35712608295206 76.48315092007648 -1.0 76.48315092007648 -1.0 1
14 nan 0.25 0.5 -1.0 1.0 79.86404613007987 79.86507936007986 80.22511002008022 78.72872634007872 81.78082047163221 80.06315955008006 1.0 80.06315955008006 1.0 1
15 0.0 nan 0.5 -1.0 -1.0 82.77332184008277 82.77438840008277 83.2020456300832 82.14991752008216 85.74002136060848 83.01519765008301 1.0 83.01519765008301 1.0 1
16 0.25 nan 0.5 1.0 1.0 86.71406106008672 86.71496097008672 86.94813765008695 86.12911956008612 88.49024377857761 86.85844662008687 -1.0 86.85844662008687 -1.0 1
17 0.0 nan 0.5 -1.0 -1.0 89.73085935008973 89.73192591008973 90.08859024009008 88.87084536008888 92.64753377823915 89.95936983008995 1.0 89.95936983008995 1.0 1
18 nan 1.0 0.5 -1.0 1.0 95.23977507009523 95.24114160009525 95.79105327009579 93.01963044009302 97.34755577794188 95.42928945009542 -1.0 95.5929397500956 1.0 2
19 nan 0.125 0.5 -1.0 1.0 98.4062583900984 98.40709164009841 98.86434591009886 97.76335602009776 100.41404996612013 98.65846650009865 1.0 98.65846650009865 1.0 1
20 0.125 nan 0.5 -1.0 -1.0 101.53994499010155 101.54071158010154 102.14505114010214 100.85704662010086 104.69735897838888 101.74785753010175 1.0 102.08952336010209 1.0 2
21 nan 1.0 0.5 -1.0 1.0 108.07295829010808 108.07392486010808 108.36746217010837 105.07615800010508 109.91376942394987 108.26867205010826 1.0 108.26867205010826 1.0 1
22 0.25 nan 0.5 -1.0 -1.0 110.82261663011083 110.82354987011082 111.34286460011134 110.30706819011031 113.8970020807721 111.03576198011103 -1.0 111.03576198011103 -1.0 1
23 0.25 nan 0.5 -1.0 -1.0 116.5891399201166 116.5901064901166 116.87744442011687 114.2967025201143 119.43001507908282 116.74505766011674 1.0 116.74505766011674 1.0 1
24 1.0 nan 0.5 1.0 1.0 120.42295650012042 120.42405639012043 120.65719974012066 119.84861394011985 122.21390852465512 120.57040842012057 -1.0 120.57040842012057 -1.0 1
25 nan 0.25 0.5 -1.0 1.0 123.13918485012314 123.13998477012314 123.67149828012367 122.6013053101226 125.22280572054649 123.42462297012342 1.0 123.42462297012342 1.0 1
26 nan 0.25 0.5 -1.0 1.0 126.1969123801262 126.1979456101262 126.59600580012659 125.61930348012562 128.14680671627247 126.41305743012641 1.0 126.41305743012641 1.0 1
27 nan 0.0625 0.5 -1.0 1.0 129.08922312012908 129.0902230201291 129.9046082401299 128.61620376012863 131.44671664260736 129.32089995012933 1.0 129.87394464012988 1.0 3
28 1.0 nan 0.5 1.0 1.0 132.57270807013256 132.57384129013258 132.7961190601328 131.82581610013182 134.33922666933793 132.7173936001327 -1.0 132.7173936001327 -1.0 1
29 0.0625 nan 0.5 -1.0 -1.0 135.1795473601352 135.18044727013518 135.61777020013562 134.72662599013472 138.1558434841415 135.46725192013548 1.0 135.46725192013548 1.0 1
30 1.0 nan 0.5 1.0 1.0 140.4965156101405 140.4973488601405 140.72822577014074 138.55334328013856 142.27203530883077 140.63223537014062 -1.0 140.63223537014062 -1.0 1
31 nan 0.125 0.5 -1.0 1.0 143.34636393014335 143.34729717014335 143.75575632014375 142.66313226014267 145.32265803441553 143.6065379101436 1.0 143.6065379101436 1.0 1
32 nan 0.0625 0.5 -1.0 1.0 146.41342386014642 146.41425711014642 146.986266570147 145.7226596101457 148.53904326539777 146.64416745014665 1.0 146.64416745014665 1.0 1
33 nan 0.125 0.5 -1.0 1.0 149.4967155001495 149.4975154201495 149.86644519014988 148.93133871014894 151.42985174262995 149.6729978701497 1.0 149.6729978701497 1.0 1
34 1.0 nan 0.5 1.0 1.0 152.42228958015244 152.42312283015244 152.64486732015266 151.81525029015182 154.21287030160107 152.57240790015257 -1.0 152.57240790015257 -1.0 1
35 nan 1.0 0.5 -1.0 1.0 155.15571621015516 155.15674944015515 155.72205957015572 154.6053712501546 157.27226727909198 155.43522159015544 1.0 155.43522159015544 1.0 1
36 1.0 nan 0.5 1.0 1.0 158.4131904301584 158.4140236801584 158.63026872015863 157.67376438015768 160.18887375035922 158.54871021015856 -1.0 158.54871021015856 -1.0 1
37 nan 0.0625 0.5 -1.0 1.0 161.14618377016114 161.14731699016116 161.5123804801615 160.58807292016058 163.07178624395343 161.35816257016137 1.0 161.35816257016137 1.0 1
38 nan 0.125 0.5 -1.0 1.0 164.04582711016405 164.04692700016406 164.36079561016436 163.45698600016345 165.92920124830087 164.24207415016426 1.0 164.24207415016426 1.0 1
39 nan 0.25 0.5 -1.0 1.0 166.85504616016686 166.85587941016686 167.18607972016719 166.3151001601663 168.73878914579132 167.05329300016706 1.0 167.05329300016706 1.0 1
40 nan 1.0 0.5 -1.0 1.0 169.62946869016963 169.63050192016962 169.97160114016998 169.13278503016915 171.52190569784844 169.83441486016983 1.0 169.83441486016983 1.0 1
41 nan 1.0 0.5 -1.0 1.0 172.57904037017258 172.58010693017258 172.9003082401729 171.91510677017192 174.46290781479948 172.74735687017275 1.0 172.74735687017275 1.0 1
42 0.25 nan 0.5 -1.0 -1.0 175.42192272017542 175.42305594017543 175.76205537017577 174.93800445017493 178.32182640232705 175.64340057017566 1.0 175.64340057017566 1.0 1
43 0.125 nan 0.5 1.0 1.0 180.1959119401802 180.1969785001802 180.46991787018047 178.7149267201787 182.02872447297625 180.36859467018036 -1.0 180.36859467018036 -1.0 1
44 0.125 nan 0.5 -1.0 -1.0 183.021862650183 183.02326251018303 183.5119136401835 182.42882196018243 186.07892001515464 183.2025779101832 1.0 183.4092905701834 1.0 2
45 nan 0.25 0.5 -1.0 1.0 186.988032660187 186.98926587018698 187.3832264701874 186.47211759018649 188.94603058109786 187.23724107018725 1.0 187.23724107018725 1.0 1
46 0.25 nan 0.5 -1.0 -1.0 189.90477429018992 189.9058075201899 190.3877926501904 189.34423035018935 192.94573263857265 190.06545822019007 -1.0 190.06545822019007 -1.0 1
47 nan 0.0 0.5 -1.0 1.0 196.05479256019606 196.05569247019605 196.37506053019638 193.34063067019335 197.92886315055438 196.25140623019627 1.0 196.25140623019627 1.0 1
48 0.0625 nan 0.5 -1.0 -1.0 199.004697540199 199.005630780199 199.3006346101993 198.34126389019835 201.85497452888177 199.17431391019917 1.0 199.17431391019917 1.0 1
49 0.25 nan 0.5 -1.0 -1.0 205.76195508020575 205.76285499020577 206.07352392020607 202.25577240020226 208.6286620348344 205.94260368020593 1.0 205.94260368020593 1.0 1
50 0.0 nan 0.5 -1.0 -1.0 210.23754081021025 210.23844072021024 210.55710885021057 209.05365921020905 213.10458050022262 210.44155374021045 1.0 210.44155374021045 1.0 1
51 nan 0.125 0.5 -1.0 1.0 214.22847501021423 214.22937492021424 214.5224789402145 213.50778042021352 216.07108509688808 214.4081570402144 1.0 214.4081570402144 1.0 1
52 0.0625 nan 0.5 -1.0 -1.0 219.4952149502195 219.4962815102195 219.7982513102198 216.47648352021648 222.36158745957695 219.65886525021966 1.0 219.65886525021966 1.0 1
53 nan 0.25 0.5 -1.0 1.0 223.52097900022352 223.52187891022353 223.82791497022384 222.7883856002228 225.38761609565495 223.6935284102237 1.0 223.6935284102237 1.0 1
54 nan 0.125 0.5 -1.0 1.0 226.41148992022642 226.41248982022643 226.72932480022672 225.7921185302258 228.2952297879943 226.61906916022662 1.0 226.61906916022662 1.0 1
55 0.25 nan 0.5 -1.0 -1.0 229.18721232022918 229.1881122302292 229.53974373022953 228.6960281102287 232.0878190658653 229.3803930002294 1.0 229.3803930002294 1.0 1
56 1.0 nan 0.5 1.0 1.0 234.54484317023454 234.54600972023454 234.78011964023477 232.48571577023247 236.33704476096906 234.7005942602347 -1.0 234.7005942602347 -1.0 1
57 nan 1.0 0.5 -1.0 1.0 237.3946248302374 237.3956247302374 240.23234103024024 236.84634633023686 241.78744711021662 240.0889887002401 1.0 240.0889887002401 1.0 1
58 0.125 nan 0.5 -1.0 -1.0 242.92757148024293 242.92850472024293 243.24184005024324 242.1923450102422 245.7870471541058 243.12948462024312 1.0 243.12948462024312 1.0 1
59 nan 1.0 0.5 -1.0 1.0 247.994331420248 247.995431310248 248.3105664602483 246.1903451702462 249.86126989578094 248.1882453602482 1.0 248.1882453602482 1.0 1
60 nan 0.0625 0.5 -1.0 1.0 250.93723710025094 250.93803702025093 251.27596989025128 250.27067043025028 252.82067662970718 251.14228326025113 1.0 251.14228326025113 1.0 1
61 nan 0.0 0.5 -1.0 1.0 253.86097803025388 253.86197793025386 254.21267619025423 253.22177529025322 255.77018136424644 254.06579088025407 1.0 254.06579088025407 1.0 1
62 0.0625 nan 0.5 -1.0 -1.0 256.8775430102569 256.87860957025686 257.1932447702572 256.17428001025615 259.73668462116257 257.06712405025706 1.0 257.06712405025706 1.0 1
63 nan 0.25 0.5 -1.0 1.0 261.97803291026196 261.978832830262 262.2842689502623 260.1447829202601 263.83707560927553 262.15741497026215 1.0 262.15741497026215 1.0 1
64 nan 0.125 0.5 -1.0 1.0 264.74418960026475 264.74512284026474 265.1668806602652 264.2592714302643 266.72818343296376 265.030794270265 1.0 265.030794270265 1.0 1
65 nan 0.0 0.5 -1.0 1.0 267.82031529026784 267.8214151802678 268.11948537026814 267.1421831102671 269.67758924202315 268.002730380268 1.0 268.002730380268 1.0 1
66 0.0625 nan 0.5 -1.0 -1.0 270.5870385902706 270.5880384902706 273.47098350027346 270.0937879202701 276.02741798996396 273.05125881027305 1.0 273.46001793027347 1.0 3
67 nan 0.125 0.5 -1.0 1.0 277.7700202202778 277.77088680027776 278.03712684027806 276.4587180302765 279.5864302131267 277.92540468027795 1.0 277.92540468027795 1.0 1
68 nan 0.125 0.5 -1.0 1.0 280.6437994802806 280.64483271028064 280.999430580281 280.00942959028004 282.5608343674708 280.8679104002809 1.0 280.8679104002809 1.0 1
69 0.25 nan 0.5 -1.0 -1.0 283.5866718302836 283.5878050502836 283.96346748028395 282.976832820283 286.5271385064659 283.78241892028376 1.0 283.78241892028376 1.0 1
70 nan 0.0625 0.5 -1.0 1.0 289.81984845028984 289.8206817002898 290.18334543029016 286.93533693028695 291.74364578910433 290.03579352029004 1.0 290.03579352029004 1.0 1
71 nan 0.0625 0.5 -1.0 1.0 292.88637510029287 292.8873083402929 293.2725364802933 292.1931444302922 294.81984353781365 293.1120525302931 1.0 293.1120525302931 1.0 1
72 nan 0.0625 0.5 -1.0 1.0 295.86054432029584 295.86161088029587 296.1801456902962 295.2262410902952 297.73644968592237 296.05855785029604 1.0 296.05855785029604 1.0 1
73 0.0 nan 0.5 -1.0 -1.0 298.8438126302988 298.84484586029885 299.1861783902992 298.14914877029815 301.73625011678297 299.0707566002991 1.0 299.0707566002991 1.0 1
74 1.0 nan 0.5 1.0 1.0 302.6935276203027 302.6944941903027 302.95036860030297 302.15604804030215 304.5196690686543 302.84247939030286 -1.0 302.84247939030286 -1.0 1
75 nan 0.0625 0.5 -1.0 1.0 305.4935809203055 305.49474747030547 305.9012734803059 304.93227039030495 307.4695673578205 305.76735354030575 1.0 305.76735354030575 1.0 1
76 nan 0.0 0.5 -1.0 1.0 308.6936942103087 308.6946607803087 308.967466830309 307.992664320308 310.53626973183077 308.83008057030884 1.0 308.83008057030884 1.0 1
77 nan 0.25 0.5 -1.0 1.0 311.44358586031143 311.44461909031145 311.71439211031173 310.95266829031095 313.28589122615426 311.57660589031155 1.0 311.57660589031155 1.0 1
78 0.0625 nan 0.5 -1.0 -1.0 314.36006085031437 314.36089410031434 314.6199015303146 313.7053929903137 317.19330200935633 314.3023999503143 1.0 314.5497752103146 1.0 2
79 nan 1.0 0.5 -1.0 1.0 318.13598322031817 318.13684980031815 318.5136787803185 317.6261008803176 320.0767849171931 318.3891912303184 1.0 318.3891912303184 1.0 1
80 0.0625 nan 0.5 -1.0 -1.0 321.1188182403211 321.1197848103211 321.3874580403214 320.5033797903205 323.9601925744482 321.1675800303212 1.0 321.1675800303212 1.0 1
81 nan 0.0 0.5 -1.0 1.0 324.9023731803249 324.9034064103249 325.3309969803253 324.3819918903244 326.88560155654795 325.1200847403251 -1.0 325.1200847403251 -1.0 1
82 0.125 nan 0.5 -1.0 -1.0 327.97646574032797 327.977332320328 328.4053228503284 327.3038996703273 330.976422408913 328.2978336003283 1.0 328.2978336003283 1.0 1
83 0.25 nan 0.5 -1.0 -1.0 332.65259808033267 332.6535979803327 333.0472586103331 331.4052228303314 335.6022274914782 332.88884112033287 -1.0 332.88884112033287 -1.0 1
84 0.125 nan 0.5 -1.0 -1.0 336.5428756803365 336.5438422503365 336.9068392803369 336.04202577033607 339.4690285432312 336.75748755033675 1.0 336.75748755033675 1.0 1
85 0.125 nan 0.5 -1.0 -1.0 341.04312561034106 341.04409218034107 341.4690830103415 340.03262667034005 344.04264908069604 341.2617370803413 1.0 341.2617370803413 1.0 1
86 nan 1.0 0.5 -1.0 1.0 344.96886633034495 344.969699580345 345.30993222034533 344.47284927034445 346.8690666121759 345.1839781503452 1.0 345.1839781503452 1.0 1
87 nan 0.0625 0.5 -1.0 1.0 348.00939558034804 348.01032882034804 348.2977667403483 347.3031662103473 349.85967078424073 348.1754123103482 1.0 348.1754123103482 1.0 1
88 nan 1.0 0.5 -1.0 1.0 350.7856512603508 350.7866178303508 351.1183513203511 350.2729692003503 352.68555634926025 350.990730750351 1.0 350.990730750351 1.0 1
89 0.0625 nan 0.5 -1.0 -1.0 353.7761855103538 353.77721874035376 354.34819497035437 353.11425171035313 356.9092639237938 354.011228670354 1.0 354.2898341403543 1.0 2
90 nan 1.0 0.8 -1.0 1.0 357.86854290035785 357.86947614035785 358.23717270035826 357.3444619803573 359.8092723575091 358.0647566103581 1.0 358.0647566103581 1.0 1
91 0.0625 nan 0.8 -1.0 -1.0 360.76868619036077 360.7697527503608 361.16141358036117 360.24557184036024 363.7185818534803 360.976632060361 1.0 360.976632060361 1.0 1
92 0.25 nan 0.8 -1.0 -1.0 366.32586375036635 366.3266636703663 366.84664500036683 364.15498086036416 369.40188167485144 366.4979465403665 -1.0 366.4979465403665 -1.0 1
93 0.0 nan 0.8 -1.0 -1.0 370.5928703403706 370.5939369003706 370.93490280037093 369.84477849036983 373.50170204730006 370.7805182403708 1.0 370.7805182403708 1.0 1
94 0.0625 nan 0.8 -1.0 -1.0 374.64243201037465 374.6435319003746 375.017861130375 373.93650261037396 377.5682993308152 374.84484510037487 1.0 374.84484510037487 1.0 1
95 0.25 nan 0.8 -1.0 -1.0 378.45915030037844 378.46011687037844 379.04445843037905 377.995096710378 381.58501441452734 378.7575871203788 -1.0 378.7575871203788 -1.0 1
96 nan 0.0625 0.8 -1.0 1.0 383.15868030038314 383.15971353038316 383.54240859038356 382.14641487038216 385.08481480818546 383.41248825038343 1.0 383.41248825038343 1.0 1
97 0.25 nan 0.8 -1.0 -1.0 386.1256835703861 386.1266501403861 386.87964150038687 385.51451136038554 389.4181434269096 386.5203441003865 1.0 386.86484298038687 1.0 2
98 1.0 nan 0.8 1.0 1.0 391.10871855039113 391.1095851303911 391.33442931039133 389.8470447303898 392.8922335990958 391.24907118039124 -1.0 391.24907118039124 -1.0 1
99 0.0625 nan 0.8 -1.0 -1.0 393.85127760039387 393.85217751039386 394.34252847039437 393.3302297103933 396.8846612245405 394.0996194303941 1.0 394.0996194303941 1.0 1
100 1.0 nan 0.8 1.0 1.0 397.9254701403979 397.92647004039793 398.15344734039815 397.33096293039733 399.708752907615 398.06398962039805 -1.0 398.06398962039805 -1.0 1
101 1.0 nan 0.8 1.0 1.0 400.81774755040084 400.81874745040085 401.1964430104012 400.1393487304001 402.75107462709974 400.9413018604009 -1.0 400.9413018604009 -1.0 1
102 0.25 nan 0.8 -1.0 -1.0 403.7418884404037 403.74302166040377 404.1080184904041 403.1929766704032 406.66768652384445 403.959233370404 1.0 403.959233370404 1.0 1
103 0.125 nan 0.8 1.0 1.0 408.1252500604081 408.12628329040814 408.56897235040856 407.1041855104071 410.1416753595993 408.3342291604083 1.0 408.3342291604083 1.0 1
104 0.125 nan 0.8 1.0 1.0 411.06768912041105 411.0685557004111 411.37459176041136 410.57457177041056 412.9344906196311 411.25283727041125 -1.0 411.25283727041125 -1.0 1
105 nan 0.0625 0.8 -1.0 1.0 414.041858340414 414.04285824041403 417.3973894204174 413.3743917604134 418.95069121392794 417.10968486041713 1.0 417.17594490041716 1.0 2
106 0.0625 nan 0.8 -1.0 -1.0 420.04195827042 420.04275819042005 420.4890802204205 419.4121879204194 423.05101145542756 420.3274630504203 1.0 420.3274630504203 1.0 1
107 0.0625 nan 0.8 -1.0 -1.0 423.991429950424 423.992329860424 424.3643259904244 423.5030121304235 426.92491364345113 424.1972760304242 1.0 424.1972760304242 1.0 1
108 0.25 nan 0.8 1.0 1.0 428.000662320428 428.00159556042803 428.2629027604283 427.5083115604275 429.82520631300883 428.1854771704282 -1.0 428.1854771704282 -1.0 1
109 0.25 nan 0.8 1.0 1.0 430.75072062043074 430.75188717043073 431.00932809043104 430.2608029504303 432.57502707359663 430.93750194043093 -1.0 430.93750194043093 -1.0 1
110 0.125 nan 0.8 1.0 1.0 433.55057394043354 433.55150718043353 433.77261840043377 433.00962804043303 435.3341201254979 433.68169416043366 -1.0 433.68169416043366 -1.0 1
111 0.25 nan 0.8 1.0 1.0 436.4079881704364 436.4087880904364 436.63173246043664 435.7948161604358 438.1835320020034 436.52390991043654 -1.0 436.52390991043654 -1.0 1
112 0.25 nan 0.8 1.0 1.0 439.3078314904393 439.3087314004393 439.66962864043967 438.63023259043865 441.23413109630536 439.56337260043955 -1.0 439.56337260043955 -1.0 1
113 nan 1.0 0.8 -1.0 1.0 442.2412047904422 442.24203804044225 442.53714186044255 441.6707285104417 444.0839423776821 442.3830239404424 1.0 442.3830239404424 1.0 1
114 0.0625 nan 0.8 -1.0 -1.0 448.05768975044805 448.05858966044804 448.47958089044846 444.52984257044454 451.0409477017772 448.32196332044833 1.0 448.32196332044833 1.0 1
115 0.25 nan 0.8 1.0 1.0 452.000128800452 452.001195360452 452.2675687204523 451.4956459204515 453.83376722588656 452.1810440404522 -1.0 452.1810440404522 -1.0 1
116 0.125 nan 0.8 -1.0 -1.0 455.24080470045527 455.2418046004552 455.6787942304557 454.27756770045426 458.23366252857215 455.47511460045547 -1.0 455.47511460045547 -1.0 1
117 0.125 nan 0.8 -1.0 -1.0 459.1914429304592 459.1924095004592 459.53970810045956 458.6904597004587 462.1003729831289 459.4004886904594 1.0 459.4004886904594 1.0 1
118 nan 0.25 0.8 -1.0 1.0 463.0906863004631 463.0916528704631 463.51807689046353 462.56197251046257 465.06697849783575 463.31956341046333 1.0 463.31956341046333 1.0 1
119 0.0625 nan 0.8 -1.0 -1.0 466.15751292046616 466.15861281046614 466.6149338404666 465.5146772104655 469.1668003331001 466.3822571104664 -1.0 466.3822571104664 -1.0 1
120 nan 0.0625 0.8 -1.0 1.0 472.4243195104724 472.42515276047243 472.7881164604728 469.6107009004696 474.3577132977596 472.64429751047265 1.0 472.64429751047265 1.0 1
121 nan 0.0625 0.8 -1.0 1.0 475.4332519204754 475.43411850047545 475.7911161304758 474.82921233047483 477.3498168510793 475.62669924047566 -1.0 475.62669924047566 -1.0 1
122 0.0 nan 0.8 -1.0 -1.0 478.37362452047836 478.3747577404784 478.978064070479 477.7992153004778 481.54032931307177 478.66822839047865 1.0 478.9022383204789 1.0 2
123 nan 0.25 0.2 -1.0 1.0 483.1996752004832 483.20064177048323 483.5049113404835 481.997328780482 485.06664365538137 483.36012582048335 1.0 483.36012582048335 1.0 1
124 0.125 nan 0.2 -1.0 -1.0 486.0742877104861 486.0752542804861 486.4622489104865 485.5160435404855 489.0239482806231 486.26930154048625 1.0 486.26930154048625 1.0 1
125 nan 0.125 0.2 -1.0 1.0 490.6828934704907 490.6838267104907 491.0882529304911 489.4846466404895 492.6406521393284 490.94856690049096 1.0 490.94856690049096 1.0 1
126 nan 0.0 0.2 -1.0 1.0 493.8162801004938 493.8171133504938 494.15274645049413 493.1107506604931 495.6998490686582 494.0445906004941 1.0 494.0445906004941 1.0 1
127 1.0 nan 0.2 1.0 1.0 496.63979772049663 496.6407309604966 496.88453991049687 496.15264644049614 498.4330430789732 496.7931823804968 -1.0 496.7931823804968 -1.0 1
128 nan 0.25 0.2 -1.0 1.0 500.8068476405008 500.8076808905008 501.1237492805011 498.8832400204989 502.6900773426328 500.994862170501 1.0 500.994862170501 1.0 1
129 nan 0.0 0.2 -1.0 1.0 503.64939669050364 503.65032993050363 503.964265200504 503.1532796405032 505.51607023916927 503.8330116605038 1.0 503.8330116605038 1.0 1
130 nan 0.0625 0.2 -1.0 1.0 506.45694924050645 506.45791581050645 506.8011814805068 505.96736487050595 508.3492817971607 506.6612954705067 1.0 506.6612954705067 1.0 1
131 nan 0.0625 0.2 -1.0 1.0 509.5064775905095 509.50751082050954 509.5882694105096 508.8013814405088 511.1494713854673 509.4784137305095 1.0 509.4784137305095 1.0 1
132 0.0625 nan 0.2 -1.0 -1.0 512.1069175205121 512.1078174305121 512.5384743605125 511.6120670105116 515.0994745416747 512.2429039205123 1.0 512.5263089105125 1.0 2
133 nan 0.25 0.2 -1.0 1.0 518.5065108305186 518.5073774105185 518.7810833705188 515.5603721405156 520.3400121107254 518.6564291705187 1.0 518.6564291705187 1.0 1
134 nan 0.0 0.2 -1.0 1.0 521.3993215205214 521.4003214205214 521.7897158105218 520.8095138405208 523.3563164505725 521.6253655805216 1.0 521.6253655805216 1.0 1
135 nan 0.0625 0.2 -1.0 1.0 524.3992548305245 524.4002547305244 524.8778069705248 523.8138133805238 526.4397075336475 524.7024911705247 1.0 524.7024911705247 1.0 1
136 nan 0.125 0.2 -1.0 1.0 527.4824798105275 527.4835463705275 527.8666080605278 526.9059041405269 529.4156081561849 527.7359211305277 1.0 527.7359211305277 1.0 1
137 1.0 nan 0.2 1.0 1.0 530.7897157205308 530.7908156105308 531.001227900531 529.8817065305299 532.5487265919185 530.9203693205309 -1.0 530.9203693205309 -1.0 1
138 1.0 nan 0.2 1.0 1.0 533.5897023605336 533.5907689205336 533.8111135505338 533.003327670533 535.3732449602256 533.7209559005337 -1.0 533.7209559005337 -1.0 1
139 0.0 nan 0.2 -1.0 -1.0 536.2817664605362 536.2827330305363 536.5494063605365 535.8212458505358 539.0988405691159 536.4474832205365 1.0 536.4474832205365 1.0 1
140 nan 0.125 0.2 -1.0 1.0 541.039523970541 541.040323890541 541.3852560605413 539.5708375205396 542.9323535373802 541.2339711905412 1.0 541.2339711905412 1.0 1
141 nan 0.0 0.2 -1.0 1.0 543.8730072605439 543.8739405005439 544.3182627305443 543.4103535305434 545.8725629568335 544.1369808605441 1.0 544.1369808605441 1.0 1
142 nan 0.25 0.2 -1.0 1.0 547.015492980547 547.0165595405471 547.3898555405474 546.3337611605464 548.9487558147521 547.1987079905472 1.0 547.1987079905472 1.0 1
143 nan 0.125 0.2 -1.0 1.0 549.9389006105499 549.9398338505499 550.2491695805503 549.4201524905494 551.806066127267 550.1454466205502 1.0 550.1454466205502 1.0 1
144 nan 0.25 0.2 -1.0 1.0 552.981896280553 552.982796190553 553.3236621005533 552.2803664405523 554.872462471899 553.1607783905532 1.0 553.1607783905532 1.0 1
145 nan 1.0 0.2 -1.0 1.0 555.8487429005559 555.8497428005559 556.2291715205562 555.3507593705554 557.7892803684923 556.0909186805561 1.0 556.0909186805561 1.0 1
146 nan 0.0625 0.2 -1.0 1.0 560.4819795305605 560.4830127605605 560.8340776505609 558.4428834605585 562.3815777688991 560.6830927505607 1.0 560.6830927505607 1.0 1
147 nan 0.25 0.2 -1.0 1.0 563.5225754405635 563.5236086705635 563.923901970564 562.8620748305628 565.4816969748393 563.8115798705638 1.0 563.8115798705638 1.0 1
148 0.0 nan 0.2 -1.0 -1.0 566.5725704105665 566.5735703105665 566.8608749105668 565.957098630566 569.4152043230223 566.7630180305667 1.0 566.7630180305667 1.0 1
149 nan 0.25 0.2 -1.0 1.0 570.4390170605704 570.4401502805705 570.7256883905708 569.9258017205699 572.2888178990853 570.5724370505706 1.0 570.5724370505706 1.0 1
150 nan 0.125 0.2 -1.0 1.0 573.2483027705732 573.2491026905733 573.5520057305736 572.7557187005727 575.105406718891 573.4259516705735 1.0 573.4259516705735 1.0 1
151 nan 0.25 0.2 -1.0 1.0 576.0481560905761 576.049056000576 576.3384270605764 575.5908018305756 577.8816232395209 576.2071068605762 1.0 576.2071068605762 1.0 1
152 nan 1.0 0.2 -1.0 1.0 578.8552420205789 578.8563419105789 583.9445330405839 578.3562252605784 585.4980238257756 583.7274547505838 1.0 583.915902570584 1.0 2
153 nan 1.0 0.2 -1.0 1.0 586.8051136205868 586.8058802105868 587.1660441905872 586.0700204705861 588.7147341962767 586.993061490587 1.0 586.993061490587 1.0 1
154 nan 0.125 0.2 -1.0 1.0 589.9051369205899 589.9061701505899 590.1678439805902 589.2615346205893 591.7145361655031 589.9247682905899 1.0 589.9247682905899 1.0 1
155 0.25 nan 0.2 1.0 1.0 592.7884152305928 592.7894484605928 593.6906583305937 592.2791328305923 595.2382464827829 592.954398630593 -1.0 593.5075433105935 -1.0 2
156 nan 1.0 0.2 -1.0 1.0 596.5477392605966 596.5487391605966 597.3330607205974 595.8065467205959 598.8809516954274 596.7499190405968 1.0 597.2130060605972 1.0 2
157 nan 0.0625 0.2 -1.0 1.0 599.9051034905999 599.9060034006 600.3277612206003 599.4494490605995 601.8887518601324 600.2208719106002 1.0 600.2208719106002 1.0 1
158 nan 0.0625 0.2 -1.0 1.0 602.947399230603 602.9482991406029 603.2593680306032 602.4393500406024 604.8214567537898 603.1107162306031 1.0 603.1107162306031 1.0 1
159 0.25 nan 0.2 1.0 1.0 605.997594180606 605.998560750606 606.6870918906067 605.3808558606054 608.2381632845583 606.1556450406061 1.0 606.5623377006066 -1.0 2
160 nan 0.125 0.2 -1.0 1.0 609.5640375006095 609.5648374206096 610.0024936506101 608.9788626906089 611.5545804177109 609.7981807506098 1.0 609.7981807506098 1.0 1
161 0.25 nan 0.2 1.0 1.0 612.6142324506126 612.6151323606126 612.8698735506129 612.1200818706121 614.4211958156197 612.7852820106128 -1.0 612.7852820106128 -1.0 1
162 nan 0.0625 0.2 -1.0 1.0 616.5807024306166 616.5817023306166 616.8772061106168 614.983595490615 618.414197096513 616.7719499706168 1.0 616.7719499706168 1.0 1
163 nan 0.25 0.2 -1.0 1.0 619.5880350006196 619.5890015706196 619.9492988706199 618.9877950306189 621.5052165555234 619.8261445206198 1.0 619.8261445206198 1.0 1
164 nan 0.0625 0.2 -1.0 1.0 622.6140323706226 622.6149322806226 622.943099460623 622.0809190206221 624.505121758277 622.8358435206228 1.0 622.8358435206228 1.0 1
165 nan 0.125 0.2 -1.0 1.0 625.7806823406257 625.7815489206258 626.037623310626 625.0715199306251 627.5808161366618 625.924701270626 1.0 625.924701270626 1.0 1
166 nan 0.0625 0.2 -1.0 1.0 628.8209116206289 628.8218448606289 629.0854185006291 628.1421128406281 630.6384369960958 628.972896420629 1.0 628.972896420629 1.0 1
167 nan 0.0625 0.2 -1.0 1.0 631.7469856506317 631.7477855706318 632.028324180632 631.2034400106312 633.5806465247172 631.8716398506318 1.0 631.8716398506318 1.0 1
168 nan 1.0 0.2 -1.0 1.0 634.7377198806347 634.7387531106348 634.897537230635 634.1472456006342 636.4471315533158 634.7081228406347 1.0 634.7081228406347 1.0 1
169 0.0 nan 0.2 -1.0 -1.0 637.6542615306377 637.6553614206376 637.943032650638 637.013625600637 640.4969505661486 637.8201116106378 1.0 637.8201116106378 1.0 1
170 nan 1.0 0.2 -1.0 1.0 641.6207981706416 641.6216314206416 641.8335435606418 641.0785524006411 643.3880626787713 641.6840585106416 1.0 641.6840585106416 1.0 1
171 nan 0.0625 0.2 -1.0 1.0 644.5302405306445 644.5312404306445 644.8640404806449 643.974462780644 646.4212623178565 644.7243877806447 1.0 644.7243877806447 1.0 1
172 nan 0.25 0.2 1.0 -1.0 647.4804788106475 647.4815120406475 647.5562045706475 647.0046597306471 650.1042588328082 647.4497485506474 -1.0 647.4497485506474 -1.0 1
173 nan 0.125 0.2 -1.0 1.0 654.3299271306544 654.3307270506543 654.8036797506549 650.7055562706507 656.3540773223613 654.5983002906546 1.0 654.5983002906546 1.0 1
174 nan 0.0625 0.2 -1.0 1.0 659.1968403906592 659.1976736406592 659.6410959606596 657.1540780206572 661.1871838246512 659.4342166506594 1.0 659.4342166506594 1.0 1
175 nan 0.0625 0.2 -1.0 1.0 662.2633670406623 662.2642669506623 662.6486951706627 661.7766823806618 664.2210816251828 662.5119088506625 1.0 662.5119088506625 1.0 1
176 nan 1.0 0.2 -1.0 1.0 665.5301070006656 665.5312068906655 665.8156784406658 664.8105789606648 667.3875975912928 665.6818918206657 1.0 665.6818918206657 1.0 1
177 nan 0.0 0.2 -1.0 1.0 668.4297836706685 668.4308169006684 668.7669166206688 667.9529980206679 670.3298033794831 668.6171316006686 1.0 668.6171316006686 1.0 1
178 nan 0.0625 0.2 -1.0 1.0 671.5200746106715 671.5211078406716 671.8227110106718 670.9109022006709 673.3872991066934 671.7058560306717 1.0 671.7058560306717 1.0 1
179 0.0625 nan 0.2 -1.0 -1.0 674.7297869406748 674.7307201806748 675.0640535106751 673.973595900674 677.6298053835782 674.942499000675 1.0 674.942499000675 1.0 1
180 nan 0.0625 0.2 -1.0 1.0 678.8200112106788 678.8209777806788 679.1992066206792 678.2196045906783 680.7707237029102 679.0420223406791 1.0 679.0420223406791 1.0 1
181 0.125 nan 0.2 -1.0 -1.0 681.979628550682 681.980595120682 682.4585806506825 681.3546243906814 685.0128324468252 682.2076390806823 1.0 682.2076390806823 1.0 1
182 nan 0.0625 0.2 -1.0 1.0 686.3201611206863 686.3211943506864 686.7377526906868 685.6071324306856 688.3037384928774 686.5467051306865 1.0 686.5467051306865 1.0 1
183 nan 0.0 0.2 -1.0 1.0 689.6129318106896 689.6137983906896 690.1046493006901 688.8885375906889 691.6630379522062 689.9071357206899 1.0 689.9071357206899 1.0 1
184 0.125 nan 0.2 -1.0 -1.0 692.970329370693 692.971429260693 693.3257604906934 692.2413356106922 695.8872448885962 693.1663764306932 1.0 693.1663764306932 1.0 1
185 0.0 nan 0.2 -1.0 -1.0 698.0126250906981 698.013658320698 698.3703226506984 696.4894440906965 700.9290721344622 698.1855078006982 1.0 698.1855078006982 1.0 1
186 nan 0.25 0.2 -1.0 1.0 702.0698859907021 702.0709192207021 702.5064756607026 701.5267736407015 704.0699646259749 702.2955634207023 1.0 702.2955634207023 1.0 1
187 nan 0.0 0.2 -1.0 1.0 705.2960633407054 705.2972298907054 705.6477615007057 704.6622600607046 707.2198775822901 705.4911105007055 1.0 705.4911105007055 1.0 1
188 nan 1.0 0.2 -1.0 1.0 708.3458916607084 708.3468249007084 708.6943901407087 707.8045791307078 710.245987134773 708.5591703307085 1.0 708.5591703307085 1.0 1
189 nan 0.125 0.2 -1.0 1.0 711.6033325507116 711.6044324407117 712.0566872107121 711.0575871307111 713.612303869379 711.921500730712 1.0 711.921500730712 1.0 1
190 nan 1.0 0.2 -1.0 1.0 714.7531508707148 714.7540507807148 715.0306897807151 714.2088053107142 716.6028088205705 714.911001750715 1.0 714.911001750715 1.0 1
191 0.0625 nan 0.2 -1.0 -1.0 717.7625165707178 717.7636497907177 718.0640197507181 717.1897071907172 720.6363057588027 717.953997420718 1.0 717.953997420718 1.0 1
192 nan 0.0625 0.2 -1.0 1.0 721.8458415307218 721.8469747507219 722.2580003107223 721.2414019807212 723.8194175448702 722.1218472607221 1.0 722.1218472607221 1.0 1
193 nan 1.0 0.8 -1.0 1.0 725.0956165207251 725.0965164307252 725.4193174807255 724.4078186407244 726.9865069876258 725.2859308207253 1.0 725.2859308207253 1.0 1
194 0.0625 nan 0.8 -1.0 -1.0 728.2123714807282 728.2134713707283 728.5434717007286 727.5752018707276 731.0958221172847 728.3899537207284 1.0 728.3899537207284 1.0 1
195 1.0 nan 0.8 1.0 1.0 732.2357357707323 732.2367356707323 732.4726454107325 731.6946232207317 734.0289315536457 732.3815211907324 -1.0 732.3815211907324 -1.0 1
196 0.0 nan 0.8 -1.0 -1.0 735.1028157007352 735.1036822807351 738.9079684807389 734.6273299207346 741.4621529167615 738.7415184607388 1.0 738.7415184607388 1.0 1
197 0.0 nan 0.8 1.0 1.0 742.6692923107427 742.6702255507427 743.0764515907431 742.0753517107421 744.6355668836821 742.7722820107427 -1.0 742.7722820107427 -1.0 1
198 nan 0.125 0.8 1.0 -1.0 748.3617896707484 748.3627895707484 748.7251200007487 745.2452680207452 751.2786700479055 748.6238634607487 -1.0 748.6238634607487 -1.0 1
199 nan 0.0625 0.8 1.0 -1.0 752.5193072107526 752.5203737707525 753.0447213307531 751.9109680507519 755.6023731607878 752.6607930607527 1.0 752.958030000753 -1.0 2
200 0.25 nan 0.8 1.0 1.0 756.6779246407567 756.6789912007567 756.905068590757 756.2076716707562 758.469084725813 756.8380419607569 -1.0 756.8380419607569 -1.0 1
201 nan 0.25 0.8 1.0 -1.0 759.5618362207596 759.5629361107596 765.1995057307652 759.0796844407591 767.7520889664477 759.7566834007598 -1.0 764.6685588307647 -1.0 2
202 0.125 nan 0.8 -1.0 -1.0 769.0613861707691 769.062419400769 778.7099212207787 768.3849871507684 781.2615367295643 774.5507705107746 1.0 778.4406481507784 1.0 2
203 0.0 nan 0.8 -1.0 -1.0 784.2519336307843 784.2528335407843 784.6568264707846 781.8949360207819 787.2186527139802 784.5114410107846 1.0 784.5114410107846 1.0 1
204 nan 1.0 0.8 1.0 -1.0 788.7106877107888 788.7117542707887 789.007424700789 788.0688519007881 791.5612469515894 788.914467330789 -1.0 788.914467330789 -1.0 1
205 0.25 nan 0.8 1.0 1.0 792.8519735407929 792.8530067707928 793.1522435107931 792.1496437807922 794.7110564878525 793.0280892607931 -1.0 793.0280892607931 -1.0 1
206 nan 0.125 0.8 -1.0 1.0 795.9515968807959 795.952630110796 796.4273493007964 795.3609559507954 797.9776668395484 796.2264360607962 1.0 796.2264360607962 1.0 1
207 nan 0.0625 0.8 -1.0 1.0 799.051986810799 799.0529200507991 806.4234829208065 798.5844669007986 807.9848977838603 806.2675985108062 1.0 806.2675985108062 1.0 1
208 1.0 nan 0.8 1.0 1.0 809.1273791708091 809.1284124008091 809.3514900908093 808.6087977008086 810.918080042625 809.2722313508093 -1.0 809.2722313508093 -1.0 1
209 0.125 nan 0.8 1.0 1.0 811.993892490812 811.995025710812 812.3320920008124 811.5232728908115 813.9014035079741 812.2348350608122 -1.0 812.2348350608122 -1.0 1
210 0.125 nan 0.8 1.0 1.0 815.0772507908151 815.078317350815 815.5822002908155 814.4983086908145 817.1271926371434 815.2918293308153 -1.0 815.2918293308153 -1.0 1
211 0.25 nan 0.8 -1.0 -1.0 818.2180700108182 818.2189365908182 818.6122639208186 817.7323852508177 821.1605118771867 818.5033748108185 1.0 818.5033748108185 1.0 1
212 nan 0.125 0.8 -1.0 1.0 823.000891680823 823.001824920823 823.3898194508234 821.7749142908218 824.9512058914192 823.2510999908233 1.0 823.2510999908233 1.0 1
213 0.25 nan 0.8 -1.0 -1.0 826.0939823408261 826.0947822608262 826.7394511208267 825.5653018808256 829.3015307169467 826.3773540008264 1.0 826.3773540008264 1.0 1
214 nan 0.25 0.2 -1.0 1.0 830.5269723308305 830.5280388908305 830.8409409308308 829.91883315083 832.4014289062062 830.7165200408307 1.0 830.7165200408307 1.0 1
215 nan 0.125 0.2 -1.0 1.0 834.0933156608342 834.094315560834 834.2371346108342 832.995925410833 835.8008475335029 834.1218794708341 1.0 834.1218794708341 1.0 1
216 nan 0.0625 0.2 1.0 -1.0 837.1769406008372 837.1779071708372 837.4332483008375 836.4282488108364 839.9938360766649 837.3384911108374 -1.0 837.3384911108374 -1.0 1
217 nan 0.0625 0.2 -1.0 1.0 841.0843831508411 841.0855163708411 841.4366479208414 840.6002315708406 842.9937597669502 841.2734975708413 1.0 841.2734975708413 1.0 1
218 nan 0.0 0.2 -1.0 1.0 844.3009947908444 844.3021280108443 844.6700578808446 843.6044644508436 846.2338736979957 844.5178397708445 1.0 844.5178397708445 1.0 1
219 0.0 nan 0.2 -1.0 -1.0 847.3601221808474 847.3610887508473 847.9024012808479 846.8480733908468 850.459783408713 847.6086639908476 1.0 847.6086639908476 1.0 1
220 0.125 nan 0.2 -1.0 -1.0 851.7507830708518 851.7516829808518 853.3192928708534 851.0868828008511 855.8839773879981 853.044620340853 1.0 853.044620340853 1.0 1
221 nan 0.125 0.2 -1.0 1.0 857.0767170908571 857.077583670857 860.5027744508606 856.5033744308565 862.0599960736711 860.3044942808604 1.0 860.3044942808604 1.0 1
222 0.0625 nan 0.2 -1.0 -1.0 863.4674112908634 863.4684778508635 864.081449880864 862.941797190863 866.6267012777091 863.7834796808638 1.0 864.037320960864 1.0 2
223 nan 1.0 0.2 -1.0 1.0 868.000191300868 868.001057880868 868.4090170808685 867.2502996308673 869.9596014521561 868.2248021708682 1.0 868.2248021708682 1.0 1
224 nan 0.125 0.2 -1.0 1.0 871.1338112408712 871.1346778208712 871.5737005808716 870.5854994108706 873.1264170102428 871.3911855008714 1.0 871.3911855008714 1.0 1
225 nan 0.0625 0.2 -1.0 1.0 874.3836528908744 874.3846527908744 874.9245321308749 873.7374175208737 876.483517996903 874.5870658808745 1.0 874.5870658808745 1.0 1
226 0.0 nan 0.2 -1.0 -1.0 877.6927886108778 877.6938885008777 878.071217430878 877.0890156608771 880.6260318839524 877.8861026108779 1.0 877.8861026108779 1.0 1
227 1.0 nan 0.2 1.0 1.0 884.000057820884 884.001124380884 884.2265351708843 881.2544324108812 885.7836487724753 884.1400771508842 -1.0 884.1400771508842 -1.0 1
228 0.0625 nan 0.2 -1.0 -1.0 886.909133550887 886.910066790887 887.3867191208874 886.4233488008864 889.9503372097358 887.0922485708871 1.0 887.0922485708871 1.0 1
229 nan 0.25 0.2 -1.0 1.0 891.092581830891 891.0936483908911 899.9983578309 890.5832327708906 901.5493704900277 899.7893454008998 1.0 899.7893454008998 1.0 1
230 1.0 nan 0.2 1.0 1.0 902.8259417109028 902.8267749609029 903.0740835609031 902.2035706209023 904.6260684852354 902.979892980903 -1.0 902.979892980903 -1.0 1
231 nan 0.25 0.2 -1.0 1.0 905.999824290906 906.000724200906 906.3191923509063 905.2553654109053 907.8829734432151 906.1705072209062 1.0 906.1705072209062 1.0 1
232 1.0 nan 0.2 1.0 1.0 908.991991710909 908.993024940909 909.1966045809093 908.5135728909086 910.7421868421811 909.1304445309091 -1.0 909.1304445309091 -1.0 1
233 nan 0.25 0.2 -1.0 1.0 912.066384240912 912.0672841509121 912.4013840709124 911.3727869409114 913.9424982896433 912.2553653409122 1.0 912.2553653409122 1.0 1
234 1.0 nan 0.2 -1.0 -1.0 915.5662675509155 915.5672341209156 915.8805694509159 914.5887986409145 918.4257187331394 915.7378837209158 1.0 915.7378837209158 1.0 1
235 nan 0.0 0.2 -1.0 1.0 919.6329608409196 919.6338274209196 920.02442169092 919.056018540919 921.583208032637 919.8681039909198 1.0 919.8681039909198 1.0 1
236 nan 0.25 0.2 -1.0 1.0 922.7756465409228 922.7767797609228 925.8452062209259 922.2119029209222 927.3993192074729 925.4760431409255 1.0 925.6857221709257 1.0 2
237 nan 0.0625 0.2 -1.0 1.0 928.5587681709286 928.5596680809285 930.6311275809306 928.050519000928 932.1752415633784 930.3249248709303 1.0 930.3249248709303 1.0 1
238 nan 0.0625 0.2 -1.0 1.0 933.4659107409335 933.4669106409335 933.7590480909338 932.8126427409328 935.3085329073955 933.6492590709337 1.0 933.6492590709337 1.0 1
239 nan 0.0625 0.2 -1.0 1.0 936.4657107309365 936.4665439809364 937.2081364809372 935.961627810936 938.7753510973969 936.910266270937 1.0 937.2060366909373 1.0 2
240 nan 0.0625 0.2 -1.0 1.0 940.3159923309403 940.3167922509404 940.6160623209406 939.6799559409396 942.1824468870011 940.4647774509405 1.0 940.4647774509405 1.0 1
241 nan 0.25 0.2 -1.0 1.0 943.3749197409434 943.3757529909434 943.5534685509435 942.8314407609429 945.132748484912 943.4245814409435 1.0 943.4245814409435 1.0 1
242 nan 0.25 0.2 -1.0 1.0 946.3916513709464 946.3926846009464 946.5084730209466 945.7583480409457 948.0749538959321 946.3230249009463 1.0 946.3230249009463 1.0 1
243 nan 0.25 0.2 -1.0 1.0 949.1989706109492 949.2000038409492 949.5390699309495 948.7089529509487 951.1153766255688 949.3900848309494 1.0 949.3900848309494 1.0 1
244 1.0 nan 0.8 1.0 1.0 952.3751196309524 952.3759195509524 952.993791090953 951.7665804909518 954.5657740528858 952.4614443309524 1.0 952.8320072709529 1.0 3
245 1.0 nan 0.8 1.0 1.0 957.4411129809574 957.4421795409575 957.6580912809577 955.2158688609552 959.2320989035577 957.5771993709576 -1.0 957.5771993709576 -1.0 1
246 0.25 nan 0.8 -1.0 -1.0 960.3910846209604 960.3921178509604 960.5588011809606 959.8891014909599 963.1320124992557 960.3696867609603 1.0 960.3696867609603 1.0 1
247 0.25 nan 0.8 1.0 1.0 965.1082795209651 965.1090461109651 965.3808189309653 963.7806123009638 966.9413019971962 965.2840952709653 -1.0 965.2840952709653 -1.0 1
248 1.0 nan 0.8 1.0 1.0 968.2487654409682 968.2496653509683 968.4628107009685 967.5953974509677 970.0248200913971 968.3885847909684 -1.0 968.3885847909684 -1.0 1
249 1.0 nan 0.8 1.0 1.0 971.2319670909712 971.2329336609713 971.4416127909715 970.6674235509706 973.0152268252307 971.3601542709714 -1.0 971.3601542709714 -1.0 1
250 1.0 nan 0.8 1.0 1.0 975.5744661309756 975.5755326909756 975.7906111809758 973.6636239009737 977.3651245985309 975.7055196909757 -1.0 975.7055196909757 -1.0 1
251 1.0 nan 0.8 1.0 1.0 978.6245610909787 978.6254610009786 978.8421393309789 978.011822370978 980.4080209846235 978.7578144309788 -1.0 978.7578144309788 -1.0 1
252 0.125 nan 0.8 -1.0 -1.0 984.1316436609842 984.1327102209841 984.4407127509844 981.0545180709811 987.01495361309 984.3207914109844 1.0 984.3207914109844 1.0 1
253 0.25 nan 0.8 1.0 1.0 988.3245576609884 988.3256242209883 988.6131621309886 987.6809553609877 990.1740455859848 988.5197714709885 -1.0 988.5197714709885 -1.0 1
254 nan 0.0 0.8 -1.0 1.0 991.3484552409914 991.3495884609914 991.8302403909919 990.8293404909908 993.3908540622249 991.6586242209917 1.0 991.6586242209917 1.0 1
255 1.0 nan 0.8 1.0 1.0 994.6315935609946 994.6325268009947 994.9214645709949 994.0302537009941 996.4910741199119 994.6642236309947 1.0 994.6642236309947 1.0 1
256 nan 0.25 0.8 -1.0 1.0 997.7983768509978 997.7994767409978 998.0941806009981 997.1311769109972 999.657665316707 997.9689597909979 1.0 997.9689597909979 1.0 1
257 0.0625 nan 0.8 -1.0 -1.0 1000.8313068610008 1000.8324400810009 1001.0927473810011 1000.3147585210003 1003.6649863910964 1000.976758981001 1.0 1000.976758981001 1.0 1
258 0.125 nan 0.8 1.0 1.0 1005.1238775610051 1005.1250107810051 1005.4631769610055 1004.3370895810043 1007.0242967416166 1005.3551877610054 -1.0 1005.3551877610054 -1.0 1
259 1.0 nan 0.8 1.0 1.0 1008.4812084610085 1008.4823083510084 1008.7349830810087 1007.947495171008 1010.2982966939362 1008.6265939210086 -1.0 1008.6265939210086 -1.0 1
260 0.125 nan 0.8 -1.0 -1.0 1011.4236475210114 1011.4245807610114 1011.8899008910118 1010.9532945610109 1014.4569119493111 1011.7171515010117 1.0 1011.7171515010117 1.0 1
261 0.0625 nan 0.8 -1.0 -1.0 1015.7144850610157 1015.7154849610157 1016.027820391016 1015.1039127910151 1018.5905037824738 1015.8882343510159 1.0 1015.8882343510159 1.0 1
262 1.0 nan 0.8 1.0 1.0 1019.7145516810198 1019.7154182610197 1019.9206977310199 1019.2338997510193 1021.4738118663637 1019.8407057310199 -1.0 1019.8407057310199 -1.0 1
263 0.25 nan 0.8 -1.0 -1.0 1022.8809016810229 1022.8817016010229 1023.1720392310232 1022.1163114810221 1025.7236198977264 1023.041285641023 1.0 1023.041285641023 1.0 1
264 nan 1.0 0.8 -1.0 1.0 1027.1475416410271 1027.1486415310271 1027.6051292110276 1026.3851178910263 1029.1643397174444 1027.3631534110273 1.0 1027.3631534110273 1.0 1
265 nan 0.125 0.2 -1.0 1.0 1030.4568440110304 1030.4579105710304 1030.7640466210307 1029.8188411510298 1032.323529844803 1030.6217941810307 1.0 1030.6217941810307 1.0 1
266 nan 0.0625 0.2 -1.0 1.0 1033.5810315610336 1033.5818648110335 1033.921530841034 1032.986824321033 1035.4808390210615 1033.7858777410338 1.0 1033.7858777410338 1.0 1
267 nan 0.25 0.2 -1.0 1.0 1036.6566906310366 1036.6577905210368 1036.985357761037 1036.1583404710361 1038.5399397893561 1036.8701692810369 1.0 1036.8701692810369 1.0 1
268 nan 0.25 0.2 -1.0 1.0 1039.81344159104 1039.8144081610399 1040.1084454210402 1039.2051357610392 1041.6808536912333 1039.7851110910399 1.0 1040.07551538104 1.0 2
269 nan 0.0625 0.2 -1.0 1.0 1042.906532251043 1042.907698801043 1043.1159446410431 1042.3366559110423 1044.6811577626388 1042.9466282410428 1.0 1042.9466282410428 1.0 1
270 0.125 nan 0.2 -1.0 -1.0 1045.9230972310459 1045.923997141046 1046.0716490410462 1045.3382557210452 1048.63046052695 1045.944828391046 1.0 1045.944828391046 1.0 1
271 nan 1.0 0.2 -1.0 1.0 1051.090080481051 1051.0912137010512 1051.4520776110514 1049.3040591010492 1053.013484996649 1051.2799948210513 1.0 1051.2799948210513 1.0 1
272 nan 1.0 0.2 -1.0 1.0 1054.173105481054 1054.1741720410541 1054.4315796310545 1053.6878873410537 1055.9899929881328 1054.3337560810544 1.0 1054.3337560810544 1.0 1
273 nan 0.125 0.2 -1.0 1.0 1057.1304430510572 1057.1314429510571 1057.3627864810574 1056.6534907510566 1058.9232972420493 1057.2635630710572 1.0 1057.2635630710572 1.0 1
274 nan 1.0 0.2 -1.0 1.0 1060.11387801106 1060.11477792106 1060.2796947610602 1059.5949965710597 1061.8470035354412 1060.1702057110601 1.0 1060.1702057110601 1.0 1
275 nan 0.0625 0.2 -1.0 1.0 1066.0730820310662 1066.073981941066 1066.4707089310664 1062.5300030410626 1068.0308159369029 1066.3195907110664 1.0 1066.3195907110664 1.0 1
276 nan 1.0 0.2 -1.0 1.0 1069.4228136910695 1069.4239135810694 1069.7361156910697 1068.7397153410689 1071.2975231328542 1069.5888970810695 1.0 1069.5888970810695 1.0 1
277 nan 0.0625 0.2 -1.0 1.0 1072.4895736510725 1072.4905068910725 1072.5782314510725 1071.998922721072 1074.1471379492 1072.4487777310724 1.0 1072.4487777310724 1.0 1
278 nan 0.0625 0.2 -1.0 1.0 1075.3562869510754 1075.3571535310753 1075.6835208910757 1074.824640121075 1077.2467335157698 1075.5375688210756 1.0 1075.5375688210756 1.0 1
279 nan 1.0 0.2 -1.0 1.0 1079.5893969310796 1079.5903968310795 1079.97342519108 1077.934829071078 1081.5229388402001 1079.8196405710798 1.0 1079.8196405710798 1.0 1
280 nan 0.0 0.2 -1.0 1.0 1083.013554481083 1083.014687701083 1083.2224335910832 1082.5146377110825 1084.7802441152458 1083.057816721083 1.0 1083.057816721083 1.0 1
281 nan 1.0 0.2 -1.0 1.0 1087.8557035510878 1087.8566034610878 1088.2113679810882 1085.4571434310856 1089.7793435031876 1088.087647021088 1.0 1088.087647021088 1.0 1
282 nan 0.0625 0.2 -1.0 1.0 1091.1391418410913 1091.140208401091 1091.3421548710915 1090.4790411910906 1092.9057602157964 1091.2123678510911 1.0 1091.2123678510911 1.0 1
283 nan 0.125 0.2 -1.0 1.0 1094.0966127310942 1094.097479311094 1094.3519538610944 1093.5935630410936 1095.9058654735763 1094.2329657610942 1.0 1094.2329657610942 1.0 1
284 nan 0.125 0.2 -1.0 1.0 1098.2800276810983 1098.2810609110984 1098.6531570310988 1096.5876636010967 1100.2054668410779 1098.5136043210985 1.0 1098.5136043210985 1.0 1
285 nan 0.25 0.2 -1.0 1.0 1101.4297793411015 1101.4306792511015 1101.7194837011018 1100.905765081101 1103.2723887013376 1101.6067616411017 1.0 1101.6067616411017 1.0 1
286 nan 0.25 0.2 -1.0 1.0 1107.5627993111075 1107.5638992011077 1107.987490171108 1103.9597929811039 1109.538698536301 1107.848404081108 1.0 1107.848404081108 1.0 1
287 nan 0.25 0.2 -1.0 1.0 1110.8129076011107 1110.8138408411107 1111.1093112911112 1110.2523969911103 1112.6721915932112 1111.001322091111 1.0 1111.001322091111 1.0 1
288 nan 0.125 0.2 -1.0 1.0 1114.0127209211141 1114.013787481114 1114.4030152211144 1113.3466875311133 1115.95551778788 1114.1828039111142 1.0 1114.1828039111142 1.0 1
289 nan 0.25 0.2 -1.0 1.0 1117.1290759211172 1117.130075821117 1117.3224232511172 1116.6547233611166 1118.879706707309 1117.2026685611172 1.0 1117.2026685611172 1.0 1
290 0.125 nan 0.2 -1.0 -1.0 1120.2888932411204 1120.2896931611203 1121.7473140511217 1119.5650989611195 1124.3129218669567 1121.4520435811214 1.0 1121.7290825411217 1.0 2
291 nan 0.125 0.2 -1.0 1.0 1125.8218732211258 1125.8229064511258 1126.1005120211262 1125.003221761125 1127.6551244194388 1125.993122761126 1.0 1125.993122761126 1.0 1
292 nan 1.0 0.2 -1.0 1.0 1128.9457941311289 1128.946860691129 1129.3709516111294 1128.3405213311285 1130.9218290631254 1129.2316322111292 1.0 1129.2316322111292 1.0 1
293 nan 0.0625 0.2 -1.0 1.0 1134.7625457311349 1134.7634123111347 1135.1224430711352 1131.6135273311315 1136.6788492945996 1134.965158801135 1.0 1134.965158801135 1.0 1
294 nan 1.0 0.2 -1.0 1.0 1137.971791441138 1137.9726913511379 1138.158339451138 1137.3964489811374 1139.7052508580568 1138.036318321138 1.0 1138.036318321138 1.0 1
295 nan 1.0 0.2 -1.0 1.0 1142.912064031143 1142.9129639411428 1143.2132672411433 1140.3977488211403 1144.7717720912399 1143.077114191143 1.0 1143.077114191143 1.0 1
296 1.0 nan 0.2 1.0 1.0 1146.045683971146 1146.046550551146 1146.2872598111462 1145.4832735511454 1147.845870993868 1146.1895029211462 -1.0 1146.1895029211462 -1.0 1
297 nan 0.0625 0.2 -1.0 1.0 1149.038351341149 1149.039184591149 1149.3061912211492 1148.5419676511485 1150.8622681220074 1149.1941690911492 1.0 1149.1941690911492 1.0 1
298 nan 1.0 0.2 -1.0 1.0 1153.4881396511535 1153.4891062211534 1153.7507800511537 1151.5615656611515 1155.304885319191 1153.6378246811537 1.0 1153.6378246811537 1.0 1
299 0.0625 nan 0.8 -1.0 -1.0 1156.6122605411567 1156.6130604611567 1156.8853998911568 1156.017586681156 1159.4455049914786 1156.7847432911567 1.0 1156.7847432911567 1.0 1
300 0.25 nan 0.8 1.0 1.0 1160.821206271161 1160.822306161161 1161.087612961161 1160.1537063611602 1162.645618645153 1161.001754881161 -1.0 1161.001754881161 -1.0 1
301 1.0 nan 0.8 1.0 1.0 1163.954626231164 1163.955592801164 1164.183703321164 1163.3546195711633 1165.7454167220963 1164.104211271164 -1.0 1164.104211271164 -1.0 1
302 0.25 nan 0.8 1.0 1.0 1168.054516201168 1168.055516101168 1168.3115238311684 1166.7566126711667 1169.8787283347963 1168.2252324611682 -1.0 1168.2252324611682 -1.0 1
303 1.0 nan 0.8 1.0 1.0 1171.137607861171 1171.1384744411712 1171.3955154011715 1170.5885294411705 1172.9618252611406 1171.1734709411712 1.0 1171.1734709411712 1.0 1
304 0.0625 nan 0.8 -1.0 -1.0 1175.137641151175 1175.138741041175 1175.4030479411754 1173.6684214211737 1177.9545245730556 1175.2889260211753 1.0 1175.2889260211753 1.0 1
305 0.125 nan 0.8 -1.0 -1.0 1179.2950587011794 1179.2959919411794 1179.6546560711797 1178.6545227611787 1182.2038303356971 1179.5011714211796 1.0 1179.5011714211796 1.0 1
306 nan 0.0625 0.8 -1.0 1.0 1183.4613420311834 1183.4622419411835 1183.9378610411839 1182.920429461183 1185.4878607153078 1183.7561125511838 1.0 1183.7561125511838 1.0 1
307 0.25 nan 0.8 1.0 1.0 1186.6784536211867 1186.6795201811867 1186.9561591811869 1186.2027678611862 1188.503969413017 1186.882333231187 -1.0 1186.882333231187 -1.0 1
308 0.0 nan 0.8 -1.0 -1.0 1190.6777203211907 1190.6787868811907 1190.8581356111908 1189.2052675811892 1193.4039743890294 1190.6872860311908 1.0 1190.6872860311908 1.0 1
309 nan 0.125 0.8 -1.0 1.0 1194.6449902211946 1194.6460567811946 1195.0657814711951 1194.1481732411942 1196.6207874722422 1194.871567561195 1.0 1194.871567561195 1.0 1
310 0.25 nan 0.8 1.0 1.0 1197.8280052211978 1197.829005121198 1198.0812798911982 1197.3240889511974 1199.6441892526943 1198.005187501198 -1.0 1198.005187501198 -1.0 1
311 1.0 nan 0.8 1.0 1.0 1203.7536792612038 1203.7545791712037 1203.9736905912039 1200.3590854212005 1205.5281968894026 1203.896131681204 -1.0 1203.896131681204 -1.0 1
312 0.0625 nan 0.8 -1.0 -1.0 1206.9535925712069 1206.954525811207 1207.3308215112074 1206.2617950912063 1209.8869958571554 1207.1826363312073 1.0 1207.1826363312073 1.0 1
313 nan 1.0 0.8 -1.0 1.0 1211.3276884512113 1211.3287550112113 1211.7370141812119 1210.6094936112106 1213.294716276928 1211.6036608512115 1.0 1211.6036608512115 1.0 1
314 1.0 nan 0.8 1.0 1.0 1214.5371008112145 1214.5380340512145 1214.7534125112147 1214.013819811214 1216.311121230646 1214.6717873412147 -1.0 1214.6717873412147 -1.0 1
315 0.125 nan 0.8 -1.0 -1.0 1217.7533458212179 1217.7543790512177 1227.1438066812273 1217.021119051217 1229.7037436850694 1226.6782199112267 1.0 1227.090678661227 1.0 3
316 0.0625 nan 0.8 -1.0 -1.0 1232.3268883212324 1232.3277215712324 1232.7810429012327 1230.4468430112304 1235.3536461831177 1232.5560654012327 1.0 1232.5560654012327 1.0 1
317 0.0 nan 0.8 1.0 1.0 1237.5604315812375 1237.5612981612376 1238.6400569412388 1236.099444361236 1240.210258352278 1237.8043738512379 -1.0 1238.1843025212381 1.0 4
318 0.25 nan 0.8 -1.0 -1.0 1241.4863722812415 1241.4872388612414 1248.2384636712482 1240.957258531241 1250.8031998282618 1247.9239617912478 -1.0 1247.9239617912478 -1.0 1
319 nan 1.0 0.8 -1.0 1.0 1252.2436297812524 1252.2446963412522 1252.7696771712529 1251.5443997112516 1254.3432868646764 1252.6443897012527 1.0 1252.6443897012527 1.0 1
320 0.125 nan 0.8 -1.0 -1.0 1255.7694105012558 1255.7703104112559 1256.2429631412563 1255.0640810412551 1258.8029978695765 1256.103677071256 1.0 1256.103677071256 1.0 1
321 nan 0.25 0.8 -1.0 1.0 1260.6100263912606 1260.6108929712607 1261.000020721261 1259.5522988412595 1262.5771202276144 1260.8158724712607 1.0 1260.8158724712607 1.0 1
322 0.0625 nan 0.8 -1.0 -1.0 1263.836370391264 1263.837170311264 1266.102810391266 1263.3110229312633 1268.669215766547 1265.8634010012659 1.0 1265.8634010012659 1.0 1
323 1.0 nan 0.8 1.0 1.0 1270.7263479912708 1270.7273812212707 1270.969523671271 1269.4148124912695 1272.5360246592415 1270.856734951271 -1.0 1270.856734951271 -1.0 1
324 nan 0.0625 0.8 -1.0 1.0 1274.1596712912742 1274.160671191274 1282.8595678812828 1273.6110261612737 1284.4188679452923 1282.6182253512827 -1.0 1282.6182253512827 -1.0 1
325 1.0 nan 0.8 1.0 1.0 1285.6764195012856 1285.6774860612857 1285.934160391286 1285.183868761285 1287.5023670947696 1285.843736101286 -1.0 1285.843736101286 -1.0 1
326 0.0625 nan 0.8 -1.0 -1.0 1288.7094495012886 1288.7104160712888 1293.1006770012932 1288.2317639412881 1295.6522810341808 1292.922494821293 -1.0 1292.922494821293 -1.0 1
327 0.125 nan 0.8 1.0 1.0 1296.926194411297 1296.927294301297 1297.5810955812976 1296.3981805512965 1299.143198330904 1297.4553748212975 -1.0 1297.4553748212975 -1.0 1
328 0.25 nan 0.8 1.0 1.0 1300.4358100813004 1300.4368766413004 1300.7195817013007 1299.8652004812998 1302.2856909027835 1300.6397230213006 -1.0 1300.6397230213006 -1.0 1
329 1.0 nan 0.8 1.0 1.0 1303.5428660113037 1303.5438325813036 1303.7622107413038 1303.015585411303 1305.3263085951999 1303.6835852713036 -1.0 1303.6835852713036 -1.0 1
330 nan 0.25 0.8 1.0 -1.0 1306.6684867513068 1306.6694533213067 1313.883665161314 1306.068713401306 1316.4520318103569 1313.768576671314 -1.0 1313.768576671314 -1.0 1
331 0.125 nan 0.8 -1.0 -1.0 1322.025450901322 1322.026517461322 1322.5351665913226 1317.2246310313171 1325.1093335411786 1322.3981136313223 1.0 1322.3981136313223 1.0 1
332 0.0 nan 0.8 -1.0 -1.0 1326.6183582313267 1326.6194247913265 1327.1091091513272 1325.8848315913258 1329.6685464876457 1326.926127451327 1.0 1326.926127451327 1.0 1
333 0.125 nan 0.8 1.0 1.0 1330.892564101331 1330.8936973213308 1332.4129453813325 1330.3972469713303 1333.975850023328 1332.2913575413322 -1.0 1332.2913575413322 -1.0 1
334 0.25 nan 0.8 -1.0 -1.0 1335.4683731413354 1335.4693063813354 1347.874765711348 1334.7174482413348 1350.4347986487276 1347.5388993013476 1.0 1347.7142484313476 1.0 2
335 0.25 nan 0.8 1.0 1.0 1351.925227291352 1351.926360511352 1352.149704841352 1351.2180980113512 1353.701507368502 1352.076878791352 -1.0 1352.076878791352 -1.0 1
336 1.0 nan 0.8 1.0 1.0 1355.1252405913551 1355.1263071513551 1355.3482182913554 1354.4552076013545 1356.9084200052537 1355.2646933113554 -1.0 1355.2646933113554 -1.0 1
337 1.0 nan 0.8 1.0 1.0 1358.1846012913581 1358.1856011913583 1358.6679196213586 1357.6526211613577 1360.2175237398226 1358.3303533813582 -1.0 1358.3303533813582 -1.0 1
338 0.25 nan 0.8 1.0 1.0 1361.7080822413618 1361.7088488313618 1361.981521561362 1360.978121911361 1363.5346270324574 1361.893030411362 -1.0 1361.893030411362 -1.0 1
339 0.25 nan 0.8 -1.0 -1.0 1364.8082055313648 1364.8091721013648 1365.1981665313651 1364.2709259313642 1367.750635874505 1365.055714111365 1.0 1365.055714111365 1.0 1
340 nan 0.0 0.8 -1.0 1.0 1369.2084321313691 1369.2093987013693 1369.6271235913696 1368.5071356013684 1371.1916307647252 1369.4504745913694 1.0 1369.4504745913694 1.0 1
341 1.0 nan 0.8 1.0 1.0 1372.5838945513726 1372.5846944713726 1372.8081387913728 1371.927226891372 1374.3676407831622 1372.7219140813727 -1.0 1372.7219140813727 -1.0 1
342 0.0 nan 0.8 -1.0 -1.0 1375.7581437613758 1375.7593103113759 1376.1466382413762 1375.1178411313751 1378.7079443967166 1375.985920981376 1.0 1375.985920981376 1.0 1
343 1.0 nan 0.8 1.0 1.0 1379.9006961313798 1379.90156271138 1380.1567705213802 1379.4475414513795 1381.717566746162 1380.0711124213801 -1.0 1380.0711124213801 -1.0 1
344 0.0625 nan 0.8 -1.0 -1.0 1383.008118691383 1383.009185251383 1383.4578737113834 1382.4703724713825 1386.017578543201 1383.2964565213833 1.0 1383.2964565213833 1.0 1
345 0.125 nan 0.8 -1.0 -1.0 1387.3414853113873 1387.3424518813874 1387.7288132413878 1386.7660761913867 1390.2841837839278 1387.5894605113876 1.0 1387.5894605113876 1.0 1
346 0.125 nan 0.8 -1.0 -1.0 1391.6412552913916 1391.6420218813917 1391.929726441392 1391.031182971391 1394.4912938415607 1391.7872740213918 1.0 1391.7872740213918 1.0 1
347 0.125 nan 0.8 -1.0 -1.0 1396.3004559913963 1396.3016558713964 1396.8206706313968 1395.2557938013952 1399.3743032072498 1396.6215905413967 1.0 1396.6215905413967 1.0 1
348 0.25 nan 0.8 1.0 1.0 1401.083744281401 1401.084877501401 1401.3477845414013 1400.4944032214005 1402.9077176945466 1401.2611265414014 -1.0 1401.2611265414014 -1.0 1
349 1.0 nan 0.8 1.0 1.0 1404.2337959114043 1404.2348291414044 1404.4458080414045 1403.6636196014038 1406.0005154792145 1404.3749484614043 -1.0 1404.3749484614043 -1.0 1
350 0.125 nan 0.8 1.0 1.0 1407.2573268614074 1407.2584600814073 1408.3634162414085 1406.7440115314068 1409.92381843161 1407.5278998014076 -1.0 1408.3315860914083 -1.0 2
351 nan 1.0 0.8 1.0 -1.0 1411.2168308714113 1411.2176974514111 1411.3810477814113 1410.6829176014107 1413.941019194619 1411.2987560114113 -1.0 1411.2987560114113 -1.0 1
352 0.125 nan 0.8 1.0 1.0 1417.816437511418 1417.8173040914178 1418.1111413714182 1414.6875171014146 1419.6669401664901 1418.029082911418 -1.0 1418.029082911418 -1.0 1
353 0.125 nan 0.8 -1.0 -1.0 1420.940858371421 1420.941891601421 1425.8404683614258 1420.4434414514205 1428.4075693110162 1425.7064817614257 1.0 1425.7064817614257 1.0 1
354 0.25 nan 0.8 -1.0 -1.0 1429.7828740814298 1429.7840739614298 1430.2593930914302 1429.1701686914291 1432.8163657396983 1430.03868183143 1.0 1430.03868183143 1.0 1
355 0.125 nan 0.8 -1.0 -1.0 1434.090276631434 1434.0913431914341 1437.7019487614377 1433.5749615014336 1440.2495845456972 1437.5167339514376 1.0 1437.5167339514376 1.0 1
356 nan 0.0625 0.2 -1.0 1.0 1441.5234665714415 1441.5245331314416 1442.4263762714425 1441.017383851441 1443.983180482039 1442.1655690214423 1.0 1442.3345187914424 1.0 2
357 nan 0.25 0.2 -1.0 1.0 1445.3401848614453 1445.3411514314453 1445.7441777914457 1444.7512770914448 1447.3072060662598 1445.5617960314455 1.0 1445.5617960314455 1.0 1
358 nan 0.0 0.2 -1.0 1.0 1448.6658189314487 1448.6667521714487 1448.9092945814489 1448.0676120914482 1450.4738015100518 1448.7406781114487 1.0 1448.7406781114487 1.0 1
359 0.0625 nan 0.2 -1.0 -1.0 1451.7827738714518 1451.7837071114518 1452.2383616414522 1451.2327955414512 1454.7831255957497 1452.040814731452 1.0 1452.040814731452 1.0 1
360 nan 1.0 0.2 -1.0 1.0 1456.039681471456 1456.040614711456 1456.3660155014563 1455.5686285814556 1457.9159217987537 1456.2314622914562 1.0 1456.2314622914562 1.0 1
361 nan 0.0625 0.2 -1.0 1.0 1459.2228631214593 1459.2238963514592 1459.7928394514597 1458.6849169214588 1461.34953747529 1459.4682052514595 1.0 1459.4682052514595 1.0 1
362 nan 0.25 0.2 -1.0 1.0 1462.873464691463 1462.874497921463 1463.2635256814633 1462.1246395814621 1464.8161320370484 1463.1041416214632 1.0 1463.1041416214632 1.0 1
363 nan 1.0 0.2 -1.0 1.0 1466.2734579914663 1466.2744578914662 1466.5572296114665 1465.5935259914656 1468.0993324759536 1466.3405512814663 1.0 1466.3405512814663 1.0 1
364 0.125 nan 0.2 -1.0 -1.0 1469.5565296514696 1469.5573962314695 1469.91239406147 1468.867931851469 1472.47335739252 1469.7664419914697 1.0 1469.7664419914697 1.0 1
365 0.0625 nan 0.2 -1.0 -1.0 1474.2989886914743 1474.2999885914744 1474.6303222214747 1473.2481604514733 1477.1989552691077 1474.4885697314744 1.0 1474.4885697314744 1.0 1
366 nan 0.125 0.2 -1.0 1.0 1479.1229395814792 1479.123906151479 1479.4497735614796 1478.000751811478 1481.0156710231004 1479.2924559614794 1.0 1479.2924559614794 1.0 1
367 nan 0.0625 0.2 -1.0 1.0 1482.3727479014824 1482.3735144914824 1482.6865831814828 1481.7843734114817 1484.2487828535168 1482.5468304914825 1.0 1482.5468304914825 1.0 1
368 0.0625 nan 0.2 -1.0 -1.0 1485.6563195114857 1485.6571194314856 1485.7968054614857 1485.019683181485 1488.3730750029117 1485.6379546814856 1.0 1485.6379546814856 1.0 1
369 nan 0.25 0.2 -1.0 1.0 1491.048813541491 1491.049713451491 1491.3559828214914 1489.144470661489 1492.9228813848968 1491.2152968914913 1.0 1491.2152968914913 1.0 1
370 nan 0.125 0.2 -1.0 1.0 1494.3490501514943 1494.3499833914943 1494.6876829514947 1493.7053811914936 1496.2562087163542 1494.5060011214946 1.0 1494.5060011214946 1.0 1
371 0.25 nan 0.2 -1.0 -1.0 1497.7151135114977 1497.7162467314977 1498.0182498614981 1497.0382145414972 1500.5893175988797 1497.8297020514979 1.0 1497.8297020514979 1.0 1
372 nan 0.125 0.2 -1.0 1.0 1502.048846761502 1502.049846661502 1502.3544162015023 1501.3704146115015 1503.9151164588982 1502.1975652215021 1.0 1502.1975652215021 1.0 1
373 nan 0.25 0.2 -1.0 1.0 1505.3560493415055 1505.3571159015053 1505.7375111915057 1504.7054144115048 1507.2986325479965 1505.5812934815056 1.0 1505.5812934815056 1.0 1
374 nan 0.125 0.2 -1.0 1.0 1509.1226393115091 1509.1237392015091 1509.92442579151 1508.4707378415085 1511.4895288373632 1509.6516530715096 1.0 1509.6516530715096 1.0 1
375 nan 0.0625 0.2 -1.0 1.0 1512.981786691513 1512.982653271513 1513.4095439115135 1512.2757239715122 1514.981639250163 1513.1704678215133 1.0 1513.1704678215133 1.0 1
376 nan 0.0625 0.2 -1.0 1.0 1516.4392742415164 1516.4402741415165 1516.7529428715168 1515.7705411215159 1518.3149430833541 1516.5929588715167 1.0 1516.5929588715167 1.0 1
377 nan 0.0625 0.2 -1.0 1.0 1521.055445911521 1521.056545801521 1521.4452402615213 1519.104041071519 1523.015166932683 1521.2859561915213 1.0 1521.2859561915213 1.0 1
378 nan 0.125 0.2 -1.0 1.0 1524.3222192015244 1524.3231524415244 1524.6741506715248 1523.8066707615237 1526.2391561929098 1524.4820698815245 1.0 1524.4820698815245 1.0 1
379 nan 1.0 0.2 -1.0 1.0 1527.7813732515278 1527.7824398115279 1528.066378081528 1527.022149181527 1529.638671658301 1527.9040943115278 1.0 1527.9040943115278 1.0 1
380 nan 0.25 0.2 -1.0 1.0 1531.064944861531 1531.066044751531 1531.2745905615313 1530.4223757915304 1532.8382884165542 1531.1321048115312 1.0 1531.1321048115312 1.0 1
381 nan 1.0 0.2 -1.0 1.0 1535.6647848315356 1535.6656180815357 1536.055779061536 1533.6276885615337 1537.6148811667326 1535.9284917915359 1.0 1535.9284917915359 1.0 1
382 nan 0.125 0.2 -1.0 1.0 1540.2221957115403 1540.2232289415401 1540.4174095215403 1538.4064773015384 1541.9809048523848 1540.3025876715403 1.0 1540.3025876715403 1.0 1
383 nan 0.25 0.2 -1.0 1.0 1543.3550823915434 1543.3561822815434 1543.6241888115437 1542.7728072915427 1545.18881963512 1543.4927352915436 1.0 1543.4927352915436 1.0 1
384 nan 0.0625 0.2 -1.0 1.0 1546.6311547515465 1546.6321213215467 1546.8245020815468 1545.981719701546 1548.3814072729604 1546.6118566815467 1.0 1546.6118566815467 1.0 1
385 nan 1.0 0.2 -1.0 1.0 1549.7048473515497 1549.7057472615497 1549.92792504155 1549.173300511549 1551.4978185320601 1549.7725072515498 1.0 1549.7725072515498 1.0 1
386 nan 1.0 0.2 -1.0 1.0 1552.8379006815528 1552.8390005715528 1553.014616341553 1552.2914220015523 1554.5811177860762 1552.8711973515528 1.0 1552.8711973515528 1.0 1
387 nan 0.0625 0.2 -1.0 1.0 1555.955288911556 1555.956288811556 1556.2903220715564 1555.3748136315553 1557.8477202879974 1556.1522692115561 1.0 1556.1522692115561 1.0 1
388 nan 0.0625 0.2 -1.0 1.0 1560.2381272515602 1560.2388938415602 1560.5964247515606 1558.6462197915587 1562.17165026086 1560.4437733515604 1.0 1560.4437733515604 1.0 1
389 0.25 nan 0.2 1.0 1.0 1564.7311112415648 1564.7321444715647 1565.2730570415654 1562.975153521563 1566.8310565905101 1564.8279682215648 1.0 1564.8279682215648 1.0 1
390 nan 1.0 0.2 -1.0 1.0 1568.1548355015682 1568.1557687415682 1568.6011575315686 1567.6284548115677 1570.1714547906115 1568.4451064715684 1.0 1568.4451064715684 1.0 1
391 nan 0.125 0.2 -1.0 1.0 1572.2973545415723 1572.2983544415722 1572.6509525115728 1570.988152141571 1574.2217785234036 1572.4875688515724 1.0 1572.4875688515724 1.0 1
392 nan 0.125 0.2 -1.0 1.0 1575.5305978515755 1575.5319643815756 1575.8105698515758 1575.017282521575 1577.3711727576585 1575.6432865815757 1.0 1575.6432865815757 1.0 1
393 0.0625 nan 0.2 -1.0 -1.0 1578.7138128315787 1578.7149127215787 1578.8176024515788 1578.1747667415782 1581.3880937095093 1578.6723169815787 1.0 1578.6723169815787 1.0 1
394 nan 0.0625 0.2 -1.0 1.0 1583.3635811415834 1583.3645143815834 1583.5365971715835 1582.1952979815821 1585.1049956117945 1583.3588816115835 1.0 1583.3588816115835 1.0 1
395 nan 0.0625 0.2 -1.0 1.0 1587.4971010815875 1587.4981009815874 1587.6226885215876 1585.917492391586 1589.180689711261 1587.4907017215876 1.0 1587.4907017215876 1.0 1
396 nan 0.0625 0.2 -1.0 1.0 1590.6210886515905 1590.6220552215907 1590.7571083815908 1589.97528657159 1592.3140025832777 1590.6080566215905 1.0 1590.6080566215905 1.0 1
397 nan 0.25 0.2 -1.0 1.0 1595.2040969715952 1595.2049968815952 1595.5729267515956 1593.1199054115932 1597.1378218563962 1595.4298077315955 1.0 1595.4298077315955 1.0 1
398 nan 0.25 0.2 -1.0 1.0 1598.5967910015986 1598.5975909215986 1598.820035341599 1597.945922761598 1600.3805323308966 1598.5817591715986 1.0 1598.5817591715986 1.0 1
399 nan 0.0625 0.2 -1.0 1.0 1602.8039035816028 1602.805203451603 1603.0864419916031 1601.1784328116012 1604.6545377810417 1602.967553881603 1.0 1602.967553881603 1.0 1
400 nan 0.25 0.2 -1.0 1.0 1606.029814291606 1606.030814191606 1606.3955443816064 1605.4746364816056 1607.9539360800948 1606.2473925316062 1.0 1606.2473925316062 1.0 1
401 1.0 nan 0.2 1.0 1.0 1609.9298909116098 1609.93072416161 1610.1543351316102 1609.1919313816093 1611.7206586102252 1610.07524304161 -1.0 1610.07524304161 -1.0 1
402 1.0 nan 0.2 1.0 1.0 1613.063477521613 1613.0643441016132 1613.3445494116133 1612.5256646416126 1614.9036538593198 1613.062877581613 1.0 1613.062877581613 1.0 1
403 nan 0.0 0.2 -1.0 1.0 1616.2634241616163 1616.2642907416164 1616.5162655416166 1615.6957476016157 1618.0802603845204 1616.3764128616165 1.0 1616.3764128616165 1.0 1
404 nan 1.0 0.2 -1.0 1.0 1620.5700601216206 1620.5708933716205 1620.937056751621 1618.8845620216189 1622.5039830015032 1620.7722399016209 1.0 1620.7722399016209 1.0 1
405 nan 1.0 0.2 -1.0 1.0 1623.8629641316238 1623.863830711624 1624.1930644516242 1623.3182852716234 1625.7464934498955 1624.011715921624 1.0 1624.011715921624 1.0 1
406 nan 0.125 0.2 -1.0 1.0 1628.2871550016282 1628.2880882416282 1628.6950808716288 1626.5685935416266 1630.253781258979 1628.5498287316286 1.0 1628.5498287316286 1.0 1
407 nan 1.0 0.2 -1.0 1.0 1631.5299640216315 1631.5310305816315 1631.8203016516318 1631.0761760716312 1633.3799957020585 1631.7103793116316 1.0 1631.7103793116316 1.0 1
408 nan 0.25 0.2 -1.0 1.0 1634.853531631635 1634.854631521635 1634.999283721635 1634.1847985116342 1636.5704102095692 1634.863930591635 1.0 1634.863930591635 1.0 1
409 nan 0.25 0.2 -1.0 1.0 1637.946089011638 1637.946922261638 1638.1227046816382 1637.3876115316375 1639.6873053540671 1637.984585161638 1.0 1637.984585161638 1.0 1
410 nan 0.0625 0.2 -1.0 1.0 1642.6297872616426 1642.6308538216426 1642.993517551643 1640.4979004716406 1644.553612471254 1642.8666969016429 1.0 1642.8666969016429 1.0 1
411 nan 1.0 0.2 -1.0 1.0 1645.895960611646 1645.8970938316459 1646.2719230116463 1645.3771125016453 1647.8292197528976 1646.1185050216461 1.0 1646.1185050216461 1.0 1
412 nan 1.0 0.2 -1.0 1.0 1650.6867814816508 1650.6877147216508 1651.1632338316513 1648.6533181816487 1652.7124295852987 1650.998683621651 1.0 1650.998683621651 1.0 1
413 nan 1.0 0.2 -1.0 1.0 1656.0366131116562 1656.037646341656 1656.2043296716563 1653.5396295016535 1657.762754753993 1656.011082331656 1.0 1656.011082331656 1.0 1
414 nan 0.125 0.2 -1.0 1.0 1659.1865314216593 1659.1875646516592 1659.5369630416596 1658.5941573316586 1661.1027599957517 1659.3880779316594 1.0 1659.3880779316594 1.0 1
415 nan 0.125 0.2 -1.0 1.0 1663.928923801664 1663.929757051664 1664.4777689116645 1661.9183582116618 1666.0293654497252 1664.1842649316643 1.0 1664.3404493116643 1.0 2
416 nan 0.0 0.2 -1.0 1.0 1667.5030663516675 1667.5040329216674 1667.7859713916678 1666.854964501667 1669.3460677485725 1667.6405526016677 1.0 1667.6405526016677 1.0 1
417 0.25 nan 0.2 1.0 1.0 1670.6699496316708 1670.6709828616706 1670.914991791671 1670.1713661616702 1672.4697834912179 1670.843398951671 -1.0 1670.843398951671 -1.0 1
418 nan 1.0 0.2 -1.0 1.0 1673.8124686816739 1673.8132686016738 1674.2041961716743 1673.2959870016732 1675.7624920356418 1673.945188741674 1.0 1673.945188741674 1.0 1
419 nan 0.0 0.2 -1.0 1.0 1677.2193946216773 1677.2205278416773 1677.3180847516774 1676.5884910516766 1678.8788855196478 1677.1740658216772 1.0 1677.1740658216772 1.0 1
420 nan 0.0 0.2 -1.0 1.0 1681.9197912016818 1681.920791101682 1682.2411923916823 1679.6901808516798 1683.803115698933 1682.089007611682 1.0 1682.089007611682 1.0 1
421 nan 0.0 0.2 -1.0 1.0 1685.7286769416858 1685.7297435016858 1688.9113253116889 1684.6286202916847 1690.469321399339 1686.1478350216862 1.0 1688.7667064416887 -1.0 3
422 1.0 nan 0.2 1.0 1.0 1691.862196861692 1691.863296751692 1692.070409371692 1691.3048192716913 1693.6363336862328 1691.997949951692 -1.0 1691.997949951692 -1.0 1
423 nan 0.125 0.2 -1.0 1.0 1696.012081831696 1696.012881751696 1696.3304166616963 1694.4693361216946 1697.8862447293002 1696.1889974716962 1.0 1696.1889974716962 1.0 1
424 0.0625 nan 0.8 -1.0 -1.0 1699.2116285116992 1699.2124950916993 1699.6428187216998 1698.7200443416987 1702.2024470100632 1699.3232840116993 1.0 1699.5935903116997 1.0 2
425 0.125 nan 0.8 -1.0 -1.0 1703.7283767917038 1703.7294100217036 1704.069409351704 1703.044645171703 1706.6286414990368 1703.8622634017038 1.0 1703.8622634017038 1.0 1
426 0.125 nan 0.8 -1.0 -1.0 1708.0525110017081 1708.053310921708 1708.4543041517086 1707.4597369517076 1711.0192610623815 1708.2714891017083 1.0 1708.2714891017083 1.0 1
427 nan 1.0 0.8 -1.0 1.0 1712.5616267117125 1712.5625599517125 1713.048478021713 1711.8530642417118 1714.5951722960335 1712.849997871713 1.0 1712.849997871713 1.0 1
428 0.25 nan 0.8 1.0 1.0 1716.0353793017161 1716.036512521716 1716.6147880217165 1715.4401721617155 1718.1690819316786 1716.184631041716 1.0 1716.184631041716 1.0 1
429 0.25 nan 0.8 -1.0 -1.0 1721.0613099917211 1721.0624098817211 1721.4577370117215 1719.004982311719 1724.0115958719884 1721.2662561617212 1.0 1721.2662561617212 1.0 1
430 0.0625 nan 0.8 -1.0 -1.0 1725.4022425217254 1725.4033424117254 1725.7750052417257 1724.8689958517248 1728.3353921565679 1725.6053888717256 1.0 1725.6053888717256 1.0 1
431 0.0 nan 0.8 -1.0 -1.0 1731.5775915917316 1731.5785581617315 1732.1232370217322 1729.6270866617297 1734.6947243583434 1731.924990181732 1.0 1731.924990181732 1.0 1
432 0.25 nan 0.8 1.0 1.0 1736.7349424717368 1736.7358090517369 1737.120703891737 1735.5540272417356 1738.7017301494034 1737.034245871737 -1.0 1737.034245871737 -1.0 1
433 0.25 nan 0.8 -1.0 -1.0 1740.2278931417402 1740.2287597217403 1740.6060886517407 1739.5421283917397 1743.184844265616 1740.3836442317404 1.0 1740.3836442317404 1.0 1
434 0.0625 nan 0.8 -1.0 -1.0 1744.7941698017448 1744.7950030517447 1745.7036455117457 1744.037145511744 1748.277841482988 1745.4011424317455 1.0 1745.5007324717456 1.0 2
435 0.0 nan 0.8 -1.0 -1.0 1749.6515840117497 1749.6525839117496 1749.97125204175 1749.108738301749 1752.544445191016 1749.81460104175 1.0 1749.81460104175 1.0 1
436 nan 0.125 0.8 -1.0 1.0 1755.6015222917556 1755.6024888617555 1755.7431414617558 1753.3931431517535 1757.311063271593 1755.5801910917555 1.0 1755.5801910917555 1.0 1
437 0.25 nan 0.8 -1.0 -1.0 1758.8015689217589 1758.8024355017587 1759.1794311317592 1758.1716652517582 1761.7518592463914 1758.9269230517589 1.0 1758.9269230517589 1.0 1
438 0.0 nan 0.8 -1.0 -1.0 1763.2271929817632 1763.2280262317634 1763.6843472617636 1762.6036553417625 1766.2510706868093 1763.5094647517635 1.0 1763.5094647517635 1.0 1
439 0.0625 nan 0.8 -1.0 -1.0 1769.044211221769 1769.045277781769 1769.95625334177 1767.1051718117671 1772.5345054993663 1769.6470509317696 1.0 1769.90665830177 1.0 2
440 0.0 nan 0.8 -1.0 -1.0 1773.977017891774 1773.977851141774 1774.1588663717741 1773.4036085717735 1776.7272967990248 1773.990783181774 1.0 1773.990783181774 1.0 1
441 1.0 nan 0.8 1.0 1.0 1778.1847304117782 1778.1857969717782 1778.4133075517784 1777.5760912817775 1779.9772995808873 1778.3288493317784 -1.0 1778.3288493317784 -1.0 1
442 nan 1.0 0.8 1.0 -1.0 1781.3344154117813 1781.3354153117814 1783.0867068317832 1780.823899801781 1785.66062713576 1782.986150221783 -1.0 1782.986150221783 -1.0 1
443 0.0625 nan 0.8 -1.0 -1.0 1788.000948691788 1788.001948591788 1788.3549466217885 1786.5247296617865 1790.9344379420204 1788.2082946217881 1.0 1788.2082946217881 1.0 1
444 0.0625 nan 0.8 -1.0 -1.0 1792.2932527517924 1792.2942193217923 1792.6915462517927 1791.7944359717917 1795.2674384614252 1792.5545932817927 1.0 1792.5545932817927 1.0 1
445 nan 0.0 0.8 -1.0 1.0 1796.8603959917968 1796.8614625517969 1800.3878432118004 1796.1212365817962 1801.9670634316194 1799.9015585118 -1.0 1800.1936959618001 1.0 2
446 0.125 nan 0.8 -1.0 -1.0 1806.1767642618063 1806.1776308418061 1812.7198432218127 1802.835165121803 1815.283997010358 1806.3469805718064 -1.0 1812.6854466618126 1.0 4
447 0.0625 nan 0.8 1.0 1.0 1816.8599625018169 1816.8614290218168 1823.6061878118237 1816.180097161816 1825.1838101262776 1816.875527611817 -1.0 1823.4117072618235 -1.0 2
448 0.25 nan 0.8 1.0 1.0 1826.7428074518268 1826.7439740018267 1827.025712491827 1826.0588091918262 1828.5927077053234 1826.928522211827 -1.0 1826.928522211827 -1.0 1
449 1.0 nan 0.8 1.0 1.0 1829.96678502183 1829.96795157183 1830.1951288518303 1829.4383045418294 1831.766818791063 1830.10400463183 -1.0 1830.10400463183 -1.0 1
450 1.0 nan 0.8 1.0 1.0 1833.2428240518332 1833.2438906118332 1833.4583358318334 1832.6177199018327 1835.026327204882 1833.3760107318335 -1.0 1833.3760107318335 -1.0 1
451 0.125 nan 0.8 1.0 1.0 1836.5169299418365 1836.5180964918366 1837.081140181837 1835.892225751836 1838.6503312871832 1836.5793237018365 1.0 1836.5793237018365 1.0 1
452 1.0 nan 0.8 1.0 1.0 1840.12580235184 1840.1267022618401 1840.3291486818403 1839.5121303918395 1841.90003779891 1840.2506232018402 -1.0 1840.2506232018402 -1.0 1
453 0.25 nan 0.8 1.0 1.0 1844.959252291845 1844.960285521845 1845.187362811845 1842.7713377718428 1846.7496527718133 1845.117203161845 -1.0 1845.117203161845 -1.0 1
454 1.0 nan 0.8 1.0 1.0 1848.2761205718482 1848.2772204618484 1848.4983650118486 1847.6126535918477 1850.0666561157207 1848.4104738018484 -1.0 1848.4104738018484 -1.0 1
455 0.25 nan 0.8 1.0 1.0 1851.4090405818515 1851.4098405018515 1851.7097771718518 1850.938554301851 1853.2832646809932 1851.6032878218516 -1.0 1851.6032878218516 -1.0 1
456 0.0 nan 0.8 -1.0 -1.0 1854.859395511855 1854.860462071855 1855.2704544018552 1854.1565658018542 1857.833276893492 1855.147966651855 1.0 1855.147966651855 1.0 1
457 1.0 nan 0.8 1.0 1.0 1859.1920955318592 1859.1930287718592 1859.4204726918595 1858.7101770618588 1860.9830698507337 1859.3428471218594 -1.0 1859.3428471218594 -1.0 1
458 nan 0.0625 0.8 -1.0 1.0 1864.975417141865 1864.976283721865 1865.3199826818654 1861.8365643918619 1866.8828005717983 1865.1723307818652 1.0 1865.1723307818652 1.0 1
459 0.25 nan 0.8 -1.0 -1.0 1868.4418038018684 1868.4428703618685 1871.3961750018714 1867.7786034618678 1873.9591012435503 1871.1341012118712 1.0 1871.1341012118712 1.0 1
460 nan 0.125 0.8 -1.0 1.0 1876.3159496418764 1876.3170828618763 1876.6712141118767 1874.825998651875 1878.2253039631694 1876.5422603418765 1.0 1876.5422603418765 1.0 1
461 nan 0.25 0.2 -1.0 1.0 1879.5827562618797 1879.5836895018797 1879.8547290618799 1879.117102831879 1881.4085286142686 1879.6671811518797 -1.0 1879.6671811518797 -1.0 1
462 nan 0.0625 0.2 -1.0 1.0 1884.982449571885 1884.983949421885 1885.3711440318855 1882.7550390018828 1886.9252370279842 1885.2478563618852 1.0 1885.2478563618852 1.0 1
463 nan 0.25 0.2 -1.0 1.0 1888.2823528818883 1888.2832194618884 1888.6060538418885 1887.8026341918878 1890.158444036222 1888.5045639918885 1.0 1888.5045639918885 1.0 1
464 0.25 nan 0.2 1.0 1.0 1893.099237811893 1893.1001377218931 1893.3532457418933 1891.0415436018911 1894.9160644563146 1893.2582219118933 -1.0 1893.2582219118933 -1.0 1
465 nan 0.25 0.2 -1.0 1.0 1896.3252818418964 1896.3264150618963 1896.7363407318967 1895.8090668018958 1898.2992672796338 1896.6048538818966 1.0 1896.6048538818966 1.0 1
466 nan 0.25 0.2 -1.0 1.0 1899.6248518518996 1899.6256851018995 1900.1139696019002 1899.1625647518993 1901.6820625959763 1899.8701939819 1.0 1899.8701939819 1.0 1
467 0.125 nan 0.2 -1.0 -1.0 1903.024978471903 1903.025945041903 1903.4479361719034 1902.5514591619026 1906.0158866352158 1903.1212355119033 1.0 1903.3857090619033 1.0 2
468 nan 0.125 0.2 -1.0 1.0 1907.4413034619074 1907.4422033719075 1907.7089766919078 1906.8980911219069 1909.2750992299154 1907.5316944219076 1.0 1907.5316944219076 1.0 1
469 nan 0.0 0.2 -1.0 1.0 1910.6822460019107 1910.6831459119107 1911.100804141911 1910.14759947191 1912.6650958666323 1910.876359921911 1.0 1910.876359921911 1.0 1
470 0.25 nan 0.2 -1.0 -1.0 1914.024645061914 1914.025778281914 1914.4017740119143 1913.5564918819136 1916.965597010335 1914.2183590219142 1.0 1914.2183590219142 1.0 1
471 nan 0.125 0.2 -1.0 1.0 1919.8746933319198 1919.8756599019198 1920.2117929519202 1917.849995821918 1921.782112753231 1920.08607219192 1.0 1920.08607219192 1.0 1
472 0.125 nan 0.2 -1.0 -1.0 1924.3077833119244 1924.3085832319243 1924.6079199619246 1922.6666141119226 1927.1650101275968 1924.4772330319245 1.0 1924.4772330319245 1.0 1
473 nan 0.25 0.2 -1.0 1.0 1928.6580482419288 1928.6591814619287 1928.912622781929 1928.071306921928 1930.4817367283385 1928.7650042119287 1.0 1928.7650042119287 1.0 1
474 nan 1.0 0.2 -1.0 1.0 1931.8244315719319 1931.825464801932 1932.3102496519323 1931.3584448419315 1933.8652427648085 1932.028877791932 1.0 1932.2846855419323 1.0 2
475 nan 0.25 0.2 -1.0 1.0 1935.2240915719353 1935.2250581419353 1935.4456360819354 1934.7603379519348 1937.0078534247984 1935.3574449019354 1.0 1935.3574449019354 1.0 1
476 1.0 nan 0.2 -1.0 -1.0 1938.3982407919384 1938.3990073819384 1938.6170189119387 1937.904856801938 1941.1814465710027 1938.4169722519384 1.0 1938.4169722519384 1.0 1
477 nan 0.125 0.2 -1.0 1.0 1943.6243514619437 1943.6252513719437 1943.9604511819439 1942.0727399719422 1945.5317665021855 1943.8052333719438 1.0 1943.8052333719438 1.0 1
478 0.25 nan 0.2 1.0 1.0 1946.924321431947 1946.925188011947 1947.2249580319472 1946.4299708719464 1948.7819796155984 1947.1346337319471 -1.0 1947.1346337319471 -1.0 1
479 nan 0.25 0.2 -1.0 1.0 1952.4073397419525 1952.4084396319524 1952.7458725519527 1949.6700801619497 1954.3071922976965 1952.5972540819525 1.0 1952.5972540819525 1.0 1
480 nan 0.0625 0.2 -1.0 1.0 1956.8143989919568 1956.815365561957 1957.040276401957 1955.2149922819553 1958.5907977531594 1956.921421621957 1.0 1956.921421621957 1.0 1
481 nan 0.0625 0.2 -1.0 1.0 1960.1314672519602 1960.1323005019601 1961.8219981819618 1959.5037966919595 1963.3738907471204 1961.5527917719617 1.0 1961.812632451962 1.0 2
482 nan 0.0625 0.2 -1.0 1.0 1964.8977572419649 1964.8985571619648 1965.2561214019652 1964.2803856519643 1966.8073055494415 1965.1105026319651 1.0 1965.1105026319651 1.0 1
483 nan 1.0 0.2 -1.0 1.0 1968.1972939219681 1968.1984938019682 1968.4589010919685 1967.7042099019677 1970.0144211733461 1968.3335802919682 1.0 1968.3335802919682 1.0 1
484 nan 0.0 0.2 -1.0 1.0 1973.923787881974 1973.924787781974 1974.3641105119743 1970.908622761971 1975.9311291788656 1974.1792290019741 1.0 1974.1792290019741 1.0 1
485 nan 1.0 0.2 -1.0 1.0 1979.073239551979 1979.0743394419792 1979.4594342619794 1976.855727991977 1981.0307511910933 1979.3156486419794 1.0 1979.3156486419794 1.0 1
486 nan 0.25 0.2 -1.0 1.0 1982.4904977919825 1982.4916643419824 1982.8163318719828 1981.942452601982 1984.3974525784906 1982.6486819719826 1.0 1982.6486819719826 1.0 1
487 0.25 nan 0.2 -1.0 -1.0 1985.8400961319858 1985.8411960219858 1986.0708730519862 1985.3031498319854 1988.6307555184114 1985.7746693419858 1.0 1985.7746693419858 1.0 1
488 0.0625 nan 0.2 -1.0 -1.0 1991.2736193919914 1991.2744859719912 1991.6261174719916 1989.6013533019895 1994.1735691014803 1991.5027298119915 1.0 1991.5027298119915 1.0 1
489 nan 0.0 0.2 -1.0 1.0 1995.6471153319956 1995.6480485719956 1996.087471291996 1995.1014699019952 1997.647587067353 1995.8987235019958 1.0 1995.8987235019958 1.0 1
490 nan 0.0625 0.2 -1.0 1.0 1999.2401559919992 1999.2409892419992 1999.4336699719995 1998.5616905119987 2001.0141910418604 1999.2255574519993 1.0 1999.2255574519993 1.0 1
491 nan 1.0 0.2 -1.0 1.0 2003.8729593320038 2003.8738925720038 2004.2671865720042 2001.914788502002 2005.8398037759896 2004.1246674920042 1.0 2004.1246674920042 1.0 1
492 nan 1.0 0.2 -1.0 1.0 2008.063906862008 2008.064840102008 2008.4405025320084 2006.7627036620067 2010.0065925631184 2008.2684530720082 1.0 2008.2684530720082 1.0 1
493 nan 1.0 0.2 -1.0 1.0 2011.6637801720117 2011.6647800720116 2012.0815050620122 2010.930586832011 2013.6635153365157 2011.8098655620117 1.0 2011.8098655620117 1.0 1
494 nan 1.0 0.2 -1.0 1.0 2015.1731292020152 2015.174095772015 2015.5729225520156 2014.5766221920146 2017.1466253408953 2015.3083823420154 1.0 2015.3083823420154 1.0 1
495 nan 0.0 0.2 -1.0 1.0 2019.4228375220193 2019.4239707420195 2019.82933020202 2018.5584239720185 2021.4133182296578 2019.6202177820196 1.0 2019.6202177820196 1.0 1
496 0.0625 nan 0.8 -1.0 -1.0 2023.055807522023 2023.056907412023 2023.3622435420234 2022.3269137520224 2025.9297271339906 2023.050108092023 1.0 2023.050108092023 1.0 1
497 0.0625 nan 0.8 -1.0 -1.0 2028.6896774120287 2028.6908106320286 2028.964483262029 2026.8502280420269 2031.546634332931 2028.8355961520288 1.0 2028.8355961520288 1.0 1
498 nan 1.0 0.8 -1.0 1.0 2033.0393090720331 2033.040408962033 2033.3751421520335 2032.4650331720325 2034.9465543250074 2033.2403556320332 1.0 2033.2403556320332 1.0 1
499 0.125 nan 0.8 -1.0 -1.0 2037.3225140420373 2037.3233139620374 2037.912988322038 2035.8686594420358 2040.4894724825547 2037.6919770920376 1.0 2037.6919770920376 1.0 1
500 0.0 nan 0.8 -1.0 -1.0 2042.1465982520422 2042.147564822042 2042.5195609520426 2041.4142714920415 2045.0966783211104 2042.3580771020424 1.0 2042.3580771020424 1.0 1
501 0.125 nan 0.8 -1.0 -1.0 2046.6392489420466 2046.6401488520467 2047.080838112047 2046.0200775320461 2049.6558883753314 2046.923620502047 1.0 2046.923620502047 1.0 1
502 0.0625 nan 0.8 -1.0 -1.0 2051.0796715220513 2051.080771412051 2051.7407387420517 2050.575488612051 2054.305592132381 2051.4679660220513 1.0 2051.4679660220513 1.0 1
503 nan 0.0 0.8 -1.0 1.0 2055.846028172056 2055.846994742056 2056.2680859620564 2055.2351892620554 2057.8390070184832 2056.089737132056 1.0 2056.089737132056 1.0 1
504 1.0 nan 0.8 1.0 1.0 2059.3960064720595 2059.3969397120595 2059.6280166020597 2058.692310182059 2061.196112370006 2059.5490578320596 -1.0 2059.5490578320596 -1.0 1
505 0.0 nan 0.8 -1.0 -1.0 2062.5055288220624 2062.5065620520627 2062.983880982063 2062.022810432062 2065.5555077418553 2062.652780762063 1.0 2062.9379189120627 1.0 2
506 1.0 nan 0.8 1.0 1.0 2067.896056382068 2067.897122942068 2068.090536932068 2066.4140046020666 2069.662926191681 2068.0163443520682 -1.0 2068.0163443520682 -1.0 1
507 nan 0.0 0.8 -1.0 1.0 2071.021977092071 2071.023076982071 2071.2937165820713 2070.5005292420706 2072.862845485832 2071.176361652071 1.0 2071.176361652071 1.0 1
