DY_016 c3d9b6fb-7fa9-4413-a364-92a54df0fc5d danlab 2026-07-28T16:01:20.797097 _iblrig_tasks_ephysChoiceWorld6.4.2 M 324 587
0 1.0 nan 0.5 1.0 1.0 19.35756405001936 19.35846396001936 19.61873793001962 15.692730570015692 21.173940833139767 19.523214150019523 -1.0 19.523214150019523 -1.0 1
1 nan 0.125 0.5 -1.0 1.0 23.362263540023363 23.363396760023363 23.585741190023587 21.603039480021604 25.157445838418624 23.503649400023505 1.0 23.503649400023505 1.0 1
2 0.25 nan 0.5 1.0 1.0 26.945871810026947 26.947005030026947 27.21014538002721 25.543245420025542 28.773952388183016 27.108122250027108 -1.0 27.108122250027108 -1.0 1
3 nan 1.0 0.5 -1.0 1.0 30.061860180030063 30.062626770030064 30.184947870030186 29.143052070029142 31.7619539653071 30.025830450030025 1.0 30.025830450030025 1.0 1
4 0.0 nan 0.5 -1.0 -1.0 33.92357397003392 33.924540540033924 34.10855547003411 32.14395195003215 36.67356024242639 33.94440522003394 1.0 33.94440522003394 1.0 1
5 nan 0.0 0.5 -1.0 1.0 37.79542008003779 37.7964866400378 39.06575970003907 37.074958800037074 40.62356690089249 37.94277201003794 1.0 38.967602850038965 1.0 3
6 nan 1.0 0.5 -1.0 1.0 42.09519006004209 42.096089970042094 42.30746883004231 41.00696556004101 43.873773962850926 42.22514373004223 1.0 42.22514373004223 1.0 1
7 nan 0.125 0.5 -1.0 1.0 45.56204334004556 45.563043240045566 46.63570263004664 44.256073950044254 48.20699992919974 46.15325088004615 1.0 46.46528634004647 1.0 2
8 1.0 nan 0.5 1.0 1.0 49.145118330049144 49.14595158004914 49.3973931000494 48.65530065004866 50.95660062755602 49.277271780049276 -1.0 49.277271780049276 -1.0 1
9 nan 0.125 0.5 -1.0 1.0 51.81158499005181 51.812584890051816 52.06739274005207 51.33359946005133 53.622902668401835 51.957003780051956 1.0 51.957003780051956 1.0 1
10 nan 0.25 0.5 -1.0 1.0 56.66193324005666 56.66283315005666 56.88461097005688 53.986000860053984 58.44011768189608 56.78222121005678 1.0 56.78222121005678 1.0 1
11 0.0 nan 0.5 -1.0 -1.0 59.81168490005981 59.812784790059816 60.39642642006039 58.81401801005882 62.961632480336526 59.872178850059875 1.0 60.34243182006034 1.0 3
12 0.0 nan 0.5 -1.0 -1.0 63.82318371006382 63.82405029006382 64.08102459006408 63.34403163006334 66.64513176781931 63.973835310063976 1.0 63.973835310063976 1.0 1
13 1.0 nan 0.5 1.0 1.0 68.55644367006856 68.55731025006855 68.85484716006886 67.03112955006704 70.42325153213854 68.7003626100687 -1.0 68.7003626100687 -1.0 1
14 nan 0.0 0.5 1.0 -1.0 71.54481147007155 71.54591136007154 77.59280661007759 70.8082518000708 80.15647674278158 71.73759219007174 1.0 77.16651591007717 -1.0 2
15 0.125 nan 0.5 1.0 1.0 81.14458473008115 81.14541798008115 81.54227829008154 80.55757677008056 83.11158382779485 81.38886030008139 -1.0 81.38886030008139 -1.0 1
16 0.25 nan 0.5 1.0 1.0 84.12268689008413 84.12372012008413 84.42009048008443 83.48778372008348 85.97246946893304 84.29406975008429 -1.0 84.29406975008429 -1.0 1
17 nan 0.125 0.5 -1.0 1.0 87.01136466008701 87.01233123008701 87.22837629008723 86.34076506008634 88.79468256766398 87.13718541008714 1.0 87.13718541008714 1.0 1
18 1.0 nan 0.5 1.0 1.0 90.3061018200903 90.3069350700903 90.5948062800906 89.16218289008917 92.15628166432116 90.43852191009044 -1.0 90.43852191009044 -1.0 1
19 nan 0.0625 0.5 -1.0 1.0 93.56127627009356 93.56220951009357 103.73072589010373 92.53147926009254 105.27752812523086 96.64476789009665 1.0 103.5919397701036 1.0 2
20 nan 0.25 0.5 -1.0 1.0 106.73909169010675 106.74032490010674 107.14631763010715 105.70222872010571 108.71094703667418 106.85071386010685 1.0 106.85071386010685 1.0 1
21 nan 0.25 0.5 -1.0 1.0 109.92243999010992 109.92357321010992 110.15714985011016 109.17994758010919 111.7221282509793 110.04966060011004 1.0 110.04966060011004 1.0 1
22 nan 0.125 0.5 -1.0 1.0 112.59350619011259 112.5945394201126 112.83034917011283 112.09052316011208 114.39415045251475 112.70476173011271 1.0 112.70476173011271 1.0 1
23 nan 0.0 0.5 -1.0 1.0 115.43888829011544 115.43982153011544 115.82344983011582 114.78295389011478 117.39435672853281 115.58967321011559 1.0 115.58967321011559 1.0 1
24 0.0625 nan 0.5 -1.0 -1.0 118.37236158011838 118.37342814011838 118.98043410011898 117.77305485011777 121.54407071303629 118.48571691011848 1.0 118.91674047011892 1.0 2
25 0.25 nan 0.5 1.0 1.0 122.67213156012268 122.67303147012268 123.0978556501231 121.94167128012194 124.66036346938448 122.98909986012299 -1.0 122.98909986012299 -1.0 1
26 nan 0.0625 0.5 -1.0 1.0 126.27190488012627 126.27297144012627 126.67306476012668 125.05366005012506 128.23836967744185 126.43782162012644 1.0 126.43782162012644 1.0 1
27 nan 0.0625 0.5 -1.0 1.0 130.27727097013027 130.27823754013028 130.5163803901305 128.62326972012863 132.07168610868237 130.4165237101304 1.0 130.4165237101304 1.0 1
28 nan 1.0 0.5 -1.0 1.0 133.010497620133 133.011530850133 133.26077259013326 132.46268574013246 134.82190262258 133.13535180013315 1.0 133.13535180013315 1.0 1
29 0.25 nan 0.5 1.0 1.0 135.86024595013586 135.86114586013585 136.34169780013633 135.2844035401353 137.90980409453272 136.04139450013605 -1.0 136.30356828013632 -1.0 2
30 nan 0.0625 0.5 -1.0 1.0 138.85464648013885 138.85574637013886 145.3896262501454 138.28920303013828 146.94383091353296 139.06815846013907 1.0 145.1058213001451 1.0 4
31 nan 0.0625 0.5 -1.0 1.0 147.93853800014793 147.93960456014793 148.2020116501482 147.35063013014735 149.7435222446847 147.999965190148 1.0 147.999965190148 1.0 1
32 nan 1.0 0.5 -1.0 1.0 150.92137302015092 150.92220627015092 151.14671715015115 150.13191864015013 152.70512407375443 151.04059443015103 1.0 151.04059443015103 1.0 1
33 nan 1.0 0.5 -1.0 1.0 154.42695576015444 154.42782234015442 154.66253220015466 153.09212259015308 156.2215371528657 154.54841028015454 1.0 154.54841028015454 1.0 1
34 1.0 nan 0.5 1.0 1.0 157.5929391301576 157.5937723801576 157.83834792015784 156.61693674015663 159.37625481674033 157.72132629015772 -1.0 157.72132629015772 -1.0 1
35 nan 0.25 0.5 -1.0 1.0 160.32163290016032 160.32239949016034 160.96043568016097 159.76645509015978 162.52166505224756 160.54427730016056 1.0 160.6885628701607 1.0 2
36 nan 0.125 0.5 -1.0 1.0 163.45971906016345 163.46068563016345 163.73335836016375 162.994465590163 165.2876673581903 163.62376932016363 1.0 163.62376932016363 1.0 1
37 0.0 nan 0.5 -1.0 -1.0 166.22654235016623 166.22764224016623 166.4989484401665 165.66356532016567 169.054556268238 166.34889678016634 1.0 166.34889678016634 1.0 1
38 0.0625 nan 0.5 -1.0 -1.0 170.15991564017017 170.16088221017017 170.81688327017082 169.44185412016944 173.39328516457348 170.33896440017034 1.0 170.7058277101707 1.0 2
39 0.25 nan 0.5 1.0 1.0 174.3042678301743 174.3051677401743 174.77728719017477 173.78858607017378 176.35449220746628 174.51158043017452 -1.0 174.51158043017452 -1.0 1
40 0.0625 nan 0.5 -1.0 -1.0 177.50958060017751 177.51044718017752 177.85107978017786 176.74069083017673 180.42118441832335 177.65666589017766 1.0 177.65666589017766 1.0 1
41 nan 0.125 0.5 -1.0 1.0 181.4763838801815 181.47738378018147 181.76248860018177 180.82248261018083 183.33809310620276 181.66826469018167 1.0 181.66826469018167 1.0 1
42 0.0625 nan 0.5 1.0 1.0 184.47558393018448 184.47665049018448 184.88340981018487 183.72419241018372 186.454304492105 184.64763339018464 1.0 184.64763339018464 1.0 1
43 0.0 nan 0.5 -1.0 -1.0 188.0927221801881 188.09358876018808 188.37026109018836 186.93850428018695 190.9375294355965 188.24460699018826 1.0 188.24460699018826 1.0 1
44 1.0 nan 0.5 1.0 1.0 191.95940214019197 191.96020206019196 192.22530888019222 191.33893086019134 193.80931542297378 192.10838724019212 -1.0 192.10838724019212 -1.0 1
45 1.0 nan 0.5 1.0 1.0 194.7039943201947 194.7048275701947 194.95443594019497 194.2078106101942 196.5260368249943 194.82928179019484 -1.0 194.82928179019484 -1.0 1
46 0.25 nan 0.5 1.0 1.0 197.5876725901976 197.5887724801976 197.9003413201979 196.92383898019693 199.4706457719358 197.74482354019776 -1.0 197.74482354019776 -1.0 1
47 nan 0.0 0.5 1.0 -1.0 201.92587206020193 201.92670531020192 202.97036760020296 199.85684565019986 205.5370391722921 202.12388559020212 1.0 202.73389125020273 -1.0 2
48 nan 1.0 0.5 -1.0 1.0 206.65909869020666 206.65996527020667 206.94447015020694 205.94713656020596 208.5258699180559 206.81471646020682 1.0 206.81471646020682 1.0 1
49 0.0625 nan 0.5 -1.0 -1.0 209.5041141602095 209.50491408020952 210.21824274021023 208.90857372020892 212.7924789885346 209.82801510020983 -1.0 209.82801510020983 -1.0 1
50 0.125 nan 0.5 1.0 1.0 213.92067246021392 213.92183901021392 214.22207565021424 213.1943784302132 215.79217121171504 214.1044540802141 -1.0 214.1044540802141 -1.0 1
51 0.0625 nan 0.5 1.0 1.0 216.8035841402168 216.8044507202168 224.73479094022474 216.2920686302163 226.3090911990583 224.12915151022412 1.0 224.51174658022452 -1.0 2
52 0.125 nan 0.5 -1.0 -1.0 227.27040402022726 227.27127060022727 228.01126326022802 226.74309009022676 230.59169947728688 227.46531786022746 1.0 227.46531786022746 1.0 1
53 nan 0.25 0.5 -1.0 1.0 231.5198457002315 231.52087893023153 231.8789097902319 230.994398250231 233.45861170084245 231.71052663023173 1.0 231.71052663023173 1.0 1
54 0.125 nan 0.5 1.0 1.0 234.3868923002344 234.3878255402344 234.7852191302348 233.86091157023387 236.35372191822447 234.59167182023458 -1.0 234.59167182023458 -1.0 1
55 nan 0.0625 0.5 1.0 -1.0 237.991898430238 237.992765010238 247.62560163024762 236.76342129023678 250.20336610738352 240.63266766024063 1.0 247.42632156024743 -1.0 4
56 0.125 nan 0.5 -1.0 -1.0 251.20804335025122 251.20887660025122 251.6942280602517 250.64286654025065 254.2748656127459 251.34996249025136 1.0 251.34996249025136 1.0 1
57 0.25 nan 0.5 1.0 1.0 255.23637381025523 255.23750703025524 255.55427535025555 254.67496329025468 257.11967786981666 255.43605384025543 -1.0 255.43605384025543 -1.0 1
58 0.125 nan 0.5 1.0 1.0 258.30813327025834 258.3094331402583 258.6777629702587 257.5278779702575 260.23618943549315 258.4943813102585 -1.0 258.4943813102585 -1.0 1
59 nan 0.0625 0.5 1.0 -1.0 261.5079465902615 261.50904648026153 266.14034997026613 260.73689037026077 268.70831845648985 261.955701810262 1.0 265.9219718102659 -1.0 3
60 1.0 nan 0.5 1.0 1.0 271.2196086602712 271.2205419002712 271.5193120202715 269.1281178302691 273.0863152076609 271.3007338802713 1.0 271.3007338802713 1.0 1
61 0.0625 nan 0.5 1.0 1.0 274.24117314027427 274.24220637027423 283.43782005028345 273.5122127102735 285.0025536772788 277.001297100277 1.0 283.1001204902831 -1.0 3
62 nan 0.0 0.5 -1.0 1.0 286.87457634028686 286.8756095702869 287.17614618028716 285.43985316028545 288.7411517384194 287.028727590287 1.0 287.028727590287 1.0 1
63 1.0 nan 0.5 1.0 1.0 289.90284015028993 289.9038733802899 290.1842453402902 289.1445493202892 291.75764948647526 289.93533690028994 1.0 289.93533690028994 1.0 1
64 0.0625 nan 0.5 -1.0 -1.0 292.63593348029264 292.6368333902926 292.8128491202928 292.1654472002922 295.3907529829362 292.66779696029266 1.0 292.66779696029266 1.0 1
65 0.0625 nan 0.5 1.0 1.0 296.41925511029643 296.42045499029643 306.66899670030665 295.7892514502958 308.23519593690605 306.4835819103065 -1.0 306.4835819103065 -1.0 1
66 nan 0.0625 0.5 -1.0 1.0 309.99026454030997 309.99123111030997 310.3130989203103 308.6711964603087 311.89029152725794 310.1449157403101 1.0 310.1449157403101 1.0 1
67 nan 0.25 0.5 -1.0 1.0 313.16848002031315 313.1695132503132 313.60210332031363 312.4181883903124 315.173904788695 313.34246262031337 1.0 313.34246262031337 1.0 1
68 nan 0.25 0.5 -1.0 1.0 316.21874163031623 316.21977486031625 316.4463188703165 315.58570494031557 318.0189204780867 316.34812869031634 1.0 316.34812869031634 1.0 1
69 0.125 nan 0.5 -1.0 -1.0 318.990497760319 318.991397670319 324.62100132032464 318.4273207503184 327.1850353441465 319.2562378503193 -1.0 324.43275348032444 1.0 4
70 nan 0.125 0.5 -1.0 1.0 328.30696602032833 328.30793259032833 328.5908376303286 327.6274339803276 330.15684036384914 328.5018132003285 1.0 328.5018132003285 1.0 1
71 nan 0.25 0.5 -1.0 1.0 331.1016865203311 331.1025531003311 331.37375931033137 330.5760390903306 332.9352597897717 331.24723863033125 1.0 331.24723863033125 1.0 1
72 nan 0.25 0.5 -1.0 1.0 334.02386094033403 334.02482751033403 334.2665700003343 333.35546112033336 335.84017065620134 334.14131586033415 1.0 334.14131586033415 1.0 1
73 0.25 nan 0.5 1.0 1.0 337.95160146033794 337.95243471033797 338.4329533203384 336.2668699503363 340.0070564598478 338.2843681803383 -1.0 338.2843681803383 -1.0 1
74 nan 0.125 0.5 -1.0 1.0 340.968333090341 340.96936632034095 341.22747384034125 340.42765383034043 342.79027452921105 341.0924540103411 1.0 341.0924540103411 1.0 1
75 0.25 nan 0.5 1.0 1.0 344.51807808034454 344.5189779903445 349.9295035503499 343.2073758303432 351.48990322405456 344.957800770345 -1.0 349.7917839903498 -1.0 3
76 nan 0.125 0.5 -1.0 1.0 354.3843913503544 354.38515794035436 354.7969167603548 351.93880260035195 356.36810624734903 354.5632068003546 1.0 354.5632068003546 1.0 1
77 nan 1.0 0.5 -1.0 1.0 357.45618414035744 357.4570840503575 357.6827948103577 356.90860557035694 359.2568280657394 357.5712059703576 1.0 357.5712059703576 1.0 1
78 0.125 nan 0.5 -1.0 -1.0 360.23443962036026 360.23537286036026 360.4060557903604 359.66752965035965 362.97312555280524 360.1650798903602 1.0 360.1650798903602 1.0 1
79 nan 1.0 0.5 -1.0 1.0 363.9013728903639 363.9023061303639 364.2218408403642 363.4027227603634 365.78954116388957 364.0644565803641 1.0 364.0644565803641 1.0 1
80 0.25 nan 0.5 1.0 1.0 367.25137119036725 367.25227110036724 371.8971399003719 366.2095420503662 373.45104384261265 371.77341894037176 -1.0 371.77341894037176 -1.0 1
81 nan 0.0625 0.5 -1.0 1.0 374.5062123003745 374.5071455403745 375.72995658037576 373.8776418303739 377.289258561951 374.4900472503745 1.0 375.5762052903756 1.0 4
82 nan 1.0 0.5 -1.0 1.0 378.40085613037843 378.4017227103784 378.6829612503787 377.7009594603777 380.25056321477206 378.53697585037855 1.0 378.53697585037855 1.0 1
83 nan 1.0 0.5 -1.0 1.0 381.32296389038135 381.3240304503813 381.54397512038156 380.6801615103807 383.1007779529321 381.4006561203814 1.0 381.4006561203814 1.0 1
84 0.125 nan 0.5 1.0 1.0 384.13911558038416 384.13998216038414 384.55347414038454 383.5109784003835 386.1228759582013 384.23117304038425 1.0 384.23117304038425 1.0 1
85 nan 0.0625 0.5 -1.0 1.0 387.6670960803877 387.6682626303877 387.95176761038795 386.5625732103866 389.5174990680613 387.82244721038785 1.0 387.82244721038785 1.0 1
86 0.125 nan 0.5 1.0 1.0 390.55597383039054 390.5568737403906 391.3018992303913 389.95500060038995 392.87260230237206 390.7240236903907 1.0 391.1896104603912 -1.0 3
87 1.0 nan 0.5 1.0 1.0 394.68372768039467 394.6847942403947 394.91670438039495 393.2800014003933 396.484307364299 394.8229804203948 -1.0 394.8229804203948 -1.0 1
88 nan 0.25 0.5 -1.0 1.0 397.8057154503978 397.8067486803978 398.1557137803982 396.9015058803969 399.7221149147742 397.71459123039773 1.0 398.04245844039804 1.0 2
89 0.0625 nan 0.5 -1.0 -1.0 400.91747091040094 400.9183708204009 402.2170076104022 400.15341399040017 404.7889097610717 401.1109182304011 1.0 401.1109182304011 1.0 1
90 0.25 nan 0.2 1.0 1.0 405.8670759004059 405.8679424804059 406.63963197040664 405.22100718040525 408.20073033156604 406.15041423040617 -1.0 406.5276431704065 -1.0 2
91 nan 0.0625 0.2 -1.0 1.0 409.1060519704091 409.1068852204091 410.0665225804101 408.64433148040865 411.6386250295272 409.2989993404093 1.0 409.9323026704099 1.0 2
92 nan 0.0 0.2 -1.0 1.0 412.8001491904128 412.8011490904128 413.0930532304131 412.07412180041206 414.65015114030047 412.97509836041297 1.0 412.97509836041297 1.0 1
93 nan 1.0 0.2 -1.0 1.0 416.33836200041634 416.33939523041636 416.5774380904166 415.08735378041507 418.13324234518444 416.47634820041645 1.0 416.47634820041645 1.0 1
94 nan 1.0 0.2 -1.0 1.0 420.00566190042 420.00666180042003 420.2380719904202 418.5741384004186 421.78377124827784 420.14698110042013 1.0 420.14698110042013 1.0 1
95 nan 0.0625 0.2 -1.0 1.0 424.8050485804248 424.8059818204248 424.996762740425 422.2230734704222 426.5386677140411 424.7275896604247 1.0 424.7275896604247 1.0 1
96 nan 0.125 0.2 -1.0 1.0 428.3334290404283 428.33452893042835 430.66899546043066 426.97466493042697 432.21688318224943 428.42468658042844 1.0 430.5234766804305 1.0 4
97 nan 1.0 0.2 -1.0 1.0 433.93850181043393 433.93943505043393 434.27840115043426 432.7936829704328 435.8221020930684 434.0606229304341 1.0 434.0606229304341 1.0 1
98 nan 1.0 0.2 -1.0 1.0 436.8001822804368 436.8010488604368 437.05049058043704 436.2638025904363 438.60009557741097 436.9286694304369 1.0 436.9286694304369 1.0 1
99 nan 0.25 0.2 -1.0 1.0 440.47174842044046 440.47271499044047 440.7160906504407 439.024893120439 442.2669235256482 440.6094679804406 1.0 440.6094679804406 1.0 1
100 nan 0.0 0.2 -1.0 1.0 445.38842337044537 445.3895565904454 445.73402214044575 442.7023253404427 447.2831240655218 445.5337421704455 1.0 445.5337421704455 1.0 1
101 nan 1.0 0.2 -1.0 1.0 449.3046650404493 449.3054982904493 449.51921025044953 447.7378217404477 451.08834209270896 449.43121905044944 1.0 449.43121905044944 1.0 1
102 nan 0.125 0.2 -1.0 1.0 453.4163205004534 453.4174203904534 453.63213225045365 451.5297425104515 455.1828383749827 453.5396748304535 1.0 453.5396748304535 1.0 1
103 nan 0.125 0.2 -1.0 1.0 457.4210866504574 457.4220198904574 457.63193223045766 455.6204334004556 459.1880352488854 457.5021452104575 1.0 457.5021452104575 1.0 1
104 nan 0.0 0.2 -1.0 1.0 461.0495571004611 461.05062366046104 461.2965657304613 459.62173323045965 462.8545638229804 461.1887431804612 1.0 461.1887431804612 1.0 1
105 nan 0.25 0.2 -1.0 1.0 464.8331787004648 464.83421193046485 465.27326802046525 463.2963657304633 466.83286856137715 464.979997350465 1.0 464.979997350465 1.0 1
106 0.0625 nan 0.2 -1.0 -1.0 467.987729880468 467.988829770468 473.23340526047326 467.27536779046727 475.7876043685379 473.1164502904731 1.0 473.1164502904731 1.0 1
107 nan 1.0 0.2 -1.0 1.0 476.8660752904769 476.8670085304769 477.23910465047726 476.24350422047627 478.799305459267 477.00229500047703 1.0 477.00229500047703 1.0 1
108 nan 0.0625 0.2 -1.0 1.0 479.8879730704799 479.88897297047987 481.5970021504816 479.24040450047926 483.1544205237455 480.05725614048004 1.0 481.4718813304815 1.0 3
109 1.0 nan 0.2 1.0 1.0 486.2826668704863 486.2835334504863 486.6167001304866 483.74522064048375 488.1655340478722 486.44935020048644 -1.0 486.44935020048644 -1.0 1
110 nan 0.25 0.2 -1.0 1.0 489.2876663404893 489.28849959048927 489.54540723048956 488.6082342904886 491.10434198434086 489.43151862048944 1.0 489.43151862048944 1.0 1
111 nan 0.125 0.2 -1.0 1.0 492.1154835304921 492.1164501004921 495.4532497204955 491.5410409804916 497.01594907048815 492.2005750204922 1.0 492.2005750204922 1.0 1
112 nan 1.0 0.2 -1.0 1.0 497.95399962049794 497.95499952049795 498.2318385004982 497.4744475804975 499.78234258075344 498.06982137049806 1.0 498.06982137049806 1.0 1
113 nan 0.25 0.2 -1.0 1.0 500.8205796005008 500.82161283050084 501.34236075050137 500.22423924050025 502.90395981014143 501.010693920501 1.0 501.27366762050127 1.0 2
114 nan 0.25 0.2 -1.0 1.0 504.16574505050414 504.1669116005042 504.51474348050454 503.34126084050337 506.065376910979 504.3256623905043 1.0 504.3256623905043 1.0 1
115 nan 0.0 0.2 -1.0 1.0 506.987262870507 506.988196110507 507.26846808050726 506.51057721050654 508.83177090881003 507.04122414050704 1.0 507.04122414050704 1.0 1
116 nan 1.0 0.2 -1.0 1.0 509.9037045305099 509.9048044205099 510.1050843905101 509.2758673205093 511.66508412244997 510.00422781051003 1.0 510.00422781051003 1.0 1
117 nan 0.25 0.2 -1.0 1.0 514.2205061405142 514.2214060505142 514.4704811405145 512.1005848205122 516.0321817774742 514.3429938905143 1.0 514.3429938905143 1.0 1
118 nan 0.0625 0.2 -1.0 1.0 517.5037111205176 517.5046776905175 522.2565024605223 516.4897791905165 523.8148006880137 521.926035510522 1.0 521.926035510522 1.0 1
119 nan 0.125 0.2 -1.0 1.0 525.3368610605254 525.3378942905254 525.6380976005256 524.2815999305243 527.2040267855726 525.4868127305255 1.0 525.4868127305255 1.0 1
120 0.0 nan 0.2 -1.0 -1.0 529.4819798405294 529.4828130905295 529.9791301205299 527.6499297305277 532.5368441383713 529.6744939205297 1.0 529.6744939205297 1.0 1
121 nan 0.0 0.2 -1.0 1.0 533.6647615205337 533.6657280905337 534.3856227605344 533.1757437605332 535.9317269538251 534.1444802105342 1.0 534.1444802105342 1.0 1
122 nan 1.0 0.2 -1.0 1.0 536.936800950537 536.9377008605369 537.1810431905371 536.3826230405364 538.7313416660692 537.0550891205371 1.0 537.0550891205371 1.0 1
123 0.0625 nan 0.8 -1.0 -1.0 539.90290431054 539.9039708705399 540.3892890005404 539.1840428705392 542.9531556524438 540.1334479205401 1.0 540.1334479205401 1.0 1
124 0.25 nan 0.8 1.0 1.0 544.1315814005442 544.1325813005442 544.4421503405445 543.3964549205434 545.9980528735526 544.3078304405443 -1.0 544.3078304405443 -1.0 1
125 0.0 nan 0.8 1.0 1.0 547.936067580548 547.9371674705479 554.5431734705545 546.4435501805465 556.1028725610457 548.1305148005481 1.0 554.3227288505543 -1.0 2
126 0.125 nan 0.8 1.0 1.0 557.1814096205571 557.1823428605572 557.6951915705577 556.5623715305566 559.2528902315275 557.4253518905574 -1.0 557.4253518905574 -1.0 1
127 nan 0.0 0.8 -1.0 1.0 560.1811762805602 560.1819428705602 568.3816228205684 559.7005910105597 569.9313217960446 560.7751835405608 1.0 560.7751835405608 1.0 1
128 0.0625 nan 0.8 -1.0 -1.0 574.9029039605749 574.903737210575 575.4113531105754 570.3985211105704 577.9698513587506 575.2715337605753 1.0 575.2715337605753 1.0 1
129 0.0625 nan 0.8 -1.0 -1.0 578.8974711305789 578.8983043805789 579.1453130105791 578.4313510805785 581.7023475634192 579.034890720579 1.0 579.034890720579 1.0 1
130 0.25 nan 0.8 1.0 1.0 582.7304544605828 582.7316210105828 582.981962640583 582.1605447905822 584.5311608700378 582.8832058505828 -1.0 582.8832058505828 -1.0 1
131 1.0 nan 0.8 1.0 1.0 585.6357972305857 585.6368637905856 585.927868020586 584.9808627305849 587.4861687615422 585.7877153705858 -1.0 585.7877153705858 -1.0 1
132 1.0 nan 0.8 1.0 1.0 589.1640777005891 589.1651442605892 589.4165524505894 587.933067480588 590.9638860809247 589.3133961005893 -1.0 589.3133961005893 -1.0 1
133 1.0 nan 0.8 1.0 1.0 592.5694038005926 592.5704370305925 592.8163791005928 591.4308843305914 594.3635961773695 592.7004906905927 -1.0 592.7004906905927 -1.0 1
134 0.125 nan 0.8 1.0 1.0 595.6353638405957 595.6363970705956 595.927167990596 594.9780962405949 597.4803032868693 595.7740166405957 -1.0 595.7740166405957 -1.0 1
135 nan 0.0625 0.8 -1.0 1.0 598.4359170905984 598.4369836505984 598.8633076805988 597.9185021705979 600.4189080990416 598.4381168705985 1.0 598.4381168705985 1.0 1
136 0.25 nan 0.8 1.0 1.0 601.4139525906014 601.4149191606015 601.7105895906017 600.8718068106009 603.26369272412 601.5711035406016 -1.0 601.5711035406016 -1.0 1
137 1.0 nan 0.8 1.0 1.0 604.3354604106044 604.3365269706044 604.6383967806047 603.7176888606037 606.1807993745555 604.4785461006045 -1.0 604.4785461006045 -1.0 1
138 0.125 nan 0.8 1.0 1.0 607.2355037106072 607.2365036106072 607.5199086006076 606.6285977406067 609.0688097856598 607.3972542006074 -1.0 607.3972542006074 -1.0 1
139 0.25 nan 0.8 1.0 1.0 610.0305241806101 610.03142409061 610.3131292506104 609.5097096006095 611.8687284073006 610.1861419506101 -1.0 610.1861419506101 -1.0 1
140 0.25 nan 0.8 1.0 1.0 612.897004170613 612.8980707306129 613.2226382706132 612.3099295506123 614.7802372717931 613.0518553506131 -1.0 613.0518553506131 -1.0 1
141 1.0 nan 0.8 1.0 1.0 617.5023769206175 617.5033101606175 617.7616509906178 615.2417363406153 619.3135498620477 617.6447626806176 -1.0 617.6447626806176 -1.0 1
142 0.25 nan 0.8 -1.0 -1.0 620.8686069306209 620.8696068306209 621.1535784306211 619.7795491806198 623.7018459008057 620.969030220621 1.0 620.969030220621 1.0 1
143 nan 0.125 0.8 -1.0 1.0 624.6798924306247 624.6808590006247 625.4901447306255 624.1602444006242 627.0522736024126 625.2724998306253 1.0 625.2724998306253 1.0 1
144 0.0 nan 0.8 1.0 1.0 628.1466790506281 628.1478122706282 635.2555680906353 627.5113759206275 636.8014994914777 628.2819321906283 1.0 635.079152400635 -1.0 4
145 nan 0.25 0.8 -1.0 1.0 639.8964372906399 639.8972705406399 640.3769892306403 637.2834986106373 641.9349893441224 640.06435383064 1.0 640.06435383064 1.0 1
146 0.25 nan 0.8 1.0 1.0 643.4799122406434 643.4808788106435 643.7624173206437 642.4070862006424 645.3130123472857 643.6306971606436 -1.0 643.6306971606436 -1.0 1
147 0.125 nan 0.8 -1.0 -1.0 646.5019433406466 646.5028099206465 653.2040397306532 645.7814154006458 655.746019662575 653.0411226906531 1.0 653.0411226906531 1.0 1
148 0.125 nan 0.8 1.0 1.0 657.2013732906572 657.2023065306572 657.8122455306578 656.4122188806564 659.3624430640604 657.3093291606573 1.0 657.3093291606573 1.0 1
149 0.0625 nan 0.8 -1.0 -1.0 660.4843116306605 660.4852448706605 663.4445155806635 659.8221445206598 666.0011459937689 660.8040129906608 1.0 663.3476252706633 1.0 2
150 0.0625 nan 0.8 1.0 1.0 667.2630336906673 667.2641335806672 672.5525713506726 666.4830450306665 674.0959677085267 672.2846981406723 1.0 672.4447821306725 -1.0 2
151 1.0 nan 0.8 1.0 1.0 675.8509081506759 675.8519747106759 676.0967835606762 674.5848681006746 677.6513817696906 675.9803285406759 -1.0 675.9803285406759 -1.0 1
152 0.125 nan 0.8 1.0 1.0 678.7294202706787 678.7302535206787 679.4315833806794 678.1167815406782 680.9841838248635 678.952931250679 -1.0 679.3732225506794 -1.0 2
153 1.0 nan 0.8 1.0 1.0 682.7620836306828 682.7632168506827 683.0621869506831 681.4464818706815 684.6176156392754 682.920101160683 -1.0 682.920101160683 -1.0 1
154 0.0625 nan 0.8 1.0 1.0 685.7959802106858 685.7968134606858 686.3489915706864 685.081918290685 687.8953226648898 686.1281469906861 -1.0 686.1281469906861 -1.0 1
155 0.25 nan 0.8 1.0 1.0 689.017091400689 689.018091300689 689.6609270106896 688.3754222406884 691.2124268347769 689.1526445106891 -1.0 689.5690028706896 -1.0 2
156 1.0 nan 0.8 1.0 1.0 692.2009396506922 692.2020395406922 692.4940103406925 691.6782252606916 694.0453403397322 692.3390258406923 -1.0 692.3390258406923 -1.0 1
157 0.125 nan 0.8 1.0 1.0 695.034156300695 695.0349895506951 695.3869210206954 694.5095421006945 696.9334252540875 695.1670430106951 1.0 695.1670430106951 1.0 1
158 nan 0.0625 0.8 1.0 -1.0 697.9124017806979 697.913301690698 708.7537842007088 697.4007196206974 711.2954780150684 698.071452540698 1.0 708.7365525907087 -1.0 5
159 0.125 nan 0.8 1.0 1.0 712.4169845107124 712.4180510707124 731.5723354507315 711.8142781207118 733.1335263841272 712.6168978507126 -1.0 731.3619231607314 -1.0 9
160 1.0 nan 0.8 1.0 1.0 734.1451114807342 734.1460113907342 734.3919201307344 733.6711255507337 735.9447201670363 734.2837976107343 -1.0 734.2837976107343 -1.0 1
161 nan 0.125 0.8 -1.0 1.0 737.0501209507371 737.050954200737 738.0364223107381 736.4270166007365 739.6002489939291 737.2209372007372 1.0 737.7404852407377 -1.0 3
162 0.125 nan 0.8 1.0 1.0 740.5616364307406 740.5625696707406 740.8880371207409 740.0770515607401 742.4451488081415 740.7683490907408 -1.0 740.7683490907408 -1.0 1
163 0.0 nan 0.8 -1.0 -1.0 744.2665659007442 744.2674991407442 744.8054786707448 743.1250467307432 747.3616732769865 744.6611264407446 1.0 744.6611264407446 1.0 1
164 0.125 nan 0.8 1.0 1.0 748.6335624907487 748.6344290707486 749.012157960749 747.8507741107478 750.5836577140935 748.8383420107489 -1.0 748.8383420107489 -1.0 1
165 0.25 nan 0.8 1.0 1.0 752.1446446807522 752.1457112407521 752.4057852307524 751.066952460751 753.9662784942753 752.3019956107523 -1.0 752.3019956107523 -1.0 1
166 0.125 nan 0.8 1.0 1.0 755.4280163107554 755.4290162107554 765.4940096107655 754.4418816007544 767.0613028103257 755.6999224507557 -1.0 765.3971526307654 -1.0 3
167 nan 0.125 0.8 1.0 -1.0 768.0661190407681 768.0670856107681 768.5494373707686 767.5740015907676 771.1160305024164 768.2256364207682 -1.0 768.4987091107685 -1.0 2
168 0.25 nan 0.8 1.0 1.0 772.3110945007724 772.3120277407724 772.6052317507726 771.5904332407716 774.1658299270536 772.4965092907725 -1.0 772.4965092907725 -1.0 1
169 0.0 nan 0.8 -1.0 -1.0 777.0770178607771 777.0779511007771 778.8496405807789 774.6412281307746 781.4158330909058 777.5429046007775 1.0 778.8461742607789 1.0 2
170 0.0 nan 0.8 -1.0 -1.0 782.5106411107826 782.5115743507826 783.8135774707838 781.9419313207819 786.3771688659117 783.6889566007837 1.0 783.6889566007837 1.0 1
171 nan 0.125 0.8 -1.0 1.0 787.3827205207874 787.3837537507874 787.7092545307877 786.8595728407869 789.2657565433713 787.6151972707876 1.0 787.6151972707876 1.0 1
172 0.0625 nan 0.8 -1.0 -1.0 791.8107776707918 791.8117109107918 792.0846836107921 789.7432511107897 794.6490773140958 791.978860860792 1.0 791.978860860792 1.0 1
173 nan 0.125 0.8 -1.0 1.0 795.6274293007956 795.6282958807957 796.1478772507961 795.1429777507951 797.7104765165224 795.9436310107959 1.0 795.9436310107959 1.0 1
174 0.125 nan 0.8 1.0 1.0 798.7160537407988 798.7169203207987 799.1993054107992 798.1929727207983 800.7652985699584 798.913567320799 -1.0 798.913567320799 -1.0 1
175 1.0 nan 0.8 1.0 1.0 801.7436176208017 801.7445175308018 802.004291550802 801.2432010008013 803.5599919857528 801.8730380108019 -1.0 801.8730380108019 -1.0 1
176 nan 0.0 0.8 1.0 -1.0 805.031955420805 805.0327886708051 818.4909093908185 804.0426876908041 821.0437341724129 811.4655120008115 -1.0 818.3754209408183 -1.0 2
177 nan 1.0 0.8 -1.0 1.0 822.2986285808223 822.2994951608223 822.5914659608226 821.5820335808216 824.1436413573794 822.4466804408224 1.0 822.4466804408224 1.0 1
178 1.0 nan 0.8 1.0 1.0 825.4316485808255 825.4327818008254 825.967161690826 824.8291421708249 827.5264567932521 825.5918325608257 -1.0 825.9108673208259 -1.0 2
179 1.0 nan 0.8 1.0 1.0 828.4981419008285 828.4990751408285 828.7450505408287 828.013157070828 830.2982787186374 828.6288288308286 -1.0 828.6288288308286 -1.0 1
180 0.0 nan 0.8 -1.0 -1.0 831.3768540008314 831.3776872508314 831.964328580832 830.7753808208308 834.5265900941113 831.7743809108318 1.0 831.7743809108318 1.0 1
181 0.0625 nan 0.8 1.0 1.0 835.6982218208357 835.6992550508357 836.0605855808361 835.014790170835 837.6148838800493 835.9376978708359 -1.0 835.9376978708359 -1.0 1
182 0.0625 nan 0.8 -1.0 -1.0 838.7763806408387 838.7772138908388 839.4465469508394 838.1132802908381 841.9980072214008 839.1958720208393 1.0 839.3753540708394 1.0 2
183 0.0625 nan 0.8 1.0 1.0 843.1433105708431 843.1444771208431 843.8444071208438 842.4981084308425 845.3930063378403 843.5012747708436 -1.0 843.5012747708436 -1.0 1
184 nan 1.0 0.8 -1.0 1.0 847.2148033808472 847.2157366208472 847.4291152808474 845.8789036508459 848.9814117424762 847.3469235008473 1.0 847.3469235008473 1.0 1
185 1.0 nan 0.8 1.0 1.0 850.1760405608502 850.1770404608502 850.983326490851 849.4746107108494 852.5431214211945 850.3320582908503 -1.0 850.3320582908503 -1.0 1
186 0.0625 nan 0.8 -1.0 -1.0 853.7310516908537 853.7319516008538 854.029288530854 853.0397208308531 856.5760488167142 853.8889025708539 1.0 853.8889025708539 1.0 1
187 0.0625 nan 0.8 1.0 1.0 857.5312049708575 857.5322382008576 871.054485840871 857.076050490857 872.6092770502877 863.2909956008633 -1.0 870.8717374508709 -1.0 5
188 0.25 nan 0.8 1.0 1.0 873.8309415008738 873.8319414008738 874.2938952008743 873.1535759108732 875.8424898677307 873.997858140874 -1.0 874.2092703308742 -1.0 2
189 1.0 nan 0.8 1.0 1.0 877.1641748108772 877.1652080408771 877.4017843808774 876.3446901008764 878.9642820245178 877.2801632108773 -1.0 877.2801632108773 -1.0 1
190 nan 1.0 0.8 -1.0 1.0 880.3591552808804 880.3601551808804 880.8079104008808 879.4643781008795 882.3640035305419 880.5070404908805 1.0 880.5070404908805 1.0 1
191 0.25 nan 0.8 -1.0 -1.0 883.4586786308835 883.4597785208834 890.7589818608908 882.8566055108829 893.3085421580822 890.2624315208902 1.0 890.2624315208902 1.0 1
192 1.0 nan 0.8 1.0 1.0 894.3472896608944 894.3482229008944 894.6285282008946 893.8252418708938 896.1803292182904 894.4943749508946 -1.0 894.4943749508946 -1.0 1
193 nan 0.0 0.8 1.0 -1.0 897.1750735208972 897.1761734108971 897.4791764408975 896.6685241808967 900.0305367272364 897.3242586008973 -1.0 897.3242586008973 -1.0 1
194 nan 1.0 0.8 -1.0 1.0 901.1250118209011 901.1261117109011 901.4232486609014 900.5353374609006 902.9756531225119 901.2726637209013 1.0 901.2726637209013 1.0 1
195 0.125 nan 0.8 -1.0 -1.0 904.7804795709048 904.7813794809048 908.6323276809086 903.6916551309037 911.1803860876364 904.994358180905 -1.0 908.4903752109085 1.0 3
196 0.25 nan 0.8 -1.0 -1.0 915.4251483309155 915.4261815609154 919.0695171909191 911.7139861509118 921.6135044442628 918.062651220918 1.0 918.9280313409189 1.0 2
197 1.0 nan 0.8 1.0 1.0 927.5082399009275 927.5093064609275 927.7719135309278 922.2069034209222 929.3300335897156 927.6394934409276 -1.0 927.6394934409276 -1.0 1
198 0.25 nan 0.8 -1.0 -1.0 930.7752131709308 930.7762464009307 939.3087597309393 929.90183385093 941.8629505809236 939.1949044509392 1.0 939.1949044509392 1.0 1
199 0.0625 nan 0.8 1.0 1.0 942.974859750943 942.976026300943 943.8270411909439 942.4028502909424 945.3794687314796 943.3401898809434 -1.0 943.7903448609438 -1.0 3
200 0.0625 nan 0.8 -1.0 -1.0 947.5410030909476 947.5419363309476 947.7445827309477 945.8772694809459 950.2959759841928 947.6523919509476 1.0 947.6523919509476 1.0 1
201 0.125 nan 0.8 -1.0 -1.0 951.3413230209513 951.3421896009513 951.4301808009515 950.8152756309509 953.9743759774476 951.3130258509514 1.0 951.3130258509514 1.0 1
202 1.0 nan 0.8 1.0 1.0 955.5293041809556 955.5304374009555 956.0125891809561 954.4891748709545 957.5628842453012 955.7852452509558 -1.0 955.7852452509558 -1.0 1
203 0.125 nan 0.8 -1.0 -1.0 959.1577746309591 959.1587078709591 959.4410463009594 958.069583460958 961.9959065540958 959.3254245309594 1.0 959.3254245309594 1.0 1
204 0.125 nan 0.8 1.0 1.0 963.1077129309631 963.1086461709631 967.1560080609671 962.4979072509625 968.7125338018448 966.4874415909665 -1.0 966.5757327609666 -1.0 2
205 0.25 nan 0.8 1.0 1.0 971.5075395309715 971.5085061009715 972.1933376109722 969.2312338509693 973.7625308139033 971.7078195009717 -1.0 971.7078195009717 -1.0 1
206 1.0 nan 0.8 1.0 1.0 975.7235845509757 975.7244178009757 975.9550280709759 974.2869282309742 977.5077533624743 975.8580377709759 -1.0 975.8580377709759 -1.0 1
207 1.0 nan 0.8 1.0 1.0 978.4959072909785 978.4967072109785 978.8344401009789 978.0185550309781 980.379140475575 978.6500252109787 -1.0 978.6500252109787 -1.0 1
208 0.0625 nan 0.8 -1.0 -1.0 981.4073494509814 981.4083160209814 981.7956439509818 980.8730362209809 984.3401693144273 981.5534681709815 1.0 981.5534681709815 1.0 1
209 nan 0.25 0.2 -1.0 1.0 985.5123055809855 985.5132388209855 985.8403727709858 984.8493718809849 987.3951700936366 985.6885212909857 1.0 985.6885212909857 1.0 1
210 nan 0.25 0.2 -1.0 1.0 989.7571143909897 989.7581809509898 989.98165860099 987.8943673509879 991.5289859281237 989.88193524099 1.0 989.88193524099 1.0 1
211 nan 0.0625 0.2 -1.0 1.0 993.023987670993 993.025120890993 993.2625971409933 992.0382862509921 994.8070985459673 993.1453755309932 1.0 993.1453755309932 1.0 1
212 nan 0.0 0.2 -1.0 1.0 1001.4285804610014 1001.4296470210014 1001.6181948310016 995.5609006209955 1003.1738184287564 1001.4942072310015 1.0 1001.4942072310015 1.0 1
213 nan 0.125 0.2 -1.0 1.0 1006.2452654110062 1006.2462319810063 1006.4900076010065 1003.7239175710038 1008.0569319533062 1006.3747857910064 1.0 1006.3747857910064 1.0 1
214 nan 0.25 0.2 -1.0 1.0 1010.5453020310106 1010.5461352810106 1010.8794352810108 1008.5845314610086 1012.4448291136753 1010.6959536310108 1.0 1010.6959536310108 1.0 1
215 nan 0.125 0.2 -1.0 1.0 1013.6733891910137 1013.6744224210137 1013.7687463210137 1012.9553276710129 1015.3237391981725 1013.6557242910137 1.0 1013.6557242910137 1.0 1
216 nan 0.0625 0.2 -1.0 1.0 1017.5281370110175 1017.5290369210176 1017.7970434510178 1015.8390392710158 1019.3616367499585 1017.5000064910175 1.0 1017.7035194710177 1.0 2
217 0.125 nan 0.2 -1.0 -1.0 1021.8396391510219 1021.8406057210218 1022.1456085510222 1019.8906340710199 1024.711863718963 1021.962893491022 1.0 1021.962893491022 1.0 1
218 nan 1.0 0.2 -1.0 1.0 1025.7397491010258 1025.7405490210258 1025.982858121026 1025.2389658510253 1027.5450839296454 1025.879101831026 1.0 1025.879101831026 1.0 1
219 nan 0.0 0.2 -1.0 1.0 1031.1400090210311 1031.141108911031 1031.3817848410315 1028.0545842610281 1032.9400776571351 1031.2538643010312 1.0 1031.2538643010312 1.0 1
220 0.0625 nan 0.2 -1.0 -1.0 1038.1944368410382 1038.1953367510382 1038.4667096110384 1033.4829747010335 1041.0230976550695 1038.3236239210382 1.0 1038.3236239210382 1.0 1
221 nan 0.0625 0.2 -1.0 1.0 1042.0777818010422 1042.078648381042 1042.4070155410425 1041.5901972310417 1043.9776074643166 1042.2666629110422 1.0 1042.2666629110422 1.0 1
222 nan 0.125 0.2 -1.0 1.0 1045.0727156110452 1045.073882161045 1045.3244237710453 1044.4899072310445 1046.8899145623982 1045.2174011410452 1.0 1045.2174011410452 1.0 1
223 nan 0.0625 0.2 -1.0 1.0 1051.1613733510512 1051.1625065710512 1051.3343227210514 1047.4125149410474 1052.8896445405087 1051.2179343610512 1.0 1051.2179343610512 1.0 1
224 0.125 nan 0.2 1.0 1.0 1054.0113216610541 1054.012421551054 1054.5660328510546 1053.4414453210534 1056.1226583252399 1054.160273431054 1.0 1054.3978830010544 -1.0 2
225 nan 0.125 0.2 -1.0 1.0 1057.7943099910578 1057.7954098810578 1058.2274333410583 1056.6430584610566 1059.7895589918096 1057.963726381058 1.0 1057.963726381058 1.0 1
226 nan 0.125 0.2 -1.0 1.0 1061.3443216210615 1061.3452881910614 1061.5933633810616 1060.3265567410604 1063.1607558290966 1061.4842409610615 1.0 1061.4842409610615 1.0 1
227 nan 0.125 0.2 -1.0 1.0 1064.2057354510641 1064.2069020010642 1064.5244702410646 1063.6941532810638 1066.089260793103 1064.3265900310644 1.0 1064.3265900310644 1.0 1
228 nan 0.125 0.2 -1.0 1.0 1067.094113251067 1067.095179811067 1067.3284564810674 1066.6144612210667 1068.8893794634043 1067.2070019610671 1.0 1067.2070019610671 1.0 1
229 1.0 nan 0.2 1.0 1.0 1072.2940932010722 1072.2950931010723 1072.6273932010727 1069.4142812110695 1074.1887850354958 1072.4345124910724 -1.0 1072.4345124910724 -1.0 1
230 nan 0.25 0.2 -1.0 1.0 1075.3606198510754 1075.3617197410754 1075.866202621076 1074.7267832410748 1077.4270993214561 1075.5129046210754 1.0 1075.782377671076 1.0 2
231 nan 0.25 0.2 -1.0 1.0 1078.7557803010789 1078.7566468810787 1079.0492176210792 1078.2114014110782 1080.6103103391392 1078.914797731079 1.0 1078.914797731079 1.0 1
232 nan 0.125 0.2 -1.0 1.0 1082.3718519910824 1082.3729185510824 1082.7445147210829 1081.126909831081 1084.3106064462695 1082.5511007310827 1.0 1082.5511007310827 1.0 1
233 nan 0.25 0.2 -1.0 1.0 1089.1219769110892 1089.122810161089 1089.4372453810895 1084.844404711085 1090.9886342061543 1089.3082916110893 1.0 1089.3082916110893 1.0 1
234 0.25 nan 0.8 -1.0 -1.0 1093.3270896910933 1093.3280562610933 1093.6527237910936 1091.5439346910916 1096.205047594831 1093.4550102310934 1.0 1093.4550102310934 1.0 1
235 nan 0.0625 0.8 -1.0 1.0 1099.5936296410996 1099.5945962110995 1099.8698686811 1096.7439479710968 1101.4265585733683 1099.7326490710998 1.0 1099.7326490710998 1.0 1
236 0.0 nan 0.8 -1.0 -1.0 1104.055316761104 1104.056183341104 1107.8344721411079 1101.980557591102 1110.3884944582692 1104.5775978611046 -1.0 1107.7034185811078 1.0 3
237 nan 0.125 0.8 -1.0 1.0 1113.143041231113 1113.1440411311132 1113.5466008711135 1110.941394751111 1115.1045922849937 1113.3343554311134 1.0 1113.3343554311134 1.0 1
238 nan 0.0625 0.8 -1.0 1.0 1116.3100578311164 1116.3109577411162 1116.6985856411168 1115.6581896911157 1118.255108931789 1116.4652756411165 1.0 1116.4652756411165 1.0 1
239 0.0625 nan 0.8 -1.0 -1.0 1119.3262561811193 1119.3272560811192 1119.5872634111197 1118.7837104411187 1122.1432208971403 1119.4363785011194 1.0 1119.4363785011194 1.0 1
240 1.0 nan 0.8 1.0 1.0 1123.2545633111233 1123.2555298811233 1123.827506011124 1122.6851202611226 1125.3931284270068 1123.5790641911235 -1.0 1123.5790641911235 -1.0 1
241 0.25 nan 0.8 1.0 1.0 1126.971091621127 1126.972124851127 1135.4463440111354 1125.9439276811258 1137.0047634128223 1127.1614059211272 -1.0 1135.3222564211353 -1.0 2
242 nan 0.125 0.8 -1.0 1.0 1138.109677651138 1138.1105775611381 1138.7375481911388 1137.5774642111376 1140.287972459297 1138.3146238211384 1.0 1138.6104275711386 1.0 2
243 0.0 nan 0.8 -1.0 -1.0 1141.7099175911417 1141.7108508311417 1142.1321753611421 1140.8353717211407 1144.6927682534492 1141.918296751142 1.0 1141.918296751142 1.0 1
244 0.0625 nan 0.8 -1.0 -1.0 1146.1877364311463 1146.1887696611461 1146.6477904211467 1145.2305654911452 1149.2092794988448 1146.4513434011465 1.0 1146.4513434011465 1.0 1
245 0.0 nan 0.8 -1.0 -1.0 1150.9040314211509 1150.905031321151 1151.2733611511512 1149.7600791611499 1153.8206864683236 1151.088179671151 1.0 1151.088179671151 1.0 1
246 0.25 nan 0.8 1.0 1.0 1154.8261725011548 1154.8269724211548 1155.2914926311553 1154.3660851811544 1156.8426864157068 1155.1755375611551 -1.0 1155.1755375611551 -1.0 1
247 0.0625 nan 0.8 -1.0 -1.0 1158.6543229811587 1158.6552228911587 1158.961558921159 1157.3750842511574 1161.5260125800276 1158.6786205511587 -1.0 1158.8186732111587 1.0 2
248 0.25 nan 0.8 1.0 1.0 1162.6710212711628 1162.6721544911627 1163.013720331163 1162.0764140711622 1164.5759121910712 1162.878533851163 -1.0 1162.878533851163 -1.0 1
249 1.0 nan 0.8 1.0 1.0 1165.6041279311655 1165.6051278311656 1165.9226294111659 1165.1234093411651 1167.4709194797786 1165.7370813011657 -1.0 1165.7370813011657 -1.0 1
250 nan 0.0625 0.8 -1.0 1.0 1168.7258490611687 1168.7267156411688 1169.1981351611691 1168.010720581168 1170.7588260375878 1168.889732671169 -1.0 1168.889732671169 -1.0 1
251 0.125 nan 0.8 1.0 1.0 1172.2871262311724 1172.2879928111722 1177.969157971178 1171.3023247211713 1179.5205463827688 1172.4175131911725 1.0 1177.951326421178 -1.0 2
252 nan 0.0625 0.8 -1.0 1.0 1180.958992291181 1180.959858871181 1181.2607621111813 1180.08074679118 1182.8207521278794 1181.1068441711811 1.0 1181.1068441711811 1.0 1
253 0.0625 nan 0.8 -1.0 -1.0 1185.1757705711852 1185.1767704711851 1185.3727842011854 1183.3736508011834 1187.9205727374947 1185.2813266811852 1.0 1185.2813266811852 1.0 1
254 0.25 nan 0.8 -1.0 -1.0 1189.8255055511897 1189.8263721311898 1190.3610186611904 1188.4824732011884 1192.9253046682586 1190.03331810119 -1.0 1190.03331810119 -1.0 1
255 nan 0.25 0.8 -1.0 1.0 1194.1368410411942 1194.1379409311942 1194.4199127311945 1193.4836063711934 1195.9756040205996 1194.2860594511942 1.0 1194.2860594511942 1.0 1
256 0.125 nan 0.8 1.0 1.0 1197.3537193211973 1197.3545525711975 1197.7033176911978 1196.5366010411965 1199.2587072037898 1197.5421338111976 -1.0 1197.5421338111976 -1.0 1
257 0.25 nan 0.8 1.0 1.0 1201.020252631201 1201.021185871201 1201.5406005912016 1199.8194060611997 1203.0917215694465 1201.2207659112012 -1.0 1201.4050808112015 -1.0 2
258 0.25 nan 0.8 1.0 1.0 1204.2201992712041 1204.2211325112041 1204.5185361012045 1203.6492230412036 1206.0754266860888 1204.3840495512045 -1.0 1204.3840495512045 -1.0 1
259 nan 0.125 0.8 -1.0 1.0 1207.1364742812073 1207.1374075212073 1207.3904155512073 1206.6287250612068 1208.9366381652658 1207.2780601212073 1.0 1207.2780601212073 1.0 1
260 1.0 nan 0.8 1.0 1.0 1212.091578721212 1212.092645281212 1212.3814497312123 1209.4907388312095 1213.9417376165652 1212.135274351212 1.0 1212.135274351212 1.0 1
261 0.125 nan 0.8 1.0 1.0 1216.5700641612166 1216.5708974112165 1217.109743521217 1214.5152363312145 1218.653363430577 1216.9330945212168 -1.0 1216.9330945212168 -1.0 1
262 0.25 nan 0.8 1.0 1.0 1221.5745303312217 1221.5754635712217 1222.3326545112222 1219.2288649212192 1223.8913750312229 1222.1132764512222 -1.0 1222.1132764512222 -1.0 1
263 0.125 nan 0.8 -1.0 -1.0 1224.936394111225 1224.937427341225 1232.043949951232 1224.4594751412244 1234.5860053610977 1231.7580785412317 1.0 1231.7580785412317 1.0 1
264 nan 0.0 0.8 1.0 -1.0 1235.6245918512357 1235.6255584212356 1238.1525057012382 1235.1602049612352 1240.703025590918 1238.000954191238 -1.0 1238.000954191238 -1.0 1
265 1.0 nan 0.8 1.0 1.0 1242.107810131242 1242.108776701242 1242.4387103712425 1241.2763266212412 1243.991333050352 1242.2711937912422 -1.0 1242.2711937912422 -1.0 1
266 0.25 nan 0.8 1.0 1.0 1246.3362539112463 1246.3373538012463 1247.002720591247 1244.5558319712445 1248.552542393367 1246.5556653012466 -1.0 1246.5556653012466 -1.0 1
267 0.0 nan 0.8 -1.0 -1.0 1249.6074600912495 1249.6082933412497 1250.942959861251 1249.125741601249 1253.4860497660686 1249.7352806412498 1.0 1250.7632445012507 1.0 2
268 0.125 nan 0.8 1.0 1.0 1254.5904950712545 1254.5915616312545 1254.971656951255 1254.0555485712541 1256.5240481592252 1254.8252382612548 -1.0 1254.8252382612548 -1.0 1
269 nan 0.125 0.8 -1.0 1.0 1258.2523288512582 1258.2531621012583 1258.5616645812586 1257.0848456112572 1260.1191523690375 1258.4441763312584 1.0 1258.4441763312584 1.0 1
270 0.0625 nan 0.8 -1.0 -1.0 1262.5907949612626 1262.5917282012626 1262.867067331263 1260.6945512712607 1265.4353829863019 1262.7278479212628 1.0 1262.7278479212628 1.0 1
271 nan 0.0625 0.8 -1.0 1.0 1266.6073599312667 1266.6083265012667 1267.0768796412672 1266.026484691266 1268.6353987971243 1266.8814325212668 1.0 1266.8814325212668 1.0 1
272 1.0 nan 0.8 1.0 1.0 1270.973389951271 1270.974256531271 1271.2648941312714 1269.2116994712692 1272.8357872077481 1271.1311741712711 -1.0 1271.1311741712711 -1.0 1
273 0.25 nan 0.8 1.0 1.0 1274.3571515412743 1274.3581847712744 1275.054615121275 1273.7091830112738 1276.619101694435 1274.5565982612745 -1.0 1274.8828989612748 1.0 2
274 1.0 nan 0.8 1.0 1.0 1277.790508171278 1277.7914747412779 1278.6778194312787 1277.1767028912773 1280.240207656737 1277.9265945612779 -1.0 1277.9265945612779 -1.0 1
275 1.0 nan 0.8 1.0 1.0 1281.2856919512813 1281.2867251812813 1281.5093362512814 1280.810206171281 1283.0742216371093 1281.4034468412815 -1.0 1281.4034468412815 -1.0 1
276 nan 0.125 0.8 -1.0 1.0 1284.2186652912842 1284.2196651912843 1284.4733398212845 1283.6415230112837 1286.040328565788 1284.3280210212843 1.0 1284.3280210212843 1.0 1
277 0.25 nan 0.8 -1.0 -1.0 1292.918495221293 1292.919528451293 1296.959457751297 1286.5974273912866 1299.5187709297043 1293.0999104112932 -1.0 1296.6018601812966 -1.0 2
278 0.25 nan 0.8 -1.0 -1.0 1303.073579611303 1303.074679501303 1307.0029533013071 1300.1600709913002 1309.5683016244002 1303.1837352613031 1.0 1303.5437325913035 1.0 3
279 1.0 nan 0.8 1.0 1.0 1312.7228479213127 1312.7238478213128 1313.118008401313 1310.1769025413103 1314.673196789984 1312.913995471313 -1.0 1312.913995471313 -1.0 1
280 0.0625 nan 0.8 1.0 1.0 1315.8181050313158 1315.8191382613159 1326.1549379113262 1315.2640937713152 1327.7181532831673 1316.0694798913162 1.0 1325.7982735813257 -1.0 3
281 1.0 nan 0.8 1.0 1.0 1331.6561210713317 1331.6571876313317 1332.3645502213324 1328.3262540913283 1333.9230696235163 1331.6793187513317 1.0 1332.3299870113324 -1.0 3
282 0.125 nan 0.8 -1.0 -1.0 1335.067613221335 1335.0684464713352 1335.4991034013356 1334.5094690413346 1338.0563599521377 1335.2865579913353 1.0 1335.2865579913353 1.0 1
283 1.0 nan 0.8 1.0 1.0 1339.2511948213394 1339.2520614013392 1339.6668865813397 1338.6261573313386 1341.2345710498105 1339.4900042713396 -1.0 1339.4900042713396 -1.0 1
284 1.0 nan 0.8 1.0 1.0 1342.889530951343 1342.890664171343 1343.1814684213432 1341.8158716613418 1344.7344877124206 1343.0510148013432 -1.0 1343.0510148013432 -1.0 1
285 0.125 nan 0.8 -1.0 -1.0 1346.7894075913468 1346.7902408413468 1347.804572731348 1345.3137885013452 1350.367491582882 1347.6382893613477 1.0 1347.6382893613477 1.0 1
286 0.25 nan 0.8 1.0 1.0 1353.4727391913534 1353.4738390813534 1353.7756089013537 1350.967789711351 1355.3337965410817 1353.6505214113536 -1.0 1353.6505214113536 -1.0 1
287 1.0 nan 0.8 1.0 1.0 1356.5888942113565 1356.5900940913566 1356.875598871357 1355.912595181356 1358.4343162485407 1356.7301134213567 -1.0 1356.7301134213567 -1.0 1
288 0.0625 nan 0.8 -1.0 -1.0 1359.97288911136 1359.9737556913599 1360.6003596913606 1359.011318611359 1363.1554439837814 1360.4332764013604 1.0 1360.4332764013604 1.0 1
289 0.0625 nan 0.8 -1.0 -1.0 1364.3672163013644 1364.3682828613644 1365.5539309513656 1363.7331463813637 1368.1176509927136 1364.868999451365 1.0 1364.868999451365 1.0 1
290 0.125 nan 0.8 1.0 1.0 1369.2222640813693 1369.2231973213693 1369.5565639813697 1368.7030493413688 1371.1223513413713 1369.3861476913694 -1.0 1369.3861476913694 -1.0 1
291 0.25 nan 0.8 1.0 1.0 1372.4500746013725 1372.4511411613726 1373.998453081374 1371.7027493413718 1375.5506729126175 1373.1897339613731 1.0 1373.813671561374 -1.0 3
292 0.0625 nan 0.8 1.0 1.0 1376.8389023413768 1376.839735591377 1380.2499612013803 1376.1212741113761 1381.8002804214598 1380.0885773413802 -1.0 1380.0885773413802 -1.0 1
293 nan 1.0 0.8 -1.0 1.0 1383.821803981384 1383.8229705313838 1384.0328828713841 1382.4062788813824 1385.583598892318 1383.9535574713839 1.0 1383.9535574713839 1.0 1
294 0.125 nan 0.8 -1.0 -1.0 1386.988487281387 1386.989553841387 1387.4852376013876 1386.1801014613861 1390.0331952797824 1387.1915669713871 1.0 1387.1915669713871 1.0 1
295 nan 0.125 0.8 -1.0 1.0 1391.8883972413919 1391.889463801392 1392.2353958713923 1390.6069920613907 1393.805311873824 1392.1130414413922 1.0 1392.1130414413922 1.0 1
296 0.125 nan 0.8 1.0 1.0 1394.999886061395 1395.000752641395 1395.3211206013953 1394.3956131613945 1396.8884094505224 1395.1866340513952 -1.0 1395.1866340513952 -1.0 1
297 1.0 nan 0.8 1.0 1.0 1398.2834910013983 1398.2843575813984 1398.5324327713986 1397.7928067413977 1400.0885178188744 1398.4163777113984 -1.0 1398.4163777113984 -1.0 1
298 0.125 nan 0.8 -1.0 -1.0 1401.3336526214014 1401.3346525214013 1402.155970381402 1400.6784181514006 1404.721550626995 1401.5134346414015 -1.0 1402.0850774714022 1.0 2
299 nan 0.25 0.8 -1.0 1.0 1405.966755931406 1405.967922481406 1406.2371288914062 1405.3168542614053 1407.8050504291148 1406.118707401406 1.0 1406.118707401406 1.0 1
300 nan 0.25 0.8 -1.0 1.0 1409.9499575714099 1409.95082415141 1410.2603598614103 1408.3885470614084 1411.8212458358737 1410.1567035614103 1.0 1410.1567035614103 1.0 1
301 1.0 nan 0.8 1.0 1.0 1413.0661792514131 1413.0671124914131 1413.5597632214135 1412.4142444514125 1415.1167758591644 1413.2085316814132 -1.0 1413.2085316814132 -1.0 1
302 0.0 nan 0.8 1.0 1.0 1416.6211903814167 1416.6220569614165 1432.5970259714327 1415.7097815314157 1434.154605141583 1429.4058117914294 1.0 1432.4310425714325 -1.0 2
303 nan 0.0 0.8 -1.0 1.0 1435.3161540314354 1435.3170539414352 1436.088010171436 1434.8071049414348 1437.6326261572096 1435.8011055314357 1.0 1435.8011055314357 1.0 1
304 0.0625 nan 0.8 -1.0 -1.0 1438.9380251414389 1438.938991711439 1439.2759913414393 1438.2286294214382 1441.8380406143442 1439.086476961439 1.0 1439.086476961439 1.0 1
305 1.0 nan 0.8 1.0 1.0 1442.9157606614428 1442.916593911443 1443.2156306714433 1442.4425413214424 1444.7658492385103 1443.1019087114432 -1.0 1443.1019087114432 -1.0 1
306 0.25 nan 0.8 1.0 1.0 1447.8876300914478 1447.8885300014479 1451.906061541452 1445.3677487714453 1453.4491779104117 1448.1092412614482 -1.0 1451.7277127114517 -1.0 3
307 1.0 nan 0.8 1.0 1.0 1454.787240061455 1454.7880733114548 1455.070978351455 1454.064079051454 1456.6376670028617 1454.923893061455 -1.0 1454.923893061455 -1.0 1
308 nan 0.125 0.8 -1.0 1.0 1457.7823738514578 1457.7833737514577 1458.061179301458 1457.2369617314573 1459.6156920694984 1457.947257361458 1.0 1457.947257361458 1.0 1
309 1.0 nan 0.8 1.0 1.0 1461.5872933214616 1461.5882932214615 1461.934291951462 1460.2151972114602 1463.4819823526761 1461.6284558714617 1.0 1461.6284558714617 1.0 1
310 nan 0.25 0.8 -1.0 1.0 1464.6040249514647 1464.6049248614647 1464.874097941465 1464.080977261464 1466.4373079988688 1464.7715082014647 1.0 1464.7715082014647 1.0 1
311 0.125 nan 0.8 -1.0 -1.0 1468.082110441468 1468.0831770014681 1468.6651854614686 1467.040514611467 1471.2208054844627 1468.4462406914686 1.0 1468.4462406914686 1.0 1
312 nan 0.25 0.8 -1.0 1.0 1473.2154303914733 1473.2164302914732 1473.4402079114734 1471.8343018514718 1474.9986230069426 1473.3486504014734 1.0 1473.3486504014734 1.0 1
313 nan 0.0625 0.8 -1.0 1.0 1476.2039315114762 1476.2050314014762 1477.6351217114777 1475.6056246814755 1479.1820377111683 1477.4707714814774 1.0 1477.4707714814774 1.0 1
314 1.0 nan 0.8 1.0 1.0 1481.7201798314818 1481.7212797214818 1483.014250411483 1479.7975387814797 1484.5648361514889 1482.4046113814825 -1.0 1482.941357701483 -1.0 2
315 0.25 nan 0.8 1.0 1.0 1486.0368814514861 1486.037881351486 1486.3167534614863 1485.1826335514852 1487.8649676273867 1486.1982319814863 -1.0 1486.1982319814863 -1.0 1
316 0.0625 nan 0.8 -1.0 -1.0 1489.036714771489 1489.0378146614892 1489.3048212914894 1488.4573727114885 1491.8538739489184 1489.1725345214893 1.0 1489.1725345214893 1.0 1
317 0.0625 nan 0.8 -1.0 -1.0 1494.1651018814941 1494.1660351214941 1495.899028471496 1492.4659718114924 1498.4485783054802 1495.5859597814956 1.0 1495.5859597814956 1.0 1
318 0.0 nan 0.8 -1.0 -1.0 1499.8035379814999 1499.8046045414999 1506.087176221506 1499.082276781499 1508.6363213339514 1500.0749441715002 -1.0 1505.8920957315058 1.0 4
319 0.125 nan 0.8 1.0 1.0 1509.89822841151 1509.89946162151 1510.2913224315103 1509.2829232815093 1511.8480119384094 1509.9004948515098 1.0 1510.1243724615101 -1.0 2
320 0.0625 nan 0.8 -1.0 -1.0 1512.919859551513 1512.920726131513 1521.5812266615217 1512.4472068215125 1524.131441725284 1513.2449270415132 1.0 1521.5066674515215 1.0 2
321 0.25 nan 0.8 1.0 1.0 1526.4695377815265 1526.4704710215265 1526.8239690015268 1524.7657415115248 1528.3813497943906 1526.6952152115266 -1.0 1526.6952152115266 -1.0 1
322 0.0 nan 0.8 -1.0 -1.0 1529.8197360615297 1529.8207359615299 1530.2240622915303 1529.3522494815293 1532.7860740233384 1530.0692111115302 1.0 1530.0692111115302 1.0 1
323 1.0 nan 0.8 -1.0 -1.0 1534.5140665815345 1534.5149998215345 1535.0449801515351 1533.4071772815334 1537.597395369979 1534.6993147215346 -1.0 1534.6993147215346 -1.0 1
324 0.25 nan 0.8 1.0 1.0 1538.969554321539 1538.970587551539 1539.3602819115395 1538.2107968715382 1540.9361968694654 1539.1905988815392 -1.0 1539.1905988815392 -1.0 1
325 0.0625 nan 0.8 -1.0 -1.0 1542.147369841542 1542.1482030915422 1542.5151997215426 1541.5560956415416 1545.0862134649628 1542.3838461915425 1.0 1542.3838461915425 1.0 1
326 0.0 nan 0.8 -1.0 -1.0 1546.1643681015462 1546.1654679915462 1546.7848060515469 1545.6919153515457 1549.3524209364782 1546.6138898115466 1.0 1546.6138898115466 1.0 1
327 0.125 nan 0.8 -1.0 -1.0 1550.5471964415506 1550.5480630215507 1551.4053772815514 1549.97122071155 1553.9689257966695 1551.2052972915512 1.0 1551.2052972915512 1.0 1
328 1.0 nan 0.8 1.0 1.0 1555.2638913915553 1555.2649912815552 1555.5152329215555 1554.5902254315547 1557.0855429721664 1555.4072103915555 -1.0 1555.4072103915555 -1.0 1
329 1.0 nan 0.8 1.0 1.0 1558.2303947115583 1558.2312612915582 1558.5223321815586 1557.7160461515577 1560.0804485542333 1558.3687475415584 -1.0 1558.3687475415584 -1.0 1
330 nan 0.125 0.2 -1.0 1.0 1561.3352508615615 1561.3362174315614 1561.6716505515617 1560.7106466615608 1563.2307637430692 1561.3455831615613 -1.0 1561.5204656715616 1.0 2
331 nan 0.0 0.2 -1.0 1.0 1564.3521158115643 1564.3531490415644 1564.8417668415648 1563.855465481564 1566.3973538546038 1564.5291314415645 1.0 1564.5291314415645 1.0 1
332 nan 0.25 0.2 -1.0 1.0 1568.968787431569 1568.969720671569 1569.2085634515693 1567.011949801567 1570.7687743220727 1569.042613381569 1.0 1569.042613381569 1.0 1
333 nan 0.0625 0.2 -1.0 1.0 1580.12980455158 1580.13087111158 1580.4625046115805 1571.4142761915714 1582.0353086488878 1580.2722236415802 1.0 1580.2722236415802 1.0 1
334 nan 0.125 0.2 -1.0 1.0 1583.5463961915837 1583.5474627515835 1583.910793081584 1582.7546087115827 1585.485607162738 1583.7404434515838 1.0 1583.7404434515838 1.0 1
335 nan 0.25 0.2 -1.0 1.0 1589.3969110815895 1589.3977110015894 1589.6031237915897 1586.119005571586 1591.1685338697878 1589.5140660315894 1.0 1589.5140660315894 1.0 1
336 nan 1.0 0.2 -1.0 1.0 1597.880096011598 1597.880895931598 1598.139236761598 1591.8107363415918 1599.7017477391844 1598.002750411598 1.0 1598.002750411598 1.0 1
337 nan 1.0 0.2 -1.0 1.0 1606.1461026616062 1606.147102561606 1606.3379501416064 1600.3638476116005 1607.9016602627303 1606.2334939216062 1.0 1606.2334939216062 1.0 1
338 nan 0.0625 0.2 -1.0 1.0 1610.5465625716106 1610.5476957916105 1610.8057699816109 1608.5802592216087 1612.3679812729458 1610.6924813116107 1.0 1610.6924813116107 1.0 1
339 nan 0.125 0.2 -1.0 1.0 1614.2465592016142 1614.2476257616142 1614.4876017616145 1613.011882681613 1616.0461845697607 1614.3791126116143 1.0 1614.3791126116143 1.0 1
340 0.125 nan 0.2 -1.0 -1.0 1617.6846820216176 1617.6855819316177 1617.9352236316179 1616.6674837516166 1620.5014020699243 1617.822868201618 1.0 1617.822868201618 1.0 1
341 nan 0.25 0.2 -1.0 1.0 1621.7294108416218 1621.7305107316217 1621.9698201316219 1621.143202801621 1623.5344020213963 1621.876062841622 1.0 1621.876062841622 1.0 1
342 0.125 nan 0.2 -1.0 -1.0 1628.079442441628 1628.080409011628 1628.3540483116283 1624.165400551624 1630.9179253246393 1628.1889314916282 1.0 1628.1889314916282 1.0 1
343 nan 0.0625 0.2 -1.0 1.0 1632.7127124016326 1632.7136456416326 1632.995050831633 1631.5812255616315 1634.5460336521671 1632.8810289016328 1.0 1632.8810289016328 1.0 1
344 nan 1.0 0.2 -1.0 1.0 1637.017281901637 1637.018248471637 1637.1478355116371 1635.173732941635 1638.717447263732 1637.036446651637 1.0 1637.036446651637 1.0 1
345 nan 0.0 0.2 -1.0 1.0 1642.2455923516422 1642.2464922616423 1642.6161552916426 1639.3610475016394 1644.1792675608588 1642.4261076316425 1.0 1642.4261076316425 1.0 1
346 nan 0.125 0.2 -1.0 1.0 1646.017248481646 1646.0180817316461 1646.2685566816463 1644.8224679716448 1647.8336695559155 1646.1299705416461 1.0 1646.1299705416461 1.0 1
347 nan 0.0 0.2 -1.0 1.0 1650.1953306316502 1650.1963971916502 1660.2017965516602 1648.4816686816484 1661.7673013318315 1657.911525601658 1.0 1660.1583675616603 1.0 2
348 0.125 nan 0.2 -1.0 -1.0 1663.7453088316638 1663.7464753816637 1665.5404293016657 1662.816201751663 1668.095239362369 1664.4607372816645 -1.0 1665.3675465916654 1.0 4
349 0.0625 nan 0.2 1.0 1.0 1669.2502249516692 1669.2513581716694 1675.9697529316759 1668.7382428216688 1677.5336620165608 1674.4936005616746 1.0 1675.7520080416757 -1.0 2
350 nan 0.125 0.2 -1.0 1.0 1680.7120453216808 1680.7131785416807 1681.014548401681 1678.2080624116782 1682.5780620729697 1680.914558401681 1.0 1680.914558401681 1.0 1
351 nan 0.125 0.2 -1.0 1.0 1684.066143211684 1684.0671097816842 1684.2742557316842 1683.2344597216832 1685.8282695214486 1684.0629102016842 1.0 1684.0629102016842 1.0 1
352 nan 1.0 0.2 -1.0 1.0 1694.1164714116942 1694.1176046316941 1694.3531810716943 1686.4701694516864 1695.9118903641815 1694.2381259116942 1.0 1694.2381259116942 1.0 1
353 nan 0.125 0.2 -1.0 1.0 1697.2998197116974 1697.3008862716972 1697.5407956116976 1696.5995897416967 1699.0947070694012 1697.4284735116973 1.0 1697.4284735116973 1.0 1
354 nan 0.0 0.2 -1.0 1.0 1713.2994862517132 1713.3006194717134 1713.5756586317136 1699.7397090316997 1715.1328628767367 1713.4499712017134 1.0 1713.4499712017134 1.0 1
355 nan 0.25 0.2 -1.0 1.0 1716.9108584117168 1716.911891641717 1717.2028625417172 1715.8617633317158 1718.765975158982 1716.878428321717 1.0 1717.0913070317172 1.0 2
356 nan 1.0 0.2 -1.0 1.0 1724.3777449817244 1724.3787448817243 1724.5792914917247 1719.4080753317194 1726.1274723382212 1724.4774016817246 1.0 1724.4774016817246 1.0 1
357 nan 0.25 0.2 -1.0 1.0 1729.2492244517293 1729.2503243417293 1729.4480045717294 1726.7955698417268 1730.9991845492075 1729.3414152317293 1.0 1729.3414152317293 1.0 1
358 nan 0.125 0.2 -1.0 1.0 1737.1776981917371 1737.1785314417373 1737.4270065917374 1731.6483845117316 1738.977516154659 1737.3092850317373 1.0 1737.3092850317373 1.0 1
359 0.25 nan 0.2 -1.0 -1.0 1748.6988459617487 1748.7000125117488 1748.921990311749 1739.6465179517397 1751.4773321944806 1748.7949696817489 1.0 1748.7949696817489 1.0 1
360 0.0625 nan 0.2 -1.0 -1.0 1752.6318192917527 1752.6326192117526 1759.7925031517598 1752.1717319717523 1762.3483795722555 1759.5190971617596 1.0 1759.5190971617596 1.0 1
361 1.0 nan 0.2 1.0 1.0 1765.0936729817652 1765.0947395417652 1765.3371819617653 1763.007781591763 1766.898393457625 1765.2277929017653 -1.0 1765.2277929017653 -1.0 1
362 nan 1.0 0.2 -1.0 1.0 1769.026979611769 1769.028012841769 1769.2924863917692 1767.5585931317676 1770.8435006093912 1769.1386017817692 1.0 1769.1386017817692 1.0 1
363 0.25 nan 0.2 1.0 1.0 1774.8985923917749 1774.899558961775 1775.2636225517754 1771.4925996917716 1776.8265992995503 1775.1206035217751 -1.0 1775.1206035217751 -1.0 1
364 nan 0.0625 0.2 -1.0 1.0 1778.1652323617782 1778.1661989317781 1778.5319290217785 1777.5076981217776 1780.0933082512956 1778.3154840017783 1.0 1778.3154840017783 1.0 1
365 0.125 nan 0.2 -1.0 -1.0 1787.081440651787 1787.082373891787 1787.2840203917874 1780.7391082817808 1789.8434591261262 1787.1072047417872 1.0 1787.1072047417872 1.0 1
366 nan 1.0 0.2 -1.0 1.0 1791.164498971791 1791.1652988917913 1791.3783442517913 1790.5453608917906 1792.9432580997122 1791.2836537217913 1.0 1791.2836537217913 1.0 1
367 0.25 nan 0.2 -1.0 -1.0 1795.2153271817951 1795.2162270917952 1795.5402280217957 1793.5932560717936 1798.109870731588 1795.3297157417953 1.0 1795.3297157417953 1.0 1
368 nan 0.0 0.2 -1.0 1.0 1801.2312588618013 1801.2321254418011 1801.4723680818015 1798.7806706117988 1803.0483774549896 1801.2328920318012 1.0 1801.2328920318012 1.0 1
369 nan 0.0625 0.2 -1.0 1.0 1807.1094376518072 1807.1103708918072 1807.3758110118074 1803.7240762218037 1808.9483881332264 1807.2838868718072 1.0 1807.2838868718072 1.0 1
370 nan 1.0 0.2 -1.0 1.0 1810.7092109718108 1810.7103108618107 1810.8594959418108 1809.6117873918097 1812.426202778501 1810.6853466918108 1.0 1810.6853466918108 1.0 1
371 nan 0.0625 0.2 -1.0 1.0 1814.4311387418145 1814.4322386318145 1814.6484170118147 1813.099805221813 1816.2095262917946 1814.5515933618146 1.0 1814.5515933618146 1.0 1
372 0.0625 nan 0.2 -1.0 -1.0 1821.2808870318213 1821.2817869418213 1821.4154402418214 1816.8683283318169 1823.9762486806187 1821.2344250118213 1.0 1821.2344250118213 1.0 1
373 nan 0.0 0.2 -1.0 1.0 1825.2811869618254 1825.2820202118253 1825.5373280118256 1824.6662484618246 1827.11444284678 1825.4167400718254 1.0 1825.4167400718254 1.0 1
374 nan 0.125 0.2 -1.0 1.0 1829.4760007718296 1829.4773006418295 1831.6799470218316 1827.7622388318277 1833.2474485419564 1829.8214328918298 1.0 1831.5681248718315 1.0 2
375 nan 0.25 0.2 -1.0 1.0 1835.2754541018353 1835.2765206618353 1835.4569692818354 1834.3358480718343 1837.0257739394751 1835.3173165818353 1.0 1835.3173165818353 1.0 1
376 0.0625 nan 0.2 -1.0 -1.0 1841.4640018518414 1841.4650684118415 1841.7400742418417 1837.7033779518376 1844.3138826506352 1841.6146867818416 1.0 1841.6146867818416 1.0 1
377 0.125 nan 0.2 1.0 1.0 1845.7425072918459 1845.7436405118458 1846.7128102518468 1844.995182031845 1848.2809135188445 1846.112270311846 1.0 1846.3625119518463 -1.0 2
378 nan 1.0 0.2 -1.0 1.0 1850.6920122918507 1850.6929122018507 1850.906324191851 1848.960218821849 1852.4755054896887 1850.818599631851 1.0 1850.818599631851 1.0 1
379 nan 0.0 0.2 -1.0 1.0 1853.947020091854 1853.948186641854 1854.2984182818543 1853.142200581853 1855.859026214626 1854.0923055618541 1.0 1854.0923055618541 1.0 1
380 nan 0.0 0.2 -1.0 1.0 1860.4135400418604 1860.4143732918603 1860.6607486518608 1856.5151299218564 1862.2253252087153 1860.5343279618605 1.0 1860.5343279618605 1.0 1
381 0.0625 nan 0.2 -1.0 -1.0 1863.4302383418635 1863.4313382318635 1863.7943352618638 1862.911823521863 1866.3587436594894 1863.5398273818635 1.0 1863.5398273818635 1.0 1
382 nan 1.0 0.2 -1.0 1.0 1870.2303915918703 1870.2312248418702 1870.4873658918705 1867.028145181867 1872.0417739055908 1870.3220490918704 1.0 1870.3220490918704 1.0 1
383 nan 0.25 0.2 -1.0 1.0 1874.6132865918746 1874.6141198418745 1874.8489630218749 1872.7239755418727 1876.408375117483 1874.7474731718748 1.0 1874.7474731718748 1.0 1
384 nan 0.0625 0.2 -1.0 1.0 1881.0632748618812 1881.0643414218812 1881.3461799018814 1877.0855726718771 1882.9086873098454 1881.1982280318812 1.0 1881.1982280318812 1.0 1
385 nan 0.0625 0.2 -1.0 1.0 1885.5299614818855 1885.5309280518854 1885.7808030618858 1883.6099868318836 1887.3467098512062 1885.6757469018858 1.0 1885.6757469018858 1.0 1
386 nan 0.25 0.2 -1.0 1.0 1889.7747702918898 1889.7758701818898 1890.00981345189 1888.0277116818881 1891.5800222803014 1889.86516125189 1.0 1889.86516125189 1.0 1
387 0.0625 nan 0.2 -1.0 -1.0 1895.3246485818954 1895.3257818018953 1895.6530824018957 1892.2582219218923 1898.2131252020986 1895.4847325718954 1.0 1895.4847325718954 1.0 1
388 nan 0.25 0.2 -1.0 1.0 1900.3912418719003 1900.3923417619005 1900.6217521519006 1898.909923351899 1902.1746297948557 1900.5123630919006 1.0 1900.5123630919006 1.0 1
389 nan 0.125 0.2 -1.0 1.0 1905.829564651906 1905.830631211906 1906.045043101906 1902.855828721903 1907.6127480488674 1905.933187621906 1.0 1905.933187621906 1.0 1
390 0.25 nan 0.2 1.0 1.0 1911.0909717919112 1911.0918050419111 1911.8321643319118 1908.3117497419084 1913.3960712786436 1911.082739281911 1.0 1911.2446897519112 1.0 2
391 nan 0.25 0.2 -1.0 1.0 1914.907890061915 1914.908756641915 1915.1621646319152 1914.0891719419142 1916.7293740236405 1915.0551086719151 1.0 1915.0551086719151 1.0 1
392 nan 0.0625 0.2 -1.0 1.0 1922.2070600719221 1922.2079599819222 1922.4804993919224 1917.4085733019174 1924.0459019689317 1922.3622112219223 1.0 1922.3622112219223 1.0 1
393 0.125 nan 0.2 -1.0 -1.0 1930.2242916019302 1930.2251581819303 1930.4991307819305 1924.7784029119248 1933.0577360628758 1930.3551451819303 1.0 1930.3551451819303 1.0 1
394 0.25 nan 0.8 1.0 1.0 1934.895524431935 1934.8963910119348 1935.2527220419354 1933.7724367519338 1936.8074341859397 1935.1236016219352 -1.0 1935.1236016219352 -1.0 1
395 nan 0.0 0.8 1.0 -1.0 1938.7286410819388 1938.7296743119387 1939.2703202419393 1937.4947311519375 1941.8242607991897 1939.011312811939 -1.0 1939.011312811939 -1.0 1
396 1.0 nan 0.8 1.0 1.0 1943.0788060219431 1943.079939241943 1943.3640441619434 1942.5074631619425 1944.924057607381 1943.2354236919432 -1.0 1943.2354236919432 -1.0 1
397 0.125 nan 0.8 1.0 1.0 1949.3285476519493 1949.3294808919493 1949.6477823919497 1945.6039534819456 1951.2122870855292 1949.5170621319496 -1.0 1949.5170621319496 -1.0 1
398 0.0625 nan 0.8 -1.0 -1.0 1955.1900947719553 1955.1910280119553 1970.7141088819708 1951.9143890419518 1973.2732435393202 1961.2107593119613 -1.0 1965.914155591966 1.0 3
399 0.25 nan 0.8 1.0 1.0 1974.7616374219747 1974.7627039819747 1975.048042111975 1974.035143411974 1976.6117509959438 1974.913788871975 -1.0 1974.913788871975 -1.0 1
400 1.0 nan 0.8 1.0 1.0 1977.7896679219778 1977.7906344919777 1978.8026332819788 1977.2974504819774 1980.356644845385 1977.933520201978 -1.0 1978.7158752919788 -1.0 3
401 0.125 nan 0.8 1.0 1.0 1981.861327381982 1981.862227291982 1982.5656569419825 1981.045042351981 1984.1281625743218 1982.2922176219822 -1.0 1982.2922176219822 -1.0 1
402 0.0625 nan 0.8 -1.0 -1.0 1986.5064294919866 1986.5074960519864 1987.2184916119872 1984.8214646719848 1989.7781677327625 1986.931253671987 1.0 1987.033276801987 1.0 2
403 0.0625 nan 0.8 -1.0 -1.0 1991.039576131991 1991.0404093819911 1993.4110389619934 1990.4754658819904 1995.9613801211058 1992.027377341992 -1.0 1993.3094824519933 1.0 4
404 0.0 nan 0.8 1.0 1.0 1997.3562110719974 1997.3573109619974 2000.2069926320003 1996.6699797019967 2001.7562997349523 2000.044708862 -1.0 2000.044708862 -1.0 1
405 0.0 nan 0.8 -1.0 -1.0 2002.927320572003 2002.9282204820029 2003.4548678120034 2002.4530013420024 2006.0111098646494 2003.3219477720033 1.0 2003.3219477720033 1.0 1
406 0.0 nan 0.8 -1.0 -1.0 2007.1725626720072 2007.1734625820072 2007.786167972008 2006.7079091420067 2010.344439893948 2007.6518147420077 1.0 2007.6518147420077 1.0 1
407 1.0 nan 0.8 1.0 1.0 2011.5725226320117 2011.5736891820115 2011.8199312220117 2011.0322433320111 2013.3723429078373 2011.7032428920118 -1.0 2011.7032428920118 -1.0 1
408 0.25 nan 0.8 1.0 1.0 2015.927253782016 2015.928287012016 2016.1903608020161 2014.063340192014 2017.7393385049293 2016.0925705820162 -1.0 2016.0925705820162 -1.0 1
409 nan 0.25 0.8 -1.0 1.0 2018.9277870320188 2018.928920252019 2034.1116018320342 2018.4401358020184 2035.6942014075494 2019.4618669520196 1.0 2034.037709222034 1.0 8
410 1.0 nan 0.8 1.0 1.0 2038.2555540620383 2038.2565872920384 2038.7812014920387 2036.4414021620364 2040.360407295345 2038.3841412020383 -1.0 2038.6259170220387 1.0 2
411 0.0625 nan 0.8 -1.0 -1.0 2042.4217707320424 2042.4228372920425 2050.716374522051 2041.0589070320411 2053.2936357001704 2042.6294166320426 1.0 2050.6443150620507 1.0 2
412 0.125 nan 0.8 1.0 1.0 2054.722007252055 2054.722940492055 2055.074338682055 2054.106535472054 2056.6384397794304 2054.9204874020547 -1.0 2054.9204874020547 -1.0 1
413 0.0625 nan 0.8 -1.0 -1.0 2058.3602433920582 2058.361209962058 2080.653813812081 2057.4094384820573 2083.2265112817977 2058.8281632620588 -1.0 2080.5842207720807 1.0 5
414 1.0 nan 0.8 1.0 1.0 2084.6048853320845 2084.6057519120845 2084.898022682085 2084.010611432084 2086.471425338684 2084.757603392085 -1.0 2084.757603392085 -1.0 1
415 0.0 nan 0.8 -1.0 -1.0 2088.142864832088 2088.143698082088 2088.640015112089 2087.177528042087 2091.209750427356 2088.4082382920883 1.0 2088.4082382920883 1.0 1
416 0.25 nan 0.8 1.0 1.0 2092.6876436420926 2092.6886102120925 2093.058839852093 2091.925253222092 2094.626549587769 2092.890056732093 -1.0 2092.890056732093 -1.0 1
417 0.125 nan 0.8 -1.0 -1.0 2096.4048052220965 2096.4058717820963 2097.5561900720977 2095.3292461220954 2100.1212626029223 2096.6914432220965 -1.0 2097.2229900620973 -1.0 3
418 0.0 nan 0.8 -1.0 -1.0 2101.3930063521016 2101.3941062421013 2114.3048817021145 2100.829162742101 2116.876014548343 2114.161962662114 1.0 2114.161962662114 1.0 1
419 0.0625 nan 0.8 -1.0 -1.0 2118.7039750821186 2118.704808332119 2120.8250962821207 2117.6289159321177 2123.3921330906305 2120.6928761721206 1.0 2120.6928761721206 1.0 1
420 0.0 nan 0.8 -1.0 -1.0 2124.6374816721245 2124.6383815821246 2148.0813037221483 2124.113134112124 2150.637100993497 2131.6989087921315 -1.0 2147.910087512148 1.0 3
421 nan 0.25 0.8 -1.0 1.0 2152.025175962152 2152.0262091921522 2152.3505100921525 2151.4419009621515 2153.908815181308 2152.2332218221522 1.0 2152.2332218221522 1.0 1
422 0.25 nan 0.8 1.0 1.0 2156.136598112156 2156.1374980221563 2156.4531997821564 2154.6176166921546 2158.0205095515157 2156.296215482156 -1.0 2156.296215482156 -1.0 1
423 1.0 nan 0.8 1.0 1.0 2159.95841589216 2159.95941579216 2161.277717282161 2158.7276056521587 2162.841722769822 2160.4149369021607 1.0 2160.7653685221608 -1.0 2
424 0.25 nan 0.8 1.0 1.0 2164.1195330721644 2164.120332992164 2194.746403412195 2163.5499233721634 2196.3025300329764 2172.978880382173 -1.0 2194.5394241121944 -1.0 6
425 0.25 nan 0.8 1.0 1.0 2197.841160572198 2197.8420604821977 2198.1968250021982 2197.129931702197 2199.7530338203046 2198.022475772198 -1.0 2198.022475772198 -1.0 1
426 0.125 nan 0.8 -1.0 -1.0 2206.007843822206 2206.009277012206 2208.5522226922085 2200.4614318522003 2211.1192554872914 2206.2285217522062 -1.0 2208.4932952522086 1.0 4
427 1.0 nan 0.8 1.0 1.0 2212.4409671122125 2212.4421669922126 2213.3766735322133 2211.884356112212 2214.935976413901 2212.6414137322126 -1.0 2212.964314772213 1.0 2
428 nan 0.25 0.8 -1.0 1.0 2216.2738171222163 2216.2747503622163 2216.5480896922168 2215.6576787422155 2218.1071923943273 2216.4394672222165 1.0 2216.4394672222165 1.0 1
429 0.0 nan 0.8 1.0 1.0 2219.2853159422193 2219.286349172219 2224.1885922322244 2218.826995112219 2225.7519978899804 2224.036207472224 -1.0 2224.036207472224 -1.0 1
430 0.125 nan 0.8 1.0 1.0 2227.023642032227 2227.024541942227 2227.4207023222275 2226.4842959722264 2228.9740058294847 2227.2060904522273 1.0 2227.2060904522273 1.0 1
431 1.0 nan 0.8 1.0 1.0 2231.1357641122313 2231.136797342231 2231.3655078022316 2229.70280742223 2232.9240140709867 2231.262884732231 -1.0 2231.262884732231 -1.0 1
432 0.125 nan 0.8 -1.0 -1.0 2234.302014122234 2234.3030806822344 2236.859691662237 2233.645513112234 2239.4189312444323 2234.5023940822343 -1.0 2236.722672032237 1.0 7
433 0.0625 nan 0.8 -1.0 -1.0 2243.6067835522435 2243.6079167722437 2243.822895272244 2240.13033123224 2246.3854633088067 2243.680342862244 1.0 2243.680342862244 1.0 1
434 0.125 nan 0.8 -1.0 -1.0 2247.756868502248 2247.757835072248 2250.2571184522503 2247.126564872247 2252.8234856539575 2248.054738712248 1.0 2248.054738712248 1.0 1
435 0.125 nan 0.8 -1.0 -1.0 2254.3180789822545 2254.3190455522545 2254.6670440822545 2253.5688872422534 2257.222885552442 2254.5387902422544 1.0 2254.5387902422544 1.0 1
436 0.25 nan 0.8 1.0 1.0 2258.4518988922587 2258.4529654522585 2258.878089602259 2257.945982822258 2260.4402836979993 2258.759234822259 -1.0 2258.759234822259 -1.0 1
437 nan 0.25 0.2 -1.0 1.0 2267.7513688522677 2267.752468742268 2267.992611392268 2261.6288811622617 2269.5566120458684 2267.896787642268 1.0 2267.896787642268 1.0 1
438 nan 0.0625 0.2 -1.0 1.0 2272.1012004922723 2272.1020670722723 2272.5225250222725 2270.30111385227 2274.089727950866 2272.292514692272 1.0 2272.292514692272 1.0 1
439 nan 1.0 0.2 -1.0 1.0 2278.085002052278 2278.085968622278 2278.311146102278 2274.822928292275 2279.8898479379463 2278.2068565322784 1.0 2278.2068565322784 1.0 1
440 nan 1.0 0.2 -1.0 1.0 2284.151428682284 2284.152528572284 2284.3804391122844 2280.6204484822806 2285.951273406596 2284.274982992284 1.0 2284.274982992284 1.0 1
441 nan 0.125 0.2 -1.0 1.0 2287.772799842288 2287.773799742288 2288.203656752288 2286.6920745922866 2289.7512649375144 2287.997710682288 1.0 2287.997710682288 1.0 1
442 nan 1.0 0.2 -1.0 1.0 2296.3397763922962 2296.3406429722963 2296.5807856222964 2290.4906613622907 2298.133887388027 2296.4712632422966 1.0 2296.4712632422966 1.0 1
443 nan 0.125 0.2 -1.0 1.0 2307.2394196523073 2307.240452882307 2307.6710098223075 2298.892387772299 2309.234110038115 2307.564520472308 1.0 2307.564520472308 1.0 1
444 0.25 nan 0.2 1.0 1.0 2323.5223911923235 2323.5235244123237 2324.4786622223246 2310.00680955231 2326.050656506023 2323.827594002324 -1.0 2323.827594002324 -1.0 1
445 nan 1.0 0.2 -1.0 1.0 2328.2386195223285 2328.239752742328 2328.4479652523287 2326.855857812327 2330.022267415885 2328.3653068523286 1.0 2328.3653068523286 1.0 1
446 nan 0.25 0.2 -1.0 1.0 2331.4500316823314 2331.4510315823313 2331.7188714623317 2330.749668392331 2333.2837750614553 2331.619881362332 1.0 2331.619881362332 1.0 1
447 0.0625 nan 0.2 -1.0 -1.0 2336.6551111223366 2336.656244342337 2336.920584572337 2334.022374422334 2339.488386899371 2336.797130252337 1.0 2336.797130252337 1.0 1
448 nan 0.25 0.2 -1.0 1.0 2341.000376552341 2341.001176472341 2341.2844148123413 2340.2359863323404 2342.8552119510973 2341.1759589923413 1.0 2341.1759589923413 1.0 1
449 nan 0.0625 0.2 -1.0 1.0 2344.083201572344 2344.084134812344 2344.4307001523443 2343.5873178323436 2346.005007143071 2344.2992466323444 1.0 2344.2992466323444 1.0 1
450 0.25 nan 0.2 1.0 1.0 2350.09976652235 2350.10069976235 2351.1119319623513 2346.739402592347 2352.6830291995634 2350.5139584323506 -1.0 2350.5139584323506 -1.0 1
451 nan 0.0625 0.2 -1.0 1.0 2355.3882376223555 2355.3892708523554 2365.822460762366 2353.4496315023534 2367.388289882576 2365.7092387523658 1.0 2365.7092387523658 1.0 1
452 0.0625 nan 0.2 -1.0 -1.0 2370.4162680023705 2370.4173345623703 2370.7266702923707 2368.1752921223683 2373.304903138367 2370.5465216423704 1.0 2370.5465216423704 1.0 1
453 nan 1.0 0.2 -1.0 1.0 2375.783031272376 2375.783897852376 2376.002509322376 2374.0598036123743 2377.5715129937616 2375.907118862376 1.0 2375.907118862376 1.0 1
454 nan 1.0 0.2 -1.0 1.0 2379.5827845923795 2379.58385115238 2379.79699650238 2378.303512532378 2381.36640252269 2379.70407246238 1.0 2379.70407246238 1.0 1
455 nan 0.0625 0.2 -1.0 1.0 2383.204122422383 2383.2051223223834 2383.4941267523836 2382.106498862382 2385.0663245868427 2383.3389422723835 1.0 2383.3389422723835 1.0 1
456 nan 0.25 0.2 -1.0 1.0 2392.2711822923925 2392.2722821823922 2392.4927268023926 2385.8093285423856 2394.066158419939 2392.3998360923924 1.0 2392.3998360923924 1.0 1
457 nan 1.0 0.2 -1.0 1.0 2395.4543306123956 2395.4552305223956 2395.6920401723955 2394.8369590223947 2397.2709478664597 2395.5941832923954 1.0 2395.5941832923954 1.0 1
458 nan 0.125 0.2 -1.0 1.0 2402.3993360424024 2402.4001026324026 2402.6457780624028 2398.008041882398 2404.1990771943406 2402.556820292403 1.0 2402.556820292403 1.0 1
459 nan 0.0 0.2 -1.0 1.0 2405.721003842406 2405.722037072406 2406.1220637324063 2404.966279322405 2407.687597514642 2405.899119362406 1.0 2405.899119362406 1.0 1
460 nan 0.25 0.2 -1.0 1.0 2411.915750972412 2411.916617552412 2412.1983893724123 2408.4266999124084 2413.7657946180548 2412.070368842412 1.0 2412.070368842412 1.0 1
461 nan 0.25 0.2 -1.0 1.0 2418.3871704324183 2418.388170332418 2418.6498108324186 2414.5091916024144 2420.220810659486 2418.5327225424185 1.0 2418.5327225424185 1.0 1
462 nan 1.0 0.2 -1.0 1.0 2424.3823708524246 2424.3834040824245 2424.6309126624246 2420.981910932421 2426.198543310281 2424.5157241824245 1.0 2424.5157241824245 1.0 1
463 nan 0.25 0.2 -1.0 1.0 2428.137128672428 2428.137995252428 2428.3690388124282 2426.955346862427 2429.9318437077204 2428.2415182324285 1.0 2428.2415182324285 1.0 1
464 nan 1.0 0.2 -1.0 1.0 2433.936681992434 2433.937581902434 2434.140461612434 2430.6735416724305 2435.6988590186747 2433.937448582434 1.0 2433.937448582434 1.0 1
465 nan 1.0 0.2 -1.0 1.0 2442.137095202442 2442.138095102442 2442.4033685724426 2436.4839605724364 2443.970167610399 2442.276014642442 1.0 2442.276014642442 1.0 1
466 0.0625 nan 0.2 -1.0 -1.0 2445.231652382445 2445.2327522724454 2445.5813507424455 2444.760766142445 2448.1478830787037 2445.4463975724457 1.0 2445.4463975724457 1.0 1
467 0.0625 nan 0.8 -1.0 -1.0 2449.7198701824495 2449.7209700724497 2449.98127737245 2448.910684442449 2452.5484072665104 2449.85558994245 1.0 2449.85558994245 1.0 1
468 0.125 nan 0.8 -1.0 -1.0 2454.970145102455 2454.971211662455 2455.3628724924556 2453.3128108524534 2457.9316091835367 2455.2071547324554 1.0 2455.2071547324554 1.0 1
469 0.125 nan 0.8 -1.0 -1.0 2459.219786762459 2459.2207866624594 2459.8180935924597 2458.6883065824586 2462.381825693358 2459.62931247246 1.0 2459.62931247246 1.0 1
470 0.0625 nan 0.8 -1.0 -1.0 2463.736468382464 2463.7373682924635 2464.915350482465 2463.147927242463 2467.4864468753162 2463.974777882464 1.0 2464.812727412465 1.0 3
471 1.0 nan 0.8 1.0 1.0 2468.848190492469 2468.849290382469 2469.1199633124693 2468.2611492024685 2470.6810622565504 2468.995275782469 -1.0 2468.995275782469 -1.0 1
472 0.0625 nan 0.8 -1.0 -1.0 2473.7367015924738 2473.737534842474 2483.3957022624836 2471.4485637624716 2485.9646980237717 2474.6574428424747 -1.0 2483.225885912483 1.0 2
473 0.0625 nan 0.8 -1.0 -1.0 2487.7858965324876 2487.786929762488 2495.614480262496 2486.762798852487 2498.181113244468 2495.3606389824954 1.0 2495.3606389824954 1.0 1
474 1.0 nan 0.8 1.0 1.0 2500.3188097825005 2500.3197096925005 2500.657942532501 2498.962512092499 2502.2187383321393 2500.3103106325 1.0 2500.3103106325 1.0 1
475 0.125 nan 0.8 -1.0 -1.0 2504.5472535625045 2504.5483201225047 2505.126295652505 2502.995242112503 2507.680662137248 2504.5632186325047 1.0 2505.074434172505 1.0 3
476 0.125 nan 0.8 -1.0 -1.0 2509.019139662509 2509.019906252509 2509.95354621251 2508.4514631025086 2512.5185780545853 2509.1262622825093 1.0 2509.8517897225097 1.0 2
477 nan 1.0 0.8 -1.0 1.0 2514.3472068025144 2514.3481400425144 2514.5854829725145 2513.2966785325134 2516.1524831691227 2514.4813267225145 1.0 2514.4813267225145 1.0 1
478 0.125 nan 0.8 1.0 1.0 2518.046803472518 2518.047736712518 2518.4043677125183 2516.916883142517 2519.963773735336 2518.226252192518 -1.0 2518.226252192518 -1.0 1
479 0.0625 nan 0.8 1.0 1.0 2521.802094572522 2521.803027812522 2530.604914202531 2520.7257688825207 2532.163510972676 2522.001574622522 1.0 2530.4011679125306 -1.0 2
480 0.0625 nan 0.8 -1.0 -1.0 2540.5011911425404 2540.5020243925405 2540.776996892541 2532.962311772533 2543.330160491508 2540.6674745125406 1.0 2540.6674745125406 1.0 1
481 nan 1.0 0.8 -1.0 1.0 2544.885352682545 2544.886319252545 2545.147559792545 2544.124862072544 2546.70196357094 2545.014506432545 1.0 2545.014506432545 1.0 1
482 0.125 nan 0.8 -1.0 -1.0 2548.0467031825483 2548.047536432548 2548.358871962548 2547.4643614225474 2550.913473508171 2548.171124072548 1.0 2548.171124072548 1.0 1
483 0.0 nan 0.8 1.0 1.0 2552.184855992552 2552.1858225625524 2569.236117362569 2551.6741737325515 2570.784311921338 2569.008440132569 -1.0 2569.008440132569 -1.0 1
484 0.125 nan 0.8 1.0 1.0 2572.146359642572 2572.147459532572 2572.4660276725726 2571.617412542572 2574.0297264593955 2572.3521723925724 -1.0 2572.3521723925724 -1.0 1
485 1.0 nan 0.8 1.0 1.0 2575.5342208225757 2575.5350540725753 2575.868220752576 2574.7935282325748 2577.4507485883 2575.684039172576 -1.0 2575.684039172576 -1.0 1
486 nan 1.0 0.8 -1.0 1.0 2578.7629645825787 2578.763997812579 2578.986342242579 2578.2229519225784 2580.5681449884783 2578.890551822579 1.0 2578.890551822579 1.0 1
487 0.25 nan 0.8 1.0 1.0 2582.045602952582 2582.046636182582 2583.0678673825832 2581.3414400425813 2584.6458625680284 2582.233484162582 -1.0 2582.884685702583 -1.0 3
488 0.0 nan 0.8 -1.0 -1.0 2586.1840890625863 2586.1852222825864 2620.09559757262 2585.4209653825856 2622.661550105236 2586.4502291125864 -1.0 2619.90478332262 1.0 3
489 0.0 nan 0.8 1.0 1.0 2624.067200372624 2624.068200272624 2624.739666452625 2623.5697501226236 2626.316963142921 2624.5862817926245 -1.0 2624.5862817926245 -1.0 1
490 nan 0.125 0.8 -1.0 1.0 2627.6288108426274 2627.629810742628 2627.955578162628 2627.0946642626272 2629.528475242499 2627.816058782628 1.0 2627.816058782628 1.0 1
491 1.0 nan 0.8 1.0 1.0 2630.9001170126307 2630.901083582631 2631.4969906526317 2630.3090761226304 2633.066887641259 2631.050435312631 -1.0 2631.050435312631 -1.0 1
492 0.25 nan 0.8 1.0 1.0 2634.3616374926346 2634.3626707226344 2634.6789057626347 2633.8406895926337 2636.2453024555266 2634.5310872126347 -1.0 2634.5310872126347 -1.0 1
493 0.0625 nan 0.8 1.0 1.0 2639.81649195264 2639.81759184264 2646.6422093126466 2637.017005262637 2648.2167372803337 2646.171756362646 -1.0 2646.4448957126465 -1.0 2
494 nan 0.0625 0.8 1.0 -1.0 2650.5780156926508 2650.5790822526506 2657.2829784626574 2649.027237452649 2659.8447437445066 2657.043135782657 -1.0 2657.043135782657 -1.0 1
495 0.25 nan 0.8 1.0 1.0 2661.216285092661 2661.217218332661 2661.5618505326615 2660.6466420626607 2663.1277751564 2661.3930007526615 -1.0 2661.3930007526615 -1.0 1
496 nan 1.0 0.8 -1.0 1.0 2665.3661034026654 2665.3671699626652 2665.5844815626656 2663.904682892664 2667.149583406699 2665.4893244126656 1.0 2665.4893244126656 1.0 1
497 0.25 nan 0.8 1.0 1.0 2669.027870522669 2669.0287704326693 2669.3254740926695 2667.922681052668 2670.894776620545 2669.1713228426693 -1.0 2669.1713228426693 -1.0 1
498 1.0 nan 0.8 1.0 1.0 2673.199619972673 2673.2006865326734 2674.310608862674 2671.6700729426716 2675.882903775285 2673.7599639326736 -1.0 2674.1728893026743 -1.0 2
499 0.125 nan 0.8 1.0 1.0 2677.2110854526773 2677.2119520326773 2677.5052893626776 2676.661307102677 2679.082518031895 2677.3714027526776 -1.0 2677.3714027526776 -1.0 1
500 0.25 nan 0.8 -1.0 -1.0 2680.677138812681 2680.678305362681 2681.3285736626813 2679.86302023268 2683.8944377496714 2680.7329998926807 1.0 2681.0883643526813 -1.0 2
501 0.25 nan 0.8 1.0 1.0 2686.2492482126863 2686.2502147826863 2687.1058292126872 2684.6772387626847 2688.6658300973545 2686.4518612826864 -1.0 2687.073332462687 -1.0 2
502 0.0 nan 0.8 1.0 1.0 2690.1940536926904 2690.19515358269 2698.4100653426985 2689.4716259426896 2699.977260083575 2698.2450818426983 -1.0 2698.2450818426983 -1.0 1
503 0.125 nan 0.8 1.0 1.0 2701.3657697427016 2701.3669029627013 2701.6870709427017 2700.7908605727007 2703.2608685693276 2701.5678495327015 -1.0 2701.5678495327015 -1.0 1
504 0.0 nan 0.8 -1.0 -1.0 2705.6988697227057 2705.6998029627057 2706.043135292706 2704.044868472704 2708.610696520174 2705.912015072706 1.0 2705.912015072706 1.0 1
505 0.25 nan 0.8 1.0 1.0 2709.9486447027098 2709.94974459271 2710.2686793627104 2709.4051990527096 2711.8317092097805 2710.14299193271 -1.0 2710.14299193271 -1.0 1
506 0.0 nan 0.8 1.0 1.0 2713.760430152714 2713.7613300627136 2720.6235104427205 2712.6298098927127 2722.1931377703468 2720.4851909427207 -1.0 2720.4851909427207 -1.0 1
507 0.0 nan 0.8 -1.0 -1.0 2723.5983795927236 2723.599179512724 2761.4091981327615 2723.014437992723 2763.980946549577 2723.6462081427235 -1.0 2760.958976492761 -1.0 10
508 0.0625 nan 0.8 -1.0 -1.0 2765.5262530527657 2765.5271196327653 2787.697069082788 2764.920246992765 2790.2586055865777 2778.163622522778 -1.0 2787.623376452788 1.0 3
509 nan 0.0625 0.8 -1.0 1.0 2792.3805006927923 2792.3816672427924 2792.800725332793 2791.653806702792 2794.342122744954 2792.689403132793 1.0 2792.689403132793 1.0 1
510 1.0 nan 0.8 1.0 1.0 2795.6136440127957 2795.6146439127956 2795.943511022796 2795.138124902795 2797.508815369206 2795.7819605127956 -1.0 2795.7819605127956 -1.0 1
511 1.0 nan 0.8 1.0 1.0 2799.2469139827995 2799.2478472227995 2799.6290424327995 2798.2912095627985 2801.175436679629 2799.4061313927996 -1.0 2799.4061313927996 -1.0 1
512 1.0 nan 0.8 1.0 1.0 2802.4969222828026 2802.4977888628027 2803.0850301328032 2801.970441602802 2804.6468334367105 2802.658272812803 -1.0 2803.015770392803 -1.0 2
513 1.0 nan 0.8 1.0 1.0 2805.958609412806 2805.959409332806 2806.3632356128064 2805.4350284428056 2807.9300592505624 2806.1203265728063 -1.0 2806.1203265728063 -1.0 1
514 1.0 nan 0.8 1.0 1.0 2809.6417410628096 2809.6426743028096 2809.94064450281 2808.721866392809 2811.4921749125338 2809.7904595228097 -1.0 2809.7904595228097 -1.0 1
515 nan 0.25 0.8 -1.0 1.0 2813.1637554928134 2813.164622072813 2823.2958088528235 2812.3038748228123 2824.8800997055137 2819.86995147282 1.0 2823.2162834728233 1.0 3
516 nan 0.125 0.8 -1.0 1.0 2828.3415375628283 2828.3426707828285 2830.03220181283 2825.7249992428256 2831.61352737334 2829.84198750283 1.0 2829.84198750283 1.0 1
517 nan 1.0 0.8 -1.0 1.0 2833.4244625528336 2833.4255624428333 2833.660705592834 2832.4269289828326 2835.2468335675517 2833.552616402834 1.0 2833.552616402834 1.0 1
518 nan 1.0 0.2 -1.0 1.0 2837.0915291428373 2837.0924957128373 2837.5086207628374 2836.0599323128363 2839.0797482129633 2837.3579358328375 1.0 2837.3579358328375 1.0 1
519 nan 0.25 0.2 -1.0 1.0 2840.791192472841 2840.792092382841 2841.122026052841 2839.88354991284 2842.6913557320313 2840.967274862841 1.0 2840.967274862841 1.0 1
520 1.0 nan 0.2 -1.0 -1.0 2846.846453552847 2846.847353462847 2852.5002547828526 2843.5006548328433 2855.074580090843 2847.2512464028473 1.0 2852.4584256328526 1.0 2
521 nan 0.125 0.2 -1.0 1.0 2856.4129968028565 2856.4138300528566 2856.6636717328565 2855.916579782856 2858.246396331588 2856.4507596928565 1.0 2856.4507596928565 1.0 1
522 nan 0.25 0.2 -1.0 1.0 2860.6410739528606 2860.642107182861 2860.8172896628607 2859.0536993728592 2862.3957126970313 2860.7008013128607 1.0 2860.7008013128607 1.0 1
523 0.25 nan 0.2 -1.0 -1.0 2867.6910688828675 2867.6919687928676 2867.898648122868 2863.2325147828633 2870.4796089147426 2867.7424637428676 1.0 2867.7424637428676 1.0 1
524 nan 0.0625 0.2 -1.0 1.0 2871.807390542872 2871.808223792872 2876.097028202876 2871.3195060028715 2877.673850429146 2875.8279884428757 1.0 2875.8279884428757 1.0 1
525 nan 0.25 0.2 -1.0 1.0 2882.1960515728824 2882.1970514728823 2882.4527592328823 2878.5056539828784 2884.0237534329053 2882.3370708028824 1.0 2882.3370708028824 1.0 1
526 nan 0.125 0.2 -1.0 1.0 2885.4289949128856 2885.4299948128855 2885.639573852886 2884.8677510428847 2887.2123649199966 2885.5250519728856 1.0 2885.5250519728856 1.0 1
527 1.0 nan 0.2 1.0 1.0 2889.3234387628895 2889.324272012889 2890.2562788028904 2888.040067112888 2891.828873332889 2889.4774566928895 -1.0 2889.95167593289 1.0 2
528 nan 0.0625 0.2 -1.0 1.0 2893.3733337328936 2893.374200312893 2906.917512512907 2892.654872252893 2908.49073420353 2901.4291947329016 1.0 2906.7402635729068 1.0 4
529 nan 0.125 0.2 -1.0 1.0 2910.06176472291 2910.06296460291 2910.4110297929105 2909.3543354729095 2911.9735291846205 2910.2682107429105 1.0 2910.2682107429105 1.0 1
530 nan 0.25 0.2 -1.0 1.0 2915.3783996729153 2915.3794662329155 2915.661238052916 2912.782725932913 2917.2285334699127 2915.5390836029155 1.0 2915.5390836029155 1.0 1
531 nan 1.0 0.2 -1.0 1.0 2919.95647515292 2919.95737506292 2920.21524927292 2918.0499324929183 2921.790143707912 2920.07616318292 1.0 2920.07616318292 1.0 1
532 nan 0.0 0.2 -1.0 1.0 2923.978272932924 2923.979306162924 2924.3319708929243 2922.6039437129225 2925.9062622163733 2924.1726534929244 1.0 2924.1726534929244 1.0 1
533 nan 0.25 0.2 -1.0 1.0 2927.4948545729276 2927.4959211329274 2927.7607613129276 2926.718765522927 2929.328083939021 2927.6368737029275 1.0 2927.6368737029275 1.0 1
534 nan 0.125 0.2 -1.0 1.0 2930.8233550229306 2930.8241882729308 2930.968173872931 2930.1556884629304 2932.540000116851 2930.785392152931 1.0 2930.785392152931 1.0 1
535 0.25 nan 0.2 -1.0 -1.0 2934.378032852934 2934.3791327429344 2937.2524120529374 2933.3590014329334 2939.823204271822 2934.6258080729344 1.0 2937.110792882937 1.0 2
536 1.0 nan 0.2 1.0 1.0 2941.3944644729413 2941.3953310529414 2941.7843254829418 2940.670803512941 2943.361014963656 2941.5846121229415 -1.0 2941.5846121229415 -1.0 1
537 0.0 nan 0.2 -1.0 -1.0 2944.6895349329448 2944.6906014929446 2944.985272022945 2944.200017222944 2947.556630010624 2944.871716712945 1.0 2944.871716712945 1.0 1
538 nan 0.25 0.2 -1.0 1.0 2949.144822692949 2949.145855922949 2949.4325272529495 2948.385931922948 2951.010924844477 2949.295474292949 1.0 2949.295474292949 1.0 1
539 nan 1.0 0.2 -1.0 1.0 2955.989704802956 2955.990738032956 2956.246945742956 2951.838319982952 2957.8059380313944 2956.1203917329563 1.0 2956.1203917329563 1.0 1
540 0.125 nan 0.2 -1.0 -1.0 2968.3438359329684 2968.3448691629683 2968.6982004929687 2958.6543383129588 2971.2606863882816 2968.572913022969 1.0 2968.572913022969 1.0 1
541 0.0 nan 0.2 -1.0 -1.0 2972.656004672973 2972.6571378929725 2974.813755542975 2972.159387672972 2977.372712971066 2973.066830252973 -1.0 2974.6759359929747 1.0 2
542 nan 0.125 0.2 -1.0 1.0 2978.927244152979 2978.928344042979 2979.2525116229795 2978.2212147629784 2980.8272081866903 2979.130723802979 1.0 2979.130723802979 1.0 1
543 nan 0.0625 0.2 -1.0 1.0 2982.6559379129826 2982.656971142983 2983.157021132983 2981.6540047829817 2984.7272141251956 2982.900113492983 1.0 2982.900113492983 1.0 1
544 nan 0.25 0.2 -1.0 1.0 2991.5884779029916 2991.5894778029915 2991.8589508529917 2985.5479153529855 2993.4223415419615 2991.7402960529917 1.0 2991.7402960529917 1.0 1
545 nan 0.125 0.2 -1.0 1.0 2996.893614002997 2996.894713892997 2997.856651022998 2994.2788421729942 2999.4269731270483 2996.890247672997 1.0 2997.765860102998 1.0 4
546 nan 0.125 0.2 -1.0 1.0 3004.4552244330043 3004.4562576630046 3004.770392913005 3000.2743758930005 3006.3438843165477 3004.6389060630045 1.0 3004.6389060630045 1.0 1
547 nan 0.25 0.2 -1.0 1.0 3010.3552343730103 3010.3561676130103 3010.5695796030104 3007.200383223007 3012.1432009869327 3010.38439812301 1.0 3010.38439812301 1.0 1
548 nan 0.0 0.2 -1.0 1.0 3017.5214176830177 3017.5224175830176 3017.762026953018 3013.003002903013 3019.3220180456146 3017.6565708330177 1.0 3017.6565708330177 1.0 1
549 nan 0.0625 0.2 -1.0 1.0 3022.092927153022 3022.093960383022 3022.5689128830227 3020.18621784302 3024.1434409100475 3022.347368373022 1.0 3022.347368373022 1.0 1
550 nan 0.0 0.2 -1.0 1.0 3029.7546275730297 3029.7554941530298 3030.17885181303 3025.5659464830255 3031.743045374592 3030.00156954303 1.0 3030.00156954303 1.0 1
551 nan 0.25 0.2 -1.0 1.0 3033.4880541930333 3033.4891207530336 3033.7469616330336 3032.6006429430327 3035.3045546295666 3033.639572373034 1.0 3033.639572373034 1.0 1
552 nan 0.125 0.2 -1.0 1.0 3044.143121913044 3044.144255133044 3044.4169945230447 3036.140155623036 3045.97618293857 3044.3290366530446 1.0 3044.3290366530446 1.0 1
553 1.0 nan 0.8 1.0 1.0 3048.5874774330487 3048.5885106630485 3049.225613613049 3046.852484283047 3050.787602860449 3048.980004843049 -1.0 3048.980004843049 -1.0 1
554 0.125 nan 0.8 -1.0 -1.0 3054.675735213055 3054.6767351130547 3055.207082073055 3051.6499044930515 3057.770808563865 3055.040965353055 1.0 3055.040965353055 1.0 1
555 0.25 nan 0.8 -1.0 -1.0 3059.192450163059 3059.1933500730593 3062.020633983062 3058.625606853059 3064.5758263644693 3061.867282653062 1.0 3061.867282653062 1.0 1
556 0.0 nan 0.8 -1.0 -1.0 3065.904212253066 3065.905212153066 3078.934342443079 3065.4248268630654 3081.470696210587 3069.98593737307 1.0 3078.895013043079 1.0 2
557 1.0 nan 0.8 1.0 1.0 3083.058896613083 3083.059929843083 3083.7721919430837 3082.368099033082 3085.336989700507 3083.627406423084 -1.0 3083.627406423084 -1.0 1
558 0.0625 nan 0.8 -1.0 -1.0 3087.891879933088 3087.892846503088 3088.275508233088 3086.1798844830864 3090.842498390659 3088.025599893088 1.0 3088.025599893088 1.0 1
559 1.0 nan 0.8 1.0 1.0 3097.3700653530973 3097.3710319230972 3097.846217733098 3091.704898593092 3099.4086375076436 3097.641138243098 -1.0 3097.641138243098 -1.0 1
560 0.25 nan 0.8 -1.0 -1.0 3102.2033486431023 3102.2042818831023 3105.877581183106 3100.2925397431004 3108.4367693150953 3102.274174893102 1.0 3105.814120863106 1.0 4
561 nan 0.0 0.8 -1.0 1.0 3109.94117478311 3109.94217468311 3110.2939728331103 3109.3193703031093 3111.8584684173443 3110.18281728311 1.0 3110.18281728311 1.0 1
562 0.0625 nan 0.8 -1.0 -1.0 3113.286306903113 3113.2874401231134 3113.5714450531136 3112.704165123113 3116.1363697817183 3113.4195935731136 1.0 3113.4195935731136 1.0 1
563 nan 0.25 0.8 -1.0 1.0 3117.4918863031176 3117.4930528531177 3117.7586929531176 3116.991369693117 3119.320083466548 3117.6381383431176 1.0 3117.6381383431176 1.0 1
564 0.25 nan 0.8 1.0 1.0 3120.775291263121 3120.7763244931207 3121.1511870031213 3120.16398573312 3122.708307394964 3120.974771313121 -1.0 3120.974771313121 -1.0 1
565 1.0 nan 0.8 1.0 1.0 3124.2196467931244 3124.2206133631244 3125.030799003125 3123.5673120331235 3126.5861220420365 3124.4422911931247 -1.0 3124.4422911931247 -1.0 1
566 0.0 nan 0.8 1.0 1.0 3129.041564553129 3129.0425311231293 3138.963838893139 3127.4510236231276 3140.5197589122877 3138.7920227431387 -1.0 3138.7920227431387 -1.0 1
567 1.0 nan 0.8 1.0 1.0 3141.924342813142 3141.925309383142 3142.206447933142 3141.4269592231412 3143.7695700404465 3142.0615624231423 -1.0 3142.0615624231423 -1.0 1
568 1.0 nan 0.8 1.0 1.0 3145.2409111231455 3145.2419443531453 3145.5274491331456 3144.6390713131445 3147.0860763607498 3145.4039281531454 -1.0 3145.4039281531454 -1.0 1
569 0.25 nan 0.8 1.0 1.0 3148.791056073149 3148.792189293149 3149.137154793149 3147.931075413148 3150.6862814622273 3149.004168093149 -1.0 3149.004168093149 -1.0 1
570 0.0 nan 0.8 1.0 1.0 3153.590942703154 3153.5917759531535 3154.5704780731544 3151.5442807231516 3156.124301592236 3153.970971363154 -1.0 3154.4774207131545 -1.0 3
571 nan 0.125 0.8 -1.0 1.0 3157.5022848631575 3157.5030514531577 3159.068794863159 3156.986203143157 3160.6193911189353 3157.740894333158 1.0 3158.960838993159 1.0 2
572 0.125 nan 0.8 -1.0 -1.0 3162.157685943162 3162.158652513162 3193.5661114531936 3161.4801870331617 3196.123590474634 3163.0930923931633 1.0 3193.4483232331936 1.0 16
573 0.25 nan 0.8 1.0 1.0 3197.984836203198 3197.985702783198 3206.3835295832064 3197.0902923331973 3207.9348187208384 3200.2334779832004 -1.0 3206.2047474632063 -1.0 3
574 nan 0.125 0.8 -1.0 1.0 3209.322968943209 3209.3238355232093 3209.70373086321 3208.8252187232088 3211.256623960941 3209.5498129232096 1.0 3209.5498129232096 1.0 1
575 nan 0.125 0.8 -1.0 1.0 3213.2851060232133 3213.286105923213 3213.661935003214 3212.114423103212 3215.223351567309 3213.5017176932133 1.0 3213.5017176932133 1.0 1
576 0.125 nan 0.8 -1.0 -1.0 3216.568377663217 3216.5693775632167 3216.880713093217 3216.095658273216 3219.4350706105233 3216.726961803217 1.0 3216.726961803217 1.0 1
577 nan 0.0 0.8 -1.0 1.0 3221.089725483221 3221.090658723221 3222.7928551532227 3220.2984712832204 3224.3564776869835 3221.016199503221 1.0 3222.682432863223 1.0 3
578 0.125 nan 0.8 -1.0 -1.0 3225.784355973226 3225.7852225532256 3227.128554873227 3225.2322778532252 3229.6848804133474 3226.883246073227 1.0 3226.883246073227 1.0 1
579 nan 0.0625 0.8 -1.0 1.0 3231.3895620632316 3231.3904619732316 3232.3853958032323 3230.5583785232307 3233.9348874580382 3231.7409935832316 1.0 3232.2976712432323 1.0 2
580 1.0 nan 0.8 1.0 1.0 3237.0396303332373 3237.040696893237 3237.6465029732376 3234.804087243235 3239.2011213873793 3237.3602982632374 -1.0 3237.3602982632374 -1.0 1
581 0.0625 nan 0.8 -1.0 -1.0 3241.105890333241 3241.106956893241 3260.5223151632604 3240.08422584324 3263.0725651938887 3247.6459362632477 -1.0 3253.9828025132542 1.0 3
582 0.25 nan 0.8 -1.0 -1.0 3266.5171822832667 3266.5181821832666 3288.5881416332886 3264.026164743264 3291.1332544449306 3288.4299241232884 1.0 3288.4299241232884 1.0 1
583 nan 1.0 0.8 -1.0 1.0 3292.6050065732925 3292.6061064632927 3292.8310506332928 3292.104556623292 3294.383672185755 3292.7365934132927 1.0 3292.7365934132927 1.0 1
584 0.125 nan 0.8 -1.0 -1.0 3296.4881515532966 3296.4890181332967 3310.831450413311 3295.250375343295 3313.3834033412822 3299.1827154032994 1.0 3310.772223003311 1.0 4
585 0.0625 nan 0.8 -1.0 -1.0 3314.854948023315 3314.856047913315 3327.4475219733276 3314.2982037033144 3330.0045722715477 3318.690497763319 -1.0 3327.3072693333274 1.0 3
586 1.0 nan 0.8 -1.0 -1.0 3332.183015043332 3332.1841149333322 3343.4559209733434 3330.925174173331 3346.0210401540744 3332.3786954733323 -1.0 3343.3608304833433 1.0 3
