NR_0029 d85c454e-8737-4cba-b6ad-b2339429d99b steinmetzlab 2026-07-28T16:01:20.797097 _iblrig_tasks_ephysChoiceWorld6.6.2 F 180 413
0 nan 1.0 0.5 -1.0 1.0 73.85411385007386 73.76615598007376 74.75015757007475 73.14845109007315 76.3039641721856 74.32393353007433 1.0 74.32393353007433 1.0 1
1 0.125 nan 0.5 1.0 1.0 77.51468109007752 77.51574765007751 78.39006021007839 77.01236466007701 79.93734426105092 77.76312291007777 -1.0 78.38989356007839 -1.0 2
2 1.0 nan 0.5 -1.0 -1.0 81.74785773008175 81.74899095008175 82.64163501008264 80.62173702008062 85.18124783997972 81.74082510008174 1.0 81.991333380082 -1.0 2
3 0.125 nan 0.5 1.0 1.0 86.52038043008652 86.52121368008652 87.52534659008752 85.85334714008586 89.08115455586425 86.49614952008649 1.0 87.28653714008729 -1.0 5
4 nan 0.125 0.5 -1.0 1.0 90.33709872009034 90.33813195009034 90.63136929009063 89.78695374008979 92.1811442873801 90.51678075009052 1.0 90.51678075009052 1.0 1
5 nan 0.25 0.5 -1.0 1.0 97.02053031009702 97.02133023009702 97.25474022009726 92.93733867009294 98.83704479651247 97.15058397009714 1.0 97.15058397009714 1.0 1
6 nan 0.25 0.5 -1.0 1.0 101.83081590010183 101.83191579010183 102.15934971010216 99.55704330009956 103.73075500420221 102.03806184010205 1.0 102.03806184010205 1.0 1
7 nan 1.0 0.5 -1.0 1.0 105.3868602601054 105.38782683010538 105.65776650010567 104.44295466010445 107.23684280571852 105.52787949010553 1.0 105.52787949010553 1.0 1
8 nan 0.25 0.5 -1.0 1.0 108.53064585010853 108.53144577010853 108.99536604010899 107.94983727010795 110.56994037530575 108.55754316010857 1.0 108.8060516401088 -1.0 2
9 0.125 nan 0.5 1.0 1.0 112.5973058101126 112.5983723701126 112.86424578011287 111.26883867011126 114.43665481009306 112.74822405011275 -1.0 112.74822405011275 -1.0 1
10 0.0 nan 0.5 -1.0 -1.0 115.71386079011572 115.71502734011571 117.007264770117 115.0975557601151 119.58646450996271 115.72309320011573 1.0 116.93020581011693 1.0 3
11 nan 0.0625 0.5 -1.0 1.0 120.83044908012083 120.83151564012083 121.55914287012156 120.35136366012036 123.1304560875623 121.08189060012108 1.0 121.41489063012142 1.0 2
12 nan 0.25 0.5 -1.0 1.0 125.46991842012547 125.47075167012547 126.04376103012605 123.80325177012381 127.61996528890813 125.68273047012569 1.0 125.68273047012569 1.0 1
13 nan 0.0625 0.5 -1.0 1.0 128.8136506801288 128.81468391012882 129.3015685501293 128.33276544012833 130.86964798857065 129.14805057012916 1.0 129.14805057012916 1.0 1
14 0.0625 nan 0.5 -1.0 -1.0 132.13025232013214 132.13128555013213 132.54761058013256 131.58154053013158 135.11364866729608 132.05082693013205 1.0 132.41805687013243 1.0 2
15 0.0 nan 0.5 -1.0 -1.0 136.8028516801368 136.8038515801368 137.1988454101372 135.84044793013584 139.76354914979868 137.08455684013708 1.0 137.08455684013708 1.0 1
16 1.0 nan 0.5 1.0 1.0 141.5027149801415 141.5037482101415 141.84484743014184 140.51594700014053 143.41335494398706 141.74809044014174 -1.0 141.74809044014174 -1.0 1
17 0.0 nan 0.5 -1.0 -1.0 144.8027182801448 144.8036848501448 145.3943591101454 144.1085543701441 147.9633662929308 145.25977257014526 1.0 145.25977257014526 1.0 1
18 nan 0.0625 0.5 1.0 -1.0 149.55254325014954 149.55360981014957 150.48025047015048 148.65766608014866 153.04656084489272 150.37629420015037 -1.0 150.37629420015037 -1.0 1
19 0.25 nan 0.5 1.0 1.0 154.26917154015428 154.2701714401543 154.6047713101546 153.74095770015373 156.18594832263187 154.47291783015447 -1.0 154.47291783015447 -1.0 1
20 0.0625 nan 0.5 1.0 1.0 157.57974045015757 157.58080701015757 157.8932424301579 156.88704306015688 159.46304585091488 157.77475428015777 -1.0 157.77475428015777 -1.0 1
21 0.25 nan 0.5 1.0 1.0 163.7187598201637 163.71962640016372 164.16784824016418 160.20984408016022 165.7357545140875 164.07479088016407 -1.0 164.07479088016407 -1.0 1
22 0.125 nan 0.5 1.0 1.0 172.04612700017205 172.04712690017206 172.54734354017256 166.44735360016645 174.1187475469739 172.38289332017237 -1.0 172.38289332017237 -1.0 1
23 0.0625 nan 0.5 1.0 1.0 175.3960586401754 175.3970585401754 175.60947063017562 174.86824476017486 177.17944375634463 175.34249733017535 -1.0 175.34249733017535 -1.0 1
24 nan 0.0625 0.5 -1.0 1.0 178.4187230101784 178.41965625017843 178.7756539801788 177.90744081017792 180.35215679940325 178.6131369001786 1.0 178.6131369001786 1.0 1
25 nan 0.125 0.5 -1.0 1.0 183.26263857018327 183.26353848018326 184.03546128018402 181.06005885018106 185.60196574857684 183.5823399301836 1.0 183.95223627018396 1.0 2
26 0.25 nan 0.5 1.0 1.0 186.92920521018692 186.93013845018694 187.29526860018728 186.33596454018632 188.86857402698377 187.15671579018715 -1.0 187.15671579018715 -1.0 1
27 nan 0.125 0.5 -1.0 1.0 190.04579352019005 190.04672676019004 190.57157427019058 189.57327411018957 192.14575409042195 190.05089301019007 -1.0 190.37202756019036 1.0 2
28 nan 1.0 0.5 -1.0 1.0 193.3849595701934 193.38599280019338 193.63886751019365 192.85374603019287 195.1957697860783 193.5171463501935 1.0 193.5171463501935 1.0 1
29 nan 0.0625 0.5 -1.0 1.0 198.23500785019823 198.23590776019824 198.65046630019864 195.9034743601959 200.21237297402968 198.52597875019853 1.0 198.52597875019853 1.0 1
30 0.25 nan 0.5 1.0 1.0 201.51821283020152 201.51917940020152 201.87874344020187 200.94257040020094 203.45165570669144 201.72909174020174 -1.0 201.72909174020174 -1.0 1
31 0.25 nan 0.5 1.0 1.0 204.87881007020488 204.87977664020488 205.6958616902057 204.15604902020416 207.26836618266236 204.82118250020483 1.0 205.57177410020557 -1.0 2
32 0.125 nan 0.5 -1.0 -1.0 208.47875004020847 208.4796832802085 209.1890123402092 207.96986760020798 211.75145623069915 208.70839374020872 -1.0 209.06002524020906 1.0 2
33 nan 0.25 0.5 -1.0 1.0 212.97870000021297 212.97959991021298 213.3181660502133 212.46155172021247 214.88476950215812 213.18311289021318 1.0 213.18311289021318 1.0 1
34 nan 0.125 0.5 -1.0 1.0 216.1119199802161 216.11285322021612 216.63426774021664 215.5907721002156 218.2013750040846 216.4105234502164 1.0 216.4105234502164 1.0 1
35 nan 1.0 0.5 -1.0 1.0 219.62856828021964 219.62946819021963 219.9203724302199 218.9122732502189 221.47865348313613 219.7972180802198 1.0 219.7972180802198 1.0 1
36 nan 0.125 0.5 -1.0 1.0 222.76802097022278 222.76905420022277 223.22017575022323 222.18994545022218 224.77854888720893 223.02696174022302 1.0 223.02696174022302 1.0 1
37 1.0 nan 0.5 1.0 1.0 226.13468427022613 226.13565084022613 226.3754601902264 225.5045472902255 227.9343642332123 226.25200587022624 -1.0 226.25200587022624 -1.0 1
38 nan 1.0 0.5 -1.0 1.0 229.12838487022913 229.12925145022913 229.45795191022947 228.64446660022864 231.01176305132506 229.34036367022935 1.0 229.34036367022935 1.0 1
39 0.25 nan 0.5 1.0 1.0 232.25110590023226 232.25220579023227 232.93107123023293 231.71615940023173 234.50117529294513 232.24274007023226 -1.0 232.92450522023293 -1.0 3
40 0.125 nan 0.5 1.0 1.0 235.77825315023577 235.77911973023578 236.24957268023624 235.2082768202352 237.81155515887673 236.13268437023615 -1.0 236.13268437023615 -1.0 1
41 nan 1.0 0.5 -1.0 1.0 240.53424417024053 240.53541072024055 240.89047521024088 238.50784683023852 242.45097330657504 240.76712088024078 1.0 240.76712088024078 1.0 1
42 1.0 nan 0.5 1.0 1.0 243.77811975024377 243.77895300024377 243.991365090244 243.21517605024323 245.55097547048268 243.83738049024385 -1.0 243.83738049024385 -1.0 1
43 nan 0.125 0.5 1.0 -1.0 248.8113830402488 248.81251626024883 248.93850366024895 246.24837270024625 251.4947791685112 248.82848133024882 -1.0 248.82848133024882 -1.0 1
44 nan 0.0625 0.5 -1.0 1.0 254.2172424002542 254.2180756502542 254.94946917025496 252.2083766402522 256.51127757567053 254.47265019025448 1.0 254.92093869025493 1.0 3
45 0.25 nan 0.5 1.0 1.0 257.8672440302579 257.86834392025787 258.23397402025824 257.2202754002572 259.8006807569313 258.11535255025814 -1.0 258.11535255025814 -1.0 1
46 nan 1.0 0.5 -1.0 1.0 261.72785793026173 261.7289244902617 262.2844689302623 260.5104796802605 263.8505775481279 262.15498188026214 1.0 262.15498188026214 1.0 1
47 nan 0.0 0.5 -1.0 1.0 265.3776595802654 265.3784928302654 265.72865781026576 264.5601746702646 267.2944636460611 265.5101130002655 1.0 265.5101130002655 1.0 1
48 nan 0.0625 0.5 -1.0 1.0 268.8670106102689 268.86811050026887 269.9083731302699 268.05985800026804 271.4610782979557 269.78668530026977 1.0 269.78668530026977 1.0 1
49 0.0625 nan 0.5 -1.0 -1.0 272.6837955602727 272.6846954702727 273.6593313302737 272.17158012027215 276.23357318101125 273.3044334902733 1.0 273.6199019402736 1.0 2
50 0.0625 nan 0.5 1.0 1.0 277.4107894802774 277.4119227002774 277.9133725502779 276.9427696202769 279.4775789927121 277.7664539102778 -1.0 277.7664539102778 -1.0 1
51 nan 1.0 0.5 -1.0 1.0 280.93357050028095 280.93450374028095 281.3139657902813 280.1815790402802 282.88357530349776 281.018861970281 -1.0 281.018861970281 -1.0 1
52 nan 0.0 0.5 -1.0 1.0 284.0774894102841 284.0784559802841 284.83218060028486 283.5868718102836 286.4000800937475 284.3577613802844 1.0 284.8112826902848 1.0 4
53 0.125 nan 0.5 -1.0 -1.0 288.6439993802886 288.64503261028864 289.26000444028926 287.17307982028717 291.8105804762894 288.81084936028884 1.0 289.1993105102892 1.0 2
54 nan 0.0625 0.5 -1.0 1.0 293.28316875029327 293.2839353402933 294.2019768602942 292.52137827029253 295.7667841293732 293.6825954702937 1.0 294.15038202029416 1.0 2
55 1.0 nan 0.5 1.0 1.0 296.993830980297 296.994864210297 297.3243645902973 296.4739829702965 298.87717744704196 297.2009436002972 -1.0 297.2009436002972 -1.0 1
56 nan 1.0 0.5 -1.0 1.0 300.0997536903001 300.1007869203001 300.8359800603008 299.5839719402996 302.3997585352085 300.3665603403004 1.0 300.3665603403004 1.0 1
57 nan 1.0 0.5 -1.0 1.0 304.1603475903042 304.16138082030415 304.74425586030475 303.10985265030314 306.3162566346457 304.35112851030436 1.0 304.64223273030467 1.0 2
58 0.25 nan 0.5 1.0 1.0 307.62690090030765 307.6279674603076 307.969766610308 307.0848551103071 309.5329710369172 307.82991393030784 -1.0 307.82991393030784 -1.0 1
59 1.0 nan 0.5 1.0 1.0 310.7101925403107 310.7112591003107 311.04765879031106 310.23847305031023 312.61016900952654 310.8865415703109 -1.0 310.8865415703109 -1.0 1
60 nan 0.25 0.5 -1.0 1.0 314.04959190031406 314.05052514031405 314.5923709503146 313.31656521031334 316.143576471734 314.2260075903142 1.0 314.2260075903142 1.0 1
61 0.125 nan 0.5 1.0 1.0 317.3994902103174 317.4004567803174 319.4984802903195 316.8665768403169 321.0662863040641 317.6978270403177 -1.0 319.43385342031945 -1.0 2
62 0.0625 nan 0.5 -1.0 -1.0 322.3932574503224 322.3943573403224 322.6110356703226 321.77878557032176 325.17667829032337 322.4184216003224 1.0 322.4184216003224 1.0 1
63 nan 0.0 0.5 1.0 -1.0 326.5492418103266 326.55027504032654 326.9166050703269 325.8906743403259 329.4828737885235 326.73752298032673 -1.0 326.73752298032673 -1.0 1
64 nan 0.25 0.5 -1.0 1.0 331.4264873703314 331.4274872703314 331.8689764503319 330.2545712403303 333.4326820434424 331.72295772033175 1.0 331.72295772033175 1.0 1
65 nan 0.25 0.5 -1.0 1.0 334.6265006703346 334.6274339103346 334.995263790335 334.14638202033416 336.54927503702083 334.8562776903349 1.0 334.8562776903349 1.0 1
66 0.0625 nan 0.5 1.0 1.0 338.04302565033805 338.04402555033806 338.43948600033843 337.26257037033724 339.9930638464499 338.31423186033834 -1.0 338.31423186033834 -1.0 1
67 1.0 nan 0.5 1.0 1.0 341.3655933603414 341.36662659034135 343.93117011034394 340.70295963034073 345.48227681696136 341.6102022303416 -1.0 343.91587164034394 -1.0 3
68 1.0 nan 0.5 1.0 1.0 346.8929405703469 346.8938404803469 347.35616091034734 346.1945770803462 348.898967515242 347.1781120503472 -1.0 347.1781120503472 -1.0 1
69 1.0 nan 0.5 1.0 1.0 350.54274222035053 350.54377545035055 350.85337782035083 349.6764621903497 352.40958178103676 350.74062243035075 -1.0 350.74062243035075 -1.0 1
70 nan 0.125 0.5 -1.0 1.0 353.64879825035365 353.64969816035364 354.3448619703544 353.1210843603531 355.8820751923472 353.8866744603539 1.0 354.2846679903543 1.0 2
71 0.0625 nan 0.5 1.0 1.0 357.2927338203573 357.29363373035727 357.65216454035766 356.5945703103566 359.1988735981405 357.5477083203576 -1.0 357.5477083203576 -1.0 1
72 1.0 nan 0.5 1.0 1.0 360.4093221303604 360.4102220403604 360.6716625603607 359.9111719503599 362.209375975346 360.54464193036057 -1.0 360.54464193036057 -1.0 1
73 nan 0.0 0.5 1.0 -1.0 363.41525484036345 363.41618808036344 363.8855078103639 362.8846745703629 366.425883409848 363.6730957203637 -1.0 363.6730957203637 -1.0 1
74 0.0625 nan 0.5 1.0 1.0 367.73188980036775 367.73275638036773 371.3748921303714 367.1354827803671 372.9091935647781 368.16684630036815 -1.0 371.33266302037134 -1.0 3
75 0.25 nan 0.5 1.0 1.0 374.24847141037424 374.24930466037426 374.5234772403745 373.7015927703737 376.0984867984696 374.4052557303744 -1.0 374.4052557303744 -1.0 1
76 0.0 nan 0.5 1.0 1.0 377.45898366037744 377.4598835703775 378.5683727103786 376.8044824503768 380.1485794591831 378.4487846703785 -1.0 378.4487846703785 -1.0 1
77 nan 0.0625 0.5 1.0 -1.0 381.6256002903816 381.62650020038166 381.7754853003818 380.86467639038085 384.3483888072917 381.66679617038164 -1.0 381.66679617038164 -1.0 1
78 nan 0.0 0.5 1.0 -1.0 387.24220524038725 387.2430384903872 388.95166761038894 385.07178897038506 391.5315734350271 388.8299131203888 -1.0 388.8299131203888 -1.0 1
79 nan 0.25 0.5 -1.0 1.0 393.65873019039367 393.6599634003937 393.998696190394 392.2663694403923 395.58158931790786 393.8913069303939 1.0 393.8913069303939 1.0 1
80 nan 0.25 0.5 -1.0 1.0 396.90867183039694 396.9099050403969 397.2062754003972 396.3775916103964 398.7753842985464 397.0805213103971 1.0 397.0805213103971 1.0 1
81 nan 0.0625 0.5 -1.0 1.0 400.1813778604002 400.1824444204002 400.62456687040066 399.4984794903995 402.19187545485596 400.46948238040045 1.0 400.46948238040045 1.0 1
82 0.125 nan 0.5 -1.0 -1.0 403.43131950040345 403.43271936040344 404.0673558904041 402.9078718504029 406.6417952919124 403.83097953040385 1.0 403.83097953040385 1.0 1
83 0.0625 nan 0.5 -1.0 -1.0 408.2977994704083 408.2989326904083 409.10591865040914 407.3206971904073 411.6810926442676 408.92413683040894 1.0 408.92413683040894 1.0 1
84 nan 0.125 0.5 -1.0 1.0 412.87507503041286 412.87584162041287 413.0927865904131 412.3963895704124 414.6583888290455 412.989996870413 1.0 412.989996870413 1.0 1
85 nan 0.125 0.5 -1.0 1.0 416.04772440041603 416.04879096041606 416.2593699004163 415.43288589041543 417.82488001681526 416.14901427041616 1.0 416.14901427041616 1.0 1
86 0.25 nan 0.5 1.0 1.0 420.2476377004202 420.24870426042025 420.76428603042075 418.53467568041856 422.33099085471906 420.56393940042057 -1.0 420.56393940042057 -1.0 1
87 0.0 nan 0.5 -1.0 -1.0 423.74145495042376 423.74228820042373 424.26560253042425 423.044391330423 426.83077957026654 424.15514691042415 1.0 424.15514691042415 1.0 1
88 0.125 nan 0.5 1.0 1.0 428.8414115704288 428.84251146042885 429.13958175042916 427.54067499042753 430.7141864189393 429.024193290429 -1.0 429.024193290429 -1.0 1
89 nan 0.125 0.5 -1.0 1.0 431.9079715504319 431.90880480043194 432.2927997304323 431.4248865304314 433.85807737016387 432.13488219043217 1.0 432.13488219043217 1.0 1
90 0.0625 nan 0.8 1.0 1.0 435.0806542504351 435.0817874704351 435.45228375043547 434.56877211043457 437.0245800416697 435.32376327043534 -1.0 435.32376327043534 -1.0 1
91 0.25 nan 0.8 1.0 1.0 438.4805808904385 438.48168078043847 439.27450149043926 437.8231799704378 440.8470768700591 438.65666328043864 -1.0 439.09488612043907 1.0 2
92 0.25 nan 0.8 1.0 1.0 443.3745247804434 443.3755580104434 444.13348221044413 441.5523736804416 445.7138867113653 444.004095150444 -1.0 444.004095150444 -1.0 1
93 0.25 nan 0.8 1.0 1.0 446.9076714304469 446.9085046804469 447.1997755504472 446.42278659044644 448.78048383114833 447.0873534604471 -1.0 447.0873534604471 -1.0 1
94 0.25 nan 0.8 1.0 1.0 450.9076713904509 450.9087379504509 451.27350147045127 449.4842804104495 452.8470025728449 451.1066848204511 -1.0 451.1066848204511 -1.0 1
95 0.0625 nan 0.8 1.0 1.0 454.32419637045433 454.3253629204543 454.5952026004546 453.57210492045357 456.16350861868415 454.4692818604545 -1.0 454.4692818604545 -1.0 1
96 0.0625 nan 0.8 1.0 1.0 457.35752634045735 457.35895953045735 457.6186002304576 456.8834070904569 459.19690118709894 457.4846469604575 -1.0 457.4846469604575 -1.0 1
97 1.0 nan 0.8 1.0 1.0 462.3074979604623 462.3085311904623 462.7928827504628 459.98919648046 464.3635899864799 462.6887265004627 -1.0 462.6887265004627 -1.0 1
98 0.0625 nan 0.8 1.0 1.0 465.6907262704657 465.6917928304657 466.1138839504661 465.0876865804651 467.68019026365636 465.975364470466 -1.0 465.975364470466 -1.0 1
99 0.0 nan 0.8 1.0 1.0 469.1072845804691 469.10805117046914 469.4771809204695 468.3991887304684 471.046588158345 469.2813005104693 -1.0 469.2813005104693 -1.0 1
100 0.125 nan 0.8 1.0 1.0 472.3071645604723 472.30799781047233 472.8099809404728 471.76488546047176 474.3798878061455 472.5828703204726 -1.0 472.5828703204726 -1.0 1
101 0.125 nan 0.8 1.0 1.0 475.79044953047577 475.7912494504758 479.10858435047913 475.0934859004751 480.6737900588969 475.85044353047584 -1.0 479.0776541104791 -1.0 4
102 0.25 nan 0.8 1.0 1.0 483.31306386048334 483.3140970904833 483.74958687048377 481.4017883404814 485.30708628212517 483.62829900048365 -1.0 483.62829900048365 -1.0 1
103 0.0625 nan 0.8 1.0 1.0 486.71295717048673 486.7140237304867 487.0772874004871 486.11698344048614 488.6463920998842 486.9137370904869 -1.0 486.9137370904869 -1.0 1
104 0.125 nan 0.8 1.0 1.0 489.99029607049 489.99129597049 490.40468796049043 489.36449199048934 491.97989424183703 490.2703680604903 -1.0 490.2703680604903 -1.0 1
105 0.25 nan 0.8 1.0 1.0 493.1902093804932 493.1912426104932 493.3020981904933 492.6942923104927 494.8736019661401 493.12611579049315 -1.0 493.12611579049315 -1.0 1
106 nan 0.0 0.8 1.0 -1.0 496.0795537504961 496.08048699049607 498.1717778404982 495.5922024904956 500.7460870120505 496.1246159104961 -1.0 498.07192116049805 -1.0 2
107 0.25 nan 0.8 1.0 1.0 501.97339764050196 501.97436421050196 502.3999883105024 501.4571826005015 503.9566944937326 502.2856330805023 -1.0 502.2856330805023 -1.0 1
108 0.25 nan 0.8 1.0 1.0 505.26253536050524 505.2636352505053 507.6827933105077 504.66329529050466 509.2399006621417 505.53554139050556 -1.0 507.5685380705076 -1.0 2
109 0.0625 nan 0.8 1.0 1.0 510.47941362051046 510.4805801705105 512.0254923305121 509.95709919050995 513.5960929493433 510.7064575805107 1.0 511.76105211051174 -1.0 4
110 0.125 nan 0.8 1.0 1.0 514.8729742205148 514.8737741405149 515.3355946205154 514.3903891505144 516.9123987263434 515.2128069005153 -1.0 515.2128069005153 -1.0 1
111 0.0625 nan 0.8 -1.0 -1.0 518.1730441805182 518.1740440805182 518.4203861105184 517.6261988705177 520.9957937776638 518.2794668705183 1.0 518.2794668705183 1.0 1
112 0.0625 nan 0.8 1.0 1.0 522.4396508105225 522.4406507105224 523.6436970605237 521.7117902705218 525.2126018665396 523.5080772905235 -1.0 523.5080772905235 -1.0 1
113 0.0625 nan 0.8 1.0 1.0 526.4895791105265 526.4905790105265 526.7286885305267 525.929101830526 528.295697510887 526.5972683405266 -1.0 526.5972683405266 -1.0 1
114 nan 0.125 0.8 -1.0 1.0 529.6561624205297 529.6571623205297 530.2228057505303 529.011093600529 531.7895087437137 529.99632840053 1.0 529.99632840053 1.0 1
115 0.0 nan 0.8 1.0 1.0 533.1621784505331 533.1631116905331 536.986296000537 532.5118101605325 538.5621954960714 533.7616851605337 -1.0 536.9547991505369 -1.0 4
116 0.0625 nan 0.8 1.0 1.0 539.95593234054 539.95696557054 545.7597185705457 539.3665912805394 547.3223928492888 541.4056206905414 -1.0 545.5680710705456 -1.0 5
117 0.25 nan 0.8 1.0 1.0 548.5453399805485 548.5465065305485 549.1296148805492 548.0370908105481 550.6891169605556 549.009726870549 -1.0 549.009726870549 -1.0 1
118 1.0 nan 0.8 1.0 1.0 551.911769970552 551.9127365405519 552.2562021905522 551.3974214105514 553.8225128407463 552.1271817605522 -1.0 552.1271817605522 -1.0 1
119 nan 0.0 0.8 1.0 -1.0 555.1285482605551 555.1296814805552 555.7696508105557 554.5338077405545 558.3224226969911 555.6461298305557 -1.0 555.6461298305557 -1.0 1
120 0.0625 nan 0.8 -1.0 -1.0 560.6117332205606 560.6125664705606 561.0602217005611 559.0457231705591 563.6223260389891 560.7290881505608 1.0 561.0288581705611 1.0 2
121 nan 0.0625 0.8 -1.0 1.0 564.928334850565 564.9291681005649 565.2990977705653 564.3684241805644 566.8617096139051 565.2137063105653 1.0 565.2137063105653 1.0 1
122 0.0 nan 0.8 -1.0 -1.0 568.2053071205682 568.2060737105683 569.3510592005694 567.5816028305676 571.9054227134319 569.2181391605692 1.0 569.2181391605692 1.0 1
123 0.125 nan 0.8 1.0 1.0 574.3948547705744 574.3959546605744 575.0238252005751 572.7026240105727 576.5947307724872 574.927268190575 -1.0 574.927268190575 -1.0 1
124 1.0 nan 0.8 1.0 1.0 577.8553086905779 577.8562086005778 578.2309044605782 577.3124296505773 579.7887166156676 578.1198822305781 -1.0 578.1198822305781 -1.0 1
125 0.0 nan 0.8 1.0 1.0 581.2279380605812 581.2288379705813 582.4682140205824 580.5060102605805 584.0278226535274 582.3080633705823 -1.0 582.3080633705823 -1.0 1
126 0.0 nan 0.8 1.0 1.0 585.2385036305852 585.2394368705852 589.7015239505897 584.7147226805847 591.2551306664259 585.946832790586 -1.0 589.6052002505896 -1.0 3
127 0.0625 nan 0.8 1.0 1.0 592.7276879705927 592.7285878805927 592.8762064505929 591.980829330592 594.444417333208 592.7160558005927 -1.0 592.7160558005927 -1.0 1
128 1.0 nan 0.8 1.0 1.0 595.8550418705959 595.8561750905959 596.084718900596 595.1612112605952 597.6444263589784 595.981229250596 -1.0 595.981229250596 -1.0 1
129 0.25 nan 0.8 1.0 1.0 598.9382668505989 598.939133430599 599.6158324205996 598.3272279605983 601.1776309983878 599.1262813805992 -1.0 599.4402499805994 1.0 2
130 0.0625 nan 0.8 1.0 1.0 602.4548484906024 602.4560483706025 604.5394066806045 601.980229290602 606.1107152198388 602.7298543206027 -1.0 604.4512155006045 -1.0 2
131 1.0 nan 0.8 1.0 1.0 607.3880884506074 607.3889550306073 607.9394333106079 606.8353104006069 609.4942083469742 607.7895149706078 -1.0 607.7895149706078 -1.0 1
132 0.0 nan 0.8 1.0 1.0 610.7213550906107 610.7225549706108 612.6938244906127 610.2199052406103 614.26072667333 612.1279144206121 -1.0 612.5799692106126 -1.0 2
133 0.125 nan 0.8 1.0 1.0 615.6712267206157 615.6724599306157 616.0150256706161 614.990028180615 617.5774316954535 615.9031368606159 -1.0 615.9031368606159 -1.0 1
134 0.0625 nan 0.8 1.0 1.0 618.8879050206189 618.8890715706189 619.3037301006193 618.3036301206183 620.8544362739575 619.1707434006191 -1.0 619.1707434006191 -1.0 1
135 0.25 nan 0.8 1.0 1.0 622.093817730622 622.0949842806222 622.4030201406224 621.5832354606216 623.9546302924459 622.2982972806223 -1.0 622.2982972806223 -1.0 1
136 0.25 nan 0.8 1.0 1.0 625.1771427006252 625.1782759206252 625.4704133706255 624.6764261106247 627.0044175530468 625.3300274106253 -1.0 625.3300274106253 -1.0 1
137 1.0 nan 0.8 1.0 1.0 631.0938176406311 631.0948175406311 631.3989204606314 627.8186118606278 632.9603250609001 631.2786991506313 -1.0 631.2786991506313 -1.0 1
138 1.0 nan 0.8 1.0 1.0 634.3542582306344 634.3550914806343 635.020824900635 633.6901246506337 636.5709321844801 634.5902013006346 -1.0 634.987594890635 -1.0 2
139 0.25 nan 0.8 1.0 1.0 637.9101026106379 637.9110025206379 638.3470255806384 637.2873315606373 639.8936339286843 638.2282041306382 -1.0 638.2282041306382 -1.0 1
140 0.0625 nan 0.8 1.0 1.0 641.954131500642 641.9552647206419 642.9362332806429 640.6156320306407 644.470840883851 642.8169452106429 -1.0 642.8169452106429 -1.0 1
141 0.25 nan 0.8 1.0 1.0 645.8268108606459 645.8278440906458 646.2244377606462 645.2003401806452 647.7767446545806 646.0838851506461 -1.0 646.0838851506461 -1.0 1
142 0.125 nan 0.8 1.0 1.0 649.2040064406492 649.2047730306492 649.4862448806495 648.5016433506485 651.0266259759819 649.3722896106494 -1.0 649.3722896106494 -1.0 1
143 nan 0.0 0.8 1.0 -1.0 652.3538580906524 652.3547246706523 653.0253909306531 651.7506184206518 655.5873222879454 652.9056362406529 -1.0 652.9056362406529 -1.0 1
144 1.0 nan 0.8 1.0 1.0 657.2932307706573 657.2942973306573 657.5617372506575 656.3942206806564 659.1266401908713 657.4508483406574 -1.0 657.4508483406574 -1.0 1
145 0.0 nan 0.8 1.0 1.0 660.4704130206604 660.4715462406605 661.2726327906613 659.8397427606599 662.8266417444861 661.1306803206611 -1.0 661.1306803206611 -1.0 1
146 0.0625 nan 0.8 1.0 1.0 664.1870413206642 664.1881412106642 664.2719328306642 663.5434390206635 665.8371403877627 664.1311802406641 -1.0 664.1311802406641 -1.0 1
147 nan 0.125 0.8 -1.0 1.0 668.8595740206689 668.8603739406689 669.5613371706696 666.5514381906665 671.1264429438369 669.1170149406692 1.0 669.1170149406692 1.0 1
148 nan 1.0 0.8 1.0 -1.0 672.5369395806725 672.5379728106725 672.7383194406727 671.8523413806719 675.2929299714377 672.5416391106726 -1.0 672.5416391106726 -1.0 1
149 0.0625 nan 0.8 1.0 1.0 676.5702028806766 676.5712361106765 677.024224140677 676.014125160676 678.5867308879524 676.8994366206769 -1.0 676.8994366206769 -1.0 1
150 0.0625 nan 0.8 1.0 1.0 679.7762155806798 679.7771488206798 680.1264472206801 679.2995299206793 681.68682402534 680.01389181068 -1.0 680.01389181068 -1.0 1
151 nan 0.125 0.8 -1.0 1.0 683.1094488906831 683.1104154606832 684.3686229606843 682.4018196606825 685.9260245223576 683.4108854106834 1.0 684.3065625006843 1.0 3
152 0.25 nan 0.8 1.0 1.0 687.2533344606873 687.2543343606873 687.6009330306877 686.6998231506867 689.1533369148475 687.4783786206875 -1.0 687.4783786206875 -1.0 1
153 0.25 nan 0.8 1.0 1.0 692.042655480692 692.043588720692 692.5243406406926 689.8803384006899 694.0926457073432 692.3704560306924 -1.0 692.3704560306924 -1.0 1
154 0.25 nan 0.2 1.0 1.0 697.6030660506976 697.6041992706976 699.7951468206998 694.8176446206949 701.3530510625242 699.6359960706997 1.0 699.6359960706997 1.0 1
155 nan 1.0 0.2 -1.0 1.0 704.1258137107042 704.1266802907041 704.4906438907045 702.1007495707021 706.0424520273914 704.3639232307044 1.0 704.3639232307044 1.0 1
156 nan 0.0625 0.2 -1.0 1.0 707.3028626407073 707.3039292007073 707.7553507207077 706.7615501107068 709.309057090226 707.5586703907076 -1.0 707.6410954807077 1.0 2
157 0.0625 nan 0.2 -1.0 -1.0 710.5362726007105 710.5372058407105 710.8672061707109 710.03065650071 713.4255489801377 710.5176078007105 1.0 710.8238771707108 1.0 2
158 nan 0.125 0.2 -1.0 1.0 719.9693958607199 719.97036243072 720.5145413407205 714.1456449607142 722.0694374122312 720.2198041507203 -1.0 720.2198041507203 -1.0 1
159 nan 1.0 0.2 -1.0 1.0 723.6587602207237 723.6596268007237 724.2604333807243 722.9171343907229 725.8254397528783 724.0675193407241 1.0 724.0675193407241 1.0 1
160 nan 0.0625 0.2 -1.0 1.0 727.0359224707271 727.036889040727 730.7718488407307 726.5415385807265 732.3191552446966 730.5387388207306 1.0 730.5387388207306 1.0 1
161 nan 1.0 0.2 -1.0 1.0 733.5253068007336 733.5264066907336 733.900035990734 733.042555080733 735.4525469742755 733.7698490107338 1.0 733.7698490107338 1.0 1
162 nan 1.0 0.2 -1.0 1.0 736.6916568007367 736.6926900307367 737.1446448307372 736.1735419507362 738.7084502486318 736.949631000737 1.0 736.949631000737 1.0 1
163 nan 0.0625 0.2 -1.0 1.0 740.0523873607401 740.05328727074 741.5184407407415 739.4257500307394 743.0690495587261 741.3523240207413 1.0 741.3523240207413 1.0 1
164 nan 0.25 0.2 -1.0 1.0 744.3249933907443 744.3258599707443 744.8041454707449 743.7882470707438 746.3522531740874 744.6707254807446 1.0 744.6707254807446 1.0 1
165 nan 0.25 0.2 -1.0 1.0 747.6082317007476 747.6091316107476 747.986060580748 747.0687523207471 749.5354400791969 747.8671058107478 1.0 747.8671058107478 1.0 1
166 nan 0.0625 0.2 -1.0 1.0 750.8912700307509 750.8923699207509 752.1198471607521 750.2522339407502 753.6750428801728 751.957130100752 1.0 751.957130100752 1.0 1
167 0.25 nan 0.2 -1.0 -1.0 755.018590590755 755.019623820755 755.6826241807557 754.4990425507546 758.2353619300762 755.4658458607555 1.0 755.4658458607555 1.0 1
168 0.25 nan 0.2 1.0 1.0 759.4246832707595 759.4255498507595 759.7845472807597 758.957863290759 761.3412591673658 759.6299627407597 -1.0 759.6299627407597 -1.0 1
169 nan 0.0625 0.2 -1.0 1.0 762.7518171907627 762.7528170907627 764.5073416207645 762.036655380762 766.0519521742507 764.3030620507643 1.0 764.3030620507643 1.0 1
170 nan 1.0 0.2 -1.0 1.0 767.4744448807675 767.4753781207675 768.1750414807682 766.7641492507668 769.7184510494571 767.6928230407677 1.0 767.6928230407677 1.0 1
171 nan 0.25 0.2 -1.0 1.0 771.1577431807711 771.1586430907712 771.9309658507719 770.4329490007705 773.4851413429778 771.5546034907716 1.0 771.8790377107719 1.0 2
172 nan 0.0 0.2 -1.0 1.0 774.7244198107747 774.7252197307747 777.1034485507771 774.2190370207742 778.651655647348 776.7847470907768 1.0 777.0118910407771 1.0 2
173 nan 0.0625 0.2 -1.0 1.0 780.09088311078 780.09181635078 781.2157706107812 779.3590563007793 782.7682485469577 780.6716583607807 1.0 780.6716583607807 1.0 1
174 nan 0.125 0.2 -1.0 1.0 784.007591400784 784.008724620784 784.2772644307843 783.4764445207835 785.8182609700913 784.1505771007842 1.0 784.1505771007842 1.0 1
175 nan 0.0625 0.2 -1.0 1.0 787.2242363707873 787.2253029307873 788.2560665107883 786.6157638907866 789.801347540661 788.0945160007881 1.0 788.0945160007881 1.0 1
176 nan 1.0 0.2 -1.0 1.0 791.2239696907913 791.2249029307912 791.6787575407917 790.5061414807905 793.2347621257366 791.4678786307915 1.0 791.4678786307915 1.0 1
177 nan 0.0625 0.2 -1.0 1.0 794.5073746507945 794.5085078707945 795.0114575707951 793.9379649307939 796.5680666942767 794.8495737607949 1.0 794.8495737607949 1.0 1
178 0.0625 nan 0.2 -1.0 -1.0 797.7406179607977 797.7414178807977 798.5920661407986 797.2739646307973 801.1346742064292 798.2453674807982 1.0 798.5594360707986 1.0 2
179 nan 0.0625 0.2 -1.0 1.0 802.4906429108025 802.4916761408025 802.6237629308026 801.8503736108019 804.1679727568212 802.4228830208025 1.0 802.4228830208025 1.0 1
180 nan 0.25 0.2 -1.0 1.0 805.3904529008054 805.3916194508054 806.5227729908065 804.8874698708049 808.073853076753 805.5976321808056 1.0 806.4773108708065 1.0 2
181 nan 0.25 0.2 -1.0 1.0 809.3177934608093 809.3188600208093 810.1904728508102 808.7835468908088 811.7403490199051 810.0776174708101 1.0 810.0776174708101 1.0 1
182 nan 0.125 0.2 -1.0 1.0 812.9677284308129 812.968861650813 813.1277790908132 812.4482470508125 814.6906522350756 812.976960840813 1.0 812.976960840813 1.0 1
183 nan 0.25 0.2 -1.0 1.0 815.8843367408159 815.8854033008159 816.2407677608162 815.4059512508154 817.7904639790208 816.1348783508162 1.0 816.1348783508162 1.0 1
184 nan 1.0 0.2 -1.0 1.0 820.3175267108203 820.3183266308204 820.7223528908207 818.5954656008186 822.2674632214164 820.5251726108205 1.0 820.5251726108205 1.0 1
185 nan 0.0625 0.2 -1.0 1.0 823.6734910808237 823.6745909708237 824.3041613408243 822.980660370823 825.850769084421 823.9061011508239 1.0 824.2652652308243 1.0 2
186 nan 0.0 0.2 1.0 -1.0 827.1901060508272 827.1911726108272 827.977827270828 826.5631687508265 830.5401681261379 827.6596257608277 1.0 827.6596257608277 1.0 1
187 0.0 nan 0.2 -1.0 -1.0 832.2340016108323 832.2350681708323 834.3993850508344 831.2603656508313 836.9506608501391 834.3014948408343 1.0 834.3014948408343 1.0 1
188 nan 0.0 0.2 1.0 -1.0 838.7399176208387 838.7409508508388 840.1559093408401 837.6696579908377 842.7005818300917 840.0491200208401 -1.0 840.0491200208401 -1.0 1
189 nan 0.25 0.2 -1.0 1.0 843.8731709108439 843.8741708108439 844.2623653208443 843.4194829508434 845.8171762687672 844.1221460108442 1.0 844.1221460108442 1.0 1
190 nan 0.0625 0.2 -1.0 1.0 847.1064808808471 847.1074474508471 847.8400741808479 846.5318716808465 849.3837805556857 847.6182297008477 1.0 847.6182297008477 1.0 1
191 nan 0.0625 0.2 -1.0 1.0 850.6895558708507 850.6907557508507 850.919366220851 850.1118803108501 852.4670699185758 850.8045110408508 1.0 850.8045110408508 1.0 1
192 nan 1.0 0.2 -1.0 1.0 853.9063341608539 853.907634030854 854.3279586608544 853.2781636508532 855.8729673039953 854.1700077908541 1.0 854.1700077908541 1.0 1
193 nan 0.125 0.2 -1.0 1.0 857.2335014108572 857.2345679708573 857.7123868508577 856.5900657608566 859.2730624582967 857.5797667808575 1.0 857.5797667808575 1.0 1
194 nan 1.0 0.2 -1.0 1.0 860.6000647208606 860.6008313108606 861.018256230861 859.99025904086 862.5668642102592 860.8247089208609 1.0 860.8247089208609 1.0 1
195 nan 0.25 0.2 -1.0 1.0 863.9060007608639 863.9071006508639 864.2862627308643 863.2827630908633 865.8396699771639 864.1264120508641 1.0 864.1264120508641 1.0 1
196 nan 1.0 0.2 -1.0 1.0 867.0166230008671 867.017689560867 867.4013845208674 866.5532693408666 868.95596226927 867.2547325208673 1.0 867.2547325208673 1.0 1
197 nan 0.0 0.2 -1.0 1.0 870.2832296408703 870.2842962008702 872.0856827108721 869.6706575708697 873.6332857657051 871.6962216608717 1.0 872.001057840872 1.0 2
198 nan 0.0625 0.2 -1.0 1.0 875.055785670875 875.056852230875 877.1674744808772 874.3601885708744 878.7225834552813 876.8090436608768 1.0 877.0872825008771 1.0 2
199 nan 0.25 0.2 -1.0 1.0 880.09974789088 880.1007477908801 880.5371708108805 879.4425802808795 882.0891802323066 880.3931852108803 1.0 880.3931852108803 1.0 1
200 nan 0.125 0.2 -1.0 1.0 883.5329712008836 883.5340377608835 884.3697875108844 882.8015776808828 885.9223847317024 883.965827910884 1.0 884.3134931408844 1.0 2
201 nan 0.0 0.2 -1.0 1.0 887.2829295008873 887.2839294008872 888.6989878808887 886.7374840508868 890.255694439042 888.2460331808883 1.0 888.5865324608886 1.0 2
202 nan 0.0625 0.2 -1.0 1.0 891.5662344608916 891.5672010308916 897.8002776608978 890.969494140891 899.349485630725 897.2810629208973 1.0 897.7011875708977 1.0 2
203 nan 0.0625 0.2 1.0 -1.0 900.5888654409006 900.5899986609006 901.3666543209014 900.0828827109001 903.9160937586934 900.985625760901 1.0 900.985625760901 1.0 1
204 nan 0.0625 0.2 -1.0 1.0 905.3553887409054 905.3562553209053 905.9316977709059 904.6414934709046 907.4826791748566 905.7547154709058 1.0 905.7547154709058 1.0 1
205 nan 0.0625 0.2 -1.0 1.0 908.6388270309086 908.6398269309086 909.6750900609097 908.1772731909082 911.2324924363922 909.4585117209094 1.0 909.4585117209094 1.0 1
206 nan 0.25 0.2 -1.0 1.0 912.6551920209126 912.6560919309127 913.1142794409132 911.9631945609119 914.6658924169153 912.9225986109129 1.0 912.9225986109129 1.0 1
207 0.125 nan 0.2 1.0 1.0 916.1051136609161 916.1063468709161 916.4301811509164 915.3480893709153 917.9824895031044 916.3211587209163 -1.0 916.3211587209163 -1.0 1
208 1.0 nan 0.2 1.0 1.0 919.2384669609193 919.2396335109192 919.6430931609196 918.7048869909187 921.2051974281416 919.4814759909195 -1.0 919.4814759909195 -1.0 1
209 0.25 nan 0.2 1.0 1.0 922.5822658809226 922.5832324509225 923.0717835909231 921.929097870922 924.6156863958048 922.9162991409229 -1.0 922.9162991409229 -1.0 1
210 nan 1.0 0.2 -1.0 1.0 925.954795260926 925.9558284909259 926.6671906809266 925.4380802709254 928.2155955761369 926.2270347009262 1.0 926.6023971609266 1.0 2
211 nan 0.125 0.2 -1.0 1.0 929.5548352209296 929.5557684609296 930.0477859209301 928.9367970309289 931.6048946918501 929.9097663909299 1.0 929.9097663909299 1.0 1
212 nan 0.0625 0.2 -1.0 1.0 932.8821024609329 932.8830357009329 933.2448995109332 932.3248915209323 934.7989041583073 933.1237782909332 1.0 933.1237782909332 1.0 1
213 0.25 nan 0.2 1.0 1.0 936.1881051609362 936.1889717409362 937.1063799909372 935.5205052609356 938.6654908996096 936.3478891809364 -1.0 937.035987030937 -1.0 3
214 0.25 nan 0.2 1.0 1.0 939.98799180094 939.98889171094 940.4080831209404 939.3879851409393 941.965389450414 940.2208351809402 -1.0 940.2208351809402 -1.0 1
215 nan 0.125 0.2 1.0 -1.0 943.5213717609436 943.5221383509436 944.4311141109445 942.6913881009427 946.9879914977113 944.3032602309443 -1.0 944.3032602309443 -1.0 1
216 nan 0.25 0.2 -1.0 1.0 949.0318873209491 949.033020540949 949.5546017109496 947.6746897209476 951.12140552927 949.4421462909495 1.0 949.4421462909495 1.0 1
217 nan 0.125 0.2 1.0 -1.0 952.5485022909526 952.5496355109526 954.5286042609546 951.8407064109518 957.0818110890655 953.2466324709533 1.0 954.2361335109542 -1.0 3
218 nan 0.125 0.2 -1.0 1.0 959.7377499609597 959.7388165209597 960.2306006709603 957.8096094609579 961.7876076780178 960.1081462509601 1.0 960.1081462509601 1.0 1
219 nan 0.125 0.2 -1.0 1.0 963.2649305409633 963.2657637909633 963.6135956709636 962.5206049809625 965.1647961977774 963.4911745809635 1.0 963.4911745809635 1.0 1
220 nan 0.25 0.2 -1.0 1.0 966.6876215709667 966.6886881309667 967.0347868509671 965.995290810966 968.5875949518115 966.7210182309667 1.0 966.952495080967 1.0 2
221 nan 0.25 0.2 -1.0 1.0 969.7980771609698 969.7989437409698 970.4943075309706 969.3009935409693 972.048086625331 970.05481815097 1.0 970.05481815097 1.0 1
222 nan 1.0 0.2 -1.0 1.0 973.4706098709735 973.4715431109735 973.8647037909739 972.7457823609727 975.4207056770068 973.7015201109737 1.0 973.7015201109737 1.0 1
223 nan 0.125 0.2 -1.0 1.0 976.6147287609766 976.6158286509766 977.3643871209774 976.1415094209761 978.9145980234329 976.909132650977 1.0 976.909132650977 1.0 1
224 nan 0.0625 0.2 -1.0 1.0 980.1371431509801 980.1380763909801 980.8161085809809 979.6436925009797 982.3646123161298 980.5538348109806 1.0 980.5538348109806 1.0 1
225 nan 1.0 0.2 -1.0 1.0 983.5705664409836 983.5713663609836 984.2237011209843 983.0847150309831 985.7871097950158 983.8025765709838 1.0 984.082781880984 1.0 3
226 0.125 nan 0.2 1.0 1.0 987.1811053509872 987.1819386009872 987.5249043009875 986.5094058609865 989.0872108180453 987.3753192609873 -1.0 987.3753192609873 -1.0 1
227 nan 1.0 0.2 -1.0 1.0 990.2977936509903 990.2985602409904 990.5775990009906 989.8046096409898 992.1310078943923 990.4781422809905 1.0 990.4781422809905 1.0 1
228 nan 0.0 0.2 1.0 -1.0 993.3203913609933 993.3211579509933 993.6431590809937 992.8534047309929 996.1978007685292 993.5112056109936 -1.0 993.5112056109936 -1.0 1
229 nan 0.0625 0.2 -1.0 1.0 997.4369463309974 997.4377462509974 998.5923974409986 996.925597470997 1000.1536949822192 998.4759757509985 1.0 998.4759757509985 1.0 1
230 nan 1.0 0.2 -1.0 1.0 1002.6140619010026 1002.6149951410026 1002.961593811003 1000.981591831001 1004.514299110487 1002.8472719110028 1.0 1002.8472719110028 1.0 1
231 nan 0.125 0.2 -1.0 1.0 1006.6034295910066 1006.6045628110066 1008.6637902010086 1005.2506982110052 1010.2200971602118 1008.2990600110084 1.0 1008.5895309610086 1.0 2
232 nan 0.25 0.2 -1.0 1.0 1011.4139484910114 1011.4148150710114 1012.2118020310122 1010.951794711011 1013.7701066342761 1011.992557291012 1.0 1011.992557291012 1.0 1
233 0.25 nan 0.2 1.0 1.0 1015.1139117910151 1015.1150783410151 1016.2158015910162 1014.4934071810145 1017.7699092793522 1016.083648141016 -1.0 1016.083648141016 -1.0 1
234 nan 1.0 0.2 -1.0 1.0 1019.0639500810191 1019.065016641019 1019.3429221810194 1018.4918073010185 1020.8866005108517 1019.2387326010193 1.0 1019.2387326010193 1.0 1
235 nan 0.125 0.2 1.0 -1.0 1022.2638967210223 1022.2649299510223 1024.6822215310247 1021.6057958710217 1027.2366239066594 1024.5084389110245 -1.0 1024.5084389110245 -1.0 1
236 nan 0.25 0.2 -1.0 1.0 1029.2636966710293 1029.2647965610292 1032.8279068810327 1027.977225331028 1034.3803154084317 1032.5775985810326 1.0 1032.5775985810326 1.0 1
237 nan 0.125 0.2 -1.0 1.0 1035.7527143710358 1035.7536809410358 1036.3337229310364 1035.1093120510352 1037.8803016765219 1035.976858621036 1.0 1036.2872942410363 1.0 2
238 nan 0.125 0.2 -1.0 1.0 1039.1861709910393 1039.1872708810392 1040.6996196310406 1038.5980964710386 1042.2529220947938 1040.5458350110405 1.0 1040.5458350110405 1.0 1
239 nan 0.125 0.2 -1.0 1.0 1043.5468348810437 1043.5478681110435 1044.121910701044 1042.981024801043 1045.6635130346406 1043.938462381044 1.0 1043.938462381044 1.0 1
240 nan 0.0 0.2 -1.0 1.0 1047.102745921047 1047.103779151047 1048.2299998510482 1046.4943067710465 1049.780008623245 1047.852704251048 1.0 1048.1810047510482 1.0 2
241 nan 0.0 0.2 1.0 -1.0 1050.952627561051 1050.953694121051 1052.5276700410525 1050.4957065910505 1055.0859098771646 1052.3954166010524 -1.0 1052.3954166010524 -1.0 1
242 nan 0.0 0.2 -1.0 1.0 1056.5798314510566 1056.5809313410566 1059.3901170610593 1055.813608081056 1060.929824153508 1059.1757051710592 1.0 1059.1757051710592 1.0 1
243 nan 0.0 0.2 -1.0 1.0 1062.1523408110622 1062.1534740310622 1063.828406521064 1061.6524241410616 1065.3857157868383 1063.4426784310635 -1.0 1063.6044289210636 1.0 2
244 nan 0.0 0.2 -1.0 1.0 1066.7130180310667 1066.7140512610667 1067.5709322310677 1066.1089117810661 1069.1191081098025 1067.3241235810674 1.0 1067.3241235810674 1.0 1
245 1.0 nan 0.2 1.0 1.0 1070.5796646610706 1070.5806312310706 1071.3457213810714 1069.8456047410698 1072.9023242596568 1070.8508375410709 -1.0 1071.2673958810713 -1.0 3
246 nan 0.25 0.8 -1.0 1.0 1074.2961596410744 1074.2972262010744 1074.7626129910748 1073.6284264210735 1076.3189249234 1074.5664659410745 1.0 1074.5664659410745 1.0 1
247 0.0625 nan 0.8 1.0 1.0 1077.5128046110776 1077.5138378410775 1078.6718220310786 1077.005322031077 1080.212928850135 1077.8416383910778 -1.0 1078.5987293410785 -1.0 3
248 nan 1.0 0.8 -1.0 1.0 1081.7520806410819 1081.7531472010817 1082.185637281082 1080.945727951081 1083.7357155802708 1082.042318281082 1.0 1082.042318281082 1.0 1
249 0.25 nan 0.8 1.0 1.0 1085.012687881085 1085.013687781085 1085.8665358210858 1084.4597098510844 1087.4354289803168 1085.4345123610854 -1.0 1085.844104731086 -1.0 2
250 0.25 nan 0.8 -1.0 -1.0 1088.862602851089 1088.8636027510888 1089.7495808110898 1088.2416316210883 1092.2959239025722 1089.6326258410897 1.0 1089.6326258410897 1.0 1
251 0.0625 nan 0.8 1.0 1.0 1093.5685655410937 1093.5694987810937 1094.2619295310942 1093.0224201610931 1095.8019351848031 1094.010554671094 -1.0 1094.010554671094 -1.0 1
252 0.0625 nan 0.8 1.0 1.0 1097.095779451097 1097.0967793510972 1098.8111412310989 1096.5246365710966 1100.3624188909264 1098.6252598210986 -1.0 1098.6252598210986 -1.0 1
253 0.0625 nan 0.8 1.0 1.0 1101.6850538111016 1101.6860203811018 1104.122043421104 1101.0917131511012 1105.6851157289354 1103.7363486611036 -1.0 1103.7363486611036 -1.0 1
254 nan 0.0 0.8 -1.0 1.0 1106.8789343711069 1106.8799009411068 1109.6050284011096 1106.4178138211064 1111.1682318458745 1109.4717084011095 1.0 1109.4717084011095 1.0 1
255 0.0 nan 0.8 -1.0 -1.0 1112.3954826611125 1112.3967825311124 1114.8610694111148 1111.899032311112 1117.4122426538754 1114.5932295311145 1.0 1114.8199068611148 1.0 2
256 0.0625 nan 0.8 1.0 1.0 1118.7181170011188 1118.7189835811187 1120.1818372811201 1118.1373417511181 1121.7454440928614 1120.01338746112 -1.0 1120.01338746112 -1.0 1
257 0.0625 nan 0.8 1.0 1.0 1122.9513269711229 1122.952226881123 1124.1510403211241 1122.4661421611224 1125.7181463713673 1123.7278493111237 -1.0 1124.101845241124 -1.0 2
258 0.125 nan 0.8 1.0 1.0 1127.0119208711271 1127.012787451127 1127.850736981128 1126.4387448611265 1129.4120438427933 1127.7036850211277 -1.0 1127.7036850211277 -1.0 1
259 nan 0.125 0.8 -1.0 1.0 1130.6346585611307 1130.6357584511306 1131.931328881132 1130.1426411011303 1133.5010263171007 1131.7598793611319 1.0 1131.7598793611319 1.0 1
260 nan 0.0 0.8 -1.0 1.0 1134.8452041311348 1134.8459707211348 1136.868635101137 1134.3526200611343 1138.428437643544 1136.7069846011368 1.0 1136.7069846011368 1.0 1
261 0.25 nan 0.8 1.0 1.0 1139.9008318511399 1139.90186508114 1141.4142471611415 1139.1680384711392 1142.9617517135398 1141.033851871141 -1.0 1141.3438542011413 -1.0 2
262 nan 0.25 0.8 -1.0 1.0 1144.4176801211445 1144.4187800111445 1144.8349383911448 1143.6999519011438 1146.401046071295 1144.7222496611448 1.0 1144.7222496611448 1.0 1
263 nan 1.0 0.8 -1.0 1.0 1147.7947757111478 1147.7957089511478 1148.1232428611481 1147.1324419511473 1149.678149109882 1148.008787641148 1.0 1148.008787641148 1.0 1
264 nan 0.0 0.8 -1.0 1.0 1151.134441711151 1151.1353082911512 1152.805941211153 1150.3992485711503 1154.367447767726 1152.4812736811525 1.0 1152.7115839811527 1.0 2
265 nan 0.0625 0.8 -1.0 1.0 1155.7280156411557 1155.7288822211558 1157.7682449311578 1155.0986452511552 1159.333951787626 1157.6336917211577 1.0 1157.6336917211577 1.0 1
266 nan 1.0 0.8 -1.0 1.0 1160.6446572611605 1160.6457904811607 1161.187236331161 1160.05674939116 1162.7446476300245 1161.041617561161 1.0 1161.041617561161 1.0 1
267 0.0625 nan 0.8 -1.0 -1.0 1164.083779981164 1164.084746551164 1165.0923791111652 1163.4370446611636 1167.644652186379 1164.6610222511647 1.0 1165.038851131165 1.0 2
268 nan 0.0625 0.8 -1.0 1.0 1168.950526591169 1168.951626481169 1169.059848991169 1168.3717511411685 1170.6111552968334 1168.9240625711689 1.0 1168.9240625711689 1.0 1
269 1.0 nan 0.8 1.0 1.0 1171.8336715811718 1171.8346048211718 1172.1769372511721 1171.3428540011714 1173.7338472027657 1172.061848761172 -1.0 1172.061848761172 -1.0 1
270 1.0 nan 0.8 1.0 1.0 1175.894365471176 1175.8954986911758 1176.2817600611763 1174.4571425411746 1177.8502510458072 1176.1336748711763 -1.0 1176.1336748711763 -1.0 1
271 1.0 nan 0.8 1.0 1.0 1179.1942021211792 1179.1951020311792 1179.7872428111798 1178.7085506911787 1181.350149961573 1179.5977617611795 -1.0 1179.5977617611795 -1.0 1
272 0.125 nan 0.8 1.0 1.0 1182.6275920811827 1182.6286919711827 1183.7090505911838 1182.076347211182 1185.260949585854 1183.5844963811835 -1.0 1183.5844963811835 -1.0 1
273 nan 0.0625 0.8 1.0 -1.0 1186.7668447811868 1186.7679446711868 1188.080946691188 1186.0712476811862 1190.6275487347855 1187.960058781188 -1.0 1187.960058781188 -1.0 1
274 0.125 nan 0.8 1.0 1.0 1191.999954751192 1192.000854661192 1192.4675413211926 1191.4151465711914 1194.0107468153706 1192.3332547511923 -1.0 1192.3332547511923 -1.0 1
275 0.0625 nan 0.8 1.0 1.0 1195.4165463911954 1195.4174463011955 1196.2098670511962 1194.7708443011948 1197.7606382315887 1196.0563157411962 -1.0 1196.0563157411962 -1.0 1
276 1.0 nan 0.8 1.0 1.0 1199.016619681199 1199.017719571199 1199.3132566811994 1198.5388341311987 1200.8666553015128 1199.1977349011993 -1.0 1199.1977349011993 -1.0 1
277 0.0625 nan 0.8 1.0 1.0 1202.2604619312024 1202.2616618112022 1202.7640449012029 1201.6182594912016 1204.3271460983221 1202.5547325012026 -1.0 1202.5547325012026 -1.0 1
278 0.0625 nan 0.8 1.0 1.0 1205.6998512912057 1205.7006512112057 1206.8405372112068 1205.1414404712052 1208.3938652945594 1206.4479098112065 -1.0 1206.800941171207 -1.0 2
279 1.0 nan 0.8 1.0 1.0 1209.91639626121 1209.9175294812098 1210.3730505912104 1209.1879691112092 1211.9270588041688 1210.1514060912102 -1.0 1210.1514060912102 -1.0 1
280 0.25 nan 0.8 1.0 1.0 1213.4663412312134 1213.4674411212134 1217.3450533212174 1212.6777534312128 1218.9163484858263 1217.170170811217 -1.0 1217.170170811217 -1.0 1
281 0.125 nan 0.8 1.0 1.0 1220.4768067812206 1220.4776400312205 1221.056148841221 1219.7558455512199 1222.6162443954597 1220.6947183212208 -1.0 1221.018219301221 -1.0 2
282 nan 1.0 0.8 -1.0 1.0 1224.1268084112241 1224.1279083012241 1224.5380672812246 1223.4630414612234 1226.093567423986 1224.4224788412243 1.0 1224.4224788412243 1.0 1
283 nan 0.25 0.8 -1.0 1.0 1227.3327211212275 1227.3335210412274 1227.6526557912277 1226.823272071227 1229.2100657172305 1227.5359008012276 1.0 1227.5359008012276 1.0 1
284 1.0 nan 0.8 1.0 1.0 1230.4827060912305 1230.4837726512305 1231.1164427112312 1229.93176119123 1232.676552628211 1231.009686721231 -1.0 1231.009686721231 -1.0 1
285 0.0625 nan 0.8 1.0 1.0 1234.015952731234 1234.016719321234 1235.2082668212352 1233.3981478512335 1236.759969982083 1235.097211261235 -1.0 1235.097211261235 -1.0 1
286 0.125 nan 0.8 1.0 1.0 1238.049249361238 1238.050282591238 1238.6351574312387 1237.4862723312374 1240.1931663468133 1238.2844258412383 -1.0 1238.6285580912386 -1.0 2
287 0.25 nan 0.8 1.0 1.0 1241.3991810012415 1241.4002142312413 1244.6766532212446 1240.920562201241 1246.2263608879214 1241.8351707312418 -1.0 1244.6329242612446 -1.0 2
288 0.125 nan 0.8 1.0 1.0 1247.4823726212476 1247.4834391812476 1248.3532521912484 1246.957658431247 1249.9097592363592 1248.2204654712482 -1.0 1248.2204654712482 -1.0 1
289 0.0625 nan 0.8 1.0 1.0 1251.1823359212513 1251.183369151251 1251.5405667612515 1250.6388569412507 1253.098970332402 1251.4256115912515 -1.0 1251.4256115912515 -1.0 1
290 0.25 nan 0.8 1.0 1.0 1254.5261348412546 1254.5269680912545 1254.9345606612549 1253.8243716912539 1256.492968271063 1254.8194721712548 -1.0 1254.8194721712548 -1.0 1
291 0.125 nan 0.8 1.0 1.0 1257.8320042212579 1257.832904131258 1258.1345739612582 1257.2264647812572 1259.6989771622586 1258.0176189912581 -1.0 1258.0176189912581 -1.0 1
292 0.0625 nan 0.8 1.0 1.0 1260.892764781261 1260.893831341261 1261.915062541262 1260.4251782112603 1263.4761710966857 1261.7925747912618 -1.0 1261.7925747912618 -1.0 1
293 0.0625 nan 0.8 1.0 1.0 1264.882065811265 1264.8830657112649 1265.7031503612657 1264.2043669212642 1267.2654748744721 1265.5909949112656 -1.0 1265.5909949112656 -1.0 1
294 0.125 nan 0.8 1.0 1.0 1268.7759763812687 1268.7770096112688 1269.6025603812695 1268.1276745512682 1271.159368454714 1269.093577951269 -1.0 1269.5535319512696 -1.0 2
295 nan 0.0 0.8 1.0 -1.0 1272.5987940612727 1272.5999272812726 1274.7295476312747 1271.894564491272 1277.2819551940768 1274.6060933112747 -1.0 1274.6060933112747 -1.0 1
296 0.0 nan 0.8 1.0 1.0 1278.7258146312788 1278.7267812012788 1280.2830588912802 1278.022451641278 1281.8484621401558 1280.14833903128 -1.0 1280.14833903128 -1.0 1
297 1.0 nan 0.8 1.0 1.0 1283.1757029312832 1283.1767028312831 1283.8022736012838 1282.5872617812827 1285.3651750067245 1283.7050499912837 -1.0 1283.7050499912837 -1.0 1
298 0.0625 nan 0.8 1.0 1.0 1286.7088829112868 1286.7099494712868 1287.2506620612874 1286.1111760212862 1288.79237081161 1287.1140757212872 -1.0 1287.1140757212872 -1.0 1
299 nan 0.125 0.8 -1.0 1.0 1290.03145062129 1290.03225054129 1290.4996704612904 1289.5362668112896 1292.0589745315117 1290.3612176412903 1.0 1290.3612176412903 1.0 1
300 0.25 nan 0.8 1.0 1.0 1293.6481889112936 1293.6491554812937 1293.952558471294 1292.7953742012928 1295.5089661956429 1293.852768451294 -1.0 1293.852768451294 -1.0 1
301 0.25 nan 0.8 1.0 1.0 1296.9147288912968 1296.915762121297 1297.2551615112973 1296.2559614412962 1298.8146665336205 1297.131040591297 -1.0 1297.131040591297 -1.0 1
302 nan 0.25 0.8 -1.0 1.0 1300.0920444613 1300.0930110313002 1300.3814821813005 1299.5491654212994 1301.9312837000425 1300.2920911213002 1.0 1300.2920911213002 1.0 1
303 1.0 nan 0.8 1.0 1.0 1303.3086894313033 1303.3096226713033 1303.5710631913037 1302.6689867413027 1305.1314733203683 1303.4615408113034 -1.0 1303.4615408113034 -1.0 1
304 1.0 nan 0.8 1.0 1.0 1306.5419327413065 1306.5428993113067 1306.8836652313068 1305.8690667013059 1308.4311868721386 1306.7644104913068 -1.0 1306.7644104913068 -1.0 1
305 0.0625 nan 0.8 1.0 1.0 1311.0919110313112 1311.0928109413112 1311.6778857613117 1309.2925909813093 1313.2311918115397 1311.5644637713115 -1.0 1311.5644637713115 -1.0 1
306 0.0 nan 0.8 1.0 1.0 1314.5085026713145 1314.5094025813146 1315.0666801813152 1313.972689591314 1316.6251872237053 1314.9257276113149 -1.0 1314.9257276113149 -1.0 1
307 0.25 nan 0.8 1.0 1.0 1317.9477587113179 1317.948658621318 1318.5076693813185 1317.3614840113173 1320.0584781323319 1318.3781156713185 -1.0 1318.3781156713185 -1.0 1
308 0.125 nan 0.8 1.0 1.0 1321.4977370113215 1321.4986035913216 1321.6895844913217 1320.7947739813208 1323.2416875687954 1321.5347333113216 -1.0 1321.5347333113216 -1.0 1
309 0.0625 nan 0.8 1.0 1.0 1326.5141019913265 1326.5151685513265 1328.2151652013283 1323.977089051324 1329.7640735920377 1328.1101757013282 -1.0 1328.1101757013282 -1.0 1
310 1.0 nan 0.8 1.0 1.0 1331.1582042013313 1331.1590707813311 1331.4858714313316 1330.5067693513306 1333.0248781004047 1331.3795154013314 -1.0 1331.3795154013314 -1.0 1
311 1.0 nan 0.8 1.0 1.0 1334.3806819213344 1334.3816818213345 1334.7368796313347 1333.7527780513337 1336.2973842024633 1334.5895943613345 -1.0 1334.5895943613345 -1.0 1
312 nan 0.25 0.8 -1.0 1.0 1337.7081158113376 1337.7089490613378 1338.062880331338 1337.032283401337 1339.6081894758668 1337.965490071338 1.0 1337.965490071338 1.0 1
313 1.0 nan 0.8 1.0 1.0 1340.930526871341 1340.931526771341 1341.3345864613414 1340.3133885913403 1342.8746932624392 1341.2148317713413 -1.0 1341.2148317713413 -1.0 1
314 0.125 nan 0.8 1.0 1.0 1344.1139418313442 1344.114808411344 1345.086577891345 1343.6119920313436 1346.641286270305 1344.7111154413446 -1.0 1345.052514631345 -1.0 2
315 0.125 nan 0.8 1.0 1.0 1348.0805118013482 1348.081378381348 1348.5631968613486 1347.3746823913473 1350.1078740550493 1348.4471751313486 -1.0 1348.4471751313486 -1.0 1
316 0.0625 nan 0.8 1.0 1.0 1351.5306334213515 1351.5316666513515 1353.041282341353 1350.838669291351 1354.5910744867517 1352.8889642413528 -1.0 1352.8889642413528 -1.0 1
317 nan 0.25 0.8 -1.0 1.0 1356.180268411356 1356.1812683113562 1358.6521878613587 1355.4654732313554 1360.191093060228 1358.1695361313582 1.0 1358.1695361313582 1.0 1
318 0.125 nan 0.8 1.0 1.0 1361.3969466913613 1361.3978132713614 1361.900096371362 1360.9255938313609 1363.4410020491068 1361.7572106613618 -1.0 1361.7572106613618 -1.0 1
319 nan 0.0 0.2 -1.0 1.0 1364.7133483513646 1364.7144149113647 1368.088377481368 1364.178201871364 1369.6634841025307 1367.943391981368 1.0 1367.943391981368 1.0 1
320 nan 0.125 0.2 -1.0 1.0 1371.1073755513712 1371.108275461371 1371.5944935013715 1370.4018794413705 1373.1633942404806 1371.4559406913716 1.0 1371.4559406913716 1.0 1
321 nan 1.0 0.2 -1.0 1.0 1374.6573538513746 1374.6582204313747 1375.021684081375 1373.905795681374 1376.5799915279292 1374.8837645413748 1.0 1374.8837645413748 1.0 1
322 0.0625 nan 0.2 -1.0 -1.0 1377.940592161378 1377.941492071378 1379.4071121613795 1377.3172878313774 1381.957285786248 1379.2789583113793 1.0 1379.2789583113793 1.0 1
323 nan 1.0 0.2 -1.0 1.0 1383.2965231813832 1383.2973897613833 1383.5585969713836 1382.6969831413828 1385.123900947426 1383.4626399013835 1.0 1383.4626399013835 1.0 1
324 nan 1.0 0.2 -1.0 1.0 1386.4130781613865 1386.4139780713865 1386.7355792413869 1385.8262035213859 1388.2904912119523 1386.6123582313867 1.0 1386.6123582313867 1.0 1
325 nan 0.0 0.2 -1.0 1.0 1389.5962931413897 1389.5972597113896 1392.938392231393 1389.024583651389 1394.4963965796637 1392.8097717613928 1.0 1392.8097717613928 1.0 1
326 nan 0.0625 0.2 -1.0 1.0 1395.7069486813957 1395.7078152613958 1396.2722921413963 1395.2332960513952 1397.8296984180442 1396.123707001396 1.0 1396.123707001396 1.0 1
327 nan 1.0 0.2 -1.0 1.0 1399.056913651399 1399.058080201399 1399.4040789313995 1398.5615965213985 1400.962888209202 1399.2555604513993 1.0 1399.2555604513993 1.0 1
328 nan 0.0 0.2 -1.0 1.0 1403.0068852814031 1403.007651871403 1405.6179908114057 1401.6958830614017 1407.1792865286716 1405.1794346714053 1.0 1405.5163009814055 1.0 2
329 nan 1.0 0.2 -1.0 1.0 1408.5399985814086 1408.5408651614086 1408.861399771409 1408.011684751408 1410.4295017023603 1408.7500775714088 1.0 1408.7500775714088 1.0 1
330 nan 0.125 0.2 1.0 -1.0 1411.7399785514117 1411.7411451014118 1411.920493831412 1411.1506041614111 1414.4735019452414 1411.7558103014117 -1.0 1411.7558103014117 -1.0 1
331 nan 0.0625 0.2 -1.0 1.0 1416.945957901417 1416.947057791417 1422.079811131422 1415.2015990214152 1423.6398147870527 1421.5560301814216 -1.0 1421.5560301814216 -1.0 1
332 nan 0.25 0.2 -1.0 1.0 1427.829069481428 1427.8302027014279 1428.5328990914286 1424.3842140014244 1430.0898062860363 1427.8348689014279 1.0 1428.078311221428 -1.0 2
333 0.25 nan 0.2 -1.0 -1.0 1431.4457411114315 1431.4467743414314 1443.2838571814434 1430.8266030314307 1445.845499044053 1442.982154021443 1.0 1442.982154021443 1.0 1
334 0.0 nan 0.2 1.0 1.0 1447.006051591447 1447.007118151447 1452.3613160114523 1446.5543967614465 1453.9227198924946 1452.105041641452 -1.0 1452.105041641452 -1.0 1
335 nan 0.0625 0.2 -1.0 1.0 1455.128639251455 1455.1296391514552 1468.5923260814686 1454.6546199914546 1470.1450306231068 1460.4736047014605 1.0 1468.4979355214684 1.0 2
336 0.0625 nan 0.2 1.0 1.0 1471.3889463914713 1471.3899796214714 1473.951423451474 1470.895829041471 1475.5116303587029 1473.8163036314738 -1.0 1473.8163036314738 -1.0 1
337 nan 0.25 0.2 -1.0 1.0 1476.855466351477 1476.856532911477 1477.3663152614774 1476.2365282514763 1478.9281238423396 1477.2362616014773 1.0 1477.2362616014773 1.0 1
338 nan 0.125 0.2 -1.0 1.0 1480.2885563414802 1480.2894562514803 1480.6144237514807 1479.6508201214797 1482.1721289429513 1480.5115673714806 1.0 1480.5115673714806 1.0 1
339 nan 0.0625 0.2 -1.0 1.0 1483.3947123614835 1483.3957455914833 1483.8032048414839 1482.8960289014829 1485.3613161656187 1483.6837834514838 1.0 1483.6837834514838 1.0 1
340 1.0 nan 0.2 1.0 1.0 1486.6385546114866 1486.6396878314868 1487.1015083114871 1486.0864098314862 1488.655315331483 1486.9123272314869 -1.0 1486.9123272314869 -1.0 1
341 nan 1.0 0.2 -1.0 1.0 1490.0445139814901 1490.04561387149 1490.4306087014904 1489.3746143114895 1491.9946155121377 1490.3178866414903 1.0 1490.3178866414903 1.0 1
342 nan 0.0625 0.2 1.0 -1.0 1493.2552262114932 1493.2562261114933 1494.078210571494 1492.7178132914928 1496.6279181019695 1493.881196941494 -1.0 1493.881196941494 -1.0 1
343 nan 0.125 0.2 -1.0 1.0 1498.121806171498 1498.1227727414982 1506.870531211507 1497.3507166214974 1508.4215364436182 1505.0646451515051 1.0 1506.6624520215066 1.0 5
344 nan 1.0 0.2 -1.0 1.0 1509.8108371515098 1509.8119037115098 1510.3959119715105 1509.1594356315093 1511.9383241455475 1510.2862896015104 1.0 1510.2862896015104 1.0 1
345 nan 0.0625 0.2 1.0 -1.0 1513.2941887815134 1513.2951553515134 1515.4154433015153 1512.6624186315128 1517.9714167749298 1515.1942654215152 -1.0 1515.1942654215152 -1.0 1
346 0.0625 nan 0.2 1.0 1.0 1520.2772237415204 1520.2783569615203 1527.5210326215276 1518.7057142415188 1529.0774364900117 1527.3053208615274 -1.0 1527.3053208615274 -1.0 1
347 nan 1.0 0.2 -1.0 1.0 1530.5045342415306 1530.5055008115305 1531.3176195915314 1529.8209359415298 1532.877228091082 1531.1338379715312 1.0 1531.1338379715312 1.0 1
348 nan 0.0 0.2 -1.0 1.0 1534.2043642215342 1534.2054307815342 1556.008450261556 1533.6093237315336 1557.554120703518 1538.5239322215386 1.0 1555.926158491556 1.0 3
349 nan 1.0 0.2 -1.0 1.0 1558.993318411559 1558.994284981559 1559.5603283715595 1558.3254185415583 1561.104032073683 1559.4177759615595 1.0 1559.4177759615595 1.0 1
350 nan 0.125 0.2 -1.0 1.0 1564.3265850315643 1564.3275182715643 1573.8339342015738 1561.845633151562 1575.4037372359942 1573.7030472915737 1.0 1573.7030472915737 1.0 1
351 nan 0.125 0.2 -1.0 1.0 1576.9096932615769 1576.910593171577 1577.3035538715774 1576.1555353515762 1578.870328937871 1577.1705671715772 1.0 1577.1705671715772 1.0 1
352 nan 1.0 0.2 -1.0 1.0 1580.1597682215802 1580.1608681115802 1580.4895352415806 1579.5951246915797 1582.059637803942 1580.3905118115804 1.0 1580.3905118115804 1.0 1
353 nan 0.0625 0.2 -1.0 1.0 1583.4035104815835 1583.4044770515834 1584.949055911585 1582.7843390715827 1586.5034464074572 1584.8134028115849 1.0 1584.8134028115849 1.0 1
354 nan 1.0 0.2 -1.0 1.0 1587.976153171588 1587.9770530815879 1588.3716469515884 1587.3845456715874 1589.9428515520553 1588.2523588815882 1.0 1588.2523588815882 1.0 1
355 nan 0.125 0.2 -1.0 1.0 1591.1867320815911 1591.187665321591 1591.5698604315917 1590.6677506515907 1593.1368377693768 1591.4646376215915 1.0 1591.4646376215915 1.0 1
356 1.0 nan 0.2 1.0 1.0 1594.5424631415945 1594.5435963615946 1594.9416565515949 1593.8598314115939 1596.509556221781 1594.7482092315947 -1.0 1594.7482092315947 -1.0 1
357 nan 0.0625 0.2 -1.0 1.0 1597.969953691598 1597.970853601598 1602.5620611016025 1597.2355604715972 1604.119836558569 1602.4154757616025 1.0 1602.4154757616025 1.0 1
358 0.25 nan 0.2 1.0 1.0 1605.5257313716056 1605.5266979416056 1606.3723467016064 1604.854931791605 1607.9365490843766 1605.8051034316059 -1.0 1606.3156190416064 -1.0 2
359 nan 0.125 0.2 -1.0 1.0 1609.1755330216092 1609.1762996116092 1612.5676604416126 1608.6654507016087 1614.1424619180405 1612.4098428916125 1.0 1612.4098428916125 1.0 1
360 nan 0.125 0.2 -1.0 1.0 1615.4196085516155 1615.4205084616153 1616.1853653016162 1614.8933611816149 1617.7529426660083 1615.908692971616 1.0 1615.908692971616 1.0 1
361 0.0 nan 0.2 1.0 1.0 1619.058777931619 1619.0597778316192 1620.0427461916202 1618.4839354216185 1621.6088491766882 1619.7932378116197 -1.0 1619.7932378116197 -1.0 1
362 nan 0.0 0.2 1.0 -1.0 1623.002850151623 1623.004016701623 1623.7040133616238 1622.3385499216224 1626.275552006017 1623.5666937616236 -1.0 1623.5666937616236 -1.0 1
363 0.0 nan 0.2 -1.0 -1.0 1627.7027467816276 1627.7036133616277 1632.5601609916325 1627.003750021627 1635.119365852911 1632.3673136116324 1.0 1632.3673136116324 1.0 1
364 1.0 nan 0.2 1.0 1.0 1636.4419394416364 1636.4431059916365 1636.925957701637 1635.8520651016358 1638.4859636236652 1636.6760826916368 -1.0 1636.6760826916368 -1.0 1
365 nan 0.25 0.2 -1.0 1.0 1639.8252010816398 1639.82603433164 1642.2738561916424 1639.2296606416392 1643.8419606695072 1642.1218047316422 1.0 1642.1218047316422 1.0 1
366 nan 0.25 0.2 -1.0 1.0 1645.3023199816453 1645.3032532216453 1645.7378430916458 1644.5853583516446 1647.3190494754338 1645.5832585516457 1.0 1645.5832585516457 1.0 1
367 nan 0.0625 0.2 -1.0 1.0 1648.6082226916487 1648.6092225916486 1652.6899478116527 1648.056444541648 1654.268865919372 1652.5294638616526 1.0 1652.5294638616526 1.0 1
368 0.125 nan 0.2 -1.0 -1.0 1655.858130961656 1655.8590642016559 1659.5939906716596 1655.167266721655 1662.1748614841797 1659.1970303716591 1.0 1659.5525614816595 1.0 2
369 0.25 nan 0.2 0.0 -1.0 1666.2684898216662 1666.2695230516663 1726.2703557017262 1662.913158721663 1728.7696900973556 nan 0.0 nan 0.0 0
370 1.0 nan 0.2 0.0 -1.0 1730.20692867173 1730.2079285717302 1790.2090611917902 1729.6089884717296 1792.7080965219036 1730.5211639117306 -1.0 1732.7582735117328 1.0 2
371 nan 0.0 0.2 -1.0 1.0 1794.016413751794 1794.017313661794 1821.4244060118215 1793.5412946017937 1822.971907871609 1820.9117906118208 1.0 1821.2097941418212 1.0 2
372 nan 1.0 0.2 -1.0 1.0 1824.999081841825 1825.000048411825 1828.6606156518287 1823.7559061718239 1830.2384169802835 1828.3812102618283 1.0 1828.3812102618283 1.0 1
373 0.25 nan 0.2 -1.0 -1.0 1831.5156967818316 1831.5166300218316 1834.2705212718342 1830.990216001831 1836.8383249168373 1832.4740342718326 1.0 1834.149933331834 1.0 2
374 nan 0.25 0.2 -1.0 1.0 1838.115603391838 1838.1164699718381 1838.5693246818387 1837.5783237918376 1840.1380033477378 1838.4338049018384 1.0 1838.4338049018384 1.0 1
375 nan 1.0 0.2 -1.0 1.0 1841.3488467018415 1841.3497466118413 1841.6572158618417 1840.8662949618408 1843.2215155984866 1841.5576591518416 1.0 1841.5576591518416 1.0 1
376 nan 0.125 0.2 -1.0 1.0 1844.4986650218445 1844.4996649218444 1856.6187195618566 1843.9549194018439 1858.1878227316363 1856.4412373118564 1.0 1856.4412373118564 1.0 1
377 nan 0.0625 0.2 -1.0 1.0 1859.4985315518595 1859.4996981018596 1866.3092170818663 1858.939420801859 1867.8651252835705 1866.1825964118661 1.0 1866.1825964118661 1.0 1
378 nan 1.0 0.2 -1.0 1.0 1869.087672541869 1869.0885391218692 1869.4647015018695 1868.5783234818687 1871.0376093270468 1869.3283151418693 1.0 1869.3283151418693 1.0 1
379 nan 0.0625 0.2 -1.0 1.0 1872.3816431118723 1872.3824763618725 1874.4871325418744 1871.7889023918717 1876.0482044259568 1874.2795199718744 1.0 1874.2795199718744 1.0 1
380 nan 1.0 0.2 -1.0 1.0 1877.3709774618774 1877.3720440218774 1877.7243087918778 1876.7880024318767 1879.281525009823 1877.5801232118777 1.0 1877.5801232118777 1.0 1
381 nan 0.125 0.2 -1.0 1.0 1880.7540391218809 1880.7549723618808 1881.5622249618816 1880.1748303818802 1883.1148318216235 1881.4290382818815 1.0 1881.4290382818815 1.0 1
382 nan 1.0 0.2 -1.0 1.0 1884.3873424218843 1884.3882423318844 1884.7469064618847 1883.8481296818838 1886.2980178277464 1884.6013876818847 1.0 1884.6013876818847 1.0 1
383 nan 0.25 0.2 -1.0 1.0 1887.7707373818878 1887.7718372718878 1887.982416211888 1887.027611701887 1889.554019644722 1887.7571387418877 1.0 1887.7571387418877 1.0 1
384 nan 0.125 0.2 -1.0 1.0 1891.031244631891 1891.032111211891 1895.4636346818954 1890.2840193618904 1897.031237474941 1895.125935121895 1.0 1895.3876756118955 1.0 2
385 nan 0.125 0.2 -1.0 1.0 1898.5370273118986 1898.5379605518985 1899.4115398518995 1897.7711372418978 1900.9704176306034 1899.2588217918992 1.0 1899.2588217918992 1.0 1
386 nan 0.0 0.2 -1.0 1.0 1902.3643778719024 1902.3652111219023 1905.5671242319056 1901.7030106819018 1907.1309276368434 1905.4274715319054 1.0 1905.4274715319054 1.0 1
387 nan 0.0 0.2 -1.0 1.0 1909.6201855519096 1909.6210854619096 1937.7309408619378 1907.8659276619078 1939.3031390832982 1919.78060274192 -1.0 1937.5785227719375 1.0 2
388 nan 0.25 0.2 -1.0 1.0 1949.3801424919493 1949.3813090419494 1963.2415562119634 1940.09943732194 1964.8027540400865 1963.087271641963 1.0 1963.087271641963 1.0 1
389 nan 1.0 0.2 -1.0 1.0 1966.1798623519662 1966.1809955719662 1966.5908545819666 1965.6115525219657 1968.1525586199837 1966.3270476319663 1.0 1966.3270476319663 1.0 1
390 nan 0.0625 0.2 -1.0 1.0 1969.4130723319695 1969.4142722119695 1970.904156541971 1968.8916578119688 1972.4631616762726 1970.1543648619702 -1.0 1970.5832886319706 1.0 3
391 nan 0.0625 0.2 -1.0 1.0 1975.2357233419752 1975.2368232319752 1984.6028532019845 1973.2020600619733 1986.168856431188 1980.4631338819804 1.0 1984.4836651219846 1.0 2
392 nan 0.25 0.2 -1.0 1.0 1987.4628338419875 1987.4639004019875 1999.985148152 1986.926954101987 2001.5459524496764 1989.5940873619895 1.0 1989.5940873619895 1.0 1
393 nan 0.0625 0.2 -1.0 1.0 2002.835196452003 2002.836296342003 2025.5079622820256 2002.2971502620023 2027.0680479454816 2011.896156932012 -1.0 2025.3253138820253 1.0 3
394 0.125 nan 0.2 -1.0 -1.0 2028.7120751720288 2028.7131084020286 2034.965316452035 2028.006045782028 2037.517754587435 2034.2230573520342 1.0 2034.9249871520349 1.0 2
395 nan 0.0625 0.2 0.0 -1.0 2038.9952134220391 2038.996246652039 2098.997112632099 2038.2649531220384 2101.4963809614133 2041.3931069420414 1.0 2041.4976298220415 -1.0 2
396 nan 0.25 0.2 -1.0 1.0 2102.800065632103 2102.8010322021028 2105.2187904021052 2102.330079302102 2106.783491335561 2105.018143802105 1.0 2105.018143802105 1.0 1
397 nan 0.25 0.2 -1.0 1.0 2108.060572862108 2108.061606092108 2108.8392949821086 2107.545391052108 2110.4104965403494 2108.6291160021087 1.0 2108.6291160021087 1.0 1
398 nan 1.0 0.2 -1.0 1.0 2111.7665022321116 2111.767535462112 2112.206191592112 2111.167595462111 2113.777096223167 2112.069005312112 1.0 2112.069005312112 1.0 1
399 nan 0.0625 0.2 -1.0 1.0 2115.2163905421153 2115.217457102115 2118.741904622119 2114.5164938721146 2120.310277696147 2118.4892965521185 1.0 2118.4892965521185 1.0 1
400 nan 0.0625 0.2 -1.0 1.0 2123.232988802123 2123.233955372123 2130.8025984321307 2121.054273362121 2132.3768806847074 2130.32754594213 1.0 2130.780800612131 1.0 2
401 nan 1.0 0.2 -1.0 1.0 2136.5660220321365 2136.5670552621364 2136.927185912137 2133.3286791321334 2138.49338903346 2136.816863612137 1.0 2136.816863612137 1.0 1
402 nan 0.0 0.2 0.0 -1.0 2139.99917868214 2139.99997860214 2200.0008112522 2139.2376881721393 2202.500112572456 2143.2005251821433 1.0 2143.2005251821433 1.0 1
403 nan 1.0 0.2 -1.0 1.0 2203.864658162204 2203.865758052204 2204.6351144422047 2203.3375108822033 2206.1981180129746 2204.372307392204 1.0 2204.372307392204 1.0 1
404 nan 0.125 0.2 -1.0 1.0 2207.4421003822076 2207.4430336222076 2208.4647314422086 2206.939217342207 2210.025405681536 2208.214656452208 1.0 2208.214656452208 1.0 1
405 nan 0.0625 0.2 -1.0 1.0 2211.2981147422115 2211.299247962211 2214.981513032215 2210.7753003622106 2216.5420167712127 2214.7179727222147 1.0 2214.854525732215 1.0 2
406 0.0625 nan 0.8 -1.0 -1.0 2217.831261362218 2217.832127942218 2248.853525492249 2217.2788166122173 2251.4140256593246 2248.3226452522485 1.0 2248.8106297822487 1.0 2
407 0.0625 nan 0.8 -1.0 -1.0 2253.7079400022535 2253.7091065522536 2260.02897450226 2252.2032238222523 2262.597141850708 2258.1208653322583 1.0 2260.02474159226 1.0 2
408 nan 1.0 0.8 -1.0 1.0 2264.024374922264 2264.025241502264 2267.3851388122675 2263.363341032263 2268.9469427678814 2267.2315208422674 1.0 2267.2315208422674 1.0 1
409 nan 1.0 0.8 -1.0 1.0 2270.4241682122706 2270.4251014522706 2270.7247381522707 2269.6990407322696 2272.2804435558596 2270.6191820422705 1.0 2270.6191820422705 1.0 1
410 0.125 nan 0.8 0.0 -1.0 2273.5240915222735 2273.5250247622735 2333.5261907123336 2273.021441792273 2336.0252594854 nan 0.0 nan 0.0 0
411 0.125 nan 0.8 -1.0 -1.0 2337.4622970623377 2337.4630969823374 2347.877555432348 2336.856057692337 2350.429058188213 2347.7252706623476 1.0 2347.7252706623476 1.0 1
412 0.25 nan 0.8 -1.0 -1.0 2351.839459202352 2351.8404924323518 2355.7990965323556 2351.2038561023514 2358.3618573091208 2355.201889592355 1.0 2355.6020829023555 1.0 2
