ZFM-01577 09b2c4d1-058d-4c84-9fd4-97530f85baf6 mainenlab 2026-07-28T16:01:20.797097 _iblrig_tasks_ephysChoiceWorld6.4.2 F 322 598
0 1.0 nan 0.5 1.0 1.0 32.13835251003214 32.13945240003214 32.6025727500326 28.574742240028574 34.22208789161837 32.42319069003242 -1.0 32.42319069003242 -1.0 1
1 nan 0.125 0.5 -1.0 1.0 38.12125416003812 38.12238738003812 38.64253536003864 34.77268905003477 40.27155148567385 38.352764340038355 1.0 38.352764340038355 1.0 1
2 0.25 nan 0.5 1.0 1.0 44.187514140044186 44.188347390044186 44.88707751004489 41.37926166004138 46.52091555587546 44.63356953004463 -1.0 44.63356953004463 -1.0 1
3 nan 1.0 0.5 -1.0 1.0 49.38792738004939 49.38896061004939 49.66703280004967 47.14161870004714 51.27134686681648 49.54594491004955 1.0 49.54594491004955 1.0 1
4 0.0 nan 0.5 1.0 1.0 53.02036410005302 53.021264010053024 53.36316315005337 51.852647550051856 54.97107759587167 53.241342000053244 -1.0 53.241342000053244 -1.0 1
5 nan 0.0 0.5 -1.0 1.0 56.3034690900563 56.3042356800563 56.755990500056754 55.53307947005553 58.38752628426935 56.594006700056596 1.0 56.594006700056596 1.0 1
6 nan 1.0 0.5 -1.0 1.0 60.15325074006015 60.154250640060155 61.09175688006109 58.99183356005899 62.70407076293599 60.35969676006036 1.0 61.00846521006101 1.0 2
7 nan 0.125 0.5 -1.0 1.0 65.01966405006502 65.02049730006502 65.57317536006558 63.273572010063276 67.1867209870704 65.22944307006523 1.0 65.56800921006557 1.0 2
8 1.0 nan 0.5 1.0 1.0 69.06935904006907 69.07045893006907 69.68903040006968 67.75772355006775 71.30354238497709 69.33893208006934 1.0 69.42202377006943 -1.0 2
9 nan 0.125 0.5 -1.0 1.0 72.81925068007283 72.82011726007282 73.43475579007344 71.8958430300719 75.06879722756624 73.12605333007312 1.0 73.12605333007312 1.0 1
10 nan 0.25 0.5 -1.0 1.0 76.2031455900762 76.2040788300762 76.59300660007659 75.63540237007564 78.21902266598616 76.44475476007645 1.0 76.44475476007645 1.0 1
11 0.0 nan 0.5 -1.0 -1.0 79.66953225007967 79.67039883007968 82.8040187700828 78.74992422007875 85.41859512833919 82.45085409008246 1.0 82.77442173008278 1.0 2
12 0.0 nan 0.5 -1.0 -1.0 87.48568389008749 87.48665046008749 90.58030773009058 86.00909823008601 93.20237618107497 90.46228620009046 1.0 90.46228620009046 1.0 1
13 1.0 nan 0.5 1.0 1.0 95.16798225009516 95.16891549009517 95.5091814600955 93.84818091009384 97.11879458215941 95.33133258009534 -1.0 95.33133258009534 -1.0 1
14 nan 0.0 0.5 1.0 -1.0 99.35123055009936 99.35223045009936 99.74789088009975 97.73109258009774 102.36756313461946 99.60323868009961 -1.0 99.60323868009961 -1.0 1
15 0.125 nan 0.5 -1.0 -1.0 103.58494047010359 103.58584038010359 103.96150281010397 102.95886975010296 106.56758428929892 103.73089254010374 1.0 103.81581738010382 1.0 2
16 0.25 nan 0.5 1.0 1.0 108.6013387801086 108.6024720001086 109.06822542010907 107.14628430010714 110.68393493677175 108.87177840010887 -1.0 108.87177840010887 -1.0 1
17 nan 0.125 0.5 1.0 -1.0 111.83441544011184 111.83544867011183 114.52444641011452 111.25733982011126 117.13348856174863 114.30380181011431 -1.0 114.30380181011431 -1.0 1
18 1.0 nan 0.5 1.0 1.0 118.55074374011855 118.55174364011856 119.25840630011926 117.75119037011775 120.86674572770465 119.07792435011908 -1.0 119.07792435011908 -1.0 1
19 nan 0.0625 0.5 1.0 -1.0 123.55057704012356 123.55171026012356 124.28737002012429 121.46075271012147 126.89948168179704 123.76662210012377 1.0 123.76662210012377 1.0 1
20 nan 0.25 0.5 -1.0 1.0 128.21687703012822 128.2176769501282 128.52351303012853 127.51548051012752 130.13282189298423 128.4098577301284 1.0 128.4098577301284 1.0 1
21 nan 0.25 0.5 -1.0 1.0 133.33333200013334 133.33436523013333 133.5979722001336 130.71292740013072 135.21588107846705 133.4990487601335 1.0 133.4990487601335 1.0 1
22 nan 0.125 0.5 -1.0 1.0 136.44982032013644 136.45095354013645 136.74039126013673 135.8160837001358 138.34990367733513 136.6056047401366 1.0 136.6056047401366 1.0 1
23 nan 0.0 0.5 -1.0 1.0 139.84864707013986 139.84958031013986 140.12671926014013 138.95140347013896 141.74872847983286 139.97946732013997 1.0 139.97946732013997 1.0 1
24 0.0625 nan 0.5 -1.0 -1.0 142.999365300143 143.000265210143 143.3039015101433 142.34103114014235 145.9153775176095 143.15254998014316 1.0 143.15254998014316 1.0 1
25 0.25 nan 0.5 1.0 1.0 148.1824469401482 148.1835135001482 148.92880563014893 146.5022816401465 150.53161745946642 148.43422176014843 -1.0 148.5968055001486 -1.0 2
26 nan 0.0625 0.5 -1.0 1.0 152.46555192015248 152.46648516015247 152.71975983015273 151.13451837015114 154.33196435627534 152.33456502015233 1.0 152.65060008015266 1.0 2
27 nan 0.0625 0.5 -1.0 1.0 156.46465197015647 156.46545189015646 156.77588751015676 154.94517060015494 158.38199667454487 156.62010309015662 1.0 156.62010309015662 1.0 1
28 nan 1.0 0.5 -1.0 1.0 159.73102530015973 159.73209186015973 159.96920148015997 159.003798030159 161.59823936589137 159.86081232015985 1.0 159.86081232015985 1.0 1
29 0.25 nan 0.5 1.0 1.0 164.23080861016425 164.23174185016424 164.62736895016462 162.1981452301622 166.2470781749083 164.5088141401645 -1.0 164.5088141401645 -1.0 1
30 nan 0.0625 0.5 -1.0 1.0 167.3979585301674 167.3993583901674 167.66799819016768 166.84408059016684 169.28000686078636 167.53797786016753 1.0 167.53797786016753 1.0 1
31 nan 0.0625 0.5 -1.0 1.0 170.78102019017078 170.7820200901708 171.2002116001712 169.87511079016988 172.8141423581181 170.93977098017095 1.0 170.93977098017095 1.0 1
32 nan 1.0 0.5 -1.0 1.0 174.08029023017409 174.08132346017408 174.46935132017447 173.50914735017352 176.09708736862723 174.2891026801743 1.0 174.2891026801743 1.0 1
33 nan 1.0 0.5 -1.0 1.0 178.014063480178 178.01496339017802 178.34069748017833 176.7145934401767 179.98071269137822 178.0965219001781 1.0 178.0965219001781 1.0 1
34 1.0 nan 0.5 1.0 1.0 181.42985520018144 181.43095509018144 181.84924659018185 180.83261493018082 183.46315449196052 181.72835868018174 -1.0 181.72835868018174 -1.0 1
35 nan 0.25 0.5 -1.0 1.0 184.66369845018465 184.66456503018466 185.06115870018508 184.05155967018405 186.6801701856876 184.88594289018488 1.0 184.88594289018488 1.0 1
36 nan 0.125 0.5 -1.0 1.0 187.81295016018782 187.81388340018782 188.54581020018855 187.2896691601873 190.16321383437315 188.03576121018804 1.0 188.44951983018845 1.0 2
37 0.0 nan 0.5 -1.0 -1.0 191.4127234801914 191.41352340019142 192.22117596019223 190.78461963019078 194.82994998713843 191.83144827019183 1.0 192.19127895019218 1.0 2
38 0.0625 nan 0.5 1.0 1.0 196.2121101601962 196.21314339019622 196.80758394019682 195.45665238019546 198.44520194450254 196.16254845019617 1.0 196.5851061901966 -1.0 2
39 0.25 nan 0.5 1.0 1.0 200.12928507020013 200.13011832020013 200.43132153020042 199.2033110101992 202.0452327226948 200.32903176020034 -1.0 200.32903176020034 -1.0 1
40 0.0625 nan 0.5 1.0 1.0 203.71219341020372 203.7130933202037 204.0959550302041 202.65453252020265 205.7283579832104 203.92610535020393 -1.0 203.92610535020393 -1.0 1
41 nan 0.125 0.5 1.0 -1.0 207.06219171020706 207.06345825020708 208.35972861020835 206.37246069020637 210.9781283469346 207.34209705020734 1.0 208.24777314020824 -1.0 4
42 0.0625 nan 0.5 1.0 1.0 212.74522335021274 212.74602327021276 213.04112709021305 211.63213467021163 214.66126772643997 212.83538100021283 -1.0 212.91597294021292 -1.0 2
43 0.0 nan 0.5 1.0 1.0 215.82838167021583 215.82931491021583 216.2135764802162 215.27257059021528 217.84518306579366 216.04665984021605 -1.0 216.04665984021605 -1.0 1
44 1.0 nan 0.5 1.0 1.0 219.14421672021913 219.14531661021914 219.47441703021948 218.4847826702185 221.09432139633043 219.33516429021932 -1.0 219.33516429021932 -1.0 1
45 1.0 nan 0.5 1.0 1.0 222.84484662022285 222.84594651022286 223.43755401022344 221.7096268202217 225.04426006921634 223.27047072022327 -1.0 223.27047072022327 -1.0 1
46 0.25 nan 0.5 1.0 1.0 226.4113232702264 226.41225651022643 226.8098834102268 225.68396268022568 228.4271815935297 226.65823191022665 -1.0 226.65823191022665 -1.0 1
47 nan 0.0 0.5 1.0 -1.0 229.96103493022997 229.96186818022997 233.7888521102338 229.14678303022916 236.3938550746103 233.5883055002336 -1.0 233.5883055002336 -1.0 1
48 nan 1.0 0.5 -1.0 1.0 237.80974998023783 237.81081654023782 238.7879854802388 237.05885841023706 240.41041821922002 238.1795463302382 -1.0 238.43965365023845 -1.0 2
49 0.0625 nan 0.5 -1.0 -1.0 241.6931616002417 241.6941281702417 244.96143474024495 241.04882604024104 247.57646945007968 244.7989509902448 1.0 244.7989509902448 1.0 1
50 0.125 nan 0.5 1.0 1.0 249.04239327024905 249.04339317024903 254.04752604025404 248.26787073024826 255.67625796098173 253.5936714302536 1.0 253.5936714302536 1.0 1
51 0.0625 nan 0.5 1.0 1.0 256.8919082402569 256.8930081302569 262.6213352402626 256.33936350025635 264.258534441469 257.1907116902572 1.0 262.4948145602625 -1.0 3
52 0.125 nan 0.5 1.0 1.0 265.5089131202655 265.5099463502655 265.8212485502658 264.9344372402649 267.4422821343511 265.66999701026566 -1.0 265.66999701026566 -1.0 1
53 nan 0.25 0.5 1.0 -1.0 268.6244348702686 268.62556809026864 269.0852554502691 268.0652907902681 271.6914189095177 268.89987399026893 -1.0 268.89987399026893 -1.0 1
54 0.125 nan 0.5 1.0 1.0 272.991731430273 272.99289798027297 276.9324706502769 272.42732121027245 278.55739865781976 276.8031169202768 -1.0 276.8031169202768 -1.0 1
55 nan 0.0625 0.5 1.0 -1.0 279.92480472027995 279.9258379502799 280.42682118028046 279.25420512027927 283.05812468016524 280.23467373028024 -1.0 280.23467373028024 -1.0 1
56 0.125 nan 0.5 1.0 1.0 284.5572081002846 284.55810801028457 285.8348469902858 283.71452571028374 287.45717872262816 285.73812333028576 -1.0 285.73812333028576 -1.0 1
57 0.25 nan 0.5 1.0 1.0 289.02416136028904 289.02509460028904 289.3746929702894 288.12318480028813 291.00749699791356 289.2572047202893 -1.0 289.2572047202893 -1.0 1
58 0.125 nan 0.5 1.0 1.0 293.8732097402939 293.8740429902939 294.83994639029487 291.67619613029166 296.47367408778547 293.77245315029376 1.0 294.74368935029474 -1.0 3
59 nan 0.0625 0.5 -1.0 1.0 297.956501370298 297.95733462029796 310.06609029031006 297.14458257029713 311.6720184475603 309.94696887030995 1.0 309.94696887030995 1.0 1
60 1.0 nan 0.5 1.0 1.0 313.13958291031315 313.14054948031315 313.8892412703139 312.42232131031244 315.5054442894233 313.5962372403136 -1.0 313.5962372403136 -1.0 1
61 0.0625 nan 0.5 1.0 1.0 317.7057595803177 317.70685947031774 333.2503383003332 316.1691465903162 334.8717561871036 333.06269040033305 -1.0 333.06269040033305 -1.0 1
62 nan 0.0 0.5 -1.0 1.0 336.2042428803362 336.20504280033623 336.8181481503368 335.6783621403357 338.42138569632294 336.5691397203366 1.0 336.5691397203366 1.0 1
63 1.0 nan 0.5 1.0 1.0 340.00402953034 340.00499610034 341.018294760341 339.07978863033907 342.6379294513476 340.42508742034045 1.0 340.7303568903407 1.0 3
64 0.0625 nan 0.5 -1.0 -1.0 343.987164510344 343.988297730344 344.56370685034454 343.30673256034333 347.1703783974536 344.3615270703444 1.0 344.3615270703444 1.0 1
65 0.0625 nan 0.5 -1.0 -1.0 348.4873811103485 348.4886143203485 349.03425975034907 347.8087823103478 351.6532033261601 348.75868731034876 1.0 348.75868731034876 1.0 1
66 nan 0.0625 0.5 -1.0 1.0 352.92060441035295 352.9216043103529 353.2302067803532 352.2646033503523 354.83644430243777 353.0913540003531 1.0 353.0913540003531 1.0 1
67 nan 0.25 0.5 -1.0 1.0 356.15374773035614 356.15488095035613 356.6876610003567 355.4703494103555 358.30286725927215 356.3789585403564 1.0 356.5826381703566 1.0 2
68 nan 0.25 0.5 -1.0 1.0 359.65346439035966 359.6545309503597 360.01189521036 358.965766500359 361.6031013992538 359.86227684035987 1.0 359.86227684035987 1.0 1
69 0.125 nan 0.5 -1.0 -1.0 362.83597944036285 362.8368126903628 363.1811449203632 362.2365060603622 365.80295008188943 363.03042666036305 1.0 363.03042666036305 1.0 1
70 nan 0.125 0.5 -1.0 1.0 367.1524810803672 367.1534476503672 367.45255107036746 366.43195314036643 369.05308927862285 367.05112455036704 1.0 367.4191210803674 1.0 2
71 nan 0.25 0.5 -1.0 1.0 370.25213775037025 370.25310432037026 370.5302099403705 369.6867942903697 372.15291732255895 370.3951901103704 1.0 370.3951901103704 1.0 1
72 nan 0.25 0.5 -1.0 1.0 374.13518274037415 374.13608265037414 374.4869475603745 372.7694193303728 376.0860550296937 374.2685027403743 1.0 374.2685027403743 1.0 1
73 0.25 nan 0.5 -1.0 -1.0 377.5350093903775 377.53604262037754 378.0957199803781 376.72435713037675 380.7020900984734 377.83357953037785 1.0 377.83357953037785 1.0 1
74 nan 0.125 0.5 -1.0 1.0 384.5847710103846 384.5856375903846 385.07805501038507 381.3751920003814 386.68515420150703 384.8008494003848 1.0 384.8008494003848 1.0 1
75 0.25 nan 0.5 -1.0 -1.0 387.984497670388 387.985630890388 392.11058502039214 387.36245988038735 394.7182208395772 388.3125315303883 1.0 392.02682673039203 1.0 2
76 nan 0.125 0.5 -1.0 1.0 396.1173843003961 396.11821755039614 396.54234180039657 395.3945232603954 398.1347785583289 396.28660071039627 1.0 396.28660071039627 1.0 1
77 nan 1.0 0.5 -1.0 1.0 399.31723095039933 399.31819752039934 399.6180675303996 398.7447882003988 401.21720857970877 399.46671600039946 1.0 399.46671600039946 1.0 1
78 0.125 nan 0.5 -1.0 -1.0 402.46768254040245 402.4685157904025 402.8115148204028 401.8589100904019 405.4170527265796 402.63626568040263 1.0 402.63626568040263 1.0 1
79 nan 1.0 0.5 -1.0 1.0 407.6672625304077 407.6681291104077 408.17437848040817 406.05745686040603 409.7507748512553 407.9157376804079 1.0 407.9157376804079 1.0 1
80 0.25 nan 0.5 1.0 1.0 411.23297259041124 411.23377251041126 411.65799675041166 410.5512741004106 413.266527380259 411.52551000041154 -1.0 411.52551000041154 -1.0 1
81 nan 0.0625 0.5 -1.0 1.0 414.51714414041453 414.5180773804145 414.8600431804149 413.93653554041396 416.4662512704664 414.6593299204147 1.0 414.6593299204147 1.0 1
82 nan 1.0 0.5 -1.0 1.0 418.4668158004185 418.4677157104185 418.8964728304189 417.12185031041713 420.48287991618673 418.6855939204187 -1.0 418.6855939204187 -1.0 1
83 nan 1.0 0.5 -1.0 1.0 423.049890780423 423.05069070042305 423.5263098004235 421.12768302042116 425.1322421776585 423.34922751042336 1.0 423.34922751042336 1.0 1
84 0.125 nan 0.5 1.0 1.0 426.6995257804267 426.7007256604267 427.37355837042736 425.8134477304258 428.96526386442406 427.17957777042716 -1.0 427.17957777042716 -1.0 1
85 nan 0.0625 0.5 -1.0 1.0 430.2992991004303 430.3002990004303 430.8083815204308 429.65516352042965 432.39891252991777 430.6318325104306 1.0 430.6318325104306 1.0 1
86 0.125 nan 0.5 -1.0 -1.0 433.8492440704338 433.85027730043385 439.2935662504393 433.07832117043307 441.8813989716098 439.14134814043916 1.0 439.14134814043916 1.0 1
87 1.0 nan 0.5 1.0 1.0 444.3653590204444 444.36619227044434 444.9085380304449 442.6015020904426 446.4819408865426 444.55467342044454 -1.0 444.55467342044454 -1.0 1
88 nan 0.25 0.5 -1.0 1.0 448.16434575044815 448.16514567044817 448.5920696404486 447.1696452304472 450.19737577899605 448.3001988304483 1.0 448.3001988304483 1.0 1
89 0.0625 nan 0.5 1.0 1.0 451.6481306704517 451.64913057045163 456.2956325404563 450.84487767045084 457.8971648467268 455.948967210456 1.0 455.948967210456 1.0 1
90 0.25 nan 0.2 1.0 1.0 459.24740400045926 459.24840390045927 459.7308889804597 458.5777709704586 461.31459670795283 459.56017272045955 -1.0 459.56017272045955 -1.0 1
91 nan 0.0625 0.2 -1.0 1.0 462.48034734046246 462.4813805704625 463.05842286046305 461.972098170462 464.66342463363276 462.93620175046294 1.0 462.93620175046294 1.0 1
92 nan 0.0 0.2 1.0 -1.0 466.0973189404661 466.0983521704661 467.2393380604672 465.33522849046534 469.8473728709167 466.54700730046653 1.0 466.96033263046695 -1.0 2
93 nan 1.0 0.2 -1.0 1.0 471.07945401047107 471.0803205904711 471.4289857204714 470.5148771404705 473.013022267883 471.2745345004713 1.0 471.2745345004713 1.0 1
94 nan 1.0 0.2 -1.0 1.0 474.24693723047426 474.2479704604743 475.01892669047504 473.66072919047366 476.59636314408607 474.4981787704745 1.0 474.7877498104748 1.0 2
95 nan 0.0625 0.2 -1.0 1.0 478.1300488804781 478.13091546047815 481.6010017504816 477.2788673404773 483.17960574348695 481.36312554048135 1.0 481.36312554048135 1.0 1
96 nan 0.125 0.2 -1.0 1.0 484.64569725048466 484.64653050048463 485.6148336604856 483.8926059004839 487.19646544022754 485.4969121204855 1.0 485.4969121204855 1.0 1
97 nan 1.0 0.2 -1.0 1.0 488.4954455704885 488.4965121304885 489.04725705048907 487.8684749404879 490.6294986157437 488.6973253804887 1.0 488.96296548048895 1.0 2
98 nan 1.0 0.2 -1.0 1.0 491.8953388804919 491.8961388004919 493.1081175904931 491.2772007004913 494.6946228665381 492.1963754404922 -1.0 492.97903050049297 1.0 3
99 nan 0.25 0.2 -1.0 1.0 497.22897213049725 497.23010535049724 497.57737062049756 495.3800237104954 499.16227097886923 497.4357181204974 1.0 497.4357181204974 1.0 1
100 nan 0.0 0.2 -1.0 1.0 501.06145551050105 501.06242208050105 506.0917524305061 499.84677699049985 507.6777468779602 505.85384289050586 1.0 505.85384289050586 1.0 1
101 nan 1.0 0.2 -1.0 1.0 509.46154875050945 509.46234867050947 509.93726784050995 508.4347514405084 511.52828455585 509.8040145005098 1.0 509.8040145005098 1.0 1
102 nan 0.125 0.2 -1.0 1.0 513.0939521405131 513.0949853705131 513.6757272905137 512.3807901305124 515.2612287264074 513.4728809105135 1.0 513.4728809105135 1.0 1
103 nan 0.125 0.2 -1.0 1.0 516.8937721205169 516.8946387005169 517.5431405105176 515.942633910516 519.1436749521273 517.1664115205172 1.0 517.4202528005175 1.0 2
104 nan 0.0 0.2 -1.0 1.0 520.3777236905204 520.3785902705204 521.2015079705212 519.8242790405199 522.7768124342953 521.0561558405211 1.0 521.0561558405211 1.0 1
105 nan 0.25 0.2 -1.0 1.0 524.2273720205243 524.2282386005243 524.4622152005245 523.4506163705234 526.0606474655131 524.3435270705244 1.0 524.3435270705244 1.0 1
106 0.0625 nan 0.2 -1.0 -1.0 527.5097437505275 527.5108769705275 527.8815399005279 526.7606520005268 530.4603814521781 527.6673279905277 1.0 527.6673279905277 1.0 1
107 nan 1.0 0.2 -1.0 1.0 531.6764603705317 531.6774936005316 532.0833863405321 531.1171829705311 533.660319984943 531.8518428305318 1.0 531.8518428305318 1.0 1
108 nan 0.0625 0.2 -1.0 1.0 535.026158700535 535.027158600535 535.3117301405354 534.3398273405344 536.9094607114813 535.1656447505352 1.0 535.1656447505352 1.0 1
109 1.0 nan 0.2 1.0 1.0 538.3766569505384 538.3777901705383 539.1237822305392 537.6072672305376 540.7098848389408 538.5691710305385 1.0 538.7890823705388 1.0 2
110 nan 0.25 0.2 -1.0 1.0 542.1588453605422 542.1597452705422 542.8827063005428 541.4365842605414 544.4586387741297 542.7644514605428 1.0 542.7644514605428 1.0 1
111 nan 0.125 0.2 -1.0 1.0 545.7929152505458 545.7937151705459 545.999327940546 545.1404471705451 547.5756670451738 545.8895722505459 1.0 545.8895722505459 1.0 1
112 nan 1.0 0.2 -1.0 1.0 548.7927152405488 548.7937151405488 549.2548690205492 548.2548690305482 550.8427039056478 549.0930518705491 1.0 549.0930518705491 1.0 1
113 nan 0.25 0.2 -1.0 1.0 552.1751436305522 552.1760102105521 556.6424301905566 551.5304081105515 558.2419697475315 556.3445933105563 1.0 556.3445933105563 1.0 1
114 nan 0.25 0.2 -1.0 1.0 559.8412769405599 559.8426434705599 560.6356974905607 559.1934750605592 562.208799950195 560.10401733056 1.0 560.6004010205606 1.0 2
115 nan 0.0 0.2 1.0 -1.0 563.4412169105634 563.4422834705634 566.8019141405669 562.9224021305629 569.3915785884566 566.4941782505665 -1.0 566.7815828405668 -1.0 2
116 nan 1.0 0.2 -1.0 1.0 570.7740502205708 570.7749501305708 571.2922983905713 570.1059837005702 572.8736008980891 570.976963260571 1.0 571.1748101405711 1.0 2
117 nan 0.25 0.2 -1.0 1.0 574.3079967905743 574.3088633705743 575.070320550575 573.5934015905736 576.6577486795213 574.6067669105746 -1.0 574.976629920575 1.0 3
118 nan 0.0625 0.2 -1.0 1.0 578.023558530578 578.024491770578 578.4296512505784 577.3813560905774 580.0236847034398 578.2937315105783 1.0 578.2937315105783 1.0 1
119 nan 0.125 0.2 -1.0 1.0 581.2408034405812 581.2418033405812 581.8026139205818 580.7145894005807 583.4069121197052 581.6222319605816 1.0 581.6222319605816 1.0 1
120 0.0 nan 0.2 -1.0 -1.0 585.3569917805854 585.3577917005854 585.6814593305857 584.1282146705842 588.257061069704 585.5050103105855 1.0 585.5050103105855 1.0 1
121 nan 0.0 0.2 -1.0 1.0 589.4896118105895 589.4904117305895 589.9081699505899 588.955365240589 591.4898053926231 589.7435197505897 1.0 589.7435197505897 1.0 1
122 nan 1.0 0.2 -1.0 1.0 593.7730834205938 593.7743832905937 594.0997174205941 592.1420132105922 595.6892478971591 593.994594600594 1.0 593.994594600594 1.0 1
123 0.0625 nan 0.8 -1.0 -1.0 597.8561084105978 597.8570416505978 598.3180288805984 596.4145525805964 600.9058921147649 598.045622790598 1.0 598.045622790598 1.0 1
124 0.25 nan 0.8 1.0 1.0 602.4230183406024 602.4239849106025 602.7717168006028 601.6436962806016 604.3561212296613 602.6462293506027 -1.0 602.6462293506027 -1.0 1
125 0.0 nan 0.8 1.0 1.0 605.7055233906057 605.7063233106057 609.1042834806091 605.024024880605 610.688482991033 608.958764700609 -1.0 608.958764700609 -1.0 1
126 0.125 nan 0.8 1.0 1.0 613.2721333206133 613.2732665406132 613.5997005606137 611.4027869406115 615.204736362154 613.4883783606135 -1.0 613.4883783606135 -1.0 1
127 nan 0.0 0.8 1.0 -1.0 616.6887582906166 616.6898915106167 617.3132291706173 616.1442460806162 619.9219915453085 617.0386566306171 -1.0 617.0386566306171 -1.0 1
128 0.0625 nan 0.8 -1.0 -1.0 621.4042866906215 621.4052199306215 626.6658271506267 620.6368967706206 629.2713886391444 621.8646406506218 1.0 626.6243646306266 1.0 3
129 0.0625 nan 0.8 1.0 1.0 630.5207416206305 630.5218081806305 632.1698100306322 630.00509319063 633.7540111715406 632.021024910632 -1.0 632.021024910632 -1.0 1
130 0.25 nan 0.8 1.0 1.0 635.2377698706352 635.2387697706353 635.8669402806358 634.4920111206345 637.4868635086159 635.5345068606356 -1.0 635.5345068606356 -1.0 1
131 1.0 nan 0.8 1.0 1.0 638.9208681906389 638.9221014006389 639.3634905906393 638.2222713906382 640.970689046358 639.1886414106392 -1.0 639.1886414106392 -1.0 1
132 1.0 nan 0.8 1.0 1.0 642.3366599106423 642.3380597706423 642.7049230806427 641.6934909006417 644.2870175320583 642.5068762206425 -1.0 642.5068762206425 -1.0 1
133 1.0 nan 0.8 1.0 1.0 645.8198448906459 645.8206781406458 646.2894312606463 645.0418227006451 647.8863610841024 645.961697370646 -1.0 645.961697370646 -1.0 1
134 0.125 nan 0.8 1.0 1.0 649.3201614906493 649.3213280406493 649.7864815206498 648.5967671706486 651.3865821718545 649.6478953806496 -1.0 649.6478953806496 -1.0 1
135 nan 0.0625 0.8 1.0 -1.0 652.6691932206527 652.6699598106527 658.005926160658 652.1022832506521 660.6022897256674 657.8430091206578 -1.0 657.8430091206578 -1.0 1
136 0.25 nan 0.8 1.0 1.0 661.9028697606619 661.9039029906619 663.3060294306633 661.3222944906613 664.9027281450855 663.084484920663 -1.0 663.084484920663 -1.0 1
137 1.0 nan 0.8 1.0 1.0 666.7518514806668 666.7528847106668 667.2113388606672 665.6205312906657 668.8192681581376 666.993260670667 -1.0 666.993260670667 -1.0 1
138 0.125 nan 0.8 1.0 1.0 670.2017064606702 670.2028396806702 673.6233309306737 669.5406725706696 675.2187255162233 673.4577141606735 -1.0 673.4577141606735 -1.0 1
139 0.25 nan 0.8 1.0 1.0 676.5346397706766 676.5358063206766 681.1832082006812 675.963730200676 682.7845966890948 681.025590630681 -1.0 681.025590630681 -1.0 1
140 0.25 nan 0.8 1.0 1.0 684.2343697206842 684.2354362806842 691.7398857606918 683.5959002406836 693.3344109867387 691.5629367906915 -1.0 691.5629367906915 -1.0 1
141 1.0 nan 0.8 1.0 1.0 694.7170880106947 694.7180212506947 695.2941303006953 694.0994164506941 696.9001582171521 695.1183478806951 -1.0 695.1183478806951 -1.0 1
142 0.25 nan 0.8 -1.0 -1.0 699.8340762606998 699.8349761706999 700.3956201007004 697.6127650806976 703.0174115277547 699.8099786706998 1.0 700.3790884207004 1.0 2
143 nan 0.125 0.8 -1.0 1.0 704.3665229707044 704.3676228607044 705.4311498307054 703.7828146807038 707.0335465767473 704.928300120705 1.0 705.2786317507052 1.0 2
144 0.0 nan 0.8 1.0 1.0 708.4496479507085 708.4505811907085 714.6826245907147 707.7528509707078 716.2830477261857 714.4830112207145 -1.0 714.4830112207145 -1.0 1
145 nan 0.25 0.8 -1.0 1.0 717.6822912607176 717.6831911707177 718.0595535307181 717.0522542707171 719.6661789073388 717.9284999707179 1.0 717.9284999707179 1.0 1
146 0.25 nan 0.8 1.0 1.0 721.1654429107211 721.1664761407212 721.8968031007219 720.4263834907205 723.4988289146113 721.6950232807217 -1.0 721.6950232807217 -1.0 1
147 0.125 nan 0.8 1.0 1.0 725.015491200725 725.016457770725 726.7712489407268 724.2336360607243 728.3657706821461 726.1453115407262 1.0 726.5154411907265 -1.0 2
148 0.125 nan 0.8 -1.0 -1.0 729.6982895407297 729.6994227607297 735.3893870407354 729.1762750807292 737.9984759974172 733.8740052607338 -1.0 735.1791080707352 1.0 4
149 0.0625 nan 0.8 -1.0 -1.0 739.4810778307395 739.4820110707395 743.2599999007433 738.7666826107388 745.8649544941736 742.925833320743 1.0 743.0943498007431 -1.0 2
150 0.0625 nan 0.8 1.0 1.0 747.3973861207475 747.3982860307474 771.8502072607719 746.6558602807467 773.4457095090346 756.2697987907562 -1.0 771.8159773507718 -1.0 3
151 1.0 nan 0.8 1.0 1.0 774.996059310775 774.997059210775 775.8135442207758 774.4425146707745 777.4121649041708 775.6082647507756 -1.0 775.6082647507756 -1.0 1
152 0.125 nan 0.8 -1.0 -1.0 778.979394270779 778.980427500779 779.3767212007793 778.1808741307782 781.9794155279292 779.1935395207792 1.0 779.1935395207792 1.0 1
153 1.0 nan 0.8 1.0 1.0 783.4618459807834 783.4626792307835 783.9330321907839 782.7232198507827 785.5291411045098 783.7938794407838 -1.0 783.7938794407838 -1.0 1
154 0.0625 nan 0.8 1.0 1.0 787.2618326107872 787.2626658607873 787.5421712407875 786.4785442807865 789.1456671450992 787.4235497707874 -1.0 787.4235497707874 -1.0 1
155 0.25 nan 0.8 1.0 1.0 790.5948992707906 790.5959658307906 791.095882500791 789.8788708807899 792.6948085793474 790.949597130791 -1.0 790.949597130791 -1.0 1
156 1.0 nan 0.8 1.0 1.0 794.7285192007947 794.7296190907947 795.4789441507955 793.4285158807934 797.077670878883 795.3007953007954 -1.0 795.3007953007954 -1.0 1
157 0.125 nan 0.8 1.0 1.0 798.3951525007984 798.3962523907984 803.7008218808037 797.8132773607978 805.29464609833 803.4763110008034 -1.0 803.4763110008034 -1.0 1
158 nan 0.0625 0.8 1.0 -1.0 807.1605425408071 807.1615091108072 811.2601325408112 806.0865499508061 813.860921930334 811.032988590811 -1.0 811.032988590811 -1.0 1
159 0.125 nan 0.8 1.0 1.0 815.3101608308153 815.3111274008153 815.6072311208156 814.6575261008147 817.2106556487105 815.4202831508154 -1.0 815.4202831508154 -1.0 1
160 1.0 nan 0.8 1.0 1.0 818.5100074808186 818.5110740408185 829.3815868808294 817.990359450818 830.9762967706104 829.1637753308291 -1.0 829.1637753308291 -1.0 1
161 nan 0.125 0.8 -1.0 1.0 832.975327470833 832.976327370833 833.9102339708339 831.8851031708319 835.5094318699629 833.3576892308333 1.0 833.7709812308337 1.0 2
162 0.125 nan 0.8 -1.0 -1.0 836.7754140908368 836.7762806708367 864.3560890808643 836.2330350008363 866.9573556948548 864.2025377708642 1.0 864.2025377708642 1.0 1
163 0.0 nan 0.8 -1.0 -1.0 868.6908888908687 868.6920554408687 919.4406134109195 867.9499629908679 922.037999963909 918.988725270919 1.0 919.4228818509195 1.0 2
164 0.125 nan 0.8 -1.0 -1.0 924.5871653709246 924.5882319309246 925.1239116909252 923.4639110409234 927.7370642863949 924.5423031909246 -1.0 925.0220218809251 1.0 3
165 0.25 nan 0.8 -1.0 -1.0 931.6706902809317 931.6715235309317 932.5558350909325 928.5249715509285 935.1534556559176 931.8767363409319 -1.0 932.2722634509323 1.0 2
166 0.125 nan 0.8 0.0 -1.0 936.5369036109365 936.5378035209366 996.5394027609965 935.958061500936 999.0385989158298 966.3634206609664 -1.0 977.1851383809772 -1.0 2
167 nan 0.125 0.8 -1.0 1.0 1001.000256631001 1001.001356521001 1001.890034311002 1000.4550111610005 1003.4833264207664 1001.6054627710016 1.0 1001.6054627710016 1.0 1
168 0.25 nan 0.8 0.0 -1.0 1005.0824817010051 1005.0833482810051 1065.084914191065 1004.2964269810043 1067.5840916136406 nan 0.0 nan 0.0 0
169 0.0 nan 0.8 1.0 1.0 1069.5795646810695 1069.5805645810697 1086.2170674310862 1068.872302081069 1087.8116791743325 1086.045817891086 -1.0 1086.045817891086 -1.0 1
170 0.0 nan 0.8 0.0 -1.0 1089.3446213110894 1089.3458211910893 1149.3472871111494 1088.7131844610888 1151.8465302262568 nan 0.0 nan 0.0 0
171 nan 0.125 0.8 -1.0 1.0 1153.7078510111537 1153.7089175711537 1154.6876530211548 1153.1376413711532 1156.2904777038905 1154.042050921154 1.0 1154.5548663011546 1.0 4
172 0.0625 nan 0.8 1.0 1.0 1157.6239926911576 1157.6248926011576 1162.958159221163 1157.0450839211571 1164.5573788089855 1162.8172733111628 -1.0 1162.8172733111628 -1.0 1
173 nan 0.125 0.8 1.0 -1.0 1165.906631011166 1165.907497591166 1166.3028247211664 1165.3693847411653 1168.9066172335042 1166.1463070411662 -1.0 1166.1463070411662 -1.0 1
174 0.125 nan 0.8 1.0 1.0 1170.4237792511703 1170.4248124811704 1170.9137302511708 1169.6785204511698 1172.5238503027974 1170.7896093311708 -1.0 1170.7896093311708 -1.0 1
175 1.0 nan 0.8 1.0 1.0 1174.006120981174 1174.007120881174 1174.6366579211747 1173.3215561111733 1176.2568823257495 1174.4583424211744 -1.0 1174.4583424211744 -1.0 1
176 nan 0.0 0.8 -1.0 1.0 1178.5226359511785 1178.5237358411784 1181.0786469911811 1177.016386591177 1182.6897618235414 1180.7344814111807 1.0 1180.930361821181 1.0 2
177 nan 1.0 0.8 -1.0 1.0 1184.2891925711842 1184.2900591511843 1184.7658782311848 1183.5107704211835 1186.3896010960266 1184.4769737911845 1.0 1184.6012946911846 1.0 2
178 1.0 nan 0.8 1.0 1.0 1188.3051576011883 1188.3060241811884 1188.8192061911889 1187.1481066511872 1190.422030671912 1188.6822532211886 -1.0 1188.6822532211886 -1.0 1
179 1.0 nan 0.8 0.0 -1.0 1192.2391641611923 1192.2399974111922 1252.2415966512522 1191.2173330211913 1254.740789276065 nan 0.0 nan 0.0 0
180 0.0 nan 0.8 0.0 -1.0 1256.851468951257 1256.852568841257 1316.854134751317 1256.1863021412562 1319.3533449123267 nan 0.0 nan 0.0 0
181 0.0625 nan 0.8 1.0 1.0 1321.3979469913213 1321.3987802413214 1369.6390557313696 1320.6505550713207 1371.261861806369 1369.4062123513695 -1.0 1369.4062123513695 -1.0 1
182 0.0625 nan 0.8 0.0 -1.0 1373.2121650513732 1373.2130649613732 1433.2146642014332 1372.4770719013725 1435.7138396395085 nan 0.0 nan 0.0 0
183 0.0625 nan 0.8 1.0 1.0 1437.7252131014377 1437.7262463314378 1443.038315071443 1437.019150381437 1444.6574312391158 1442.7984723914428 -1.0 1442.7984723914428 -1.0 1
184 nan 1.0 0.8 -1.0 1.0 1446.6413214014467 1446.6421879814466 1447.5106344614476 1445.4984357014455 1449.1406576690933 1446.823569841447 1.0 1447.4217433514475 -1.0 3
185 1.0 nan 0.8 0.0 -1.0 1450.6912163714508 1450.6921496114508 1510.6937155215107 1449.93575859145 1513.1929183314082 nan 0.0 nan 0.0 0
186 0.0625 nan 0.8 -1.0 -1.0 1515.2874227715154 1515.2883560115154 1557.043113451557 1514.5539294615146 1559.6514935002147 1556.839900441557 1.0 1556.839900441557 1.0 1
187 0.0625 nan 0.8 0.0 -1.0 1561.3342176315614 1561.3353508515613 1621.3369834216214 1560.8102033715609 1623.8361540063074 1563.2786231715634 -1.0 1563.2786231715634 -1.0 1
188 0.25 nan 0.8 0.0 -1.0 1625.913725701626 1625.914592281626 1685.916191521686 1625.1882649216252 1688.4154262728025 1637.3238512416374 -1.0 1637.3238512416374 -1.0 1
189 1.0 nan 0.8 1.0 1.0 1690.3107520216904 1690.3118185816904 1721.2795548317213 1689.7888375516898 1722.8750774931445 1719.87239556172 -1.0 1720.9455882317209 -1.0 4
190 nan 1.0 0.8 -1.0 1.0 1724.6921135417247 1724.6929801217248 1725.075208561725 1723.961686591724 1726.7082032450392 1724.882361181725 1.0 1724.9383555817249 1.0 2
191 0.25 nan 0.8 1.0 1.0 1728.125270191728 1728.1262700917282 1728.7336426817287 1727.4639030017274 1730.358033002177 1728.5697590717286 -1.0 1728.5697590717286 -1.0 1
192 1.0 nan 0.8 1.0 1.0 1733.7750384917338 1733.7759050717339 1734.4103749517344 1731.122237131731 1736.0248956366963 1733.947021291734 1.0 1734.2360257217342 -1.0 3
193 nan 0.0 0.8 -1.0 1.0 1738.3740785417383 1738.3751784317385 1738.6052220917386 1736.8124013917368 1740.2072448379583 1738.4907668717385 1.0 1738.4907668717385 1.0 1
194 nan 1.0 0.8 -1.0 1.0 1742.7910368017428 1742.7918367217428 1743.1319693717433 1740.970952161741 1744.7576889772567 1742.997816121743 1.0 1742.997816121743 1.0 1
195 0.125 nan 0.8 1.0 1.0 1746.3568801817464 1746.3581467217464 1747.1917300217472 1745.5586933417455 1748.824146514039 1747.013947801747 -1.0 1747.013947801747 -1.0 1
196 0.25 nan 0.8 1.0 1.0 1750.3066851617502 1750.3077850517502 1750.7998691717507 1749.6142544117497 1752.4067870836375 1750.5387286217506 -1.0 1750.5387286217506 -1.0 1
197 1.0 nan 0.8 1.0 1.0 1753.8570634217538 1753.8580966517538 1754.7607063817547 1753.2206937317533 1756.3737306674502 1754.6543503517546 -1.0 1754.6543503517546 -1.0 1
198 0.25 nan 0.8 -1.0 -1.0 1757.789603461758 1757.7904033817579 1758.919723771759 1757.1304360517572 1761.523377683776 1757.962486171758 1.0 1758.8888601917588 1.0 3
199 0.0625 nan 0.8 -1.0 -1.0 1763.2892201117634 1763.2903533317633 1763.5403616617637 1762.3402816817625 1766.1560158599048 1763.4058417817635 1.0 1763.4058417817635 1.0 1
200 0.0625 nan 0.8 1.0 1.0 1768.1893967117683 1768.1903299517683 1768.872428401769 1766.960219641767 1770.489168939164 1768.4361053717685 1.0 1768.6012555217685 -1.0 2
201 0.125 nan 0.8 1.0 1.0 1773.6560833217736 1773.6576498317736 1774.2741881717743 1771.3821774017713 1775.8724067087078 1773.8084347517738 1.0 1774.134135511774 -1.0 2
202 1.0 nan 0.8 1.0 1.0 1778.0050483817781 1778.005948291778 1778.841231421779 1776.7329089417767 1780.4718492222505 1778.126269591778 1.0 1778.5486940117785 -1.0 3
203 0.125 nan 0.8 1.0 1.0 1781.938754971782 1781.939588221782 1783.2533901617833 1781.2791542717814 1784.8714059460108 1782.927289441783 -1.0 1782.927289441783 -1.0 1
204 0.125 nan 0.8 1.0 1.0 1786.3885099517863 1786.3895431817864 1787.1154372517872 1785.6841137317856 1788.7384514849962 1786.808967901787 1.0 1786.886426821787 -1.0 2
205 0.25 nan 0.8 1.0 1.0 1790.2712549717903 1790.2721882117903 1790.858262931791 1789.5719582417896 1792.4711852270084 1790.6919462317908 -1.0 1790.6919462317908 -1.0 1
206 1.0 nan 0.8 1.0 1.0 1794.054809911794 1794.0558431417942 1794.5024984717945 1793.2777876217933 1796.1045210502061 1794.2487905117944 1.0 1794.3561464417944 -1.0 2
207 1.0 nan 0.8 1.0 1.0 1797.4374716117975 1797.4384715117974 1797.7574396117977 1796.888726491797 1799.3713571406622 1797.6206866217976 -1.0 1797.6206866217976 -1.0 1
208 0.0625 nan 0.8 -1.0 -1.0 1800.987116611801 1800.988116511801 1801.3524467418013 1800.1876632318001 1803.9709992575918 1801.1539665918012 1.0 1801.1539665918012 1.0 1
209 nan 0.25 0.2 -1.0 1.0 1805.5035315918055 1805.5044315018056 1806.1332352818063 1804.7878031718049 1807.754149567652 1805.8072678818057 -1.0 1805.8615624518059 1.0 2
210 nan 0.25 0.2 -1.0 1.0 1810.836631561811 1810.837731451811 1811.3551797018113 1808.867261851809 1812.9532957135552 1811.1192033018112 1.0 1811.1192033018112 1.0 1
211 nan 0.0625 0.2 -1.0 1.0 1814.5870231518145 1814.5880230518146 1814.925522631815 1813.8163002318138 1816.5369374030126 1814.7488069718147 1.0 1814.8171001418148 1.0 2
212 nan 0.0 0.2 -1.0 1.0 1818.4695348618184 1818.4703347818186 1819.058375971819 1817.3696448618173 1820.669288887428 1818.6152536218187 1.0 1819.0270124418191 1.0 2
213 nan 0.125 0.2 -1.0 1.0 1824.0696414618242 1824.070641361824 1824.3384145818243 1821.5175966918216 1825.9525314649666 1824.2217929118242 1.0 1824.2217929118242 1.0 1
214 nan 0.25 0.2 -1.0 1.0 1827.4695681018275 1827.4709679618275 1827.7677382818279 1826.8049345718268 1829.3857535689438 1827.6003883518276 1.0 1827.6003883518276 1.0 1
215 nan 0.125 0.2 -1.0 1.0 1830.8855264718309 1830.886593031831 1831.1529663918311 1830.2604556518302 1832.7687087405293 1831.0420108218311 1.0 1831.0420108218311 1.0 1
216 nan 0.0625 0.2 -1.0 1.0 1834.3024514118342 1834.3036179618343 1834.5785238018345 1833.5916225018336 1836.185845624461 1834.4556694218345 1.0 1834.4556694218345 1.0 1
217 0.125 nan 0.2 -1.0 -1.0 1837.5184631118375 1837.5195963318376 1838.1012048318382 1837.006247671837 1840.7020916587592 1837.6352847618377 1.0 1837.878860401838 -1.0 2
218 nan 1.0 0.2 -1.0 1.0 1842.051609751842 1842.052542991842 1842.3733109118423 1841.5066975818415 1844.001627678475 1842.2506565118422 1.0 1842.2506565118422 1.0 1
219 nan 0.0 0.2 -1.0 1.0 1845.3850430418454 1845.3861762618453 1845.7220426718457 1844.8048344018448 1847.3345595746396 1845.5308617918456 1.0 1845.5308617918456 1.0 1
220 0.0625 nan 0.2 -1.0 -1.0 1849.001748001849 1849.002814561849 1850.07914025185 1848.1726642518481 1852.6843952932122 1849.3281153618493 1.0 1849.97045112185 1.0 2
221 nan 0.0625 0.2 -1.0 1.0 1854.051476311854 1854.0524428818542 1854.5617252818545 1853.5183962918536 1856.1679387112983 1854.1307017218542 -1.0 1854.2285919318542 1.0 2
222 nan 0.125 0.2 -1.0 1.0 1857.6173863518577 1857.6184195818576 1858.2199594218582 1856.991348961857 1859.8338759753906 1857.7596387918577 1.0 1858.1762971218582 1.0 3
223 nan 0.0625 0.2 -1.0 1.0 1861.2841863018614 1861.2850862118612 1861.6296850818617 1860.6766803918606 1863.233702822809 1861.4874993018616 1.0 1861.4874993018616 1.0 1
224 0.125 nan 0.2 1.0 1.0 1866.3507129318664 1866.3517128318663 1866.7297416918668 1864.096505041864 1868.3335584283927 1866.5824230918665 -1.0 1866.5824230918665 -1.0 1
225 nan 0.125 0.2 -1.0 1.0 1869.6838462518697 1869.6846795018696 1870.11746955187 1869.1604652618691 1871.7332105041362 1869.96081855187 1.0 1869.96081855187 1.0 1
226 nan 0.125 0.2 -1.0 1.0 1873.1835629118732 1873.1846628018732 1873.5947217918736 1872.5989213818725 1875.2170384603876 1873.3979081418734 1.0 1873.3979081418734 1.0 1
227 nan 0.125 0.2 -1.0 1.0 1876.6329179418767 1876.6339845018767 1877.2501562118773 1876.075040401876 1878.883366428976 1876.7986347018768 1.0 1877.2074271518773 1.0 2
228 nan 0.125 0.2 -1.0 1.0 1880.4659679318804 1880.4669678318805 1880.9106901218809 1879.7715707118798 1882.51630763899 1880.6268518418806 1.0 1880.6268518418806 1.0 1
229 1.0 nan 0.2 1.0 1.0 1884.0989379318842 1884.099937831884 1884.5020309518845 1883.3312147118834 1886.1163499818767 1884.3716106618845 -1.0 1884.3716106618845 -1.0 1
230 nan 0.25 0.2 -1.0 1.0 1887.6153862518877 1887.6162528318876 1888.022378881888 1886.9155562418869 1889.6328871675066 1887.819932461888 1.0 1887.819932461888 1.0 1
231 nan 0.25 0.2 -1.0 1.0 1892.6320178718927 1892.6328844518926 1893.3231154218934 1890.5333944218905 1894.932129239005 1892.853862351893 1.0 1893.2372573418932 1.0 3
232 nan 0.125 0.2 -1.0 1.0 1897.6317845118976 1897.6328510718977 1897.872260461898 1895.8173326418957 1899.4821751949123 1897.7508726018978 1.0 1897.7508726018978 1.0 1
233 nan 0.25 0.2 -1.0 1.0 1901.098071181901 1901.099171071901 1901.5136962819015 1900.3277815519004 1903.131912466183 1901.2655544319014 1.0 1901.2655544319014 1.0 1
234 0.25 nan 0.8 -1.0 -1.0 1904.5810895119046 1904.5821560719046 1904.821798771905 1903.956218671904 1907.4478696560218 1904.6791463719046 1.0 1904.6791463719046 1.0 1
235 nan 0.0625 0.8 -1.0 1.0 1911.1481327419112 1911.1490993119112 1911.4453030219115 1908.6329842819086 1913.0476144367701 1911.3528122719113 1.0 1911.3528122719113 1.0 1
236 0.0 nan 0.8 -1.0 -1.0 1914.5645910619146 1914.5654243119145 1914.933087541915 1913.959418251914 1917.5472699325742 1914.7597382119147 1.0 1914.7597382119147 1.0 1
237 nan 0.125 0.8 -1.0 1.0 1918.897724371919 1918.8987242719188 1919.4570017719195 1918.3596781819183 1921.0810152095994 1919.059274881919 -1.0 1919.059274881919 -1.0 1
238 nan 0.0625 0.8 -1.0 1.0 1922.6470827319226 1922.6480159719226 1923.1952279119232 1921.917522361922 1924.8307413961745 1922.883825721923 1.0 1923.1400667619232 1.0 2
239 0.0625 nan 0.8 -1.0 -1.0 1926.3133494019264 1926.3143493019263 1927.025678161927 1925.7056435119257 1929.629794444012 1926.7410066319267 1.0 1926.929121151927 1.0 2
240 1.0 nan 0.8 1.0 1.0 1931.7469393219317 1931.7479725519318 1932.0725067619321 1930.4599013719305 1933.6802248908298 1931.930054341932 -1.0 1931.930054341932 -1.0 1
241 0.25 nan 0.8 1.0 1.0 1935.1795293619352 1935.1802959519352 1935.7084431319358 1934.5214285119346 1937.3132789417077 1935.5712235219355 -1.0 1935.5712235219355 -1.0 1
242 nan 0.125 0.8 -1.0 1.0 1938.8626276819389 1938.8635942519388 1939.3312808119395 1938.2223917119381 1940.9464253763044 1939.010779531939 1.0 1939.2366902719393 1.0 2
243 0.0 nan 0.8 -1.0 -1.0 1942.3956743419424 1942.3965742519424 1942.966250611943 1941.8202318919418 1945.5795669565478 1942.5370935319424 1.0 1942.8546617719428 -1.0 2
244 0.0625 nan 0.8 -1.0 -1.0 1946.995347661947 1946.996280901947 1947.3135491719474 1946.4360702619465 1949.9452989068643 1947.1647973819472 1.0 1947.1647973819472 1.0 1
245 0.0 nan 0.8 -1.0 -1.0 1955.4123725419554 1955.4135057619553 1955.7275076919557 1950.796100881951 1958.3621782290284 1955.6080863019556 1.0 1955.6080863019556 1.0 1
246 0.25 nan 0.8 1.0 1.0 1959.8114659219598 1959.81246582196 1960.1579979319602 1959.2844852919593 1961.7620131340987 1960.02091164196 -1.0 1960.02091164196 -1.0 1
247 0.0625 nan 0.8 1.0 1.0 1963.3778092519633 1963.3787758219635 1964.1638639719642 1962.6045199219627 1965.7785678042362 1963.6936443319637 1.0 1964.0055798019641 -1.0 2
248 0.25 nan 0.8 1.0 1.0 1967.3444125519673 1967.3454124519674 1969.5919211119697 1966.6901779819666 1971.2275291302653 1969.4072395819694 -1.0 1969.4072395819694 -1.0 1
249 1.0 nan 0.8 1.0 1.0 1972.6445491519726 1972.6453824019727 1972.989048031973 1972.105036441972 1974.5944622965428 1972.7931342919728 -1.0 1972.7931342919728 -1.0 1
250 nan 0.0625 0.8 1.0 -1.0 1976.2271575219763 1976.2280241019762 1977.1553646919772 1975.4507685019755 1979.761011035266 1976.4214380919764 1.0 1976.8751593819768 -1.0 3
251 0.125 nan 0.8 1.0 1.0 1981.3435458319814 1981.3446790519813 1981.7983336819818 1980.6390162919806 1983.4102458514335 1981.6123522819817 -1.0 1981.6123522819817 -1.0 1
252 nan 0.0625 0.8 1.0 -1.0 1984.993914091985 1984.994980651985 1985.6676467119858 1984.2888512719844 1988.2936909403427 1985.4887646019856 -1.0 1985.4887646019856 -1.0 1
253 0.0625 nan 0.8 1.0 1.0 1989.7431391219898 1989.7442723419897 1990.5503250619906 1989.1763958019892 1992.1600362236466 1990.2937507219904 1.0 1990.2937507219904 1.0 1
254 0.25 nan 0.8 1.0 1.0 1993.7095757719937 1993.7105756719936 1994.3799753919943 1993.035343201993 1995.993486252994 1994.2909176319943 -1.0 1994.2909176319943 -1.0 1
255 nan 0.25 0.8 -1.0 1.0 1997.5759890919976 1997.5768890019976 1998.7126087519987 1996.8427957519968 2000.3259239353943 1997.8280972119978 -1.0 1998.3934073419985 1.0 3
256 0.125 nan 0.8 1.0 1.0 2001.7597040120017 2001.760537262002 2002.7222410820027 2001.2037262820013 2004.3262576871057 2002.6133186420027 -1.0 2002.6133186420027 -1.0 1
257 0.25 nan 0.8 1.0 1.0 2007.008712392007 2007.009812282007 2007.3452120720074 2005.1870612420053 2008.9593191744698 2007.1950937520073 -1.0 2007.1950937520073 -1.0 1
258 0.25 nan 0.8 1.0 1.0 2010.4751323820105 2010.4761322820104 2010.8716260620108 2009.8333299020098 2012.4758432137069 2010.6837448520107 -1.0 2010.6837448520107 -1.0 1
259 nan 0.125 0.8 -1.0 1.0 2013.9247873820138 2013.925787282014 2014.4191712720144 2013.3491449520134 2016.0254780496375 2014.1515313720142 1.0 2014.4141717720145 1.0 2
260 1.0 nan 0.8 1.0 1.0 2018.4915306620185 2018.4924305720185 2018.7782019920187 2016.9413856920169 2020.4088385817845 2018.6278503620185 -1.0 2018.6278503620185 -1.0 1
261 0.125 nan 0.8 1.0 1.0 2021.8579606520218 2021.8590605420218 2022.2571540620222 2021.3033494520214 2023.8745642472968 2022.0706060520222 -1.0 2022.0706060520222 -1.0 1
262 0.25 nan 0.8 1.0 1.0 2025.8748922520258 2025.876025472026 2026.2612869420263 2025.1133684120252 2027.8748955664507 2026.055840822026 -1.0 2026.055840822026 -1.0 1
263 0.125 nan 0.8 1.0 1.0 2029.3237806620293 2029.3246805720294 2029.7628367520297 2028.7913005820287 2031.3747433972253 2029.6188511520297 -1.0 2029.6188511520297 -1.0 1
264 nan 0.0 0.8 1.0 -1.0 2032.7738356220327 2032.7746355420327 2033.022310772033 2032.2568539920323 2035.6406869448708 2032.886324372033 -1.0 2032.886324372033 -1.0 1
265 1.0 nan 0.8 1.0 1.0 2037.1242672020371 2037.1252671020372 2037.4138049120374 2036.5411921820366 2039.023620990389 2037.2460550220374 -1.0 2037.2460550220374 -1.0 1
266 0.25 nan 0.8 1.0 1.0 2040.4906638620405 2040.4915971020405 2041.007845472041 2039.86532640204 2042.6228577391178 2040.8538275420408 -1.0 2040.8538275420408 -1.0 1
267 0.0 nan 0.8 1.0 1.0 2044.023843842044 2044.024910402044 2044.4271701720445 2043.4803648620434 2046.056685183495 2044.2726522920443 -1.0 2044.2726522920443 -1.0 1
268 0.125 nan 0.8 1.0 1.0 2047.5237938120476 2047.5248937020476 2047.859226932048 2046.925087022047 2049.4896326966373 2047.6742454320477 -1.0 2047.6742454320477 -1.0 1
269 nan 0.125 0.8 1.0 -1.0 2050.8900904820507 2050.891190372051 2051.4791982320517 2050.3656429320504 2054.1059785928605 2051.3072820920515 -1.0 2051.3072820920515 -1.0 1
270 0.0625 nan 0.8 -1.0 -1.0 2055.6398821220555 2055.6408153620555 2056.5418252520567 2054.954484002055 2059.1557355837426 2056.2253902320563 1.0 2056.4773983620566 1.0 2
271 nan 0.0625 0.8 1.0 -1.0 2060.6730120920606 2060.673812012061 2061.117467642061 2060.03334273206 2063.72277957714 2061.004945562061 -1.0 2061.004945562061 -1.0 1
272 1.0 nan 0.8 1.0 1.0 2065.372108802065 2065.3731087020656 2065.772702072066 2064.6105849620644 2067.372614317289 2065.5940866020655 -1.0 2065.5940866020655 -1.0 1
273 0.25 nan 0.8 1.0 1.0 2068.971915452069 2068.972748702069 2069.297849522069 2068.261819802068 2070.9050609634114 2069.116667642069 -1.0 2069.116667642069 -1.0 1
274 1.0 nan 0.8 1.0 1.0 2072.4388687220726 2072.4397686320726 2072.698076132073 2071.768469102072 2074.3050934323687 2072.5611231620724 -1.0 2072.5611231620724 -1.0 1
275 1.0 nan 0.8 1.0 1.0 2075.688810362076 2075.689743602076 2076.2291896520765 2075.153497232075 2077.854932385967 2075.834462462076 -1.0 2076.1366322420763 -1.0 2
276 nan 0.125 0.8 1.0 -1.0 2079.3550770320794 2079.3560102720794 2079.70870833208 2078.724840062079 2082.3210823948048 2079.5115613820794 -1.0 2079.5115613820794 -1.0 1
277 0.25 nan 0.8 1.0 1.0 2084.054873672084 2084.055973562084 2084.5985859620846 2083.2314893520834 2086.221501043908 2084.3604097820844 -1.0 2084.3604097820844 -1.0 1
278 0.25 nan 0.8 1.0 1.0 2087.7709353620876 2087.771968592088 2088.346344482088 2087.108401622087 2089.971347041591 2088.150297422088 -1.0 2088.150297422088 -1.0 1
279 1.0 nan 0.8 1.0 1.0 2091.703875362092 2091.7049419220916 2092.2671856920924 2090.870758682091 2093.8871957614156 2091.686843732092 -1.0 2092.2192238220923 -1.0 3
280 0.0625 nan 0.8 -1.0 -1.0 2095.3210802720955 2095.321913522095 2096.016910682096 2094.7523038220947 2098.637549100573 2095.5949195520957 1.0 2095.945151192096 1.0 2
281 1.0 nan 0.8 1.0 1.0 2100.2531870121 2100.2542202421005 2100.992746382101 2099.5596563720997 2102.6201889974664 2100.724739852101 -1.0 2100.724739852101 -1.0 1
282 0.125 nan 0.8 1.0 1.0 2104.137131912104 2104.1381651421043 2104.667412212105 2103.5219934321035 2106.286222092613 2104.4730983121044 -1.0 2104.4730983121044 -1.0 1
283 1.0 nan 0.8 1.0 1.0 2107.853560232108 2107.854493472108 2108.121633422108 2107.172728322107 2109.7369472765 2108.000278892108 -1.0 2108.000278892108 -1.0 1
284 1.0 nan 0.8 1.0 1.0 2111.2692519621114 2111.2701185421115 2111.817463802112 2110.621050122111 2113.4362000974747 2111.4634325421116 -1.0 2111.702875262112 -1.0 2
285 0.125 nan 0.8 1.0 1.0 2114.903255192115 2114.9040884421147 2115.231622352115 2114.325812942114 2116.8364376194913 2115.061172732115 -1.0 2115.061172732115 -1.0 1
286 0.25 nan 0.8 1.0 1.0 2118.3190135821183 2118.3200801421185 2118.5997521721188 2117.700742082118 2120.2194633396775 2118.4368018021187 -1.0 2118.4368018021187 -1.0 1
287 1.0 nan 0.8 1.0 1.0 2121.852226892122 2121.8530601421216 2122.2240897021225 2121.119266862121 2123.852795323107 2122.101401972122 -1.0 2122.101401972122 -1.0 1
288 0.0625 nan 0.8 1.0 1.0 2125.3520435421256 2125.3530434421255 2125.7601027321257 2124.765902162125 2127.368745307854 2125.599818762126 -1.0 2125.599818762126 -1.0 1
289 0.0625 nan 0.8 1.0 1.0 2128.852393472129 2128.853326712129 2129.2948492221294 2128.2397547421283 2130.9024667930194 2129.1344319321292 -1.0 2129.1344319321292 -1.0 1
290 0.125 nan 0.8 1.0 1.0 2132.3683085121324 2132.3693084121323 2132.6392814121327 2131.798465502132 2134.252204615809 2132.5040949321324 -1.0 2132.5040949321324 -1.0 1
291 0.25 nan 0.8 1.0 1.0 2136.368208482136 2136.3692750421365 2136.786333332137 2135.5755210921357 2138.4184435605257 2136.5016284721364 -1.0 2136.5016284721364 -1.0 1
292 0.0625 nan 0.8 1.0 1.0 2139.91792014214 2139.91898670214 2140.20065853214 2139.3094476621395 2141.834492941791 2140.02177642214 -1.0 2140.02177642214 -1.0 1
293 nan 1.0 0.8 1.0 -1.0 2143.284983402143 2143.285916642143 2143.6469472021436 2142.7324053321427 2146.251429800313 2143.4141038221433 -1.0 2143.4141038221433 -1.0 1
294 0.125 nan 0.8 1.0 1.0 2147.817430112148 2147.818196702148 2148.3155469621483 2147.130332162147 2149.9178582280556 2148.197358782148 -1.0 2148.197358782148 -1.0 1
295 nan 0.125 0.8 -1.0 1.0 2151.4669317921516 2151.4678650321516 2151.821796302152 2150.815063652151 2153.434400022223 2151.6990085821517 1.0 2151.6990085821517 1.0 1
296 0.125 nan 0.8 1.0 1.0 2155.050340082155 2155.051173332155 2155.3858065321556 2154.3716079621545 2157.016544770197 2155.2145903221553 -1.0 2155.2145903221553 -1.0 1
297 1.0 nan 0.8 1.0 1.0 2158.750636682159 2158.7514699321587 2159.007544322159 2157.917953292158 2160.633984096831 2158.804864592159 -1.0 2158.804864592159 -1.0 1
298 0.125 nan 0.8 1.0 1.0 2162.249853392162 2162.250786632162 2162.812397132163 2161.5370913421616 2164.4172099175303 2162.4829967421624 -1.0 2162.770834622163 -1.0 2
299 nan 0.25 0.8 -1.0 1.0 2168.1994917021684 2168.2004249421684 2169.092869022169 2165.328512162165 2170.716570976591 2168.5750874721684 -1.0 2168.845060472169 1.0 3
300 nan 0.25 0.8 -1.0 1.0 2174.115866672174 2174.116699922174 2174.5926189921747 2171.670877862172 2176.199624554071 2174.4596322921743 1.0 2174.4596322921743 1.0 1
301 1.0 nan 0.8 -1.0 -1.0 2177.865591662178 2177.866691552178 2178.3446770821784 2177.1333315621773 2180.949484777317 2178.222122672178 1.0 2178.222122672178 1.0 1
302 0.0 nan 0.8 -1.0 -1.0 2182.4485666521823 2182.4496665421825 2182.913653472183 2181.8439937821818 2185.531830298497 2182.7046077121827 1.0 2182.7046077121827 1.0 1
303 nan 0.0 0.8 1.0 -1.0 2187.032341562187 2187.033308132187 2187.4692978621874 2186.4384342921867 2190.081570151512 2187.2970817521873 -1.0 2187.2970817521873 -1.0 1
304 0.0625 nan 0.8 1.0 1.0 2191.6154498721917 2191.6163497821917 2195.4928287621956 2191.015176572191 2197.098663145785 2195.2801167021953 -1.0 2195.2801167021953 -1.0 1
305 1.0 nan 0.8 1.0 1.0 2198.581053242199 2198.5822531221984 2198.914686542199 2198.057072312198 2200.531695071416 2198.739604052199 -1.0 2198.739604052199 -1.0 1
306 0.25 nan 0.8 1.0 1.0 2202.030708242202 2202.031874792202 2202.4051041322023 2201.4522994222016 2204.01433610752 2202.1949251522024 -1.0 2202.1949251522024 -1.0 1
307 1.0 nan 0.8 1.0 1.0 2205.747803162206 2205.7488697222057 2206.4595653122065 2204.978346782205 2208.0810708142553 2206.070070932206 -1.0 2206.2981814522063 -1.0 3
308 nan 0.125 0.8 -1.0 1.0 2210.5971515122105 2210.5981514122104 2211.2635848622112 2209.045573352209 2212.8972242110235 2211.135964292211 1.0 2211.135964292211 1.0 1
309 1.0 nan 0.8 1.0 1.0 2215.8307614322157 2215.831794662216 2216.1055339522163 2213.789032292214 2217.7140730492565 2215.917586082216 -1.0 2215.917586082216 -1.0 1
310 nan 0.25 0.8 -1.0 1.0 2219.229988142219 2219.2311213622193 2220.3618082822204 2218.644780002219 2221.963415171032 2219.7945316822197 -1.0 2220.06960417222 1.0 3
311 0.125 nan 0.8 -1.0 -1.0 2223.3968380822234 2223.3977713222234 2224.2177559822244 2222.887022402223 2226.8302593362855 2224.0164094522243 1.0 2224.0164094522243 1.0 1
312 nan 0.25 0.8 -1.0 1.0 2228.4961281022283 2228.4970613422283 2228.952382472229 2227.785865802228 2230.563388774656 2228.7284048722286 1.0 2228.7284048722286 1.0 1
313 nan 0.0625 0.8 -1.0 1.0 2232.962448092233 2232.963348002233 2233.4860290622337 2231.5046938822315 2235.112356864367 2233.3662743722334 1.0 2233.3662743722334 1.0 1
314 1.0 nan 0.8 1.0 1.0 2236.6959080422366 2236.697007932237 2237.2136562622372 2236.066470992236 2238.829494486056 2237.0590050622372 -1.0 2237.0590050622372 -1.0 1
315 0.25 nan 0.8 1.0 1.0 2240.5955180422407 2240.596651262241 2241.009509972241 2239.7866989322397 2242.6454175446815 2240.7808328422407 -1.0 2240.7808328422407 -1.0 1
316 0.0625 nan 0.8 1.0 1.0 2244.2458863022443 2244.246952862244 2246.5253583322465 2243.5918183822437 2248.144987131644 2246.3610747622465 -1.0 2246.3610747622465 -1.0 1
317 0.0625 nan 0.8 1.0 1.0 2249.7121062922497 2249.71327284225 2250.16239459225 2249.127398102249 2251.778829491907 2249.95858164225 -1.0 2249.95858164225 -1.0 1
318 0.0 nan 0.8 1.0 1.0 2253.5113596622537 2253.5122262422537 2254.2237550822542 2252.7279380122527 2255.8280605595082 2253.633380792254 -1.0 2254.0715703022543 -1.0 2
319 0.125 nan 0.8 1.0 1.0 2257.4783629222575 2257.4792295022576 2257.995477872258 2256.8038637122568 2259.6278093775304 2257.7815659322578 -1.0 2257.7815659322578 -1.0 1
320 0.0625 nan 0.8 -1.0 -1.0 2263.2113562322634 2263.212189482263 2263.772833412264 2260.5652208722604 2266.3772717979796 2263.4226684322634 1.0 2263.6633443622636 1.0 2
321 0.25 nan 0.8 1.0 1.0 2268.011142872268 2268.012142772268 2268.3648741622683 2267.350075652267 2269.9770023043097 2268.233887262268 -1.0 2268.233887262268 -1.0 1
322 0.0 nan 0.8 1.0 1.0 2271.860824532272 2271.861791102272 2272.4538318922723 2271.3251114422715 2274.060338805458 2272.006343312272 -1.0 2272.3569749122726 -1.0 2
323 1.0 nan 0.8 1.0 1.0 2277.8106628222777 2277.811429412278 2278.266483902278 2274.988445072275 2279.894014470649 2278.1384300422783 -1.0 2278.1384300422783 -1.0 1
324 0.25 nan 0.8 -1.0 -1.0 2281.693141202282 2281.694074442282 2282.9944110622832 2280.8686236622807 2285.6101770384253 2281.970213492282 -1.0 2282.5650540022825 1.0 3
325 0.0625 nan 0.8 -1.0 -1.0 2287.2261878422873 2287.2270544222874 2289.2763494722894 2286.5931844822867 2291.8926494436837 2289.075469562289 1.0 2289.075469562289 1.0 1
326 0.0 nan 0.8 -1.0 -1.0 2293.3762394422934 2293.3770060322936 2298.750301982299 2292.859857752293 2301.375435318077 2298.5330237122985 1.0 2298.5330237122985 1.0 1
327 0.125 nan 0.8 -1.0 -1.0 2302.975612742303 2302.976612642303 2306.3812388123065 2302.360340942302 2308.9914046566287 2306.172992972306 1.0 2306.172992972306 1.0 1
328 1.0 nan 0.8 1.0 1.0 2310.7254043523108 2310.726237602311 2311.408436042311 2309.98481175231 2313.0252390176 2311.2475188023113 -1.0 2311.2475188023113 -1.0 1
329 1.0 nan 0.8 1.0 1.0 2314.5913510523146 2314.5922176323147 2315.2323869423153 2313.994544072314 2316.8411818963946 2314.983045212315 -1.0 2314.983045212315 -1.0 1
330 nan 0.125 0.2 -1.0 1.0 2318.5414893323186 2318.5425225623185 2319.020108132319 2317.846292192318 2320.658136673374 2318.820228122319 1.0 2318.820228122319 1.0 1
331 nan 0.0 0.2 -1.0 1.0 2323.824027692324 2323.824827612324 2330.849125112331 2321.6105490623218 2332.457454906439 2330.6813085623307 1.0 2330.6813085623307 1.0 1
332 nan 0.25 0.2 -1.0 1.0 2334.040239302334 2334.041072552334 2334.5618871323345 2333.4827617223336 2336.1739918143417 2334.194257232334 -1.0 2334.194257232334 -1.0 1
333 nan 0.0625 0.2 -1.0 1.0 2337.7565009723376 2337.7574008823376 2338.3073125523383 2337.128897072337 2339.9405430524102 2338.124030882338 1.0 2338.124030882338 1.0 1
334 nan 0.125 0.2 -1.0 1.0 2343.5563209323436 2343.5573541623435 2344.4071691723443 2340.890254232341 2346.023502718121 2343.874255802344 -1.0 2344.1886576923443 1.0 2
335 nan 0.25 0.2 -1.0 1.0 2347.6555443023476 2347.6566775223478 2348.1698262023483 2347.013708492347 2349.7898335552895 2347.982211632348 1.0 2347.982211632348 1.0 1
336 nan 1.0 0.2 -1.0 1.0 2352.655710902353 2352.656644142353 2353.194157052353 2350.7281370123505 2354.806288632281 2352.855224282353 1.0 2353.124863982353 1.0 2
337 nan 1.0 0.2 -1.0 1.0 2356.4888608823567 2356.4899607723564 2356.717804652357 2355.781798262356 2358.338713103481 2356.5410889923564 1.0 2356.5410889923564 1.0 1
338 nan 0.0625 0.2 -1.0 1.0 2360.00564250236 2360.00660907236 2360.4592304723606 2359.2823148423595 2362.072463782868 2360.18679105236 1.0 2360.18679105236 1.0 1
339 nan 0.125 0.2 -1.0 1.0 2363.755000862364 2363.755900772364 2364.074068952364 2363.005575812363 2365.7050038232355 2363.9385491723638 1.0 2363.9385491723638 1.0 1
340 0.125 nan 0.2 -1.0 -1.0 2367.2886807923674 2367.2898806723674 2367.7322031023677 2366.6628100523667 2370.3547399235927 2367.5629200323674 1.0 2367.5629200323674 1.0 1
341 nan 0.25 0.2 -1.0 1.0 2372.688440762373 2372.6895073223727 2373.6077821523736 2371.3349427923713 2375.221584702503 2373.073068962373 1.0 2373.5474548523734 1.0 2
342 0.125 nan 0.2 -1.0 -1.0 2376.904419122377 2376.905485682377 2381.796463202382 2376.1824913223763 2384.4211921464985 2381.5983496823815 1.0 2381.5983496823815 1.0 1
343 nan 0.0625 0.2 -1.0 1.0 2386.2037224323863 2386.204788992386 2386.5952166123866 2385.4282999823854 2388.2044227049637 2386.4599301423864 1.0 2386.4599301423864 1.0 1
344 nan 1.0 0.2 -1.0 1.0 2389.7033391023897 2389.70443899239 2390.2978463123904 2389.162626512389 2391.920872611377 2389.96191324239 -1.0 2389.96191324239 -1.0 1
345 nan 0.0 0.2 -1.0 1.0 2393.5197907523934 2393.5207239923934 2394.290980292394 2392.9013859323927 2395.919915498193 2393.7910302923938 -1.0 2393.7910302923938 -1.0 1
346 nan 0.125 0.2 -1.0 1.0 2397.4370323223975 2397.4380322223974 2397.916317722398 2396.8930200623968 2399.536850256838 2397.763433012398 1.0 2397.763433012398 1.0 1
347 nan 0.0 0.2 -1.0 1.0 2401.302812372401 2401.3036789524012 2401.7862640224016 2400.5105582724004 2403.386797377193 2401.641111872402 1.0 2401.641111872402 1.0 1
348 0.125 nan 0.2 -1.0 -1.0 2405.019240692405 2405.020340582405 2405.5119914124057 2404.3484077824046 2408.11923329245 2405.3042121924054 1.0 2405.3042121924054 1.0 1
349 0.0625 nan 0.2 -1.0 -1.0 2409.6530772624096 2409.6539771724097 2410.2853140324105 2409.063936182409 2412.9029787166246 2409.86598930241 1.0 2410.1457279924102 1.0 2
350 nan 0.125 0.2 -1.0 1.0 2414.5018923324146 2414.5029588924144 2415.140995082415 2413.898885972414 2416.735928858271 2414.764166102415 1.0 2415.0063085524152 1.0 2
351 nan 0.125 0.2 -1.0 1.0 2418.2687156124184 2418.2695821924185 2418.6773414124186 2417.700739082418 2420.269172126665 2418.5618529624185 1.0 2418.5618529624185 1.0 1
352 nan 1.0 0.2 -1.0 1.0 2421.817927322422 2421.818893892422 2422.127463032422 2421.2690822124214 2423.7358011490005 2421.928049642422 1.0 2421.928049642422 1.0 1
353 nan 0.125 0.2 -1.0 1.0 2425.334942252425 2425.335875492425 2425.7431014324256 2424.709204832425 2427.351638185996 2425.6153475424258 1.0 2425.6153475424258 1.0 1
354 nan 0.0 0.2 -1.0 1.0 2428.901918852429 2428.902852092429 2429.192756432429 2428.2967460424284 2430.785276486002 2428.931682542429 1.0 2428.931682542429 1.0 1
355 nan 0.25 0.2 -1.0 1.0 2434.001142212434 2434.0021754424342 2435.862022772436 2432.2134876624323 2437.5011500652827 2434.334108912434 1.0 2435.820860222436 1.0 4
356 nan 1.0 0.2 -1.0 1.0 2439.150693872439 2439.151793762439 2439.6276461724397 2438.4969592524385 2441.234581500875 2439.3698719524396 -1.0 2439.4470642324395 1.0 2
357 nan 0.25 0.2 -1.0 1.0 2443.0840671624433 2443.085100392443 2446.288413362446 2442.243184592442 2447.900342040267 2445.924449762446 1.0 2446.2172871424464 1.0 2
358 nan 0.125 0.2 -1.0 1.0 2449.7008720824497 2449.7017386624498 2450.12056344245 2448.922949882449 2451.7334916337304 2449.98091074245 1.0 2449.98091074245 1.0 1
359 0.25 nan 0.2 -1.0 -1.0 2453.5171904124536 2453.5180569924537 2453.9057182224537 2452.719003572453 2456.516251814382 2453.743234472454 1.0 2453.743234472454 1.0 1
360 0.0625 nan 0.2 -1.0 -1.0 2458.000142072458 2458.001008652458 2458.4070013824585 2457.4930594524576 2461.016997674434 2458.243584392458 1.0 2458.243584392458 1.0 1
361 1.0 nan 0.2 1.0 1.0 2462.6326121124625 2462.633645342463 2462.8927860924628 2462.038304882462 2464.483228070592 2462.7357684624626 -1.0 2462.7357684624626 -1.0 1
362 nan 1.0 0.2 1.0 -1.0 2466.1158637524663 2466.116996972466 2466.2776475724663 2465.4378315624654 2468.882953472606 2466.096565682466 -1.0 2466.096565682466 -1.0 1
363 0.25 nan 0.2 1.0 1.0 2470.5989820624704 2470.599948632471 2470.869188372471 2469.8612558424697 2472.465688591691 2470.693572602471 -1.0 2470.693572602471 -1.0 1
364 nan 0.0625 0.2 1.0 -1.0 2475.5493203124756 2475.5502535524756 2475.961912382476 2473.4418977424734 2478.5823722336227 2475.7677984624756 -1.0 2475.7677984624756 -1.0 1
365 0.125 nan 0.2 1.0 1.0 2480.14849368248 2480.14956024248 2480.6132805324805 2479.5849833724797 2482.2151159486134 2480.4602291724805 -1.0 2480.4602291724805 -1.0 1
366 nan 1.0 0.2 -1.0 1.0 2483.8322919324837 2483.8331918424838 2484.173224502484 2483.180323802483 2485.7821325115665 2483.996308862484 1.0 2483.996308862484 1.0 1
367 0.25 nan 0.2 1.0 1.0 2487.281380322487 2487.2825135424873 2487.748466942488 2486.7716313024866 2489.3480641226315 2487.5888829024875 -1.0 2487.5888829024875 -1.0 1
368 nan 0.0 0.2 -1.0 1.0 2491.931381942492 2491.9321485324917 2492.2050879024923 2490.3528731424904 2493.781421130409 2492.0452038924923 1.0 2492.0452038924923 1.0 1
369 nan 0.0625 0.2 -1.0 1.0 2495.5139903124955 2495.5147902324957 2496.4313319024964 2494.783929992495 2498.030761646556 2495.998775162496 1.0 2496.3541729524964 1.0 2
370 nan 1.0 0.2 -1.0 1.0 2500.0813002025 2500.0824334225 2500.967911532501 2499.062568752499 2502.580507569118 2500.6186464625007 1.0 2500.922416082501 1.0 2
371 nan 0.0625 0.2 -1.0 1.0 2504.130961862504 2504.1320617525043 2509.5843831325096 2503.597515212504 2511.1805118419816 2504.281913432504 1.0 2509.54708686251 1.0 3
372 0.0625 nan 0.2 -1.0 -1.0 2512.863355202513 2512.864388432513 2517.785329622518 2512.2010214425122 2520.363398582784 2513.1336948325134 1.0 2517.7462002025177 1.0 4
373 nan 0.0 0.2 -1.0 1.0 2521.896018512522 2521.896951752522 2534.4382308325344 2521.3778036725216 2536.012556517782 2533.5830163625337 1.0 2534.3722041025344 1.0 4
374 nan 0.125 0.2 -1.0 1.0 2537.628578432538 2537.629511672538 2538.2888790625384 2537.100464582537 2539.8951095547263 2537.947213232538 1.0 2538.2524160425382 1.0 2
375 nan 0.25 0.2 -1.0 1.0 2542.4954916925426 2542.4964915925425 2542.928615042543 2540.864621462541 2544.52864788427 2542.6212457825427 -1.0 2542.7000379025426 1.0 2
376 0.0625 nan 0.2 1.0 1.0 2546.2279517425463 2546.2287849925465 2546.7251686825466 2545.5758502925455 2548.3284984231564 2546.5857492925466 -1.0 2546.5857492925466 -1.0 1
377 0.125 nan 0.2 1.0 1.0 2550.09436506255 2550.09543162255 2550.873220502551 2549.301511022549 2552.4784250562752 2550.6022142725506 -1.0 2550.6022142725506 -1.0 1
378 nan 1.0 0.2 -1.0 1.0 2554.027705022554 2554.028738252554 2554.5143563525544 2553.4859258725537 2556.111458730415 2554.3629714925546 1.0 2554.3629714925546 1.0 1
379 nan 0.0 0.2 -1.0 1.0 2557.6441100125576 2557.6450765825575 2567.8681875025677 2557.0771667125573 2569.4433120170684 2557.960944992558 1.0 2567.698537802568 1.0 2
380 nan 0.0 0.2 -1.0 1.0 2571.160458242571 2571.1613248225713 2571.5959146925716 2570.5377205225705 2573.176551406416 2571.4823927125717 1.0 2571.4823927125717 1.0 1
381 0.0625 nan 0.2 -1.0 -1.0 2574.710369882575 2574.711303122575 2575.4029339525755 2574.1675575025743 2577.992900346655 2574.9082167625747 1.0 2575.2635145625754 1.0 2
382 nan 1.0 0.2 -1.0 1.0 2579.80989321258 2579.81092644258 2580.2596149025803 2579.008806662579 2581.8432466123068 2580.1205288125802 1.0 2580.1205288125802 1.0 1
383 nan 0.25 0.2 -1.0 1.0 2583.809259902584 2583.810226472584 2584.3422732625845 2582.8540554325828 2585.9429731027944 2583.981842642584 1.0 2584.2075534025844 1.0 2
384 nan 0.0625 0.2 -1.0 1.0 2587.4921915725877 2587.4931914725876 2587.8875853625877 2586.980976032587 2589.4761157399294 2587.772430212588 1.0 2587.772430212588 1.0 1
385 nan 0.0625 0.2 -1.0 1.0 2590.975543202591 2590.976509772591 2591.4342306625913 2590.4642276725904 2593.042561429358 2591.3200087525915 1.0 2591.3200087525915 1.0 1
386 nan 0.25 0.2 -1.0 1.0 2594.5918815325945 2594.5928147725945 2594.970876962595 2594.028671192594 2596.575284761845 2594.863087742595 1.0 2594.863087742595 1.0 1
387 0.0625 nan 0.2 -1.0 -1.0 2599.5756164425998 2599.5764830225994 2600.0591347526 2597.5488858025974 2602.6416619346965 2599.7999606726 1.0 2599.7999606726 1.0 1
388 nan 0.25 0.2 -1.0 1.0 2604.225251432604 2604.2261180126043 2604.815959022605 2603.6693736926036 2606.425094416692 2604.4216317926043 1.0 2604.7241348726047 1.0 2
389 nan 0.125 0.2 -1.0 1.0 2607.974476472608 2607.975409712608 2608.3462059626086 2607.4272978626072 2609.941836268158 2608.1827889726083 1.0 2608.1827889726083 1.0 1
390 0.25 nan 0.2 1.0 1.0 2613.024038132613 2613.025038032613 2613.5721499826136 2610.929847572611 2615.1580865840965 2613.241183082613 -1.0 2613.241183082613 -1.0 1
391 nan 0.25 0.2 -1.0 1.0 2616.890718092617 2616.891684662617 2617.869120242618 2616.1626909026163 2619.474421508502 2617.5238214426176 1.0 2617.5238214426176 1.0 1
392 nan 0.0625 0.2 -1.0 1.0 2621.107029752621 2621.108062982621 2621.7287342426216 2620.4819256026203 2623.3235658942845 2621.4007670426213 1.0 2621.6905713926217 1.0 2
393 0.125 nan 0.2 -1.0 -1.0 2625.124128002625 2625.1250279126252 2625.4250312426257 2624.3033767526244 2628.0408274334545 2625.2749129226254 1.0 2625.2749129226254 1.0 1
394 0.25 nan 0.8 1.0 1.0 2629.5899813726296 2629.5909812726295 2629.96094427263 2629.041736202629 2631.539852916861 2629.82155821263 -1.0 2629.82155821263 -1.0 1
395 nan 0.0 0.8 -1.0 1.0 2633.2235846426333 2633.224617872633 2634.138859772634 2632.5172552826325 2635.722992376451 2633.8750861526337 1.0 2634.050035322634 1.0 2
396 1.0 nan 0.8 1.0 1.0 2637.3400729526375 2637.3409395326375 2637.657807842638 2636.725901042637 2639.2399353982873 2637.4766259626376 -1.0 2637.4766259626376 -1.0 1
397 0.125 nan 0.8 1.0 1.0 2640.972709652641 2640.973576232641 2641.270246562641 2640.27834576264 2642.8560807471936 2641.1588910326413 -1.0 2641.1588910326413 -1.0 1
398 0.0625 nan 0.8 1.0 1.0 2644.4397962426447 2644.4408961326444 2644.985974952645 2643.8398895726436 2646.5724102896133 2644.823224562645 -1.0 2644.823224562645 -1.0 1
399 0.25 nan 0.8 1.0 1.0 2648.3727695726484 2648.3738694626486 2648.6951373326488 2647.5831152126475 2650.288734244851 2648.5558179326486 -1.0 2648.5558179326486 -1.0 1
400 1.0 nan 0.8 -1.0 -1.0 2651.905782902652 2651.9068494626517 2653.2484819526535 2651.3684366426514 2655.83910608584 2652.245248952652 -1.0 2653.0199381426532 1.0 3
401 0.125 nan 0.8 1.0 1.0 2657.6383095926576 2657.6391428426577 2658.2341166726583 2656.8818185826567 2659.822149634145 2658.090697682658 -1.0 2658.090697682658 -1.0 1
402 0.0625 nan 0.8 1.0 1.0 2661.571282922662 2661.5727827726614 2662.1005633226623 2660.8282572326607 2663.688191467152 2661.985908122662 -1.0 2661.985908122662 -1.0 1
403 0.0625 nan 0.8 1.0 1.0 2665.3382728526653 2665.3390727726655 2665.5826150826656 2664.7223011226647 2667.171418425578 2665.4612938826654 -1.0 2665.4612938826654 -1.0 1
404 0.0 nan 0.8 1.0 1.0 2669.5209212126697 2669.5217211326694 2670.02143782267 2668.1824217426683 2671.60476633343 2669.82199110267 -1.0 2669.82199110267 -1.0 1
405 0.0 nan 0.8 1.0 1.0 2673.1542578426734 2673.155024432673 2673.4791920126736 2672.6518747526725 2675.0545943613133 2673.289510982673 -1.0 2673.289510982673 -1.0 1
406 0.0 nan 0.8 1.0 1.0 2676.5873811626766 2676.5883810626765 2676.966309932677 2676.071799392676 2678.554436164646 2676.834789752677 -1.0 2676.834789752677 -1.0 1
407 1.0 nan 0.8 1.0 1.0 2681.5534178426815 2681.5543177526815 2682.101663012682 2679.5888476526798 2683.687490826189 2681.7745623926817 1.0 2681.952711242682 -1.0 2
408 0.25 nan 0.8 1.0 1.0 2685.5532844826857 2685.5542843826856 2693.646308432694 2684.7491982326846 2695.2532959197983 2693.3775686426934 -1.0 2693.3775686426934 -1.0 1
409 nan 0.25 0.8 1.0 -1.0 2696.902849412697 2696.9038826426968 2697.3485381726973 2696.3674029626964 2699.919066565177 2696.909848712697 -1.0 2697.238649162697 -1.0 2
410 1.0 nan 0.8 1.0 1.0 2701.5031226727015 2701.5041892327017 2702.141492162702 2700.925380452701 2703.7195913474993 2701.909315382702 -1.0 2702.000339612702 -1.0 2
411 0.0625 nan 0.8 1.0 1.0 2706.3855677127062 2706.3865009527062 2706.9204142227068 2704.811291822705 2708.5188358901964 2706.806358962707 -1.0 2706.806358962707 -1.0 1
412 0.125 nan 0.8 1.0 1.0 2710.2524809827105 2710.2534808827104 2720.34267186272 2709.61234500271 2721.9176939915224 2720.20725207272 -1.0 2720.20725207272 -1.0 1
413 0.0625 nan 0.8 1.0 1.0 2725.3683692427253 2725.369369142725 2739.98657394274 2723.020304072723 2741.5669858908705 2739.8272232127397 -1.0 2739.8272232127397 -1.0 1
414 1.0 nan 0.8 1.0 1.0 2743.900582502744 2743.9016157327437 2752.772695202753 2742.789593612743 2754.383509312109 2752.4356289127527 -1.0 2752.660873052753 -1.0 2
415 0.0 nan 0.8 1.0 1.0 2756.2828441527563 2756.283877382756 2757.3341390127575 2755.5481176327557 2758.932761022178 2757.0962628027573 -1.0 2757.0962628027573 -1.0 1
416 0.25 nan 0.8 1.0 1.0 2761.832889092762 2761.833822332762 2762.7350988627627 2760.01467093276 2764.3489211384267 2762.5656158127626 -1.0 2762.5656158127626 -1.0 1
417 0.125 nan 0.8 1.0 1.0 2766.032635742766 2766.0338022927663 2768.5477842027685 2765.4271296327656 2770.1487753564497 2768.016104042768 1.0 2768.2374485727682 -1.0 2
418 0.0 nan 0.8 1.0 1.0 2771.8324890327717 2771.8334556027717 2782.1644224027823 2771.2435812627714 2783.764633804459 2781.869085272782 -1.0 2782.080330812782 -1.0 2
419 0.0625 nan 0.8 1.0 1.0 2785.681603982786 2785.6827038727856 2802.2098176628024 2784.9308457327847 2803.83052628732 2801.910047642802 -1.0 2802.075464432802 -1.0 2
420 0.0 nan 0.8 1.0 1.0 2805.629775632806 2805.6309088528055 2859.91181355286 2805.048833732805 2861.510446611253 2859.6209426428595 -1.0 2859.6209426428595 -1.0 1
421 nan 0.25 0.8 -1.0 1.0 2863.7433303628636 2863.7442302728637 2864.5572489628644 2863.105560812863 2866.1764784936554 2864.2749771928643 1.0 2864.3857661128645 1.0 2
422 0.25 nan 0.8 1.0 1.0 2870.6102102728705 2870.6111768428705 2871.004037552871 2867.227981862867 2872.6262540097005 2870.902247732871 -1.0 2870.902247732871 -1.0 1
423 1.0 nan 0.8 1.0 1.0 2875.6431402628755 2875.644140162876 2876.027568482876 2873.728065122874 2877.626297948805 2875.782626312876 -1.0 2875.782626312876 -1.0 1
424 0.25 nan 0.8 1.0 1.0 2879.2756769728794 2879.276776862879 2880.01903596288 2878.6701042028785 2881.642650714489 2879.6555723128795 -1.0 2879.9913054028802 -1.0 2
425 0.25 nan 0.8 1.0 1.0 2883.5086869628835 2883.5097535228833 2884.356468842884 2882.749262912883 2885.95930046984 2884.220082482884 -1.0 2884.220082482884 -1.0 1
426 0.125 nan 0.8 1.0 1.0 2888.1750869428884 2888.1760535128883 2888.7138997228885 2887.5638147428876 2890.308432128874 2888.4152295928884 -1.0 2888.4152295928884 -1.0 1
427 1.0 nan 0.8 1.0 1.0 2891.975473532892 2891.976373442892 2892.5511492928927 2891.3642346628912 2894.1749738689336 2892.3848659228925 -1.0 2892.3848659228925 -1.0 1
428 nan 0.25 0.8 1.0 -1.0 2895.8752835128957 2895.876350072896 2896.3577019328964 2895.205983782895 2898.958627905545 2896.193585012896 -1.0 2896.193585012896 -1.0 1
429 0.0 nan 0.8 -1.0 -1.0 2900.5242519029007 2900.5253184629005 2908.208283422908 2900.0096367029 2910.807238641031 2908.048499402908 1.0 2908.048499402908 1.0 1
430 0.125 nan 0.8 1.0 1.0 2912.5077201029126 2912.5085866829127 2913.064964372913 2911.917345812912 2914.6904829720825 2912.781792692913 -1.0 2912.781792692913 -1.0 1
431 1.0 nan 0.8 1.0 1.0 2916.307540082916 2916.3085733129165 2916.804723692917 2915.7785929829156 2918.406915140757 2916.6073101029165 -1.0 2916.6073101029165 -1.0 1
432 0.125 nan 0.8 1.0 1.0 2920.20725007292 2920.2082166429204 2920.5573483929206 2919.4933214729194 2922.156668663493 2920.4204287529205 -1.0 2920.4204287529205 -1.0 1
433 0.0625 nan 0.8 1.0 1.0 2923.873816712924 2923.874849942924 2925.713999342926 2923.206283472923 2927.3397209095115 2924.001837242924 -1.0 2925.4193954729253 -1.0 3
434 0.125 nan 0.8 1.0 1.0 2929.140056702929 2929.1411565929293 2935.7347971629356 2928.4391268029285 2937.3563133784905 2935.6068766229355 -1.0 2935.6068766229355 -1.0 1
435 0.125 nan 0.8 1.0 1.0 2939.0390333729392 2939.040099932939 2950.4431595129504 2938.4944211729385 2952.0548705352767 2950.18705179295 -1.0 2950.18705179295 -1.0 1
436 0.25 nan 0.8 -1.0 -1.0 2953.805423252954 2953.806323162954 2955.092327882955 2953.2442793729533 2957.704845455972 2954.551381982955 -1.0 2954.983005482955 1.0 2
437 nan 0.25 0.2 -1.0 1.0 2959.5549815729596 2959.5560148029595 2964.1343902529643 2958.7836587129586 2965.7380112497904 2963.951641862964 1.0 2963.951641862964 1.0 1
438 nan 0.0625 0.2 -1.0 1.0 2967.4870549529674 2967.4879215329674 2968.0616308229683 2966.882615402967 2969.671152695137 2967.832787042968 1.0 2967.832787042968 1.0 1
439 nan 1.0 0.2 -1.0 1.0 2971.3870315829713 2971.3878981629714 2971.998570422972 2970.732163742971 2973.6041925180843 2971.788191462972 1.0 2971.788191462972 1.0 1
440 nan 1.0 0.2 -1.0 1.0 2975.4536915429753 2975.4545247929755 2976.1701198929763 2974.695600692975 2977.7707405322244 2975.8355533529757 1.0 2976.121558082976 1.0 2
441 nan 0.125 0.2 -1.0 1.0 2979.5534148629795 2979.5545147529797 2979.96037416298 2978.862650612979 2981.5698935799674 2979.82205466298 1.0 2979.82205466298 1.0 1
442 nan 1.0 0.2 -1.0 1.0 2984.5200514829844 2984.5211513729846 2985.069329882985 2982.6261075629827 2986.669727984723 2984.8861148729848 1.0 2984.8861148729848 1.0 1
443 nan 0.125 0.2 1.0 -1.0 2989.4201280929897 2989.4211279929896 2993.679435452994 2987.736129842988 2996.3028481155825 2993.4738893429935 -1.0 2993.4738893429935 -1.0 1
444 0.25 nan 0.2 1.0 1.0 2998.235213162998 2998.2360464129983 2998.5523481129985 2997.4406592929977 3000.1527752452193 2998.3843982429985 -1.0 2998.3843982429985 -1.0 1
445 nan 1.0 0.2 -1.0 1.0 3001.868549793002 3001.869383043002 3002.2652101230024 3001.2618771330012 3003.8683027631214 3002.091260853002 1.0 3002.091260853002 1.0 1
446 nan 0.25 0.2 -1.0 1.0 3005.6691030330057 3005.670002943006 3006.1466219430063 3004.938209463005 3007.7683433091806 3006.004136193006 1.0 3006.004136193006 1.0 1
447 0.0625 nan 0.2 -1.0 -1.0 3009.4521580230094 3009.4529912730095 3009.88364820301 3008.848751703009 3012.5021022938918 3009.73096347301 1.0 3009.73096347301 1.0 1
448 nan 0.25 0.2 -1.0 1.0 3014.3513347230146 3014.3523012930145 3014.6767355130146 3013.564413423014 3016.3014528288627 3014.5151850030147 1.0 3014.5151850030147 1.0 1
449 nan 0.0625 0.2 -1.0 1.0 3017.918311323018 3017.9193112230178 3017.985471273018 3017.3798651730176 3019.5844705988184 3017.882481573018 1.0 3017.882481573018 1.0 1
450 0.25 nan 0.2 1.0 1.0 3021.2182479630214 3021.2192811930213 3021.658303953022 3020.6618702730207 3023.2679183749656 3021.5188845630214 -1.0 3021.5188845630214 -1.0 1
451 nan 0.0625 0.2 -1.0 1.0 3025.084094673025 3025.084894593025 3025.7610269730258 3024.3435354030244 3027.3845523738646 3025.177618653025 -1.0 3025.177618653025 -1.0 1
452 0.0625 nan 0.2 -1.0 -1.0 3029.0672296530292 3029.068196223029 3029.6738689830295 3028.4731557330283 3032.2843115752976 3029.4958867830296 1.0 3029.4958867830296 1.0 1
453 nan 1.0 0.2 -1.0 1.0 3034.550047983035 3034.5511478730346 3035.2355460930353 3033.4379258730337 3036.834066393786 3035.070429273035 1.0 3035.070429273035 1.0 1
454 nan 1.0 0.2 -1.0 1.0 3038.6832346230385 3038.6841345330386 3039.2506778730394 3037.940075613038 3040.8505008418447 3038.969672643039 -1.0 3038.969672643039 -1.0 1
455 nan 0.0625 0.2 -1.0 1.0 3042.999436293043 3043.0004361930432 3043.5512144430436 3041.962006713042 3045.1495408415108 3043.107525483043 -1.0 3043.2594769530433 1.0 2
456 nan 0.25 0.2 -1.0 1.0 3046.783457853047 3046.784424423047 3047.5066521930476 3046.2161479230463 3049.1161759147685 3047.045364993047 1.0 3047.4454249830474 1.0 2
457 nan 1.0 0.2 -1.0 1.0 3051.2997061830515 3051.3010393830514 3051.8032224930516 3050.19268356305 3053.4157360079666 3051.673502133052 1.0 3051.673502133052 1.0 1
458 nan 0.125 0.2 -1.0 1.0 3055.182851163055 3055.1840177130553 3055.5801447630556 3054.5156512230546 3057.1821693725337 3055.4400254430557 1.0 3055.4400254430557 1.0 1
459 nan 0.0 0.2 -1.0 1.0 3059.0826611430593 3059.0836610430592 3059.3017059030594 3058.2868740630583 3060.8991962648633 3059.124156993059 1.0 3059.124156993059 1.0 1
460 nan 0.25 0.2 -1.0 1.0 3062.6486045130628 3062.6496377430626 3063.0195340830633 3061.9994027730622 3064.615147582486 3062.803788993063 1.0 3062.803788993063 1.0 1
461 nan 0.25 0.2 -1.0 1.0 3066.3986961330666 3066.3996293730665 3066.5388821130664 3065.722963713066 3068.1489780046763 3066.3336693030665 1.0 3066.3336693030665 1.0 1
462 nan 1.0 0.2 -1.0 1.0 3069.99813615307 3069.99926937307 3070.4184941130707 3069.2357790630695 3072.0154132972125 3070.2798746430703 1.0 3070.2798746430703 1.0 1
463 nan 0.25 0.2 -1.0 1.0 3073.897646163074 3073.898579403074 3074.3221370430742 3073.131022833073 3075.9150592379456 3074.2002492330744 1.0 3074.2002492330744 1.0 1
464 nan 1.0 0.2 -1.0 1.0 3077.6477044530775 3077.6485377030776 3078.0732952230783 3076.999769253077 3079.6816119439773 3077.975205033078 1.0 3077.975205033078 1.0 1
465 nan 1.0 0.2 -1.0 1.0 3081.4976860830816 3081.4985526630817 3082.015534293082 3080.7864238830807 3083.631455844315 3081.802488933082 1.0 3081.802488933082 1.0 1
466 0.0625 nan 0.2 1.0 1.0 3086.4140277330866 3086.4148276530864 3087.2570767530874 3084.7099648230846 3088.8639011469936 3087.109124883087 -1.0 3087.109124883087 -1.0 1
467 0.0625 nan 0.8 -1.0 -1.0 3091.2642093330915 3091.2651092430915 3091.7051319030916 3090.5724118530907 3094.3133532021016 3091.5213169530916 1.0 3091.5213169530916 1.0 1
468 0.125 nan 0.8 -1.0 -1.0 3098.063762643098 3098.064729213098 3098.5850771730984 3095.4067617030955 3101.1964233511703 3098.3697320430983 -1.0 3098.4611562330983 1.0 2
469 0.125 nan 0.8 1.0 1.0 3104.2133476231043 3104.214380853104 3104.761459473105 3102.3585331231025 3106.362781223871 3104.5043518531047 -1.0 3104.6175072031047 -1.0 2
470 0.0625 nan 0.8 1.0 1.0 3108.096625923108 3108.097692483108 3108.4272928531086 3107.4600895831077 3110.0293145465253 3108.2697752731083 -1.0 3108.2697752731083 -1.0 1
471 1.0 nan 0.8 1.0 1.0 3111.7628592631117 3111.763992483112 3112.2830405731124 3111.135522003111 3113.8788612937196 3112.034332113112 -1.0 3112.034332113112 -1.0 1
472 0.0625 nan 0.8 -1.0 -1.0 3115.5628125631156 3115.5636458131157 3122.2689085531224 3114.958772973115 3124.878585159238 3122.161885923122 1.0 3122.161885923122 1.0 1
473 0.0625 nan 0.8 -1.0 -1.0 3128.6453375131287 3128.6462040931287 3140.4427909831406 3126.0681952531263 3143.061351643476 3140.3088043831403 1.0 3140.3088043831403 1.0 1
474 1.0 nan 0.8 1.0 1.0 3146.960605803147 3146.961405723147 3147.4209930931474 3144.4106608231446 3149.027234864713 3147.2816403631473 -1.0 3147.2816403631473 -1.0 1
475 0.125 nan 0.8 1.0 1.0 3150.726962463151 3150.7280290231506 3151.187549733151 3150.1877497231503 3152.793675748161 3151.0195332031512 -1.0 3151.0195332031512 -1.0 1
476 0.125 nan 0.8 1.0 1.0 3154.4770874131545 3154.4780206531545 3154.9281756331548 3153.875680893154 3156.527197967486 3154.711164003155 -1.0 3154.711164003155 -1.0 1
477 nan 1.0 0.8 -1.0 1.0 3158.2931391031584 3158.2939723531586 3158.788122933159 3157.673701053158 3160.393640796027 3158.5286488831584 1.0 3158.5286488831584 1.0 1
478 0.125 nan 0.8 1.0 1.0 3162.143020743162 3162.143953983162 3162.3248692231623 3161.4945522631615 3163.942986575049 3162.0623621431623 -1.0 3162.0623621431623 -1.0 1
479 0.0625 nan 0.8 1.0 1.0 3165.5766773431656 3165.5776105831656 3166.063195353166 3165.040697613165 3167.660018530114 3165.914076933166 -1.0 3165.914076933166 -1.0 1
480 0.0625 nan 0.8 1.0 1.0 3171.109057383171 3171.1098906331713 3178.090625823178 3168.7709245531687 3179.692032353335 3177.8540494831777 -1.0 3177.8540494831777 -1.0 1
481 nan 1.0 0.8 -1.0 1.0 3181.725628953182 3181.7264955331816 3182.1821832931823 3180.925542303181 3183.7921958453453 3182.053029543182 1.0 3182.053029543182 1.0 1
482 0.125 nan 0.8 1.0 1.0 3185.5249156531854 3185.5257822331855 3185.967504723186 3184.9009113931847 3187.592026365964 3185.824852323186 -1.0 3185.824852323186 -1.0 1
483 0.0 nan 0.8 1.0 1.0 3190.8080206231907 3190.809087183191 3195.4254921631955 3188.7342280231887 3197.040631221115 3195.254675913195 -1.0 3195.254675913195 -1.0 1
484 0.125 nan 0.8 1.0 1.0 3198.758092203199 3198.759058773199 3199.014633213199 3198.241643853198 3200.641255705898 3198.697698243199 -1.0 3198.910710273199 -1.0 2
485 1.0 nan 0.8 1.0 1.0 3202.5241488932024 3202.5250154732025 3203.041697133203 3201.763358313202 3204.640907801565 3202.881613143203 -1.0 3202.881613143203 -1.0 1
486 nan 1.0 0.8 -1.0 1.0 3206.3571988832064 3206.3579988032066 3207.5363476232073 3205.789222353206 3209.140363691365 3206.8527826532068 -1.0 3207.4409238332073 1.0 3
487 0.25 nan 0.8 1.0 1.0 3210.8906454932107 3210.891645393211 3211.309670253211 3210.2785733732103 3212.9066909579265 3211.054429113211 -1.0 3211.177650123211 -1.0 2
488 0.0 nan 0.8 -1.0 -1.0 3214.5904421432147 3214.591275393215 3233.7558254132337 3214.054295763214 3236.355725788483 3214.9312747232148 -1.0 3233.7003309632337 1.0 4
489 0.0 nan 0.8 -1.0 -1.0 3238.1886487532383 3238.189448673238 3244.970103873245 3237.6403369232376 3247.5886467181526 3244.673033583245 1.0 3244.673033583245 1.0 1
490 nan 0.125 0.8 -1.0 1.0 3249.3379670432496 3249.3390669332493 3276.984468783277 3248.775956583249 3278.5868810125585 3276.841816383277 1.0 3276.841816383277 1.0 1
491 1.0 nan 0.8 1.0 1.0 3280.6860652532805 3280.6868651732807 3281.067893733281 3280.06619391328 3282.6860128444064 3280.8792792632808 -1.0 3280.8792792632808 -1.0 1
492 0.25 nan 0.8 1.0 1.0 3284.4028602032845 3284.4038601032844 3284.819751843285 3283.832417253284 3286.436461806961 3284.5394465432846 -1.0 3284.733593793285 -1.0 2
493 0.0625 nan 0.8 -1.0 -1.0 3289.4855852132896 3289.4864851232896 3289.99313445329 3287.5604777432877 3292.6027155539095 3289.76369073329 1.0 3289.76369073329 1.0 1
494 nan 0.0625 0.8 -1.0 1.0 3294.4354901732945 3294.4364567432945 3295.1551515332953 3293.793821013294 3296.7524653665205 3294.943139403295 1.0 3294.943139403295 1.0 1
495 0.25 nan 0.8 1.0 1.0 3299.6683668333 3299.6694333932996 3300.0215981733 3297.879079113298 3301.618815111579 3299.8672469433 -1.0 3299.8672469433 -1.0 1
496 nan 1.0 0.8 1.0 -1.0 3303.384961803303 3303.3860616933034 3303.5987404233038 3302.779522353303 3306.218152816557 3303.3882948033033 -1.0 3303.3882948033033 -1.0 1
497 0.25 nan 0.8 1.0 1.0 3308.101823403308 3308.102689983308 3308.4186917133084 3307.3968605733075 3310.035001697515 3308.274072843308 -1.0 3308.274072843308 -1.0 1
498 1.0 nan 0.8 1.0 1.0 3311.7510584433116 3311.7520250133116 3312.117721773312 3311.182715283311 3313.7182413408855 3311.853748173312 -1.0 3311.853748173312 -1.0 1
499 0.125 nan 0.8 1.0 1.0 3315.4341234333156 3315.4349900133157 3316.089257913316 3314.8489486233148 3317.717272977982 3315.8402828133158 -1.0 3315.8402828133158 -1.0 1
500 0.25 nan 0.8 1.0 1.0 3319.6011066933197 3319.60197327332 3319.92820731332 3318.877879023319 3321.5341190580884 3319.7476920333197 -1.0 3319.7476920333197 -1.0 1
501 0.25 nan 0.8 1.0 1.0 3323.3838617133233 3323.3849282733236 3323.6806320333235 3322.684431663323 3325.283452211444 3323.5145819733234 -1.0 3323.5145819733234 -1.0 1
502 0.0 nan 0.8 1.0 1.0 3327.2006799933274 3327.2015799033275 3328.001499903328 3326.4404560233265 3329.6166064541576 3327.4849182333273 -1.0 3327.916841703328 1.0 3
503 0.125 nan 0.8 -1.0 -1.0 3331.4004266433312 3331.4016265233313 3335.4602206233353 3330.781721853331 3338.0829963347287 3335.3031030033353 1.0 3335.3031030033353 1.0 1
504 0.0 nan 0.8 -1.0 -1.0 3339.94983828334 3339.95083818334 3340.764190173341 3339.2820050733394 3343.38326236296 3340.1720160633404 1.0 3340.1720160633404 1.0 1
505 0.25 nan 0.8 1.0 1.0 3345.1823816433453 3345.183481533345 3345.6115720533458 3344.5889743233447 3347.2328913711854 3345.4846847433455 -1.0 3345.4846847433455 -1.0 1
506 0.0 nan 0.8 1.0 1.0 3348.9989666133492 3348.999799863349 3359.062026873359 3348.4004931333484 3360.665032985406 3358.6567674033586 -1.0 3359.031263283359 -1.0 2
507 0.0 nan 0.8 1.0 1.0 3362.5153148433624 3362.5164147333626 3362.953237713363 3361.894443603362 3364.5812773139373 3362.8055191533626 -1.0 3362.8055191533626 -1.0 1
508 0.0625 nan 0.8 -1.0 -1.0 3366.4318898133665 3366.4330563633666 3367.7596903533677 3365.769989343366 3370.3811360268214 3366.5716758333665 -1.0 3367.5833413233677 1.0 3
509 nan 0.0625 0.8 1.0 -1.0 3372.9313731333727 3372.932339703373 3387.051960933387 3372.1636499133724 3389.6636262629613 3386.898509613387 -1.0 3386.898509613387 -1.0 1
510 1.0 nan 0.8 1.0 1.0 3391.5298131033915 3391.5308796633917 3392.1323528433923 3390.975035253391 3393.7297692313373 3391.956937053392 -1.0 3391.956937053392 -1.0 1
511 1.0 nan 0.8 1.0 1.0 3395.5134480333954 3395.5145479233956 3395.996599713396 3394.869979053395 3397.5966081721053 3395.7559237833957 -1.0 3395.7559237833957 -1.0 1
512 1.0 nan 0.8 1.0 1.0 3399.9461380534 3399.9471712834 3400.779154743401 3398.815017843399 3402.379366794978 3400.665432783401 -1.0 3400.665432783401 -1.0 1
513 1.0 nan 0.8 1.0 1.0 3404.112987993404 3404.1138212434043 3404.6288030734045 3403.5388787434035 3406.2286126512404 3404.4405552334047 -1.0 3404.4405552334047 -1.0 1
514 1.0 nan 0.8 1.0 1.0 3408.129519633408 3408.130452873408 3408.6175374934087 3407.4123246934073 3410.2293508183707 3408.3496642834084 -1.0 3408.3496642834084 -1.0 1
515 nan 0.25 0.8 -1.0 1.0 3412.011631383412 3412.012431303412 3412.627069833413 3411.4034588734116 3414.229087017579 3412.5048820534125 1.0 3412.5048820534125 1.0 1
516 nan 0.125 0.8 -1.0 1.0 3416.145184653416 3416.146084563416 3416.815717593417 3415.3785946534153 3418.4284298568396 3416.3168674834164 -1.0 3416.5705421134166 1.0 2
517 nan 1.0 0.8 -1.0 1.0 3422.761689603423 3422.7626895034227 3423.087590343423 3419.5901401234196 3424.6947988050024 3422.967902313423 1.0 3422.967902313423 1.0 1
518 nan 1.0 0.2 -1.0 1.0 3426.628469553427 3426.6293361334265 3426.9449379034268 3425.901108963426 3428.544649048552 3426.787686963427 1.0 3426.787686963427 1.0 1
519 nan 0.25 0.2 -1.0 1.0 3430.3281662134304 3430.3293327634306 3430.701962163431 3429.7097613934297 3432.310780497773 3430.5979725634306 1.0 3430.5979725634306 1.0 1
520 1.0 nan 0.2 1.0 1.0 3434.1277862134343 3434.128652793434 3434.5123144234344 3433.4761847134337 3436.110726064634 3434.3987591134346 -1.0 3434.3987591134346 -1.0 1
521 nan 0.125 0.2 -1.0 1.0 3437.7777878434376 3437.778621093438 3438.1864469734383 3437.2585397734374 3439.810856039373 3438.099422343438 1.0 3438.099422343438 1.0 1
522 nan 0.25 0.2 -1.0 1.0 3441.6266695834415 3441.6276028234415 3442.083790533442 3441.074758113441 3443.6934984947975 3441.953903523442 1.0 3441.953903523442 1.0 1
523 0.25 nan 0.2 1.0 1.0 3445.5938394934456 3445.594906053446 3445.891509723446 3444.857713113445 3447.4929506677604 3445.699295613446 -1.0 3445.699295613446 -1.0 1
524 nan 0.0625 0.2 1.0 -1.0 3449.193712803449 3449.1945460534494 3449.4875500834496 3448.6755646234487 3452.0936957727968 3449.334098763449 -1.0 3449.334098763449 -1.0 1
525 nan 0.25 0.2 -1.0 1.0 3453.942837843454 3453.944204373454 3454.354296693454 3453.2947026634533 3455.9599390272433 3454.165948863454 1.0 3454.165948863454 1.0 1
526 nan 0.125 0.2 -1.0 1.0 3457.7594228134576 3457.760489373458 3458.148050613458 3457.1416512634573 3459.7765665009547 3457.984100343458 1.0 3457.984100343458 1.0 1
527 1.0 nan 0.2 -1.0 -1.0 3461.5088811634614 3461.5098144034614 3461.6531334034617 3460.977667623461 3464.2762083477396 3461.5346785834618 1.0 3461.5346785834618 1.0 1
528 nan 0.0625 0.2 -1.0 1.0 3466.225576113466 3466.226442693466 3466.6780308634666 3465.4641189334657 3468.2926450682544 3466.4672519434666 -1.0 3466.4672519434666 -1.0 1
529 nan 0.125 0.2 -1.0 1.0 3469.97533443347 3469.97643432347 3470.3081678134704 3469.4694516934696 3471.9090832708957 3470.16928170347 1.0 3470.16928170347 1.0 1
530 nan 0.25 0.2 -1.0 1.0 3474.991699413475 3474.992732643475 3475.2883364134755 3473.062892313473 3476.9089416218276 3475.181380443475 1.0 3475.181380443475 1.0 1
531 nan 1.0 0.2 -1.0 1.0 3478.8912760834787 3478.892375973479 3479.2450740334793 3478.1229529234784 3480.8587809201335 3479.124986043479 1.0 3479.124986043479 1.0 1
532 nan 0.0 0.2 -1.0 1.0 3482.691029403483 3482.6920293034827 3483.1778140534834 3482.079890523482 3484.7918256926027 3483.022896213483 1.0 3483.022896213483 1.0 1
533 nan 0.25 0.2 -1.0 1.0 3487.741024353488 3487.7419909234877 3488.352163233488 3485.940637743486 3489.9581743695594 3488.189546163488 1.0 3488.2525398634884 1.0 2
534 nan 0.125 0.2 -1.0 1.0 3492.757156023493 3492.757955943493 3493.1337183634932 3491.1571827034913 3494.7571220295185 3492.967501653493 1.0 3492.967501653493 1.0 1
535 0.25 nan 0.2 -1.0 -1.0 3496.557642603497 3496.5586425034967 3496.997931903497 3496.001231583496 3499.623872850972 3496.812883743497 1.0 3496.812883743497 1.0 1
536 1.0 nan 0.2 1.0 1.0 3502.973967573503 3502.974900813503 3503.2065109835034 3500.821582833501 3504.8072457203284 3503.074557513503 -1.0 3503.074557513503 -1.0 1
537 0.0 nan 0.2 1.0 1.0 3506.5730742935066 3506.5742075135067 3509.4280887635095 3506.037361203506 3511.0398015767664 3509.179913583509 -1.0 3509.179913583509 -1.0 1
538 nan 0.25 0.2 -1.0 1.0 3514.940004183515 3514.940804103515 3515.3250323435154 3512.240007543512 3516.9229695471977 3515.172514263515 1.0 3515.172514263515 1.0 1
539 nan 1.0 0.2 -1.0 1.0 3518.839680843519 3518.840447433519 3519.214376703519 3518.1512830235183 3520.8224176082263 3519.021862623519 1.0 3519.021862623519 1.0 1
540 0.125 nan 0.2 -1.0 -1.0 3522.822749163523 3522.823782393523 3523.5497764535235 3522.013130133522 3526.1728560119313 3523.092422193523 1.0 3523.3902590735233 1.0 2
541 0.0 nan 0.2 1.0 1.0 3528.255272523528 3528.2560724435284 3528.4864827335286 3527.3716608935274 3530.10529099242 3528.3473966435286 -1.0 3528.3473966435286 -1.0 1
542 nan 0.125 0.2 -1.0 1.0 3532.071990813532 3532.0730573735323 3532.4476199135324 3531.3098003735313 3534.0723514951997 3532.2666046835325 1.0 3532.2666046835325 1.0 1
543 nan 0.0625 0.2 1.0 -1.0 3535.871510823536 3535.8723440735357 3539.77398720354 3535.2875692235352 3542.3714296885555 3539.2491396935393 1.0 3539.5928719835397 -1.0 2
544 nan 0.25 0.2 -1.0 1.0 3544.288369053544 3544.2893022935446 3544.703060913545 3543.6006378335437 3546.3044719124614 3544.4593852835446 1.0 3544.4593852835446 1.0 1
545 nan 0.125 0.2 -1.0 1.0 3548.004830703548 3548.005930593548 3548.321499033548 3547.4868825035473 3549.9213061789146 3548.207477103548 1.0 3548.207477103548 1.0 1
546 nan 0.125 0.2 -1.0 1.0 3551.7374240735517 3551.7385906235518 3552.131118033552 3551.159515203551 3553.75455458727 3551.970700743552 1.0 3551.970700743552 1.0 1
547 nan 0.25 0.2 -1.0 1.0 3555.5537757335555 3555.5549422835556 3555.8855758835557 3554.959668483555 3557.4875879795827 3555.7963514735557 1.0 3555.7963514735557 1.0 1
548 nan 0.0 0.2 -1.0 1.0 3559.303634043559 3559.3045339535593 3559.98669906356 3558.7003943735585 3561.587433970049 3559.73122461356 1.0 3559.73122461356 1.0 1
549 nan 0.0625 0.2 -1.0 1.0 3563.4700506935633 3563.4711839135634 3563.8636446635637 3562.837847253563 3565.4700851099988 3563.682596103564 1.0 3563.682596103564 1.0 1
550 nan 0.0 0.2 -1.0 1.0 3567.3369972935675 3567.3381638435676 3569.5803062735695 3566.676996633567 3571.1862456665067 3567.742956693568 1.0 3569.4960147035695 1.0 2
551 nan 0.25 0.2 -1.0 1.0 3573.053425593573 3573.054458823573 3573.5142461735736 3572.4231552935726 3575.1195878937165 3573.3957913535733 1.0 3573.3957913535733 1.0 1
552 nan 0.125 0.2 -1.0 1.0 3577.986498903578 3577.987432143578 3578.3748933935785 3576.3274981535765 3579.9857400680785 3578.2543721135785 1.0 3578.2543721135785 1.0 1
553 1.0 nan 0.8 1.0 1.0 3581.7695872235818 3581.770420473582 3582.2736368135825 3581.159548233581 3583.9026773983314 3582.131251053582 -1.0 3582.131251053582 -1.0 1
554 0.125 nan 0.8 -1.0 -1.0 3585.835313943586 3585.836380503586 3590.3093664935905 3585.115185963585 3592.9184684712354 3590.1737467235903 1.0 3590.1737467235903 1.0 1
555 0.25 nan 0.8 1.0 1.0 3594.802183833595 3594.803350383595 3595.2955678235953 3594.189678423594 3596.902106240202 3595.014129303595 -1.0 3595.014129303595 -1.0 1
556 0.0 nan 0.8 1.0 1.0 3598.701460533599 3598.7023271135986 3604.248372453604 3598.159414743598 3605.8515996858746 3604.0542585336043 -1.0 3604.0542585336043 -1.0 1
557 1.0 nan 0.8 -1.0 -1.0 3608.550742173609 3608.5516087536084 3609.88460877361 3607.798317423608 3612.5006725843496 3608.657898123609 -1.0 3609.4954476936095 1.0 3
558 0.0625 nan 0.8 1.0 1.0 3614.4507854436147 3614.4519186636144 3619.050525423619 3613.7987839836137 3620.64996082642 3618.0351936336183 -1.0 3618.899273883619 -1.0 3
559 1.0 nan 0.8 1.0 1.0 3622.6338670536225 3622.634866953623 3623.1455825436233 3621.913372443622 3624.7499953266756 3622.954968273623 -1.0 3622.954968273623 -1.0 1
560 0.25 nan 0.8 1.0 1.0 3626.650332033627 3626.6511652836266 3627.1688135136274 3625.958501223626 3628.800222475467 3626.934770253627 -1.0 3626.934770253627 -1.0 1
561 nan 0.0 0.8 1.0 -1.0 3630.7158921036307 3630.7168253436307 3639.1887780636393 3630.02992737363 3641.7988742145676 3638.8668769236388 -1.0 3638.8668769236388 -1.0 1
562 0.0625 nan 0.8 1.0 1.0 3643.749321963644 3643.7504218536437 3644.8360132836447 3643.0980870936432 3646.44851986618 3644.6943941136446 -1.0 3644.6943941136446 -1.0 1
563 nan 0.25 0.8 -1.0 1.0 3648.2489386236484 3648.250071843648 3648.616835163649 3647.693027553648 3650.2322695052358 3648.4294205736483 1.0 3648.4294205736483 1.0 1
564 0.25 nan 0.8 1.0 1.0 3652.115018643652 3652.116051873652 3670.01226207367 3651.4583843136515 3671.6311790576788 3669.8910741936697 -1.0 3669.8910741936697 -1.0 1
565 1.0 nan 0.8 1.0 1.0 3673.7135919036737 3673.714625133674 3674.1055193736743 3673.078588743673 3675.7303221650877 3673.837912803674 -1.0 3673.837912803674 -1.0 1
566 0.0 nan 0.8 1.0 1.0 3677.4806818236775 3677.4815817336776 3677.872842603678 3676.956634233677 3679.4805570965336 3677.703626193678 -1.0 3677.703626193678 -1.0 1
567 1.0 nan 0.8 1.0 1.0 3681.213175203681 3681.2142417636815 3681.6841947636817 3680.6644634136806 3683.313896866397 3681.4316866836816 -1.0 3681.5454753036815 -1.0 2
568 1.0 nan 0.8 1.0 1.0 3685.1796451836854 3685.1805450936854 3685.7311233636856 3684.5376093936848 3687.362952693022 3685.5236441136854 -1.0 3685.5236441136854 -1.0 1
569 0.25 nan 0.8 1.0 1.0 3689.1800451036893 3689.1808783536894 3689.6563641336897 3688.6087689036885 3691.2793005152485 3689.5162114836894 -1.0 3689.5162114836894 -1.0 1
570 0.0 nan 0.8 1.0 1.0 3693.2463717636933 3693.247171683693 3694.4382192336943 3692.5224108336924 3696.0623316697875 3694.2333063936944 -1.0 3694.2333063936944 -1.0 1
571 nan 0.125 0.8 -1.0 1.0 3697.862976723698 3697.8638099736977 3705.4095219937053 3697.2916338636974 3707.0123481392848 3705.0912204937054 -1.0 3705.0912204937054 -1.0 1
572 0.125 nan 0.8 -1.0 -1.0 3709.0950200737093 3709.096153293709 3709.5724389937095 3708.3571605337083 3712.195504761174 3709.4423186737095 1.0 3709.4423186737095 1.0 1
573 0.25 nan 0.8 -1.0 -1.0 3713.994796713714 3713.995729953714 3736.989930303737 3713.4647163937134 3739.5935087041294 3714.663396513715 1.0 3736.926270003737 1.0 3
574 nan 0.125 0.8 -1.0 1.0 3741.627133203742 3741.6282330937415 3742.4879137837424 3741.071322123741 3744.0936537840585 3742.3264632637424 1.0 3742.3264632637424 1.0 1
575 nan 0.125 0.8 -1.0 1.0 3745.959566583746 3745.960533153746 3746.4218536837466 3745.3242634537455 3748.0261904717377 3746.214174453746 1.0 3746.214174453746 1.0 1
576 0.125 nan 0.8 1.0 1.0 3749.8097815237497 3749.81118138375 3750.4742150737507 3749.2900001737494 3752.0760209662762 3749.93273589375 -1.0 3750.2942997337504 -1.0 2
577 nan 0.0 0.8 -1.0 1.0 3753.909571503754 3753.910504743754 3754.4018556037545 3753.3491275537535 3756.0096595407704 3754.109684823754 1.0 3754.2659691937542 1.0 2
578 0.125 nan 0.8 1.0 1.0 3757.858943193758 3757.859809773758 3758.4508839937585 3757.243171443757 3760.0757144819236 3758.1922431937583 -1.0 3758.1922431937583 -1.0 1
579 nan 0.0625 0.8 -1.0 1.0 3761.892573123762 3761.893506363762 3762.3316292137624 3761.3189304937614 3763.9593419617786 3762.135015543762 1.0 3762.135015543762 1.0 1
580 1.0 nan 0.8 1.0 1.0 3765.741721503766 3765.7427547337657 3766.2455711137663 3765.1897433737654 3767.858375623226 3766.114750863766 -1.0 3766.114750863766 -1.0 1
581 0.0625 nan 0.8 1.0 1.0 3769.75868643377 3769.75971966377 3772.596735933773 3769.0946861737693 3774.225362093656 3772.2738348937723 -1.0 3772.4720150737726 -1.0 2
582 0.25 nan 0.8 1.0 1.0 3776.124683103776 3776.125683003776 3776.6165672437764 3775.5258763237757 3778.2247035907294 3776.248337403776 -1.0 3776.4849470737763 -1.0 2
583 nan 1.0 0.8 -1.0 1.0 3781.691359713782 3781.6923262837818 3782.208341343782 3779.5149107137795 3783.824745425659 3782.066555523782 1.0 3782.066555523782 1.0 1
584 0.125 nan 0.8 -1.0 -1.0 3785.707424733786 3785.7082913137856 3786.118983573786 3785.093852763785 3788.7244130561676 3785.966832123786 1.0 3785.966832123786 1.0 1
585 0.0625 nan 0.8 1.0 1.0 3790.5905030437907 3790.5912696337905 3804.4545831638043 3789.97613115379 3806.0567044063873 3790.921436613791 -1.0 3804.2897329838042 -1.0 3
586 1.0 nan 0.8 1.0 1.0 3808.005961323808 3808.006861233808 3808.4285190638084 3807.4471172138074 3810.0399315610025 3808.127515833808 -1.0 3808.127515833808 -1.0 1
587 1.0 nan 0.8 1.0 1.0 3811.889306283812 3811.890506163812 3812.4302521838126 3811.279033983811 3814.055881576001 3812.257602783812 -1.0 3812.257602783812 -1.0 1
588 0.125 nan 0.8 1.0 1.0 3817.5060112238175 3817.5068444738176 3817.992029283818 3815.295798933815 3819.605531619209 3817.767318423818 -1.0 3817.767318423818 -1.0 1
589 nan 0.0625 0.8 -1.0 1.0 3821.639064543822 3821.6400977738217 3822.082653513822 3820.9208363738207 3823.6886836154035 3821.948666913822 1.0 3821.948666913822 1.0 1
590 0.125 nan 0.8 -1.0 -1.0 3825.5221095338256 3825.5230761038256 3825.9097374338257 3824.956599423825 3828.5221395812496 3825.7821501938256 1.0 3825.7821501938256 1.0 1
591 0.0625 nan 0.8 -1.0 -1.0 3830.4048545438304 3830.4057211238305 3852.000628083852 3829.7861497538297 3854.6032031133122 3830.6437639838305 -1.0 3851.798681613852 1.0 2
592 0.25 nan 0.8 -1.0 -1.0 3856.6539293738565 3856.654929273857 3860.1485798738604 3856.1359145138563 3862.753073381077 3859.020959313859 1.0 3859.020959313859 1.0 1
593 0.25 nan 0.8 -1.0 -1.0 3866.003227683866 3866.004194253866 3866.947199943867 3864.117882903864 3869.553158448786 3866.1908755838663 1.0 3866.1908755838663 1.0 1
594 1.0 nan 0.8 -1.0 -1.0 3873.7352544038736 3873.7361876438736 3874.154845773874 3870.881173173871 3876.7860379173917 3873.790248903874 1.0 3873.989728953874 1.0 2
595 1.0 nan 0.8 -1.0 -1.0 3878.7187560038788 3878.7198225638786 3919.84664280392 3878.132247993878 3922.466221440043 3919.6566284739197 1.0 3919.6566284739197 1.0 1
596 nan 1.0 0.8 -1.0 1.0 3924.966464103925 3924.967597323925 3930.5066100339304 3924.2354372139243 3932.132519323673 3925.1673106839253 1.0 3930.3054968139304 1.0 3
597 0.25 nan 0.8 -1.0 -1.0 3938.982529023939 3938.983495593939 3939.4565149539394 3933.617932203934 3942.0818189917004 3939.2544018339395 1.0 3939.2544018339395 1.0 1
