NYU-12 a8a8af78-16de-4841-ab07-fde4b5281a03 angelakilab 2026-07-28T16:01:20.797097 _iblrig_tasks_ephysChoiceWorld6.2.5 F 361 550
0 nan 1.0 0.5 -1.0 1.0 126.06394379686668 125.97101543728597 126.58618581765084 119.01348451553753 128.17006518249775 126.10339994953989 1.0 126.5468256653491 1.0 3
1 0.25 nan 0.5 1.0 1.0 129.0808514706099 129.08190747469607 129.6475416633836 128.5524654260518 131.2307586046227 129.23128405269975 -1.0 129.23128405269975 -1.0 1
2 nan 0.25 0.5 -1.0 1.0 132.3536001343145 132.35456013802917 132.96848251356496 131.58665316665923 134.55356415739288 132.53561683861722 1.0 132.91981032523086 1.0 2
3 nan 0.125 0.5 -1.0 1.0 137.76379706874692 137.76456507171866 138.17746266940114 134.98756232627318 139.76411309458246 137.9613658332274 1.0 137.9613658332274 1.0 1
4 nan 0.25 0.5 -1.0 1.0 142.51677546011163 142.51783146419777 142.79623254145403 140.2068145218564 144.38061921115403 142.6665360396012 1.0 142.6665360396012 1.0 1
5 nan 1.0 0.5 -1.0 1.0 146.0034129514462 146.00418095441796 146.30485411785472 144.82481639093754 147.88687185680183 145.9844048778956 1.0 146.1076693548601 1.0 2
6 0.0625 nan 0.5 1.0 1.0 150.06394066341457 150.06480466675777 150.95136809726176 148.35647805649046 152.51410438896457 150.20678921615846 -1.0 150.7801994349349 -1.0 2
7 1.0 nan 0.5 1.0 1.0 156.61913402834196 156.62009403205664 156.8813110428202 152.94750382118917 158.45326151621794 156.73203046518796 -1.0 156.73203046518796 -1.0 1
8 0.125 nan 0.5 1.0 1.0 159.99700309880367 159.9980591028898 160.3085243042163 158.8988548495849 161.8636728115185 160.14436366900657 -1.0 160.14436366900657 -1.0 1
9 nan 0.125 0.5 -1.0 1.0 164.86940595227418 164.87036595598883 170.34238712964645 162.29717199916922 171.91358484792977 165.06956672678427 -1.0 170.28085089153566 1.0 12
10 0.0625 nan 0.5 1.0 1.0 174.08572961428558 174.08668961800026 174.6051876242972 172.35858693121062 176.1804442484262 174.30777847349034 -1.0 174.30777847349034 -1.0 1
11 0.125 nan 0.5 1.0 1.0 179.18574934850596 179.18661335184916 179.44274234292493 176.61274739242927 181.01339161628457 179.164821267526 -1.0 179.38034210147094 -1.0 2
12 0.0625 nan 0.5 1.0 1.0 182.03504037366662 182.03590437700984 182.1897929724725 181.4891822615014 183.76332076032793 182.00393625331108 -1.0 182.00393625331108 -1.0 1
13 0.0625 nan 0.5 1.0 1.0 186.41947333896692 186.42062534342452 186.6823223560454 184.21482480821172 188.24690572101989 186.43387339468705 1.0 186.53678579290042 -1.0 2
14 0.125 nan 0.5 1.0 1.0 190.66595377046815 190.66691377418283 190.94579485329643 188.68681011229052 192.51867435015782 190.79305826229137 -1.0 190.79305826229137 -1.0 1
15 0.0625 nan 0.5 1.0 1.0 194.96341039921873 194.96456240367635 195.23969946830272 192.97706671318102 196.81814197936137 194.89880214922098 1.0 195.09857892224522 -1.0 2
16 0.0625 nan 0.5 1.0 1.0 198.66316871521155 198.66412871892624 198.91689769700062 197.25954728398264 200.48634176545693 198.79564922783695 -1.0 198.79564922783695 -1.0 1
17 0.25 nan 0.5 1.0 1.0 202.14635019317328 202.14711819614502 202.40007917496237 200.94653755057027 203.96334526515153 202.27067067422394 -1.0 202.27067067422394 -1.0 1
18 0.125 nan 0.5 1.0 1.0 206.1686697572975 206.16982176175512 206.42729475803142 204.41474297058303 207.98004924377176 206.27340616256873 -1.0 206.27340616256873 -1.0 1
19 nan 0.0 0.5 1.0 -1.0 209.76858768696394 209.76973969142153 210.105452990444 208.48064670335359 212.6860912962033 209.84039596482177 1.0 209.9403323515196 -1.0 2
20 0.0625 nan 0.5 1.0 1.0 213.61311456313 213.6140745668447 213.8599315181734 213.13119269836227 215.43612473413864 213.65477872434698 -1.0 213.65477872434698 -1.0 1
21 0.25 nan 0.5 1.0 1.0 216.379749268457 216.38070927217169 216.62973423575883 215.88102733868243 218.19645529599774 216.462885590148 1.0 216.462885590148 1.0 1
22 nan 0.125 0.5 1.0 -1.0 221.418520765681 221.4196727701386 221.76613811076544 218.63095797937405 224.32980890095521 221.5803773919755 -1.0 221.5803773919755 -1.0 1
23 0.0 nan 0.5 1.0 1.0 225.4853845021662 225.48634450588088 225.79968971835137 224.78150977856518 227.36838180766972 225.68237726441788 -1.0 225.68237726441788 -1.0 1
24 nan 0.0625 0.5 1.0 -1.0 229.36283950574568 229.36360750871742 229.67263270447188 227.81147350282802 232.2295044805847 229.50396005180318 -1.0 229.50396005180318 -1.0 1
25 nan 0.0 0.5 1.0 -1.0 233.534823648988 233.53559165195975 233.8426008399134 232.68320435369824 236.40100424766248 233.66864816681397 -1.0 233.66864816681397 -1.0 1
26 nan 0.0625 0.5 1.0 -1.0 239.24626974908603 239.24722975280068 239.74393567477446 236.934100802287 242.30136134357815 239.41964641995665 -1.0 239.72876761608256 -1.0 2
27 0.25 nan 0.5 1.0 1.0 245.14626057874653 245.14722058246122 245.9369196381543 242.7723633930938 247.50239931589266 245.646806515579 1.0 245.646806515579 1.0 1
28 0.125 nan 0.5 1.0 1.0 248.46278541184037 248.4638414159265 248.79101068188837 247.94879942300244 250.3462913864354 248.622818031077 -1.0 248.622818031077 -1.0 1
29 nan 0.0625 0.5 -1.0 1.0 252.6347695550827 252.63582555916884 254.42402447849727 250.78138638352772 255.97947938635266 253.54072506062317 1.0 254.37381628421969 1.0 3
30 nan 0.0625 0.5 -1.0 1.0 258.8188254839161 258.8197854876307 259.20676298501695 256.433984255916 260.78452220093305 259.0804264961655 1.0 259.0804264961655 1.0 1
31 nan 1.0 0.5 -1.0 1.0 261.72936474607314 261.73051675053074 261.9875097449497 261.23832284601593 263.5628012226424 261.7274447386438 -1.0 261.8283411290563 1.0 2
32 nan 0.0625 0.5 -1.0 1.0 267.1342816600748 267.13543366453246 267.481227002559 264.00409354799973 269.0459377352945 267.23009003079954 1.0 267.23009003079954 1.0 1
33 nan 0.125 0.5 -1.0 1.0 270.78469578513324 270.7857517892194 271.04226478178106 269.58593914661634 272.6015328917507 270.8988402268083 -1.0 270.8988402268083 -1.0 1
34 nan 1.0 0.5 -1.0 1.0 276.1958527232804 276.197004727738 276.40282952416464 273.04492853096826 277.9681152746786 276.24279690492807 1.0 276.24279690492807 1.0 1
35 nan 0.25 0.5 -1.0 1.0 281.629089746865 281.62995375020824 281.87139468444946 278.4480214379121 283.4348326613945 281.75465823274476 1.0 281.75465823274476 1.0 1
36 0.125 nan 0.5 1.0 1.0 284.929006515695 284.9299665194096 285.1727514588514 283.8939305105305 286.72901010123076 285.0712790662101 -1.0 285.0712790662101 -1.0 1
37 nan 0.0 0.5 -1.0 1.0 287.7498814309012 287.75093743498735 288.04786658393687 287.1925032741599 289.6121079160249 287.9100100505093 1.0 287.9100100505093 1.0 1
38 1.0 nan 0.5 1.0 1.0 292.20103465437154 292.20189865771476 292.47098769893864 290.07270641893314 294.0291600358812 292.32813914619476 -1.0 292.32813914619476 -1.0 1
39 nan 1.0 0.5 -1.0 1.0 296.7684443276892 296.7695963321468 297.0248613198794 294.554963762759 298.5789362043948 296.88892479388113 1.0 296.88892479388113 1.0 1
40 0.0625 nan 0.5 1.0 1.0 301.0673409620118 301.068204965355 301.40670227515005 299.03674110472747 302.96247362119004 301.17265336951186 -1.0 301.17265336951186 -1.0 1
41 1.0 nan 0.5 1.0 1.0 306.4172496631625 306.41811366650575 306.69718674636226 303.4211740700278 308.28469954708584 306.5740182697692 -1.0 306.5740182697692 -1.0 1
42 1.0 nan 0.5 1.0 1.0 310.26225654118593 310.26312054452916 310.48075338664637 308.73949864896565 312.06774768520165 310.34990488033594 -1.0 310.34990488033594 -1.0 1
43 nan 0.0 0.5 -1.0 1.0 313.69542182561304 313.6964778296992 317.75393352978057 312.52373729185 319.32883776175794 313.98323093927314 1.0 317.60724496217796 1.0 4
44 0.25 nan 0.5 1.0 1.0 321.53442815817766 321.53538816189234 321.8046692038592 319.7939414234687 323.3787193936883 321.65375661991203 -1.0 321.65375661991203 -1.0 1
45 0.0 nan 0.5 1.0 1.0 325.5014515083365 325.5026995131656 325.76948454547426 323.8486131127775 327.3451331257053 325.6312440105608 -1.0 325.6312440105608 -1.0 1
46 nan 1.0 0.5 -1.0 1.0 330.3677103380331 330.36867034174776 330.6405433937442 327.86373264904165 332.201535529938 330.49097481499757 1.0 330.49097481499757 1.0 1
47 nan 0.25 0.5 -1.0 1.0 333.41188211727314 333.4129381213593 333.6787631499533 332.6663432324552 335.2285357834788 333.54052261503983 1.0 333.54052261503983 1.0 1
48 nan 0.0625 0.5 1.0 -1.0 337.9836118073069 337.98457181102157 338.2766049410262 335.6861309173424 340.82842070128675 338.1141723125029 -1.0 338.1141723125029 -1.0 1
49 0.0625 nan 0.5 1.0 1.0 343.200175992489 343.2013279969466 343.53224127739566 341.2766165493911 345.09528525821065 343.37115265407294 -1.0 343.37115265407294 -1.0 1
50 0.25 nan 0.5 1.0 1.0 348.83347779021227 348.83453379429847 349.0707907084804 345.5592891209357 350.6338640259661 348.9540542567757 -1.0 348.9540542567757 -1.0 1
51 0.0625 nan 0.5 1.0 1.0 352.17841873326057 352.1794747373467 352.86453338814005 351.0877585130163 354.45087803850953 352.2593470464078 1.0 352.71218079862086 1.0 3
52 nan 0.25 0.5 -1.0 1.0 357.49482330476906 357.49578330848374 357.76084033410604 354.9180773342052 359.3284474174803 357.6328718389396 1.0 357.6328718389396 1.0 1
53 1.0 nan 0.5 1.0 1.0 361.98380067459766 361.98476067831234 362.20738553974587 359.8559524410166 363.7844419930065 362.0862330709537 -1.0 362.0862330709537 -1.0 1
54 nan 0.0625 0.5 -1.0 1.0 365.4616061317572 365.46275813621486 366.72823503290175 364.24393742006123 368.3014135701757 365.61031070716064 -1.0 366.6461547152969 1.0 3
55 0.125 nan 0.5 1.0 1.0 369.7780708340584 369.77903083777306 370.0593519224587 368.76401891024534 371.6334089171804 369.8814632341291 -1.0 369.8814632341291 -1.0 1
56 0.125 nan 0.5 1.0 1.0 374.5445852778 374.54602528337205 374.8230823554278 372.0983038120607 376.3948738806212 374.5146331619021 -1.0 374.5146331619021 -1.0 1
57 nan 0.0625 0.5 1.0 -1.0 381.4643880535617 381.4653480572764 381.7846452927779 376.8681782688037 384.3666538466976 381.62614867948474 -1.0 381.62614867948474 -1.0 1
58 nan 0.125 0.5 -1.0 1.0 385.3780351971845 385.37899520089917 385.84690101143264 384.84004911547964 387.4113466245362 385.50504368863625 -1.0 385.7071244705757 1.0 2
59 nan 1.0 0.5 -1.0 1.0 389.7673641814296 389.76822818477285 390.03760522711116 387.8808608817183 391.59466423373914 389.8735405922729 1.0 389.8735405922729 1.0 1
60 0.0 nan 0.5 1.0 1.0 392.75019172330184 392.751247727388 393.1314091984 392.1196612835021 394.69466064634105 392.97780860405175 -1.0 392.97780860405175 -1.0 1
61 0.25 nan 0.5 -1.0 -1.0 396.5332783617286 396.5342383654433 396.630238736911 395.14885700479323 399.1997576870922 396.48182216262194 1.0 396.48182216262194 1.0 1
62 0.125 nan 0.5 1.0 1.0 400.7944468500644 400.7955028541506 401.1056800543626 399.65175442848465 402.67786219602976 400.9628315016187 -1.0 400.9628315016187 -1.0 1
63 1.0 nan 0.5 1.0 1.0 405.0835514464973 405.084511450212 405.33843243274396 403.13915992279095 406.9160059607991 404.9071987641112 1.0 405.19270386885603 -1.0 2
64 nan 0.25 0.5 -1.0 1.0 410.0776827709888 410.0788347754464 410.3523398337578 407.3912083758373 411.9279170411856 410.20382725909735 1.0 410.20382725909735 1.0 1
65 nan 0.0 0.5 -1.0 1.0 412.98323001382954 412.98409401717277 413.23916700416237 412.390715721131 414.81650222112233 413.0360302181368 1.0 413.0360302181368 1.0 1
66 nan 0.25 0.5 -1.0 1.0 417.3111187603354 417.31207876405006 417.5664797484394 415.2710148662758 419.1442871831062 417.4616473427967 1.0 417.4616473427967 1.0 1
67 0.125 nan 0.5 1.0 1.0 420.5999954864465 420.60105149053265 420.8455644366608 419.6810799307579 422.42783469286337 420.72767598049853 -1.0 420.72767598049853 -1.0 1
68 1.0 nan 0.5 1.0 1.0 424.16602528498487 424.16698528869955 424.55425078720015 422.88634033332073 426.1275722919948 424.2704736891417 -1.0 424.52631467910305 -1.0 2
69 0.25 nan 0.5 1.0 1.0 428.5662983115773 428.56735431566347 428.86985148615815 426.60827473512256 430.4497783652115 428.72066690889733 -1.0 428.72066690889733 -1.0 1
70 0.0 nan 0.5 1.0 1.0 433.9277270573042 433.92859106064736 434.47742518432807 430.9262754433672 436.04408362308004 433.9674712110918 1.0 434.42846499487956 -1.0 2
71 nan 1.0 0.5 -1.0 1.0 437.1659155872804 437.1669715913665 437.40572451520666 436.52588111070537 438.9776734390595 437.2682519832649 1.0 437.2682519832649 1.0 1
72 0.25 nan 0.5 1.0 1.0 441.21636326024463 441.21722726358786 441.5342204901741 439.4448684055516 443.0942518226089 441.4045239883213 -1.0 441.4045239883213 -1.0 1
73 nan 0.125 0.5 -1.0 1.0 444.45013577313335 444.45128777759095 444.7486969283978 443.56626035303043 446.33308737864905 444.6070003801115 1.0 444.6070003801115 1.0 1
74 nan 0.125 0.5 -1.0 1.0 448.9774172911776 448.9781852941493 449.2303782699949 446.8898892136129 450.816975331614 449.1382179133859 1.0 449.1382179133859 1.0 1
75 nan 0.25 0.5 -1.0 1.0 453.84406012235996 453.84482812533173 454.08050903728486 451.2971702673225 455.6608757376762 453.95052453431765 1.0 453.95052453431765 1.0 1
76 1.0 nan 0.5 1.0 1.0 459.7162108442949 459.7171708480096 460.0000839427248 456.1407730093527 461.57746674047297 459.7076668112343 1.0 459.7076668112343 1.0 1
77 1.0 nan 0.5 1.0 1.0 465.54986541727123 465.5508254209859 465.79332235931327 462.0693719497106 467.360451394908 465.63626575159213 1.0 465.63626575159213 1.0 1
78 0.0 nan 0.5 1.0 1.0 470.0833869594608 470.08444296354696 470.47276446613375 467.8377462700889 472.0436122167403 470.2865237454864 -1.0 470.2865237454864 -1.0 1
79 nan 0.0625 0.5 1.0 -1.0 475.5321760432233 475.53304004656644 475.850705275753 472.5237164021692 478.4271829093255 475.6084963385401 1.0 475.723024781701 -1.0 2
80 nan 0.25 0.5 -1.0 1.0 479.4661752655972 479.4670392689404 479.6443519550412 478.91148511925695 481.21049055951374 479.4259511099523 1.0 479.4259511099523 1.0 1
81 nan 0.0625 0.5 -1.0 1.0 482.8332922944545 482.83434829854065 483.9981608018433 481.76048814330323 485.58286685988134 482.8230202547075 1.0 483.8916003895142 1.0 4
82 nan 0.125 0.5 -1.0 1.0 487.16041303798863 487.1613730417033 487.43689410781553 486.06476079842804 489.0102751959192 487.30940561450643 1.0 487.30940561450643 1.0 1
83 nan 1.0 0.5 -1.0 1.0 497.99933497854676 498.0002949822614 498.44880871775837 489.50157409697084 500.0270406922723 498.239143906473 1.0 498.239143906473 1.0 1
84 nan 0.125 0.5 1.0 -1.0 502.232471358414 502.2332393613857 502.5465845738562 500.54824084138505 505.13266880606017 502.2395753859026 1.0 502.2395753859026 1.0 1
85 0.25 nan 0.5 1.0 1.0 506.17703062164935 506.17799062536403 506.5711121465242 505.62406848199555 508.14338795970804 506.2748550001749 1.0 506.4361356242406 -1.0 2
86 nan 1.0 0.5 -1.0 1.0 511.81513243794603 511.81618844203217 512.0168292183996 508.61908807104413 513.5989047859775 511.91257281498577 1.0 511.91257281498577 1.0 1
87 nan 0.25 0.5 -1.0 1.0 516.1764293137227 516.1778693192947 516.4734544630436 514.0864052264998 518.0489234487969 516.3551820053955 1.0 516.3551820053955 1.0 1
88 1.0 nan 0.5 1.0 1.0 519.1432247935597 519.1441847972744 519.4078018173246 518.5408224626001 520.9654704755482 519.286361347418 -1.0 519.286361347418 -1.0 1
89 nan 0.125 0.5 -1.0 1.0 523.3600411102775 523.3610971143636 523.6490022283951 521.5349780483054 525.2160775932123 523.5382177997215 1.0 523.5382177997215 1.0 1
90 0.0 nan 0.8 -1.0 -1.0 528.060027296592 528.0610833006782 528.375100515749 525.6946741439999 530.9266560013926 528.0770193623418 1.0 528.3417883868497 1.0 2
91 1.0 nan 0.8 1.0 1.0 532.36516395506 532.3660279584033 532.5958528476968 531.4075602496699 534.1654399086268 532.4931324502264 -1.0 532.4931324502264 -1.0 1
92 nan 1.0 0.8 -1.0 1.0 535.543160252126 535.5440242554693 535.7945852249999 534.6509327997054 537.343239454968 535.6572086934297 1.0 535.6572086934297 1.0 1
93 0.25 nan 0.8 1.0 1.0 539.8491609139372 539.8500249172804 540.1912102374765 537.8359371238886 541.7600015028704 539.9969054856259 -1.0 539.9969054856259 -1.0 1
94 1.0 nan 0.8 1.0 1.0 543.7149998725691 543.7159598762838 543.9919609442534 542.2531062158594 545.5659603400953 543.8277043086722 -1.0 543.8277043086722 -1.0 1
95 nan 0.25 0.8 -1.0 1.0 548.8763638441573 548.8773238478719 549.1295168237176 546.0584649404666 550.7147390236507 549.0242044162176 1.0 549.0242044162176 1.0 1
96 0.125 nan 0.8 1.0 1.0 553.5264298373087 553.5272938406519 553.8487990846971 551.2173329023966 555.4163943196621 553.7245746040179 -1.0 553.7245746040179 -1.0 1
97 1.0 nan 0.8 1.0 1.0 557.3095164757354 557.3105724798215 557.598861595339 555.9969993970293 559.1648354170485 557.4446849987619 -1.0 557.4446849987619 -1.0 1
98 0.25 nan 0.8 1.0 1.0 560.6595454384715 560.6605054421861 560.9054023898002 559.6588375662924 562.4595926779057 560.7823299135787 -1.0 560.7823299135787 -1.0 1
99 1.0 nan 0.8 1.0 1.0 563.981734293482 563.9828862979396 564.2242312318093 562.958082332522 565.7764675037713 564.0954947336711 -1.0 564.0954947336711 -1.0 1
100 nan 0.25 0.8 -1.0 1.0 566.7817771280796 566.7828331321658 567.0580661971636 566.2800791867896 568.6096482634928 566.9242416793377 1.0 566.9242416793377 1.0 1
101 0.25 nan 0.8 1.0 1.0 572.7312081490461 572.7324561538751 572.9696730717718 569.1013381034817 574.5328023928231 572.8604246490415 -1.0 572.8604246490415 -1.0 1
102 nan 1.0 0.8 -1.0 1.0 577.6094670251761 577.6104270288907 577.8065557877992 575.0355050653847 579.3645283970023 577.64373915779 1.0 577.64373915779 1.0 1
103 0.0625 nan 0.8 1.0 1.0 580.4262139244092 580.4270779277524 580.7188230566427 579.8714277776975 582.276230130311 580.5646464600655 -1.0 580.5646464600655 -1.0 1
104 nan 0.25 0.8 -1.0 1.0 585.9818514216151 585.9828114253298 586.243932435722 582.7709269971358 587.8095111522099 586.0973398684907 1.0 586.0973398684907 1.0 1
105 0.0625 nan 0.8 1.0 1.0 591.2950879808652 591.2960479845799 591.5879851142131 588.3277164987993 593.1655062698273 591.4419685492107 -1.0 591.4419685492107 -1.0 1
106 nan 0.0625 0.8 -1.0 1.0 594.6758370624709 594.6767010658142 595.0778866181776 593.7790015922199 596.6485599953486 594.7417893176693 1.0 594.9140139840822 1.0 2
107 0.25 nan 0.8 1.0 1.0 599.7925608613267 599.7933288642985 600.1210741324891 597.1473666259063 601.6925764126265 599.9683375414841 -1.0 599.9683375414841 -1.0 1
108 nan 0.0625 0.8 1.0 -1.0 606.5316909379861 606.5325549413294 606.8259320765346 602.1972741662205 609.3925601704157 606.6588914301808 -1.0 606.6588914301808 -1.0 1
109 0.25 nan 0.8 1.0 1.0 610.5980746726141 610.5989386759572 610.8910678063334 609.9000559716726 612.4590426316129 610.7486992554468 -1.0 610.7486992554468 -1.0 1
110 nan 0.125 0.8 -1.0 1.0 616.6148979543507 616.6158579580654 616.8704509431977 612.9531557854591 618.4258469455532 616.6767221935759 1.0 616.6767221935759 1.0 1
111 0.25 nan 0.8 1.0 1.0 619.5972454943656 619.5982054980802 619.8717105563917 618.9204428755185 621.4310723170082 619.7370220352225 -1.0 619.7370220352225 -1.0 1
112 0.0 nan 0.8 -1.0 -1.0 622.4090963746538 622.4098643776256 626.6808249038511 621.9223744913128 629.242379597522 622.4570965603878 -1.0 626.5281843132175 1.0 7
113 0.25 nan 0.8 1.0 1.0 631.0479778022872 631.0491298067449 631.2864427250129 629.7398767406686 632.8589641464787 631.1681702673648 -1.0 631.1681702673648 -1.0 1
114 nan 0.25 0.8 -1.0 1.0 634.0632534697155 634.0644054741731 634.3517345859759 633.3618747557726 635.9254876755191 634.2336541290706 1.0 634.2336541290706 1.0 1
115 1.0 nan 0.8 1.0 1.0 637.2810899209405 637.2820499246552 637.5019867756877 636.4146865684448 639.0806066165658 637.3883223358699 -1.0 637.3883223358699 -1.0 1
116 0.25 nan 0.8 1.0 1.0 641.1754409898983 641.176400993613 641.4428020244359 639.5825068261352 643.0123881861243 641.304273488408 -1.0 641.304273488408 -1.0 1
117 1.0 nan 0.8 1.0 1.0 645.2256006617482 645.2266566658344 645.4959377078012 643.5122820321645 647.0589373773239 645.3667212078057 -1.0 645.3667212078057 -1.0 1
118 0.25 nan 0.8 1.0 1.0 648.6453258941698 648.6462858978845 648.9661591356148 647.5528416668676 650.5421425009154 648.8122705401521 -1.0 648.8122705401521 -1.0 1
119 0.125 nan 0.8 1.0 1.0 652.9649586087294 652.9660146128156 653.3211199868745 651.0356391433435 654.8919499987219 653.1124151793038 -1.0 653.1124151793038 -1.0 1
120 0.0 nan 0.8 1.0 1.0 656.9638540822156 656.9646220851872 657.2596312267075 655.401448036579 658.8317200741351 657.0979666011559 -1.0 657.0979666011559 -1.0 1
121 0.25 nan 0.8 1.0 1.0 661.4085752807975 661.4096312848836 661.6666242793026 659.338327270097 663.2478100126849 661.3540470698039 -1.0 661.5483518216545 -1.0 2
122 nan 0.25 0.2 -1.0 1.0 664.9919811465716 664.9929411502862 665.4787990302841 663.7577043706116 667.0416993618389 664.9002047914485 1.0 665.2166220158059 -1.0 2
123 nan 0.25 0.2 -1.0 1.0 668.1302332898499 668.1311932935646 668.5015627266869 667.5622950922472 670.0752201239599 668.0556410012196 1.0 668.3579461709712 1.0 2
124 nan 0.125 0.2 -1.0 1.0 672.9304438639767 672.9315958684343 673.2414850675319 670.5835227827064 674.7980813011696 673.0900924817274 1.0 673.0900924817274 1.0 1
125 nan 0.0 0.2 -1.0 1.0 676.524985772841 676.5258497761841 680.8047783332414 675.3128850826901 682.3749813196628 676.6727303445297 1.0 680.6511777388931 1.0 4
126 0.125 nan 0.2 1.0 1.0 684.8474499761169 684.848505980203 685.1399631079788 682.9961788127341 686.7083702021077 684.9906825303466 -1.0 684.9906825303466 -1.0 1
127 nan 0.0625 0.2 -1.0 1.0 688.5471122917381 688.5480722954528 689.0233701345893 687.2085791123643 690.5981673703301 688.6974488734566 -1.0 688.6974488734566 -1.0 1
128 nan 0.25 0.2 -1.0 1.0 692.2917987815779 692.293046786407 692.5418797492512 691.1021621783505 694.1144552759575 692.4348393350647 1.0 692.4348393350647 1.0 1
129 nan 0.0625 0.2 -1.0 1.0 695.5249952922378 695.5260512963239 695.9311728639175 694.6187517855828 697.5139796113752 695.7568361893323 1.0 695.7568361893323 1.0 1
130 nan 0.25 0.2 -1.0 1.0 698.5416149648665 698.5423829678383 698.8323040896707 698.0191809433395 700.4142195874829 698.7272796832851 1.0 698.7272796832851 1.0 1
131 nan 0.0 0.2 1.0 -1.0 703.4580819888407 703.4590419925554 704.5003580218653 700.9248241865516 707.0803325412747 703.4189138372819 1.0 704.348389433832 -1.0 3
132 nan 1.0 0.2 -1.0 1.0 709.5248254637406 709.5256894670838 709.7564743600922 707.5925299868392 711.3299685549614 709.6272578600966 1.0 709.6272578600966 1.0 1
133 nan 1.0 0.2 -1.0 1.0 713.7247457150801 713.7256097184232 713.952170595087 711.8423704313418 715.5249087868958 713.834762140782 1.0 713.834762140782 1.0 1
134 nan 0.0 0.2 -1.0 1.0 717.230967282194 717.2319272859087 719.5602242951143 716.0298106343904 721.1249514885493 717.4131759872397 1.0 719.4623039162173 1.0 5
135 nan 1.0 0.2 -1.0 1.0 722.8468930126817 722.8479490167679 723.0782539079188 721.647752372679 724.657947141279 722.7769087418817 -1.0 722.9369413611183 1.0 2
136 nan 0.0 0.2 -1.0 1.0 726.8470364909969 726.84790049434 728.1813456540261 725.2819424349593 729.758036815162 726.9898850437407 1.0 727.8295042925971 -1.0 3
137 nan 0.0 0.2 -1.0 1.0 730.9628604169307 730.9638204206452 731.138445096345 730.2911458177713 732.7081548792287 730.9959805450869 1.0 730.9959805450869 1.0 1
138 0.25 nan 0.2 1.0 1.0 735.1300445415995 735.1311965460571 735.4307177050363 733.2288531850537 737.013242769927 735.284893140777 -1.0 735.284893140777 -1.0 1
139 nan 0.25 0.2 -1.0 1.0 738.1244881284193 738.125448132134 738.3726490886633 737.5448378854975 739.9413731004144 738.2741527075374 1.0 738.2741527075374 1.0 1
140 nan 0.125 0.2 -1.0 1.0 741.180275952607 741.1811399559501 741.4954451721353 740.4697772033746 743.0578635980924 741.2904843790518 1.0 741.2904843790518 1.0 1
141 1.0 nan 0.2 1.0 1.0 746.7631775553098 746.7640415586529 747.1532270645829 743.5809572418992 748.730112801982 746.9669863439357 -1.0 746.9669863439357 -1.0 1
142 nan 0.25 0.2 -1.0 1.0 752.0242859128529 752.0254379173105 752.2430707594277 749.2609152201558 753.8078465488214 752.1174062731765 1.0 752.1174062731765 1.0 1
143 nan 0.25 0.2 -1.0 1.0 756.2142221255597 756.2153741300173 756.5323673566036 754.3438468882549 758.107560939575 756.3601426901905 1.0 756.3601426901905 1.0 1
144 nan 1.0 0.2 -1.0 1.0 760.7799997925624 760.7809597962771 760.9960966287362 758.6303594746581 762.5577129079861 760.8962562424098 1.0 760.8962562424098 1.0 1
145 0.125 nan 0.2 1.0 1.0 765.8136832700985 765.8146432738132 766.204404781972 763.088616725617 767.7800486198375 765.9019076114773 1.0 766.0330441189022 -1.0 2
146 nan 0.125 0.2 -1.0 1.0 771.9242029143877 771.9252589184739 772.1793719017488 768.3299490066379 773.7636339117834 772.0729074897912 1.0 772.0729074897912 1.0 1
147 0.125 nan 0.2 1.0 1.0 776.0241867790293 776.0252427831155 776.6300451233618 774.4414286546416 778.2239673194567 776.4770205312423 -1.0 776.4770205312423 -1.0 1
148 nan 0.25 0.2 -1.0 1.0 780.677804785925 780.6788607900111 781.1171984861325 778.7584693591716 782.6958735438582 781.0030540444574 1.0 781.0030540444574 1.0 1
149 nan 0.125 0.2 -1.0 1.0 785.490591408714 785.4918394135431 788.678859745527 783.2420707081981 790.2465713111868 786.4544351382494 1.0 788.5137391066027 1.0 4
150 nan 1.0 0.2 -1.0 1.0 791.3407580455828 791.341814049669 791.6206951287826 790.7930759263597 793.1906424072394 791.4765985712096 1.0 791.4765985712096 1.0 1
151 nan 1.0 0.2 -1.0 1.0 794.2624333508301 794.2634893549163 794.5202903485923 793.724831270611 796.0963597690846 794.3014095016459 -1.0 794.3014095016459 -1.0 1
152 nan 0.125 0.2 -1.0 1.0 804.6406495087148 804.641705512801 804.9068585387947 796.6307625149377 806.479182987462 804.8041381413243 1.0 804.8041381413243 1.0 1
153 0.125 nan 0.2 -1.0 -1.0 808.0069985346004 808.0080545386866 808.3270637730736 807.0543868485266 810.8905836288882 808.1470630765717 -1.0 808.1470630765717 -1.0 1
154 nan 0.125 0.2 -1.0 1.0 812.2951431273186 812.2960071306618 814.4263513739011 811.4253797618214 815.9905398201334 814.2649747494639 1.0 814.2649747494639 1.0 1
155 nan 0.25 0.2 -1.0 1.0 817.1798340283369 817.1806020313087 817.4869392166621 816.5243434919556 819.0738563571427 817.3391946449733 1.0 817.3391946449733 1.0 1
156 nan 0.25 0.2 -1.0 1.0 822.3609740764475 822.3619340801622 823.3008177131161 819.6059554160681 824.8770534769496 822.8733280589705 1.0 822.8733280589705 1.0 1
157 nan 0.0 0.2 -1.0 1.0 826.756735085581 826.7575990889242 827.4955539443962 825.4314499574697 829.0572277446857 827.110016452582 -1.0 827.110016452582 -1.0 1
158 nan 0.0625 0.2 1.0 -1.0 830.2119804554457 830.2129404591603 830.9305432358811 829.7281385832486 833.496317665621 830.360685030849 1.0 830.360685030849 1.0 1
159 nan 1.0 0.2 -1.0 1.0 834.8235502996384 834.8245103033531 835.0549111948756 834.0348112476601 836.6284010840634 834.9472947784603 1.0 834.9472947784603 1.0 1
160 nan 0.25 0.2 -1.0 1.0 839.7903215182616 839.7911855216049 840.0246584250143 837.1650953601065 841.594676033113 839.8996659413633 1.0 839.8996659413633 1.0 1
161 nan 0.125 0.2 -1.0 1.0 844.3401631236007 844.3411231273154 844.681156443054 842.1410826143907 846.2401696728622 844.5290918546492 1.0 844.5290918546492 1.0 1
162 nan 0.0 0.2 -1.0 1.0 847.71198417066 847.7131361751176 847.9802092085407 846.7811645689094 849.5452950314203 847.8517607115169 1.0 847.8517607115169 1.0 1
163 0.25 nan 0.8 1.0 1.0 852.2066255624052 852.2077775668628 852.5024027068971 850.0782973269668 854.0622981226734 852.2291856497001 1.0 852.2291856497001 1.0 1
164 0.125 nan 0.8 1.0 1.0 860.1898244529143 860.190784456629 860.5477138377458 854.6003948249518 862.1066854549471 860.4214733492659 -1.0 860.4214733492659 -1.0 1
165 nan 0.0 0.8 1.0 -1.0 863.9621590497367 863.96302305308 864.4916970987524 862.6628900222931 867.0617815347713 864.375632649648 -1.0 864.375632649648 -1.0 1
166 0.0 nan 0.8 -1.0 -1.0 868.0898870217325 868.0906550247041 868.3263359366573 867.6004771279902 870.895158033038 868.215839509098 1.0 868.215839509098 1.0 1
167 0.125 nan 0.8 1.0 1.0 872.3231194019711 872.3239834053144 872.6549926861348 871.4434679982128 874.228331455112 872.4890080438672 -1.0 872.4890080438672 -1.0 1
168 0.25 nan 0.8 1.0 1.0 877.9897333285937 877.9905973319369 878.2508543389858 874.7641208472797 879.8229831664332 878.1235578464197 -1.0 878.1235578464197 -1.0 1
169 0.0625 nan 0.8 1.0 1.0 882.5943911460408 882.5952551493841 882.8980403209931 880.3646865183326 884.473146469012 882.755959771221 -1.0 882.755959771221 -1.0 1
170 1.0 nan 0.8 1.0 1.0 887.0624404348895 887.0632084378612 887.3251934515965 885.1683531058322 888.8943949901405 886.9530000114163 1.0 887.1994329649739 -1.0 2
171 0.25 nan 0.8 1.0 1.0 890.7563427282228 890.757206731566 891.5906819566484 889.4324976056835 893.1564589626022 891.1399602126077 -1.0 891.471545495657 -1.0 2
172 1.0 nan 0.8 1.0 1.0 897.2285917722021 897.2295517759168 897.6531054148322 893.6844500583584 899.2118362901974 897.5019048297706 -1.0 897.5019048297706 -1.0 1
173 nan 0.125 0.8 -1.0 1.0 901.0393265176116 901.0404785220692 901.2979515183455 899.7620415752341 902.8615121102926 901.1908151037876 1.0 901.1908151037876 1.0 1
174 0.125 nan 0.8 1.0 1.0 905.5060318012597 905.5071838057173 905.869009205779 903.387303602968 907.422838854757 905.6774884647009 -1.0 905.6774884647009 -1.0 1
175 0.25 nan 0.8 1.0 1.0 909.5109752981482 909.5121273026059 909.7648962806802 907.9636413108323 911.3450642765575 909.6348157773415 -1.0 909.6348157773415 -1.0 1
176 nan 0.125 0.8 -1.0 1.0 913.9228643696883 913.9237283730315 914.2692337099437 911.8946645216906 915.844693362656 914.1578732790412 1.0 914.1578732790412 1.0 1
177 0.0 nan 0.8 1.0 1.0 916.9394840423171 916.9403480456604 917.358813664888 916.3847938959768 918.9274100272581 916.9528280939511 1.0 917.118044733247 -1.0 2
178 0.0 nan 0.8 -1.0 -1.0 920.0726481659077 920.0737041699938 920.8080110113501 919.4735098475779 923.372545509218 920.5181858898892 1.0 920.5181858898892 1.0 1
179 0.0625 nan 0.8 1.0 1.0 925.0111952753194 925.012347279777 925.2894043518328 923.910647016814 926.856088392754 925.1643158678104 -1.0 925.1643158678104 -1.0 1
180 nan 0.0625 0.8 -1.0 1.0 928.0620870805623 928.0629510839054 929.0908270612099 927.4042925352657 930.6560978086563 928.2809679275085 1.0 928.9306984416017 1.0 3
181 0.25 nan 0.8 1.0 1.0 931.8446937171317 931.8456537208464 932.1095587420109 931.1893951814933 933.6726946112065 931.9457821082871 1.0 931.9457821082871 1.0 1
182 0.25 nan 0.8 1.0 1.0 936.3607431917142 936.3618951961718 936.6265682203082 934.2041908470642 938.1892293879176 936.4770956419329 -1.0 936.4770956419329 -1.0 1
183 0.0 nan 0.8 1.0 1.0 939.3780348669433 939.3791868714009 939.6064197506648 938.7324323688231 941.1780386046838 939.3101626043156 -1.0 939.4501311459154 -1.0 2
184 0.25 nan 0.8 1.0 1.0 944.4389824499763 944.4398464533194 945.2735136791448 941.8742365258457 946.8391198900258 945.0235287118429 -1.0 945.0819929380667 1.0 2
185 0.25 nan 0.8 1.0 1.0 948.3105814308961 948.3115414346108 948.5991585475281 947.3950258882089 950.1755096281981 948.4602460100143 -1.0 948.4602460100143 -1.0 1
186 nan 0.125 0.8 -1.0 1.0 951.2722888910455 951.2731528943888 951.7922269029144 950.7295027907672 953.3558723135586 951.5060497955693 1.0 951.7004505477913 1.0 2
187 0.125 nan 0.8 1.0 1.0 955.628017745277 955.6290737493631 955.8636026568587 953.8982830521724 957.4280962500665 955.7506102196412 -1.0 955.7506102196412 -1.0 1
188 0.25 nan 0.8 1.0 1.0 959.6556173298319 959.6567693342895 959.9024342848753 957.9783948399202 961.4722837012648 959.796449874775 -1.0 959.796449874775 -1.0 1
189 nan 0.0625 0.8 1.0 -1.0 965.377143468934 965.3780074722772 965.7237048099323 962.0207784816811 968.2949461821581 965.5486001323753 -1.0 965.5486001323753 -1.0 1
190 1.0 nan 0.8 1.0 1.0 969.3888069918253 969.3896709951686 969.6552080226481 968.8501489075202 971.2222708651474 969.5295435363969 -1.0 969.5295435363969 -1.0 1
191 nan 0.25 0.8 -1.0 1.0 972.3436024252289 972.3446584293151 972.86171643004 971.761072171163 974.4222415637399 972.5395391833945 1.0 972.7599560362843 1.0 2
192 1.0 nan 0.8 1.0 1.0 976.5612827452899 976.5623387493761 976.7977316602148 974.9735326015859 978.3756968721245 976.6921312516004 -1.0 976.6921312516004 -1.0 1
193 1.0 nan 0.8 1.0 1.0 979.8388314275678 979.8399834320255 980.0770083491792 978.9226038822803 981.6387973355478 979.8986396589922 1.0 979.8986396589922 1.0 1
194 1.0 nan 0.8 1.0 1.0 984.4943694418929 984.4952334452361 984.7203543163278 982.1727924586901 986.2936466140935 984.5377616097962 1.0 984.5377616097962 1.0 1
195 nan 1.0 0.8 -1.0 1.0 988.2551839941391 988.2562399982253 988.5192810160468 986.8542505733113 990.088766089075 988.4081125858871 1.0 988.4081125858871 1.0 1
196 1.0 nan 0.8 1.0 1.0 991.9766383940837 991.9775023974269 992.2485114460801 990.6318651905644 993.8269771447485 992.090014832787 -1.0 992.090014832787 -1.0 1
197 0.25 nan 0.8 1.0 1.0 995.1386026291145 995.1395626328292 995.4245877357167 994.3807756967487 996.9936358549161 995.2834671896593 -1.0 995.2834671896593 -1.0 1
198 1.0 nan 0.8 1.0 1.0 999.0216256542392 999.0224896575824 999.2983947251805 997.7129485903918 1000.8719389331259 999.1364420985145 -1.0 999.1364420985145 -1.0 1
199 0.25 nan 0.8 1.0 1.0 1002.1766778625243 1002.1774458654961 1002.4754310185318 1001.4168349223577 1004.0606415565054 1002.3580225642268 -1.0 1002.3580225642268 -1.0 1
200 1.0 nan 0.8 1.0 1.0 1005.6550593219127 1005.6561153259988 1006.0247567524348 1004.6234393301211 1007.6108437979781 1005.8806601948618 -1.0 1005.8806601948618 -1.0 1
201 0.25 nan 0.8 1.0 1.0 1010.0551403477623 1010.056100351477 1010.2864052426279 1008.1757410755396 1011.8766955882683 1010.1761008158115 -1.0 1010.1761008158115 -1.0 1
202 0.0625 nan 0.8 1.0 1.0 1013.9549634378938 1013.9561154423513 1014.2877007254007 1012.439501573905 1015.8603419001975 1014.1211400809043 -1.0 1014.1211400809043 -1.0 1
203 nan 0.125 0.8 1.0 -1.0 1017.3383045295291 1017.3393605336151 1017.9407068604887 1016.4156449593532 1020.5101391450295 1017.5144652111723 1.0 1017.5144652111723 1.0 1
204 0.0625 nan 0.8 1.0 1.0 1021.6548652322017 1021.6560172366593 1021.9875065193372 1021.0651349502757 1023.5551803248612 1021.862034033829 -1.0 1021.862034033829 -1.0 1
205 0.0625 nan 0.8 1.0 1.0 1025.2433591176634 1025.2444151217496 1025.464351972782 1024.1073867220864 1027.0214841947654 1025.352703540765 -1.0 1025.352703540765 -1.0 1
206 nan 1.0 0.8 -1.0 1.0 1029.0106056947982 1029.0116616988842 1029.2664466847593 1027.5758801432137 1030.8428855248128 1029.1137100937544 1.0 1029.1137100937544 1.0 1
207 0.125 nan 0.8 1.0 1.0 1032.1550018618505 1032.1559618655651 1032.4588430375456 1031.3969829287416 1034.0268092883189 1032.312346470686 -1.0 1032.312346470686 -1.0 1
208 1.0 nan 0.8 1.0 1.0 1035.4545346291945 1035.4555906332805 1035.7447437521412 1034.588611278556 1037.3102612957662 1035.5765511013299 -1.0 1035.5765511013299 -1.0 1
209 0.0625 nan 0.8 1.0 1.0 1039.1380688824092 1039.1389328857524 1040.261273228581 1037.8707679786644 1041.825421291387 1039.3233495993418 1.0 1040.1521208062222 -1.0 4
210 nan 1.0 0.2 -1.0 1.0 1043.5712700364152 1043.5722300401299 1043.8577351448746 1042.3890254617907 1045.426809825622 1043.7046145523836 1.0 1043.7046145523836 1.0 1
211 nan 0.125 0.2 1.0 -1.0 1048.4713209968684 1048.4721850002115 1048.967834918099 1045.987503385885 1051.5545568354974 1048.8449544426205 -1.0 1048.8449544426205 -1.0 1
212 nan 0.0625 0.2 -1.0 1.0 1052.8099617849784 1052.8108257883216 1053.6645570917838 1052.1499592311382 1055.242858122292 1053.1059309302134 1.0 1053.6006208443864 1.0 3
213 nan 0.125 0.2 -1.0 1.0 1057.621212401824 1057.6221724055388 1057.9767017773688 1055.9976541195626 1059.5545777644188 1057.8006370960973 1.0 1057.8006370960973 1.0 1
214 nan 0.0625 0.2 -1.0 1.0 1060.7763606104809 1060.7774166145668 1061.1644901123245 1060.13267811979 1062.7432912214008 1061.014153530606 1.0 1061.014153530606 1.0 1
215 nan 0.125 0.2 -1.0 1.0 1063.8213003926926 1063.8220683956642 1064.1193815460997 1063.3150904339434 1065.7102994750032 1063.7438280929182 1.0 1063.9345808310245 -1.0 2
216 nan 0.125 0.2 -1.0 1.0 1068.9045200619062 1068.9053840652493 1069.218153275491 1066.283997921953 1070.810046811422 1069.107752848303 1.0 1069.107752848303 1.0 1
217 nan 0.25 0.2 -1.0 1.0 1072.0875083782885 1072.0883723816316 1072.2911251661712 1071.388049671775 1073.8711645184098 1072.1784207300682 1.0 1072.1784207300682 1.0 1
218 nan 0.0625 0.2 -1.0 1.0 1075.5097296203683 1075.510689624083 1082.0243148281647 1074.4551655397956 1083.5876639887094 1075.7142104115944 1.0 1081.8900103084816 1.0 4
219 nan 1.0 0.2 -1.0 1.0 1084.8266616716778 1084.8276216753925 1085.075110633036 1084.178467163528 1086.6421819351353 1084.8465337485716 -1.0 1084.8465337485716 -1.0 1
220 nan 0.125 0.2 -1.0 1.0 1090.1042820931132 1090.1052420968279 1090.3469710321835 1087.2215829386819 1091.9044218305316 1090.2262025648772 1.0 1090.2262025648772 1.0 1
221 nan 0.25 0.2 -1.0 1.0 1093.5590474611206 1093.5599114644638 1093.8041364094777 1092.4915233304 1095.3709207764769 1093.688263961116 1.0 1093.688263961116 1.0 1
222 nan 1.0 0.2 -1.0 1.0 1097.1600213948732 1097.1611733993307 1097.3991583201991 1095.9408166772337 1098.9873180344155 1097.2925019074985 1.0 1097.2925019074985 1.0 1
223 nan 0.125 0.2 -1.0 1.0 1100.1426569360024 1100.1435209393455 1100.3316816674223 1099.5700147201978 1101.9095492057081 1100.1089608056172 1.0 1100.1089608056172 1.0 1
224 nan 0.0 0.2 -1.0 1.0 1103.620654393905 1103.6214223968766 1104.2391847872711 1102.4901540195015 1105.8207699071197 1103.7473748842422 1.0 1103.7473748842422 1.0 1
225 0.0625 nan 0.2 1.0 1.0 1106.9593553128077 1106.960411316894 1107.5543656151644 1106.3949691289492 1109.1373761119637 1107.0430676367275 1.0 1107.312444679066 -1.0 2
226 nan 0.0625 0.2 -1.0 1.0 1110.5430491796963 1110.5441051837824 1112.9500664935053 1109.7047739360405 1114.5206380475006 1110.6931937606716 1.0 1112.8534901198088 1.0 4
227 nan 0.0 0.2 1.0 -1.0 1116.292223425781 1116.2930874291242 1117.262115178719 1115.1468429938002 1119.8204630780926 1116.6625928589033 1.0 1116.8997137764284 -1.0 2
228 nan 0.125 0.2 -1.0 1.0 1120.9589934835676 1120.9600494876538 1121.2274105221913 1120.4196633966624 1122.7872691106888 1121.1330421570385 1.0 1121.1330421570385 1.0 1
229 nan 1.0 0.2 -1.0 1.0 1124.5099512237857 1124.5110072278717 1124.7530241643417 1123.357466764316 1126.3261012721966 1124.636863714866 1.0 1124.636863714866 1.0 1
230 nan 1.0 0.2 -1.0 1.0 1127.7871159045778 1127.787979907921 1128.0450689027114 1126.9161045342514 1129.6089759529216 1127.9163324045733 1.0 1127.9163324045733 1.0 1
231 nan 0.0625 0.2 -1.0 1.0 1131.5705865444904 1131.5716425485766 1149.1238704658692 1130.202389250333 1150.6870559802903 1131.8392915842285 -1.0 1149.0527341906118 1.0 5
232 0.0625 nan 0.2 -1.0 -1.0 1151.7759767280354 1151.7771287324929 1152.0497697874612 1151.3012548911277 1154.6036638622772 1151.925737307525 1.0 1151.925737307525 1.0 1
233 nan 0.125 0.2 1.0 -1.0 1155.709303947809 1155.7104559522666 1156.3944585989739 1155.1822619084514 1158.958782974197 1156.103001471198 1.0 1156.103001471198 1.0 1
234 nan 0.0 0.2 1.0 -1.0 1161.3535497878797 1161.354413791223 1167.616422021688 1159.5573828377194 1170.1758798953515 1162.668754876987 1.0 1167.4506293801633 -1.0 5
235 nan 1.0 0.2 -1.0 1.0 1171.4697809320292 1171.4706449353723 1171.690005784176 1170.7832822756639 1173.2533141641825 1171.428308771555 -1.0 1171.428308771555 -1.0 1
236 1.0 nan 0.2 1.0 1.0 1174.3744641715266 1174.3753281748698 1174.7202575095532 1173.8499181418272 1176.2867337790528 1174.5493768483407 -1.0 1174.5493768483407 -1.0 1
237 nan 0.125 0.2 -1.0 1.0 1178.5593123645456 1178.5602723682603 1178.8076653255325 1176.8882338984079 1180.374567470332 1178.6290086342312 1.0 1178.6290086342312 1.0 1
238 0.0625 nan 0.2 1.0 1.0 1183.1198100111176 1183.1209620155753 1183.7577324795204 1180.9701696932134 1185.3248000621943 1183.3241948019722 1.0 1183.6337959999555 -1.0 2
239 nan 1.0 0.2 -1.0 1.0 1187.8533003270743 1187.854260330789 1188.1025172914044 1185.9379009155514 1189.6700321423962 1188.0033489076784 1.0 1188.0033489076784 1.0 1
240 nan 0.125 0.2 -1.0 1.0 1191.8090916337715 1191.8098596367433 1192.077700673138 1190.2695336765444 1193.6532531711196 1191.9525161887443 1.0 1191.9525161887443 1.0 1
241 nan 0.0625 0.2 -1.0 1.0 1194.7419989824805 1194.7428629858236 1195.02452807571 1194.2486530735082 1196.5863363384483 1194.893583569028 1.0 1194.893583569028 1.0 1
242 nan 0.0 0.2 -1.0 1.0 1198.0591958181747 1198.0601558218893 1201.1727758659858 1197.172728388042 1202.742696210483 1198.273756648405 1.0 1201.0024712070021 1.0 3
243 nan 0.0 0.2 -1.0 1.0 1204.0196668818598 1204.0208188863173 1204.3167880315523 1203.3516002968163 1205.8919969566325 1204.171635469893 1.0 1204.171635469893 1.0 1
244 nan 0.0 0.2 -1.0 1.0 1207.2862715217905 1207.2871355251336 1210.9819978221817 1206.4936924549534 1212.5421588395611 1207.4217280459313 1.0 1210.8820614354838 1.0 2
245 nan 1.0 0.2 -1.0 1.0 1218.2029537632375 1218.2040097673234 1218.422506612784 1213.1502622121507 1219.9920137648103 1218.3228582272004 1.0 1218.3228582272004 1.0 1
246 nan 0.125 0.2 -1.0 1.0 1221.169269241217 1221.1703252453033 1221.419062207776 1220.58731498938 1222.9897658318973 1221.304725765358 1.0 1221.304725765358 1.0 1
247 0.125 nan 0.2 1.0 1.0 1225.3194613001363 1225.3203253034794 1225.64087054381 1223.5789745654274 1227.2026390443866 1225.479493919373 -1.0 1225.479493919373 -1.0 1
248 nan 0.0 0.2 -1.0 1.0 1229.0909318936156 1229.0919878977015 1229.3856530340213 1227.797230887717 1230.9529796932366 1229.2454924916785 1.0 1229.2454924916785 1.0 1
249 0.125 nan 0.2 1.0 1.0 1232.9254747311488 1232.9262427341207 1233.299300177644 1231.554685426962 1234.8526809334644 1233.11065944771 -1.0 1233.11065944771 -1.0 1
250 nan 0.0 0.2 1.0 -1.0 1236.2727196831124 1236.2735836864556 1236.728913448327 1235.4624765479252 1239.3028185515282 1236.5181926329553 -1.0 1236.5181926329553 -1.0 1
251 0.25 nan 0.2 1.0 1.0 1240.5581762654294 1240.5593282698871 1240.7930891744109 1239.9162217814253 1242.3745278722133 1240.6959367984857 -1.0 1240.6959367984857 -1.0 1
252 nan 0.125 0.2 -1.0 1.0 1244.702704302432 1244.7035683057754 1245.0337135832526 1242.978825631987 1246.6253973305459 1244.7667365502011 1.0 1244.9323371909827 1.0 2
253 nan 0.25 0.2 -1.0 1.0 1249.6859875849477 1249.6871395894054 1251.0015766755407 1247.2541061749287 1252.5753939521412 1250.2037175882729 -1.0 1250.4521665496313 1.0 2
254 0.25 nan 0.8 1.0 1.0 1254.369269706627 1254.37013370997 1254.780439297623 1253.1974891724924 1256.3357714504048 1254.550518407958 -1.0 1254.550518407958 -1.0 1
255 nan 0.0625 0.8 1.0 -1.0 1258.1058921652634 1258.1067561686066 1261.090447713822 1256.937183643016 1263.6586456141752 1260.9755352691752 -1.0 1260.9755352691752 -1.0 1
256 0.125 nan 0.8 1.0 1.0 1265.4856327207267 1265.4864007236984 1265.7316816727982 1264.2779480476634 1267.291030992018 1265.6247372589833 -1.0 1265.6247372589833 -1.0 1
257 0.125 nan 0.8 1.0 1.0 1269.519088327941 1269.5200483316557 1269.8057454371435 1267.9076260924846 1271.3691447262697 1269.686992977638 -1.0 1269.686992977638 -1.0 1
258 0.0 nan 0.8 1.0 1.0 1273.1077742141458 1273.108638217489 1273.4833276673273 1271.9899458887762 1275.0523707342488 1273.3240630510625 -1.0 1273.3240630510625 -1.0 1
259 0.125 nan 0.8 1.0 1.0 1277.5068952362806 1277.5079512403668 1277.8007523733431 1275.6664721148738 1279.3692307327242 1277.6558878127985 -1.0 1277.6558878127985 -1.0 1
260 1.0 nan 0.8 1.0 1.0 1280.4742667183466 1280.4753227224328 1281.0108127944795 1279.9709367707414 1282.5902724800471 1280.534074949771 1.0 1280.6719314831985 -1.0 2
261 0.125 nan 0.8 1.0 1.0 1284.7018350766687 1284.7029870811264 1285.5641104131914 1283.2198773423222 1287.1413790050935 1285.2537412122363 -1.0 1285.4644620276079 -1.0 2
262 0.0625 nan 0.8 1.0 1.0 1288.5023937827025 1288.5032577860459 1288.8129549844004 1287.9699757225428 1290.3902103429666 1288.694010524152 -1.0 1288.694010524152 -1.0 1
263 0.0625 nan 0.8 1.0 1.0 1292.635209774386 1292.6362657784723 1293.075083476451 1291.0149155047545 1294.6522530970706 1292.7975464025378 1.0 1292.7975464025378 1.0 1
264 1.0 nan 0.8 1.0 1.0 1295.758005857858 1295.7588698612014 1295.9974307842986 1295.2695559678307 1297.5687552608922 1295.87848632405 -1.0 1295.87848632405 -1.0 1
265 1.0 nan 0.8 1.0 1.0 1299.9238459773267 1299.9248059810411 1300.1529028636485 1298.1883512619338 1301.740271402307 1300.0400064268024 -1.0 1300.0400064268024 -1.0 1
266 0.0625 nan 0.8 -1.0 -1.0 1304.751896659179 1304.7528566628937 1304.9965056056785 1302.3714714482664 1307.5687231501272 1304.8189049184634 1.0 1304.8189049184634 1.0 1
267 0.0625 nan 0.8 1.0 1.0 1308.7075919655047 1308.7084559688478 1308.9627609528657 1308.188325956236 1310.5353190835917 1308.8545685342217 -1.0 1308.8545685342217 -1.0 1
268 1.0 nan 0.8 1.0 1.0 1311.8913482848586 1311.8924042889448 1312.1504532874499 1311.1601134553894 1313.7235263743619 1312.0218127896833 -1.0 1312.0218127896833 -1.0 1
269 0.0625 nan 0.8 -1.0 -1.0 1315.518530320022 1315.519394323365 1315.8463715885841 1314.3473257881162 1318.4075757694266 1315.6974750124377 1.0 1315.6974750124377 1.0 1
270 0.0625 nan 0.8 1.0 1.0 1320.1853003778087 1320.1863563818947 1320.7514145683535 1319.021679875249 1322.3235922798453 1320.6246940780163 -1.0 1320.6246940780163 -1.0 1
271 0.125 nan 0.8 1.0 1.0 1324.301892306714 1324.302660309686 1324.5718453512814 1322.9385910315016 1326.135289701429 1324.4421488494283 -1.0 1324.4421488494283 -1.0 1
272 0.25 nan 0.8 1.0 1.0 1327.657873292481 1327.6590252969388 1327.9452984046554 1326.7670858456327 1329.5234408819827 1327.8197299187757 -1.0 1327.8197299187757 -1.0 1
273 0.25 nan 0.8 1.0 1.0 1330.6516448767006 1330.6526048804153 1330.9905261879817 1330.1498509350392 1332.5684854820918 1330.6836130003994 1.0 1330.6836130003994 1.0 1
274 0.125 nan 0.8 1.0 1.0 1336.740468437038 1336.7416204414958 1337.1223579147365 1333.201990745111 1338.7016971106775 1336.9115410989937 -1.0 1336.9945814203131 -1.0 2
275 0.125 nan 0.8 1.0 1.0 1341.090725270096 1341.0915892734392 1341.3433022474273 1339.3416945023264 1342.9223215708628 1341.2132217440887 -1.0 1341.2132217440887 -1.0 1
276 0.0625 nan 0.8 1.0 1.0 1344.484914403707 1344.4858744074218 1344.7317313587505 1343.5486227807828 1346.3072560788587 1344.6179709185615 -1.0 1344.6179709185615 -1.0 1
277 0.0 nan 0.8 1.0 1.0 1348.7183387846887 1348.719202788032 1348.9492196780686 1346.922459835643 1350.5183597257212 1348.844195271683 -1.0 1348.844195271683 -1.0 1
278 1.0 nan 0.8 1.0 1.0 1353.2900684747226 1353.2911244788086 1353.5382294349665 1351.1469561820782 1355.1181676399 1353.4197649765754 -1.0 1353.4197649765754 -1.0 1
279 nan 0.125 0.8 -1.0 1.0 1359.9901264001946 1359.9910864039093 1373.9376363692477 1355.7455659761229 1375.5013264601685 1360.336879741936 1.0 1373.8473960200681 1.0 3
280 1.0 nan 0.8 1.0 1.0 1380.2576288240793 1380.258588827794 1380.7142065907794 1376.2228292116642 1382.2898205915405 1380.5547499737718 -1.0 1380.5547499737718 -1.0 1
281 0.25 nan 0.8 1.0 1.0 1383.4846813109652 1383.48564131468 1383.7793064509995 1382.9531272541487 1385.351452245615 1383.6491299472893 -1.0 1383.6491299472893 -1.0 1
282 0.25 nan 0.8 1.0 1.0 1386.523669070146 1386.5246290738608 1386.923318616566 1385.9719549353213 1388.506523428674 1386.7503259471812 -1.0 1386.7503259471812 -1.0 1
283 1.0 nan 0.8 1.0 1.0 1389.8011217520525 1389.8018897550244 1390.0319066450609 1389.1749113289688 1391.6063459904822 1389.9223702212162 -1.0 1389.9223702212162 -1.0 1
284 0.125 nan 0.8 1.0 1.0 1393.0676303916118 1393.068494394955 1394.1625146282006 1392.2342511669008 1395.7345541532434 1393.6761767463454 1.0 1393.9998899989343 -1.0 2
285 nan 0.25 0.8 -1.0 1.0 1396.9227173086392 1396.923869313097 1397.3657590229625 1396.3650511507835 1398.9396316029822 1397.0943659728234 1.0 1397.0943659728234 1.0 1
286 0.0625 nan 0.8 1.0 1.0 1401.2843021855301 1401.2851661888735 1401.5865113549105 1399.5694475500031 1403.1730057668512 1401.4703509054345 -1.0 1401.4703509054345 -1.0 1
287 1.0 nan 0.8 1.0 1.0 1404.517690696933 1404.5188427013907 1404.7733396861515 1403.8142959751895 1406.3510311992643 1404.5034826419558 1.0 1404.5034826419558 1.0 1
288 nan 1.0 0.8 -1.0 1.0 1408.2214810285275 1408.2224410322422 1408.4959460905536 1406.9840362403093 1410.0725810872198 1408.3767136291908 1.0 1408.3767136291908 1.0 1
289 0.0625 nan 0.8 1.0 1.0 1411.534261847134 1411.535029850106 1411.8313829968265 1410.7031866313384 1413.3843129407999 1411.7120545350922 -1.0 1411.7120545350922 -1.0 1
290 0.0625 nan 0.8 1.0 1.0 1414.5227534109229 1414.5237134146375 1414.8340826155927 1414.0196154640607 1416.3841181638547 1414.711010139371 -1.0 1414.711010139371 -1.0 1
291 0.125 nan 0.8 1.0 1.0 1417.722733793055 1417.7236937967698 1418.0900312142903 1417.022315082827 1419.6568475245026 1417.8986064735839 -1.0 1417.8986064735839 -1.0 1
292 0.0 nan 0.8 1.0 1.0 1420.9342342197633 1420.9353862242208 1421.375931928886 1420.3073517940793 1422.9508383016366 1421.080730786623 -1.0 1421.080730786623 -1.0 1
293 0.25 nan 0.8 1.0 1.0 1426.221550678717 1426.2226066828032 1426.4837276931953 1423.596132519819 1428.055984160068 1426.359695213259 -1.0 1426.359695213259 -1.0 1
294 0.0 nan 0.8 1.0 1.0 1429.9673891730142 1429.9682531763576 1430.3346865942497 1428.7120883157029 1431.900497002586 1430.192510044106 -1.0 1430.192510044106 -1.0 1
295 0.0 nan 0.8 1.0 1.0 1433.3056100900599 1433.3065700937746 1433.5118188879724 1432.5474951565795 1435.0734005426036 1433.3459302460763 -1.0 1433.3459302460763 -1.0 1
296 0.125 nan 0.8 1.0 1.0 1436.750487419806 1436.7515434238921 1436.9907763495896 1435.7108993971826 1438.5558231825835 1436.7729515067294 -1.0 1436.7729515067294 -1.0 1
297 0.0625 nan 0.8 1.0 1.0 1439.6839707707438 1439.6849307744585 1440.0467561745202 1439.2026249082048 1441.6006087336689 1439.8741475066213 -1.0 1439.8741475066213 -1.0 1
298 0.0625 nan 0.8 1.0 1.0 1443.6232500135486 1443.6242100172633 1443.867666959305 1442.2436286751865 1445.4398283214678 1443.7356664485371 -1.0 1443.7356664485371 -1.0 1
299 1.0 nan 0.8 1.0 1.0 1447.0338552106807 1447.0348152143954 1447.2819201705531 1446.3097244087 1448.8340371763768 1447.1584636928458 -1.0 1447.1584636928458 -1.0 1
300 0.25 nan 0.8 1.0 1.0 1450.0063147124345 1450.0071787157776 1450.2591796908803 1449.4729366485599 1451.821754222461 1450.1388912254313 -1.0 1450.1388912254313 -1.0 1
301 0.125 nan 0.8 1.0 1.0 1452.9671581692405 1452.968502174441 1453.3239915499857 1452.4703562468953 1454.8839841529314 1453.1710629582378 -1.0 1453.1710629582378 -1.0 1
302 nan 0.0625 0.8 1.0 -1.0 1457.4389514725763 1457.4398154759197 1457.943433424639 1455.52988808557 1460.505606796444 1457.654856308007 -1.0 1457.844457041656 -1.0 2
303 0.125 nan 0.8 1.0 1.0 1462.233594025158 1462.2344580285012 1462.5166991206163 1461.1484058260874 1464.073397261295 1462.4170507350327 -1.0 1462.4170507350327 -1.0 1
304 nan 0.0 0.8 1.0 -1.0 1465.7004554399703 1465.701415443685 1466.0066966249522 1464.7274916751453 1468.5667746066115 1465.8556880406336 -1.0 1465.8556880406336 -1.0 1
305 nan 0.0 0.8 1.0 -1.0 1470.0720243554938 1470.0729843592085 1470.435385761499 1469.2112850249148 1473.0221267289041 1470.2951292187847 -1.0 1470.2951292187847 -1.0 1
306 1.0 nan 0.8 1.0 1.0 1474.350280909951 1474.3513369140371 1474.6032418887683 1473.6650302584146 1476.1835207489835 1474.496681476439 -1.0 1474.496681476439 -1.0 1
307 nan 0.0625 0.8 -1.0 1.0 1477.3221644094758 1477.3229324124475 1478.0350631679948 1476.8337145194482 1479.6055369305377 1477.4708689848792 -1.0 1477.7317979945285 1.0 3
308 0.25 nan 0.8 1.0 1.0 1480.8167699316423 1480.8176339349855 1481.0738589264326 1480.26783980759 1482.6336613659614 1480.970082524876 -1.0 1480.970082524876 -1.0 1
309 0.25 nan 0.8 1.0 1.0 1483.9383180102852 1483.939278014 1484.1939669995036 1483.286763489134 1485.7499940010155 1484.0907666001758 -1.0 1484.0907666001758 -1.0 1
310 nan 1.0 0.8 -1.0 1.0 1487.1549064566811 1487.1558664603958 1487.6519963801409 1486.4013995410314 1489.2224297392142 1487.347003199988 -1.0 1487.347003199988 -1.0 1
311 nan 1.0 0.8 -1.0 1.0 1490.4499272065664 1490.450887210281 1490.6759120810011 1489.8665329491573 1492.2334544937723 1490.5766476969036 1.0 1490.5766476969036 1.0 1
312 nan 0.0 0.8 -1.0 1.0 1494.0386130927711 1494.0395730964856 1509.8354742177773 1492.8926566585615 1511.4000428433665 1494.5067109040474 -1.0 1509.7159537553 1.0 4
313 nan 1.0 0.2 -1.0 1.0 1513.1548790620152 1513.1557430653584 1513.6128968342875 1512.0852429231225 1515.171554561823 1513.4935683725532 1.0 1513.4935683725532 1.0 1
314 nan 0.25 0.2 -1.0 1.0 1516.4832119407995 1516.484075944143 1517.2127187635824 1515.8221533828732 1518.7832973216648 1516.9370056967273 1.0 1517.1739346135096 1.0 2
315 nan 0.0625 0.2 -1.0 1.0 1521.8218885984886 1521.823040602946 1522.6729318915495 1519.4381033745747 1524.2497074389198 1522.5592674517318 1.0 1522.5592674517318 1.0 1
316 nan 0.125 0.2 1.0 -1.0 1525.6557594334217 1525.656623436765 1527.4510623802387 1524.9202045872364 1530.0164121004327 1526.4148343706167 1.0 1527.3357659341061 -1.0 2
317 0.125 nan 0.2 1.0 1.0 1531.2049649057394 1531.205924909454 1531.4564858789847 1530.6899229128153 1533.0328934491747 1531.3585655000877 -1.0 1531.3585655000877 -1.0 1
318 nan 0.0 0.2 1.0 -1.0 1536.0885038023 1536.089271805272 1536.4545532187065 1533.6959825445826 1539.021370880646 1535.9932714338042 -1.0 1536.3367607629154 -1.0 2
319 nan 0.125 0.2 -1.0 1.0 1541.96622254578 1541.9672785498663 1542.2527836546112 1539.948582738644 1543.8163734379757 1542.1425752281662 1.0 1542.1425752281662 1.0 1
320 nan 0.0625 0.2 1.0 -1.0 1547.0716183008026 1547.0725783045173 1547.3398433386833 1544.48776830275 1549.9056384552098 1547.170402683043 -1.0 1547.170402683043 -1.0 1
321 nan 0.125 0.2 1.0 -1.0 1554.2491820739551 1554.2501420776698 1554.6667836898393 1550.587343904692 1557.2219570806124 1554.4541428670386 1.0 1554.4541428670386 1.0 1
322 nan 1.0 0.2 -1.0 1.0 1558.3659660036035 1558.367118008061 1558.6027029196428 1557.9101562398748 1560.17100818978 1558.4869264716526 1.0 1558.4869264716526 1.0 1
323 nan 1.0 0.2 -1.0 1.0 1562.2326689655786 1562.2337249696648 1562.4616298515289 1560.8345195555232 1564.0328515600913 1562.3588134536872 1.0 1562.3588134536872 1.0 1
324 nan 0.0625 0.2 -1.0 1.0 1565.3852251642056 1565.3863771686633 1577.1446946667672 1564.6812544402333 1578.7160308051018 1568.171635946055 1.0 1577.0061661307395 1.0 4
325 0.25 nan 0.2 1.0 1.0 1580.004065730932 1580.0050257346468 1580.3051228958548 1579.4096314308042 1581.8826250533195 1580.1712983780287 -1.0 1580.1712983780287 -1.0 1
326 0.125 nan 0.2 1.0 1.0 1583.6542878552475 1583.6553438593337 1583.8917927742586 1582.542219552166 1585.470642684886 1583.776304327383 -1.0 1583.776304327383 -1.0 1
327 0.25 nan 0.2 1.0 1.0 1587.2158056363269 1587.2169576407846 1587.5186868083074 1586.1275454253694 1589.1043893083595 1587.3776622626215 -1.0 1587.3776622626215 -1.0 1
328 0.0625 nan 0.2 1.0 1.0 1591.082508598302 1591.0835646023882 1591.356973660328 1589.7770955470846 1592.93228533594 1591.2238211451024 -1.0 1591.2238211451024 -1.0 1
329 nan 0.0625 0.2 1.0 -1.0 1594.0875122259833 1594.0885682300693 1594.4779457367424 1593.59867833447 1597.0489980228513 1594.2895930079228 -1.0 1594.2895930079228 -1.0 1
330 0.125 nan 0.2 1.0 1.0 1598.355016738836 1598.3561687432934 1598.7422822373364 1597.7337983350685 1600.3157653821188 1598.5681375634942 -1.0 1598.5681375634942 -1.0 1
331 0.0625 nan 0.2 1.0 1.0 1601.6533975017223 1601.65454950618 1602.4199604678918 1600.9817789029346 1603.982312127647 1601.8519262699176 -1.0 1602.3015920098721 -1.0 2
332 nan 0.0625 0.2 1.0 -1.0 1605.1204509172776 1605.1215069213638 1614.2291581628738 1604.6532171093443 1616.7987405869465 1605.3622758530046 1.0 1614.0750775666681 -1.0 4
333 0.125 nan 0.2 1.0 1.0 1618.0205968336181 1618.0214608369613 1618.2953498967586 1617.4771387307396 1619.8653728985116 1618.186005473657 -1.0 1618.186005473657 -1.0 1
334 nan 0.0 0.2 1.0 -1.0 1621.1211208309098 1621.1220808346245 1621.4637461566779 1620.5268785315247 1624.032018586539 1621.328097631794 -1.0 1621.328097631794 -1.0 1
335 nan 0.0 0.2 1.0 -1.0 1625.3038570157564 1625.3047210190996 1625.6056821836507 1624.7046226970551 1628.182142513097 1625.4830897092866 -1.0 1625.4830897092866 -1.0 1
336 nan 0.0 0.2 1.0 -1.0 1629.5872975902728 1629.588353594359 1629.9064028250314 1628.8445427162274 1632.4820834769885 1629.7747863157492 -1.0 1629.7747863157492 -1.0 1
337 0.25 nan 0.2 1.0 1.0 1633.8374260358898 1633.838290039233 1634.1484672394452 1633.1446873553791 1635.715097125834 1633.9373624225875 1.0 1633.9373624225875 1.0 1
338 nan 0.125 0.2 -1.0 1.0 1637.003998288751 1637.0049582924657 1637.3538236423792 1636.3823958834978 1638.9375182768663 1637.2199991245534 1.0 1637.2199991245534 1.0 1
339 nan 0.25 0.2 -1.0 1.0 1640.2818349721435 1640.282986976601 1640.5823161348374 1639.6077203636974 1642.1487679989714 1640.4753717210224 1.0 1640.4753717210224 1.0 1
340 nan 0.0625 0.2 1.0 -1.0 1643.370646924116 1643.3716069278307 1649.9395683421633 1642.8202767944917 1652.5200391794706 1643.8021685938631 -1.0 1649.9238242812426 -1.0 2
341 nan 0.0 0.2 1.0 -1.0 1654.0484802413514 1654.0495362454376 1654.6452185503945 1653.4733420158884 1657.231893464055 1654.5095700255106 -1.0 1654.5095700255106 -1.0 1
342 nan 0.0 0.2 1.0 -1.0 1658.550609662071 1658.5514736654143 1686.1653085154915 1657.9075991739805 1688.7370761851553 1685.9826198085884 -1.0 1685.9826198085884 -1.0 1
343 nan 1.0 0.2 -1.0 1.0 1689.9980273459669 1689.9989873496816 1690.3733887984056 1689.4591772609188 1691.952486763003 1690.2526203310993 1.0 1690.2526203310993 1.0 1
344 nan 0.0625 0.2 1.0 -1.0 1693.2646319858975 1693.2656879899837 1693.6966336575022 1692.6296855290104 1696.2649127050252 1693.49829689005 -1.0 1693.49829689005 -1.0 1
345 nan 0.25 0.2 -1.0 1.0 1697.6530969667995 1697.6538649697713 1697.9571301432377 1696.944614225368 1699.5205779871471 1697.8305056532718 1.0 1697.8305056532718 1.0 1
346 nan 0.0625 0.2 -1.0 1.0 1700.964629780577 1700.9655897842918 1701.197430681386 1700.1902907843187 1702.764794254075 1701.0799262267096 1.0 1701.0799262267096 1.0 1
347 nan 0.125 0.2 -1.0 1.0 1704.7688365007266 1704.7698925048128 1705.1760700764926 1703.4449913781873 1706.7535170986473 1704.9435571767979 1.0 1704.9435571767979 1.0 1
348 1.0 nan 0.2 1.0 1.0 1708.8812044132876 1708.8821644170023 1709.1623895013165 1707.4479188672751 1710.731108077911 1709.0309649927772 -1.0 1709.0309649927772 -1.0 1
349 nan 0.125 0.2 -1.0 1.0 1711.901856101518 1711.9028161052327 1712.12438496258 1711.413502211862 1713.6976222834858 1711.9801924046358 1.0 1711.9801924046358 1.0 1
350 0.0625 nan 0.2 -1.0 -1.0 1715.0362682299376 1715.037132233281 1764.6958203845952 1714.3820256983854 1767.2637870780004 1715.1697087462778 1.0 1764.5762999221179 1.0 5
351 nan 0.0625 0.2 -1.0 1.0 1769.1690536935032 1769.1701096975892 1769.507743004041 1768.0352893064698 1771.0807366774843 1769.3464623799753 1.0 1769.3464623799753 1.0 1
352 nan 0.125 0.2 -1.0 1.0 1772.4860585284544 1772.4871145325403 1772.7522675585342 1771.7735437714211 1774.3304271997567 1772.6486831577206 1.0 1772.6486831577206 1.0 1
353 nan 0.0625 0.2 -1.0 1.0 1776.052760329593 1776.0537203333076 1776.426969777574 1775.0072202839385 1778.0020869559257 1776.2382330472685 1.0 1776.2382330472685 1.0 1
354 0.25 nan 0.2 1.0 1.0 1779.2470766898084 1779.248036693523 1779.655078268546 1778.6872985237803 1781.2195166026984 1779.438309429772 -1.0 1779.438309429772 -1.0 1
355 nan 0.25 0.2 -1.0 1.0 1782.4302570069337 1782.4314090113912 1782.7087540845614 1781.9127190043514 1784.269921794568 1782.5720495555913 1.0 1782.5720495555913 1.0 1
356 nan 0.0625 0.2 -1.0 1.0 1786.5970571301168 1786.5980171338315 1786.844258086646 1784.9442187345578 1788.40303846794 1786.7273296341984 1.0 1786.7273296341984 1.0 1
357 nan 0.125 0.2 -1.0 1.0 1790.4300639617068 1790.4310239654214 1790.703761020761 1789.074538716583 1792.2635705340056 1790.592304589487 1.0 1790.592304589487 1.0 1
358 nan 1.0 0.2 -1.0 1.0 1793.5186839129362 1793.519643916651 1793.75964484532 1792.9452736941598 1795.3350890459542 1793.6472284103315 1.0 1793.6472284103315 1.0 1
359 nan 0.125 0.2 -1.0 1.0 1797.147017952557 1797.1479779562717 1797.407466960349 1796.024389608614 1798.9802559592767 1797.2487783463127 1.0 1797.2487783463127 1.0 1
360 nan 0.25 0.2 -1.0 1.0 1800.185621710252 1800.1865817139667 1800.442998706157 1799.6684677091557 1802.0184301323818 1800.3252062503661 1.0 1800.3252062503661 1.0 1
361 nan 0.0625 0.2 -1.0 1.0 1803.2801936845126 1803.2812496885988 1803.6119709683048 1802.6964154256177 1805.1801427543921 1803.435234284433 1.0 1803.435234284433 1.0 1
362 nan 0.25 0.2 -1.0 1.0 1806.985808023165 1806.9868640272512 1807.2646891022785 1805.8567476543335 1808.830197706648 1807.1258725651362 1.0 1807.1258725651362 1.0 1
363 nan 0.125 0.2 -1.0 1.0 1810.5198696980046 1810.5208297017193 1811.1865922778477 1809.5373058960329 1812.7632244508927 1810.6796143161268 1.0 1810.6796143161268 1.0 1
364 0.25 nan 0.2 1.0 1.0 1814.4190207855358 1814.419884788879 1814.9282067558004 1813.7372261473722 1816.501887795858 1814.6751497766115 -1.0 1814.6751497766115 -1.0 1
365 nan 0.0 0.2 0.0 -1.0 1817.9300423712232 1817.9309063745663 1877.9320985455793 1817.19659953321 1880.4315012660015 1818.108795062896 1.0 1818.108795062896 1.0 1
366 nan 1.0 0.2 -1.0 1.0 1881.9128499488581 1881.9138099525728 1882.166962932133 1881.2323033155237 1883.7346472711174 1882.0662585424634 1.0 1882.0662585424634 1.0 1
367 nan 0.0625 0.2 1.0 -1.0 1884.9125735561086 1884.9137255605663 1885.6844165427087 1884.4329557002561 1888.246148885031 1885.3881593963595 -1.0 1885.5144958852109 -1.0 2
368 nan 0.25 0.2 -1.0 1.0 1889.684368020281 1889.6854240243672 1890.023057330819 1888.9336451154038 1891.5959059434933 1889.8902888170792 1.0 1889.8902888170792 1.0 1
369 1.0 nan 0.2 1.0 1.0 1892.8688923426068 1892.8700443470643 1893.1938536000248 1892.280218064767 1894.7685462748 1893.0440930205352 -1.0 1893.0440930205352 -1.0 1
370 nan 0.125 0.2 -1.0 1.0 1896.0292245713226 1896.0303765757803 1896.298409612918 1895.4741504234967 1897.8682441463266 1896.1346329791943 1.0 1896.1346329791943 1.0 1
371 nan 0.0 0.2 1.0 -1.0 1899.212404888448 1899.2133648921626 1899.630966508047 1898.5731384148446 1902.2018276262502 1899.5186460734299 -1.0 1899.5186460734299 -1.0 1
372 nan 0.0625 0.2 -1.0 1.0 1903.396005076638 1903.3969650803526 1903.7987266349448 1902.901123161722 1905.3625636857735 1903.6693181342064 1.0 1903.6693181342064 1.0 1
373 nan 1.0 0.2 -1.0 1.0 1906.6837297982913 1906.6845938016345 1906.9343867681935 1906.0658714075255 1908.501733178158 1906.8300343644082 1.0 1906.8300343644082 1.0 1
374 nan 0.125 0.2 -1.0 1.0 1909.8122859040516 1909.8132459077663 1911.1073309151504 1909.2251476321553 1912.6792109288383 1910.6278090596695 -1.0 1910.8940180897494 1.0 2
375 nan 0.25 0.2 -1.0 1.0 1914.7167528815921 1914.7176168849355 1915.026066078461 1913.3906997505092 1916.601925021184 1914.885425534261 1.0 1914.885425534261 1.0 1
376 nan 1.0 0.2 -1.0 1.0 1917.979037504807 1917.97990150815 1918.2374705047978 1917.3048268959894 1919.817610766799 1918.1340781047272 1.0 1918.1340781047272 1.0 1
377 nan 0.0625 0.2 -1.0 1.0 1921.0623774356056 1921.0632414389488 1927.5371224892433 1920.509031294466 1929.1173491447482 1921.2553381822556 1.0 1927.4392021103463 1.0 3
378 nan 0.125 0.2 -1.0 1.0 1930.3122052272593 1930.3134532320885 1935.8264665643628 1929.8359473844082 1937.417723552843 1935.4335370439455 1.0 1935.713186126031 1.0 2
379 0.125 nan 0.2 1.0 1.0 1938.6788296014104 1938.679789605125 1939.4972327681724 1938.1388275119048 1941.0787193417536 1939.0136788970897 -1.0 1939.4106404331085 -1.0 3
380 nan 0.0625 0.2 -1.0 1.0 1942.3159956752063 1942.3170516792925 1942.5819167041718 1941.7899136395633 1944.1623716410475 1942.3902039623508 1.0 1942.3902039623508 1.0 1
381 nan 0.0625 0.2 1.0 -1.0 1945.416999674355 1945.4180556784413 1945.8120412029448 1944.8964856602574 1948.3786789368307 1945.6486485707067 -1.0 1945.6486485707067 -1.0 1
382 nan 0.0625 0.2 -1.0 1.0 1949.7686005126136 1949.7696565166996 1950.1547140066566 1949.0995739238554 1951.7289144182107 1949.973945307183 1.0 1949.973945307183 1.0 1
383 nan 1.0 0.2 -1.0 1.0 1953.117477470892 1953.1183414742352 1953.4216066477015 1952.441922856874 1955.0001607871627 1953.2938301532781 1.0 1953.2938301532781 1.0 1
384 nan 0.125 0.2 -1.0 1.0 1956.245361574052 1956.2463215777666 1956.9970444826438 1955.7123675116634 1958.5668398677403 1956.3899381334822 1.0 1956.8574599425297 1.0 2
385 nan 1.0 0.2 -1.0 1.0 1959.911903761517 1959.912959765603 1960.2139209301542 1959.2728292886566 1961.7835388786966 1960.071840380382 1.0 1960.071840380382 1.0 1
386 0.0625 nan 0.2 1.0 1.0 1963.0953720797565 1963.0962360830997 1963.741454579734 1962.4865377239084 1965.3119804555968 1963.4681415221655 -1.0 1963.4681415221655 -1.0 1
387 0.0 nan 0.2 1.0 1.0 1966.533337382757 1966.5342013861002 1967.4401568916408 1966.0184873905757 1969.017913971537 1966.7568262475338 1.0 1967.0841875142385 -1.0 2
388 nan 0.0625 0.2 -1.0 1.0 1970.8118819383285 1970.8128419420432 2017.0548768728227 1970.0261188978654 2018.60001038457 1970.9981226589757 1.0 2017.0158047216353 1.0 5
389 nan 0.25 0.2 1.0 -1.0 2020.3447136026487 2020.3455776059918 2021.3979336780205 2019.4398141011943 2023.9498059344437 2020.5158822649755 -1.0 2021.1620607653244 -1.0 2
390 nan 1.0 0.2 -1.0 1.0 2025.2777886908866 2025.2788446949728 2025.6417260991207 2024.6654023212943 2027.211546385251 2025.4698854341934 1.0 2025.4698854341934 1.0 1
391 nan 1.0 0.2 -1.0 1.0 2028.9999150934314 2029.000875097146 2029.2427960332445 2027.9284549474808 2030.8110755077485 2029.137963627602 1.0 2029.137963627602 1.0 1
392 nan 0.25 0.2 -1.0 1.0 2032.166103344807 2032.167159348893 2032.4710965249596 2031.5282768767756 2034.0494927336752 2032.3508080595107 1.0 2032.3508080595107 1.0 1
393 nan 1.0 0.2 -1.0 1.0 2035.311075514088 2035.312131518174 2035.5716205222514 2034.7801934598717 2037.1446178485646 2035.457668081319 1.0 2035.457668081319 1.0 1
394 nan 0.125 0.2 1.0 -1.0 2038.3830874010537 2038.3841434051399 2065.844281660497 2037.871021419645 2068.415767339421 2038.6011042446569 1.0 2065.299863553904 -1.0 2
395 nan 0.125 0.2 -1.0 1.0 2070.9108932654467 2070.911949269533 2080.2216812929823 2069.2168707105284 2081.7941714737763 2073.8945848106623 -1.0 2080.008656468696 1.0 4
396 nan 0.0625 0.2 -1.0 1.0 2084.0315520350487 2084.0325120387633 2084.4230415498937 2082.538074256126 2085.993950962402 2084.219040760525 1.0 2084.219040760525 1.0 1
397 nan 0.25 0.2 -1.0 1.0 2087.9327191303805 2087.9338711348382 2088.187984118113 2086.7200424380007 2089.760892723073 2088.0857437225 1.0 2088.0857437225 1.0 1
398 nan 0.125 0.2 1.0 -1.0 2091.1158034471346 2091.1167634508492 2091.7061097312894 2090.487001014021 2094.2823523715815 2091.312220207157 1.0 2091.312220207157 1.0 1
399 nan 0.0625 0.2 1.0 -1.0 2095.51041245181 2095.5114684558966 2096.0458065234857 2094.9956584600004 2098.610475447318 2095.8886539153928 -1.0 2095.8886539153928 -1.0 1
400 nan 0.125 0.2 0.0 -1.0 2099.881789366591 2099.8827493703056 2159.8840375416903 2099.3276752224797 2162.3833879841945 2104.9982251643323 -1.0 2141.1203809368467 1.0 2
401 nan 0.125 0.2 -1.0 1.0 2163.8149647521773 2163.8160207562632 2164.6145518461312 2163.231090492911 2166.1765135226283 2164.3468068101083 1.0 2164.3468068101083 1.0 1
402 nan 0.25 0.2 -1.0 1.0 2173.0811126069802 2173.0819766103236 2173.3707457276982 2166.900416691148 2174.943220261742 2173.26552932057 1.0 2173.26552932057 1.0 1
403 nan 0.0625 0.2 -1.0 1.0 2177.74807466551 2177.749226669968 2178.2467965952846 2175.7018267476765 2179.8263185141186 2177.906091276946 1.0 2178.18305234863 1.0 2
404 nan 0.0 0.2 -1.0 1.0 2181.6317696932347 2181.632537696207 2189.1052066112507 2180.555413528339 2190.6983734026358 2186.940494235026 -1.0 2188.788117384293 1.0 2
405 nan 0.0 0.2 1.0 -1.0 2192.0764181081754 2192.077186111147 2192.3744992615825 2191.44617566949 2194.9430507289158 2192.1992025832824 -1.0 2192.1992025832824 -1.0 1
406 0.0 nan 0.8 -1.0 -1.0 2196.164689927498 2196.1658419319556 2196.5528194293415 2195.6756640352414 2199.1151836540967 2196.4230269271175 1.0 2196.4230269271175 1.0 1
407 0.0625 nan 0.8 1.0 1.0 2200.3926422873055 2200.3934102902776 2223.360059158347 2199.8323841194206 2224.942753128439 2223.2177866078323 -1.0 2223.2177866078323 -1.0 1
408 nan 0.25 0.8 -1.0 1.0 2228.1474056826974 2228.1482696860407 2228.55703926775 2225.717156278993 2230.146476417982 2228.464398909284 1.0 2228.464398909284 1.0 1
409 nan 0.125 0.8 1.0 -1.0 2232.0593248196337 2232.0602848233484 2232.539902679201 2230.8867762825275 2235.1259263648967 2232.402622148002 -1.0 2232.402622148002 -1.0 1
410 1.0 nan 0.8 1.0 1.0 2236.4643978647996 2236.465261868143 2236.753454983289 2235.8611315304966 2238.3259594561887 2236.614350445032 -1.0 2236.614350445032 -1.0 1
411 nan 0.125 0.8 -1.0 1.0 2239.597369987647 2239.5982339909906 2240.01026758533 2239.064663926373 2241.597507672366 2239.8150028297646 1.0 2239.8150028297646 1.0 1
412 0.0 nan 0.8 1.0 1.0 2243.358952542865 2243.3598165462085 2279.039890608114 2242.6660218616116 2280.608642184651 2244.252428000115 -1.0 2278.922482153809 -1.0 2
413 1.0 nan 0.8 1.0 1.0 2284.997193659541 2284.998249663627 2285.2368105867245 2281.4124437885666 2286.797592141624 2285.1318821807104 -1.0 2285.1318821807104 -1.0 1
414 0.0625 nan 0.8 1.0 1.0 2288.0584535049024 2288.0596055093597 2288.4456230030314 2287.5629955877575 2290.013726542189 2288.285398383052 -1.0 2288.285398383052 -1.0 1
415 nan 0.125 0.8 1.0 -1.0 2292.025188853947 2292.026244858033 2292.4678465667844 2290.747231908969 2295.0310787140606 2292.259621761071 -1.0 2292.259621761071 -1.0 1
416 nan 0.25 0.8 -1.0 1.0 2296.275029298449 2296.276181302907 2296.6465507360294 2295.7816833894767 2298.2085927160824 2296.453781990122 1.0 2296.453781990122 1.0 1
417 1.0 nan 0.8 1.0 1.0 2299.6301462808733 2299.6312022849593 2299.8796512463177 2298.949791648282 2301.441891995259 2299.7728988332456 -1.0 2299.7728988332456 -1.0 1
418 0.25 nan 0.8 1.0 1.0 2302.7470863416856 2302.748142345772 2303.0382554683474 2302.1925881960883 2304.5918187698603 2302.8953109152317 -1.0 2302.8953109152317 -1.0 1
419 0.25 nan 0.8 1.0 1.0 2306.329916205231 2306.330780208574 2306.929342524675 2305.3408243779995 2308.4803880841287 2306.471612753517 -1.0 2306.781981954472 -1.0 3
420 0.125 nan 0.8 1.0 1.0 2309.825097729626 2309.826057733341 2310.2632434250045 2309.2201993890085 2311.8248689497 2310.0924587641634 -1.0 2310.0924587641634 -1.0 1
421 0.125 nan 0.8 1.0 1.0 2313.0797983234947 2313.0810463283237 2313.3743274631574 2312.5719563584307 2314.941892860411 2313.2474149720774 -1.0 2313.2474149720774 -1.0 1
422 1.0 nan 0.8 1.0 1.0 2316.3308509032477 2316.331714906591 2316.5869798943236 2315.688800418872 2318.1476435705986 2316.4827234909094 -1.0 2316.4827234909094 -1.0 1
423 0.125 nan 0.8 1.0 1.0 2320.058161325852 2320.059025329195 2320.4154747084544 2318.8990528407508 2321.978738746942 2320.2572660962755 -1.0 2320.2572660962755 -1.0 1
424 0.125 nan 0.8 1.0 1.0 2323.30825390189 2323.3090219048618 2323.5477748287017 2322.7207316285076 2325.1082408083807 2323.424894353223 -1.0 2323.424894353223 -1.0 1
425 0.0625 nan 0.8 1.0 1.0 2326.38122579257 2326.3822817966566 2327.034508320408 2325.8432397108654 2328.5914321525224 2326.8842677390608 -1.0 2326.8842677390608 -1.0 1
426 0.25 nan 0.8 1.0 1.0 2329.8971433972024 2329.898007400546 2330.1744884703726 2329.330453204429 2331.7475198695133 2330.048919984493 -1.0 2330.048919984493 -1.0 1
427 1.0 nan 0.8 1.0 1.0 2332.9749153064563 2332.9759713105423 2333.7775744122973 2332.5047054870074 2335.3467668706544 2333.6917500802056 -1.0 2333.6917500802056 -1.0 1
428 nan 1.0 0.8 -1.0 1.0 2336.7746100091467 2336.7755700128614 2337.112435316342 2336.1032794114735 2338.674989258972 2336.9523066967336 1.0 2336.9523066967336 1.0 1
429 0.0625 nan 0.8 -1.0 -1.0 2340.012990539866 2340.013950543581 2343.130218601793 2339.4177882367667 2345.691429763147 2342.8480735100497 1.0 2342.8480735100497 1.0 1
430 0.25 nan 0.8 1.0 1.0 2347.246330528841 2347.2471945321845 2347.9334051874353 2346.461431491721 2349.4914334002156 2347.7151963430892 -1.0 2347.7151963430892 -1.0 1
431 0.125 nan 0.8 -1.0 -1.0 2350.9970650420832 2350.9981210461697 2365.2803843105303 2350.244230129034 2367.844954844739 2365.087807565366 1.0 2365.087807565366 1.0 1
432 0.0625 nan 0.8 0.0 -1.0 2369.1910554426377 2369.1920154463523 2429.1933036177365 2368.62935726918 2431.692664700428 nan 0.0 nan 0.0 0
433 0.125 nan 0.8 1.0 1.0 2434.1402987598376 2434.1413547639236 2434.756045142431 2432.561668651423 2436.307162842661 2434.5760444459293 -1.0 2434.5760444459293 -1.0 1
434 nan 0.25 0.8 1.0 -1.0 2437.6791604532505 2437.679928456222 2438.2599627006302 2437.0623580665706 2440.82381893722 2438.1171141478862 -1.0 2438.1171141478862 -1.0 1
435 0.125 nan 0.8 1.0 1.0 2442.1630498033915 2442.1642978082205 2442.4469229018214 2441.577927539296 2444.0123185610396 2442.3271144382297 -1.0 2442.3271144382297 -1.0 1
436 0.25 nan 0.8 1.0 1.0 2445.823543967454 2445.82459997154 2446.088120991219 2444.7634118653364 2447.662295639754 2445.968888529856 -1.0 2445.968888529856 -1.0 1
437 nan 1.0 0.8 -1.0 1.0 2449.223685124096 2449.2245491274393 2449.542694358483 2448.430914056516 2451.123793155061 2449.3364855605705 -1.0 2449.3364855605705 -1.0 1
438 1.0 nan 0.8 1.0 1.0 2452.728658686381 2452.729522689724 2452.9459075270124 2451.883183414865 2454.5235182464885 2452.833779093138 -1.0 2452.833779093138 -1.0 1
439 0.25 nan 0.8 1.0 1.0 2457.0602914473743 2457.061251451089 2457.3273644807973 2455.6192298712726 2458.912171674871 2457.215236046923 -1.0 2457.215236046923 -1.0 1
440 0.125 nan 0.8 1.0 1.0 2460.2736158811404 2460.2748638859694 2460.53982491122 2459.662477516377 2462.112347162854 2460.4185764420563 -1.0 2460.4185764420563 -1.0 1
441 0.0625 nan 0.8 1.0 1.0 2463.5902367146055 2463.591100717949 2463.854717737999 2462.8654339100244 2465.429077599895 2463.715805200485 -1.0 2463.715805200485 -1.0 1
442 0.0625 nan 0.8 1.0 1.0 2466.7231128370818 2466.7240728407965 2467.029258021692 2466.198086805525 2468.606880908754 2466.8792094410883 -1.0 2466.8792094410883 -1.0 1
443 1.0 nan 0.8 1.0 1.0 2470.0115095613355 2470.01246956505 2470.2393184428283 2469.3714750847603 2471.8124271611127 2470.1205659833226 -1.0 2470.1205659833226 -1.0 1
444 nan 0.0625 0.8 1.0 -1.0 2473.173185795252 2473.174049798595 2473.5244511544524 2472.5742394776653 2476.1065462961415 2473.3647065363302 -1.0 2473.3647065363302 -1.0 1
445 0.125 nan 0.8 1.0 1.0 2477.4118901966644 2477.413042201122 2493.822385696092 2476.877744129818 2495.378476219903 2479.5114183206624 -1.0 2479.5114183206624 -1.0 1
446 nan 1.0 0.2 -1.0 1.0 2496.706428855724 2496.7072928590674 2497.060382225325 2496.181978826396 2498.645815790437 2496.874525506164 1.0 2496.874525506164 1.0 1
447 nan 0.25 0.2 -1.0 1.0 2499.9898335606617 2499.9908895647477 2500.2917547289276 2499.409223314025 2501.878887767089 2500.1729062690506 1.0 2500.1729062690506 1.0 1
448 0.125 nan 0.2 1.0 1.0 2503.139797749259 2503.1408537533453 2503.4598629877323 2502.6452038354573 2505.039782753287 2503.323350459505 -1.0 2503.323350459505 -1.0 1
449 1.0 nan 0.2 1.0 1.0 2506.4449945385195 2506.445858541863 2506.7241636187478 2505.8046720608304 2508.2952293993694 2506.5919711072365 -1.0 2506.5919711072365 -1.0 1
450 nan 0.125 0.2 1.0 -1.0 2509.5563665777872 2509.5575185822445 2510.211857114168 2509.074444713019 2512.789772023885 2510.0770725926277 -1.0 2510.0770725926277 -1.0 1
451 nan 0.0625 0.2 1.0 -1.0 2514.1781124613553 2514.1791684654418 2565.0615733518543 2513.562174078019 2567.6273634787353 2564.8125483882673 1.0 2564.8125483882673 1.0 1
452 nan 0.25 0.2 -1.0 1.0 2569.0391567428746 2569.0401167465893 2569.623415003627 2568.4820665872476 2571.172439699949 2569.499670524805 1.0 2569.499670524805 1.0 1
453 nan 1.0 0.2 -1.0 1.0 2572.458881975296 2572.459841979011 2572.753795116445 2571.953728020633 2574.310864211923 2572.6330266491386 1.0 2572.6330266491386 1.0 1
454 nan 0.125 0.2 -1.0 1.0 2575.8055509250307 2575.806414928374 2576.115728125243 2575.087372146081 2577.672424886322 2575.9760475847575 1.0 2575.9760475847575 1.0 1
455 nan 0.125 0.2 -1.0 1.0 2578.962043138888 2578.9630991429744 2579.263292304554 2578.470137235488 2580.8224103585453 2579.124187766297 1.0 2579.124187766297 1.0 1
456 nan 0.0 0.2 -1.0 1.0 2582.2103117078686 2582.2113677119546 2582.509064863876 2581.6081973780233 2584.0770342482324 2582.3522962572692 1.0 2582.3522962572692 1.0 1
457 nan 0.0625 0.2 -1.0 1.0 2585.3556678786354 2585.356723882722 2585.6909011758007 2584.8570419492326 2587.2720814569248 2585.529044549506 1.0 2585.529044549506 1.0 1
458 nan 0.125 0.2 -1.0 1.0 2588.7107848610594 2588.7116488644024 2589.030562098418 2588.057790334336 2590.6109124047516 2588.8779215077843 1.0 2588.8779215077843 1.0 1
459 nan 1.0 0.2 -1.0 1.0 2591.988717544823 2591.9899655496524 2592.264334611307 2591.3911152324367 2593.838794400473 2592.1306060938523 1.0 2592.1306060938523 1.0 1
460 nan 1.0 0.2 -1.0 1.0 2595.210394010907 2595.2112580142502 2595.5348752664677 2594.624983745697 2597.110017652071 2595.3834826806633 1.0 2595.3834826806633 1.0 1
461 0.0625 nan 0.2 -1.0 -1.0 2598.522214825799 2598.523270829885 2598.6342472593014 2597.8931243915713 2601.188791799178 2598.463270597718 1.0 2598.463270597718 1.0 1
462 nan 0.0625 0.2 0.0 -1.0 2602.6604068382844 2602.661270841628 2662.6625590130125 2601.9764041915773 2665.161833167711 nan 0.0 nan 0.0 0
463 nan 0.25 0.2 -1.0 1.0 2666.5879182019544 2666.5887822052973 2666.952047610931 2666.0378360734444 2668.504839596772 2666.7842389616058 1.0 2666.7842389616058 1.0 1
464 0.25 nan 0.2 1.0 1.0 2670.0597716360826 2670.060827640169 2670.3241566591046 2669.3189367694667 2671.871577220107 2670.212124225602 -1.0 2670.212124225602 -1.0 1
465 nan 0.25 0.2 -1.0 1.0 2673.2264398893153 2673.2274958934017 2673.5320090716973 2672.6516856653384 2675.088089016193 2673.3968405486708 1.0 2673.3968405486708 1.0 1
466 nan 0.125 0.2 -1.0 1.0 2676.4602124022044 2676.4610764055474 2676.767221590158 2675.8727861291936 2678.3266350172885 2676.613908996924 1.0 2676.613908996924 1.0 1
467 nan 0.0625 0.2 -1.0 1.0 2679.637920698156 2679.638784701499 2680.090946451112 2679.1092466524833 2681.654637568046 2679.8814736405693 1.0 2679.8814736405693 1.0 1
468 nan 0.0625 0.2 -1.0 1.0 2683.9431533569955 2683.9440173603384 2684.330994857725 2682.8228290219677 2685.90835672311 2684.121234046068 1.0 2684.121234046068 1.0 1
469 nan 0.125 0.2 -1.0 1.0 2687.371038620992 2687.3719986247065 2687.685439837548 2686.691259990629 2689.2603362887276 2687.5565113386674 1.0 2687.5565113386674 1.0 1
470 nan 1.0 0.2 -1.0 1.0 2693.1545810000616 2693.155637004148 2693.3881499038425 2690.0444569656233 2694.954585830669 2693.279861484827 1.0 2693.279861484827 1.0 1
471 nan 0.0625 0.2 -1.0 1.0 2696.4743698457855 2696.4753298495 2697.23603679301 2695.765887104354 2698.8093082254086 2696.6296024464486 1.0 2696.6296024464486 1.0 1
472 nan 0.0625 0.2 -1.0 1.0 2700.2876966012245 2700.288560604568 2700.625425908048 2699.6033099530314 2702.2046230186565 2700.475857329301 1.0 2700.475857329301 1.0 1
473 0.125 nan 0.8 1.0 1.0 2704.7937620371745 2704.794530040146 2705.1788195271315 2703.0185231679943 2706.7600670593906 2705.007170862947 -1.0 2705.007170862947 -1.0 1
474 0.0625 nan 0.8 0.0 -1.0 2708.1877591700427 2708.1885271730143 2768.1901033455133 2707.5513727075836 2770.689232031915 2718.839672386982 1.0 2718.839672386982 1.0 1
475 0.0 nan 0.8 1.0 1.0 2772.2871111986396 2772.2880712023543 2773.156490562651 2771.5736364378918 2774.740838913194 2772.9901219188973 -1.0 2772.9901219188973 -1.0 1
476 0.125 nan 0.8 1.0 1.0 2776.2369504823055 2776.238102486763 2776.499799499384 2775.5388357809925 2778.0755485966506 2776.3852710562232 -1.0 2776.3852710562232 -1.0 1
477 0.25 nan 0.8 1.0 1.0 2779.6369956385765 2779.6380516426625 2780.2701180884055 2778.8868487359277 2781.8370167910966 2780.044613215828 -1.0 2780.044613215828 -1.0 1
478 nan 0.0625 0.8 1.0 -1.0 2783.1258411384547 2783.126705141798 2783.5324027116203 2782.626831207566 2786.106970474347 2783.426994303749 -1.0 2783.426994303749 -1.0 1
479 0.0625 nan 0.8 1.0 1.0 2787.4203217556897 2787.421377759776 2812.9177324163907 2786.900575744564 2814.486507764357 2810.8660124773833 -1.0 2812.8414121210735 -1.0 5
480 0.125 nan 0.8 1.0 1.0 2816.958196050722 2816.959156054437 2817.589206492379 2815.342509798921 2819.153250655031 2817.153844807773 -1.0 2817.423989853083 -1.0 2
481 nan 1.0 0.8 -1.0 1.0 2820.4757456616694 2820.4768016657554 2820.7624987712434 2819.9594556639163 2822.353255911007 2820.63213026679 1.0 2820.63213026679 1.0 1
482 nan 0.0625 0.8 -1.0 1.0 2823.758574364378 2823.759438367721 2824.1068637120625 2823.147051998129 2825.6865739603813 2823.909390947954 1.0 2823.909390947954 1.0 1
483 nan 0.125 0.8 -1.0 1.0 2827.02527500468 2827.026139008023 2827.2994520655916 2826.4827769055164 2828.88624629177 2827.1945236595775 1.0 2827.1945236595775 1.0 1
484 0.0625 nan 0.8 1.0 1.0 2830.391720030937 2830.3927760350234 2830.8473377939226 2829.682565286905 2832.425141774227 2830.6375769822657 -1.0 2830.6375769822657 -1.0 1
485 0.0625 nan 0.8 -1.0 -1.0 2833.9698458762805 2833.9707098796234 2836.804352844235 2833.228531007807 2839.374810786398 2836.3308790121564 -1.0 2836.5946880329498 1.0 2
486 1.0 nan 0.8 1.0 1.0 2840.819664381242 2840.820624384957 2841.0678253414862 2840.1871179336417 2842.636333416721 2840.963376937329 -1.0 2840.963376937329 -1.0 1
487 0.25 nan 0.8 1.0 1.0 2843.941596461371 2843.9426524654573 2844.6010230129823 2843.4462345445977 2846.1745450209787 2844.319933925325 -1.0 2844.319933925325 -1.0 1
488 0.125 nan 0.8 1.0 1.0 2849.0696483040597 2849.0706083077744 2849.463729828935 2846.9887442521267 2851.036179538285 2849.3215532787913 -1.0 2849.3215532787913 -1.0 1
489 nan 0.125 0.8 -1.0 1.0 2852.5914219313518 2852.5922859346947 2852.9407672831226 2851.8578830929673 2854.508748460593 2852.7868786876597 1.0 2852.7868786876597 1.0 1
490 0.0 nan 0.8 1.0 1.0 2855.7862182934246 2855.7872742975105 2856.3030842934063 2855.317064478062 2857.875368273794 2855.9246508290807 1.0 2856.1302836247646 -1.0 2
491 0.0625 nan 0.8 1.0 1.0 2859.319415964921 2859.3205679693783 2859.98393053622 2858.6893655269787 2861.5580108839404 2859.777625737936 -1.0 2859.777625737936 -1.0 1
492 1.0 nan 0.8 1.0 1.0 2862.9362299599657 2862.9371899636803 2863.25178318098 2862.3604197319023 2864.8241812253395 2863.097318583288 -1.0 2863.097318583288 -1.0 1
493 0.0625 nan 0.8 1.0 1.0 2867.085846016656 2867.0868060203707 2867.6030000177525 2865.6428644331254 2869.190903921813 2867.477527532244 -1.0 2867.477527532244 -1.0 1
494 0.25 nan 0.8 -1.0 -1.0 2870.6860519474367 2870.6872039518944 2872.1764577144727 2870.0078093230177 2874.7359510530837 2871.927144749771 1.0 2871.927144749771 1.0 1
495 1.0 nan 0.8 1.0 1.0 2876.0575607321675 2876.058424735511 2887.586629343207 2875.560854810194 2889.139400708595 2887.4085486541344 -1.0 2887.4085486541344 -1.0 1
496 1.0 nan 0.8 1.0 1.0 2890.7189294634545 2890.7199854675405 2891.8573018683182 2889.9874066328707 2893.4026153946024 2891.7356693976685 -1.0 2891.7356693976685 -1.0 1
497 0.0625 nan 0.8 -1.0 -1.0 2894.8081612864917 2894.8090252898346 2936.2217615339327 2894.221215015338 2938.7910265415976 2899.1596661243784 1.0 2936.12345715355 1.0 2
498 nan 0.125 0.8 -1.0 1.0 2941.7852710615994 2941.786039064571 2943.3368290652597 2940.079632461733 2944.9074077313758 2943.0046677799814 1.0 2943.0046677799814 1.0 1
499 nan 1.0 0.8 -1.0 1.0 2946.4687451840214 2946.469705187736 2946.7222821650676 2945.7397183630956 2948.2742452696493 2946.608233723764 1.0 2946.608233723764 1.0 1
500 1.0 nan 0.8 1.0 1.0 2949.618709372619 2949.6196693763336 2950.427512502234 2949.0968513533203 2951.9901367224275 2950.3241201021633 -1.0 2950.3241201021633 -1.0 1
501 1.0 nan 0.8 1.0 1.0 2953.435108139945 2953.4362601444022 2953.7589173929055 2952.810529723176 2955.3069901175154 2953.6087728119296 -1.0 2953.6087728119296 -1.0 1
502 0.125 nan 0.8 1.0 1.0 2956.6684006509763 2956.6692646543192 2957.33061121336 2956.140206607161 2958.9076771673936 2957.151570520573 -1.0 2957.151570520573 -1.0 1
503 1.0 nan 0.8 1.0 1.0 2960.3015347091705 2960.3025907132564 2960.533375606265 2959.7319645052526 2962.106688563169 2960.4359352292254 -1.0 2960.4359352292254 -1.0 1
504 1.0 nan 0.8 1.0 1.0 2963.518411156681 2963.5191791596526 2963.789612206077 2962.933192892214 2965.3568528153546 2963.678923777775 -1.0 2963.678923777775 -1.0 1
505 0.25 nan 0.8 1.0 1.0 2966.818327925511 2966.819191928854 2967.0730169110143 2966.1956695161716 2968.640373001948 2966.9615604797405 -1.0 2966.9615604797405 -1.0 1
506 1.0 nan 0.8 1.0 1.0 2970.1851569532537 2970.1862129573396 2970.4791100906878 2969.46477016576 2972.0573649943644 2970.350661593664 -1.0 2970.350661593664 -1.0 1
507 1.0 nan 0.8 1.0 1.0 2973.385041335014 2973.385809337986 2973.684466493622 2972.8829593922383 2975.256483448414 2973.552753983968 -1.0 2973.552753983968 -1.0 1
508 nan 0.0625 0.8 -1.0 1.0 2976.5849257167747 2976.586173721604 2977.04707150502 2976.081787769913 2978.6236388459315 2976.8904948991567 1.0 2976.8904948991567 1.0 1
509 0.0625 nan 0.8 1.0 1.0 2980.1516275179133 2980.1524915212567 3007.184276119125 2979.4501528035994 3008.7565797865886 2980.487724818422 1.0 3006.709842283332 -1.0 2
510 1.0 nan 0.8 1.0 1.0 3010.1845757286046 3010.1856317326906 3010.4841928879555 3009.6538856751313 3012.051379859982 3010.3565123939034 -1.0 3010.3565123939034 -1.0 1
511 0.25 nan 0.8 1.0 1.0 3013.403852185402 3013.4049081894877 3013.750605527143 3012.8800741586742 3015.3227687968392 3013.5690688246978 -1.0 3013.5690688246978 -1.0 1
512 0.125 nan 0.8 0.0 -1.0 3016.7510971373654 3016.752249141823 3076.7535373132073 3016.1710628929577 3079.2528504834963 nan 0.0 nan 0.0 0
513 0.25 nan 0.8 0.0 -1.0 3080.7390887350593 3080.7401447391458 3140.74143291053 3080.171054537085 3143.240738065826 3115.779704322619 -1.0 3118.322562162055 -1.0 6
514 0.125 nan 0.8 1.0 1.0 3144.838824765142 3144.8397847688566 3145.442091099445 3144.1783422094445 3147.022040766872 3145.321610633253 -1.0 3145.321610633253 -1.0 1
515 0.0625 nan 0.8 1.0 1.0 3149.0664891238357 3149.0674491275504 3158.632830140218 3147.860436457087 3160.222258190461 3157.4121854170066 -1.0 3158.5058216487664 -1.0 3
516 nan 1.0 0.8 -1.0 1.0 3162.2830522645336 3162.2840122682483 3162.6488136798257 3161.111463731142 3164.2379914017 3162.472844998925 1.0 3162.472844998925 1.0 1
517 nan 1.0 0.8 -1.0 1.0 3165.6997054850685 3165.700665488783 3166.0782349497654 3165.0902951269914 3167.671628974924 3165.9346183940497 1.0 3165.9346183940497 1.0 1
518 0.0 nan 0.8 0.0 -1.0 3169.916425801415 3169.9172898047577 3229.9185779761424 3168.555236534374 3232.4179230906925 3170.2349550339445 1.0 3170.2349550339445 1.0 1
519 0.125 nan 0.8 0.0 -1.0 3233.9212174641157 3233.9221774678304 3293.9238496407006 3233.378527364209 3296.4228201770625 nan 0.0 nan 0.0 0
520 0.0625 nan 0.8 1.0 1.0 3297.870040910251 3297.871096914337 3298.9279650038247 3297.344822877951 3300.4870727075445 3298.8203485874096 -1.0 3298.8203485874096 -1.0 1
521 0.125 nan 0.8 1.0 1.0 3301.998056883361 3301.999112887447 3302.694347577616 3301.3325823083474 3304.248336842511 3302.376586348058 -1.0 3302.5669550846787 -1.0 2
522 0.125 nan 0.8 -1.0 -1.0 3305.736983350913 3305.7381353553706 3310.9557555446386 3305.0993488836243 3313.5148482083196 3310.7879468953133 1.0 3310.7879468953133 1.0 1
523 0.125 nan 0.8 -1.0 -1.0 3316.8861784920546 3316.8873304965123 3350.2188514708328 3314.388344826837 3352.8033293299363 3321.7987095007984 -1.0 3350.115459070762 1.0 5
524 0.0625 nan 0.8 -1.0 -1.0 3354.431251770463 3354.432115773806 3380.6222651150174 3353.711632985941 3383.202309221142 3380.4695285240123 1.0 3380.4695285240123 1.0 1
525 0.0 nan 0.8 0.0 -1.0 3386.364239333242 3386.3652953373285 3446.3665835087127 3384.106214595951 3448.865867229725 3397.4247301311475 1.0 3409.2519758959656 -1.0 3
526 1.0 nan 0.8 1.0 1.0 3450.5636237489084 3450.564583752623 3451.3678188606928 3449.8207728744915 3452.9357096463423 3451.1102498640453 -1.0 3451.1102498640453 -1.0 1
527 nan 1.0 0.8 -1.0 1.0 3455.113561354619 3455.114617358705 3455.4216265466584 3453.7969162599397 3456.9802315775873 3455.2649539404233 1.0 3455.2649539404233 1.0 1
528 0.0625 nan 0.8 1.0 1.0 3458.901736012733 3458.9025040157053 3512.9133690075064 3458.268133561047 3514.479642830576 3471.5769530587254 1.0 3512.72981629726 -1.0 6
529 1.0 nan 0.8 1.0 1.0 3516.1681656017468 3516.1692216058327 3516.5840392109444 3515.4437467986513 3518.1693908211655 3516.425254596537 -1.0 3516.425254596537 -1.0 1
530 0.125 nan 0.8 1.0 1.0 3519.5796348022222 3519.580498805565 3519.941268201541 3519.0212006413944 3521.5128864975186 3519.776147562616 -1.0 3519.776147562616 -1.0 1
531 0.0 nan 0.8 1.0 1.0 3523.0015680431875 3523.0024320465304 3523.7034267589875 3522.370077599673 3525.28452264718 3523.352065399416 -1.0 3523.50998601048 1.0 2
532 0.125 nan 0.8 1.0 1.0 3526.896303113631 3526.8974551180886 3527.2359524278836 3526.1587322596447 3528.817530425834 3527.0695837841304 -1.0 3527.0695837841304 -1.0 1
533 0.0625 nan 0.8 1.0 1.0 3530.3459804619506 3530.3471324664083 3535.047022652351 3529.675225866506 3536.6345442817374 3534.8633739417337 -1.0 3534.8633739417337 -1.0 1
534 0.0 nan 0.8 -1.0 -1.0 3539.379423416316 3539.3803834200307 3542.6759801721446 3537.5400562989953 3545.2347495518716 3542.5622197319553 1.0 3542.5622197319553 1.0 1
535 0.0 nan 0.8 -1.0 -1.0 3546.5793552760206 3546.5803152797353 3559.4332290133134 3546.106745447285 3562.002085707922 3547.012028950225 -1.0 3559.3836928216365 1.0 4
536 0.25 nan 0.8 1.0 1.0 3563.4958687334542 3563.49692473754 3563.8180459800997 3562.892890400266 3565.4011448371534 3563.6751974273557 -1.0 3563.6751974273557 -1.0 1
537 0.0625 nan 0.8 1.0 1.0 3566.812585567291 3566.8135455710058 3576.403022676912 3566.258759424294 3577.984659818334 3567.1189227526443 -1.0 3576.133453633831 -1.0 3
538 1.0 nan 0.8 1.0 1.0 3579.512090707264 3579.51314671135 3579.7111954776883 3578.881464267093 3581.2789444713558 3579.5423308242766 -1.0 3579.6286351582257 -1.0 2
539 nan 0.0625 0.8 -1.0 1.0 3584.217452914381 3584.2184129180955 3585.6606264986544 3582.1705329939473 3587.2289997166545 3585.3221291888594 1.0 3585.3221291888594 1.0 1
540 0.25 nan 0.8 1.0 1.0 3588.9351031690458 3588.93606317276 3590.467173097298 3588.1285080479743 3592.0505458169355 3590.320004527838 -1.0 3590.320004527838 -1.0 1
541 0.0 nan 0.8 -1.0 -1.0 3593.4954088148747 3593.4963688185894 3593.825362091609 3592.9327506377026 3596.4006511183825 3593.6546734311396 1.0 3593.6546734311396 1.0 1
542 0.0625 nan 0.8 1.0 1.0 3597.8620817114534 3597.863041715168 3598.6148206241314 3597.2844474763324 3600.1851770501967 3598.491556147167 -1.0 3598.491556147167 -1.0 1
543 0.0 nan 0.8 1.0 1.0 3601.6451683498804 3601.6463203543376 3617.0629240079606 3601.063982101015 3618.6284242696274 3606.794148273549 1.0 3616.724906700023 -1.0 8
544 nan 0.25 0.8 -1.0 1.0 3620.0838636973053 3620.0849197013918 3620.5498495004094 3619.5518296386317 3622.117215681267 3620.2860404796165 -1.0 3620.2860404796165 -1.0 1
545 nan 0.0 0.8 -1.0 1.0 3625.3949882483835 3625.3958522517264 3625.6155011016444 3622.9871069312308 3627.1950792099865 3625.518732727205 1.0 3625.518732727205 1.0 1
546 nan 0.125 0.8 -1.0 1.0 3628.7156410974503 3628.7168891022793 3662.49452380281 3628.068790594501 3664.061529299433 3628.665528903544 -1.0 3662.38988339791 1.0 11
547 0.25 nan 0.8 1.0 1.0 3667.0170053022807 3667.0179653059954 3717.4970726318725 3665.0097335352634 3719.060904938795 3717.332527995177 -1.0 3717.332527995177 -1.0 1
548 0.0625 nan 0.8 1.0 1.0 3721.09900656934 3721.0999665730546 3777.482520741965 3720.0500105103124 3779.0494069938864 3776.7913180673977 -1.0 3777.4250165194558 -1.0 2
549 0.0 nan 0.8 0.0 -1.0 3780.6604210386595 3780.661573043117 3840.663149215616 3780.0534106898695 3843.1621345797043 3781.12554283842 -1.0 3781.12554283842 -1.0 1
