SWC_023 38d95489-2e82-412a-8c1a-c5377b5f1555 mrsicflogellab 2026-07-28T16:01:20.797097 _iblrig_tasks_ephysChoiceWorld6.2.5 M 371 50
0 1.0 nan 0.5 1.0 1.0 69.70526211006971 69.61883742006962 72.002065740072 66.66773256006667 73.57219696801467 69.73532577006974 1.0 71.46648597007147 -1.0 7
1 nan 0.125 0.5 -1.0 1.0 74.82448347007482 74.82545004007483 79.8872438100799 74.00389887007401 81.47194619995588 79.77382182007977 1.0 79.77382182007977 1.0 1
2 0.25 nan 0.5 -1.0 -1.0 83.80791837008381 83.8090182600838 86.27300517008628 81.86954556008187 88.85780596318494 84.40295886008441 1.0 86.06862561008607 1.0 4
3 nan 1.0 0.5 -1.0 1.0 89.80515192008981 89.8059518400898 90.42942282009044 89.26160628008927 92.0079271229464 89.97493494008998 1.0 90.31310112009031 1.0 3
4 0.0 nan 0.5 1.0 1.0 92.93840523009294 92.93927181009295 97.39026000009738 92.38062768009239 98.97429009772392 96.85901313009686 -1.0 97.08185751009708 1.0 2
5 nan 0.0 0.5 1.0 -1.0 99.93807186009994 99.93883845009994 109.36246266010936 99.41289105009942 111.94026195018745 109.05899301010906 -1.0 109.2983024101093 -1.0 2
6 nan 1.0 0.5 1.0 -1.0 112.98806673011299 112.989033300113 122.65526658012266 112.37566131011238 125.23806296871832 122.004598320122 1.0 122.26433901012227 1.0 3
7 nan 0.125 0.5 0.0 -1.0 126.25753965012626 126.25857288012627 186.25993881018627 125.67706437012568 188.75913803657386 nan 0.0 nan 0.0 0
8 1.0 nan 0.5 1.0 1.0 190.05649245019006 190.05755901019006 190.93427133019094 189.56074203018957 192.50657649359178 190.15438266019015 1.0 190.7904523801908 -1.0 3
9 nan 0.125 0.5 0.0 -1.0 194.83688103019483 194.83788093019484 254.83924686025483 192.87327741019288 257.33847570645423 nan 0.0 nan 0.0 0
10 nan 0.25 0.5 0.0 -1.0 258.23920683025824 258.6705303602587 318.6719296203187 258.1728801302582 321.1711320511159 258.8267147402588 1.0 258.8267147402588 1.0 1
11 0.0 nan 0.5 0.0 -1.0 322.55507460032254 322.5562078203226 382.5575737503826 321.94533558032197 385.05681129489295 322.6663968003227 1.0 381.2221073103812 1.0 3
12 0.0 nan 0.5 0.0 -1.0 385.9011060303859 386.32219725038635 446.32359651044635 385.8212140203858 448.8227982856921 nan 0.0 nan 0.0 0
13 1.0 nan 0.5 0.0 -1.0 449.6697285304497 450.1845437104502 510.1859429705102 449.5994022304496 512.6851744920473 nan 0.0 nan 0.0 0
14 nan 0.0 0.5 0.0 -1.0 513.5690379605136 514.0668881705141 574.0682541005741 513.4965785405135 576.5675599426553 nan 0.0 nan 0.0 0
15 0.125 nan 0.5 0.0 -1.0 577.3682574005774 577.8829059305779 637.8842718606379 577.3066635605774 640.3835413824672 629.4932777106295 -1.0 629.4932777106295 -1.0 1
16 0.25 nan 0.5 0.0 -1.0 641.2007735106412 641.7822153606418 701.7835812907018 641.1508451706411 704.2828153674834 nan 0.0 nan 0.0 0
17 nan 0.125 0.5 0.0 -1.0 705.5667696007056 705.5675695207055 765.5689354507656 705.0707192107051 768.0681744296674 705.6545608207057 1.0 705.6545608207057 1.0 1
18 1.0 nan 0.5 0.0 -1.0 768.8655057607689 769.5305725807696 829.5319718408296 768.8119777807689 832.0311410897269 nan 0.0 nan 0.0 0
19 nan 0.0625 0.5 0.0 -1.0 832.8286421408328 834.029588700834 894.031021290894 832.8028447208328 896.5302183657823 833.2931956808333 -1.0 833.2931956808333 -1.0 1
20 nan 0.25 0.5 -1.0 1.0 902.1945381909022 902.1956380809022 902.5461696909025 897.3524224508974 904.1279001809705 902.035154130902 1.0 902.3788530909023 1.0 3
21 nan 0.25 0.5 1.0 -1.0 905.913899550906 905.914899450906 907.1828726409072 904.5475028709045 909.7638422739756 906.1340108709062 1.0 906.922432020907 -1.0 4
22 nan 0.125 0.5 1.0 -1.0 910.6609248009107 910.6618580409107 940.6655907009407 910.1455430109102 943.2469732900106 910.8878354409109 1.0 940.5759330009406 -1.0 4
23 nan 0.0 0.5 0.0 -1.0 944.4937411809445 944.4945411009445 1004.4960070210045 943.8198752409438 1006.9951410272542 nan 0.0 nan 0.0 0
24 0.0625 nan 0.5 0.0 -1.0 1007.8597372810078 1008.3973168510084 1068.3986827810684 1007.7843448210078 1070.8979194450949 1008.5109721510086 1.0 1047.2407654510473 1.0 3
25 0.25 nan 0.5 0.0 -1.0 1071.7089183910716 1072.2459980110723 1132.2473972711323 1071.6612231610716 1134.746597075083 nan 0.0 nan 0.0 0
26 nan 0.0625 0.5 0.0 -1.0 1135.6080945011356 1136.145007471136 1196.146406731196 1135.5428010311355 1198.6455744065029 1195.933561351196 1.0 1196.107343971196 -1.0 2
27 nan 0.0625 0.5 0.0 -1.0 1200.4906056012005 1200.4916721612005 1260.4930714212605 1199.4306782711994 1262.9923728208291 1201.2037009512012 -1.0 1201.3730173512015 1.0 2
28 nan 1.0 0.5 0.0 -1.0 1263.8231050512638 1264.3103896512644 1324.3118222413243 1263.7715768712637 1326.8110251122519 nan 0.0 nan 0.0 0
29 0.25 nan 0.5 1.0 1.0 1328.1751692013281 1328.1760691113282 1351.828436971352 1327.5910276213276 1353.4054234230512 1329.3483852013294 -1.0 1351.800873061352 -1.0 9
30 nan 0.0625 0.5 0.0 -1.0 1354.5248673013546 1354.5258005413546 1414.5271664714146 1353.9433254613539 1417.0264013859855 1354.5247006513546 -1.0 1365.3570506413653 1.0 4
31 nan 0.0625 0.5 0.0 -1.0 1417.8736984514178 1418.4054786014185 1478.4068778614785 1417.8058052414178 1480.9060834958834 nan 0.0 nan 0.0 0
32 nan 1.0 0.5 0.0 -1.0 1481.7228129014818 1482.2044980614821 1542.2059639815423 1481.6569861514818 1544.705169188178 nan 0.0 nan 0.0 0
33 nan 1.0 0.5 0.0 -1.0 1545.5027342715455 1546.089908881546 1606.091341471606 1545.4500728715454 1608.5905426858078 nan 0.0 nan 0.0 0
34 1.0 nan 0.5 0.0 -1.0 1609.4383067416095 1609.91962527161 1669.92102453167 1609.3741464916093 1672.4202139966349 nan 0.0 nan 0.0 0
35 nan 0.25 0.5 0.0 -1.0 1673.3843781616733 1673.888661061674 1733.8901269817338 1673.3134185916733 1736.3892989675971 nan 0.0 nan 0.0 0
36 nan 0.125 0.5 -1.0 1.0 1737.2002626017372 1737.6043555217377 1778.062409311778 1737.1335026117372 1779.6361185777855 1777.7437745117777 1.0 1777.7437745117777 1.0 1
37 0.0 nan 0.5 0.0 -1.0 1780.849797211781 1780.850597131781 1840.8520297218408 1780.2756213017803 1843.351197947086 1780.937121811781 -1.0 1782.0326455817822 1.0 3
38 0.0625 nan 0.5 0.0 -1.0 1844.2015614018442 1844.8500298818449 1904.851395811905 1844.1402008718442 1907.3506659196012 nan 0.0 nan 0.0 0
39 0.25 nan 0.5 0.0 -1.0 1908.1813294519081 1908.6353840419088 1968.6367833019688 1908.1140695119082 1971.1360492240804 nan 0.0 nan 0.0 0
40 0.0625 nan 0.5 1.0 1.0 1972.7002769119727 1972.7014101319728 1985.4879313519855 1971.936553291972 1987.0471616123887 1982.7199081819826 -1.0 1985.4142720519853 -1.0 8
41 nan 0.125 0.5 1.0 -1.0 1989.2665201219893 1989.2679199819893 2006.7750690920068 1987.5061628419876 2009.3328268024136 2003.3831749820033 1.0 2006.5428256520065 -1.0 10
42 0.0625 nan 0.5 0.0 -1.0 2010.5635235420107 2010.5643901220105 2070.565756052071 2009.8462286120098 2073.064989915196 nan 0.0 nan 0.0 0
43 0.0 nan 0.5 0.0 -1.0 2074.3656093620743 2074.3667092520745 2134.3681085121343 2073.855993662074 2136.8673786618974 nan 0.0 nan 0.0 0
44 1.0 nan 0.5 0.0 -1.0 2137.6617124521376 2138.2460873421383 2198.2475199321984 2137.6279824921376 2200.7467533548756 2147.8198298721477 -1.0 2147.8198298721477 -1.0 1
45 1.0 nan 0.5 0.0 -1.0 2202.0443735422023 2202.045473432202 2262.0468726922622 2201.5406572522015 2264.546106008075 nan 0.0 nan 0.0 0
46 0.25 nan 0.5 0.0 -1.0 2266.012976042266 2266.013842622266 2326.015275212326 2265.343509662265 2328.5144791612174 2286.671809952287 1.0 2286.671809952287 1.0 1
47 nan 0.0 0.5 0.0 -1.0 2329.3455421523295 2330.0435390123303 2390.04530490239 2329.2726827723295 2392.5441756562727 nan 0.0 nan 0.0 0
48 nan 1.0 0.5 0.0 -1.0 2393.3780382623936 2394.009275132394 2454.010774382454 2393.308278572393 2456.509869915119 nan 0.0 nan 0.0 0
49 0.0625 nan 0.5 0.0 -1.0 2457.3273760224574 2457.842024552458 2517.3273760224574 2457.26207373911 2520.3426641449773 nan 0.0 nan 0.0 0
