KS043 9468fa93-21ae-4984-955c-e8402e280c83 cortexlab 2026-07-28T16:01:20.797097 _iblrig_tasks_ephysChoiceWorld6.4.2 M 316 514
0 nan 1.0 0.5 -1.0 1.0 14.57206592661121 14.573132493193897 17.45456210694647 11.890217584644393 19.024769896751604 14.929799024486378 -1.0 17.02890204983627 -1.0 2
1 0.25 nan 0.5 1.0 1.0 24.48856871978314 24.489368644720155 28.226384639023888 19.51046918569744 29.78858513124498 25.000920641942564 -1.0 27.993206519883415 -1.0 4
2 nan 0.25 0.5 1.0 -1.0 33.30737451813341 33.30830776389326 34.347643568518386 30.32198799277433 36.905254114091555 34.23595404918738 -1.0 34.23595404918738 -1.0 1
3 nan 0.125 0.5 1.0 -1.0 37.90854275585553 37.909609322438214 39.46393013547378 37.402756884220786 42.041607882202236 39.30614494164716 -1.0 39.30614494164716 -1.0 1
4 nan 0.25 0.5 -1.0 1.0 45.55495856839017 45.55585848394431 59.11665263913742 42.51131084345168 60.6906779433371 46.03471354936615 -1.0 58.82997953983393 -1.0 11
5 nan 1.0 0.5 1.0 -1.0 62.3548487747996 62.35568202994232 65.08699239718136 61.30598053134169 67.63824355784224 64.72679286408372 -1.0 65.01573241737542 1.0 2
6 0.0625 nan 0.5 1.0 1.0 68.64132553399382 68.64229210995939 70.28587121388377 68.08124475725904 71.83798104779362 68.61679450259197 -1.0 70.17341509982145 -1.0 7
7 1.0 nan 0.5 1.0 1.0 73.62409129687879 73.62492455202151 74.1500086127618 72.28978317172863 75.70461718234121 74.03471943121421 -1.0 74.03471943121421 -1.0 1
8 0.125 nan 0.5 1.0 1.0 76.70736863640533 76.70823522175377 94.06220676787034 76.16531950095914 95.62342622363272 77.59115237098635 -1.0 93.61524870931206 1.0 19
9 nan 0.125 0.5 -1.0 1.0 96.85437809073409 96.85537799690536 113.07308950019491 96.29813028765585 114.65751214271626 97.56394484007393 -1.0 113.01716141501514 1.0 15
10 0.0625 nan 0.5 1.0 1.0 116.75421073952458 116.75517731549014 118.17694390042084 115.27551616324284 119.73755058269415 118.07108716708892 -1.0 118.07108716708892 -1.0 1
11 0.125 nan 0.5 -1.0 -1.0 122.67415522653646 122.67512180250202 126.81543328588518 120.23085116682927 129.37084006529415 123.04085414974736 -1.0 126.56852312199258 -1.0 5
12 0.0625 nan 0.5 -1.0 -1.0 130.72373320732768 130.72476644370468 135.44702331876775 129.90774311115888 138.00403165531208 132.96708936298631 -1.0 135.19174727324219 -1.0 4
13 0.0625 nan 0.5 1.0 1.0 142.0239728207163 142.02493939668187 161.16824303628846 138.52753425122043 162.74038847689704 144.1898695783071 1.0 161.0735852520748 -1.0 17
14 0.125 nan 0.5 1.0 1.0 166.78711577513053 166.7880823510961 171.4193477645735 163.4664940407499 172.9902824646469 171.05734840036757 -1.0 171.05734840036757 -1.0 1
15 0.0625 nan 0.5 1.0 1.0 174.20348650786136 174.2043197630041 186.0046124526455 173.51768419519206 187.59020655175212 175.37514322915138 1.0 185.75530251394184 1.0 8
16 0.0625 nan 0.5 1.0 1.0 188.87021021868625 188.87121012485753 190.41773166975716 188.17770853466945 191.98956555210265 190.30487559322634 -1.0 190.30487559322634 -1.0 1
17 0.25 nan 0.5 1.0 1.0 193.08678121273172 193.08784777931442 198.67672333301834 192.4774717221647 200.23662291457785 193.4401813838647 -1.0 198.537236422126 1.0 4
18 0.125 nan 0.5 1.0 1.0 202.188993750226 202.19009364701438 209.42231499320275 200.79532452870802 211.0059362789539 202.53369473766892 -1.0 209.29229386073175 -1.0 10
19 nan 0.0 0.5 -1.0 1.0 212.21991913959707 212.22101903638546 222.05033001142255 211.6418400517794 223.6033597585902 213.11646834296465 -1.0 221.55357662553493 -1.0 6
20 0.0625 nan 0.5 1.0 1.0 224.67238396434732 224.67321721949006 228.58551676561765 224.1806634395218 230.13651983293624 228.47452718060651 -1.0 228.47452718060651 -1.0 1
21 0.25 nan 0.5 -1.0 -1.0 231.17264066295937 231.1735072483078 236.56746775902525 230.6550225682979 239.13940741319493 231.46454660455916 -1.0 235.65222031025488 -1.0 4
22 nan 0.125 0.5 1.0 -1.0 240.319715657338 240.32074889371498 242.32539411608545 239.65421143994553 244.90626775944 240.2643541856553 -1.0 242.23480261696827 -1.0 6
23 0.0 nan 0.5 1.0 1.0 246.11950475276876 246.1203713381172 253.37325741184517 245.42307010447828 254.95535569749808 246.88553287057974 -1.0 253.15527786650802 1.0 15
24 nan 0.0625 0.5 1.0 -1.0 256.069537732884 256.0706042994667 267.4715344643023 255.4938584198774 270.01940492023385 261.3219115297494 -1.0 267.41457314274555 -1.0 7
25 nan 0.0 0.5 1.0 -1.0 271.1724871760289 271.17348708220015 276.4344267419328 270.59910764721616 279.00559826218694 271.751999462692 -1.0 276.3990633936755 -1.0 4
26 nan 0.0625 0.5 1.0 -1.0 280.30243044467306 280.30346368105006 293.9466167745502 279.55110094757976 296.50238117074554 286.5483776737251 1.0 293.87165714191053 -1.0 5
27 0.25 nan 0.5 1.0 1.0 297.67233382911854 297.6732670748784 298.78829577666875 297.12988473120384 300.33590159697565 298.6814724673713 -1.0 298.6814724673713 -1.0 1
28 0.125 nan 0.5 1.0 1.0 301.3721866440567 301.3732532106394 316.0500426435884 300.84320294924845 317.63846151806314 304.6234482203568 -1.0 315.96245086298507 -1.0 10
29 nan 0.0625 0.5 -1.0 1.0 319.43545829786746 319.436424873833 341.5219857526112 318.3015646996458 343.1052193903018 321.99381822768225 -1.0 341.38236552089603 1.0 14
30 nan 0.0625 0.5 1.0 -1.0 345.65189821181315 345.6528981179844 353.7475052066886 343.94632492526995 356.3217377532918 349.0212153767347 -1.0 352.9011846233245 -1.0 5
31 nan 1.0 0.5 -1.0 1.0 357.4017623002168 357.4027955365937 357.79065914042985 356.9178410435271 359.3519628488836 357.6679373230092 1.0 357.6679373230092 1.0 1
32 nan 0.0625 0.5 1.0 -1.0 361.35459137648655 361.35575793368633 366.8993710680374 359.8597649806416 369.4683746673349 366.8166788276733 -1.0 366.8166788276733 -1.0 1
33 nan 0.125 0.5 1.0 -1.0 370.6044900554776 370.605356640826 376.36364963014904 370.02367789079176 378.91845719856076 371.0145849065217 1.0 376.1833332172631 -1.0 4
34 nan 1.0 0.5 -1.0 1.0 380.1044319376979 380.1052651928406 380.874792982251 379.4421607502592 382.4536925402338 380.31317901605365 1.0 380.7980001882974 1.0 2
35 nan 0.25 0.5 -1.0 1.0 384.6514719213485 384.6525718181369 388.73305558227236 382.97699571673184 390.2849851044896 388.16447560308177 -1.0 388.6978588850436 1.0 3
36 0.125 nan 0.5 1.0 1.0 391.37104137352605 391.37187462866876 400.43915711057997 390.86328901975446 402.00138665504033 391.93348859486616 -1.0 400.3477323563201 -1.0 7
37 nan 0.0 0.5 1.0 -1.0 405.4870167652147 405.4880833317974 406.0020684340366 402.5895886527218 408.56784396990975 405.8676810446177 -1.0 405.8676810446177 -1.0 1
38 1.0 nan 0.5 1.0 1.0 411.2202121096388 411.22141199704436 411.50558533091964 409.07744651481005 413.0679862683667 411.38546326954423 -1.0 411.38546326954423 -1.0 1
39 nan 1.0 0.5 -1.0 1.0 415.0543856535844 415.05535222954995 418.7312406265833 413.59638913504796 420.30367199215095 418.1697933114145 1.0 418.49152978712385 1.0 2
40 0.0625 nan 0.5 1.0 1.0 422.25127698172116 422.25227688789244 424.69941392125617 420.83567648484666 426.2511164670112 424.44943737843835 1.0 424.44943737843835 1.0 1
41 1.0 nan 0.5 1.0 1.0 427.4708871863746 427.4718870925459 427.93544359354723 426.7751191421983 429.52104663539694 427.8058890839562 -1.0 427.8058890839562 -1.0 1
42 1.0 nan 0.5 1.0 1.0 430.4844044053521 430.4855376323462 430.8561695198308 430.01724824213414 432.41777497163247 430.7363807605125 -1.0 430.7363807605125 -1.0 1
43 nan 0.0 0.5 1.0 -1.0 433.4036304723787 433.40449705772716 437.58313827767574 432.9095768331536 440.134446376266 434.6059176527154 -1.0 437.44648443426865 -1.0 3
44 0.25 nan 0.5 1.0 1.0 441.3542844026255 441.35541762961964 441.76437925366963 440.66254931334004 443.3176839916032 441.5818297170012 -1.0 441.5818297170012 -1.0 1
45 0.0 nan 0.5 1.0 1.0 444.43652850577513 444.43739509112356 448.51014624753446 443.8140869141587 450.06763474527855 448.34382852104636 -1.0 448.34382852104636 -1.0 1
46 nan 1.0 0.5 -1.0 1.0 451.3041174015065 451.30498398685495 452.8628711319014 450.73443752552754 454.4176024702901 451.6923809678112 1.0 452.6653896630753 1.0 4
47 nan 0.25 0.5 1.0 -1.0 455.45392799351674 455.45496122989374 460.226913441669 454.95040857587026 462.8036829992872 456.67121376642245 -1.0 460.1212233593656 -1.0 2
48 nan 0.0625 0.5 1.0 -1.0 464.10074993040837 464.1015831855511 464.9415376996247 463.37018515147184 467.52021061482316 464.8648448962882 -1.0 464.8648448962882 -1.0 1
49 0.0625 nan 0.5 1.0 1.0 468.9507948141599 468.9518280505369 470.23084136441577 468.0607116706999 471.7674437427814 470.1459160002691 -1.0 470.1459160002691 -1.0 1
50 0.25 nan 0.5 -1.0 -1.0 473.53713111034153 473.5381310165128 475.7917862057355 472.31114615374577 478.37022147279066 473.91312916094523 -1.0 475.6335677192347 -1.0 6
51 0.0625 nan 0.5 -1.0 -1.0 479.4840730639777 479.48507297014896 485.2153685866764 478.91962603029503 487.7867039662163 479.7962771008543 1.0 484.57182897484614 -1.0 2
52 nan 0.25 0.5 1.0 -1.0 488.95058474987184 488.9516513164545 489.61498907047593 488.3596068724448 492.1673619408633 489.4745689138237 -1.0 489.4745689138237 -1.0 1
53 1.0 nan 0.5 1.0 1.0 494.3202808708331 494.32128077700435 494.5984880978865 492.68836733890686 496.1505911666309 494.51339608271127 -1.0 494.51339608271127 -1.0 1
54 nan 0.0625 0.5 1.0 -1.0 497.6367363295001 497.63756958464285 505.82383473904684 496.6826925212844 508.3867203503591 504.41270048973735 -1.0 505.7307434745015 -1.0 5
55 0.125 nan 0.5 1.0 1.0 509.6336772328249 509.63484379002466 510.0227407240665 509.12252519807095 511.5837463191539 509.82829230396 -1.0 509.82829230396 -1.0 1
56 0.125 nan 0.5 1.0 1.0 512.802346559378 512.8031131541093 513.2193407630039 512.0869470240391 514.7670778442282 513.1102176695124 -1.0 513.1102176695124 -1.0 1
57 nan 0.0625 0.5 1.0 -1.0 516.536696137225 516.5377293736019 520.7883638378821 515.2853802242903 523.3691661298041 516.9893203307538 -1.0 520.6681417858896 -1.0 2
58 nan 0.125 0.5 1.0 -1.0 524.4668853211664 524.4679852179548 528.5785994880513 523.9314688966564 531.1502386229893 528.4757424732331 -1.0 528.4757424732331 -1.0 1
59 nan 1.0 0.5 -1.0 1.0 532.3193151351886 532.3202483809486 533.2342626121076 531.6819416114146 534.8200639879961 532.5534598302947 1.0 533.1702686171462 1.0 3
60 0.0 nan 0.5 1.0 1.0 535.8667155892136 535.8675488443564 543.1511320375423 535.3481642487924 544.7166565592107 543.037076073606 -1.0 543.037076073606 -1.0 1
61 0.25 nan 0.5 1.0 1.0 546.1864472110536 546.1874471172249 546.676567886005 545.3445595450488 548.2499968002224 546.3695300310134 -1.0 546.58207675282 -1.0 2
62 0.125 nan 0.5 1.0 1.0 549.3858803174761 549.3867469028246 550.9290355115992 548.8046015299104 552.5188336943423 550.8330445191572 -1.0 550.8330445191572 -1.0 1
63 1.0 nan 0.5 1.0 1.0 553.5332244742639 553.5340243992009 553.8433620383865 553.0659349902231 555.4364620144437 553.7397050986315 -1.0 553.7397050986315 -1.0 1
64 nan 0.25 0.5 -1.0 1.0 556.5499080627839 556.5510079595722 563.1352234463653 555.9396653264569 564.7195666710116 557.0522609232305 -1.0 562.8879466502099 1.0 12
65 nan 0.0 0.5 1.0 -1.0 566.0330848515324 566.0339514368809 568.2925728267543 565.4599719643654 570.8499135285505 568.1799167314576 -1.0 568.1799167314576 -1.0 1
66 nan 0.25 0.5 -1.0 1.0 571.986392874459 571.9871927993961 575.464266519375 571.4010144715911 577.0524662911124 574.3743021322779 -1.0 574.8518906498828 1.0 3
67 0.125 nan 0.5 1.0 1.0 578.1163176574379 578.1171509125807 578.2200745878101 577.5715687753293 579.8027075877499 578.1385155744401 -1.0 578.1385155744401 -1.0 1
68 1.0 nan 0.5 1.0 1.0 580.8496278370195 580.8507943942193 581.210527304437 580.2905136362502 582.785430529865 581.1257685913189 -1.0 581.1257685913189 -1.0 1
69 0.25 nan 0.5 1.0 1.0 583.8496796528906 583.8507462194732 584.2882384996102 583.3063306394217 585.8689705993268 584.1789487550902 -1.0 584.1789487550902 -1.0 1
70 0.0 nan 0.5 1.0 1.0 587.0996746813737 587.1007079177507 596.0797653451501 586.3742760843221 597.6692576829014 587.3865477619115 -1.0 596.0132715847606 -1.0 9
71 nan 1.0 0.5 -1.0 1.0 598.7661465950933 598.7669465200304 599.7571869316461 598.2695598602343 601.3350113698259 598.7147180876842 -1.0 599.6701617645397 1.0 3
72 0.25 nan 0.5 1.0 1.0 602.3995056496419 602.4005722162246 602.9956163787482 601.904618755274 604.5495513971292 602.9190902264402 -1.0 602.9190902264402 -1.0 1
73 nan 0.125 0.5 1.0 -1.0 605.7523576929432 605.7532242782917 610.8408468683373 605.0683552113823 613.3994178419525 606.3390693040395 -1.0 610.4774809656973 1.0 3
74 nan 0.125 0.5 1.0 -1.0 614.5356668222133 614.5368000492075 618.7467716625225 613.9684200512511 621.3193055295189 615.0627506952961 1.0 618.6622795910502 -1.0 2
75 nan 0.25 0.5 -1.0 1.0 622.6326736857286 622.6337402523112 623.4030347302817 621.890310013971 624.9852346425308 622.9507105086043 1.0 623.252015568214 1.0 2
76 1.0 nan 0.5 1.0 1.0 625.9991577831648 626.0000243685133 626.3833550643731 625.5054374459968 627.96886652164 626.2896971863306 -1.0 626.2896971863306 -1.0 1
77 1.0 nan 0.5 1.0 1.0 629.4158705006047 629.4170037275987 629.6463822032885 628.6947715000895 631.2180847447759 629.5617234807875 -1.0 629.5617234807875 -1.0 1
78 0.0 nan 0.5 1.0 1.0 632.4825827278938 632.4836159642708 637.1389457862701 631.7489849002378 638.7179714661173 632.6820306788568 -1.0 636.9710948703193 -1.0 3
79 nan 0.0625 0.5 1.0 -1.0 640.4991304748274 640.5002303716158 651.3074495821562 639.307575620729 653.8854078704738 641.1645347016027 -1.0 650.7377030457658 -1.0 9
80 nan 0.25 0.5 1.0 -1.0 655.0990271232057 655.1000936897883 661.9544171636476 654.5618108675873 664.5156129502572 655.2905091550041 -1.0 661.8401945486827 -1.0 3
81 nan 0.0625 0.5 1.0 -1.0 665.6352717613315 665.63637165812 666.7753647778151 665.150317268265 669.332270933548 666.6881396294746 -1.0 666.6881396294746 -1.0 1
82 nan 0.125 0.5 1.0 -1.0 670.4846833711746 670.4856166169345 671.178951556094 669.8587754381645 673.732191830845 670.9363743189436 -1.0 671.1185238931436 -1.0 2
83 nan 1.0 0.5 -1.0 1.0 676.5185171710943 676.5195504074713 677.3722370601257 674.3007919436259 678.9511661413997 676.9078473039816 1.0 676.9078473039816 1.0 1
84 nan 0.125 0.5 1.0 -1.0 680.4987770066626 680.4998435732454 690.4767740293678 679.4914715297239 693.0516993902701 690.3456196699027 1.0 690.3456196699027 1.0 1
85 0.25 nan 0.5 1.0 1.0 694.6152190212313 694.6160522763739 695.1188050992891 693.71450354215 696.7011357794024 694.9849509931616 -1.0 694.9849509931616 -1.0 1
86 nan 1.0 0.5 -1.0 1.0 700.9319596072093 700.9329928435862 701.8361747578899 697.2528381802222 703.3652987598368 701.5415024092163 1.0 701.5415024092163 1.0 1
87 nan 0.25 0.5 1.0 -1.0 704.9847126401947 704.985612555749 707.5909347454078 704.0320020402074 710.1484525739972 707.4774120647628 -1.0 707.4774120647628 -1.0 1
88 1.0 nan 0.5 1.0 1.0 711.5182328841045 711.5192327902757 711.7801749707718 710.9211555790326 713.3151762360743 711.6926831807856 -1.0 711.6926831807856 -1.0 1
89 nan 0.125 0.5 -1.0 1.0 714.5344165195387 714.535516416327 718.1681422063501 713.8631795067643 719.7150420879033 715.2033537481192 1.0 717.8733365368536 -1.0 4
90 0.0 nan 0.8 1.0 1.0 722.1675669102011 722.1684668257552 722.6146582895823 720.2713448470022 724.1649873325155 722.5053352148566 -1.0 722.5053352148566 -1.0 1
91 1.0 nan 0.8 1.0 1.0 726.1844566418437 726.1854232178092 726.4484985314707 724.7483913986638 727.9984283623853 726.3323427645747 -1.0 726.3323427645747 -1.0 1
92 nan 1.0 0.8 -1.0 1.0 729.1011829434422 729.1020495287905 732.9112587486601 728.5839314810435 734.4841829791213 729.6907942824351 1.0 732.7007451694018 1.0 5
93 0.25 nan 0.8 1.0 1.0 735.6982305594332 735.6993304562217 740.438852377842 735.1053861904865 742.0148474102737 736.1013927276898 -1.0 740.3114976618277 -1.0 7
94 1.0 nan 0.8 1.0 1.0 743.1012692098805 743.1022691160517 743.3845759584074 742.6023493606218 744.9481757430224 743.2795858104238 -1.0 743.2795858104238 -1.0 1
95 nan 0.25 0.8 1.0 -1.0 746.1845132192012 746.1855464555782 760.102073896304 745.4923781674472 762.684360677859 746.6003741958331 -1.0 759.9212575303325 -1.0 11
96 0.125 nan 0.8 1.0 1.0 763.8979843640956 763.8990509306783 779.8470210791645 763.3930650778093 781.4144372104372 764.2721825835911 -1.0 779.7157000686709 -1.0 13
97 1.0 nan 0.8 1.0 1.0 783.2840985522926 783.285198449081 783.6512640983834 782.112741802854 785.2337890865217 783.5356082845731 -1.0 783.5356082845731 -1.0 1
98 0.25 nan 0.8 1.0 1.0 786.4310699149291 786.4321698117175 786.8381983776651 785.8045953684219 788.4168007304029 786.7368078918981 -1.0 786.7368078918981 -1.0 1
99 1.0 nan 0.8 1.0 1.0 789.4310550703888 789.4321216369715 789.734026640284 788.971098231604 791.2976249181675 789.6508677770399 -1.0 789.6508677770399 -1.0 1
100 nan 0.25 0.8 -1.0 1.0 792.4662702532829 792.4671035084256 797.3596110742504 791.8433287085809 798.9505094334401 793.600563813973 1.0 797.2140247357133 1.0 7
101 0.25 nan 0.8 1.0 1.0 800.6976311760112 800.6986977425939 801.0929274157205 799.7863166915146 802.6642554573143 800.9614397541983 -1.0 800.9614397541983 -1.0 1
102 nan 1.0 0.8 1.0 -1.0 803.7504447075197 803.7513112928682 811.1215863511034 803.2255606280137 813.7004477577045 805.0672878048783 1.0 810.8380129609308 1.0 3
103 0.0625 nan 0.8 1.0 1.0 814.913930486884 814.9148970628497 816.0086610933977 814.3509499822526 817.564192126926 815.710889035593 -1.0 815.710889035593 -1.0 1
104 nan 0.25 0.8 1.0 -1.0 818.7505371358465 818.751503711812 823.1694558087515 818.1143968296836 825.7307571097066 819.192429003137 1.0 823.046034057011 -1.0 4
105 0.0625 nan 0.8 1.0 1.0 827.7490927335856 827.7500926397569 841.0801084506205 826.3246597321981 842.6472223309992 829.0872005021866 1.0 840.8877931636794 1.0 9
106 nan 0.0625 0.8 1.0 -1.0 845.0163057542416 845.0172390000014 875.9542692787247 843.3648273915641 878.5327718466485 847.4035817381518 -1.0 875.8030168052171 1.0 17
107 0.25 nan 0.8 1.0 1.0 880.3967857372718 880.3975523320031 881.8284180630924 879.4094783837585 883.399813850339 880.9769979582549 -1.0 881.67059953906 -1.0 4
108 nan 0.0625 0.8 1.0 -1.0 885.1301082406303 885.1311748072129 896.6570932434574 883.9858156182273 899.2133865774372 888.7067392850621 1.0 896.5705680294368 -1.0 8
109 0.25 nan 0.8 1.0 1.0 900.5823249094002 900.5833581457772 901.9651951442685 899.8788909179108 903.5328213387663 900.9682886915109 -1.0 901.874170352477 -1.0 4
110 nan 0.125 0.8 1.0 -1.0 905.3299127408021 905.3309793073848 914.5068849297018 904.1433240873545 917.0631459938999 908.1623802823682 -1.0 914.3225688921308 1.0 8
111 0.25 nan 0.8 1.0 1.0 918.2488671246562 918.2498670308274 925.956543855284 917.720450043345 927.4963574214174 918.5523719778428 1.0 925.1133896414624 1.0 8
112 0.0 nan 0.8 1.0 1.0 929.9155056894043 929.9164056049584 940.2241716829488 928.2445624865928 941.7815016152244 939.8296420379709 1.0 939.8296420379709 1.0 1
113 0.25 nan 0.8 1.0 1.0 943.2296229921448 943.230622898316 943.624119306917 942.6824076748137 945.1629196662577 943.5469932109063 -1.0 943.5469932109063 -1.0 1
114 nan 0.25 0.8 -1.0 1.0 946.5317797925626 946.5329130195568 953.639812792279 945.7605188324553 955.2157320114908 947.6362761493489 -1.0 953.4775613508874 1.0 5
115 1.0 nan 0.8 1.0 1.0 956.4793796676611 956.4804795644495 956.8304467243944 955.8720366592308 958.3794486370946 956.7468878986818 -1.0 956.7468878986818 -1.0 1
116 0.25 nan 0.8 1.0 1.0 959.4655327877515 959.4664327033056 959.84786357744 958.9515476855123 961.3961630654151 959.7399070411483 -1.0 959.7399070411483 -1.0 1
117 1.0 nan 0.8 1.0 1.0 962.7318596170321 962.7327262023805 962.984002623221 961.984863046681 964.5488949449827 962.9033101951994 -1.0 962.9033101951994 -1.0 1
118 0.25 nan 0.8 1.0 1.0 966.3293553702377 966.330355276409 972.925469740469 965.1561987896908 974.4791932761715 966.5303031804576 -1.0 972.8059476227963 -1.0 10
119 0.125 nan 0.8 1.0 1.0 975.6975429492902 975.6986095158729 976.3671134517792 975.125596619323 977.9488405956827 976.2729889508569 -1.0 976.2729889508569 -1.0 1
120 0.0 nan 0.8 -1.0 -1.0 979.0291636515549 979.0302302181375 990.8531207872496 978.509645735168 993.4319778740587 981.080704473358 1.0 989.9775029530673 1.0 9
121 0.25 nan 0.8 1.0 1.0 994.845746129136 994.8467460353073 995.1978130920406 994.1206808341415 996.7654075998068 995.091356415006 -1.0 995.091356415006 -1.0 1
122 nan 0.25 0.2 -1.0 1.0 998.7957088077148 998.7967087138861 1004.0691806247941 997.3409119889265 1005.6124058329093 999.2159360412945 1.0 1003.3570474496147 -1.0 5
123 nan 0.25 0.2 -1.0 1.0 1006.8815167221119 1006.8826166189002 1008.1302328790011 1006.2443098493663 1009.6986288426939 1007.5558201138115 1.0 1008.1106347180443 1.0 2
124 nan 0.125 0.2 -1.0 1.0 1010.8955733862691 1010.8966066226461 1024.4851981694005 1010.2845307250052 1026.0474092867078 1012.250646229576 -1.0 1024.2434208571872 1.0 7
125 nan 0.0 0.2 1.0 -1.0 1027.395291760063 1027.3960916849999 1032.8670449709052 1026.7959146707972 1035.4309782807034 1027.9443735689138 -1.0 1032.8043841841722 -1.0 9
126 0.125 nan 0.2 1.0 1.0 1037.5786695103473 1037.5796694165185 1037.9858979637002 1036.049979625502 1039.547621213843 1037.849277450499 -1.0 1037.849277450499 -1.0 1
127 nan 0.0625 0.2 -1.0 1.0 1041.4786035501568 1041.4796367865338 1051.5460588449848 1040.1613271601238 1053.0952458787406 1043.013726164704 -1.0 1051.3344120387324 -1.0 2
128 nan 0.25 0.2 -1.0 1.0 1054.396957990308 1054.3978245756564 1056.157192814214 1053.7815490720961 1057.7117899138307 1054.9087099687647 -1.0 1056.0556356774186 1.0 5
129 nan 0.0625 0.2 1.0 -1.0 1058.8645720937538 1058.8654720093082 1060.4954523893032 1058.2918924992612 1063.0450542981196 1060.3797965754927 -1.0 1060.3797965754927 -1.0 1
130 nan 0.25 0.2 -1.0 1.0 1064.1646747451948 1064.1657413117773 1064.7313549026599 1063.64855650979 1066.2976857708686 1064.4189175543434 1.0 1064.7021576424588 1.0 2
131 nan 0.0 0.2 1.0 -1.0 1067.4615987033162 1067.4626986001047 1070.7539897534614 1066.8613883589078 1073.3145544179813 1068.0710081845004 -1.0 1070.663998198047 -1.0 2
132 nan 1.0 0.2 -1.0 1.0 1074.6782881736442 1074.6792880798155 1075.081183700255 1073.9392575224576 1076.6281787493836 1074.9027671090946 1.0 1074.9027671090946 1.0 1
133 nan 1.0 0.2 -1.0 1.0 1078.0639704695689 1078.0649703757401 1078.4443014469148 1077.2399811240298 1079.9950251994017 1078.310014048113 1.0 1078.310014048113 1.0 1
134 nan 0.0 0.2 -1.0 1.0 1081.730826380855 1081.7318929474377 1093.1771522858664 1080.6117313939683 1094.747666529359 1083.6751772610978 1.0 1093.0983263493645 1.0 3
135 nan 1.0 0.2 -1.0 1.0 1095.9946878952749 1095.9957544618574 1096.4237809635729 1095.4717702979056 1097.961382804102 1096.2482641003091 1.0 1096.2482641003091 1.0 1
136 nan 0.0 0.2 1.0 -1.0 1099.097596725964 1099.0983633206952 1100.7453754358075 1098.5437820279024 1103.2948399136055 1100.372110462072 -1.0 1100.6763485797842 -1.0 2
137 nan 0.0 0.2 -1.0 1.0 1104.580382234896 1104.5813154806558 1106.3429835034074 1103.920644143091 1107.8945787686298 1105.8216657559121 1.0 1105.8216657559121 1.0 1
138 0.25 nan 0.2 1.0 1.0 1109.1139568154401 1109.1149567216114 1109.715500368077 1108.4936816871948 1111.2612260119038 1109.3964969692356 -1.0 1109.6129433251103 -1.0 3
139 nan 0.25 0.2 -1.0 1.0 1112.3297883830717 1112.3305883080086 1126.0115711849885 1111.8555328860375 1127.5610886549896 1114.6666024355384 -1.0 1125.817589387762 1.0 13
140 nan 0.125 0.2 1.0 -1.0 1128.8306066536538 1128.8317398806478 1142.1659552974309 1128.2598935412977 1144.7307433748872 1129.6272319003056 1.0 1142.148056976965 -1.0 7
141 1.0 nan 0.2 1.0 1.0 1145.9442340864025 1145.9452339925738 1146.477850679804 1145.4533468167197 1148.010877134164 1146.2713700554366 -1.0 1146.2713700554366 -1.0 1
142 nan 0.25 0.2 -1.0 1.0 1149.4629372333118 1149.4638704790718 1163.1681178396366 1148.630681996757 1164.7273332036762 1150.1361407282232 1.0 1163.0611612095163 1.0 7
143 nan 0.25 0.2 -1.0 1.0 1165.9468904198052 1165.9476903447423 1171.2291947413974 1165.4518368744089 1172.8137146646313 1166.3405201492292 -1.0 1171.008715430632 1.0 4
144 nan 1.0 0.2 -1.0 1.0 1174.2273134053373 1174.2282799813029 1174.8526213946448 1173.7758224388026 1176.394050354735 1174.6488738471453 1.0 1174.6488738471453 1.0 1
145 0.125 nan 0.2 -1.0 -1.0 1177.7635482404498 1177.7645814768268 1179.0825578011795 1176.99875334025 1181.6635882431256 1178.2249382780801 -1.0 1178.5968700435874 1.0 3
146 nan 0.125 0.2 -1.0 1.0 1183.0105892044019 1183.0115224501617 1190.8723848062282 1182.2849906261158 1192.4272988235712 1183.311727612983 -1.0 1190.3332020684732 1.0 6
147 0.125 nan 0.2 1.0 1.0 1193.6299260453604 1193.63109260256 1199.1015792655855 1193.15090432891 1200.6602967036754 1194.1310456881959 -1.0 1199.0167205618504 -1.0 6
148 nan 0.25 0.2 -1.0 1.0 1202.0299378089765 1202.0310710359706 1203.9166274333427 1201.3463019596782 1205.4967193867296 1203.3661790860579 1.0 1203.6997477847938 -1.0 2
149 nan 0.125 0.2 -1.0 1.0 1206.5935429048645 1206.5946094714473 1213.899623986904 1206.1315195933257 1215.4624373246197 1208.8181008245033 1.0 1213.4967951207045 1.0 2
150 nan 1.0 0.2 -1.0 1.0 1216.726825355968 1216.727858592345 1217.2325445671913 1216.1810432374825 1218.7768705113021 1217.0157982394655 1.0 1217.0157982394655 1.0 1
151 nan 1.0 0.2 -1.0 1.0 1220.2465950694602 1220.2474949850143 1220.7622800121906 1219.4113734445973 1222.3102804254577 1220.5314350074498 1.0 1220.5314350074498 1.0 1
152 nan 0.125 0.2 -1.0 1.0 1223.6287443635797 1223.6297775999567 1226.7635168709269 1222.9123782522752 1228.329737035715 1224.2202555242982 -1.0 1226.7002228102854 1.0 3
153 0.125 nan 0.2 1.0 1.0 1229.7267388094895 1229.7277387156607 1233.380595940549 1228.9846417793774 1234.946517931358 1230.5062656606124 1.0 1233.3172018892903 -1.0 9
154 nan 0.125 0.2 -1.0 1.0 1236.0767096105594 1236.077676186525 1240.8427623759242 1235.580722819403 1242.393182136398 1236.6986179188843 1.0 1240.592252549815 -1.0 6
155 nan 0.25 0.2 -1.0 1.0 1243.72952482259 1243.7305913891728 1246.6154206839076 1243.0893848917422 1248.1796428310681 1245.8713238414532 1.0 1245.8713238414532 1.0 1
156 nan 0.25 0.2 -1.0 1.0 1249.4099584513767 1249.4108916971365 1250.0198678856466 1248.8238467839833 1251.5963616240533 1249.8956462089689 1.0 1249.8956462089689 1.0 1
157 nan 0.0 0.2 -1.0 1.0 1252.8433029414655 1252.8441695268139 1257.3635121095203 1252.2214612935518 1258.9099285506522 1256.6588115702139 1.0 1257.3046509662381 1.0 4
158 nan 0.0625 0.2 -1.0 1.0 1260.0955224110792 1260.0967556286905 1264.2885956100997 1259.6221334993936 1265.8627114030794 1261.396766972166 1.0 1264.1478088211848 -1.0 3
159 nan 1.0 0.2 -1.0 1.0 1267.1763246327314 1267.1773578691084 1267.643514126155 1266.5508166621896 1269.2116369815087 1267.4385666912501 1.0 1267.4385666912501 1.0 1
160 nan 0.25 0.2 -1.0 1.0 1270.4263863216258 1270.4273528975916 1273.1734618761654 1269.872638283976 1274.7263840690036 1272.5643190366268 -1.0 1272.5643190366268 -1.0 1
161 nan 0.125 0.2 -1.0 1.0 1275.9951304310816 1275.9959636862243 1276.9195103562163 1275.392886944125 1278.4762281341502 1276.2387742348146 1.0 1276.2387742348146 1.0 1
162 nan 0.0 0.2 -1.0 1.0 1279.91216286642 1279.9132627632082 1281.339362274881 1279.1585335851328 1282.9122785901964 1280.1509737903252 1.0 1281.164578676143 -1.0 3
163 0.25 nan 0.8 1.0 1.0 1284.359612195412 1284.3605454411718 1284.6507848724862 1283.5922841995782 1286.2127099198817 1284.5659594989565 -1.0 1284.5659594989565 -1.0 1
164 0.125 nan 0.8 1.0 1.0 1287.4595879679987 1287.4605212137585 1287.9107123022707 1286.829713740509 1289.4789379805663 1287.817087754434 -1.0 1287.817087754434 -1.0 1
165 nan 0.0 0.8 -1.0 1.0 1291.609498550626 1291.6104651265916 1293.9450793854817 1290.1023399786689 1295.4927976146907 1291.9705313388665 1.0 1293.5004877715287 -1.0 2
166 0.0 nan 0.8 -1.0 -1.0 1296.662591047557 1296.6634243027 1304.2643443844415 1296.1828027363754 1306.828997509767 1298.3895623261656 -1.0 1304.2257813364363 1.0 6
167 0.125 nan 0.8 1.0 1.0 1309.8592527053788 1309.8603526021673 1314.9854716736356 1307.5696008939904 1316.5449866331508 1310.347573549222 -1.0 1314.8496510853713 -1.0 4
168 0.25 nan 0.8 1.0 1.0 1317.8759004429296 1317.8768670188952 1318.2219013083952 1317.2528922378162 1319.7788176081092 1318.1246104379304 -1.0 1318.1246104379304 -1.0 1
169 0.0625 nan 0.8 1.0 1.0 1321.2926464905752 1321.2935130759236 1332.5379579249552 1320.486322154062 1334.0945689730065 1322.4677362230532 1.0 1332.4285348596125 -1.0 7
170 1.0 nan 0.8 1.0 1.0 1335.5090791222708 1335.5100456982364 1335.8210831779131 1334.8426749893242 1337.3788070868557 1335.7429905059369 -1.0 1335.7429905059369 -1.0 1
171 0.25 nan 0.8 1.0 1.0 1338.47566741161 1338.4766673177812 1338.645318158669 1338.0079113046893 1340.22813719517 1338.5373616223774 -1.0 1338.5373616223774 -1.0 1
172 1.0 nan 0.8 1.0 1.0 1342.6255779942373 1342.62664456082 1342.8956526510979 1340.8884410028877 1344.4589748963574 1342.8054611144491 -1.0 1342.8054611144491 -1.0 1
173 nan 0.125 0.8 1.0 -1.0 1345.6780915538945 1345.678958139243 1353.4118658355926 1345.1049786667274 1355.958888480953 1345.7027559061191 -1.0 1353.2979098622734 -1.0 10
174 0.125 nan 0.8 1.0 1.0 1357.1781457505087 1357.1791789868857 1361.877138141987 1356.6592944382362 1363.4423509131966 1357.4378547133938 -1.0 1361.642526824001 1.0 6
175 0.25 nan 0.8 1.0 1.0 1365.6611497263405 1365.6620829721003 1365.9447564467187 1364.1744559006886 1367.4754826367641 1365.846665651317 -1.0 1365.846665651317 -1.0 1
176 nan 0.125 0.8 -1.0 1.0 1368.7619254238643 1368.7630586508583 1375.4169675977892 1368.1317845547292 1376.9752826867798 1369.275510563635 1.0 1375.2775140171025 1.0 4
177 0.0 nan 0.8 1.0 1.0 1380.610980204458 1380.6119467804235 1383.7112559488962 1377.692487401957 1385.2754708515802 1383.414217155617 1.0 1383.5461714400192 -1.0 2
178 0.0 nan 0.8 1.0 1.0 1386.594252082317 1386.5952186582826 1388.339588304271 1385.9901754340463 1389.8920111479001 1387.2840873498772 -1.0 1388.0643474655258 -1.0 5
179 0.0625 nan 0.8 1.0 1.0 1391.0448344506458 1391.046167658874 1391.639212009055 1390.5554137100141 1393.1917326490827 1391.4929923966095 -1.0 1391.4929923966095 -1.0 1
180 nan 0.0625 0.8 1.0 -1.0 1394.810647742682 1394.8114809978247 1400.5927384988813 1393.8700360073672 1403.1417283708092 1397.3660746143944 1.0 1400.448552028984 1.0 2
181 0.25 nan 0.8 1.0 1.0 1406.460687864987 1406.4616877711583 1406.8121548841889 1403.8451333021756 1408.3584762125192 1406.709731162045 -1.0 1406.709731162045 -1.0 1
182 0.25 nan 0.8 1.0 1.0 1409.8769672897527 1409.8780005261297 1410.226901119492 1409.3638821030677 1411.7948164134043 1410.134009836181 -1.0 1410.134009836181 -1.0 1
183 0.0 nan 0.8 1.0 1.0 1413.30837862791 1413.30931187367 1416.2577685311035 1412.4780232130806 1417.80848571678 1416.0723192665384 -1.0 1416.0723192665384 -1.0 1
184 0.25 nan 0.8 1.0 1.0 1420.1937325232846 1420.194599108633 1420.5466994017434 1418.5084906622237 1422.1274156419477 1420.4327767586296 -1.0 1420.4327767586296 -1.0 1
185 0.25 nan 0.8 1.0 1.0 1423.3083402561776 1423.309206841526 1423.7849288676111 1422.8337181268807 1425.3611462713254 1423.697437077625 -1.0 1423.697437077625 -1.0 1
186 nan 0.125 0.8 1.0 -1.0 1426.5748337364867 1426.575833642658 1436.9794240620618 1426.04545007921 1439.542872598109 1427.2391380664737 -1.0 1436.7845756794868 -1.0 8
187 0.125 nan 0.8 1.0 1.0 1442.7913453523706 1442.7923785887476 1443.2340038143925 1440.3172775127941 1444.8097201735588 1443.1374128782477 -1.0 1443.1374128782477 -1.0 1
188 0.25 nan 0.8 1.0 1.0 1446.9079590594947 1446.9089922958717 1447.2556597654516 1445.5121233746056 1448.8080765165262 1447.1747006957842 -1.0 1447.1747006957842 -1.0 1
189 nan 0.0625 0.8 1.0 -1.0 1450.2107158036154 1450.2116157191695 1453.887270804763 1449.4747848615596 1456.460159486244 1453.7798808819684 -1.0 1453.7798808819684 -1.0 1
190 1.0 nan 0.8 1.0 1.0 1457.6744820888644 1457.675548655447 1458.024949201895 1457.1603636658024 1459.5746757043617 1457.9298914552128 -1.0 1457.9298914552128 -1.0 1
191 nan 0.25 0.8 1.0 -1.0 1460.8108544460854 1460.8118543522567 1461.5455188403243 1460.2244761370462 1464.1097054174502 1461.4379622665012 -1.0 1461.4379622665012 -1.0 1
192 1.0 nan 0.8 1.0 1.0 1465.5912058696995 1465.5921391154593 1466.6232423592742 1464.861307694877 1468.193949684563 1466.4719898857666 -1.0 1466.4719898857666 -1.0 1
193 1.0 nan 0.8 1.0 1.0 1472.6244458878048 1472.6254124637703 1472.905886144812 1468.9556568245875 1474.4577053863036 1472.6024812822425 -1.0 1472.8141947489064 -1.0 2
194 1.0 nan 0.8 1.0 1.0 1479.1268357195822 1479.1277023049306 1479.4157752728738 1475.1576081821036 1480.9771895991894 1479.315084721427 -1.0 1479.315084721427 -1.0 1
195 nan 1.0 0.8 -1.0 1.0 1482.640905967898 1482.6419725344808 1483.0928968875185 1481.6608979294351 1484.6411202370637 1482.9557764212316 1.0 1482.9557764212316 1.0 1
196 1.0 nan 0.8 1.0 1.0 1485.8260404160715 1485.8269403316256 1486.0823163677683 1485.3016229594455 1487.643939490338 1485.9923581425596 -1.0 1485.9923581425596 -1.0 1
197 0.25 nan 0.8 1.0 1.0 1488.9576132236705 1488.958579799636 1489.360775391927 1488.3132403566976 1490.9260631633251 1489.227654550325 -1.0 1489.227654550325 -1.0 1
198 1.0 nan 0.8 1.0 1.0 1492.1909098190933 1492.191876395059 1492.4985809479936 1491.5999652718722 1494.0410018539083 1492.2191738335348 1.0 1492.2191738335348 1.0 1
199 0.25 nan 0.8 1.0 1.0 1496.059446805125 1496.0605133717077 1498.1972461993032 1494.6980078925278 1499.7408661455897 1496.1850350202367 1.0 1498.1251196341489 -1.0 4
200 1.0 nan 0.8 1.0 1.0 1500.8927265954048 1500.8938264921933 1501.1754667304347 1500.4139715206002 1502.724285884879 1501.0843419480263 -1.0 1501.0843419480263 -1.0 1
201 0.25 nan 0.8 1.0 1.0 1504.859854329924 1504.8607875756838 1505.1512269882323 1503.4353879983307 1506.6908163706794 1505.0525362491278 -1.0 1505.0525362491278 -1.0 1
202 0.0625 nan 0.8 1.0 1.0 1508.1102826510812 1508.1114158780754 1514.600506957775 1507.3593197862508 1516.1601218387136 1508.4380852242298 -1.0 1514.462586566551 -1.0 6
203 nan 0.125 0.8 -1.0 1.0 1517.8739664510772 1517.8749996874542 1524.0521867021284 1517.1919304516532 1525.6101965985295 1522.1226011030149 -1.0 1523.7378162018808 1.0 6
204 0.0625 nan 0.8 -1.0 -1.0 1527.4739322806304 1527.4749655170074 1531.5909126200172 1526.3921004637264 1534.140598194985 1527.967585957387 -1.0 1531.1801844950646 1.0 5
205 0.0625 nan 0.8 1.0 1.0 1535.4595162664602 1535.4604828424258 1540.791249283119 1534.866405255868 1542.3404644754337 1536.322701933913 -1.0 1540.7062905887667 -1.0 2
206 nan 1.0 0.8 -1.0 1.0 1544.0599092267992 1544.0607424819418 1544.6520869916317 1543.0879670981178 1546.2094048166264 1544.4725038432714 1.0 1544.4725038432714 1.0 1
207 0.125 nan 0.8 1.0 1.0 1547.3403347330948 1547.3414012996775 1547.7800268068083 1546.8894103800571 1549.3598408261532 1547.6657042012264 -1.0 1547.6657042012264 -1.0 1
208 1.0 nan 0.8 1.0 1.0 1551.507110399811 1551.508010315365 1551.7762518109114 1550.0507470613543 1553.359870013843 1551.6921597019075 -1.0 1551.6921597019075 -1.0 1
209 0.0625 nan 0.8 1.0 1.0 1554.6903116960532 1554.6913116022245 1557.2477050499024 1554.0560712116157 1558.8261181553416 1554.8983255098833 -1.0 1556.9118698971781 -1.0 3
210 nan 1.0 0.2 -1.0 1.0 1560.2401909090775 1560.2412574756602 1560.8134371170675 1559.5550218703168 1562.3930532992813 1560.5389628730534 1.0 1560.5389628730534 1.0 1
211 nan 0.125 0.2 -1.0 1.0 1563.5402145763298 1563.5412478127068 1568.0327263434406 1563.0736583568148 1569.609838363501 1567.6967245396877 1.0 1567.8217461413024 1.0 2
212 nan 0.0625 0.2 -1.0 1.0 1570.973517053561 1570.9745169597322 1571.7486443175305 1570.3324438769532 1573.326162624541 1571.4439729071441 1.0 1571.6731514015994 1.0 2
213 nan 0.125 0.2 -1.0 1.0 1574.473488624862 1574.4744885310333 1576.8401998718498 1574.0200645063962 1578.409817043589 1574.5630468876022 -1.0 1576.825167949075 1.0 7
214 nan 0.0625 0.2 -1.0 1.0 1579.7065975628275 1579.7074308179704 1584.3393628355618 1579.0935217590154 1585.890078375788 1580.1723205272 -1.0 1583.740352378559 1.0 4
215 nan 0.125 0.2 -1.0 1.0 1587.1256013818095 1587.1263679765407 1587.6280209026675 1586.630081213533 1589.1919068751529 1587.4262065070993 1.0 1587.4262065070993 1.0 1
216 nan 0.125 0.2 -1.0 1.0 1590.4732872432257 1590.4743204796027 1591.7107377905854 1589.8640110828644 1593.2732549636469 1591.10902758692 1.0 1591.337906109524 1.0 2
217 nan 0.25 0.2 -1.0 1.0 1594.6428293170159 1594.6436292419528 1595.0390921326907 1593.947361244691 1596.6093056032696 1594.8800737212528 1.0 1594.8800737212528 1.0 1
218 nan 0.0625 0.2 1.0 -1.0 1597.8566610723046 1597.8575943180645 1605.0698508710332 1597.290614188748 1607.6430004731808 1599.032984022394 1.0 1604.9618943347416 -1.0 7
219 nan 1.0 0.2 -1.0 1.0 1609.0396783522147 1609.0405116073573 1609.411010174019 1608.4040046689317 1610.9921270837735 1609.2414260873713 1.0 1609.2414260873713 1.0 1
220 nan 0.125 0.2 -1.0 1.0 1612.4231275243567 1612.424127430528 1613.8098640630872 1611.6906295934891 1615.3754771675974 1612.9318797842996 1.0 1613.5980172756006 -1.0 3
221 nan 0.25 0.2 -1.0 1.0 1617.4228916921534 1617.4237582775017 1617.720097136461 1616.0958828820535 1619.292012606142 1617.6334719318231 1.0 1617.6334719318231 1.0 1
222 nan 1.0 0.2 -1.0 1.0 1620.4563070439392 1620.4574069407277 1620.884433536272 1619.9881176443441 1622.4396483169737 1620.7075168043682 1.0 1620.7075168043682 1.0 1
223 nan 0.125 0.2 -1.0 1.0 1623.7088018378506 1623.7097017534047 1624.2811481302863 1623.1439548416993 1625.823169779347 1623.981042958082 -1.0 1623.981042958082 -1.0 1
224 nan 0.0 0.2 -1.0 1.0 1627.758921784585 1627.7600216813735 1629.3287078130695 1626.5351699517716 1630.8729230012207 1628.2492424407708 -1.0 1629.0802311295085 1.0 3
225 0.0625 nan 0.2 -1.0 -1.0 1632.1090802431122 1632.1099801586665 1638.0335909683063 1631.5964283491014 1640.6092066761794 1637.732119257668 1.0 1637.8603738892364 1.0 2
226 nan 0.0625 0.2 -1.0 1.0 1642.7393493915433 1642.740215976892 1646.8243660636554 1641.3816101317798 1648.3922021816595 1646.6298509831372 1.0 1646.6298509831372 1.0 1
227 nan 0.0 0.2 -1.0 1.0 1650.0893930149132 1650.0901596096446 1658.7247826912467 1649.505414480685 1660.2728245649287 1651.1420609018219 1.0 1658.5769298987213 1.0 8
228 nan 0.125 0.2 -1.0 1.0 1661.6084787589875 1661.6093786745416 1662.2886149366861 1661.0680294734152 1663.839338912515 1662.1772253892066 1.0 1662.1772253892066 1.0 1
229 nan 1.0 0.2 -1.0 1.0 1665.1074170939114 1665.1083503396712 1665.5144455660304 1664.5344375275672 1667.0919610231008 1665.1275485381598 1.0 1665.2630024941614 1.0 2
230 nan 1.0 0.2 -1.0 1.0 1668.389209138641 1668.3903090354295 1668.7818056316878 1667.7946649292032 1670.3391913418714 1668.6252536554725 1.0 1668.6252536554725 1.0 1
231 nan 0.0625 0.2 -1.0 1.0 1671.6083403966377 1671.6093069726032 1674.2791564405147 1671.0296946953229 1675.8419701286023 1674.1431358710163 1.0 1674.1431358710163 1.0 1
232 0.0625 nan 0.2 -1.0 -1.0 1676.9891021458943 1676.9902353728885 1681.5405750469042 1676.539877633348 1684.1084294767518 1677.582646449161 1.0 1681.4983790064766 1.0 6
233 nan 0.125 0.2 -1.0 1.0 1685.35571704339 1685.356516968327 1685.8271394729388 1684.8490312562012 1687.3918569102823 1685.6630882004388 1.0 1685.6630882004388 1.0 1
234 nan 0.0 0.2 -1.0 1.0 1688.6555740596139 1688.656473975168 1689.803399683822 1688.0932601590966 1691.3557162194177 1689.5736212456638 1.0 1689.6867772940461 1.0 2
235 nan 1.0 0.2 -1.0 1.0 1692.7244922423683 1692.7254254881282 1693.1286209865905 1692.0290241700434 1694.691142788042 1692.9332393207242 1.0 1692.9332393207242 1.0 1
236 1.0 nan 0.2 1.0 1.0 1695.8889619630022 1695.8900618597904 1700.0047757451891 1695.3722437838949 1701.555718283982 1696.1417715733053 1.0 1699.9495475943293 -1.0 6
237 nan 0.125 0.2 -1.0 1.0 1702.808046026554 1702.8093459045767 1703.4797163320027 1702.3298242350406 1705.0418372246088 1703.2941337466148 1.0 1703.2941337466148 1.0 1
238 0.0625 nan 0.2 1.0 1.0 1706.4054751193482 1706.406308374491 1706.926859527255 1705.7376377875562 1708.4722752545592 1706.8351348011436 -1.0 1706.8351348011436 -1.0 1
239 nan 1.0 0.2 -1.0 1.0 1709.8914480042515 1709.8922812593942 1710.4714935742059 1709.1799814331862 1712.0221102375142 1710.1208931403526 1.0 1710.4324972335264 1.0 2
240 nan 0.125 0.2 -1.0 1.0 1713.3743878404352 1713.3752544257836 1713.857609162805 1712.733014691976 1715.4054290150061 1713.6665937538862 1.0 1713.6665937538862 1.0 1
241 nan 0.0625 0.2 -1.0 1.0 1716.6250494730325 1716.6262160302324 1718.928566649996 1716.1290293516704 1720.4720836770514 1716.9611512674026 1.0 1718.8281760704003 1.0 4
242 nan 0.0 0.2 -1.0 1.0 1721.674308996307 1721.6751755816554 1723.776511730788 1721.1768890063051 1725.3411279474 1723.3334533062975 1.0 1723.7010854752682 1.0 2
243 nan 0.0 0.2 -1.0 1.0 1726.5386525383078 1726.5397857653018 1729.0470838199703 1726.0450321917567 1730.5884931592839 1728.9372607921591 1.0 1728.9372607921591 1.0 1
244 nan 0.0 0.2 -1.0 1.0 1732.0083059461904 1732.0094058429788 1733.9493238058624 1731.3501010438483 1735.4887395010371 1732.330942337454 -1.0 1733.8870629815979 1.0 4
245 nan 1.0 0.2 -1.0 1.0 1736.757526957672 1736.7583602128148 1737.0886625513915 1736.211444867335 1738.638676270298 1736.9623410717543 1.0 1736.9623410717543 1.0 1
246 nan 0.125 0.2 -1.0 1.0 1739.957026724506 1739.9579933004716 1740.664293689652 1739.366982092839 1742.224908735335 1740.3887195488496 1.0 1740.3887195488496 1.0 1
247 0.125 nan 0.2 -1.0 -1.0 1743.5885526177408 1743.5896191843233 1748.9259184391642 1742.9456129496132 1751.4912011565846 1743.939986306737 -1.0 1748.4702611969158 1.0 3
248 nan 0.0 0.2 -1.0 1.0 1752.8216528730543 1752.8225527886086 1756.912435670754 1752.248006702596 1758.4910486388608 1753.2316144032757 1.0 1756.791580344853 1.0 2
249 0.125 nan 0.2 1.0 1.0 1759.7550022646496 1759.7558021895868 1760.2587549937361 1759.2304514872008 1761.8405977648367 1760.0228104675218 -1.0 1760.1802290290857 -1.0 2
250 nan 0.0 0.2 -1.0 1.0 1763.2050785180043 1763.2061117543813 1765.8719282674022 1762.5421073962457 1767.438340591747 1763.3882613285812 1.0 1765.6100195109404 -1.0 4
251 0.25 nan 0.2 1.0 1.0 1768.8411829731979 1768.8420495585465 1770.1797573646788 1768.2069424887607 1771.7383733779957 1770.0918322820185 -1.0 1770.0918322820185 -1.0 1
252 nan 0.125 0.2 -1.0 1.0 1773.224138354143 1773.2250049394913 1777.5064365138467 1772.4663761273478 1779.071440928838 1774.0711922020325 1.0 1777.0461797032106 1.0 3
253 nan 0.25 0.2 -1.0 1.0 1783.3743525497466 1783.375252465301 1785.4851211470948 1780.2187486638315 1787.0572247775347 1784.1625452543542 1.0 1784.8941432696677 1.0 4
254 0.25 nan 0.8 1.0 1.0 1788.3380867651717 1788.339219992166 1788.6720554263763 1787.8614314933268 1790.2380646977383 1788.5634322859707 -1.0 1788.5634322859707 -1.0 1
255 nan 0.0625 0.8 1.0 -1.0 1791.5233878643737 1791.524521091368 1794.0734819031727 1790.9805721341963 1796.6575299568124 1791.9829114104843 -1.0 1793.3950455659651 -1.0 2
256 0.125 nan 0.8 1.0 1.0 1798.0879051995928 1798.0887717849412 1803.3064821678693 1797.420834462532 1804.8740922430168 1798.4526376406668 -1.0 1803.2003921230973 -1.0 4
257 0.125 nan 0.8 1.0 1.0 1806.371061261993 1806.3720278379585 1810.7042546458144 1805.6464959200841 1812.274062402757 1806.8274184385614 -1.0 1810.6127299009374 -1.0 2
258 0.0 nan 0.8 1.0 1.0 1813.7876653061637 1813.7886318821295 1816.225603202752 1813.0587670375128 1817.7877141615043 1816.1275124073502 -1.0 1816.1275124073502 -1.0 1
259 0.125 nan 0.8 1.0 1.0 1821.7072888148955 1821.7082220606553 1823.5701806723855 1818.5514182873346 1825.1210869399717 1822.6404012539258 -1.0 1823.20468163658 1.0 3
260 1.0 nan 0.8 1.0 1.0 1826.407147791722 1826.408181028099 1826.6569243533056 1825.925592979638 1828.2044347108788 1826.5689992706452 -1.0 1826.5689992706452 -1.0 1
261 0.125 nan 0.8 1.0 1.0 1829.5561856271127 1829.5571522030782 1830.0066433572704 1828.9212452083552 1831.5735589286235 1829.9133854416964 -1.0 1829.9133854416964 -1.0 1
262 0.0625 nan 0.8 1.0 1.0 1832.8209126065192 1832.8218125220733 1834.1832847648764 1832.3007614162238 1835.737493878351 1833.1009196646808 -1.0 1834.1066252917456 -1.0 3
263 0.0625 nan 0.8 1.0 1.0 1837.3571869337259 1837.35808684928 1841.8725632219528 1836.508199933905 1843.4404728461152 1837.797378960525 -1.0 1841.688247184382 -1.0 2
264 1.0 nan 0.8 1.0 1.0 1844.654035548784 1844.6550354549552 1844.9991031684897 1844.2051776685003 1846.5729156826815 1844.907545093407 -1.0 1844.907545093407 -1.0 1
265 1.0 nan 0.8 1.0 1.0 1847.9040639074728 1847.9049971532327 1848.2044023911171 1847.2738230477205 1849.7542249835835 1848.1108111734861 -1.0 1848.1108111734861 -1.0 1
266 0.0625 nan 0.8 1.0 1.0 1851.2398175552455 1851.2406508103882 1851.888256707315 1850.485521669844 1853.4569692897485 1851.7782336982693 -1.0 1851.7782336982693 -1.0 1
267 0.0625 nan 0.8 1.0 1.0 1854.6539971770515 1854.6549304228113 1855.2132780288491 1854.1601768492662 1856.7897925758375 1854.6227334440962 -1.0 1855.080157187247 -1.0 3
268 1.0 nan 0.8 1.0 1.0 1858.5706629801268 1858.571562895681 1858.8702348690397 1857.5381931978777 1860.420740109996 1858.7801766532139 -1.0 1858.7801766532139 -1.0 1
269 0.0625 nan 0.8 1.0 1.0 1862.0069738585237 1862.0082070761348 1862.624149277638 1861.196349925474 1864.1899618993352 1862.485195650037 -1.0 1862.485195650037 -1.0 1
270 0.0625 nan 0.8 1.0 1.0 1865.6707300606788 1865.671863287673 1866.701000049351 1864.9671627483667 1868.254006166279 1866.0518942931674 1.0 1866.0518942931674 1.0 1
271 0.125 nan 0.8 1.0 1.0 1869.6399909283632 1869.6408241835059 1870.0382202261749 1869.0406138390974 1871.6062330238294 1869.9299637180318 -1.0 1869.9299637180318 -1.0 1
272 0.25 nan 0.8 1.0 1.0 1872.8705877771238 1872.8714543624722 1873.266550620947 1872.3661351137173 1874.840060190616 1873.1827918140002 -1.0 1873.1827918140002 -1.0 1
273 0.25 nan 0.8 1.0 1.0 1876.0870526186636 1876.0880858550406 1876.4003898825342 1875.6001649736659 1877.9729950345002 1876.2893336371117 -1.0 1876.2893336371117 -1.0 1
274 0.125 nan 0.8 1.0 1.0 1880.7869782559017 1880.7880448224844 1881.314128789396 1878.7423034564745 1882.8705386928639 1881.1992395703166 -1.0 1881.1992395703166 -1.0 1
275 0.125 nan 0.8 1.0 1.0 1884.3562766550774 1884.3573432216601 1884.761971918968 1883.6594420443184 1886.3231831014407 1884.6672474743427 -1.0 1884.6672474743427 -1.0 1
276 0.0625 nan 0.8 1.0 1.0 1887.6370687936358 1887.6380020393956 1888.222413866298 1887.0505904939794 1889.770527711139 1888.1243897313077 -1.0 1888.1243897313077 -1.0 1
277 0.0 nan 0.8 1.0 1.0 1891.1893687878999 1891.19030203366 1891.505639109873 1890.4961338393575 1893.0734539926145 1891.4144143368474 -1.0 1891.4144143368474 -1.0 1
278 1.0 nan 0.8 1.0 1.0 1894.2702130224097 1894.2712462587867 1894.5074574266466 1893.8003571125294 1896.0731714003296 1894.3560383021106 -1.0 1894.3560383021106 -1.0 1
279 nan 0.125 0.8 1.0 -1.0 1897.503576278244 1897.5045761844153 1898.3885599002306 1896.8366721922118 1900.937010947396 1897.7969487488951 1.0 1898.2814699492876 -1.0 2
280 1.0 nan 0.8 1.0 1.0 1902.4064495380444 1902.4075161046271 1902.6719579567227 1901.7004157905099 1904.239653275261 1902.5726006135042 -1.0 1902.5726006135042 -1.0 1
281 0.25 nan 0.8 1.0 1.0 1906.4202395605562 1906.4211394761103 1906.7581745162402 1905.4148672355486 1908.3036876396845 1906.6254536371068 -1.0 1906.6254536371068 -1.0 1
282 0.25 nan 0.8 1.0 1.0 1909.6218391303498 1909.6227723761097 1909.9345097901064 1909.083889610206 1911.4867195467848 1909.8399186663041 -1.0 1909.8399186663041 -1.0 1
283 1.0 nan 0.8 1.0 1.0 1912.8062069837918 1912.807106899346 1913.1022458708997 1912.247526075697 1914.6732564061062 1913.0045217077607 -1.0 1913.0045217077607 -1.0 1
284 0.125 nan 0.8 1.0 1.0 1915.8701194738014 1915.8713860216185 1916.5281910553208 1915.416062081427 1918.070199705699 1916.4358663855069 -1.0 1916.4358663855069 -1.0 1
285 nan 0.25 0.8 1.0 -1.0 1919.3894892248252 1919.3903558101736 1919.7093592090148 1918.8466068342361 1922.2726417191088 1919.5860041176857 -1.0 1919.5860041176857 -1.0 1
286 0.0625 nan 0.8 -1.0 -1.0 1924.6365968491884 1924.6376634157712 1929.5392701277547 1923.0478459336555 1932.1063140752726 1925.8239187671618 1.0 1929.2471642049206 -1.0 2
287 1.0 nan 0.8 1.0 1.0 1933.8198684469671 1933.8209016833441 1934.0874433383995 1932.936118042592 1935.6553498837964 1933.9904191095804 -1.0 1933.9904191095804 -1.0 1
288 nan 1.0 0.8 -1.0 1.0 1937.0365999301528 1937.037599836324 1937.5979805849101 1936.4344564338132 1939.1720888817088 1937.451027707939 1.0 1937.451027707939 1.0 1
289 0.0625 nan 0.8 -1.0 -1.0 1940.4032840088232 1940.4041839243775 1945.3151230939593 1939.9373943934222 1947.8696678984843 1940.7417855780043 1.0 1945.0848447027156 1.0 4
290 0.0625 nan 0.8 1.0 1.0 1950.155668869084 1950.1567354356666 1952.5438114383426 1948.6985722661016 1954.0864473427487 1950.7846098508135 -1.0 1952.4581528096703 -1.0 4
291 0.125 nan 0.8 1.0 1.0 1955.6392543029528 1955.6403541997413 1956.2270658108378 1954.9058564565312 1957.7885777461127 1956.1101101190047 -1.0 1956.1101101190047 -1.0 1
292 0.0 nan 0.8 1.0 1.0 1959.1363928067688 1959.1373260525286 1962.222103251312 1958.5432817961762 1963.7697410036337 1962.1186129625853 -1.0 1962.1186129625853 -1.0 1
293 0.25 nan 0.8 1.0 1.0 1965.3386774663418 1965.3396107121018 1965.483563870559 1964.5970470591099 1967.036374398029 1965.382073394175 -1.0 1965.382073394175 -1.0 1
294 0.0 nan 0.8 -1.0 -1.0 1968.5054136409638 1968.5062468961066 1968.8059187756367 1967.807879095885 1971.3891012070767 1968.5918388643674 -1.0 1968.5918388643674 -1.0 1
295 0.0 nan 0.8 1.0 1.0 1972.6529244487801 1972.6538910247457 1973.4808134283871 1972.1773024133122 1975.038749499576 1973.3338938816216 -1.0 1973.3338938816216 -1.0 1
296 0.125 nan 0.8 1.0 1.0 1976.3195470486264 1976.320513624592 1976.8075679206183 1975.8296596851148 1978.3890738213731 1976.668081009726 -1.0 1976.668081009726 -1.0 1
297 0.0625 nan 0.8 1.0 1.0 1980.736099276926 1980.737132513303 1983.2861266553136 1979.2211747670387 1984.871225946957 1981.3303435145126 -1.0 1983.1574387310711 -1.0 3
298 0.0625 nan 0.8 1.0 1.0 1986.2028529569122 1986.2037528724663 1986.9734473129051 1985.7128322725778 1988.5553811093914 1986.8965878585402 -1.0 1986.8965878585402 -1.0 1
299 1.0 nan 0.8 1.0 1.0 1990.0693234701898 1990.0703900367726 1990.3246995063325 1989.3478911676175 1991.8862112505121 1990.2326414781642 -1.0 1990.2326414781642 -1.0 1
300 0.25 nan 0.8 1.0 1.0 1993.2220942886197 1993.2230275343795 1993.5119337574656 1992.6624134743533 1995.0692424027454 1993.4277749880503 -1.0 1993.4277749880503 -1.0 1
301 0.125 nan 0.8 1.0 1.0 1996.3721986905928 1996.37299861553 2001.2082782181524 1995.8615466089245 2002.7880142333431 1996.7862598361164 -1.0 2001.155516502515 -1.0 4
302 nan 0.0625 0.8 1.0 -1.0 2004.2190956904674 2004.21992894561 2004.850569767831 2003.6159189577509 2007.4222444171962 2004.7369804267746 -1.0 2004.7369804267746 -1.0 1
303 0.125 nan 0.8 1.0 1.0 2010.3858836809604 2010.3868835871317 2010.775080493025 2008.2825477194856 2012.3359121055628 2010.682289200331 -1.0 2010.682289200331 -1.0 1
304 nan 0.0 0.8 1.0 -1.0 2013.8206613698947 2013.8214946250373 2019.0077746239817 2013.1763218331273 2021.5690782104045 2016.1719740618448 1.0 2018.8917855081143 -1.0 4
305 nan 0.0 0.8 1.0 -1.0 2024.8050306237785 2024.8060638601555 2025.8843960054603 2022.4812820119498 2028.4357663046885 2025.7719065611923 -1.0 2025.7719065611923 -1.0 1
306 1.0 nan 0.8 1.0 1.0 2035.8215968563775 2035.8226300927545 2036.4371390954122 2029.3022752800998 2038.0212627092603 2036.3489140409004 -1.0 2036.3489140409004 -1.0 1
307 nan 0.0625 0.8 -1.0 1.0 2039.418992618966 2039.4199925251373 2040.5422872117722 2038.9514698234852 2042.1022956793086 2040.431664259024 1.0 2040.431664259024 1.0 1
308 0.25 nan 0.8 1.0 1.0 2043.705157082532 2043.7062236491147 2044.040692263405 2042.8958996879164 2045.6022336007657 2043.9457011771342 -1.0 2043.9457011771342 -1.0 1
309 0.25 nan 0.8 1.0 1.0 2047.0375777097336 2047.0385442856991 2047.3034527606746 2046.3793394771858 2048.852261789529 2047.198929235571 -1.0 2047.198929235571 -1.0 1
310 nan 1.0 0.8 -1.0 1.0 2051.1205279090914 2051.121494485057 2051.497892498129 2049.635867225988 2053.0520883662075 2051.3433736644624 1.0 2051.3433736644624 1.0 1
311 nan 1.0 0.8 -1.0 1.0 2055.288403472596 2055.289470039179 2055.5942081099765 2053.993591641211 2057.1706419913703 2055.4613205798146 1.0 2055.4613205798146 1.0 1
312 nan 0.0 0.8 -1.0 1.0 2058.5855274119517 2058.586427327506 2060.1587464516247 2057.9762512515904 2061.7186863171946 2059.867507114139 1.0 2059.867507114139 1.0 1
313 nan 1.0 0.2 -1.0 1.0 2064.63809278748 2064.6390593634455 2065.0041917669882 2062.5116923236546 2066.551932125079 2064.854905775617 1.0 2064.854905775617 1.0 1
314 nan 0.25 0.2 -1.0 1.0 2067.888087815963 2067.8890210617233 2068.625751928716 2067.3666367476453 2070.204560567417 2068.2489872833808 1.0 2068.5518588626587 1.0 2
315 nan 0.0625 0.2 -1.0 1.0 2071.718595037281 2071.7196616038636 2075.373418744306 2070.9907633352123 2076.954821899824 2072.3790330634056 1.0 2075.1616719474364 1.0 3
316 nan 0.125 0.2 -1.0 1.0 2078.485260070125 2078.4862599762964 2078.9804469363444 2077.7767265571624 2080.535355283681 2078.805463356372 1.0 2078.805463356372 1.0 1
317 0.125 nan 0.2 -1.0 -1.0 2081.8380121228092 2081.8389120383636 2082.4532210597868 2081.3309597033576 2085.002001091717 2081.896273322389 1.0 2081.896273322389 1.0 1
318 nan 0.0 0.2 -1.0 1.0 2087.5375439594673 2087.538510535433 2091.443177464453 2085.793807587387 2092.9849790986113 2088.320903784247 -1.0 2091.238363350371 1.0 4
319 nan 0.125 0.2 -1.0 1.0 2094.5380537155665 2094.5391202821493 2094.648976640166 2093.8353863188086 2096.220814325643 2094.5256548790426 1.0 2094.5256548790426 1.0 1
320 nan 0.0625 0.2 -1.0 1.0 2097.668393305554 2097.669426541931 2099.117723970606 2097.0274201195634 2100.6685632821873 2098.9674047428584 1.0 2098.9674047428584 1.0 1
321 nan 0.125 0.2 -1.0 1.0 2102.004386426655 2102.005386332826 2102.3451544498243 2101.4774692046008 2103.9202900310447 2102.1741038341256 1.0 2102.1741038341256 1.0 1
322 nan 1.0 0.2 -1.0 1.0 2105.5516202296517 2105.5526867962344 2105.7991969976583 2104.773393256551 2107.3697305480327 2105.695206755846 1.0 2105.695206755846 1.0 1
323 nan 1.0 0.2 -1.0 1.0 2108.8182470307834 2108.819346927572 2109.1536488908337 2108.1987384972695 2110.7203566814733 2108.932702957188 1.0 2108.932702957188 1.0 1
324 nan 0.0625 0.2 1.0 -1.0 2112.051610286618 2112.052643522995 2112.8099724571157 2111.5267595373175 2115.387684392477 2112.3354169882305 1.0 2112.622890012471 -1.0 2
325 0.25 nan 0.2 -1.0 -1.0 2116.7848327993593 2116.7859326961475 2122.081235797966 2116.2047872294047 2124.653973046437 2117.127800616105 1.0 2121.991810856049 1.0 7
326 0.125 nan 0.2 -1.0 -1.0 2126.0680616840596 2126.0688616089965 2128.2084941644885 2125.5203797438485 2130.7706363489133 2126.2721092034103 1.0 2128.159632082919 1.0 3
327 0.25 nan 0.2 1.0 1.0 2132.134659076191 2132.135792303185 2135.299895391556 2131.607341891668 2136.8513961840217 2132.4817265082393 -1.0 2135.1645414261716 -1.0 4
328 0.0625 nan 0.2 -1.0 -1.0 2138.3870057047393 2138.388072271322 2141.4383860374023 2137.7195016750043 2143.9844637380324 2141.3077649612283 1.0 2141.3077649612283 1.0 1
329 nan 0.0625 0.2 -1.0 1.0 2145.30415661636 2145.3050232017085 2147.403092990681 2144.8209686241958 2148.9698269012356 2147.1614823294963 1.0 2147.326966800842 1.0 2
330 0.125 nan 0.2 -1.0 -1.0 2150.4178100970644 2150.4186433522073 2153.528918158358 2149.7867359821694 2156.0845934414688 2151.190970878897 1.0 2153.406596303406 1.0 2
331 0.0625 nan 0.2 -1.0 -1.0 2157.603702457317 2157.6045690426654 2159.572551038756 2156.9311988967256 2162.1179570520867 2159.4461628987074 1.0 2159.4461628987074 1.0 1
332 nan 0.0625 0.2 -1.0 1.0 2163.920576364118 2163.921509609878 2169.375997774163 2162.993463362115 2170.917831784689 2169.195681361277 -1.0 2169.195681361277 -1.0 1
333 0.125 nan 0.2 -1.0 -1.0 2172.353585031386 2172.354418286529 2172.895734157449 2171.7980371626277 2175.4705780672284 2172.6606895467894 1.0 2172.6606895467894 1.0 1
334 nan 0.0 0.2 1.0 -1.0 2176.850896348119 2176.8520295751127 2184.730956902674 2176.2783834046545 2187.284291340651 2177.445507217968 1.0 2184.560839532735 1.0 4
335 nan 0.0 0.2 -1.0 1.0 2188.786742984379 2188.787642899933 2203.9805505682866 2188.2093971610866 2205.5507639990747 2189.06225046477 1.0 2203.939154452796 1.0 8
336 nan 0.0 0.2 1.0 -1.0 2210.368951096539 2210.3700509933274 2212.1213533221035 2206.5947719228698 2214.6840565290827 2211.8733432614226 -1.0 2211.8733432614226 -1.0 1
337 0.25 nan 0.2 1.0 1.0 2216.2363671793537 2216.237333755319 2216.590167312955 2215.555264425689 2218.150474459666 2216.480977559052 -1.0 2216.480977559052 -1.0 1
338 nan 0.125 0.2 -1.0 1.0 2220.669084557422 2220.6699511427705 2221.098110965309 2219.004374103078 2222.6670126541 2220.956057628577 1.0 2220.956057628577 1.0 1
339 nan 0.25 0.2 -1.0 1.0 2224.002705072029 2224.0036049875835 2224.5566530909136 2223.5113178492606 2226.1171525168847 2224.3965347826875 1.0 2224.3965347826875 1.0 1
340 nan 0.0625 0.2 -1.0 1.0 2227.5191750951562 2227.520241661739 2229.1495887678257 2226.9707598904197 2230.7191186399286 2227.9591671407215 1.0 2228.9986362661693 1.0 3
341 nan 0.0 0.2 -1.0 1.0 2232.10044520007 2232.101511766653 2233.284734069324 2231.5701282970335 2234.850352338371 2232.5703344401563 -1.0 2233.1531797473904 -1.0 4
342 nan 0.0 0.2 -1.0 1.0 2238.6691621412083 2238.670128717174 2245.3586344176306 2236.2250581565645 2246.9168636653576 2245.203049017381 1.0 2245.203049017381 1.0 1
343 nan 1.0 0.2 -1.0 1.0 2248.369085257683 2248.3700518336486 2248.6558916778094 2247.817170381347 2250.2168936183402 2248.5579008730247 1.0 2248.5579008730247 1.0 1
344 nan 0.0625 0.2 -1.0 1.0 2251.7196041865845 2251.7206707531673 2253.8697357568753 2251.0764978674288 2255.4334366191006 2252.2074917377536 1.0 2253.7875767998025 1.0 3
345 nan 0.25 0.2 -1.0 1.0 2257.0195068567914 2257.0206400837856 2257.4782638081706 2256.293241674391 2259.05156654496 2257.2766160636306 1.0 2257.2766160636306 1.0 1
346 nan 0.0625 0.2 -1.0 1.0 2261.966675959979 2261.967575875533 2263.0441081897293 2259.8707726343773 2264.6196385152502 2262.114895384767 1.0 2262.977747750163 1.0 3
347 nan 0.125 0.2 -1.0 1.0 2266.0166959160965 2266.017529171239 2266.6304383240226 2265.4724469870735 2268.183377176505 2266.5031835986256 1.0 2266.5031835986256 1.0 1
348 1.0 nan 0.2 1.0 1.0 2269.7187485246113 2269.7198484213995 2270.0632828610255 2269.015181212299 2271.616814456895 2269.9536598144487 -1.0 2269.9536598144487 -1.0 1
349 nan 0.125 0.2 -1.0 1.0 2272.9691768457687 2272.970143421734 2281.347290664234 2272.491921630221 2282.899820111218 2273.476195935015 1.0 2281.2218024397393 -1.0 5
350 0.0625 nan 0.2 -1.0 -1.0 2284.469231042383 2284.470364269377 2293.114619780429 2283.817525530154 2295.666522368309 2285.272389009354 -1.0 2293.037993637504 1.0 6
351 nan 0.0625 0.2 -1.0 1.0 2297.085780469839 2297.086580394776 2298.0242590719886 2296.583227628158 2299.583058427134 2297.6538938261497 1.0 2297.6538938261497 1.0 1
352 nan 0.125 0.2 -1.0 1.0 2301.1525988496337 2301.153565425599 2301.3046845782837 2300.437865918409 2302.8497883774603 2301.1898286894107 1.0 2301.1898286894107 1.0 1
353 nan 0.0625 0.2 -1.0 1.0 2304.402227245854 2304.4035271238768 2304.751127839216 2303.705392635095 2306.2998286180064 2304.6489040983065 1.0 2304.6489040983065 1.0 1
354 0.25 nan 0.2 1.0 1.0 2308.402351884025 2308.403485111019 2308.885273234543 2307.134237547413 2310.433172962923 2308.7838494185708 -1.0 2308.7838494185708 -1.0 1
355 nan 0.25 0.2 -1.0 1.0 2311.835396402262 2311.836462968845 2312.298086317915 2311.304779527374 2313.8690153227753 2312.1513000919726 1.0 2312.1513000919726 1.0 1
356 nan 0.0625 0.2 -1.0 1.0 2315.4162270526135 2315.417093637962 2317.0354417761646 2314.731024683647 2318.602345432663 2315.681368839029 1.0 2316.949449845435 1.0 2
357 nan 0.125 0.2 -1.0 1.0 2320.0993875963795 2320.100387502551 2320.51658178124 2319.457847796892 2322.085481607006 2320.3883271496716 1.0 2320.3883271496716 1.0 1
358 nan 1.0 0.2 -1.0 1.0 2324.949532470748 2324.9506656977424 2325.3880246570566 2322.9312885244485 2326.95232421394 2325.209741386719 1.0 2325.209741386719 1.0 1
359 nan 0.125 0.2 -1.0 1.0 2328.499499350613 2328.500332605756 2330.9869659328847 2327.8348283883633 2332.5517898553767 2329.2520287351117 -1.0 2330.5814706502283 1.0 2
360 nan 0.25 0.2 -1.0 1.0 2334.216196243211 2334.2172628097937 2339.8360688882244 2333.473399278779 2341.4019666516365 2339.3312162623497 1.0 2339.552128865789 -1.0 2
361 nan 0.0625 0.2 1.0 -1.0 2342.8658845777936 2342.8668511537594 2345.978492498344 2342.299571052591 2348.5325309073473 2343.610248061894 -1.0 2345.81260806453 -1.0 2
362 nan 0.25 0.2 -1.0 1.0 2350.4354076057575 2350.4364408421343 2350.8952644539254 2349.4221360219967 2352.4492671416606 2350.698516249625 1.0 2350.698516249625 1.0 1
363 nan 0.125 0.2 -1.0 1.0 2353.801858372988 2353.8027249583365 2359.5016568512915 2353.2884732144516 2361.0678507041775 2354.132360692799 1.0 2359.4352297513137 1.0 3
364 0.25 nan 0.2 -1.0 -1.0 2362.649194827425 2362.6503280544193 2367.826608991651 2361.991456547963 2370.382340325212 2362.9106702912127 1.0 2367.754349105674 1.0 2
365 nan 0.0 0.2 1.0 -1.0 2372.0512125652726 2372.0522458016494 2372.7669120724627 2371.3140484056057 2375.3155864633113 2372.557798361844 -1.0 2372.557798361844 -1.0 1
366 nan 1.0 0.2 -1.0 1.0 2377.767642816225 2377.7685427317792 2378.316424653224 2376.185291300188 2379.8657513541375 2377.968457305622 1.0 2378.257230207885 1.0 2
367 nan 0.0625 0.2 -1.0 1.0 2381.2344508328456 2381.2354840692224 2383.9725938922547 2380.7490630471048 2385.5345924423946 2383.424578649987 1.0 2383.424578649987 1.0 1
368 nan 0.25 0.2 -1.0 1.0 2387.182059390596 2387.1831259571786 2387.5035292246594 2386.4506946867223 2389.0489278681516 2387.3953727071334 1.0 2387.3953727071334 1.0 1
369 1.0 nan 0.2 1.0 1.0 2390.518213000837 2390.5190795861854 2390.88854491647 2389.9277350764955 2392.4517727207412 2390.783688089309 -1.0 2390.783688089309 -1.0 1
370 nan 0.125 0.2 -1.0 1.0 2393.882164002639 2393.8830639181933 2394.4289793575017 2393.336581865388 2395.9822071029093 2394.320589528536 1.0 2394.320589528536 1.0 1
371 nan 0.0 0.2 -1.0 1.0 2397.5675848385054 2397.5686847352936 2401.061756954013 2396.922812009064 2402.615454304898 2397.6056146032192 1.0 2400.956133532121 1.0 2
372 nan 0.0625 0.2 1.0 -1.0 2404.018379511845 2404.0192794273994 2407.658937890827 2403.5289587712136 2410.233632641685 2404.4259079370495 1.0 2407.462123026115 1.0 6
373 nan 1.0 0.2 -1.0 1.0 2413.0320003625648 2413.032866947913 2413.433762662182 2411.1816406624216 2414.9819896351623 2413.3164403380856 1.0 2413.3164403380856 1.0 1
374 nan 0.125 0.2 -1.0 1.0 2416.4842097490846 2416.4851763250504 2417.282501506022 2415.887599066893 2418.831923703412 2417.153180307871 1.0 2417.153180307871 1.0 1
375 nan 0.25 0.2 -1.0 1.0 2420.4014421656575 2420.4024754020343 2420.7786401036665 2419.8308290439186 2422.351050998218 2420.6308873017583 1.0 2420.6308873017583 1.0 1
376 nan 1.0 0.2 -1.0 1.0 2424.4317973004063 2424.4327972065776 2424.7667658677824 2423.771659246133 2426.331893783797 2424.6445106732413 1.0 2424.6445106732413 1.0 1
377 nan 0.0625 0.2 1.0 -1.0 2428.7174618108866 2428.7183950566464 2429.0440644966297 2427.225701793967 2431.6347306753732 2428.934141478201 -1.0 2428.934141478201 -1.0 1
378 nan 0.125 0.2 -1.0 1.0 2433.031856958688 2433.033023515888 2433.646765923814 2432.562534332099 2435.2346617102417 2433.5263105603817 1.0 2433.5263105603817 1.0 1
379 0.125 nan 0.2 -1.0 -1.0 2436.6151540442615 2436.6159872994044 2438.082316369368 2436.110868031884 2440.667918359255 2437.933530331083 1.0 2437.933530331083 1.0 1
380 nan 0.0625 0.2 -1.0 1.0 2442.0483442070986 2442.0492774528584 2444.0067604341507 2441.547924498583 2445.5835842103215 2443.864440455773 1.0 2443.864440455773 1.0 1
381 nan 0.0625 0.2 -1.0 1.0 2446.964982841857 2446.9659160876167 2447.4235064817963 2446.4798950279674 2448.9817089940434 2447.216925866812 1.0 2447.216925866812 1.0 1
382 nan 0.0625 0.2 -1.0 1.0 2450.567578116536 2450.5685446925017 2451.6679415278145 2449.873609903468 2453.231663177574 2450.937576730112 1.0 2451.1421575327545 -1.0 2
383 nan 1.0 0.2 -1.0 1.0 2455.900910983069 2455.901810898623 2456.4717907464533 2454.1507752114926 2458.050789009797 2456.1740520188546 1.0 2456.1740520188546 1.0 1
384 nan 0.125 0.2 -1.0 1.0 2459.898269214166 2459.8991024693087 2464.802675663429 2458.9685897863237 2466.382767093079 2460.530243244615 1.0 2464.659322448674 1.0 4
385 nan 1.0 0.2 -1.0 1.0 2467.9482471574256 2467.9490804125685 2468.3241118872065 2467.3131734178455 2469.8815055754394 2467.918749925373 1.0 2467.918749925373 1.0 1
386 0.0625 nan 0.2 -1.0 -1.0 2471.78305397528 2471.7843538533025 2476.6246329867813 2470.789413882682 2479.1812980615505 2476.051653420437 1.0 2476.469647530234 1.0 3
387 0.0 nan 0.2 -1.0 -1.0 2482.6670326495682 2482.667932565122 2486.644892710325 2480.12710432351 2489.2173873461124 2483.986042210298 1.0 2486.5637336594236 1.0 2
388 nan 0.0625 0.2 -1.0 1.0 2490.781171238818 2490.782171144989 2493.5893410604217 2490.194592948544 2495.166860993979 2493.413224253455 1.0 2493.413224253455 1.0 1
389 nan 0.25 0.2 -1.0 1.0 2496.7145144685246 2496.7154477142844 2497.3070921958256 2496.1180704373614 2498.8832915942544 2497.088146074523 1.0 2497.088146074523 1.0 1
390 nan 1.0 0.2 -1.0 1.0 2500.3644719655163 2500.365438541482 2500.691107981465 2499.7699944164897 2502.2477340940586 2500.58581786163 1.0 2500.58581786163 1.0 1
391 nan 1.0 0.2 -1.0 1.0 2504.116386561772 2504.117386467943 2504.4015598018186 2503.1450443767935 2505.9645594220196 2504.302635751274 1.0 2504.302635751274 1.0 1
392 nan 0.25 0.2 -1.0 1.0 2507.5327993073606 2507.5336992229145 2507.8513694135277 2506.8823603429487 2509.4143988018527 2507.7520454005144 1.0 2507.7520454005144 1.0 1
393 nan 1.0 0.2 -1.0 1.0 2510.816757815461 2510.817691061221 2510.9534116588684 2510.282407957534 2512.5143170276297 2510.8148913239415 1.0 2510.8148913239415 1.0 1
394 nan 0.125 0.2 -1.0 1.0 2513.9004351174563 2513.90133503301 2514.346526590666 2513.379017379344 2515.916951085056 2514.180208864178 1.0 2514.180208864178 1.0 1
395 nan 0.125 0.2 -1.0 1.0 2517.664215266944 2517.665281833527 2518.442775542102 2516.8146616536264 2520.017102047866 2517.9235575975663 1.0 2518.3943467532067 1.0 3
396 nan 0.0625 0.2 -1.0 1.0 2521.597479512463 2521.598579409251 2523.0868397545714 2520.9094107458054 2524.647638961512 2522.195790035146 1.0 2522.592619464318 1.0 3
397 nan 0.25 0.2 -1.0 1.0 2526.0668934470173 2526.0678933531885 2527.385869677541 2525.5466422661048 2528.966691394328 2526.392962849469 1.0 2527.3132098290953 1.0 3
398 nan 0.125 0.2 -1.0 1.0 2531.247507310991 2531.248507217162 2532.571516402577 2529.8948009122896 2534.13084130628 2531.7953892324363 1.0 2532.080529142277 1.0 2
399 nan 0.0625 0.2 -1.0 1.0 2535.816745211644 2535.817778448021 2541.2170051312405 2535.0680488008015 2542.764030687227 2536.2533709064323 -1.0 2541.1466450669886 1.0 2
400 nan 0.125 0.2 -1.0 1.0 2544.2499205299405 2544.2507204548774 2544.964653461165 2543.702638552198 2546.5328517766466 2544.6201857851624 1.0 2544.6201857851624 1.0 1
401 nan 0.125 0.2 -1.0 1.0 2548.030599093723 2548.0316989905114 2548.5059544875453 2547.451653420557 2550.0834819257852 2548.3262380183623 1.0 2548.3262380183623 1.0 1
402 nan 0.25 0.2 -1.0 1.0 2551.7973456315194 2551.7983455376907 2552.1670109430383 2550.98368864975 2553.714108476413 2552.0640872678086 1.0 2552.0640872678086 1.0 1
403 nan 0.0625 0.2 -1.0 1.0 2555.349112342492 2555.3499789278408 2556.2728589937183 2554.6336128165362 2557.8306526180972 2555.630719250528 1.0 2556.114340535366 1.0 2
404 nan 0.0 0.2 -1.0 1.0 2559.3167066998913 2559.317606615445 2567.12434071744 2558.734761308211 2568.680560617313 2559.7652312781174 1.0 2566.77294035865 1.0 3
405 nan 0.0 0.2 -1.0 1.0 2571.2824172004666 2571.283483767049 2571.560591097314 2569.672968227188 2573.13301417267 2571.4680997764717 1.0 2571.4680997764717 1.0 1
406 0.0 nan 0.8 -1.0 -1.0 2574.530412416607 2574.5314789831896 2577.6804501581687 2574.0626229794807 2580.2495823609866 2575.3011067632174 1.0 2577.6071903660204 1.0 2
407 0.0625 nan 0.8 1.0 1.0 2581.7470018963177 2581.7480684629004 2583.5265015791238 2581.185787892589 2585.098725497098 2583.442942753411 -1.0 2583.442942753411 -1.0 1
408 nan 0.25 0.8 -1.0 1.0 2586.7802629208522 2586.7813628176405 2587.4519332263008 2586.055230956063 2588.9970612510874 2587.0209070060714 1.0 2587.0209070060714 1.0 1
409 nan 0.125 0.8 -1.0 1.0 2590.4154551367146 2590.416321722063 2591.243077474676 2589.924667857649 2592.7970016405825 2590.7599561429233 1.0 2590.7599561429233 1.0 1
410 1.0 nan 0.8 1.0 1.0 2594.3158557994043 2594.317022356604 2594.644524957901 2593.725111233417 2596.1969259533507 2594.574064903032 -1.0 2594.574064903032 -1.0 1
411 nan 0.125 0.8 -1.0 1.0 2597.5988144013336 2597.5996143262705 2598.1342641560495 2597.0890289050135 2599.6997544664973 2597.9900110257404 1.0 2597.9900110257404 1.0 1
412 0.0 nan 0.8 1.0 1.0 2601.3301642606666 2601.3312308272493 2602.1548868707314 2600.65366107539 2603.713504647491 2601.8548483589384 -1.0 2601.8548483589384 -1.0 1
413 1.0 nan 0.8 1.0 1.0 2606.298898006948 2606.299864582914 2606.625734004131 2605.322322979673 2608.21495974916 2606.4233863252716 1.0 2606.4233863252716 1.0 1
414 0.0625 nan 0.8 1.0 1.0 2609.6133536532725 2609.6141869084154 2618.05102854934 2609.1133672374312 2619.5966499976407 2611.977265162981 -1.0 2617.9612703053654 -1.0 3
415 nan 0.125 0.8 -1.0 1.0 2623.5819762055216 2623.58307610231 2624.1731873943886 2620.6137547361027 2625.7329073105657 2624.043466233769 1.0 2624.043466233769 1.0 1
416 nan 0.25 0.8 -1.0 1.0 2627.213302117522 2627.2143686841046 2627.9151362591374 2626.720115063645 2629.4632587766696 2627.7228543024016 1.0 2627.7228543024016 1.0 1
417 1.0 nan 0.8 1.0 1.0 2631.0825390378736 2631.0833389628106 2631.52306436673 2630.400669689478 2633.07989350918 2631.408508449708 -1.0 2631.408508449708 -1.0 1
418 0.25 nan 0.8 1.0 1.0 2634.5826105997917 2634.5839771382257 2634.7971904641463 2634.0092977313902 2636.363118901903 2634.7249305781693 -1.0 2634.7249305781693 -1.0 1
419 0.25 nan 0.8 1.0 1.0 2637.8144073359576 2637.815307251512 2637.938529022018 2637.291523068794 2639.5314507530134 2637.8616695676533 -1.0 2637.8616695676533 -1.0 1
420 0.125 nan 0.8 1.0 1.0 2641.413069646363 2641.413902901506 2645.33260184713 2640.4569593653937 2646.89632344814 2645.2463432747545 -1.0 2645.2463432747545 -1.0 1
421 0.125 nan 0.8 1.0 1.0 2652.982150699001 2652.9831506051723 2655.3834920297204 2647.877029750958 2656.9464120963316 2655.2378390307717 -1.0 2655.2378390307717 -1.0 1
422 1.0 nan 0.8 1.0 1.0 2660.331494388051 2660.3324276338108 2662.3956673578177 2658.2636217654504 2663.9629882850277 2660.2571680293195 1.0 2662.3148416089734 -1.0 4
423 0.125 nan 0.8 1.0 1.0 2665.5818017121624 2665.5827016277167 2665.6921913534707 2664.931396077956 2667.2462197462683 2665.6107656609233 -1.0 2665.6107656609233 -1.0 1
424 0.125 nan 0.8 1.0 1.0 2669.948758594367 2669.949691840127 2670.523138029351 2668.1614263132196 2672.0987606827675 2670.3984830599993 -1.0 2670.3984830599993 -1.0 1
425 0.0625 nan 0.8 1.0 1.0 2675.512769814612 2675.5136363999604 2679.3767405624612 2673.0629663647915 2680.948761917223 2678.35050352868 1.0 2678.35050352868 1.0 1
426 0.25 nan 0.8 1.0 1.0 2682.462650988239 2682.4636175642045 2683.1352545394475 2681.90237023027 2684.7141815824384 2682.407556158202 -1.0 2683.011466155444 -1.0 2
427 1.0 nan 0.8 1.0 1.0 2686.129406908908 2686.1305401359023 2686.42471253149 2685.6657837474954 2687.979404953288 2686.3348876271043 -1.0 2686.3348876271043 -1.0 1
428 nan 1.0 0.8 -1.0 1.0 2689.631344962346 2689.6321782174887 2690.2125237592945 2688.9391099199747 2691.798143274506 2689.8806215708437 1.0 2690.154162569098 1.0 2
429 0.0625 nan 0.8 1.0 1.0 2693.362494840445 2693.363494746616 2696.961990405993 2692.7589514754654 2698.5293145494093 2695.9950478081682 -1.0 2696.7194131688425 1.0 3
430 0.25 nan 0.8 1.0 1.0 2700.081897641594 2700.0827642269423 2700.417732794318 2699.472121528147 2701.979256518062 2700.3160423367 -1.0 2700.3160423367 -1.0 1
431 0.125 nan 0.8 1.0 1.0 2703.6651613969616 2703.666061312516 2704.1359838828075 2702.911865417732 2705.6957840592154 2704.017728312952 -1.0 2704.017728312952 -1.0 1
432 0.0625 nan 0.8 1.0 1.0 2707.1815314294718 2707.182364684614 2717.72940830939 2706.5985861316203 2719.314423123384 2707.420442343994 -1.0 2717.4194707265015 1.0 7
433 0.125 nan 0.8 1.0 1.0 2720.878946097866 2720.879879343626 2722.1215628271107 2720.3311308368325 2723.697655862269 2721.221947244818 -1.0 2721.8396559472235 1.0 2
434 nan 0.25 0.8 -1.0 1.0 2726.0956232444173 2726.096523159971 2727.0057045113026 2724.6480590802676 2728.581696677167 2726.837720274529 1.0 2726.837720274529 1.0 1
435 0.125 nan 0.8 1.0 1.0 2730.0955479013537 2730.0964811471135 2730.620731952711 2729.519801927936 2732.198149034753 2730.519474787767 -1.0 2730.519474787767 -1.0 1
436 0.25 nan 0.8 1.0 1.0 2733.6119512640694 2733.613117821269 2733.687944133086 2733.1338627933787 2735.2644734018772 2733.6068850728016 -1.0 2733.6068850728016 -1.0 1
437 nan 1.0 0.8 -1.0 1.0 2736.912041591733 2736.9130748281104 2737.2267787242436 2736.2136737915116 2738.778903254991 2737.100723886252 1.0 2737.100723886252 1.0 1
438 1.0 nan 0.8 1.0 1.0 2740.4140463055824 2740.4150462117536 2740.7248171436136 2739.734110109118 2742.2974394760718 2740.605195035324 -1.0 2740.605195035324 -1.0 1
439 0.25 nan 0.8 1.0 1.0 2743.9119847343354 2743.913017970712 2744.2038573457294 2743.232848462808 2745.7621821184894 2744.1052332670365 -1.0 2744.1052332670365 -1.0 1
440 0.125 nan 0.8 1.0 1.0 2747.2980003323173 2747.2990002384886 2748.8432886596056 2746.6898907291556 2750.3954159411574 2747.39989077117 1.0 2748.758229974636 -1.0 6
441 0.0625 nan 0.8 1.0 1.0 2752.0801182568334 2752.0809515119763 2753.375663352744 2751.3644187496434 2754.9475513860384 2751.995659515567 1.0 2753.2800723227706 -1.0 2
442 0.0625 nan 0.8 1.0 1.0 2756.428676865487 2756.429576781041 2757.9775981851976 2755.922257719944 2759.5287158723295 2757.8071808434074 1.0 2757.8071808434074 1.0 1
443 1.0 nan 0.8 1.0 1.0 2761.131102268153 2761.1322021649416 2761.430340855009 2760.492328875739 2762.9971380992824 2761.3536813818782 -1.0 2761.3536813818782 -1.0 1
444 nan 0.0625 0.8 1.0 -1.0 2764.5452152295475 2764.5461818055132 2772.819438796818 2763.952937474098 2775.3977565498685 2764.933278814618 -1.0 2772.7156485362398 -1.0 8
445 0.125 nan 0.8 1.0 1.0 2776.945084989689 2776.94608489586 2777.4726688158576 2776.4352661631633 2779.0468941916597 2777.34774720486 -1.0 2777.34774720486 -1.0 1
446 nan 1.0 0.2 -1.0 1.0 2780.4949185487308 2780.4960851059304 2780.886315154372 2779.977200463452 2782.445032770061 2780.7476281684167 1.0 2780.7476281684167 1.0 1
447 nan 0.25 0.2 -1.0 1.0 2784.0139549976975 2784.01502156428 2784.421450092696 2783.423043780682 2785.978471301492 2784.2922288851623 1.0 2784.2922288851623 1.0 1
448 0.125 nan 0.2 -1.0 -1.0 2787.4632646563205 2787.4642978926977 2789.1579722958027 2786.9642781466505 2791.711731064409 2789.0016869612327 1.0 2789.0016869612327 1.0 1
449 1.0 nan 0.2 1.0 1.0 2793.797036977416 2793.79793689297 2794.1279392596953 2792.714038603312 2795.678265869192 2794.0352146274126 -1.0 2794.0352146274126 -1.0 1
450 nan 0.125 0.2 -1.0 1.0 2797.096760672817 2797.097893899811 2797.762764843295 2796.6217719112574 2799.3309906895884 2797.6044130359714 1.0 2797.6044130359714 1.0 1
451 nan 0.0625 0.2 1.0 -1.0 2801.4781828642995 2801.4791827704707 2804.120501582295 2800.3008933382444 2806.696856312219 2802.1641184977916 -1.0 2804.028643535361 -1.0 3
452 nan 0.25 0.2 -1.0 1.0 2809.278217594947 2809.2791175105012 2809.6035870630785 2807.717564042827 2811.1809072702094 2809.5026965303973 1.0 2809.5026965303973 1.0 1
453 nan 1.0 0.2 -1.0 1.0 2813.7614302346647 2813.762430140836 2814.0695346562393 2812.7751227873227 2815.630754094128 2813.989642153155 1.0 2813.989642153155 1.0 1
454 nan 0.125 0.2 -1.0 1.0 2817.32809554759 2817.329062123555 2819.835393602258 2816.60796312304 2821.3947115007118 2819.403534126886 -1.0 2819.403534126886 -1.0 1
455 nan 0.125 0.2 -1.0 1.0 2822.896506354988 2822.897339610131 2823.234907933552 2822.391920370759 2824.813834865857 2823.1486160309714 1.0 2823.1486160309714 1.0 1
456 nan 0.0 0.2 -1.0 1.0 2826.361247898855 2826.362347795643 2828.2399716040563 2825.7691367944335 2829.7945921822165 2828.146880339511 1.0 2828.146880339511 1.0 1
457 nan 0.0625 0.2 1.0 -1.0 2831.2464228194235 2831.247289404772 2832.081944416138 2830.748902838805 2834.6465355065625 2831.6334198379113 -1.0 2831.9385912013836 -1.0 2
458 nan 0.125 0.2 -1.0 1.0 2837.1110391649586 2837.1118724201015 2837.59386052486 2835.665041520477 2839.1610809531794 2837.4442745616375 1.0 2837.4442745616375 1.0 1
459 nan 1.0 0.2 -1.0 1.0 2840.746664673495 2840.747531258844 2841.0880993007786 2840.1410881659676 2842.661115547961 2840.9523787031317 1.0 2840.9523787031317 1.0 1
460 nan 1.0 0.2 -1.0 1.0 2844.779586234084 2844.780486149638 2845.085324211053 2843.683322438108 2846.6445483540383 2844.9768677216757 1.0 2844.9768677216757 1.0 1
461 0.0625 nan 0.2 1.0 1.0 2848.2635926368503 2848.2644592221986 2851.680105373056 2847.6212529124255 2853.2445215352664 2851.1743861618324 1.0 2851.531419325388 -1.0 3
462 nan 0.0625 0.2 1.0 -1.0 2856.729864849416 2856.7307314347645 2867.1603194146214 2854.235232272917 2869.7468640262728 2858.1579308432256 1.0 2866.964371135258 1.0 5
463 nan 0.25 0.2 -1.0 1.0 2871.4275523213446 2871.4286522181333 2875.8240397658074 2870.8786704937284 2877.3942501146385 2875.4721061237256 -1.0 2875.4721061237256 -1.0 1
464 0.25 nan 0.2 1.0 1.0 2879.2132550635374 2879.214221639503 2879.710575062922 2878.4451604729725 2881.2775955715338 2879.3809726586655 -1.0 2879.6267829257695 -1.0 2
465 nan 0.25 0.2 -1.0 1.0 2883.6628375256946 2883.663837431866 2884.027903268826 2882.232605068514 2885.6130272783394 2883.8838501197515 1.0 2883.8838501197515 1.0 1
466 nan 0.125 0.2 -1.0 1.0 2887.1772077458622 2887.178140991622 2887.7209567217997 2886.5868298121377 2889.2961704857266 2887.56233827283 1.0 2887.56233827283 1.0 1
467 nan 0.0625 0.2 -1.0 1.0 2892.6271963323766 2892.6280962479304 2893.3639938597807 2890.2993814354513 2894.9274130317017 2893.1589464342587 1.0 2893.1589464342587 1.0 1
468 nan 0.0625 0.2 -1.0 1.0 2896.5792921441207 2896.580392040909 2897.812643076178 2895.955117381807 2899.3961606347643 2897.074812312397 1.0 2897.7099193821828 1.0 2
469 nan 0.125 0.2 -1.0 1.0 2905.093826494553 2905.094659749696 2905.6633063892978 2900.3648702481423 2907.2461467932894 2905.5154535967727 1.0 2905.5154535967727 1.0 1
470 nan 1.0 0.2 -1.0 1.0 2908.9603636682423 2908.961296914002 2909.391456548883 2908.326356495245 2910.9438793098225 2909.264735106777 1.0 2909.264735106777 1.0 1
471 nan 0.0625 0.2 -1.0 1.0 2912.5298287184464 2912.530928615235 2919.322557972155 2911.9383842181396 2920.877056049685 2919.205202317854 1.0 2919.205202317854 1.0 1
472 nan 0.0625 0.2 -1.0 1.0 2923.7954049178975 2923.796504814686 2925.2412025811445 2922.0941645580965 2926.793722231071 2924.190501176373 1.0 2925.111714731965 1.0 2
473 0.125 nan 0.8 1.0 1.0 2928.545692495962 2928.5467923927504 2934.272388450273 2927.7809309259683 2935.8464008990786 2934.169864737512 -1.0 2934.169864737512 -1.0 1
474 0.0625 nan 0.8 -1.0 -1.0 2938.243582469888 2938.2443823948256 2939.40637335646 2936.918606802337 2941.9794626970015 2939.2950837995973 1.0 2939.2950837995973 1.0 1
475 0.0 nan 0.8 -1.0 -1.0 2943.6601408600764 2943.661007445425 2948.5236511469348 2942.9818711738976 2951.0765708439426 2948.3970963558572 1.0 2948.3970963558572 1.0 1
476 0.125 nan 0.8 1.0 1.0 2952.8127819988085 2952.8139152258027 2953.5936753883657 2952.1096813093764 2955.179394624531 2953.48738536236 -1.0 2953.48738536236 -1.0 1
477 0.25 nan 0.8 1.0 1.0 2956.993389700894 2956.9942229560365 2957.80761329616 2956.197597709385 2959.3794340245463 2957.6963570695034 -1.0 2957.6963570695034 -1.0 1
478 nan 0.0625 0.8 -1.0 1.0 2960.826596668874 2960.827529914634 2963.9968658453013 2960.349041481475 2965.5788084615488 2961.415608064164 1.0 2963.4858138011646 -1.0 4
479 0.0625 nan 0.8 1.0 1.0 2967.1432705944408 2967.1441705099946 2967.771311660616 2966.634118372029 2969.3458336060394 2967.6124932304124 -1.0 2967.6124932304124 -1.0 1
480 0.125 nan 0.8 1.0 1.0 2972.4766034609734 2972.4774367161162 2973.043483599673 2970.362335192026 2974.612292165153 2972.943259671106 -1.0 2972.943259671106 -1.0 1
481 nan 1.0 0.8 -1.0 1.0 2976.1598911636743 2976.1607244188167 2976.906121139294 2975.671903621888 2978.4788118917963 2976.755735251135 1.0 2976.755735251135 1.0 1
482 nan 0.0625 0.8 1.0 -1.0 2980.043093440218 2980.0440266859778 2982.722008724082 2979.47441347041 2985.2953924474714 2981.711103584927 1.0 2982.5820885205158 -1.0 3
483 nan 0.125 0.8 1.0 -1.0 2990.642998771248 2990.643932017008 2993.385908050074 2986.3224042051847 2995.9620828827315 2993.256286880071 -1.0 2993.256286880071 -1.0 1
484 0.0625 nan 0.8 1.0 1.0 2997.8095596121893 2997.8105595183606 3002.1914484265517 2997.1397891284664 3003.762264091332 3002.037462876176 -1.0 3002.037462876176 -1.0 1
485 0.0625 nan 0.8 1.0 1.0 3005.359517809402 3005.360517715573 3007.3943935283505 3004.7693731871177 3008.942808151565 3006.6873932048507 -1.0 3007.252306861413 -1.0 3
486 1.0 nan 0.8 1.0 1.0 3010.644821849508 3010.6457884254737 3011.0577497680374 3010.014214357493 3012.6095397667473 3010.943360502044 -1.0 3010.943360502044 -1.0 1
487 0.25 nan 0.8 1.0 1.0 3014.0951314143026 3014.0960979902684 3014.4810618662077 3013.588745598965 3016.061375939515 3014.3504741202396 -1.0 3014.3504741202396 -1.0 1
488 0.125 nan 0.8 1.0 1.0 3019.326107219103 3019.327040464863 3019.811228363198 3017.0708855102116 3021.3427469306394 3019.6948726150677 -1.0 3019.6948726150677 -1.0 1
489 nan 0.125 0.8 1.0 -1.0 3023.0787884100896 3023.079688325644 3024.090360153359 3022.3415575900112 3026.6258866309317 3023.46615206084 1.0 3023.46615206084 1.0 1
490 0.0 nan 0.8 1.0 1.0 3028.1618114317475 3028.1626446868904 3029.2155125550335 3027.679390034315 3030.777727603072 3029.011631686711 -1.0 3029.011631686711 -1.0 1
491 0.0625 nan 0.8 -1.0 -1.0 3033.1426440427012 3033.143610618667 3039.6898963313633 3031.784438160058 3042.244244034931 3036.625250576828 1.0 3039.3813919473205 -1.0 3
492 1.0 nan 0.8 1.0 1.0 3043.909167072071 3043.910200308448 3044.227070574124 3043.348653002662 3045.7949859586315 3044.1416452568915 -1.0 3044.1416452568915 -1.0 1
493 0.0625 nan 0.8 1.0 1.0 3047.5257943633537 3047.5268609299364 3048.7809099197393 3046.801195691239 3050.361727282163 3048.6960178857985 -1.0 3048.6960178857985 -1.0 1
494 0.25 nan 0.8 1.0 1.0 3054.4589771039205 3054.4601103309146 3054.8509736532646 3052.026938653743 3056.4091874939922 3054.7352178488372 -1.0 3054.7352178488372 -1.0 1
495 1.0 nan 0.8 1.0 1.0 3057.9610151479756 3057.9620817145583 3058.3658771567234 3057.45779570218 3059.9451233695977 3058.2346894670527 -1.0 3058.2346894670527 -1.0 1
496 1.0 nan 0.8 1.0 1.0 3061.7256285526064 3061.7267284493946 3062.056930797354 3060.9821316538546 3063.6450491180385 3061.968872393871 -1.0 3061.968872393871 -1.0 1
497 0.0625 nan 0.8 -1.0 -1.0 3065.2589969900278 3065.260030226405 3075.556597355277 3064.648054319381 3078.1255717684176 3072.618706373053 -1.0 3075.5383657327543 1.0 4
498 nan 0.125 0.8 -1.0 1.0 3080.76137561839 3080.76230886415 3098.4368836589815 3079.295979794186 3100.028107280202 3094.8646522017034 1.0 3098.2837646939543 1.0 4
499 nan 1.0 0.8 -1.0 1.0 3101.875194349721 3101.8760609350693 3102.5959267179733 3101.250519634322 3104.1587415435088 3102.478104440792 1.0 3102.478104440792 1.0 1
500 1.0 nan 0.8 1.0 1.0 3105.827556803111 3105.8287233603105 3165.5802164275883 3105.2197471718005 3167.160035695196 3140.9500943241587 -1.0 3165.3772354748203 -1.0 7
501 1.0 nan 0.8 -1.0 -1.0 3169.4412207871296 3169.4421207026835 3190.9142724755925 3168.7944481453455 3193.474306327969 3190.722257160503 1.0 3190.722257160503 1.0 1
502 0.125 nan 0.8 -1.0 -1.0 3195.243432904523 3195.2445661315173 3216.2473619476314 3194.711816123464 3218.825929847575 3215.4496368041914 1.0 3216.077877851601 -1.0 6
503 1.0 nan 0.8 1.0 1.0 3220.624184570726 3220.625351127926 3220.9641526689584 3220.058837621489 3222.5431668322854 3220.8557295097867 -1.0 3220.8557295097867 -1.0 1
504 1.0 nan 0.8 1.0 1.0 3224.157386357119 3224.1583196028787 3224.6524065723097 3223.5713746803426 3226.2074168426357 3224.5043871287558 -1.0 3224.5043871287558 -1.0 1
505 0.25 nan 0.8 -1.0 -1.0 3227.8765373611627 3227.8776039277454 3260.8506431524115 3227.242230216314 3263.4095645030875 3260.2779635579186 1.0 3260.7815163057708 1.0 2
506 1.0 nan 0.8 1.0 1.0 3265.4902744475216 3265.491274353693 3269.942523326136 3264.7832741240213 3271.509439039513 3267.5761787114106 1.0 3269.6121876573534 -1.0 4
507 1.0 nan 0.8 1.0 1.0 3273.0402993051457 3273.0411992207 3277.4390198733913 3272.5470455908576 3278.9902271772603 3277.002894131688 1.0 3277.3396625301725 -1.0 2
508 nan 0.0625 0.8 -1.0 1.0 3280.591790691821 3280.5927905979925 3291.3372490311826 3280.0823384975583 3292.9094533217985 3291.1742643252655 1.0 3291.1742643252655 1.0 1
509 0.0625 nan 0.8 -1.0 -1.0 3294.7732932679337 3294.7746598063677 3297.3166546051793 3294.0576604211547 3299.90853598868 3296.795503508713 1.0 3297.238161970735 1.0 2
510 1.0 nan 0.8 1.0 1.0 3301.4899629922147 3301.490962898386 3301.9204559291525 3300.9602460328806 3303.509268744233 3301.7894015603047 -1.0 3301.7894015603047 -1.0 1
511 0.25 nan 0.8 -1.0 -1.0 3305.1899824581815 3305.1909157039413 3318.294786069069 3304.5603748723374 3320.8564306107314 3311.431563430285 1.0 3318.14983300444 1.0 5
512 0.125 nan 0.8 -1.0 -1.0 3322.592182811959 3322.593082727513 3362.054379776736 3321.9901393062364 3364.642260785893 3360.966315211364 1.0 3361.9425902667876 1.0 2
513 0.25 nan 0.8 -1.0 -1.0 3366.5892542353026 3366.5903208018854 3410.645920066454 3366.0291734585676 3413.205540539833 3389.5225355660846 1.0 3410.5650609874037 1.0 12
