NYU-46 6434f2f5-6bce-42b8-8563-d93d493613a2 angelakilab 2026-07-28T16:01:20.797097 _iblrig_tasks_ephysChoiceWorld6.4.2 M 286 401
0 1.0 nan 0.5 1.0 1.0 103.1986791001032 103.1997123301032 103.76485581010377 102.4947495001025 105.3354845012268 103.44022161010344 -1.0 103.58970666010359 -1.0 2
1 nan 0.125 0.5 -1.0 1.0 109.1986457101092 109.1996789401092 109.43488875010944 105.78988662010579 110.99852294866707 109.25960628010927 1.0 109.25960628010927 1.0 1
2 0.125 nan 0.5 -1.0 -1.0 117.15211695011715 117.15301686011715 117.37732776011738 111.42852270011143 119.91506013988415 117.26240592011726 1.0 117.26240592011726 1.0 1
3 1.0 nan 0.5 -1.0 -1.0 123.91870689012391 123.91964013012392 124.19194623012419 120.3868601101204 126.74861130682622 124.003165110124 1.0 124.003165110124 1.0 1
4 0.25 nan 0.5 1.0 1.0 127.76865519012777 127.76962176012778 128.11512054012812 127.2031117501272 129.68534962531967 127.85517987012786 1.0 127.85517987012786 1.0 1
5 1.0 nan 0.5 1.0 1.0 132.26473887013228 132.26563878013226 132.5965723501326 130.12555281013013 134.15177187191276 132.4160570701324 -1.0 132.4160570701324 -1.0 1
6 nan 0.125 0.5 -1.0 1.0 138.16471548013817 138.16554873013817 138.46941834013847 134.6020717801346 140.0314100639019 138.34189776013835 1.0 138.34189776013835 1.0 1
7 nan 0.0625 0.5 -1.0 1.0 143.46841839014348 143.46921831014348 143.78775312014378 140.53811145014055 145.35165069780615 143.67256464014366 1.0 143.67256464014366 1.0 1
8 0.0625 nan 0.5 1.0 1.0 146.2812037501463 146.28220365014627 150.95640285015097 145.8074511301458 152.51470173153177 147.05685951014706 1.0 150.8077510501508 -1.0 4
9 nan 0.0625 0.5 -1.0 1.0 154.05155997015405 154.05249321015404 154.6990285501547 152.96540193015298 156.2516262710649 154.33876458015433 1.0 154.33876458015433 1.0 1
10 0.25 nan 0.5 1.0 1.0 161.06455860016106 161.06545851016108 161.5887728401616 156.71042739015672 163.15157093570585 161.15148324016116 1.0 161.15148324016116 1.0 1
11 nan 1.0 0.5 -1.0 1.0 164.06445858016406 164.06545848016407 164.85237978016485 163.5987718201636 166.40121199622524 164.1962454001642 1.0 164.83921443016484 1.0 2
12 nan 0.0 0.5 1.0 -1.0 167.43105522016742 167.43208845016744 168.27377094016828 166.83571476016684 170.83083192707699 167.55340965016757 1.0 167.94083757016793 1.0 5
13 0.0 nan 0.5 -1.0 -1.0 174.96746817017498 174.96840141017498 175.23207504017523 171.34213074017134 177.80087400472587 175.05742584017506 1.0 175.05742584017506 1.0 1
14 nan 0.25 0.5 -1.0 1.0 179.36412846017936 179.36506170017935 179.56750812017958 178.24447377017825 181.13460344550558 179.3028012601793 -1.0 179.3028012601793 -1.0 1
15 nan 1.0 0.5 -1.0 1.0 186.34703010018634 186.34803000018636 186.6028378501866 181.59040581018158 188.16746714146282 186.48591621018647 1.0 186.48591621018647 1.0 1
16 nan 0.25 0.5 -1.0 1.0 189.63066837018962 189.63166827018964 189.81438333018983 188.63186826018864 191.38078200778284 189.71945949018973 1.0 189.71945949018973 1.0 1
17 0.0625 nan 0.5 1.0 1.0 194.53401132019454 194.53497789019454 194.94420363019495 191.82828192019184 196.5139330099278 194.64606678019464 1.0 194.64606678019464 1.0 1
18 nan 0.0 0.5 1.0 -1.0 200.16768123020017 200.16861447020017 200.54830983020054 196.96703466019696 203.11747391955186 200.32926507020034 -1.0 200.32926507020034 -1.0 1
19 nan 1.0 0.5 -1.0 1.0 204.21404322020422 204.2149431302042 204.42878841020442 203.56657464020356 205.98378250864351 204.32773185020432 1.0 204.32773185020432 1.0 1
20 nan 0.0 0.5 1.0 -1.0 207.18037989020718 207.18124647020718 216.57057411021657 206.49518175020648 219.11357336775072 207.43832076020743 -1.0 216.46345149021647 -1.0 17
21 nan 0.25 0.5 -1.0 1.0 220.53374442022053 220.53487764022054 220.75328913022076 219.57527361021957 222.31731699890716 220.64823297022065 1.0 220.64823297022065 1.0 1
22 nan 0.0625 0.5 -1.0 1.0 223.7965514402238 223.7975180102238 225.43062135022544 222.7709206802228 227.00005176178846 224.01296313022402 -1.0 225.3164327702253 1.0 3
23 0.25 nan 0.5 1.0 1.0 230.96323470023097 230.96420127023097 231.34826286023136 227.45915181022747 232.91349102667567 231.16381464023115 -1.0 231.16381464023115 -1.0 1
24 nan 0.25 0.5 -1.0 1.0 236.01682929023602 236.01779586023602 236.34009696023634 233.38739226023338 237.90022663924753 236.1966446402362 1.0 236.1966446402362 1.0 1
25 1.0 nan 0.5 1.0 1.0 239.4133896002394 239.4144561602394 239.71452615023972 238.37352693023837 241.28375185876686 239.55387555023955 -1.0 239.55387555023955 -1.0 1
26 0.0 nan 0.5 1.0 1.0 244.7796862502448 244.7807528102448 245.31476607024533 241.7829526202418 246.8667977176518 244.92777144024492 1.0 245.01996222024502 -1.0 2
27 nan 0.0625 0.5 -1.0 1.0 248.51307954024853 248.5140794402485 266.977832880267 247.32359850024733 268.5297274567933 248.7958179302488 -1.0 266.8925080802669 1.0 24
28 nan 0.125 0.5 -1.0 1.0 270.3662606702704 270.3672939002704 270.8290477202708 269.032027440269 272.3795762229703 270.40372359027043 1.0 270.5222784002705 -1.0 2
29 nan 1.0 0.5 -1.0 1.0 278.36612727027835 278.3672604902784 278.55700818027856 272.84367957027285 280.11260666074406 278.45478507027843 1.0 278.45478507027843 1.0 1
30 1.0 nan 0.5 1.0 1.0 281.74975554028174 281.75095542028174 282.04572594028207 280.57600626028056 283.5961535930776 281.90024049028193 -1.0 281.90024049028193 -1.0 1
31 nan 0.125 0.5 -1.0 1.0 285.9158722202859 285.9168721202859 287.3264644802873 284.05365846028405 288.87948945776793 285.9259378802859 -1.0 286.94873559028696 1.0 3
32 nan 1.0 0.5 -1.0 1.0 290.999263830291 291.000197070291 291.3032001002913 289.4090895302894 292.86570074997746 291.1472823602912 1.0 291.1472823602912 1.0 1
33 nan 0.0625 0.5 1.0 -1.0 296.2792357802963 296.2801690202963 297.2521718102972 293.3157988202933 299.8125674421198 296.47711599029645 -1.0 296.961334230297 -1.0 3
34 nan 1.0 0.5 -1.0 1.0 301.3492620603013 301.35012864030136 301.54697562030157 300.26877012030025 303.09927606399356 301.42448787030145 1.0 301.42448787030145 1.0 1
35 1.0 nan 0.5 1.0 1.0 305.1958107003052 305.1967772703052 305.6976938403057 303.5559747003036 307.24592378039654 305.3791590303054 -1.0 305.6390997003056 -1.0 2
36 nan 0.0 0.5 1.0 -1.0 308.73252366030874 308.73342357030873 311.76941994031176 307.6942275003077 314.34924944886797 308.7245244603087 -1.0 311.5107791403115 -1.0 6
37 nan 0.125 0.5 1.0 -1.0 316.96230060031695 316.963400490317 317.27273622031726 314.81344884031483 319.8490962641402 317.00489634031703 -1.0 317.00489634031703 -1.0 1
38 nan 0.125 0.5 1.0 -1.0 321.96206724032197 321.963033810322 322.3747259703224 320.3164984803203 324.9288485012556 322.05745770032206 1.0 322.05745770032206 1.0 1
39 0.0625 nan 0.5 1.0 1.0 326.0653902003261 326.0663567703261 326.3786588703264 325.4584509003255 327.9324597337275 326.22817392032624 -1.0 326.22817392032624 -1.0 1
40 0.125 nan 0.5 1.0 1.0 329.6618971803297 329.66299707032965 330.03755961033005 328.3890578103284 331.5952887573958 329.84571213032984 -1.0 329.84571213032984 -1.0 1
41 0.0625 nan 0.5 1.0 1.0 332.7323234403327 332.73332334033273 333.3150984903333 332.05749093033205 334.8658993235129 332.94606873033297 -1.0 333.3086991303333 -1.0 2
42 nan 0.0625 0.5 1.0 -1.0 338.21184210033823 338.2129753203382 338.8486450803388 335.3276972103353 341.39874405094577 338.3982567903384 -1.0 338.70165978033873 -1.0 2
43 0.25 nan 0.5 1.0 1.0 342.5451420603425 342.54594198034255 342.83058018034285 341.85564435034183 344.3782754540378 342.6957603303427 -1.0 342.6957603303427 -1.0 1
44 0.0625 nan 0.5 1.0 1.0 345.84874500034584 345.8496115803459 346.3914907203464 344.85457776034485 347.9486907798294 345.92430411034593 1.0 345.92430411034593 1.0 1
45 nan 1.0 0.5 -1.0 1.0 348.961800330349 348.96293355034896 349.43072010034945 348.40588926034843 350.98201251003286 349.1013197103491 1.0 349.1013197103491 1.0 1
46 1.0 nan 0.5 1.0 1.0 352.96166697035295 352.96256688035294 353.3044326903533 351.4960135503515 354.8615599003642 353.13264987035313 -1.0 353.13264987035313 -1.0 1
47 0.25 nan 0.5 1.0 1.0 356.34849492035636 356.34956148035633 356.97246585035697 355.3244640003553 358.52826745754993 356.33129664035636 1.0 356.9149049403569 -1.0 4
48 1.0 nan 0.5 1.0 1.0 369.43151982036943 369.43248639036943 369.75255438036976 358.974165660359 371.31507987570956 369.5683061403696 -1.0 369.5683061403696 -1.0 1
49 0.125 nan 0.5 1.0 1.0 374.36122680037437 374.36212671037435 375.05179107037503 371.8060823403718 376.61142169585514 374.51451147037454 -1.0 374.51451147037454 -1.0 1
50 0.125 nan 0.5 1.0 1.0 379.14824805037915 379.1490813003792 379.5050123703795 377.06352321037707 381.0613437391133 379.2947667303793 -1.0 379.2947667303793 -1.0 1
51 nan 0.125 0.5 -1.0 1.0 382.0978530603821 382.0990862703821 382.63376613038264 381.5337428103815 384.1946624807951 382.31926425038233 -1.0 382.31926425038233 -1.0 1
52 0.25 nan 0.5 1.0 1.0 389.8979063103899 389.8990395303899 390.83611248039085 384.67026246038466 392.3810098640177 390.04032540039003 -1.0 390.8040156903908 -1.0 3
53 nan 0.25 0.5 -1.0 1.0 394.24440495039426 394.24533819039425 394.6489311603946 392.8542106503929 396.19785885899694 394.26180321039425 1.0 394.3895237703944 -1.0 2
54 0.125 nan 0.5 1.0 1.0 397.32786324039733 397.3289964603973 397.84264509039787 396.66106326039665 399.39437803332 397.5872706303976 -1.0 397.7006259603977 -1.0 2
55 0.25 nan 0.5 1.0 1.0 400.51451121040054 400.5156444304005 400.9235703004009 399.84527814039984 402.464503532221 400.7413551904007 -1.0 400.7413551904007 -1.0 1
56 nan 0.25 0.5 1.0 -1.0 406.34429484040635 406.34526141040635 407.01826077040704 402.9158043904029 409.5779578455889 406.35332727040634 -1.0 407.009561640407 -1.0 4
57 0.0 nan 0.5 1.0 1.0 411.4479177604114 411.44891766041144 411.7845507604118 410.04205836041007 413.34808073663214 411.6062685904116 -1.0 411.6062685904116 -1.0 1
58 nan 0.0625 0.5 1.0 -1.0 415.8774747604159 415.8785746504159 416.62090041041665 413.80948158041383 419.18082676966804 416.2246733704162 -1.0 416.53737543041655 -1.0 2
59 nan 0.25 0.5 -1.0 1.0 422.6442646804226 422.6451979204227 422.8915399504229 419.6709287104197 424.4440604092088 422.7908500204228 1.0 422.7908500204228 1.0 1
60 0.0625 nan 0.5 1.0 1.0 427.13101596042713 427.13181588042715 427.44338472042745 425.00516190042504 428.99758243345457 427.3047319204273 -1.0 427.3047319204273 -1.0 1
61 nan 0.125 0.5 -1.0 1.0 431.64373131043163 431.64479787043166 431.982897390432 429.47508153042946 433.5472252218991 431.7995823904318 1.0 431.7995823904318 1.0 1
62 0.0625 nan 0.5 1.0 1.0 441.76058619044176 441.76175274044175 442.1937762004422 434.020426950434 443.7476722664957 441.95819976044197 -1.0 441.95819976044197 -1.0 1
63 0.0625 nan 0.5 1.0 1.0 444.87707451044486 444.87804108044486 445.20760812044523 444.23137242044425 446.76040217429437 444.86100945044484 -1.0 445.03609194044503 -1.0 2
64 0.0 nan 0.5 1.0 1.0 451.03052577045105 451.03169232045104 452.5254429304525 447.23480538044726 454.09406916860047 451.1946426904512 1.0 451.9194035404519 -1.0 3
65 0.25 nan 0.5 1.0 1.0 458.0970857104581 458.0979856204581 458.5094778004585 454.5828705004546 460.0770066840326 458.3489938504583 -1.0 458.3489938504583 -1.0 1
66 nan 0.0625 0.5 -1.0 1.0 463.36362567046336 463.3646255704634 464.22573945046423 460.55490657046056 465.793857071955 463.4760810904635 -1.0 463.4760810904635 -1.0 1
67 nan 0.125 0.5 -1.0 1.0 469.76335230046976 469.76425221046975 470.03215875047005 466.3510602304664 471.5768913366488 469.81664697046983 -1.0 469.81664697046983 -1.0 1
68 0.0625 nan 0.5 1.0 1.0 473.08025391047306 473.0812538104731 473.24570403047323 472.04429085047207 474.81000315668587 473.03792481047304 -1.0 473.03792481047304 -1.0 1
69 0.125 nan 0.5 1.0 1.0 481.24673718048126 481.2475371004812 481.5900695104816 475.26880170047525 483.14676442230444 481.3422609604813 1.0 481.3422609604813 1.0 1
70 0.125 nan 0.5 1.0 1.0 490.37669076049036 490.3774906804904 491.022526170491 483.62396610048364 492.5799224555352 490.4459505004904 -1.0 490.4459505004904 -1.0 1
71 0.0 nan 0.5 1.0 1.0 502.1762773505022 502.1770772705022 502.55430621050255 493.06082232049306 504.1264315726211 502.3050978005023 1.0 502.4113871705024 -1.0 2
72 1.0 nan 0.5 1.0 1.0 505.64629698050567 505.64746353050566 505.90763751050594 504.6167332805046 507.47993506590683 505.7587190705058 -1.0 505.7587190705058 -1.0 1
73 nan 1.0 0.5 -1.0 1.0 508.52627562050856 508.52737551050853 508.7927489705088 507.95223303050795 510.3595750903174 508.66199538050864 1.0 508.66199538050864 1.0 1
74 nan 0.25 0.5 -1.0 1.0 512.5962019205126 512.5970351705126 512.9068708505129 510.81997956051083 514.4797927172295 512.7366545405127 1.0 512.7366545405127 1.0 1
75 nan 1.0 0.5 -1.0 1.0 516.7093572305167 516.7103238005167 516.979696860517 515.0358912605151 518.542926308595 516.7821499505168 -1.0 516.7821499505168 -1.0 1
76 0.125 nan 0.5 1.0 1.0 520.3291952105203 520.3299951305204 520.6552292705206 519.006027540519 522.2093579541812 520.4968784405205 -1.0 520.4968784405205 -1.0 1
77 0.0625 nan 0.5 1.0 1.0 529.7625851105298 529.7635850105298 530.2531027205303 522.6903590705227 531.7925308597951 529.8015812105298 -1.0 530.02395897053 -1.0 2
78 nan 0.0625 0.5 -1.0 1.0 534.045823410534 534.046889970534 534.2773335905342 532.2869326505323 535.8292608501372 534.1271152805341 1.0 534.1271152805341 1.0 1
79 nan 0.0625 0.5 -1.0 1.0 542.4091869905424 542.4101868905424 542.8409104805429 536.3214624905363 544.379307002607 542.5433735705426 -1.0 542.5433735705426 -1.0 1
80 1.0 nan 0.5 1.0 1.0 547.7087569805477 547.7098235405477 547.991828670548 544.8797065805448 549.5424554618725 547.8639081305479 -1.0 547.8639081305479 -1.0 1
81 nan 0.25 0.5 -1.0 1.0 553.1456465705531 553.1464464905531 553.6604617505536 550.03825734055 555.2296879351721 553.1151496205531 -1.0 553.1151496205531 -1.0 1
82 nan 0.125 0.5 -1.0 1.0 556.7089568705567 556.7097901205567 557.010293400557 555.7244886605557 558.5790096955549 556.6958581805567 -1.0 556.6958581805567 -1.0 1
83 nan 0.25 0.5 -1.0 1.0 562.008726840562 562.009726740562 562.4025207905624 559.1616115805591 563.9626492881423 561.944399940562 -1.0 562.2281382305622 1.0 2
84 nan 1.0 0.5 -1.0 1.0 568.2920317805683 568.2930316805683 568.5048771605685 564.4457497805645 570.0623046831289 568.2463030205682 -1.0 568.3954547705684 1.0 3
85 0.25 nan 0.5 1.0 1.0 575.5252083905756 575.5259749805755 575.9534322305759 570.5479061705705 577.5117592856805 575.6549287505757 1.0 575.6549287505757 1.0 1
86 0.25 nan 0.5 1.0 1.0 579.2084067005792 579.2093066105792 579.5429732405795 578.000160870578 581.0952709425857 579.3931215605794 -1.0 579.3931215605794 -1.0 1
87 0.125 nan 0.5 1.0 1.0 582.7753499705827 582.7762832105827 583.1465795105831 581.5845690605815 584.708603809922 583.000694100583 -1.0 583.000694100583 -1.0 1
88 nan 0.0 0.5 1.0 -1.0 586.8786062705868 586.8799061405869 587.7795828305877 585.2047070105853 590.3418433279037 586.8012140105868 -1.0 587.7393201905877 -1.0 4
89 0.125 nan 0.5 1.0 1.0 592.3617912305924 592.3628911205924 593.0378569505931 590.8387435505908 594.6085807224587 592.3898884205923 1.0 592.3898884205923 1.0 1
90 nan 0.25 0.2 -1.0 1.0 599.061821160599 599.0628543905991 599.2877985605993 595.1067833705952 600.8448247498576 599.1967743305992 1.0 599.1967743305992 1.0 1
91 nan 0.125 0.2 -1.0 1.0 603.7080231606037 603.7091563806038 603.983428950604 601.3447261806014 605.5416449783411 603.6995906706037 -1.0 603.6995906706037 -1.0 1
92 nan 0.0625 0.2 -1.0 1.0 608.6614277706086 608.6624610006087 609.042856290609 606.1518454206062 610.5946833591585 608.6050667406087 -1.0 608.8107795006089 -1.0 2
93 nan 0.25 0.2 -1.0 1.0 615.1914080406152 615.1924079406152 615.9357336006159 611.0958843006111 617.4948260616545 615.7719499806158 -1.0 615.7719499806158 -1.0 1
94 nan 0.0 0.2 1.0 -1.0 618.4744130406185 618.4754129406185 626.3423595006263 618.009726180618 628.8948190067465 625.8397097706259 -1.0 626.1639440106262 -1.0 2
95 1.0 nan 0.2 1.0 1.0 630.1244812506301 630.1253478306302 630.6587278206307 629.4018201906295 632.2078261781041 630.4814122206304 -1.0 630.4814122206304 -1.0 1
96 nan 0.25 0.2 -1.0 1.0 634.044522540634 634.045322460634 634.6300639806346 632.6881248606327 636.1743577356374 634.3056964206343 1.0 634.5632706606345 1.0 2
97 1.0 nan 0.2 1.0 1.0 640.9445658006409 640.945599030641 641.2810988106413 636.6790590606366 642.8445238774948 641.1076494906412 -1.0 641.1076494906412 -1.0 1
98 nan 0.0625 0.2 -1.0 1.0 647.3412260706474 647.3422259706474 647.7782490306478 643.3435258806434 649.3408736810118 647.3975204406474 -1.0 647.4747460506475 1.0 2
99 nan 1.0 0.2 -1.0 1.0 653.7773157306538 653.7782156406538 654.0278906706541 649.8462755406498 655.5943162897224 653.8407093906538 -1.0 653.8407093906538 -1.0 1
100 nan 1.0 0.2 -1.0 1.0 658.3908543306584 658.3918542306584 658.8553412106588 656.1015166206561 660.4241553651779 658.5332400906585 1.0 658.5332400906585 1.0 1
101 nan 0.0625 0.2 -1.0 1.0 664.2441356106642 664.2451355106642 664.5122754606646 661.027057350661 666.0574721910777 664.3686564906644 1.0 664.3686564906644 1.0 1
102 0.25 nan 0.2 1.0 1.0 668.6940572406687 668.6951238006687 669.0625870506691 666.5628703806666 670.607414090152 668.9003032806689 -1.0 668.9003032806689 -1.0 1
103 nan 1.0 0.2 -1.0 1.0 675.5105421906756 675.5114421006755 675.7133552406757 671.1052161006711 677.2605503137877 675.6228642906756 1.0 675.6228642906756 1.0 1
104 0.125 nan 0.2 1.0 1.0 679.0571874906791 679.058087400679 679.3315600506793 677.7667498806778 680.8739866624909 679.2125052906792 -1.0 679.2125052906792 -1.0 1
105 nan 0.25 0.2 -1.0 1.0 684.0604871106841 684.061387020684 684.2740990806843 681.3741891006814 685.8403233754149 684.009492210684 -1.0 684.1912073706842 1.0 2
106 nan 0.125 0.2 -1.0 1.0 687.2440020606873 687.2450352906873 687.4467151206875 686.3580240006863 689.0071412651542 687.3454585806874 1.0 687.3454585806874 1.0 1
107 nan 0.125 0.2 -1.0 1.0 691.7436853806918 691.7446852806918 691.949564790692 689.5207410306896 693.5105863150294 691.8344096406919 1.0 691.8344096406919 1.0 1
108 nan 0.0625 0.2 -1.0 1.0 695.2569673506953 695.2580005806952 695.4757788006955 694.030989960694 697.0434030435968 695.2134383706953 -1.0 695.2134383706953 -1.0 1
109 nan 1.0 0.2 -1.0 1.0 698.1066823506981 698.1076489206981 698.3730223806983 697.5672029706976 699.9402142085839 698.2443019206983 1.0 698.2443019206983 1.0 1
110 nan 0.25 0.2 -1.0 1.0 701.8270102807019 701.8279768507018 702.0447218407021 700.4545142107005 703.6070354458436 701.9208342307019 1.0 701.9208342307019 1.0 1
111 nan 1.0 0.2 -1.0 1.0 707.2934635807073 707.2945968007073 707.4888773707075 704.2354360807043 709.0602980042328 707.3086620607073 1.0 707.3989530307074 1.0 2
112 0.125 nan 0.2 1.0 1.0 712.006425570712 712.007258820712 712.3088953207123 709.5721023607096 713.8766202150359 711.968296050712 1.0 712.0891173007121 -1.0 2
113 nan 1.0 0.2 -1.0 1.0 718.956563820719 718.957563720719 719.3492578807194 714.3940201207143 720.8933814046133 719.018457630719 -1.0 719.018457630719 -1.0 1
114 nan 0.0625 0.2 1.0 -1.0 725.2231371007252 725.2242036607253 725.7015225907257 721.4191842007215 728.2428159091336 725.4337493707254 -1.0 725.4337493707254 -1.0 1
115 nan 0.125 0.2 -1.0 1.0 730.1899070407302 730.1908402807302 730.4756451307305 728.7756151507288 732.026739153226 730.3410585907303 1.0 730.3410585907303 1.0 1
116 1.0 nan 0.2 1.0 1.0 733.1394453907332 733.1404786207331 733.4409485707334 732.5325394207325 735.0062719184326 733.1286131407331 1.0 733.1286131407331 1.0 1
117 nan 0.0625 0.2 1.0 -1.0 736.0425217207361 736.0434549607361 736.4107848907364 735.5104749307355 738.973108898452 736.079351370736 -1.0 736.2810978607363 -1.0 2
118 nan 1.0 0.2 -1.0 1.0 741.009858270741 741.010791510741 741.2067052507413 739.4877105007395 742.7595298223008 741.1219803907411 1.0 741.1219803907411 1.0 1
119 nan 0.125 0.2 -1.0 1.0 745.6227636007457 745.6237635007457 745.967062500746 743.2862306107432 747.5229560806131 745.7616497107458 1.0 745.7616497107458 1.0 1
120 nan 0.25 0.2 -1.0 1.0 751.6425948907516 751.6437281107517 751.8450079807518 748.033955790748 753.4091986523215 751.6237634407516 -1.0 751.7321859307517 1.0 2
121 nan 0.125 0.2 -1.0 1.0 755.6558268607556 755.6567267707557 755.920933680756 753.9294995107539 757.4727238289277 755.8020789007558 1.0 755.8020789007558 1.0 1
122 nan 0.0 0.2 -1.0 1.0 760.6093647907607 760.6103646907607 761.1248465707612 758.016524100758 762.6762696314794 760.7518172107608 1.0 761.0440879807611 1.0 2
123 nan 0.25 0.2 -1.0 1.0 763.989326760764 763.990359990764 764.2245699007642 763.1985725107633 765.7924937731593 764.1110479207641 1.0 764.1110479207641 1.0 1
124 0.0625 nan 0.2 1.0 1.0 769.5058750507695 769.5069749407695 770.1048151507702 766.3011955507664 771.6594392739885 769.6415281507697 1.0 769.6415281507697 1.0 1
125 nan 0.25 0.2 -1.0 1.0 773.2892966707733 773.2902965707733 773.7516504307738 772.1866402807722 775.2890755198724 773.4503472307734 1.0 773.4503472307734 1.0 1
126 0.0625 nan 0.2 1.0 1.0 777.0758513107771 777.0769512007771 777.5011754407775 775.8097779307758 779.0557011287732 777.3233265607773 -1.0 777.3233265607773 -1.0 1
127 nan 0.0625 0.2 -1.0 1.0 780.6592929307807 780.6602595007806 781.0649856907811 779.5751013607796 782.6223114886434 780.7848803707808 1.0 780.982227300781 1.0 2
128 nan 0.125 0.2 -1.0 1.0 784.7256529207847 784.7265861607848 785.2528335307852 783.1576097407832 786.8057567388014 784.8604061107849 1.0 784.8604061107849 1.0 1
129 nan 0.0 0.2 1.0 -1.0 790.6257295207906 790.6265627707907 791.3805540307914 787.3216599607873 793.9427102576384 790.7432177707908 1.0 790.7432177707908 1.0 1
130 nan 1.0 0.2 -1.0 1.0 795.0054248407951 795.006524730795 795.2235030307952 794.4765110707945 796.7756265894643 795.1202133607951 1.0 795.1202133607951 1.0 1
131 nan 0.0625 0.2 -1.0 1.0 800.4221831108005 800.4231496808004 800.6627590508007 797.3213265607973 802.2254495494224 800.5373049308006 1.0 800.5373049308006 1.0 1
132 nan 0.125 0.2 -1.0 1.0 806.1718080908062 806.1728079908062 806.4158836808065 802.7655487508027 807.9719939021965 806.1342785108061 -1.0 806.2946958008063 -1.0 2
133 0.0625 nan 0.2 1.0 1.0 810.1086477008101 810.1094476208101 810.4940091608105 808.6239961808086 812.0551285756709 810.1375114808102 -1.0 810.1375114808102 -1.0 1
134 0.25 nan 0.2 1.0 1.0 815.0422542908151 815.043087540815 815.3882530208153 812.6043314408126 816.9384748914052 815.2318686608153 -1.0 815.2318686608153 -1.0 1
135 0.0625 nan 0.2 1.0 1.0 820.0922159108201 820.09308249082 820.8593725208209 817.4716779908175 822.4084992321116 820.2418342808203 1.0 820.2418342808203 1.0 1
136 nan 0.0625 0.2 1.0 -1.0 824.5053745508245 824.5063744508245 825.7413842708257 822.935898180823 828.3082413538855 824.7762141308248 1.0 825.6178966208256 -1.0 4
137 nan 0.125 0.2 -1.0 1.0 829.8549395408298 829.8560394308298 830.08474989083 828.8280422408288 831.6548721527123 829.96439526083 1.0 829.96439526083 1.0 1
138 nan 0.125 0.2 -1.0 1.0 833.4916091708335 833.4926757308335 833.7954787808338 832.1756741108322 835.3752988421214 833.5588691108336 -1.0 833.5588691108336 -1.0 1
139 nan 0.0625 0.2 1.0 -1.0 836.5047411608365 836.5056744008365 836.920999530837 835.910000640836 839.4715240136852 836.6549594708366 -1.0 836.6549594708366 -1.0 1
140 nan 1.0 0.2 -1.0 1.0 842.008057440842 842.008957350842 842.2319350508423 839.99762517084 843.7880583761932 842.1320117108421 1.0 842.1320117108421 1.0 1
141 nan 0.125 0.2 1.0 -1.0 846.091415730846 846.0922823108461 846.6069308408466 844.3194596108443 849.1584872097127 846.2312684108463 1.0 846.2312684108463 1.0 1
142 nan 1.0 0.2 -1.0 1.0 850.2879293708503 850.2889292708503 850.4902091408505 849.7114870208497 852.0380016240537 850.3959852308504 1.0 850.3959852308504 1.0 1
143 0.25 nan 0.2 1.0 1.0 854.5246389908546 854.5255722308546 854.8759371908549 852.5687012708526 856.4251278046441 854.7113869808547 -1.0 854.7113869808547 -1.0 1
144 nan 0.125 0.2 -1.0 1.0 859.1711076308592 859.1722075208592 859.5836663708596 856.955829180857 861.137973239231 859.3057608308593 1.0 859.3057608308593 1.0 1
145 nan 1.0 0.2 -1.0 1.0 866.2076372408662 866.2085371508662 866.4423137708665 861.8013779108618 867.9911355123857 866.3241589208664 1.0 866.3241589208664 1.0 1
146 0.0 nan 0.2 -1.0 -1.0 874.0711508108741 874.0721507108741 874.3798199408744 868.5396373508686 876.9375774959359 874.1778068108741 1.0 874.1778068108741 1.0 1
147 nan 1.0 0.2 -1.0 1.0 878.1573421508782 878.1584753708781 878.3937851708785 877.4767768808775 879.9545055060676 878.2818963608782 1.0 878.2818963608782 1.0 1
148 nan 0.125 0.2 -1.0 1.0 881.5577354108816 881.5587686408816 881.9403304808819 880.4974081208806 883.5040481225444 881.5798998608816 -1.0 881.7969781508818 1.0 2
149 nan 0.0625 0.2 -1.0 1.0 889.6409270108896 889.6417602608897 889.94379672089 884.0482530008841 891.5073847659135 889.8230754608899 1.0 889.8230754608899 1.0 1
150 nan 0.25 0.2 -1.0 1.0 892.6203623708926 892.6213956008926 892.8956015108929 892.0713839408921 894.4542197238526 892.6258284908927 -1.0 892.6258284908927 -1.0 1
151 0.25 nan 0.2 1.0 1.0 896.023955310896 896.0250552008961 896.2405336508963 895.001324250895 897.8039551659735 896.1165460508961 -1.0 896.1165460508961 -1.0 1
152 nan 0.125 0.2 -1.0 1.0 898.9074336008989 898.908400170899 899.7890454308998 898.3355574608984 901.3539673662677 899.1520758008992 1.0 899.1520758008992 1.0 1
153 nan 0.125 0.2 -1.0 1.0 904.7573818809047 904.7583484509048 905.1726070209052 901.9198656609019 906.7405952005801 904.9123663809049 1.0 905.1258783609052 1.0 2
154 nan 0.0 0.2 -1.0 1.0 909.6702905409097 909.6713237709097 909.8925349809099 907.2797962809072 911.4372241343907 909.7701138909098 1.0 909.7701138909098 1.0 1
155 nan 0.25 0.2 -1.0 1.0 912.9073334709129 912.9083333709129 913.4013507309135 911.986625550912 914.9406715196156 913.032021000913 1.0 913.3272914709133 1.0 2
156 1.0 nan 0.2 1.0 1.0 919.1202787809191 919.1212786809191 919.4824092309195 915.4783763409155 921.0404157358324 919.2554319309193 1.0 919.2554319309193 1.0 1
157 nan 0.0625 0.2 1.0 -1.0 925.070317050925 925.071250290925 925.5805993509256 921.7350172809217 928.1368535914079 925.2754632009253 -1.0 925.2754632009253 -1.0 1
158 nan 0.0 0.2 1.0 -1.0 929.99015835093 929.99122491093 930.3535886709303 928.6946545809287 932.9199765576949 930.1178455809302 1.0 930.1858054509302 -1.0 2
159 nan 0.25 0.2 -1.0 1.0 934.040419950934 934.0415531709341 934.2407999109342 933.4684771509335 935.8034166579976 934.1250781509341 1.0 934.1250781509341 1.0 1
160 0.125 nan 0.2 1.0 1.0 938.057118240938 938.058218130938 938.3867186109384 936.3402232809364 939.9366436847146 938.2532986209383 -1.0 938.2532986209383 -1.0 1
161 nan 0.125 0.2 -1.0 1.0 944.1904381809442 944.1915047409442 944.4363802509445 940.4731432809405 946.0068984659962 944.3258913009444 1.0 944.3258913009444 1.0 1
162 nan 0.0 0.2 1.0 -1.0 947.2532318709473 947.2541651109473 949.4828422209495 946.5547017309466 952.036331123966 948.6903548109487 -1.0 949.2734964909492 -1.0 3
163 nan 1.0 0.2 -1.0 1.0 953.2898281509533 953.2908280509533 953.4900414609535 952.5860318709526 955.0568601182478 953.3917512909534 1.0 953.3917512909534 1.0 1
164 0.0625 nan 0.2 1.0 1.0 959.5698000909596 959.5708333209595 960.0735830409601 955.6100627709557 961.6233045950274 959.7850119009598 1.0 959.8665037509599 -1.0 2
165 nan 0.25 0.2 -1.0 1.0 965.4028500609654 965.4037499709655 965.6158287609657 962.1849052209622 967.1732492839583 965.5174719309655 1.0 965.5174719309655 1.0 1
166 nan 0.0625 0.2 1.0 -1.0 969.2529650109693 969.2540649009693 969.6473922309697 967.7280508509677 972.2062797525873 969.3858850509694 1.0 969.4534449609695 -1.0 2
167 nan 1.0 0.2 -1.0 1.0 973.4361133209734 973.4370465609735 973.6736895609737 972.7586810709728 975.236007879974 973.5550347609735 1.0 973.5550347609735 1.0 1
168 nan 1.0 0.2 -1.0 1.0 976.7730129309767 976.7740461609768 977.0330202609771 975.7883114109758 978.5900135394792 976.9022000109769 1.0 976.9022000109769 1.0 1
169 nan 0.25 0.2 -1.0 1.0 980.4525449409805 980.4536781609804 980.7045197409807 979.1317103709791 982.2730538403011 980.5780990509805 1.0 980.5780990509805 1.0 1
170 nan 1.0 0.2 -1.0 1.0 983.8028432109838 983.8036764609839 984.0752493009841 982.970159820983 985.6360735285259 983.9283973209839 1.0 983.9283973209839 1.0 1
171 nan 0.25 0.2 -1.0 1.0 988.8560711709889 988.8569710809888 989.1048796209891 986.1744726909861 990.6561024336709 988.986624780989 1.0 988.986624780989 1.0 1
172 nan 0.25 0.2 -1.0 1.0 995.2693631109953 995.2702963509953 995.5113389109955 991.2070027209912 997.0693578676633 995.3977836009954 1.0 995.3977836009954 1.0 1
173 nan 1.0 0.2 -1.0 1.0 998.7892110909988 998.7902776509987 999.2069693109992 997.6245609009976 1000.772488059738 998.9329633809989 1.0 998.9329633809989 1.0 1
174 nan 0.25 0.2 -1.0 1.0 1003.1024130610031 1003.1032463110031 1003.6890877210037 1001.3281905010014 1005.2558093963817 1003.2347998210032 1.0 1003.6512915010037 1.0 2
175 nan 1.0 0.8 -1.0 1.0 1006.5022730410066 1006.5032396110065 1006.8500049310069 1005.8129086510058 1008.406126664029 1006.6557910210066 1.0 1006.6557910210066 1.0 1
176 0.0 nan 0.8 1.0 1.0 1009.6856880010097 1009.6865879110097 1010.0592506410101 1008.963526891009 1011.6190665373981 1009.9180980910099 -1.0 1009.9180980910099 -1.0 1
177 0.0625 nan 0.8 1.0 1.0 1017.2888942710173 1017.2898608410173 1017.6421922710176 1012.1852713510121 1019.189313022847 1017.4073157610175 1.0 1017.4073157610175 1.0 1
178 nan 0.0 0.8 1.0 -1.0 1024.0523511910242 1024.053484411024 1024.5398357710246 1019.7557142310197 1027.0852590249076 1024.1589072010242 1.0 1024.1589072010242 1.0 1
179 nan 0.0 0.8 -1.0 1.0 1028.105279191028 1028.1061457710282 1028.3752855210284 1027.6387591810276 1029.9354741769287 1028.2577306110284 1.0 1028.2577306110284 1.0 1
180 0.0 nan 0.8 1.0 1.0 1031.1052458310312 1031.106112411031 1037.3268236110373 1030.4895740710306 1038.871843596441 1031.1567073510312 -1.0 1037.2228340110373 -1.0 4
181 0.0625 nan 0.8 1.0 1.0 1040.5518344110405 1040.5528009810405 1040.9230639510408 1039.4347461310394 1042.4683837051944 1040.6618567410408 1.0 1040.6618567410408 1.0 1
182 1.0 nan 0.8 1.0 1.0 1046.5387023310466 1046.5397355610467 1046.8714023910468 1043.025187051043 1048.4186224253694 1046.6921536510467 -1.0 1046.6921536510467 -1.0 1
183 0.25 nan 0.8 1.0 1.0 1049.97235893105 1049.97335883105 1050.2503311310502 1048.999322911049 1051.805339462087 1050.1176777310502 -1.0 1050.1176777310502 -1.0 1
184 0.0625 nan 0.8 1.0 1.0 1053.001922611053 1053.003022501053 1053.4160478610534 1052.4967398010524 1054.9719669344677 1053.113911411053 1.0 1053.113911411053 1.0 1
185 0.0 nan 0.8 1.0 1.0 1058.001655921058 1058.002655821058 1058.3562871210584 1055.5336694110556 1059.9185059483107 1058.085914161058 1.0 1058.085914161058 1.0 1
186 1.0 nan 0.8 1.0 1.0 1061.6382922210616 1061.6393254510617 1061.959926721062 1060.4876073010605 1063.5351424904457 1061.7351492010619 1.0 1061.7351492010619 1.0 1
187 0.0 nan 0.8 1.0 1.0 1065.4383455110653 1065.4393120810655 1066.0165543510661 1064.1051455110642 1067.585072906717 1065.3860507410654 -1.0 1065.7086518110657 -1.0 2
188 0.0 nan 0.8 1.0 1.0 1071.7218837610717 1071.7229503210717 1073.0644828210732 1068.143374981068 1074.6181027153593 1072.5046388110725 -1.0 1073.014854451073 -1.0 4
189 1.0 nan 0.8 1.0 1.0 1075.838305411076 1075.8392719810759 1076.1619063810763 1075.1957030110752 1077.7348245065557 1075.982757631076 -1.0 1075.982757631076 -1.0 1
190 1.0 nan 0.8 1.0 1.0 1078.955060371079 1078.955926951079 1079.1376421110792 1078.3024256410783 1080.6880598329453 1078.966125931079 -1.0 1078.966125931079 -1.0 1
191 0.125 nan 0.8 1.0 1.0 1084.4010823810845 1084.4022156010844 1085.097079441085 1081.2500641810814 1086.6549981548924 1084.5894635410846 -1.0 1084.9143643810849 -1.0 2
192 0.0625 nan 0.8 1.0 1.0 1089.5510006710895 1089.5518672510896 1090.07121531109 1087.2290995510873 1091.6212342582342 1089.7013523010896 -1.0 1089.99405636109 -1.0 2
193 0.0625 nan 0.8 1.0 1.0 1095.5345022610954 1095.5355021610956 1095.8811675910958 1092.1923365110922 1097.4378852596428 1095.5978959210956 1.0 1095.5978959210956 1.0 1
194 nan 0.25 0.8 -1.0 1.0 1098.6012622210985 1098.6021621310986 1098.8923664410988 1098.017087311098 1100.4382911534553 1098.7627460710987 1.0 1098.7627460710987 1.0 1
195 0.0625 nan 0.8 1.0 1.0 1101.5673989111017 1101.5684654711015 1101.8004089411018 1101.0063883511011 1103.3512269481578 1101.6473242511017 -1.0 1101.6473242511017 -1.0 1
196 0.25 nan 0.8 1.0 1.0 1105.2713284811052 1105.2724617011054 1105.5932296211056 1103.9001322811039 1107.1544496829338 1105.2452310911053 -1.0 1105.2452310911053 -1.0 1
197 nan 0.0625 0.8 -1.0 1.0 1111.2841604711114 1111.2850937111114 1111.5801642011115 1107.7302492311078 1113.154181201717 1111.4787410111114 1.0 1111.4787410111114 1.0 1
198 nan 0.0625 0.8 -1.0 1.0 1116.7339487711167 1116.7350819911167 1117.014120751117 1113.7313823911138 1118.5842357924612 1116.7580796911168 -1.0 1116.7580796911168 -1.0 1
199 0.0 nan 0.8 1.0 1.0 1120.7211500111207 1120.7220832511207 1121.038951561121 1119.1562398511192 1122.600669956674 1120.8921329111208 -1.0 1120.8921329111208 -1.0 1
200 nan 0.25 0.8 -1.0 1.0 1126.5374349911265 1126.5383682311265 1126.7787775211268 1123.173071461123 1128.3372973198573 1126.4947392611266 -1.0 1126.4947392611266 -1.0 1
201 0.0 nan 0.8 1.0 1.0 1131.033885301131 1131.034685221131 1131.4738079711315 1128.918196891129 1133.034027688974 1131.148040551131 1.0 1131.148040551131 1.0 1
202 0.0625 nan 0.8 1.0 1.0 1135.070648251135 1135.071681481135 1135.5440342411355 1133.6014285211336 1137.1041522236214 1135.164972151135 -1.0 1135.3798173311354 -1.0 3
203 0.125 nan 0.8 1.0 1.0 1138.6336585811387 1138.6346584811386 1139.032985311139 1137.6815538011376 1140.587571524778 1138.8331386311388 -1.0 1138.8331386311388 -1.0 1
204 1.0 nan 0.8 1.0 1.0 1141.6837202111417 1141.6846534511417 1142.022386341142 1141.171071481141 1143.583800154958 1141.6366915811416 -1.0 1141.8539031911419 -1.0 2
205 nan 0.25 0.2 -1.0 1.0 1147.7372148011477 1147.7382813611478 1147.988822971148 1144.1723046611442 1149.5505418880487 1147.866801841148 1.0 1147.866801841148 1.0 1
206 nan 0.25 0.2 -1.0 1.0 1151.3539864211514 1151.3549196611514 1151.5879630211516 1150.1261425511502 1153.1536795680408 1151.4705081011514 1.0 1151.4705081011514 1.0 1
207 0.125 nan 0.2 1.0 1.0 1154.3667851111543 1154.3679849911543 1154.7287822411547 1153.7217829511537 1156.2837002828137 1154.5073377211545 1.0 1154.5073377211545 1.0 1
208 nan 0.125 0.2 1.0 -1.0 1157.3702180711573 1157.3712513011574 1157.972557831158 1156.8666017711569 1160.5337385963671 1157.5284022511576 -1.0 1157.5284022511576 -1.0 1
209 nan 0.125 0.2 -1.0 1.0 1162.3202896811624 1162.3212229211624 1162.5663317411627 1161.1281422411612 1164.1169531050812 1162.4412775811625 1.0 1162.4412775811625 1.0 1
210 nan 1.0 0.2 -1.0 1.0 1167.2370312911673 1167.2378645411673 1167.6081608411675 1164.6888528011648 1169.170080231528 1167.3668516411674 1.0 1167.3668516411674 1.0 1
211 nan 0.0 0.2 -1.0 1.0 1170.2166999611702 1170.2178331811701 1170.5437005911706 1169.7459803711697 1172.1000159316643 1170.3669849311705 1.0 1170.3669849311705 1.0 1
212 1.0 nan 0.2 1.0 1.0 1174.036751251174 1174.0378178111741 1174.3371212111745 1172.6740208711726 1175.903240976158 1174.1915691011743 -1.0 1174.1915691011743 -1.0 1
213 1.0 nan 0.2 1.0 1.0 1177.0167865511771 1177.017819781177 1177.3102572011774 1176.4724409911764 1178.8667597398478 1177.078047091177 -1.0 1177.078047091177 -1.0 1
214 nan 0.0625 0.2 1.0 -1.0 1180.5367345211805 1180.5378010811805 1180.8481033811809 1179.5997615611795 1183.3998881979783 1180.5189696311804 -1.0 1180.7560459211807 -1.0 2
215 nan 1.0 0.2 -1.0 1.0 1185.4531761611854 1185.4541094011854 1185.6449903111857 1183.981889971184 1187.1998093735037 1185.5402007911855 1.0 1185.5402007911855 1.0 1
216 nan 1.0 0.2 -1.0 1.0 1188.8202060911888 1188.8211060011888 1189.111143661189 1187.7763104911878 1190.6666286131597 1188.936894421189 1.0 1188.936894421189 1.0 1
217 0.0625 nan 0.2 1.0 1.0 1191.8197394411918 1191.820739341192 1192.067348011192 1191.2489298611913 1193.6196641860397 1191.951992881192 -1.0 1191.951992881192 -1.0 1
218 nan 0.25 0.2 -1.0 1.0 1195.5496997411956 1195.5506996411955 1195.7778769211957 1194.1929687611942 1197.3328956517635 1195.6646882411958 1.0 1195.6646882411958 1.0 1
219 nan 0.25 0.2 -1.0 1.0 1198.4025144311984 1198.4033476811985 1198.7103836411986 1197.9097970411979 1200.282903941156 1198.5443335811985 1.0 1198.5443335811985 1.0 1
220 nan 0.125 0.2 -1.0 1.0 1204.6196593212046 1204.6207258812046 1204.867534531205 1200.8610018912009 1206.432748320785 1204.7654780712048 1.0 1204.7654780712048 1.0 1
221 nan 0.0625 0.2 -1.0 1.0 1210.1529726012102 1210.15397250121 1210.5724973112106 1207.0347511212071 1212.136681164683 1210.3354210212103 1.0 1210.3354210212103 1.0 1
222 nan 0.0625 0.2 -1.0 1.0 1213.2326646012132 1213.2336311712133 1213.5536991612137 1212.7321813212127 1215.102615205264 1213.3886823312134 1.0 1213.3886823312134 1.0 1
223 nan 1.0 0.2 -1.0 1.0 1216.2158995812163 1216.2169328112163 1216.4728405512164 1215.6810197412158 1218.036428657496 1216.3392872412164 1.0 1216.3392872412164 1.0 1
224 nan 1.0 0.2 -1.0 1.0 1219.2992912112193 1219.3002577812192 1219.6212590112195 1218.6072270912186 1221.1696463878327 1219.4241787212195 1.0 1219.4241787212195 1.0 1
225 nan 0.25 0.2 -1.0 1.0 1222.3326878412224 1222.3335877512222 1222.5863624712226 1221.7409470212217 1224.1327785872597 1222.4682409512225 1.0 1222.4682409512225 1.0 1
226 nan 0.25 0.2 -1.0 1.0 1225.1859691512252 1225.1869023912252 1225.5594984612255 1224.7183825812247 1227.1196122432154 1225.3478529612253 1.0 1225.3478529612253 1.0 1
227 nan 1.0 0.2 -1.0 1.0 1228.2659611212282 1228.2668610312282 1228.4987045112284 1227.7071170112276 1230.0526251988097 1228.3870490112283 1.0 1228.3870490112283 1.0 1
228 nan 0.0625 0.2 -1.0 1.0 1233.7824760812339 1233.7835093112337 1234.1678375412341 1230.6297247212306 1235.719156273927 1233.970990561234 1.0 1233.970990561234 1.0 1
229 nan 1.0 0.2 -1.0 1.0 1237.6655544012376 1237.6664876412376 1237.904263861238 1236.3104565912363 1239.4524824277682 1237.7999076312378 1.0 1237.7999076312378 1.0 1
230 nan 0.0625 0.2 -1.0 1.0 1240.5654643812406 1240.5664642812405 1240.992688321241 1240.03908369124 1242.5357176519365 1240.7599449312409 1.0 1240.7599449312409 1.0 1
231 nan 0.0625 0.2 -1.0 1.0 1243.932061021244 1243.933127581244 1244.4088133412445 1243.3009241412433 1245.9856324308157 1244.102577301244 1.0 1244.3652843612444 1.0 2
232 nan 0.125 0.2 -1.0 1.0 1247.2655609712472 1247.2664608812472 1247.5657309512476 1246.5695305812467 1249.1324475268145 1247.4269115012473 1.0 1247.4269115012473 1.0 1
233 nan 1.0 0.2 -1.0 1.0 1250.4021806112505 1250.4030805212503 1250.7082833312506 1249.7305477812497 1252.2691667735273 1250.5381670112506 1.0 1250.5381670112506 1.0 1
234 nan 0.25 0.2 -1.0 1.0 1255.3324208712554 1255.3334541012553 1258.870833661259 1252.8544686912528 1260.4356419132498 1258.1829357912582 1.0 1258.1829357912582 1.0 1
235 0.125 nan 0.2 1.0 1.0 1262.2154325012623 1262.2163657412623 1264.4299776912644 1261.0907449812612 1265.9991920729894 1264.0491491112641 -1.0 1264.3855154712644 -1.0 2
236 nan 0.125 0.2 -1.0 1.0 1267.151938801267 1267.153338661267 1311.113808841311 1266.5956944312666 1312.6680164254585 1272.954625141273 -1.0 1310.959324291311 1.0 10
237 nan 0.25 0.2 -1.0 1.0 1313.831603701314 1313.8328035813138 1314.5172351313145 1313.3441191213133 1316.0848497274726 1313.949758551314 1.0 1314.3285206713144 -1.0 2
238 0.0625 nan 0.2 1.0 1.0 1317.6314570113177 1317.6324569113176 1318.043549131318 1316.6749526713168 1319.6014654553471 1317.8314036813179 -1.0 1317.8314036813179 -1.0 1
239 nan 1.0 0.2 -1.0 1.0 1320.6813186613208 1320.6824185513208 1320.950358421321 1320.2109657013202 1322.5146761483359 1320.827204071321 1.0 1320.827204071321 1.0 1
240 nan 1.0 0.2 -1.0 1.0 1323.8514682813238 1323.8524015213238 1324.093810711324 1323.1045763113232 1325.647893617412 1323.985254901324 1.0 1323.985254901324 1.0 1
241 nan 0.0625 0.2 1.0 -1.0 1327.6679199313278 1327.6690531513277 1343.7483117313438 1326.2483952313262 1346.3140552998575 1343.4497082613434 1.0 1343.5272338413436 -1.0 2
242 nan 0.125 0.2 1.0 -1.0 1347.6510547513476 1347.6519546613476 1358.6875509913586 1346.948958301347 1361.2470647689593 1358.157370681358 1.0 1358.6458884913586 -1.0 2
243 nan 1.0 0.2 -1.0 1.0 1362.6008596213626 1362.6018928513627 1362.887164321363 1361.8678662613618 1364.4473817742423 1362.7438786513628 1.0 1362.7438786513628 1.0 1
244 nan 0.125 0.2 -1.0 1.0 1365.7508445913659 1365.7518778213657 1366.2840912613663 1365.046681681365 1367.85050418158 1365.9392924113658 1.0 1365.9392924113658 1.0 1
245 nan 0.0625 0.2 -1.0 1.0 1369.9972532413701 1369.99818648137 1370.4835379413705 1368.4632066613685 1372.0471502311163 1370.2285634413702 -1.0 1370.2285634413702 -1.0 1
246 nan 0.125 0.2 1.0 -1.0 1373.5339662013735 1373.5348327813736 1379.99715315138 1372.6549541113727 1382.5507027104475 1379.7824079613797 -1.0 1379.7824079613797 -1.0 1
247 nan 1.0 0.2 -1.0 1.0 1383.847068121384 1383.848134681384 1384.074812011384 1383.169402561383 1385.6467360013098 1383.980588101384 1.0 1383.980588101384 1.0 1
248 nan 0.0625 0.2 -1.0 1.0 1387.183534441387 1387.1844343513872 1387.4917369513876 1386.4345426813863 1389.05045371854 1387.3729488313875 1.0 1387.3729488313875 1.0 1
249 0.125 nan 0.2 1.0 1.0 1390.1803014013901 1390.1814346213903 1390.7366790913907 1389.6562538113897 1392.300391341513 1390.4110116613904 -1.0 1390.4110116613904 -1.0 1
250 nan 0.25 0.2 -1.0 1.0 1394.6468213713947 1394.6477546113947 1394.973788671395 1392.8882972413928 1396.5304068705875 1394.8547005813948 1.0 1394.8547005813948 1.0 1
251 nan 0.125 0.2 -1.0 1.0 1398.800272651399 1398.8014058713989 1420.7133811214208 1397.1323061313972 1422.2662939086767 1420.5530304914205 1.0 1420.5530304914205 1.0 1
252 nan 0.125 0.2 -1.0 1.0 1424.3462844614244 1424.3472843614243 1431.2135643314311 1422.9018955814229 1432.7798765562152 1430.2341289514302 -1.0 1431.013017721431 1.0 5
253 nan 0.0625 0.2 -1.0 1.0 1434.066445681434 1434.067245601434 1434.4846038614346 1433.4050784914334 1436.0498869540688 1434.035848741434 1.0 1434.3225200714344 1.0 2
254 nan 0.125 0.2 -1.0 1.0 1437.3297526514373 1437.3305525714372 1437.7800076214378 1436.6585864414367 1439.3495191007 1437.6143908514375 1.0 1437.6143908514375 1.0 1
255 nan 0.0625 0.2 -1.0 1.0 1442.2126309814423 1442.2135308914421 1442.5716617414425 1439.94992394144 1444.1329449360453 1442.4616727414425 1.0 1442.4616727414425 1.0 1
256 nan 0.0 0.2 -1.0 1.0 1447.2294625814473 1447.2305291414473 1447.9241931014478 1444.7432445614447 1449.4964033402325 1447.3254196514474 -1.0 1447.921326721448 1.0 4
257 nan 0.0 0.2 -1.0 1.0 1451.4161772014513 1451.4171771014514 1468.7994387014687 1450.11260757145 1470.3488526794258 1451.8403014514518 1.0 1468.5604292714686 1.0 11
258 nan 0.25 0.2 -1.0 1.0 1471.5957257114717 1471.5967589414715 1471.8588660614719 1470.978554101471 1473.4162780058784 1471.7495769914717 1.0 1471.7495769914717 1.0 1
259 nan 0.125 0.2 -1.0 1.0 1475.012184031475 1475.0130506114751 1475.3207865014754 1474.036781581474 1476.8624034588433 1475.1960989714753 1.0 1475.1960989714753 1.0 1
260 nan 0.125 0.2 -1.0 1.0 1477.965655321478 1477.966721881478 1478.2732912214783 1477.4735045414775 1479.8323103664413 1478.1477371114781 1.0 1478.1477371114781 1.0 1
261 nan 0.0 0.8 -1.0 1.0 1481.3622489614813 1481.3633821814815 1481.6750176814817 1480.4377080914805 1483.2454311095862 1481.5277324114816 1.0 1481.5277324114816 1.0 1
262 nan 0.25 0.8 -1.0 1.0 1486.0992752114862 1486.1003417714862 1486.3535497814864 1483.860032491484 1487.9121632583654 1486.2535264514863 1.0 1486.2535264514863 1.0 1
263 0.25 nan 0.8 -1.0 -1.0 1489.2822902114892 1489.2833234414893 1490.1250059314903 1488.5281656314885 1492.6786174357162 1489.96158894149 1.0 1489.96158894149 1.0 1
264 0.0625 nan 0.8 -1.0 -1.0 1493.8654985114938 1493.866631731494 1494.2299620614942 1493.2999217414933 1496.7955428674113 1494.022649461494 1.0 1494.022649461494 1.0 1
265 1.0 nan 0.8 1.0 1.0 1498.065611791498 1498.066611691498 1498.5052344914984 1497.4192431014974 1500.0619512753449 1498.3053544814984 -1.0 1498.3053544814984 -1.0 1
266 1.0 nan 0.8 1.0 1.0 1501.9656217515019 1501.966621651502 1503.024882481503 1500.6882495015006 1504.5788035995888 1502.1890327415022 -1.0 1502.6170899315027 1.0 2
267 0.125 nan 0.8 -1.0 -1.0 1505.981686771506 1505.982586681506 1506.990919171507 1505.4020114115053 1509.5454351110152 1506.2559593415062 -1.0 1506.6317550915066 1.0 2
268 0.125 nan 0.8 1.0 1.0 1510.7653083615107 1510.7662416015107 1511.3100538815113 1510.15273629151 1512.8618651591771 1510.980786811511 -1.0 1510.980786811511 -1.0 1
269 0.25 nan 0.8 1.0 1.0 1514.6151233415146 1514.6162232315146 1515.1246723815152 1513.4882693715135 1516.6817878681063 1514.8109704215149 1.0 1514.945023681515 -1.0 2
270 0.25 nan 0.8 1.0 1.0 1518.2784903015183 1518.2795235315184 1518.6527862015187 1517.3027878815174 1520.195202997244 1518.4603387815184 -1.0 1518.4603387815184 -1.0 1
271 0.125 nan 0.8 1.0 1.0 1522.3982116215225 1522.3991781915224 1522.7396108115227 1520.821702621521 1524.2983251822366 1522.5855928815226 -1.0 1522.5855928815226 -1.0 1
272 0.25 nan 0.8 1.0 1.0 1525.7947386015258 1525.7958384915257 1525.953456061526 1524.923825701525 1527.5115649525444 1525.849333141526 -1.0 1525.849333141526 -1.0 1
273 0.125 nan 0.8 1.0 1.0 1529.5148998815296 1529.5157997915296 1529.89206216153 1528.1396707515282 1531.448679625932 1529.7208792815297 -1.0 1529.7208792815297 -1.0 1
274 nan 0.25 0.8 -1.0 1.0 1532.7446768715326 1532.7455101215328 1532.9860860615331 1532.057878891532 1534.54489980154 1532.8883625015328 1.0 1532.8883625015328 1.0 1
275 nan 0.125 0.8 -1.0 1.0 1536.7481764815368 1536.7491097215368 1537.037514211537 1535.1670012815352 1538.5948277331474 1536.930291601537 1.0 1536.930291601537 1.0 1
276 0.0625 nan 0.8 -1.0 -1.0 1539.8313014715397 1539.83210139154 1549.5703608015497 1539.2114301315391 1552.127938158754 1549.4028775515494 1.0 1549.4028775515494 1.0 1
277 0.0625 nan 0.8 -1.0 -1.0 1555.081542961555 1555.0823428815552 1563.3143196015633 1552.7739404115528 1565.8612315663756 1563.2152961715633 1.0 1563.2152961715633 1.0 1
278 0.125 nan 0.8 -1.0 -1.0 1568.2646578515682 1568.2656244215682 1587.5725268715876 1566.5137329615666 1590.1273009367721 1569.5487294315697 -1.0 1587.4808693715875 1.0 9
279 0.25 nan 0.8 1.0 1.0 1594.3637810115945 1594.3648142415943 1645.4355066616454 1590.813602731591 1646.9932078830448 1594.3493157915943 -1.0 1644.9455889916449 1.0 8
280 nan 1.0 0.8 -1.0 1.0 1648.2464588716482 1648.2476587516483 1648.4746360516485 1647.7334101816477 1650.026544982941 1648.3737794716483 1.0 1648.3737794716483 1.0 1
281 1.0 nan 0.8 1.0 1.0 1651.1965305016513 1651.1975637316511 1652.126337511652 1650.6493518916507 1653.6764543050451 1651.3927442116515 -1.0 1652.072142931652 -1.0 4
282 0.125 nan 0.8 1.0 1.0 1655.879962111656 1655.880895351656 1656.2384929216562 1654.3106523916542 1657.7965008961073 1656.085174921656 -1.0 1656.085174921656 -1.0 1
283 0.0625 nan 0.8 1.0 1.0 1659.0433124116591 1659.044212321659 1659.3785122216593 1658.4381062716584 1660.9429257727616 1659.2041296616592 -1.0 1659.2041296616592 -1.0 1
284 1.0 nan 0.8 1.0 1.0 1662.0960404416621 1662.097206991662 1662.5080325716626 1661.5651268716615 1664.0596467222033 1662.2821218316624 -1.0 1662.2821218316624 -1.0 1
285 0.0625 nan 0.8 1.0 1.0 1665.1961304016652 1665.1972302916652 1666.1451354916662 1664.6872479616648 1667.6963609736208 1665.6862147216657 -1.0 1666.1160384016662 -1.0 2
286 1.0 nan 0.8 1.0 1.0 1669.3594806916694 1669.3604805916693 1670.03477982167 1668.5456620816685 1671.59668979687 1669.5700929616696 -1.0 1669.93542309167 -1.0 2
287 0.25 nan 0.8 1.0 1.0 1673.1927639916732 1673.1937972216733 1673.5400959216736 1672.2343931716723 1675.092609420944 1673.3933106016734 -1.0 1673.3933106016734 -1.0 1
288 0.25 nan 0.8 1.0 1.0 1676.1965302516762 1676.1974634916762 1676.919024661677 1675.7266105816757 1678.4761358975725 1676.3870112016764 -1.0 1676.7675064816767 -1.0 2
289 nan 0.0 0.8 1.0 -1.0 1680.0464785516801 1680.04744512168 1684.947755041685 1679.106339241679 1687.5125002744585 1684.1853979516843 -1.0 1684.8085689616848 -1.0 4
290 nan 0.125 0.8 -1.0 1.0 1688.6424188716887 1688.6434187716886 1688.931723271689 1688.1472017316883 1690.4963314701645 1688.8178013316888 1.0 1688.8178013316888 1.0 1
291 0.0 nan 0.8 -1.0 -1.0 1691.7591738316917 1691.7600737416917 1692.1597337716921 1691.1282369316912 1694.7093498152608 1692.033213091692 1.0 1692.033213091692 1.0 1
292 nan 0.25 0.8 -1.0 1.0 1695.812368471696 1695.8133683716958 1696.0904739916962 1695.3333497116953 1697.642382951414 1695.970785961696 1.0 1695.970785961696 1.0 1
293 nan 0.125 0.8 -1.0 1.0 1698.979351741699 1698.980384971699 1699.2866876716994 1698.2691894316984 1700.8424007848712 1699.1477015716991 1.0 1699.1477015716991 1.0 1
294 0.0 nan 0.8 -1.0 -1.0 1703.3623467317034 1703.3633466317033 1703.6426853617036 1701.4853011217015 1706.1924309567155 1703.5230639917036 1.0 1703.5230639917036 1.0 1
295 0.25 nan 0.8 1.0 1.0 1707.5456616917077 1707.5466615917076 1708.3320497117084 1706.8458316817068 1709.8921612822026 1707.8296332917078 -1.0 1708.1311364717083 -1.0 2
296 0.125 nan 0.8 1.0 1.0 1711.1461016117112 1711.1469681917113 1711.6184877017117 1710.5242638017105 1713.1925935199724 1711.3455150017114 -1.0 1711.3455150017114 -1.0 1
297 0.0625 nan 0.8 1.0 1.0 1714.3789782917145 1714.3802781617144 1721.5215639617215 1713.8568971717139 1723.0954704553087 1721.3408487017214 -1.0 1721.3408487017214 -1.0 1
298 1.0 nan 0.8 1.0 1.0 1724.4588702017245 1724.4599034317246 1724.8632630917248 1723.7585735717237 1726.4121790467725 1724.6687825417248 -1.0 1724.6687825417248 -1.0 1
299 0.25 nan 0.8 1.0 1.0 1727.6418852017277 1727.6428851017276 1728.0694091117282 1727.060776651727 1729.628616518845 1727.8333660517278 -1.0 1727.8333660517278 -1.0 1
300 nan 0.25 0.8 -1.0 1.0 1730.9255568017309 1730.926590031731 1731.2266266917313 1730.2668226817302 1732.7786399875558 1731.0937733117312 1.0 1731.0937733117312 1.0 1
301 0.25 nan 0.8 1.0 1.0 1734.008548471734 1734.0095483717341 1734.4643362217346 1733.4202406417335 1736.0084524336773 1734.1104049517342 1.0 1734.1104049517342 1.0 1
302 0.125 nan 0.8 1.0 1.0 1739.7619730717397 1739.7628396517398 1743.985417351744 1736.6437515917366 1745.545423793422 1743.3735785417434 -1.0 1743.7768715417437 -1.0 2
303 0.0625 nan 0.8 1.0 1.0 1747.058410021747 1747.059476581747 1747.5729252317476 1746.2308261217463 1749.1286391048693 1747.2717220217473 -1.0 1747.2717220217473 -1.0 1
304 0.0625 nan 0.8 1.0 1.0 1750.4584033217504 1750.4594698817505 1750.8193672217508 1749.7750383317498 1752.3750747983263 1750.6691155817507 -1.0 1750.6691155817507 -1.0 1
305 0.25 nan 0.8 1.0 1.0 1754.3115179717543 1754.3124512117543 1755.080974351755 1753.023280141753 1756.6249900203766 1754.4947329817546 -1.0 1754.972885161755 -1.0 3
306 0.0625 nan 0.8 1.0 1.0 1758.6618828917588 1758.6627494717586 1761.2486241917613 1757.2749882617572 1762.8082344664208 1760.6110546217606 -1.0 1761.1487675117612 -1.0 2
307 1.0 nan 0.8 1.0 1.0 1764.178631161764 1764.1797977117642 1764.5502606617645 1763.4582365417634 1766.112073072461 1764.3637459817644 -1.0 1764.3637459817644 -1.0 1
308 0.0625 nan 0.8 1.0 1.0 1769.5249631417696 1769.5260297017696 1770.2300926217702 1766.997382591767 1771.7913033900084 1769.7615061517697 -1.0 1770.1958960417703 -1.0 2
309 0.125 nan 0.8 1.0 1.0 1773.1950294317733 1773.1960293317732 1773.6172205417736 1772.4497039717726 1775.1750300999568 1773.4064082917735 -1.0 1773.4064082917735 -1.0 1
310 0.125 nan 0.8 1.0 1.0 1776.877961101777 1776.879360961777 1777.2759546317773 1775.8292326517758 1778.84106275423 1777.064309131777 -1.0 1777.064309131777 -1.0 1
311 0.0 nan 0.8 1.0 1.0 1780.1780977217802 1780.1789976317802 1783.091006401783 1779.4986656717795 1784.657913956714 1782.7118776517827 -1.0 1783.077174451783 -1.0 2
312 0.0625 nan 0.8 1.0 1.0 1786.1943627017863 1786.1952959417863 1786.6071214217866 1785.3204167717854 1788.1612335419045 1786.4095745117863 -1.0 1786.4095745117863 -1.0 1
313 0.25 nan 0.8 1.0 1.0 1790.5078979717905 1790.5089645317905 1791.2080612817913 1788.8055348917887 1792.7575712047337 1790.7024785117908 -1.0 1791.1560664817912 -1.0 2
314 1.0 nan 0.8 1.0 1.0 1794.0611426117941 1794.061942531794 1794.3877766117944 1793.4056748317935 1795.9411890484455 1794.2390248217941 -1.0 1794.2390248217941 -1.0 1
315 nan 1.0 0.2 -1.0 1.0 1798.1442009317982 1798.1452674917982 1798.3488138017983 1796.5974889517965 1799.894323279302 1798.2619891517984 1.0 1798.2619891517984 1.0 1
316 nan 0.0 0.2 1.0 -1.0 1801.1577328818012 1801.158566131801 1801.967251921802 1800.5544265518006 1804.5280599762887 1801.6118208018017 -1.0 1801.6118208018017 -1.0 1
317 nan 0.25 0.2 -1.0 1.0 1805.6740812018056 1805.6752144218058 1805.9393546718059 1805.187563191805 1807.4944681437823 1805.835465061806 1.0 1805.835465061806 1.0 1
318 nan 0.0625 0.2 1.0 -1.0 1808.7409411518088 1808.7418743918088 1814.6358516018147 1808.1493669818083 1817.1908259370687 1814.4541364418144 -1.0 1814.4541364418144 -1.0 1
319 nan 1.0 0.2 -1.0 1.0 1818.5608923918185 1818.5618256318187 1818.8065344918189 1817.8694282118179 1820.3779451881178 1818.7071777618187 1.0 1818.7071777618187 1.0 1
320 nan 1.0 0.2 -1.0 1.0 1821.5071644018215 1821.5081643018216 1821.7542730218217 1821.0265458018212 1823.3105773836655 1821.6393845118216 1.0 1821.6393845118216 1.0 1
321 nan 0.25 0.2 -1.0 1.0 1824.4573026918245 1824.4581359418244 1824.7045779618247 1823.988882871824 1826.2609908488728 1824.5941556718246 1.0 1824.5941556718246 1.0 1
322 nan 0.0625 0.2 -1.0 1.0 1828.1405010018282 1828.1414675718281 1834.118769781834 1826.924289301827 1835.6739750113502 1833.1828300518332 -1.0 1833.8387977818338 1.0 3
323 0.25 nan 0.2 -1.0 -1.0 1837.0606422318372 1837.0614421518371 1839.4701012618395 1836.3544795218363 1842.0238100884476 1838.5076975118386 1.0 1839.075807361839 1.0 3
324 0.125 nan 0.2 1.0 1.0 1844.010213871844 1844.011080451844 1844.8161332718448 1842.7114104318428 1846.3735417748833 1844.3057843118443 -1.0 1844.7604055118447 -1.0 2
325 0.0625 nan 0.2 1.0 1.0 1848.6767471718488 1848.6777137418487 1869.8875258818698 1847.042443951847 1871.4400310366132 1860.3946086018605 -1.0 1869.6301182918696 -1.0 6
326 nan 0.125 0.2 -1.0 1.0 1874.1769302318742 1874.1779634618742 1874.966451271875 1872.136534291872 1876.523260525267 1874.4161729718744 1.0 1874.8928253018748 1.0 3
327 nan 1.0 0.2 -1.0 1.0 1877.7600385518779 1877.7610051218778 1878.2719873518784 1877.1996612618773 1879.8232949646376 1877.9131565718778 1.0 1878.1267352118782 1.0 2
328 nan 0.125 0.2 1.0 -1.0 1880.993448511881 1880.994248431881 1891.1708640018912 1880.4818996718805 1893.7229041133762 1890.8255652018909 -1.0 1890.8255652018909 -1.0 1
329 nan 1.0 0.2 -1.0 1.0 1895.010080041895 1895.010846631895 1895.2501893618953 1894.4132064018945 1896.826604067627 1895.1393337818952 1.0 1895.1393337818952 1.0 1
330 nan 1.0 0.2 -1.0 1.0 1898.039643721898 1898.0405103018982 1914.8181323719148 1897.4806996218974 1916.3726394800249 1914.069107281914 -1.0 1914.4845990619144 1.0 3
331 0.125 nan 0.2 -1.0 -1.0 1917.5595582019175 1917.5604247819176 1919.96338446192 1917.060341461917 1922.5059928507537 1919.5522922419195 -1.0 1919.7881686519197 1.0 2
332 nan 0.0625 0.2 -1.0 1.0 1924.025744851924 1924.0267114219241 1926.5976209719265 1923.1720968919233 1928.1559299182532 1926.4287045319265 1.0 1926.4287045319265 1.0 1
333 nan 0.0625 0.2 -1.0 1.0 1929.3093497719294 1929.3103496719293 1930.1622644719303 1928.8199320519288 1931.7056710572951 1929.8510622619299 1.0 1929.8510622619299 1.0 1
334 nan 0.0625 0.2 -1.0 1.0 1933.092271441933 1933.093338001933 1941.5810224819415 1932.3649775119325 1943.1254337633734 1941.5207285119416 1.0 1941.5207285119416 1.0 1
335 0.0625 nan 0.8 1.0 1.0 1944.3388466719443 1944.3399465619443 1947.1255679719472 1943.798034091944 1948.6889753363262 1947.0199785319471 -1.0 1947.0199785319471 -1.0 1
336 0.0 nan 0.8 1.0 1.0 1949.9090895919499 1949.91025614195 1953.5660238619537 1949.3623776019494 1955.1222302278377 1953.2901514519533 -1.0 1953.2901514519533 -1.0 1
337 nan 0.125 0.8 1.0 -1.0 1956.3421795519564 1956.3432461119564 1974.3208148419744 1955.7962341519558 1976.8719874803758 1973.5816887619735 -1.0 1974.1733962519743 -1.0 5
338 0.0625 nan 0.8 1.0 1.0 1978.2418227019782 1978.2427892719782 1978.9062895819789 1977.5643904519775 1980.4550016864807 1978.3987736719785 1.0 1978.3987736719785 1.0 1
339 0.125 nan 0.8 -1.0 -1.0 1981.5916876819815 1981.5927875719817 1996.6867113619967 1981.117201801981 1999.2548482131872 1996.5481585519965 1.0 1996.5481585519965 1.0 1
340 0.0 nan 0.8 0.0 -1.0 2000.5079625320004 2000.5090290920004 2060.5104616820604 1999.949251742 2063.009597338698 2016.5697561920165 -1.0 2016.5697561920165 -1.0 1
341 0.0625 nan 0.8 1.0 1.0 2064.4242369320646 2064.4255034720645 2065.048007882065 2063.776301732064 2066.603842996053 2064.595153172065 1.0 2064.891923492065 -1.0 3
342 0.25 nan 0.8 1.0 1.0 2068.2238569320684 2068.2247568420685 2069.059240052069 2067.2861507120674 2070.623652937824 2068.3528107020684 1.0 2069.024343542069 -1.0 4
343 nan 0.125 0.8 -1.0 1.0 2072.970548882073 2072.971415462073 2073.2847841220732 2071.295049782071 2074.8407902817135 2073.1651627520732 1.0 2073.1651627520732 1.0 1
344 nan 0.0625 0.8 1.0 -1.0 2076.853660532077 2076.8547270920767 2131.6458474321316 2075.5149944120753 2134.2196084795974 2131.4491004421316 -1.0 2131.4491004421316 -1.0 1
345 0.0625 nan 0.8 -1.0 -1.0 2135.689709672136 2135.6907762321357 2136.0557730621363 2135.009711012135 2138.619445574601 2135.917320242136 1.0 2135.917320242136 1.0 1
346 0.0625 nan 0.8 1.0 1.0 2139.98941299214 2139.9904462221402 2140.648580402141 2139.289849622139 2142.2196831064607 2140.3612091421405 -1.0 2140.3612091421405 -1.0 1
347 0.25 nan 0.8 1.0 1.0 2144.5732212321445 2144.5740878121446 2145.078004082145 2142.901388432143 2146.6361122706335 2144.806931192145 -1.0 2144.806931192145 -1.0 1
348 0.125 nan 0.8 1.0 1.0 2148.072804572148 2148.073737812148 2148.750336812149 2147.3210130921475 2150.3229425091586 2148.3348117021483 -1.0 2148.3348117021483 -1.0 1
349 nan 0.25 0.8 -1.0 1.0 2151.5191265721514 2151.5200598121514 2152.074337712152 2150.997145442151 2153.6396489027966 2151.6934091421517 1.0 2151.788966252152 -1.0 2
350 nan 0.125 0.8 1.0 -1.0 2155.6024848621555 2155.6033514421556 2190.3782069421904 2154.3243460221543 2192.9392406047714 2157.1687948821573 -1.0 2190.21269016219 -1.0 4
351 1.0 nan 0.8 1.0 1.0 2195.952016172196 2195.952849422196 2196.3302783421964 2193.6818432121936 2197.8852883449895 2196.138364202196 -1.0 2196.138364202196 -1.0 1
352 0.0 nan 0.8 -1.0 -1.0 2200.5220924522005 2200.5231590122007 2234.350042652234 2198.8317948321987 2236.9050454907197 2234.2008575722343 1.0 2234.2008575722343 1.0 1
353 1.0 nan 0.8 1.0 1.0 2238.984545822239 2238.985345742239 2239.4323677022394 2237.6370472522376 2240.988476014965 2239.169227352239 -1.0 2239.169227352239 -1.0 1
354 nan 0.125 0.8 -1.0 1.0 2242.384505792242 2242.3856723422423 2243.107200182243 2241.6606781822416 2244.6679061221703 2242.5903185422426 1.0 2243.015176052243 1.0 3
355 0.25 nan 0.8 1.0 1.0 2247.004843712247 2247.005976932247 2257.6819092322576 2245.3540088122454 2259.234614300465 2257.309346492257 -1.0 2257.5057268522573 -1.0 2
356 0.0625 nan 0.8 1.0 1.0 2260.4216019022606 2260.4226018022605 2315.2156219523154 2259.93231750226 2316.7838191816804 2278.1947910722783 -1.0 2315.0926009223153 -1.0 5
357 0.25 nan 0.8 1.0 1.0 2319.5203581023197 2319.5213246723197 2320.4791622123207 2317.552521572318 2322.050365590577 2320.1418959423204 -1.0 2320.1418959423204 -1.0 1
358 0.125 nan 0.8 1.0 1.0 2323.2868814123235 2323.2879479723233 2324.079468812324 2322.7345699823227 2325.6504041768467 2323.5567544223236 -1.0 2323.794897272324 -1.0 2
359 nan 1.0 0.8 -1.0 1.0 2328.3197780723285 2328.320611322328 2340.792797312341 2326.3365097523265 2342.353533063789 2340.3732726023404 -1.0 2340.3732726023404 -1.0 1
360 nan 0.0625 0.8 -1.0 1.0 2344.099899902344 2344.100833142344 2356.031506622356 2343.067636472343 2357.5866444677927 2352.0462385223523 -1.0 2355.926050502356 1.0 3
361 0.125 nan 0.8 1.0 1.0 2358.7661997923587 2358.767099702359 2359.2095221223594 2358.298046612358 2360.7497658054413 2358.848524892359 1.0 2358.995843492359 -1.0 2
362 0.125 nan 0.8 1.0 1.0 2361.903086072362 2361.904085972362 2362.5489548123624 2361.4245672623615 2364.1162667552594 2362.243252052362 -1.0 2362.243252052362 -1.0 1
363 0.0625 nan 0.8 -1.0 -1.0 2365.3031460323655 2365.3040792723655 2365.5237239723656 2364.801562862365 2368.086495142885 2365.3931703623653 1.0 2365.3931703623653 1.0 1
364 nan 1.0 0.8 -1.0 1.0 2369.4663296723693 2369.4673629023696 2370.3844045223705 2368.7687994323687 2371.9533405966968 2370.13546275237 -1.0 2370.3049124723702 1.0 2
365 0.0625 nan 0.8 -1.0 -1.0 2373.6328463123737 2373.633679562374 2376.625347032377 2372.6380458023727 2379.18628616599 2375.660943482376 1.0 2376.2868142223765 1.0 3
366 nan 0.125 0.8 -1.0 1.0 2380.5660862523805 2380.5669861623805 2381.1800915123813 2379.89018718238 2382.75290014488 2381.047604762381 1.0 2381.047604762381 1.0 1
367 0.0 nan 0.8 -1.0 -1.0 2384.015874572384 2384.016974462384 2385.3626732123853 2383.4331995123835 2387.91924362874 2384.290880402384 -1.0 2384.905385612385 1.0 2
368 nan 0.125 0.2 1.0 -1.0 2391.3656395223916 2391.3666060923915 2407.2835475724073 2388.613048142389 2409.8492146412505 2396.3000793623964 1.0 2406.987443852407 1.0 4
369 nan 0.0625 0.2 0.0 -1.0 2411.0688356724113 2411.069868902411 2471.071268162471 2410.5858173124107 2473.5704691521796 2436.8565899724367 -1.0 2471.013507272471 1.0 9
370 nan 0.0 0.2 -1.0 1.0 2474.898018782475 2474.898918692475 2475.4140671724754 2474.3675718324744 2476.964477485028 2475.091432772475 1.0 2475.3267092424753 1.0 2
371 nan 0.25 0.2 -1.0 1.0 2478.885053372479 2478.885886622479 2490.8301920724907 2477.6668752024775 2492.384895343896 2490.7270690524906 1.0 2490.7270690524906 1.0 1
372 1.0 nan 0.2 1.0 1.0 2494.3974686424945 2494.3985018724943 2495.918816492496 2493.103398062493 2497.4643240563028 2494.5894161124947 -1.0 2495.4649618824956 1.0 5
373 nan 1.0 0.2 1.0 -1.0 2498.7507332724986 2498.751799832499 2503.090099292503 2498.169124772498 2505.6681001413726 2502.6204795925028 -1.0 2503.042970672503 -1.0 2
374 nan 0.25 0.2 -1.0 1.0 2506.914050192507 2506.915083422507 2507.4119004025074 2506.3663049725064 2508.9845090070326 2507.0927323225073 1.0 2507.3952020725073 1.0 2
375 nan 0.25 0.2 -1.0 1.0 2511.3305085025113 2511.3314084125113 2511.6438438325117 2509.6736075425097 2513.1974461756745 2511.4872928225113 1.0 2511.4872928225113 1.0 1
376 nan 0.125 0.2 0.0 -1.0 2514.701371382515 2514.702371282515 2574.7037705425746 2514.202354622514 2577.203005391391 2514.8081940325146 1.0 2537.8511228425377 1.0 7
377 nan 0.0 0.2 -1.0 1.0 2578.563284552579 2578.5640844725785 2579.123628512579 2577.9953080225782 2580.6833321884787 2578.990475162579 1.0 2578.990475162579 1.0 1
378 nan 0.25 0.2 -1.0 1.0 2581.9132495225817 2581.914082772582 2582.207153462582 2581.3823359525813 2583.7665574277867 2582.0935648225823 1.0 2582.0935648225823 1.0 1
379 nan 0.0625 0.2 1.0 -1.0 2586.4964911525867 2586.4973910625863 2621.661907592622 2584.4756599225843 2624.2161394418117 2621.315008952621 -1.0 2621.315008952621 -1.0 1
380 nan 0.0 0.2 -1.0 1.0 2626.3124758226263 2626.3135757126265 2626.796160782627 2624.976642752625 2628.3491670526473 2626.5490188326266 -1.0 2626.6196451026267 1.0 2
381 0.0625 nan 0.2 1.0 1.0 2629.5623841326296 2629.5635506826297 2659.1739893426593 2629.052168492629 2660.728721893354 2643.1908878126433 1.0 2658.906682742659 -1.0 11
382 nan 1.0 0.2 -1.0 1.0 2662.5318201926625 2662.5327534326625 2668.7387661026687 2661.4851248726613 2670.295170647748 2664.112128812664 1.0 2668.4793587126687 1.0 12
383 nan 1.0 0.2 -1.0 1.0 2671.5819817526717 2671.5830483126715 2671.969576322672 2671.021171172671 2673.5319077055374 2671.5681164726716 1.0 2671.5681164726716 1.0 1
384 0.125 nan 0.2 1.0 1.0 2674.728433742675 2674.729366982675 2689.313508422689 2674.2442155026743 2690.878311438111 2675.779928582676 -1.0 2689.232649842689 -1.0 15
385 nan 0.125 0.2 0.0 -1.0 2692.5819482126926 2692.5829481126925 2752.5843473727527 2691.6058125026916 2755.0835745102127 2693.4260637926936 -1.0 2748.1476577527483 1.0 11
386 nan 1.0 0.2 -1.0 1.0 2756.580647702757 2756.5816809327566 2756.880484382757 2755.946877752756 2758.427217206578 2756.7722952027566 1.0 2756.7722952027566 1.0 1
387 0.0625 nan 0.2 -1.0 -1.0 2759.86401933276 2759.86498590276 2770.860286262771 2759.1434247327593 2773.4103230274486 2770.10066223277 1.0 2770.7383651227706 1.0 2
388 0.0 nan 0.2 -1.0 -1.0 2774.6968359027746 2774.697935792775 2775.3965992527756 2774.140224902774 2777.9472405037245 2775.2138175327755 1.0 2775.2138175327755 1.0 1
389 nan 1.0 0.2 -1.0 1.0 2779.5769811727796 2779.5779144127796 2779.81355751278 2778.6569398527786 2781.3769852540763 2779.7228999127797 1.0 2779.7228999127797 1.0 1
390 nan 0.25 0.2 1.0 -1.0 2783.113794122783 2783.114894012783 2790.2415479427905 2782.117193792782 2792.8135492559063 2790.02470296279 -1.0 2790.02470296279 -1.0 1
391 nan 0.125 0.2 -1.0 1.0 2794.126792712794 2794.127859272794 2794.4756578227943 2793.5550498927937 2796.0469876428233 2794.2753778527945 1.0 2794.2753778527945 1.0 1
392 nan 0.0625 0.2 0.0 -1.0 2800.0932293428 2800.0941625828 2860.0955285128603 2796.7726947627966 2862.594758936726 2805.745697372806 1.0 2857.977273692858 1.0 71
393 nan 1.0 0.2 0.0 -1.0 2864.3422704628642 2864.3431703728643 2924.344502972924 2863.4291617828635 2926.843832961666 2866.154922512866 1.0 2924.3219052329246 -1.0 29
394 1.0 nan 0.2 1.0 1.0 2929.4948545529296 2929.4958211229296 2938.6329073229385 2927.6698370729277 2940.1948096887904 2931.7694270729316 -1.0 2938.4993540129385 -1.0 2
395 nan 0.0625 0.2 1.0 -1.0 2948.891214722949 2948.892114632949 2991.6488385329917 2940.931410782941 2994.207594843336 2948.999270582949 1.0 2991.4818552329916 -1.0 38
396 1.0 nan 0.2 1.0 1.0 2995.576912352996 2995.5778122629954 2996.129623742996 2995.0547979029952 2997.6777248307903 2995.7830584029957 -1.0 2995.7830584029957 -1.0 1
397 nan 0.0625 0.2 -1.0 1.0 2999.207349272999 2999.2084824929993 2999.5416491729998 2998.4029297229986 3001.0942528069986 2999.393264012999 1.0 2999.393264012999 1.0 1
398 nan 1.0 0.2 -1.0 1.0 3003.4736892630035 3003.4747891530037 3003.744662163004 3001.814655183002 3005.290467947748 3003.6227076930036 1.0 3003.6227076930036 1.0 1
399 0.125 nan 0.2 1.0 1.0 3006.627207213007 3006.628107123007 3048.865682943049 3006.0291670230063 3050.426487309988 3008.4791886630087 -1.0 3048.804455733049 -1.0 38
400 nan 0.0625 0.2 1.0 -1.0 3056.806488783057 3056.8075220130568 3060.06282978306 3051.4455915930516 3062.6259734940368 3057.692766813058 -1.0 3059.92817658306 -1.0 2
