NR_0029 4e560423-5caf-4cda-8511-d1ab4cd2bf7d steinmetzlab 2026-07-28T16:01:20.797097 _iblrig_tasks_ephysChoiceWorld6.6.2 F 180 575
0 1.0 nan 0.5 -1.0 -1.0 84.96276954008496 84.86177964008486 93.83261580009383 84.0949896600841 96.4126953764314 85.2893035500853 -1.0 93.75079065009375 1.0 3
1 0.125 nan 0.5 -1.0 -1.0 97.72319337009772 97.72419327009773 126.15568317012615 97.05459357009705 128.7226173293422 99.70849482009972 -1.0 114.11805372011412 1.0 3
2 1.0 nan 0.5 1.0 1.0 130.1786808301302 130.17954741013017 131.02539615013103 129.4951158601295 132.5892093493003 130.53161220013052 -1.0 130.87821087013089 -1.0 2
3 nan 0.0625 0.5 -1.0 1.0 135.7953524401358 135.79641900013578 140.42738919014042 133.26510549013327 141.9889976651578 139.95846942013995 1.0 140.36376222014036 1.0 2
4 0.25 nan 0.5 1.0 1.0 144.82861569014483 144.82958226014483 145.96050249014596 142.7037948601427 147.52231099719785 145.23190869014525 -1.0 145.7030615701457 -1.0 3
5 0.0 nan 0.5 1.0 1.0 148.92850566014894 148.92950556014893 150.8066178301508 148.2084110101482 152.3783967857002 150.3891595801504 -1.0 150.60760440015062 -1.0 2
6 0.125 nan 0.5 1.0 1.0 154.35549624015437 154.35639615015435 154.7927191801548 153.06349212015306 156.35551753331208 154.64480064015464 -1.0 154.64480064015464 -1.0 1
7 nan 0.125 0.5 1.0 -1.0 157.92837225015793 157.92930549015793 159.5966054101596 157.10872089015712 162.16161825131078 159.25653942015927 -1.0 159.25653942015927 -1.0 1
8 0.0625 nan 0.5 1.0 1.0 164.05515951016406 164.05619274016405 164.63750127016465 162.82731564016282 166.21161399897167 164.4983485201645 -1.0 164.4983485201645 -1.0 1
9 0.125 nan 0.5 1.0 1.0 168.38845947016839 168.3894593701684 169.14141750016915 166.87041129016689 170.71139627007054 168.8018514601688 -1.0 168.8018514601688 -1.0 1
10 1.0 nan 0.5 1.0 1.0 172.78841943017278 172.7893526701728 173.48891604017348 171.4041912001714 175.05499325916497 173.2048444501732 -1.0 173.3997916201734 -1.0 2
11 0.0625 nan 0.5 1.0 1.0 176.37786045017637 176.37896034017638 178.38519303017839 175.73639127017574 179.95499772993264 178.1936455201782 -1.0 178.1936455201782 -1.0 1
12 nan 0.25 0.5 1.0 -1.0 181.42778874018143 181.42885530018143 181.993498830182 180.6835965001807 184.55480792472966 181.8161165701818 -1.0 181.8161165701818 -1.0 1
13 nan 0.25 0.5 1.0 -1.0 187.01116368018702 187.012063590187 188.43302148018844 185.23890759018525 190.98800078488955 188.2030444801882 -1.0 188.2030444801882 -1.0 1
14 nan 0.25 0.5 1.0 -1.0 193.994231970194 193.99526520019398 194.64490023019465 191.67009774019166 197.20460982250543 194.41802292019443 -1.0 194.47501722019447 -1.0 2
15 0.0 nan 0.5 1.0 1.0 201.74392359020175 201.74479017020175 203.8001179502038 197.8895090701979 205.36082237505178 203.62070256020363 -1.0 203.62070256020363 -1.0 1
16 0.25 nan 0.5 1.0 1.0 209.3043674702093 209.3053007102093 209.7100269002097 206.0978214902061 211.2710020989488 209.54094381020954 -1.0 209.54094381020954 -1.0 1
17 0.0 nan 0.5 1.0 1.0 213.14365017021314 213.14455008021315 214.74742311021475 212.008297050212 216.30420055056146 214.4799165302145 -1.0 214.4799165302145 -1.0 1
18 nan 1.0 0.5 -1.0 1.0 217.4937817802175 217.4947816802175 217.989798840218 216.990398790217 219.5541078156845 217.85187930021786 1.0 217.85187930021786 1.0 1
19 nan 0.125 0.5 1.0 -1.0 220.8937750802209 220.8947416502209 224.82564852022483 220.23450768022025 227.38742362830425 222.53297781022255 -1.0 224.7136597202247 -1.0 3
20 0.125 nan 0.5 1.0 1.0 229.27690335022928 229.2779032502293 229.6978279202297 228.08072298022807 231.26021112854121 229.54267677022955 -1.0 229.54267677022955 -1.0 1
21 nan 1.0 0.5 -1.0 1.0 233.7871856102338 233.7881521802338 235.12201878023512 231.91400628023192 236.68722638850076 234.05329233023406 -1.0 235.06629102023507 1.0 3
22 0.25 nan 0.5 1.0 1.0 237.91003995023792 237.9110731802379 238.3137995702383 237.37302699023738 239.8703111843993 238.1246518202381 -1.0 238.1246518202381 -1.0 1
23 0.25 nan 0.5 1.0 1.0 242.02646160024202 242.02732818024202 242.6076034802426 240.6030039602406 244.17661226344092 242.28276930024228 -1.0 242.28276930024228 -1.0 1
24 1.0 nan 0.5 1.0 1.0 245.5203788402455 245.52124542024552 246.000830790246 244.86081147024487 247.5598101983906 245.8145160902458 -1.0 245.8145160902458 -1.0 1
25 nan 0.25 0.5 -1.0 1.0 250.03689381025004 250.03782705025003 251.35342881025136 248.23470738024824 252.92650550619194 250.99113171025098 1.0 251.26677081025127 1.0 3
26 nan 0.25 0.5 -1.0 1.0 254.1868454402542 254.1877453502542 254.980532730255 253.61190294025363 256.5431083616099 254.75485530025475 1.0 254.75485530025475 1.0 1
27 nan 0.0625 0.5 -1.0 1.0 258.4034570702584 258.4043569802584 259.3888251902594 257.23590717025724 260.95342564368195 259.23360738025923 1.0 259.23360738025923 1.0 1
28 1.0 nan 0.5 1.0 1.0 262.4762830802625 262.4772496502625 262.8597114002629 261.7041269702617 264.42642297147097 262.66973040026267 -1.0 262.66973040026267 -1.0 1
29 0.0625 nan 0.5 1.0 1.0 266.4699170102665 266.4708502502665 268.3821257702684 265.1122194602651 269.95323297126214 266.91790554026693 -1.0 266.91790554026693 -1.0 1
30 1.0 nan 0.5 1.0 1.0 271.2761030102713 271.27710291027125 271.63253403027164 270.64673262027065 273.18651665754714 271.4917147802715 -1.0 271.4917147802715 -1.0 1
31 nan 0.125 0.5 -1.0 1.0 274.5760063202746 274.5770395502746 276.5756063402766 273.87470979027387 278.1364157478494 275.5961043002756 1.0 276.5128126202765 1.0 4
32 nan 0.0625 0.5 -1.0 1.0 280.05912462028004 280.0602578402801 281.1620143202812 278.82821439027884 282.71961941586414 280.995530970281 1.0 280.995530970281 1.0 1
33 nan 0.125 0.5 1.0 -1.0 286.5755395802866 286.5764728202866 287.1367834502871 283.45841799028346 289.7030232908477 286.95493497028696 -1.0 286.95493497028696 -1.0 1
34 1.0 nan 0.5 1.0 1.0 292.52567784029253 292.52667774029254 292.94063634029294 290.4209216702904 294.50271396920436 292.75382169029274 -1.0 292.75382169029274 -1.0 1
35 nan 1.0 0.5 -1.0 1.0 295.77548616029577 295.77661938029576 296.67512952029665 295.2007103102952 298.23603428400963 296.03835987029606 1.0 296.51757861029654 1.0 2
36 1.0 nan 0.5 1.0 1.0 299.7088594502997 299.70989268029973 300.1082195103001 298.9303373102989 301.66933062882475 299.7716865002998 1.0 299.7716865002998 1.0 1
37 nan 0.0625 0.5 -1.0 1.0 303.3919911003034 303.3928243503034 303.55774119030355 302.3724264003024 305.1193195547686 303.3891913803034 1.0 303.3891913803034 1.0 1
38 nan 0.125 0.5 1.0 -1.0 306.50877939030653 306.50974596030653 308.1987103803082 305.8163153103058 310.75851941259265 307.9023733503079 -1.0 307.9023733503079 -1.0 1
39 nan 0.25 0.5 -1.0 1.0 312.002329980312 312.003329880312 313.7206248003137 311.45841771031144 315.2920308968334 313.37009319031336 -1.0 313.37009319031336 -1.0 1
40 nan 1.0 0.5 -1.0 1.0 316.6355332803166 316.63656651031664 317.14591557031713 315.992330940316 318.70232975037953 316.92883728031694 -1.0 316.92883728031694 -1.0 1
41 nan 1.0 0.5 -1.0 1.0 320.44171929032046 320.4424858803204 320.8983402903209 319.3650269703194 322.4522190991665 320.67009645032067 1.0 320.8566777903209 1.0 2
42 0.25 nan 0.5 1.0 1.0 325.0582909203251 325.05939081032506 325.4939140203255 323.1524148603232 327.0583213049129 325.3185315603253 -1.0 325.3185315603253 -1.0 1
43 0.125 nan 0.5 1.0 1.0 328.2520715103283 328.2530047503283 328.6722294903287 327.7661201103278 330.24162957800024 328.5288105003285 -1.0 328.5288105003285 -1.0 1
44 0.125 nan 0.5 1.0 1.0 332.33536314033233 332.3362630503323 333.8951404803339 331.001529870331 335.45201868001567 332.6650635003327 -1.0 333.8704096203339 -1.0 3
45 nan 0.25 0.5 -1.0 1.0 338.14154913033815 338.14248237033814 340.74502209034074 336.1537146003362 342.3081278642365 340.2154750503402 -1.0 340.7043594903407 1.0 2
46 0.25 nan 0.5 -1.0 -1.0 343.63509972034365 343.63603296034364 346.2933338703463 343.027227180343 348.85174149317476 343.992797280344 1.0 346.1880444003462 -1.0 2
47 nan 0.0 0.5 -1.0 1.0 351.3912906903514 351.3922239303514 354.3860245203544 349.55524098034954 355.9515332784894 354.2154749103542 1.0 354.2154749103542 1.0 1
48 0.0625 nan 0.5 1.0 1.0 357.6908273403577 357.6917605803577 358.04772498035805 356.6623302003567 359.60772892724935 357.84471195035786 -1.0 357.947368350358 -1.0 2
49 0.25 nan 0.5 1.0 1.0 360.951467910361 360.95236782036096 361.4668497003615 360.3698260803604 363.01822667348836 361.32729699036133 -1.0 361.32729699036133 -1.0 1
50 0.0 nan 0.5 -1.0 -1.0 364.4909805903645 364.4919471603645 366.92090424036695 363.72062430036374 369.4846456862068 366.4926804003665 1.0 366.84907809036685 1.0 2
51 nan 0.125 0.5 1.0 -1.0 370.8908405403709 370.8918404403709 371.65116450037164 370.1697459903702 374.20124388549755 371.4289533903714 -1.0 371.4289533903714 -1.0 1
52 0.0625 nan 0.5 1.0 1.0 375.54080883037557 375.54174207037556 376.2135415503762 374.8839411903749 377.77405072056075 375.95596731037597 -1.0 375.95596731037597 -1.0 1
53 nan 0.25 0.5 1.0 -1.0 379.4678160903795 379.46868267037945 379.64266527037967 378.4571505003785 382.2011384935412 379.5192442803795 -1.0 379.5192442803795 -1.0 1
54 nan 0.125 0.5 -1.0 1.0 383.5905371103836 383.5915703403836 384.44445171038444 382.958433660383 386.0009309302194 383.93480268038394 -1.0 384.24940455038427 1.0 2
55 0.25 nan 0.5 1.0 1.0 387.44048541038745 387.44151864038747 387.982031250388 386.6826278703867 389.54043912466915 387.6445983303876 -1.0 387.9020059203879 -1.0 3
56 1.0 nan 0.5 1.0 1.0 391.4008893303914 391.4017559103914 391.7949499203918 390.23393937039026 393.3571286471451 391.5918702303916 -1.0 391.5918702303916 -1.0 1
57 nan 1.0 0.5 -1.0 1.0 394.8174809703948 394.81834755039483 395.17594512039517 394.05592380039405 396.74044829821855 395.046891360395 1.0 395.046891360395 1.0 1
58 0.125 nan 0.5 -1.0 -1.0 398.33406261039835 398.33496252039834 399.1272832803991 397.4387521503974 401.69035793406493 398.9197040403989 -1.0 398.9197040403989 -1.0 1
59 nan 1.0 0.5 -1.0 1.0 404.1838775704042 404.1848441404042 404.5504409104046 402.3941565604024 406.10064731274645 404.44371825040446 1.0 404.44371825040446 1.0 1
60 nan 0.0625 0.5 -1.0 1.0 408.2735019004083 408.2744018104083 412.1529472504122 406.8626430004069 413.7067562439066 409.2635695504093 -1.0 412.04902431041205 1.0 3
61 nan 0.0 0.5 -1.0 1.0 415.03379247041505 415.034625720415 415.87174200041585 414.4046553904144 417.4338515323073 415.75455372041574 1.0 415.75455372041574 1.0 1
62 0.0625 nan 0.5 1.0 1.0 419.63996514041963 419.6408650504196 420.16334613042017 418.1432481604181 421.71705407952146 419.93740206041997 -1.0 419.93740206041997 -1.0 1
63 nan 0.25 0.5 -1.0 1.0 425.95650009042595 425.95740000042593 426.3039320104263 422.42915286042245 427.85624155343004 426.1847772604262 1.0 426.1847772604262 1.0 1
64 nan 0.125 0.5 -1.0 1.0 429.0667557004291 429.06798891042905 431.18244411043116 428.5793377804286 432.7334457733848 430.86177618043087 1.0 431.07698799043106 1.0 2
65 nan 0.0 0.5 -1.0 1.0 434.2063083604342 434.2072416004342 434.7972492604348 433.5077448904335 436.35625551134535 434.6733616504347 1.0 434.6733616504347 1.0 1
66 0.0625 nan 0.5 -1.0 -1.0 438.4832806204385 438.4841472004385 441.04675758044107 437.06635566043707 443.6061638546998 438.8207135404388 -1.0 440.94053487044096 1.0 6
67 nan 0.125 0.5 -1.0 1.0 445.6831938904457 445.6839938104457 447.57003852044755 444.33016254044435 449.1226490689826 447.45951624044744 1.0 447.45951624044744 1.0 1
68 nan 0.125 0.5 -1.0 1.0 451.033025520451 451.03389210045106 451.4871467704515 449.84084475044983 453.0330549532186 451.3625592304514 1.0 451.3625592304514 1.0 1
69 0.25 nan 0.5 -1.0 -1.0 454.83901155045487 454.83981147045483 455.3898231304554 453.74025477045376 457.9725558075922 455.23503861045526 1.0 455.23503861045526 1.0 1
70 nan 0.0625 0.5 -1.0 1.0 459.3495937804594 459.35039370045934 461.15224683046114 458.75115363045876 462.71625472331067 460.996729050461 1.0 460.996729050461 1.0 1
71 nan 0.0625 0.5 -1.0 1.0 464.85570978046485 464.85664302046484 465.46724862046545 463.4280525604634 467.0327558294637 465.3113975404653 1.0 465.3113975404653 1.0 1
72 nan 0.0625 0.5 -1.0 1.0 468.73878810046875 468.73988799046873 469.7863500004698 467.74575408046775 471.35565668132887 469.5841035604696 1.0 469.5841035604696 1.0 1
73 0.0 nan 0.5 -1.0 -1.0 473.03262534047303 473.033491920473 473.84011125047385 472.07145480047205 476.4222515474629 473.6864932804737 1.0 473.6864932804737 1.0 1
74 1.0 nan 0.5 1.0 1.0 478.4158869604784 478.41672021047845 479.0749543804791 477.1320486904771 480.64915922071884 478.6816270504787 -1.0 478.987196490479 -1.0 2
75 nan 0.0625 0.5 -1.0 1.0 482.3053646404823 482.3062978804823 483.94076775048393 481.3623589504814 485.522065679619 483.44368413048346 1.0 483.65519631048363 1.0 2
76 nan 0.0 0.5 -1.0 1.0 487.6156668904876 487.61653347048764 490.14344742049013 486.30566457048633 491.72185430586126 489.55047339048957 1.0 489.98556321049 1.0 2
77 nan 0.25 0.5 -1.0 1.0 492.93220185049296 492.93306843049294 493.37485758049337 492.44405067049246 494.9489620986775 493.2790338304933 1.0 493.2790338304933 1.0 1
78 0.0625 nan 0.5 -1.0 -1.0 496.93826787049693 496.93933443049696 497.6169999904976 495.65616276049565 500.1822443252261 497.1890427904972 -1.0 497.3230627204973 1.0 2
79 nan 1.0 0.5 -1.0 1.0 502.3215294905023 502.32256272050233 502.6398643205026 500.8920391205009 504.2154651798816 502.5420074405026 1.0 502.5420074405026 1.0 1
80 0.0625 nan 0.5 -1.0 -1.0 505.7881827905058 505.7891493605058 506.5525063505066 504.9324683705049 509.1152729125295 506.4200529305064 1.0 506.4200529305064 1.0 1
81 nan 0.0 0.5 -1.0 1.0 511.5381077405115 511.5390409805116 513.5384410205136 509.9017713905099 515.1048501515719 513.4404508205134 1.0 513.4404508205134 1.0 1
82 0.125 nan 0.5 -1.0 -1.0 516.7151566505167 516.7162898705167 518.7122569205187 515.8327449005159 521.2879610769935 518.5902357905186 1.0 518.5902357905186 1.0 1
83 0.25 nan 0.5 -1.0 -1.0 523.2483032705233 523.2491698505232 524.3731241105244 522.005060940522 526.9483632373328 523.8980716205239 -1.0 524.2067740805242 1.0 2
84 0.125 nan 0.5 -1.0 -1.0 528.2044076105282 528.2054075105282 531.6686611505316 527.6677612805277 534.2315675148965 531.5318081705316 1.0 531.5318081705316 1.0 1
85 0.125 nan 0.5 -1.0 -1.0 536.5376742005366 536.5385741105365 538.957865490539 534.953365980535 541.5375704410662 538.8123133805389 1.0 538.8123133805389 1.0 1
86 nan 1.0 0.5 -1.0 1.0 542.7645847805428 542.7654513605428 543.1966749005433 542.2586687105422 544.7708731535658 543.0829196105431 1.0 543.0829196105431 1.0 1
87 nan 0.0625 0.5 -1.0 1.0 547.4144864105474 547.4153529905474 548.2635681605483 545.5595719205455 549.8374738692161 548.0697875405481 1.0 548.0697875405481 1.0 1
88 nan 1.0 0.5 -1.0 1.0 552.5809697105526 552.5819362805526 552.9184692905529 550.5596718605506 554.4810751505726 552.8259452105528 1.0 552.8259452105528 1.0 1
89 0.0625 nan 0.5 -1.0 -1.0 556.4205857105565 556.4215189505564 557.4315179405575 555.2105733905552 559.9976600963043 557.3140296905573 1.0 557.3140296905573 1.0 1
90 nan 1.0 0.8 -1.0 1.0 561.2537356805612 561.2547689105612 561.4557488105614 560.7193557905607 563.0205565089389 561.3578586005614 1.0 561.3578586005614 1.0 1
91 0.0625 nan 0.8 1.0 1.0 564.4975446005645 564.4987111505645 565.2356707805652 563.7358541105638 566.8037737019155 564.918569160565 -1.0 564.918569160565 -1.0 1
92 0.25 nan 0.8 -1.0 -1.0 568.7474529005688 568.7482861505688 569.2859657105693 567.5185758005675 571.8473673816352 569.1674775605692 1.0 569.1674775605692 1.0 1
93 0.0 nan 0.8 -1.0 -1.0 573.7702172405737 573.7712171405738 575.2315044305752 572.6413634705726 577.797375600661 575.008626720575 -1.0 575.008626720575 -1.0 1
94 0.0625 nan 0.8 -1.0 -1.0 581.5368738305815 581.5377404105816 585.4693138805854 578.5251750305786 588.0368580127775 585.3108297305853 1.0 585.3108297305853 1.0 1
95 0.25 nan 0.8 1.0 1.0 590.5636377305906 590.5645709705906 591.3764564405914 588.7281546305887 592.936563508996 591.2063734505912 -1.0 591.2063734505912 -1.0 1
96 nan 0.0625 0.8 1.0 -1.0 594.3803893505944 594.3814892405944 599.9876952306 593.6472626705937 602.5468708359448 596.7204553205967 1.0 599.8369103105998 -1.0 6
97 0.25 nan 0.8 1.0 1.0 603.8697069906038 603.8706735606039 604.3433596206044 603.2464693206033 605.896769912722 604.1418797706042 -1.0 604.1418797706042 -1.0 1
98 1.0 nan 0.8 1.0 1.0 609.4195519506094 609.4205185206094 610.2758663106102 606.5972675406066 611.8360682948751 609.9298342506099 -1.0 609.9298342506099 -1.0 1
99 0.0625 nan 0.8 1.0 1.0 614.2965975306143 614.2974307806143 615.057254790615 612.6109661106126 616.6131644561809 614.7655839606148 -1.0 614.7655839606148 -1.0 1
100 1.0 nan 0.8 1.0 1.0 618.5027102106185 618.5036767806185 619.009359540619 617.3201618106174 620.5632671695652 618.7530185106187 -1.0 618.7530185106187 -1.0 1
101 1.0 nan 0.8 1.0 1.0 621.9526651806219 621.953631750622 622.4844786606225 621.2787659106212 624.0464829621726 622.2875650206223 -1.0 622.2875650206223 -1.0 1
102 0.25 nan 0.8 1.0 1.0 625.7693168106258 625.7702167206257 626.7641839806267 624.7559848206248 628.3192653809356 626.4950109006265 -1.0 626.4950109006265 -1.0 1
103 0.125 nan 0.8 1.0 1.0 629.8295440806298 629.8304773206298 630.8457757806309 629.024357940629 632.4129800300121 630.6881582106307 -1.0 630.6881582106307 -1.0 1
104 0.125 nan 0.8 1.0 1.0 634.1025167406341 634.1033833206341 641.8942708206419 633.1147821906332 643.4460735188288 641.4945108006415 -1.0 641.4945108006415 -1.0 1
105 nan 0.0625 0.8 1.0 -1.0 645.5354066706456 645.5365065606455 646.5801355206465 644.2284707106443 649.1521770676749 646.3085293506463 -1.0 646.3085293506463 -1.0 1
106 0.0625 nan 0.8 1.0 1.0 650.4625139106505 650.4634138206504 650.6501618106506 649.8448756806498 652.2126725226814 650.4645803706504 -1.0 650.4645803706504 -1.0 1
107 0.0625 nan 0.8 1.0 1.0 654.0853515906541 654.0863181606541 654.9293671806549 652.9113690006529 656.5018747772236 654.7147553106547 -1.0 654.7147553106547 -1.0 1
108 0.25 nan 0.8 1.0 1.0 657.6957238506577 657.6965904306577 658.3905876906584 657.1991735106573 659.9458675330858 658.1366797506581 -1.0 658.1366797506581 -1.0 1
109 0.25 nan 0.8 1.0 1.0 661.1352465306611 661.1361797706611 661.9637636706619 660.6318635406607 663.5352711672865 661.8175782906618 -1.0 661.8175782906618 -1.0 1
110 0.125 nan 0.8 1.0 1.0 665.5956337806656 665.5964337006656 666.1055827806662 664.2284705106642 667.6622815636847 665.918468160666 -1.0 665.918468160666 -1.0 1
111 0.25 nan 0.8 1.0 1.0 669.2350031406693 669.2360363706692 670.2932639706703 668.4500816406685 671.8454752130149 670.1535446106701 -1.0 670.1535446106701 -1.0 1
112 0.25 nan 0.8 1.0 1.0 673.5183081006735 673.5192746706736 674.4159849906745 672.5514714606726 675.9849896672436 674.0291903406741 -1.0 674.0291903406741 -1.0 1
113 nan 1.0 0.8 -1.0 1.0 678.1619103606781 678.1628436006781 678.5997665706786 676.6890909906767 680.1619781773541 678.4502481906785 1.0 678.4502481906785 1.0 1
114 0.0625 nan 0.8 1.0 1.0 681.3848213706814 681.3857879406814 682.1846747106822 680.8668731706808 683.7452822824179 682.0552209906821 -1.0 682.0552209906821 -1.0 1
115 0.25 nan 0.8 1.0 1.0 684.968163000685 684.969062910685 685.8354762606858 684.4447820106844 687.3952852958337 685.6968234606857 -1.0 685.6968234606857 -1.0 1
116 0.125 nan 0.8 1.0 1.0 689.6180979606896 689.6189978706897 691.7006896806917 688.0951836006881 693.2680958626081 691.3039293606913 -1.0 691.5721692006916 -1.0 2
117 0.125 nan 0.8 1.0 1.0 695.0617202106951 695.0625534606951 696.4846779006965 693.977895270694 698.0450812128689 696.3138616506964 -1.0 696.3138616506964 -1.0 1
118 nan 0.25 0.8 -1.0 1.0 699.5845345506996 699.5854677906996 699.9927937207 698.8358760906989 701.5449717251214 699.8826714006999 1.0 699.8826714006999 1.0 1
119 0.0625 nan 0.8 1.0 1.0 702.8846045107028 702.8857377307029 703.7090887207037 702.2490680707023 705.2615927740179 703.6024993807036 -1.0 703.6024993807036 -1.0 1
120 nan 0.0625 0.8 -1.0 1.0 706.4844778207065 706.4853444007065 708.0536875507081 705.968396100706 709.5947976242774 707.4835112407075 -1.0 707.8218107407079 1.0 2
121 nan 0.0625 0.8 -1.0 1.0 710.9009694607109 710.9019360307109 712.6436951707127 710.3069955307103 714.1842757968071 712.1139814807121 -1.0 712.4201175307124 -1.0 2
122 0.0 nan 0.8 1.0 1.0 715.4445483907155 715.4455149607154 716.6579937007167 714.8971698007149 718.2009708452907 716.5280733607166 -1.0 716.5280733607166 -1.0 1
123 nan 0.25 0.2 -1.0 1.0 720.3778216807203 720.3787549207204 720.8074787107208 718.9083686407189 722.3612839230244 720.6877906807207 1.0 720.6877906807207 1.0 1
124 0.125 nan 0.2 1.0 1.0 724.0506210307241 724.0516875907241 725.7430851007258 723.0807846907231 727.3007848418766 725.3148612607254 -1.0 725.5586702107256 -1.0 2
125 nan 0.125 0.2 -1.0 1.0 729.1943066107292 729.1952398507292 732.1893737407322 728.1022824907282 733.7505818717513 731.7197207107317 -1.0 731.7197207107317 -1.0 1
126 nan 0.0 0.2 -1.0 1.0 735.3109282207353 735.3117948007354 737.4841775407375 734.4644795407345 739.0275869871255 736.8267432907369 1.0 737.3511908407373 1.0 2
127 1.0 nan 0.2 1.0 1.0 740.2171042207402 740.2180374607402 740.7778814707408 739.7343858307397 742.327490051361 740.6383287607406 -1.0 740.6383287607406 -1.0 1
128 nan 0.25 0.2 -1.0 1.0 744.0836841907441 744.0846174307441 744.6092982907446 743.039088660743 746.1670769631943 744.3543904507444 1.0 744.3543904507444 1.0 1
129 nan 0.0 0.2 1.0 -1.0 747.8107114507478 747.8115447007478 750.1525105807501 746.8732718707469 752.716782400179 749.9855939407499 -1.0 749.9855939407499 -1.0 1
130 nan 0.0625 0.2 -1.0 1.0 753.927266400754 753.928432950754 754.7963794807548 753.4433814607535 756.3501875205358 754.5898001407546 1.0 754.5898001407546 1.0 1
131 nan 0.0625 0.2 -1.0 1.0 757.7605497007578 757.7613496207578 759.1255798507591 757.0591865107571 760.6771815979549 758.9457311707589 1.0 758.9457311707589 1.0 1
132 0.0625 nan 0.2 -1.0 -1.0 762.2500340407622 762.2509339507623 763.3772546407633 761.4764780707615 765.9270948948952 763.2520005007633 1.0 763.2520005007633 1.0 1
133 nan 0.25 0.2 -1.0 1.0 767.2664656807673 767.2674989107672 767.6365953307676 766.6373952607667 769.1937024409821 767.5443712207675 1.0 767.5443712207675 1.0 1
134 nan 0.0 0.2 -1.0 1.0 770.4165173107705 770.4174505507705 771.2208035407713 769.90420188077 772.7830834278026 771.0950161207711 1.0 771.0950161207711 1.0 1
135 nan 0.0625 0.2 -1.0 1.0 774.076884570774 774.0780177907741 775.5207735007755 773.4920763907735 777.0768813689357 775.4302825507755 1.0 775.4302825507755 1.0 1
136 nan 0.125 0.2 -1.0 1.0 778.6829905807787 778.6839571507787 779.1068815207791 777.7892799607778 780.660087296577 779.0150907007791 1.0 779.0150907007791 1.0 1
137 1.0 nan 0.2 1.0 1.0 781.9162338907819 781.9172004607819 782.4461808907824 781.3886866507814 783.9996890823546 782.3243597407824 -1.0 782.3243597407824 -1.0 1
138 1.0 nan 0.2 1.0 1.0 786.076617810786 786.0774510607861 786.6609927007867 784.7161872007847 788.2099994000343 786.4910097007865 -1.0 786.4910097007865 -1.0 1
139 0.0 nan 0.2 -1.0 -1.0 790.1327454907902 790.1337120607901 791.6546932807917 788.9261994907889 794.2098942635557 791.5014086107915 1.0 791.5014086107915 1.0 1
140 nan 0.125 0.2 -1.0 1.0 795.9326321107959 795.933598680796 796.3130940607963 795.008791170795 797.865900246272 796.1888064907962 1.0 796.1888064907962 1.0 1
141 nan 0.0 0.2 -1.0 1.0 799.3929527107994 799.3938859507994 801.7658820608018 798.5865000307986 803.3158921663045 801.6809572208017 1.0 801.6809572208017 1.0 1
142 nan 0.25 0.2 -1.0 1.0 804.7096543208047 804.7107542108047 805.1073812108051 804.032888670804 806.6658896008005 804.974294520805 1.0 804.974294520805 1.0 1
143 nan 0.125 0.2 -1.0 1.0 808.2095043008082 808.2103708808082 809.6570928608097 807.3794873108073 811.2095986094608 809.4922093508095 1.0 809.4922093508095 1.0 1
144 nan 0.25 0.2 -1.0 1.0 812.6323619708127 812.6332618808126 813.022389630813 811.9350983708119 814.5762991403675 812.9015350508129 1.0 812.9015350508129 1.0 1
145 nan 1.0 0.2 -1.0 1.0 815.7821469608158 815.7832135208158 816.2551996508163 815.2836968108153 817.8157056692498 816.040387800816 1.0 816.040387800816 1.0 1
146 nan 0.0625 0.2 -1.0 1.0 819.3759542108194 819.3767874608194 820.6919892608207 818.5288056008185 822.248893063953 820.5325385408205 1.0 820.5325385408205 1.0 1
147 nan 0.25 0.2 -1.0 1.0 823.6925225108237 823.6933890908238 824.5280056208245 823.037887980823 826.0758839066086 824.3874530108244 1.0 824.3874530108244 1.0 1
148 0.0 nan 0.2 -1.0 -1.0 827.3821868408274 827.3829867608274 829.3466237108294 826.7789805008268 831.8923988158024 829.2233693708292 1.0 829.2233693708292 1.0 1
149 nan 0.25 0.2 -1.0 1.0 833.1151801508331 833.1162133808331 833.4805102808335 832.5928990508326 835.0317900051396 833.3331583508333 1.0 833.3331583508333 1.0 1
150 nan 0.125 0.2 -1.0 1.0 836.5423374008366 836.5431373208365 837.900501570838 835.7348848208358 839.4485078701064 837.8037445808378 1.0 837.8037445808378 1.0 1
151 nan 0.25 0.2 -1.0 1.0 840.6088307108406 840.6097306208407 840.960295560841 840.1508098508401 842.5152067304521 840.8798369408408 1.0 840.8798369408408 1.0 1
152 nan 1.0 0.2 -1.0 1.0 843.7089206708437 843.7099872308437 844.0159899608441 843.2169032108433 845.5652014592938 843.9335315408439 1.0 843.9335315408439 1.0 1
153 nan 1.0 0.2 -1.0 1.0 846.992092320847 846.9932588708471 847.3152933308473 846.2652983408462 848.858703172589 847.2005714708472 1.0 847.2005714708472 1.0 1
154 nan 0.125 0.2 -1.0 1.0 851.5149066608516 851.5158399008516 854.4887092508545 849.5623019408496 856.0419090531437 854.1510096908542 1.0 854.3381909708544 1.0 2
155 0.25 nan 0.2 -1.0 -1.0 857.3481566108574 857.3490565208574 858.6813566108586 856.8375076808569 861.2252048034188 858.5743673108586 1.0 858.5743673108586 1.0 1
156 nan 1.0 0.2 -1.0 1.0 862.6311282608626 862.6319615108627 862.7519828408628 861.8932020608619 864.3146943367346 862.6119968408626 1.0 862.6119968408626 1.0 1
157 nan 0.0625 0.2 -1.0 1.0 865.4751105008655 865.4762437208655 867.5861993708676 865.0183895108651 869.1480054284774 867.4887091208675 1.0 867.4887091208675 1.0 1
158 nan 0.0625 0.2 -1.0 1.0 871.3082937908713 871.3094603408713 872.978093460873 869.8549058108698 874.531003355459 872.7234522608727 1.0 872.7234522608727 1.0 1
159 0.25 nan 0.2 1.0 1.0 875.8415404208758 875.8423736708759 876.3131932508763 875.2390006808753 877.8644029884405 876.1446101108761 -1.0 876.1446101108761 -1.0 1
160 nan 0.125 0.2 -1.0 1.0 879.2914287308793 879.2922953108794 879.8327079308798 878.5681010708786 881.3810138410196 879.6483263708797 1.0 879.6483263708797 1.0 1
161 0.25 nan 0.2 -1.0 -1.0 883.5247053608836 883.5255719408835 885.5318379608856 882.0992145908821 888.0747174616777 885.2915953208853 -1.0 885.2915953208853 -1.0 1
162 nan 0.0625 0.2 -1.0 1.0 889.2308680208893 889.2317679308892 890.2035040808902 888.7555155608887 891.7641053498129 890.07011742089 1.0 890.07011742089 1.0 1
163 nan 0.25 0.2 -1.0 1.0 893.1745069508931 893.1753735308932 893.7987111908938 892.5769000508926 895.3410913135765 893.7013209308938 1.0 893.7013209308938 1.0 1
164 nan 0.0625 0.2 -1.0 1.0 896.5807329608966 896.5816328708966 898.3402903208984 896.0445865808961 899.8971978908686 898.2231353708983 1.0 898.2231353708983 1.0 1
165 nan 0.125 0.2 -1.0 1.0 901.3077268809013 901.3088601009014 903.2307012309033 900.6006975909006 904.7744099603508 903.061251510903 1.0 903.061251510903 1.0 1
166 nan 0.0625 0.2 -1.0 1.0 906.4137828909064 906.4147494609065 908.6194956309087 905.4790097109055 910.1639065930303 908.4822093609085 1.0 908.4822093609085 1.0 1
167 nan 0.0625 0.2 -1.0 1.0 911.4241818009115 911.4249817209114 912.8872021509129 910.8707038209109 914.4243117155148 912.7363839009128 1.0 912.7363839009128 1.0 1
168 nan 1.0 0.2 -1.0 1.0 916.030354470916 916.031254380916 916.4198155209165 915.1329108909151 917.9636964885887 916.2851956509163 1.0 916.2851956509163 1.0 1
169 0.0 nan 0.2 -1.0 -1.0 919.3073267409193 919.3081933209194 920.4038170809204 918.6708903909187 922.9468960048588 920.1816059709201 1.0 920.1816059709201 1.0 1
170 nan 1.0 0.2 -1.0 1.0 925.007290020925 925.008056610925 925.3973176809254 923.6284945809236 926.9406120552723 925.2070700409253 1.0 925.2070700409253 1.0 1
171 nan 0.0625 0.2 -1.0 1.0 928.7466493809287 928.7476826109288 930.5363037309305 927.7680139209277 932.0739109744575 930.1568083509302 1.0 930.4716768609305 1.0 2
172 nan 0.25 0.2 -1.0 1.0 933.3133593309333 933.3142259109334 933.7517154909337 932.8256081109329 935.2964952615226 933.6651908109337 1.0 933.6651908109337 1.0 1
173 nan 0.125 0.2 -1.0 1.0 936.5737332609366 936.5748331509366 937.9437962409379 936.017088930936 939.4903020662321 937.8369735909379 1.0 937.8369735909379 1.0 1
174 nan 0.0625 0.2 -1.0 1.0 940.996424280941 940.997424180941 942.2916947409423 940.2154023909402 943.840205549108 942.1673405109422 1.0 942.1673405109422 1.0 1
175 nan 0.0625 0.2 -1.0 1.0 945.2798625609453 945.2806624809452 947.4881083809476 944.5345037709445 949.0464145427261 947.3870184909474 1.0 947.3870184909474 1.0 1
176 nan 1.0 0.2 -1.0 1.0 950.4735098109505 950.4746097009505 950.8468058109509 949.7656139409497 952.3901150776293 950.7291509109507 1.0 950.7291509109507 1.0 1
177 nan 0.0 0.2 -1.0 1.0 954.3795525009543 954.3805190709544 957.3416229309573 953.1096128409531 958.8899008050039 957.2282009409572 1.0 957.2282009409572 1.0 1
178 nan 0.0625 0.2 -1.0 1.0 960.1793724609602 960.1804056909602 961.9134990309619 959.5998970809596 963.4566090347275 961.6866883809616 1.0 961.6866883809616 1.0 1
179 0.0625 nan 0.2 1.0 1.0 964.8959674209649 964.8969673209649 965.4632106909655 964.1487088209642 967.0128117221702 965.2736629809652 -1.0 965.2736629809652 -1.0 1
180 nan 0.0625 0.2 -1.0 1.0 968.3730863409684 968.3739195909684 969.3220247709693 967.8035099709679 970.862704355308 968.968860090969 1.0 969.1952374509692 1.0 2
181 0.125 nan 0.2 1.0 1.0 972.1730396409722 972.1741728609721 972.6489920409726 971.5634006109716 974.1897032111996 972.4937409009725 -1.0 972.4937409009725 -1.0 1
182 nan 0.0625 0.2 -1.0 1.0 976.1959373109762 976.1967705609762 978.1943041209782 974.8888013709749 979.7459119995075 976.5261709509765 -1.0 977.5560012909775 1.0 5
183 nan 0.0 0.2 1.0 -1.0 981.6228279009816 981.6236944809816 982.3586876409823 980.4560112609805 984.9122989651349 982.2564978609822 -1.0 982.2564978609822 -1.0 1
184 0.125 nan 0.2 1.0 1.0 987.3726528609874 987.3735527709874 987.8236077609878 985.6211946909856 989.3561151361943 987.6142287009876 -1.0 987.7901444409878 -1.0 2
185 0.0 nan 0.2 -1.0 -1.0 991.1456755209912 991.1464754409911 992.945095560993 990.06781665099 995.5060057743273 992.6886545409927 1.0 992.6886545409927 1.0 1
186 nan 0.25 0.2 -1.0 1.0 996.7453488309967 996.7463487309967 997.045518810997 996.2127021009962 998.5955228229042 996.9028330809969 1.0 996.9028330809969 1.0 1
187 nan 0.0 0.2 -1.0 1.0 999.9058660809999 999.9069659709999 1000.7211178810007 999.3029263809993 1002.2559045566172 1000.5976635610006 1.0 1000.5976635610006 1.0 1
188 nan 1.0 0.2 -1.0 1.0 1003.4618437810035 1003.4629103410035 1003.8123087310038 1002.928397131003 1005.3619064564813 1003.7179181710037 1.0 1003.7179181710037 1.0 1
189 nan 0.125 0.2 -1.0 1.0 1006.905732691007 1006.9068325810069 1009.2790286710093 1006.1640068710062 1010.8390014854326 1009.1016797410091 1.0 1009.1016797410091 1.0 1
190 nan 1.0 0.2 -1.0 1.0 1012.1118453610121 1012.1127119410121 1012.4344131010124 1011.5823983110116 1013.9889169709373 1012.3224576310123 1.0 1012.3224576310123 1.0 1
191 0.0625 nan 0.2 1.0 1.0 1015.3783853410154 1015.3793185810154 1016.047418431016 1014.6996198910147 1017.6118249410321 1015.8786019810159 -1.0 1015.8786019810159 -1.0 1
192 nan 0.0625 0.2 -1.0 1.0 1018.972159261019 1018.973259151019 1020.1780053310202 1018.3279236910183 1021.7451151582095 1019.93606286102 1.0 1019.93606286102 1.0 1
193 nan 1.0 0.8 -1.0 1.0 1023.1553409010231 1023.1561741510232 1023.4689095410234 1022.4547109710225 1025.0220178372042 1023.3685529110234 1.0 1023.3685529110234 1.0 1
194 0.0625 nan 0.8 1.0 1.0 1026.3615535810263 1026.3624534910264 1027.0634167210271 1025.7257171710257 1028.628223509957 1026.8818348810269 -1.0 1026.8818348810269 -1.0 1
195 1.0 nan 0.8 1.0 1.0 1029.87186918103 1029.8727357610298 1030.2056024710303 1029.3380225710293 1031.7614140825565 1030.0793817610302 -1.0 1030.0793817610302 -1.0 1
196 0.0 nan 0.8 1.0 1.0 1034.021854141034 1034.022987361034 1035.131409841035 1032.4734090010325 1036.6885166226537 1034.965459771035 -1.0 1034.965459771035 -1.0 1
197 0.0 nan 0.8 1.0 1.0 1037.878035151038 1037.8789017310378 1039.2636299110393 1037.4071155810375 1040.82172569179 1039.026286981039 -1.0 1039.026286981039 -1.0 1
198 nan 0.125 0.8 -1.0 1.0 1042.3279234510424 1042.3288233610424 1042.7613134410428 1041.6297266110416 1044.327822511621 1042.4408788210424 -1.0 1042.4408788210424 -1.0 1
199 nan 0.0625 0.8 -1.0 1.0 1045.6382257210457 1045.6390923010456 1047.3383223610474 1045.037119171045 1048.8944292821782 1046.897766421047 1.0 1047.2875274410474 1.0 2
200 0.25 nan 0.8 1.0 1.0 1050.07134903105 1050.0723156010501 1050.929229901051 1049.6072287810496 1052.4882098589178 1050.7686459610509 -1.0 1050.7686459610509 -1.0 1
201 nan 0.25 0.8 -1.0 1.0 1053.8109083710538 1053.8119416010538 1054.2308330410542 1053.2012026810532 1055.7944065855745 1054.1364758110542 1.0 1054.1364758110542 1.0 1
202 0.125 nan 0.8 1.0 1.0 1057.8713356210578 1057.872168871058 1058.4073153510585 1056.5099051110565 1059.9610210835353 1058.2284332410582 -1.0 1058.2284332410582 -1.0 1
203 0.0 nan 0.8 1.0 1.0 1061.3379555910612 1061.3387888410614 1062.4592101210624 1060.6742219710607 1064.010920062992 1062.3335893510623 -1.0 1062.3335893510623 -1.0 1
204 nan 1.0 0.8 -1.0 1.0 1065.3545538910653 1065.3553871410654 1065.929929681066 1064.7212172310647 1067.4879078338024 1065.4932066910656 -1.0 1065.4932066910656 -1.0 1
205 0.25 nan 0.8 1.0 1.0 1068.8939332510688 1068.8949664810689 1069.3780181710695 1068.1974029110681 1070.937822320291 1069.2525973810693 -1.0 1069.2525973810693 -1.0 1
206 nan 0.125 0.8 -1.0 1.0 1072.2272332210723 1072.2282331210722 1075.4749084210755 1071.6447248110717 1077.021109684467 1075.1842374910752 1.0 1075.3337225410753 1.0 2
207 nan 0.0625 0.8 1.0 -1.0 1078.893799831079 1078.894833061079 1080.3720853210805 1077.8415050710778 1082.9271247092624 1080.2471978110802 -1.0 1080.2471978110802 -1.0 1
208 1.0 nan 0.8 1.0 1.0 1085.7041520610858 1085.7049853110857 1086.138108661086 1083.6398251810836 1087.6938177034506 1085.965259281086 -1.0 1085.965259281086 -1.0 1
209 0.125 nan 0.8 1.0 1.0 1090.3206903610903 1090.3215569410904 1092.5503340410926 1088.4177140110885 1094.104109653703 1092.3990158410925 -1.0 1092.3990158410925 -1.0 1
210 0.125 nan 0.8 1.0 1.0 1095.4103480110955 1095.4114479010955 1096.4866070410965 1094.8220068510948 1098.0436143980971 1096.3396217410964 -1.0 1096.3396217410964 -1.0 1
211 0.25 nan 0.8 1.0 1.0 1099.2372652810993 1099.2383985010993 1100.2863270311002 1098.7539136210987 1101.837232484053 1100.1059117411 -1.0 1100.1059117411 -1.0 1
212 nan 0.125 0.8 1.0 -1.0 1103.093246311103 1103.094312871103 1104.8006088911047 1102.5461343611025 1107.359820263958 1104.6895866611046 -1.0 1104.6895866611046 -1.0 1
213 0.25 nan 0.8 -1.0 -1.0 1109.7870102011098 1109.7881767511099 1111.2041684711112 1108.063415911108 1113.7598103314137 1111.086013621111 1.0 1111.086013621111 1.0 1
214 nan 0.25 0.2 -1.0 1.0 1115.970191821116 1115.971058401116 1119.3617193011194 1114.4815073711145 1120.909826166262 1119.2616959711193 1.0 1119.2616959711193 1.0 1
215 nan 0.125 0.2 -1.0 1.0 1122.120076771122 1122.120976681122 1123.4873067011235 1121.6274260411217 1125.036818117899 1123.3349219411234 1.0 1123.3349219411234 1.0 1
216 nan 0.0625 0.2 -1.0 1.0 1126.7595794411268 1126.7605460111267 1128.4013152511284 1125.7469140511257 1129.9534145420707 1128.2964257411284 1.0 1128.2964257411284 1.0 1
217 nan 0.0625 0.2 -1.0 1.0 1131.2429310611312 1131.2437976411313 1132.6665220211328 1130.7644122511308 1134.2260277996736 1132.4831403611324 1.0 1132.4831403611324 1.0 1
218 nan 0.0 0.2 -1.0 1.0 1135.6198266611357 1135.6207265711357 1137.5352351011375 1134.934128571135 1139.0928132250651 1137.3006918911374 1.0 1137.3006918911374 1.0 1
219 0.0 nan 0.2 -1.0 -1.0 1140.3198566111403 1140.3210231611404 1141.2332652611412 1139.8034082611398 1143.7927354747744 1141.110177571141 1.0 1141.110177571141 1.0 1
220 0.125 nan 0.2 1.0 1.0 1145.5529332511455 1145.5538664911455 1146.2255326511463 1144.5057379811444 1147.7760417072914 1146.0903128411462 -1.0 1146.0903128411462 -1.0 1
221 nan 0.125 0.2 -1.0 1.0 1149.052916551149 1149.0541164311492 1149.97092474115 1148.4843400811485 1151.5259354430405 1149.8304721211498 1.0 1149.8304721211498 1.0 1
222 0.0625 nan 0.2 1.0 1.0 1152.7528798511528 1152.7537131011527 1153.2117339611532 1152.2324319011523 1154.7696406051436 1153.071114691153 -1.0 1153.071114691153 -1.0 1
223 nan 1.0 0.2 -1.0 1.0 1156.7090508611568 1156.7099841011568 1157.042517511157 1155.4796404811555 1158.5923292781706 1156.940927671157 1.0 1156.940927671157 1.0 1
224 nan 0.125 0.2 -1.0 1.0 1159.85280312116 1159.85356971116 1161.068914831161 1159.3083242411594 1162.6195239228773 1160.9197964111609 1.0 1160.9197964111609 1.0 1
225 nan 0.0625 0.2 -1.0 1.0 1164.042250801164 1164.0431507111641 1165.973424331166 1163.3361214211634 1167.5192323950303 1165.792609081166 1.0 1165.792609081166 1.0 1
226 0.0 nan 0.2 -1.0 -1.0 1168.8421707611687 1168.8430706711688 1169.94006096117 1168.2306319211682 1172.4859268814585 1169.7913758311697 1.0 1169.7913758311697 1.0 1
227 1.0 nan 0.2 1.0 1.0 1175.008587391175 1175.009620621175 1175.5176364811755 1173.3142235111734 1177.0754404453617 1175.3646851111753 -1.0 1175.3646851111753 -1.0 1
228 0.0625 nan 0.2 1.0 1.0 1178.9523596411789 1178.953226221179 1179.6680214011797 1177.8022413311778 1181.2252296825595 1179.5104704911796 -1.0 1179.5104704911796 -1.0 1
229 nan 0.25 0.2 -1.0 1.0 1183.5355346111835 1183.5364678511835 1184.0534161511841 1181.967924721182 1185.6024251676583 1183.934361391184 1.0 1183.934361391184 1.0 1
230 1.0 nan 0.2 1.0 1.0 1186.958425621187 1186.959392191187 1187.3754172511874 1186.3194228611862 1188.9189269128688 1187.2302984311873 -1.0 1187.2302984311873 -1.0 1
231 nan 0.25 0.2 -1.0 1.0 1190.3750839211905 1190.3759838311903 1191.0180196211911 1189.6263254711896 1192.5749285528334 1190.6454235511906 1.0 1191.009753781191 1.0 2
232 1.0 nan 0.2 1.0 1.0 1193.7687778511938 1193.7695777711938 1194.1569390311943 1193.2792268111932 1195.7021171699478 1194.017153011194 -1.0 1194.017153011194 -1.0 1
233 nan 0.25 0.2 -1.0 1.0 1198.058148871198 1198.059182101198 1198.4616418511985 1196.4303116711965 1200.0083168537199 1198.3317881711982 1.0 1198.3317881711982 1.0 1
234 1.0 nan 0.2 1.0 1.0 1201.3686177912014 1201.3694510412013 1201.7257154112017 1200.7250154912008 1203.2686232987276 1201.5928287012016 -1.0 1201.5928287012016 -1.0 1
235 nan 0.0 0.2 1.0 -1.0 1206.3414537912063 1206.3423537012063 1208.5456333512086 1203.983622931204 1211.091340067883 1208.2276984812083 -1.0 1208.2276984812083 -1.0 1
236 nan 0.25 0.2 -1.0 1.0 1213.4183127012134 1213.4192126112134 1213.8261385812139 1211.8160396112119 1215.3684376708586 1213.7332812012137 1.0 1213.7332812012137 1.0 1
237 nan 0.0625 0.2 -1.0 1.0 1216.7077503912167 1216.7088169512167 1220.981023021221 1216.1975347512162 1222.5183314588137 1217.7797098512178 1.0 1220.949592831221 1.0 2
238 nan 0.0625 0.2 -1.0 1.0 1223.9077303212239 1223.9086968912238 1225.6883189112257 1223.2559288412233 1227.234828206866 1225.5485662212257 1.0 1225.5485662212257 1.0 1
239 nan 0.0625 0.2 -1.0 1.0 1228.4577086112286 1228.4586085212284 1230.3027240912304 1227.953225731228 1231.8514354151878 1230.1201756812302 1.0 1230.1201756812302 1.0 1
240 nan 0.0625 0.2 -1.0 1.0 1233.1408402512332 1233.141840151233 1234.4194457112344 1232.5292347512325 1235.9743239062173 1234.2768933012344 1.0 1234.2768933012344 1.0 1
241 nan 0.25 0.2 -1.0 1.0 1237.2013008312372 1237.2021007512371 1237.6778198412376 1236.6837192612368 1239.224227077635 1237.5642312012376 1.0 1237.5642312012376 1.0 1
242 nan 0.25 0.2 -1.0 1.0 1240.5511324812405 1240.5520323912406 1241.0654477112412 1239.94212672124 1242.6178240749132 1240.9410934812408 1.0 1240.9410934812408 1.0 1
243 nan 0.25 0.2 -1.0 1.0 1243.8074401512438 1243.8083067312439 1244.3080234212443 1243.3340208312434 1245.8511306971895 1244.2065669012443 1.0 1244.2065669012443 1.0 1
244 1.0 nan 0.8 1.0 1.0 1247.1739368012472 1247.1749367012471 1247.6601215112478 1246.5660309312466 1249.20723099613 1247.5236018312476 -1.0 1247.5236018312476 -1.0 1
245 1.0 nan 0.8 1.0 1.0 1251.2010340512513 1251.2021339412513 1251.5655309312515 1249.92362847125 1253.1176374566028 1251.4329441912514 -1.0 1251.4329441912514 -1.0 1
246 0.25 nan 0.8 1.0 1.0 1255.3738167312554 1255.3747166412554 1258.0286178912581 1253.837637031254 1259.5738471207417 1257.8868654012579 -1.0 1257.8868654012579 -1.0 1
247 0.25 nan 0.8 1.0 1.0 1261.0840789812612 1261.084945561261 1261.5370336812616 1260.4109463012603 1263.0903432068033 1261.3640176512613 -1.0 1261.3640176512613 -1.0 1
248 1.0 nan 0.8 1.0 1.0 1265.000720611265 1265.001853831265 1265.5217351712656 1263.8085398412638 1267.073843408087 1265.3924481012655 -1.0 1265.3924481012655 -1.0 1
249 1.0 nan 0.8 1.0 1.0 1268.3339872512684 1268.3347871712683 1268.7453461112686 1267.7890417512679 1270.290026814164 1268.6278578612687 -1.0 1268.6278578612687 -1.0 1
250 1.0 nan 0.8 1.0 1.0 1271.7006172212716 1271.7013838112716 1272.4131459612724 1271.006619961271 1273.956722009561 1272.3226216812723 -1.0 1272.3226216812723 -1.0 1
251 1.0 nan 0.8 1.0 1.0 1276.7505455112769 1276.7516454012768 1277.5293342912776 1274.6723200212746 1279.073539420183 1277.3601178812773 -1.0 1277.3601178812773 -1.0 1
252 0.125 nan 0.8 1.0 1.0 1280.6836521612806 1280.6845520712807 1283.6394232212836 1279.8023403012799 1285.2066315131628 1283.4880383612835 -1.0 1283.4880383612835 -1.0 1
253 0.25 nan 0.8 -1.0 -1.0 1287.3169221012872 1287.3177553512874 1289.7990405312898 1285.923928081286 1292.3397475539314 1289.6958175212897 1.0 1289.6958175212897 1.0 1
254 nan 0.0 0.8 -1.0 1.0 1293.5500987212936 1293.5509653012937 1294.4704400112944 1293.0621475212931 1296.0231483949196 1294.3669170312944 1.0 1294.3669170312944 1.0 1
255 1.0 nan 0.8 1.0 1.0 1297.3333870212973 1297.3342202712975 1298.079745711298 1296.7424461212968 1299.6396518835877 1297.8276375912978 -1.0 1297.8276375912978 -1.0 1
256 nan 0.25 0.8 -1.0 1.0 1302.7165819813026 1302.7174485613027 1303.141939441303 1300.3617508213003 1304.700047244883 1303.0293840313032 1.0 1303.0293840313032 1.0 1
257 0.0625 nan 0.8 -1.0 -1.0 1305.9392596813059 1305.940392901306 1306.838703061307 1305.4263443113055 1309.3999345440398 1306.6529549713066 1.0 1306.6529549713066 1.0 1
258 0.125 nan 0.8 1.0 1.0 1310.8226379613109 1310.8236378613108 1312.978422361313 1310.2349300713101 1314.5331306061937 1312.7715430513128 -1.0 1312.7715430513128 -1.0 1
259 1.0 nan 0.8 1.0 1.0 1315.7892745813158 1315.7902078213158 1317.3256542613174 1315.2515283613152 1318.8830287426085 1317.1954006213173 -1.0 1317.1954006213173 -1.0 1
260 0.125 nan 0.8 1.0 1.0 1320.5391662113207 1320.5400994513207 1321.926027511322 1319.6038264213196 1323.4829338841353 1321.8019399213217 -1.0 1321.8019399213217 -1.0 1
261 0.0625 nan 0.8 1.0 1.0 1325.4222111913255 1325.4230111113254 1331.1971336413312 1324.2052329013243 1332.7554394143333 1330.957990891331 -1.0 1330.957990891331 -1.0 1
262 1.0 nan 0.8 1.0 1.0 1333.965990061334 1333.966856641334 1334.6604539413347 1333.4886378013334 1336.2160313485783 1334.5010365513344 -1.0 1334.5010365513344 -1.0 1
263 0.25 nan 0.8 1.0 1.0 1337.6887177513377 1337.6901176113377 1338.5763289813385 1336.928227141337 1340.1388351935245 1338.3917474413383 -1.0 1338.3917474413383 -1.0 1
264 nan 1.0 0.8 -1.0 1.0 1341.999219991342 1342.000053241342 1342.3873478413425 1340.8538345413408 1343.949251595933 1342.2787253713423 1.0 1342.2787253713423 1.0 1
265 nan 0.125 0.2 -1.0 1.0 1345.3052893513452 1345.3063225813453 1346.1669365113462 1344.6679530913448 1347.7158492450508 1345.7009497813458 1.0 1346.125673971346 1.0 2
266 nan 0.0625 0.2 1.0 -1.0 1349.0885776513492 1349.089577551349 1351.2108654013512 1348.4059459213483 1353.771840364242 1351.062346921351 -1.0 1351.062346921351 -1.0 1
267 nan 0.25 0.2 -1.0 1.0 1354.998986551355 1354.999786471355 1355.5788285613555 1354.4910373513544 1357.1323375333518 1355.2789585513553 1.0 1355.5408656913555 1.0 2
268 nan 0.25 0.2 -1.0 1.0 1358.4551075713584 1358.4560408113584 1358.917927951359 1357.847135041358 1360.4884509736862 1358.785307881359 1.0 1358.785307881359 1.0 1
269 nan 0.0625 0.2 -1.0 1.0 1361.8988298313618 1361.899663081362 1362.4918371913625 1361.3297534113613 1364.0550469344073 1362.3519178513623 1.0 1362.3519178513623 1.0 1
270 0.125 nan 0.2 1.0 1.0 1365.3654498013655 1365.3665830213654 1366.5900273313666 1364.7697427113649 1368.1488363161347 1366.4232773413664 -1.0 1366.4232773413664 -1.0 1
271 nan 1.0 0.2 -1.0 1.0 1369.5882941413697 1369.5891940513695 1369.95025794137 1368.871232521369 1371.4987359640086 1369.8255037513698 1.0 1369.8255037513698 1.0 1
272 nan 1.0 0.2 -1.0 1.0 1372.6715857813726 1372.6724523613727 1373.018551081373 1372.1860343413723 1374.5653542162636 1372.915061431373 1.0 1372.915061431373 1.0 1
273 nan 0.125 0.2 -1.0 1.0 1375.7547441013758 1375.7557106713757 1377.2745587713773 1375.2861576313753 1378.8382369895244 1377.158337061377 1.0 1377.158337061377 1.0 1
274 nan 1.0 0.2 -1.0 1.0 1380.0817446913802 1380.08264460138 1380.4480413913805 1379.5580304013795 1382.0048450070785 1380.3437518213805 1.0 1380.3437518213805 1.0 1
275 nan 0.0625 0.2 -1.0 1.0 1383.5151679813835 1383.5162345413835 1385.5247336713855 1382.7277467313827 1387.0817421188206 1385.2776917113854 1.0 1385.2776917113854 1.0 1
276 nan 1.0 0.2 -1.0 1.0 1388.4879039913885 1388.4888039013886 1388.7909403513888 1387.804339021388 1390.3544464840525 1388.6856175513888 1.0 1388.6856175513888 1.0 1
277 nan 0.0625 0.2 -1.0 1.0 1391.5482645913917 1391.5490978413916 1392.1590368413922 1391.067446011391 1393.7212447321824 1392.066479431392 1.0 1392.066479431392 1.0 1
278 nan 0.0625 0.2 1.0 -1.0 1394.981521231395 1394.982354481395 1395.995986441396 1394.4421418413945 1398.548156463139 1395.8401686913958 -1.0 1395.8401686913958 -1.0 1
279 nan 1.0 0.2 -1.0 1.0 1399.8209372413999 1399.8219371413998 1400.1561370514003 1399.2925567513994 1401.7147389197712 1400.0656127714 1.0 1400.0656127714 1.0 1
280 nan 0.0 0.2 -1.0 1.0 1403.054213881403 1403.055180451403 1405.071545461405 1402.5597300014026 1406.6313530995212 1404.7788747314048 1.0 1404.7788747314048 1.0 1
281 nan 1.0 0.2 -1.0 1.0 1408.004185501408 1408.0050854114081 1408.3852473914085 1407.3129546314074 1409.9375550114303 1408.2922900214082 1.0 1408.2922900214082 1.0 1
282 nan 0.0625 0.2 -1.0 1.0 1411.3145877614113 1411.3156876514113 1413.1568368514131 1410.6666525614107 1414.7208454150657 1413.0499142114131 1.0 1413.0499142114131 1.0 1
283 nan 0.125 0.2 -1.0 1.0 1415.931159391416 1415.932259281416 1417.4312427014174 1415.4405417914154 1418.9873499880157 1417.3278530414173 1.0 1417.3278530414173 1.0 1
284 nan 0.125 0.2 -1.0 1.0 1420.3810476914205 1420.3821809114204 1420.7256465614207 1419.6990492314196 1422.2810539399254 1420.6344556814206 1.0 1420.6344556814206 1.0 1
285 nan 0.25 0.2 -1.0 1.0 1423.5204337214236 1423.5214669514235 1423.895062921424 1422.997452691423 1425.4477419161283 1423.7946063014238 1.0 1423.7946063014238 1.0 1
286 nan 0.25 0.2 -1.0 1.0 1426.803838681427 1426.8047385914267 1427.2259631314273 1426.1621361914263 1428.7871371402985 1427.082177511427 1.0 1427.082177511427 1.0 1
287 nan 0.25 0.2 -1.0 1.0 1430.06421261143 1430.06497920143 1432.5686621414327 1429.5085348514294 1434.1141372490501 1432.4241099314324 1.0 1432.4241099314324 1.0 1
288 nan 0.125 0.2 -1.0 1.0 1435.5037686014355 1435.5049018214356 1437.3465509714374 1434.836735311435 1438.8974556565013 1437.145037791437 1.0 1437.145037791437 1.0 1
289 nan 0.25 0.2 -1.0 1.0 1440.08677692144 1440.0878101514402 1442.6241564914426 1439.6201569214397 1444.1806632726727 1442.3929796114423 1.0 1442.3929796114423 1.0 1
290 0.125 nan 0.2 -1.0 -1.0 1445.6367218714456 1445.6376884414456 1450.10660817145 1444.902561961445 1452.6637497968065 1449.89856231145 1.0 1449.89856231145 1.0 1
291 nan 0.125 0.2 -1.0 1.0 1454.7365451314547 1454.7375117014547 1457.6133574214575 1453.3899464714534 1459.1699507172357 1457.4304757114573 1.0 1457.4304757114573 1.0 1
292 nan 1.0 0.2 -1.0 1.0 1460.6302223714606 1460.6310556214607 1460.999752081461 1460.03014905146 1462.5469587399184 1460.8790641514609 1.0 1460.8790641514609 1.0 1
293 nan 0.0625 0.2 -1.0 1.0 1463.986320061464 1463.987319961464 1465.8622657814658 1463.2643589314632 1467.4196459770503 1465.4327754014655 1.0 1465.4327754014655 1.0 1
294 nan 1.0 0.2 -1.0 1.0 1468.6800839714688 1468.6809172214687 1469.129239051469 1468.104741511468 1470.686445872116 1469.001585151469 1.0 1469.001585151469 1.0 1
295 nan 1.0 0.2 -1.0 1.0 1471.963322281472 1471.964188861472 1472.3655487214724 1471.4075445314713 1473.9196548958016 1472.2452940814724 1.0 1472.2452940814724 1.0 1
296 1.0 nan 0.2 1.0 1.0 1475.179967251475 1475.1811671314751 1475.7011484614757 1474.6331552714746 1477.2466570521055 1475.5690616714755 -1.0 1475.5690616714755 -1.0 1
297 nan 0.0625 0.2 -1.0 1.0 1478.4692716214786 1478.4704048414785 1480.7850400214809 1477.968954991478 1482.3299496841216 1480.3603158314804 1.0 1480.5848933714806 1.0 2
298 nan 1.0 0.2 -1.0 1.0 1483.6527198914837 1483.6536198014837 1484.117140111484 1483.053646471483 1485.663148510638 1483.977087451484 1.0 1483.977087451484 1.0 1
299 0.0625 nan 0.8 1.0 1.0 1486.969321531487 1486.970221441487 1488.3626488514883 1486.3861465214864 1489.9131554096796 1488.0859765214882 -1.0 1488.0859765214882 -1.0 1
300 0.25 nan 0.8 1.0 1.0 1491.3025881614913 1491.3034880714913 1493.4194431214935 1490.6360548214907 1494.9692518436589 1492.883496721493 1.0 1493.1743676314932 -1.0 2
301 1.0 nan 0.8 1.0 1.0 1496.3129204114964 1496.3137203314964 1496.8137703214968 1495.6936490114956 1498.369146164146 1496.6550528614966 -1.0 1496.6550528614966 -1.0 1
302 0.25 nan 0.8 1.0 1.0 1499.6961153914997 1499.6969819714998 1501.5930590115015 1499.0881428614991 1503.1461624155245 1501.2838566015014 1.0 1501.4254091115015 -1.0 2
303 1.0 nan 0.8 1.0 1.0 1504.4357413815044 1504.4365413015043 1504.8813634815049 1503.880363591504 1506.4294604287113 1504.7390777115047 -1.0 1504.7390777115047 -1.0 1
304 0.0625 nan 0.8 1.0 1.0 1507.985553031508 1507.986486271508 1508.6775504915088 1507.2822567015073 1510.2355576260354 1508.5486967115085 -1.0 1508.5486967115085 -1.0 1
305 0.125 nan 0.8 1.0 1.0 1511.5958586315116 1511.5967585415117 1513.5142667715136 1510.961955361511 1515.0625702544148 1513.3857462915134 -1.0 1513.3857462915134 -1.0 1
306 nan 0.0625 0.8 -1.0 1.0 1516.3353513015163 1516.3363178715163 1518.3978450315185 1515.8090706015157 1519.945856268901 1517.990585761518 1.0 1517.990585761518 1.0 1
307 0.25 nan 0.8 1.0 1.0 1521.135204601521 1521.1362378315212 1521.6204560715216 1520.6670514215207 1523.1687616150566 1521.4195761615215 -1.0 1521.4195761615215 -1.0 1
308 0.0 nan 0.8 1.0 1.0 1524.5957251815246 1524.5968250715246 1525.6898490915257 1523.894361991524 1527.2290593788393 1525.5577956315256 -1.0 1525.5577956315256 -1.0 1
309 nan 0.125 0.8 -1.0 1.0 1528.4352078615284 1528.4360744415285 1528.985452831529 1527.950056381528 1530.5351605479702 1528.8184362015288 1.0 1528.8184362015288 1.0 1
310 0.25 nan 0.8 1.0 1.0 1531.7622417915318 1531.7633416815318 1532.1113735415322 1531.2553591515314 1533.6685530577672 1532.006117401532 -1.0 1532.006117401532 -1.0 1
311 1.0 nan 0.8 1.0 1.0 1535.9455234215359 1535.9466233115359 1536.3520494315364 1534.3591487415345 1537.901655497464 1536.2269619415363 -1.0 1536.2269619415363 -1.0 1
312 0.0625 nan 0.8 1.0 1.0 1539.2953550715392 1539.2962216515393 1540.0580454615401 1538.6346544815387 1541.6182519139452 1539.93152478154 -1.0 1539.93152478154 -1.0 1
313 nan 1.0 0.8 -1.0 1.0 1543.095341701543 1543.0961749515432 1543.4512727715435 1542.3579487815423 1544.9953488570075 1543.3376841315433 1.0 1543.3376841315433 1.0 1
314 1.0 nan 0.8 1.0 1.0 1546.2515260515463 1546.2524259615464 1546.5985580115466 1545.7154463315458 1548.1452622681068 1546.4881357215465 -1.0 1546.4881357215465 -1.0 1
315 0.125 nan 0.8 1.0 1.0 1550.0678777115502 1550.06901093155 1551.2448600015512 1548.867664411549 1552.795270553929 1551.082842871551 -1.0 1551.082842871551 -1.0 1
316 0.0625 nan 0.8 1.0 1.0 1554.1846993215543 1554.1855992315543 1554.7131464715546 1553.4851692815535 1556.2679728539765 1554.5837594115546 -1.0 1554.5837594115546 -1.0 1
317 0.0 nan 0.8 1.0 1.0 1557.8117699115578 1557.8128698015578 1559.0630447715591 1557.1308713415572 1560.6178557182318 1558.955622181559 -1.0 1558.955622181559 -1.0 1
318 0.25 nan 0.8 1.0 1.0 1562.1616015515622 1562.162434801562 1564.5373639515647 1561.3433500515614 1566.0782690083008 1564.4167760115645 -1.0 1564.4167760115645 -1.0 1
319 nan 1.0 0.8 -1.0 1.0 1567.5011342115674 1567.5020007915675 1568.4693707115684 1566.8135696415668 1570.0115779191958 1568.064777841568 1.0 1568.3779798515684 1.0 3
320 0.125 nan 0.8 1.0 1.0 1571.4511058415715 1571.4523390515715 1571.975853361572 1570.7361773415707 1573.5508630025563 1571.863397941572 -1.0 1571.863397941572 -1.0 1
321 nan 0.25 0.8 1.0 -1.0 1575.144736441575 1575.145536361575 1577.4271748415774 1574.2745568015744 1579.994577581401 1577.2671241815772 -1.0 1577.2671241815772 -1.0 1
322 0.0625 nan 0.8 -1.0 -1.0 1581.5008007715815 1581.5017340115814 1584.5746933515845 1580.7286779915808 1587.1340670000313 1584.4381070115844 1.0 1584.4381070115844 1.0 1
323 1.0 nan 0.8 1.0 1.0 1588.4444396715885 1588.4452729215884 1588.5898584615886 1587.872863501588 1590.150764774914 1588.4166757815885 -1.0 1588.4166757815885 -1.0 1
324 nan 0.0625 0.8 1.0 -1.0 1591.7610413115917 1591.7622078615918 1593.2061634515933 1590.8821625415908 1595.7672688820144 1593.076176451593 -1.0 1593.076176451593 -1.0 1
325 1.0 nan 0.8 1.0 1.0 1598.5274979315986 1598.5283978415985 1598.859064771599 1596.4983675315966 1600.4109704645532 1598.7603079815988 -1.0 1598.7603079815988 -1.0 1
326 0.0625 nan 0.8 1.0 1.0 1602.2337606016022 1602.2346605116022 1604.1802659316043 1601.1534686416012 1605.7504709607763 1603.999250701604 -1.0 1603.999250701604 -1.0 1
327 0.125 nan 0.8 1.0 1.0 1606.994084521607 1606.995284401607 1607.3817790816074 1606.4825690116065 1608.950356173559 1607.2280277916072 -1.0 1607.2280277916072 -1.0 1
328 0.25 nan 0.8 1.0 1.0 1610.2440928216104 1610.2451927116103 1610.6619510316107 1609.6741498216097 1612.2107712875181 1610.5451960416106 -1.0 1610.5451960416106 -1.0 1
329 1.0 nan 0.8 1.0 1.0 1613.6002238416136 1613.6011237516136 1613.931057421614 1613.079175951613 1615.5002667366805 1613.8075697716138 -1.0 1613.8075697716138 -1.0 1
330 nan 0.25 0.8 -1.0 1.0 1616.8272344416168 1616.8280676916168 1617.2807557516173 1616.2245613816162 1618.850161846637 1617.1457025916172 1.0 1617.1457025916172 1.0 1
331 0.125 nan 0.8 1.0 1.0 1620.2105294116202 1620.2113293316202 1620.7772727316208 1619.5771594216196 1622.3501747385 1620.6750496216207 -1.0 1620.6750496216207 -1.0 1
332 0.0 nan 0.8 1.0 1.0 1623.8104693816238 1623.8112359716238 1624.7243779816247 1623.0754762216231 1626.2833834134087 1624.5504620416245 -1.0 1624.5504620416245 -1.0 1
333 0.125 nan 0.8 1.0 1.0 1627.4937010216274 1627.4948342416276 1628.2459591216282 1627.0113825916271 1629.810468925665 1628.1438360016282 -1.0 1628.1438360016282 -1.0 1
334 0.25 nan 0.8 1.0 1.0 1631.6331870316317 1631.6340869416317 1632.3057531016323 1630.5419628316306 1633.860361269461 1632.1726330816323 -1.0 1632.1726330816323 -1.0 1
335 0.25 nan 0.8 1.0 1.0 1635.2829220216354 1635.2840219116354 1636.961354161637 1634.5849584916346 1638.533059495751 1636.8416994616368 -1.0 1636.8416994616368 -1.0 1
336 1.0 nan 0.8 1.0 1.0 1639.9267909216398 1639.92792414164 1640.4301739116404 1639.2629573116392 1641.983076835467 1640.2976871616404 -1.0 1640.2976871616404 -1.0 1
337 1.0 nan 0.8 1.0 1.0 1643.2434925516432 1643.2445257816432 1644.3604808416444 1642.7073795016427 1645.9163602973988 1644.2508918016442 -1.0 1644.2508918016442 -1.0 1
338 0.25 nan 0.8 1.0 1.0 1647.3600141916475 1647.3611140816474 1650.2702564716503 1646.6330535616466 1651.8326626957075 1650.15046845165 -1.0 1650.15046845165 -1.0 1
339 0.25 nan 0.8 1.0 1.0 1653.909825811654 1653.9106590616539 1656.956254471657 1652.5512616816525 1658.5161617639706 1656.8448656116568 -1.0 1656.8448656116568 -1.0 1
340 nan 0.0 0.8 1.0 -1.0 1659.9263907616598 1659.92755731166 1660.9045262716609 1659.2387595316593 1663.4596671696852 1660.7620405216608 -1.0 1660.7620405216608 -1.0 1
341 1.0 nan 0.8 1.0 1.0 1665.115771771665 1665.1167716716652 1665.5120654716654 1664.1723661216643 1667.065961602808 1665.3790454416653 -1.0 1665.3790454416653 -1.0 1
342 0.0 nan 0.8 1.0 1.0 1668.5595273616686 1668.5603606116686 1670.02898040167 1667.923157671668 1671.5929825651133 1669.8937939216698 -1.0 1669.8937939216698 -1.0 1
343 1.0 nan 0.8 1.0 1.0 1672.7824716916728 1672.783604911673 1673.2009631716733 1672.3153850716724 1674.7658746628917 1673.090440891673 -1.0 1673.090440891673 -1.0 1
344 0.0625 nan 0.8 1.0 1.0 1676.0094156316761 1676.010282211676 1678.3954770016785 1675.4750690716755 1679.9593823736004 1678.2182613916782 -1.0 1678.2182613916782 -1.0 1
345 0.125 nan 0.8 1.0 1.0 1681.2490249516813 1681.2501248416813 1683.5938571116835 1680.6767821816807 1685.1487675597039 1683.4930338616834 -1.0 1683.4930338616834 -1.0 1
346 0.125 nan 0.8 1.0 1.0 1686.4591705516864 1686.4600038016865 1687.016881441687 1685.869262881686 1688.5821820994684 1686.887961001687 -1.0 1686.887961001687 -1.0 1
347 0.125 nan 0.8 1.0 1.0 1690.04244552169 1690.04327877169 1691.011181971691 1689.3167847616894 1692.5592657222733 1690.886794411691 -1.0 1690.886794411691 -1.0 1
348 0.25 nan 0.8 1.0 1.0 1693.8318998716938 1693.8328664416938 1695.2853878416954 1693.2374593216932 1696.8422621388663 1695.1729990816953 -1.0 1695.1729990816953 -1.0 1
349 1.0 nan 0.8 1.0 1.0 1698.1318698316982 1698.1327697416982 1699.4539709416995 1697.5605603016975 1701.0090763239748 1699.3549141816993 -1.0 1699.3549141816993 -1.0 1
350 0.125 nan 0.8 1.0 1.0 1702.2484248017022 1702.2493580417022 1705.020280921705 1701.7241772317018 1706.5817874529614 1704.869262691705 -1.0 1704.869262691705 -1.0 1
351 nan 1.0 0.8 -1.0 1.0 1707.8255337017079 1707.8266002617079 1708.3341828317084 1707.2959866617073 1709.8921906237733 1708.2237605417083 1.0 1708.2237605417083 1.0 1
352 0.125 nan 0.8 1.0 1.0 1711.1150713817112 1711.116271261711 1712.1912637517123 1710.6039891617106 1713.742076297192 1712.0672761517121 -1.0 1712.0672761517121 -1.0 1
353 0.125 nan 0.8 1.0 1.0 1715.1483013517152 1715.149134601715 1716.134469391716 1714.4525709317145 1717.6919768168364 1715.954254081716 -1.0 1715.954254081716 -1.0 1
354 0.25 nan 0.8 1.0 1.0 1719.031579651719 1719.032712871719 1721.1922635617211 1718.4047756717184 1722.748072979606 1721.076841771721 -1.0 1721.076841771721 -1.0 1
355 0.125 nan 0.8 1.0 1.0 1723.975051921724 1723.975951831724 1724.8961931317249 1723.4588702117235 1726.441783890994 1724.7741386717248 -1.0 1724.7741386717248 -1.0 1
356 nan 0.0625 0.2 1.0 -1.0 1727.814701251728 1727.8155345017278 1730.2138279817302 1727.3077852817273 1732.7584723222785 1730.09257344173 -1.0 1730.09257344173 -1.0 1
357 nan 0.25 0.2 -1.0 1.0 1734.064442881734 1734.065409451734 1734.4779681917346 1733.4764683517335 1736.0249759306862 1734.3579801917344 1.0 1734.3579801917344 1.0 1
358 nan 0.0 0.2 -1.0 1.0 1737.3310495217374 1737.3320160917374 1738.6824810317387 1736.7380754917367 1740.241587539532 1738.5392953517385 1.0 1738.5392953517385 1.0 1
359 0.0625 nan 0.2 -1.0 -1.0 1741.4977661417415 1741.4985993917414 1743.3513141017434 1740.950187571741 1745.914387851763 1742.8256000117428 1.0 1742.980517851743 -1.0 2
360 nan 1.0 0.2 -1.0 1.0 1748.2245933917482 1748.2254599717483 1748.5471944617486 1746.6359856017466 1750.0913724202499 1748.4401718317486 1.0 1748.4401718317486 1.0 1
361 nan 0.0625 0.2 -1.0 1.0 1751.3474477417515 1751.3484143117514 1752.844064731753 1750.8193672217508 1754.3913733159068 1752.7143777017527 1.0 1752.7143777017527 1.0 1
362 nan 0.25 0.2 -1.0 1.0 1755.8641293617559 1755.864995941756 1756.3254832217563 1755.1031721317552 1757.8746884495686 1756.2092948417562 1.0 1756.2092948417562 1.0 1
363 nan 1.0 0.2 -1.0 1.0 1759.2641893217592 1759.2652558817592 1759.6924798217597 1758.5893901417587 1761.2473894108293 1759.5622928417595 1.0 1759.5622928417595 1.0 1
364 0.125 nan 0.2 1.0 1.0 1762.6410849317626 1762.6421848217626 1763.4791677817634 1761.956986681762 1765.0305788855208 1763.3576799317634 -1.0 1763.3576799317634 -1.0 1
365 0.0625 nan 0.2 -1.0 -1.0 1766.2743549017664 1766.2751214917662 1767.885427111768 1765.7439746117657 1770.4472688400117 1767.7374752417677 1.0 1767.7374752417677 1.0 1
366 nan 0.125 0.2 -1.0 1.0 1772.057576521772 1772.058676411772 1773.5926896617736 1771.1663656517712 1775.1409937452934 1773.169431991773 1.0 1773.169431991773 1.0 1
367 nan 0.0625 0.2 -1.0 1.0 1776.4304391917765 1776.4313391017765 1779.048977311779 1775.8578964517758 1780.5907880445518 1778.5017987017786 1.0 1778.933122231779 1.0 3
368 0.0625 nan 0.2 1.0 1.0 1781.930155831782 1781.931155731782 1783.2080946917831 1781.3105844617812 1784.7634726143774 1783.054010101783 -1.0 1783.054010101783 -1.0 1
369 nan 0.25 0.2 -1.0 1.0 1786.1905297517862 1786.1914296617863 1787.011880941787 1785.4772677517856 1788.5635735244302 1786.5945226817867 1.0 1786.5945226817867 1.0 1
370 nan 0.125 0.2 -1.0 1.0 1790.0572430417901 1790.05834293179 1791.2660888117912 1789.4285725817895 1792.8300930031817 1790.8970590517908 1.0 1791.2252928917912 1.0 2
371 0.25 nan 0.2 1.0 1.0 1794.2071613417943 1794.2079279317943 1794.6590828117946 1793.5388948417935 1796.2133918648062 1794.5261294417946 -1.0 1794.5261294417946 -1.0 1
372 nan 0.125 0.2 -1.0 1.0 1797.8737613117978 1797.8745279017978 1801.039878001801 1796.9350885217968 1802.5965862452208 1800.8422977618009 1.0 1800.8422977618009 1.0 1
373 nan 0.25 0.2 -1.0 1.0 1803.940287931804 1803.941421151804 1804.4169735918044 1803.3159837018034 1805.9735824256773 1804.2663553218042 1.0 1804.2663553218042 1.0 1
374 nan 0.125 0.2 -1.0 1.0 1807.3298489418073 1807.3306821918075 1808.1908961618083 1806.6905795418068 1809.746374167859 1808.0523100218081 1.0 1808.0523100218081 1.0 1
375 nan 0.0625 0.2 1.0 -1.0 1811.1401345418112 1811.141334421811 1814.040244501814 1810.4601692118106 1816.5900846729162 1813.908357691814 -1.0 1813.908357691814 -1.0 1
376 nan 0.0625 0.2 -1.0 1.0 1817.962885531818 1817.963818771818 1818.7954022718188 1817.3090842518172 1820.3399797320121 1818.6026548818186 1.0 1818.6026548818186 1.0 1
377 nan 0.0625 0.2 1.0 -1.0 1821.5293955118216 1821.5303954118215 1825.4433374118255 1821.0559761918212 1827.9899784995032 1825.2560561418252 -1.0 1825.2560561418252 -1.0 1
378 nan 0.125 0.2 -1.0 1.0 1829.2125271218292 1829.2135936818293 1829.6597823918296 1828.7184765318286 1831.2126879277976 1829.5607589618296 1.0 1829.5607589618296 1.0 1
379 nan 1.0 0.2 -1.0 1.0 1832.6730810318327 1832.6741809218327 1833.0260790618331 1831.9304886318318 1834.573088508315 1832.908457491833 1.0 1832.908457491833 1.0 1
380 nan 0.25 0.2 -1.0 1.0 1835.912423731836 1835.913456961836 1836.3385811118364 1835.2904859318353 1837.8958889914231 1836.2235259518363 1.0 1836.2235259518363 1.0 1
381 nan 1.0 0.2 -1.0 1.0 1839.3062509818394 1839.3073842018393 1839.7510731618397 1838.6099872818386 1841.3063832163803 1839.5692913418395 1.0 1839.5692913418395 1.0 1
382 nan 0.125 0.2 -1.0 1.0 1842.6624153318428 1842.6633152418426 1847.3769771618474 1842.019679611842 1848.9394834128436 1847.1253023318473 1.0 1847.1253023318473 1.0 1
383 nan 0.25 0.2 -1.0 1.0 1850.2455569418503 1850.2464901818503 1852.3680780018524 1849.6656816018497 1853.922586111355 1852.1537661018522 1.0 1852.1537661018522 1.0 1
384 nan 0.0625 0.2 -1.0 1.0 1855.2787535718553 1855.2797201418553 1861.2206926518613 1854.6358845318546 1862.7786988866994 1860.8994914418608 1.0 1861.111636891861 1.0 2
385 nan 1.0 0.2 -1.0 1.0 1864.022479111864 1864.023545671864 1864.3914755418643 1863.5004979818634 1865.9558869008542 1864.2820864818643 1.0 1864.2820864818643 1.0 1
386 nan 1.0 0.2 -1.0 1.0 1867.2119934618672 1867.2127933818672 1871.3439802218713 1866.6689811018666 1872.9118860772012 1871.1711641718712 1.0 1871.1711641718712 1.0 1
387 nan 0.0625 0.2 -1.0 1.0 1874.2055273718743 1874.2066605918742 1882.7093102418828 1873.6350844218737 1884.2720828948966 1882.5652246518825 1.0 1882.5652246518825 1.0 1
388 nan 0.0625 0.2 -1.0 1.0 1885.4948649918856 1885.4957649018854 1888.075706881888 1885.004980651885 1889.6448833315374 1887.7127765118878 1.0 1887.973817071888 1.0 2
389 0.25 nan 0.2 -1.0 -1.0 1890.955218901891 1890.956318791891 1891.0996377918912 1890.3299814318902 1893.661406711154 1890.963651391891 1.0 1890.963651391891 1.0 1
390 nan 1.0 0.2 -1.0 1.0 1894.905190531895 1894.906257091895 1895.040610321895 1894.3799097318945 1896.6112904786464 1894.8591284718948 1.0 1894.8591284718948 1.0 1
391 nan 0.125 0.2 -1.0 1.0 1897.8051338418977 1897.8062004018977 1898.122102141898 1897.3269816618974 1899.6946028773539 1898.0177459118981 1.0 1898.0177459118981 1.0 1
392 nan 0.125 0.2 -1.0 1.0 1900.921788811901 1900.922788711901 1901.3915085019014 1900.4098066819004 1902.9550879998624 1901.2634546419013 1.0 1901.2634546419013 1.0 1
393 0.0625 nan 0.2 -1.0 -1.0 1904.2279248319041 1904.2290580519043 1907.904657121908 1903.6747801519036 1910.4716948786013 1907.7634045819077 1.0 1907.7634045819077 1.0 1
394 nan 0.0625 0.2 -1.0 1.0 1912.0611414319121 1912.062241321912 1914.5702904919146 1911.1997942419111 1916.1381950333987 1914.4644010819145 1.0 1914.4644010819145 1.0 1
395 nan 0.0625 0.2 -1.0 1.0 1917.4110063919175 1917.4121396119174 1920.2810860219204 1916.8797928519168 1921.8379936037302 1919.96895057192 1.0 1920.1919616019202 1.0 2
396 nan 0.0625 0.2 -1.0 1.0 1923.1939947019232 1923.1949946019233 1927.4230050919275 1922.5601914219226 1928.977510354243 1927.1867953819271 1.0 1927.1867953819271 1.0 1
397 nan 0.25 0.2 -1.0 1.0 1930.3878085819304 1930.3888751419304 1931.011512871931 1929.7043102719297 1932.5711919487596 1930.7182088719308 1.0 1930.7182088719308 1.0 1
398 nan 0.25 0.2 -1.0 1.0 1933.9439196019339 1933.944786181934 1934.3471126119343 1933.2915848419334 1935.9044997897586 1934.2196253619343 1.0 1934.2196253619343 1.0 1
399 nan 0.0625 0.2 -1.0 1.0 1937.3105829019373 1937.3113828219373 1939.2349904419393 1936.784802151937 1940.7876994384555 1938.8511621619389 -1.0 1938.8511621619389 -1.0 1
400 nan 0.25 0.2 -1.0 1.0 1942.0604745319422 1942.061307781942 1942.4607011719424 1941.5065965919416 1944.0272059631268 1942.3547784319423 1.0 1942.3547784319423 1.0 1
401 1.0 nan 0.2 1.0 1.0 1945.4208384619456 1945.4219050219453 1946.2082930419463 1944.7449060619447 1947.7709014894751 1946.095437661946 -1.0 1946.095437661946 -1.0 1
402 1.0 nan 0.2 1.0 1.0 1949.043642811949 1949.0444760619491 1951.6821122719516 1948.4925979219486 1953.2373884526064 1951.5615909919516 -1.0 1951.5615909919516 -1.0 1
403 nan 0.0 0.2 -1.0 1.0 1954.5270944119545 1954.5280943119546 1962.111302581962 1953.957484711954 1963.6769070874832 1961.6772459919616 1.0 1961.6772459919616 1.0 1
404 nan 1.0 0.2 -1.0 1.0 1964.970516631965 1964.9715165319649 1965.3905079619653 1964.4041066119644 1966.943514881035 1965.2615208619652 1.0 1965.2615208619652 1.0 1
405 nan 1.0 0.2 -1.0 1.0 1968.2038266019683 1968.2047598419683 1968.7181085019688 1967.6568146419677 1970.2705167204128 1968.5926210519685 1.0 1968.5926210519685 1.0 1
406 nan 0.125 0.2 -1.0 1.0 1971.6767792719718 1971.6777125119718 1974.3143154919744 1970.988814741971 1975.8703936490754 1973.961817411974 1.0 1974.2790856819743 1.0 2
407 nan 1.0 0.2 -1.0 1.0 1977.059840911977 1977.060940801977 1977.4794989419775 1976.5863882619767 1979.0431024955797 1977.3644104519774 1.0 1977.3644104519774 1.0 1
408 nan 0.25 0.2 -1.0 1.0 1980.4368698419805 1980.4378697419804 1980.893090881981 1979.7613040719798 1982.4598994072078 1980.7797355519808 1.0 1980.7797355519808 1.0 1
409 nan 0.25 0.2 -1.0 1.0 1983.7368398119838 1983.7378063819838 1986.6508150519867 1983.1786956319831 1988.2034905586197 1986.4391695519864 1.0 1986.4391695519864 1.0 1
410 nan 0.0625 0.2 -1.0 1.0 1989.6596474719897 1989.6606807019896 1993.1671966819931 1988.925687541989 1994.7264034403527 1992.9027231319928 1.0 1992.9027231319928 1.0 1
411 nan 1.0 0.2 -1.0 1.0 1995.953218051996 1995.954217951996 1996.2877179319962 1995.4467020419954 1997.8365959222417 1996.1832950419962 1.0 1996.1832950419962 1.0 1
412 nan 1.0 0.2 -1.0 1.0 1999.2260907319992 1999.2271572919992 1999.5692897419997 1998.5518914919985 2001.1198973871794 1999.4551011619994 1.0 1999.4551011619994 1.0 1
413 nan 1.0 0.2 -1.0 1.0 2003.959450682004 2003.960417252004 2004.2994166820042 2001.8350964720019 2005.8531055878568 2004.2060593520043 1.0 2004.2060593520043 1.0 1
414 nan 0.125 0.2 -1.0 1.0 2007.3426789920074 2007.3436788920073 2009.3945071220094 2006.7476051720068 2010.9531134296394 2009.2404558620092 1.0 2009.2404558620092 1.0 1
415 nan 0.125 0.2 -1.0 1.0 2012.3425789520124 2012.3435788520123 2015.1980933720151 2011.6738125020117 2016.7593019149638 2015.036242892015 1.0 2015.036242892015 1.0 1
416 nan 0.0 0.2 -1.0 1.0 2018.1195012020182 2018.1204677720182 2020.5619236020207 2017.4836981220176 2022.125797680178 2020.4407357220205 1.0 2020.4407357220205 1.0 1
417 0.25 nan 0.2 1.0 1.0 2023.3193478320234 2023.3203477320233 2025.1446986120252 2022.844695302023 2026.7027041259555 2024.9028894620249 -1.0 2024.9028894620249 -1.0 1
418 nan 1.0 0.2 -1.0 1.0 2027.958883832028 2027.959950392028 2028.4124051420283 2027.4298034120275 2029.9755110646347 2028.2931170720283 1.0 2028.2931170720283 1.0 1
419 nan 0.0 0.2 -1.0 1.0 2031.3192810920314 2031.3201810020314 2033.8126983920338 2030.6904106520308 2035.3692067268694 2033.6630800220337 1.0 2033.6630800220337 1.0 1
420 nan 0.0 0.2 -1.0 1.0 2036.6754454220368 2036.6764119920367 2037.5277935120375 2036.091603812036 2039.0922021418248 2037.4120050920374 1.0 2037.4120050920374 1.0 1
421 nan 0.0 0.2 -1.0 1.0 2040.4357360220404 2040.4366692620404 2042.023410572042 2039.8032992720398 2043.5920147854029 2041.809298652042 1.0 2041.809298652042 1.0 1
422 1.0 nan 0.2 1.0 1.0 2044.8688593320448 2044.8699258920449 2045.4279034220453 2044.3088153420442 2046.9918126918776 2045.2879840820453 -1.0 2045.2879840820453 -1.0 1
423 nan 0.125 0.2 -1.0 1.0 2048.168962622048 2048.1698625320482 2050.558423652051 2047.7135081720478 2052.1188994009613 2050.32484701205 1.0 2050.32484701205 1.0 1
424 0.0625 nan 0.8 -1.0 -1.0 2053.3251469520533 2053.3260801920533 2055.4773650420557 2052.838295642053 2058.035504577045 2055.216557792055 1.0 2055.216557792055 1.0 1
425 0.125 nan 0.8 1.0 1.0 2059.4417685620597 2059.4426018120594 2059.88392434206 2058.758703542059 2061.435400630609 2059.7634363920597 -1.0 2059.7634363920597 -1.0 1
426 0.125 nan 0.8 -1.0 -1.0 2062.741605212063 2062.742538452063 2065.062839732065 2062.153997312062 2067.624914677525 2064.7043755820646 1.0 2065.027509932065 1.0 2
427 nan 1.0 0.8 -1.0 1.0 2069.035175792069 2069.036075702069 2069.5864206620695 2068.3137146120685 2071.1415260736817 2069.3088484220693 1.0 2069.3088484220693 1.0 1
428 0.25 nan 0.8 1.0 1.0 2072.4517674320723 2072.4530339720723 2072.877424862073 2071.861326482072 2074.441304805236 2072.7100749320725 -1.0 2072.7100749320725 -1.0 1
429 0.25 nan 0.8 1.0 1.0 2075.685044072076 2075.6862772820755 2076.632415992077 2075.164096172075 2078.1850050472453 2076.4566669020764 -1.0 2076.4566669020764 -1.0 1
430 0.0625 nan 0.8 -1.0 -1.0 2079.6079184120795 2079.6088849820794 2080.23685551208 2079.0747050720793 2082.791226631737 2080.13026617208 1.0 2080.13026617208 1.0 1
431 0.0 nan 0.8 1.0 1.0 2084.1515306720844 2084.1524639120844 2086.3749083120865 2083.5076284020834 2087.9246181195153 2086.157996672086 -1.0 2086.157996672086 -1.0 1
432 0.25 nan 0.8 1.0 1.0 2089.3514772920894 2089.3523438720895 2090.6362154720905 2088.6501141020885 2092.191122322401 2090.5156275320905 -1.0 2090.5156275320905 -1.0 1
433 0.25 nan 0.8 1.0 1.0 2093.5680555920935 2093.5689221720936 2093.968615532094 2092.908221582093 2095.5243259981776 2093.833995662094 -1.0 2093.833995662094 -1.0 1
434 0.0625 nan 0.8 1.0 1.0 2096.951383892097 2096.952217142097 2098.835328812099 2096.210724632096 2100.3846065787734 2098.6027520720986 1.0 2098.6027520720986 1.0 1
435 0.0 nan 0.8 1.0 1.0 2101.6408482321017 2101.6417814721017 2104.3742082021045 2101.1124010821013 2105.917815149296 2104.236888602104 -1.0 2104.236888602104 -1.0 1
436 nan 0.125 0.8 -1.0 1.0 2107.190626532107 2107.191659762107 2107.6976091621077 2106.6397149621066 2109.2575162805733 2107.5466575921077 1.0 2107.5466575921077 1.0 1
437 0.25 nan 0.8 1.0 1.0 2110.5843537921105 2110.5852537021105 2110.979314292111 2109.98141409211 2112.5406202194804 2110.876957862111 -1.0 2110.876957862111 -1.0 1
438 0.0 nan 0.8 1.0 1.0 2113.867625432114 2113.868525342114 2115.0723049521152 2113.2615193821134 2116.623914546292 2114.952850232115 -1.0 2114.952850232115 -1.0 1
439 0.0625 nan 0.8 1.0 1.0 2118.0174770721183 2118.018443642118 2118.5753212821187 2117.3441110821173 2120.134225390225 2118.4628991921186 -1.0 2118.4628991921186 -1.0 1
440 0.0 nan 0.8 1.0 1.0 2121.4237364121213 2121.4247029821213 2123.8676253321237 2120.8555265721207 2125.417532846331 2123.7440376921236 -1.0 2123.7440376921236 -1.0 1
441 1.0 nan 0.8 1.0 1.0 2126.723673032127 2126.724606272127 2127.098035592127 2126.138831522126 2128.6507154606197 2126.996912372127 -1.0 2126.996912372127 -1.0 1
442 nan 1.0 0.8 -1.0 1.0 2129.8567930221298 2129.85789291213 2131.4544332421315 2129.370908282129 2133.000607819344 2131.1777942421313 1.0 2131.1777942421313 1.0 1
443 0.0625 nan 0.8 1.0 1.0 2134.4068379721343 2134.4077712121343 2135.307514562135 2133.733405322134 2136.850620176578 2135.1935592921354 -1.0 2135.1935592921354 -1.0 1
444 0.0625 nan 0.8 1.0 1.0 2138.0567062821383 2138.057706182138 2139.3225130221394 2137.5746211621376 2140.867221686961 2139.205324742139 -1.0 2139.205324742139 -1.0 1
445 nan 0.0 0.8 -1.0 1.0 2142.3231795921424 2142.324279482142 2144.7562362621447 2141.592219362142 2146.3065252376737 2144.5140938121444 1.0 2144.5140938121444 1.0 1
446 0.125 nan 0.8 1.0 1.0 2147.933618492148 2147.934518402148 2148.4054046421484 2147.212123982147 2149.9504161600657 2148.2984153421485 -1.0 2148.2984153421485 -1.0 1
447 0.0625 nan 0.8 1.0 1.0 2151.3398111721513 2151.340777742151 2153.5450239621537 2150.669111582151 2155.0898291757476 2153.4269691021536 -1.0 2153.4269691021536 -1.0 1
448 0.25 nan 0.8 1.0 1.0 2156.4834967521565 2156.4843300021566 2157.679410482158 2155.8202297521557 2159.2335229800624 2157.5698214421577 -1.0 2157.5698214421577 -1.0 1
449 1.0 nan 0.8 1.0 1.0 2160.4395344421605 2160.4406010021603 2160.830728652161 2159.92531920216 2162.3898322983714 2160.719373122161 -1.0 2160.719373122161 -1.0 1
450 1.0 nan 0.8 1.0 1.0 2163.7166067021635 2163.7175066121636 2164.0867363521643 2163.114733562163 2165.6563147743836 2163.957749252164 -1.0 2163.957749252164 -1.0 1
451 0.125 nan 0.8 1.0 1.0 2167.4499999921672 2167.4507665821675 2169.81772986217 2166.3816068421665 2171.383232220505 2169.6927756921696 -1.0 2169.6927756921696 -1.0 1
452 1.0 nan 0.8 1.0 1.0 2172.722672672173 2172.7236725721727 2173.1330316321732 2172.1131336321723 2174.6997375160972 2173.0276421721733 -1.0 2173.0276421721733 -1.0 1
453 0.25 nan 0.8 1.0 1.0 2175.972714302176 2175.973614212176 2178.1752273621782 2175.4220360421755 2179.7393340552144 2178.076703882178 -1.0 2178.076703882178 -1.0 1
454 1.0 nan 0.8 1.0 1.0 2181.116399882181 2181.117533102181 2183.4057375921834 2180.4681313821807 2184.972513069531 2183.2840164321833 -1.0 2183.2840164321833 -1.0 1
455 0.25 nan 0.8 1.0 1.0 2186.182859852186 2186.183726432186 2188.996611782189 2185.7037077721857 2190.5725158183923 2188.857292382189 -1.0 2188.857292382189 -1.0 1
456 0.0 nan 0.8 1.0 1.0 2191.999444802192 2192.0002780521922 2197.4529327321975 2191.300314722191 2199.016036529935 2197.3283118621976 -1.0 2197.3283118621976 -1.0 1
457 1.0 nan 0.8 1.0 1.0 2200.2389207722003 2200.2397873522004 2200.6917421522007 2199.7492364122 2202.249320270539 2200.5811865422006 -1.0 2200.5811865422006 -1.0 1
458 nan 0.0625 0.8 1.0 -1.0 2203.6388140822037 2203.6397139922037 2206.254985772206 2202.983612942203 2208.8222236448646 2206.132164722206 -1.0 2206.132164722206 -1.0 1
459 0.25 nan 0.8 1.0 1.0 2211.215689652211 2211.216556232211 2211.7042407922117 2209.55172273221 2213.2719147717885 2211.563821502212 -1.0 2211.563821502212 -1.0 1
460 nan 0.125 0.8 1.0 -1.0 2214.632314622215 2214.633547832215 2219.73240456222 2214.003810812214 2222.298940524717 2219.5825528822197 -1.0 2219.5825528822197 -1.0 1
461 nan 0.25 0.2 -1.0 1.0 2223.5050605922233 2223.5059605022234 2230.32021234223 2223.034540982223 2231.888333386898 2230.01397630223 -1.0 2230.11139989223 1.0 2
462 nan 0.0625 0.2 -1.0 1.0 2233.4819961322337 2233.4827627222335 2237.031241172237 2232.8061303922327 2238.6049448503595 2236.921318832237 1.0 2236.921318832237 1.0 1
463 nan 0.25 0.2 -1.0 1.0 2239.79859774224 2239.79963097224 2240.2337208922404 2239.3319444122394 2241.7986321414887 2240.07750318224 1.0 2240.07750318224 1.0 1
464 0.25 nan 0.2 1.0 1.0 2243.054872082243 2243.055905312243 2244.142929932244 2242.5158259922428 2245.7048353334103 2244.008343392244 -1.0 2244.008343392244 -1.0 1
465 nan 0.25 0.2 -1.0 1.0 2246.9317510222468 2246.932817582247 2247.4184356822475 2246.4254349922467 2248.98794036509 2247.2876487622475 1.0 2247.2876487622475 1.0 1
466 nan 0.25 0.2 -1.0 1.0 2250.18162600225 2250.1827592222503 2250.623715122251 2249.71513932225 2252.1817266076955 2250.5154259522506 1.0 2250.5154259522506 1.0 1
467 0.125 nan 0.2 1.0 1.0 2253.3712403422533 2253.3724068922534 2254.866324152255 2252.905120292253 2256.431530069334 2254.669610492255 -1.0 2254.669610492255 -1.0 1
468 nan 0.125 0.2 -1.0 1.0 2257.721071982258 2257.721938562258 2260.0942346422603 2257.156328462257 2261.6544404377346 2259.96508089226 1.0 2259.96508089226 1.0 1
469 nan 0.0 0.2 -1.0 1.0 2262.898087562263 2262.899187452263 2269.6729433422697 2262.3734400322624 2271.237748852458 2269.4830623322696 1.0 2269.4830623322696 1.0 1
470 0.25 nan 0.2 1.0 1.0 2272.4312674822722 2272.4326340122725 2277.151028792277 2271.965347412272 2278.7040369996876 2277.0027102922772 -1.0 2277.0027102922772 -1.0 1
471 nan 0.125 0.2 -1.0 1.0 2280.1476957622804 2280.14849568228 2284.2824489122845 2279.4355336522794 2285.853823198381 2284.1295308722842 1.0 2284.1295308722842 1.0 1
472 0.125 nan 0.2 1.0 1.0 2289.064237352289 2289.065337242289 2289.5286242422894 2286.5733198022867 2291.087229043661 2289.3578746522894 -1.0 2289.3578746522894 -1.0 1
473 nan 0.25 0.2 -1.0 1.0 2292.4141023322923 2292.4149022522924 2292.903820022293 2291.8219282222917 2294.464127259341 2292.7720332022927 1.0 2292.7720332022927 1.0 1
474 nan 1.0 0.2 -1.0 1.0 2295.6702433522955 2295.6711765922955 2296.1085328522963 2295.192724442295 2297.6641382056955 2295.931817192296 1.0 2295.931817192296 1.0 1
475 nan 0.25 0.2 -1.0 1.0 2298.853691642299 2298.854791532299 2299.4167353322996 2298.3866383522986 2300.9871411898343 2299.2367866622994 1.0 2299.2367866622994 1.0 1
476 1.0 nan 0.2 1.0 1.0 2302.180625582302 2302.1817254723023 2302.5783524723024 2301.7089394223017 2304.1369298739723 2302.404003242302 -1.0 2302.404003242302 -1.0 1
477 nan 0.125 0.2 -1.0 1.0 2305.5971838923056 2305.5983171123057 2305.981245482306 2304.858424442305 2307.536747649244 2305.868123462306 1.0 2305.868123462306 1.0 1
478 0.25 nan 0.2 1.0 1.0 2308.7471355323087 2308.748235422309 2309.086134962309 2308.2557513423085 2310.647231487457 2308.960880822309 -1.0 2308.960880822309 -1.0 1
479 nan 0.25 0.2 -1.0 1.0 2312.120131532312 2312.121164762312 2312.5023266423127 2311.557121172312 2314.0701302898506 2312.3979370823126 1.0 2312.3979370823126 1.0 1
480 nan 0.0625 0.2 1.0 -1.0 2315.5136254823155 2315.5144254023157 2315.844759032316 2314.7983303523147 2318.3969330513182 2315.5868514923154 -1.0 2315.5868514923154 -1.0 1
481 nan 0.0625 0.2 -1.0 1.0 2319.75330147232 2319.7543680323197 2340.2765489423405 2319.122831192319 2341.83615173247 2332.9524814223328 -1.0 2334.340509272334 1.0 3
482 nan 0.0625 0.2 1.0 -1.0 2343.3797052623436 2343.3805385123433 2349.0257739323492 2342.595550352343 2351.5860466956806 2348.8107954323486 -1.0 2348.8107954323486 -1.0 1
483 nan 1.0 0.2 -1.0 1.0 2352.796330172353 2352.797363402353 2353.1509280423534 2352.322444232352 2354.7192372126283 2353.031273342353 1.0 2353.031273342353 1.0 1
484 nan 0.0 0.2 -1.0 1.0 2356.0463051423562 2356.047271712356 2359.5505546823597 2355.4394325023554 2361.1191570383303 2359.247884952359 1.0 2359.4671630223593 1.0 2
485 nan 1.0 0.2 -1.0 1.0 2362.3628400923626 2362.3638066623625 2362.703239382363 2361.851057942362 2364.2691485581804 2362.6119151823627 1.0 2362.6119151823627 1.0 1
486 nan 0.25 0.2 -1.0 1.0 2365.5294234023654 2365.5304233023658 2365.843658642366 2364.998943122365 2367.396135598942 2365.730203322366 1.0 2365.730203322366 1.0 1
487 0.25 nan 0.2 1.0 1.0 2368.6522444223688 2368.6533443123685 2369.130629912369 2368.122730712368 2370.6857364178218 2368.994743502369 -1.0 2368.994743502369 -1.0 1
488 0.0625 nan 0.2 -1.0 -1.0 2371.945981682372 2371.946948252372 2373.7855977023737 2371.4082354623715 2376.335538647893 2373.341542112373 -1.0 2373.341542112373 -1.0 1
489 nan 0.0 0.2 1.0 -1.0 2377.6125483023775 2377.6135148723774 2380.4981263823806 2377.0607368223773 2383.0521342556026 2380.3231438823805 -1.0 2380.3231438823805 -1.0 1
490 nan 0.0625 0.2 -1.0 1.0 2384.4457315823843 2384.4466981523847 2384.855357282385 2383.7779317023837 2386.412357966099 2384.719537532385 1.0 2384.719537532385 1.0 1
491 nan 1.0 0.2 -1.0 1.0 2387.7519675923877 2387.7529674923876 2388.117031082388 2387.135062622387 2389.668644764891 2388.013174802388 1.0 2388.013174802388 1.0 1
492 nan 1.0 0.2 -1.0 1.0 2390.878988192391 2390.879921432391 2391.213754712391 2390.3898371123905 2392.7622571907546 2391.1135980623912 1.0 2391.1135980623912 1.0 1
493 nan 1.0 0.2 -1.0 1.0 2394.201789212394 2394.2028224423943 2394.646544732395 2393.4868607123935 2396.201754857903 2394.5271233423946 1.0 2394.5271233423946 1.0 1
494 nan 1.0 0.2 -1.0 1.0 2397.4954931423977 2397.4964263823977 2397.972045482398 2396.919150782397 2399.535152296678 2397.8697890423978 1.0 2397.8697890423978 1.0 1
495 nan 0.0 0.2 -1.0 1.0 2400.745401452401 2400.746368022401 2404.984644152405 2400.2583501624003 2406.5453365874673 2404.8726886824047 1.0 2404.8726886824047 1.0 1
496 0.0625 nan 0.8 -1.0 -1.0 2408.1515607624083 2408.152560662408 2410.951847372411 2407.4354323824073 2413.511851557629 2410.839225302411 1.0 2410.839225302411 1.0 1
497 0.0625 nan 0.8 -1.0 -1.0 2414.834759042415 2414.835758942415 2418.811028042419 2414.2423516224144 2421.3617399948544 2418.6746416824185 1.0 2418.6746416824185 1.0 1
498 nan 1.0 0.8 -1.0 1.0 2422.6178806524226 2422.6189472124224 2423.043638072423 2422.0578366624222 2424.594944710195 2422.9441146924228 1.0 2422.9441146924228 1.0 1
499 0.125 nan 0.8 -1.0 -1.0 2425.901018972426 2425.901885552426 2428.744234622429 2425.313244422425 2431.294942491148 2428.6130477424285 1.0 2428.6130477424285 1.0 1
500 0.0 nan 0.8 0.0 -1.0 2432.7344688924327 2432.7354021324327 2492.736201452493 2432.023340012432 2495.2355711844416 nan 0.0 nan 0.0 0
501 0.125 nan 0.8 1.0 1.0 2496.6601090224967 2496.6611422524966 2497.4102673324974 2496.054769562496 2498.983272765564 2496.977710592497 -1.0 2497.2172199724973 -1.0 2
502 0.0625 nan 0.8 1.0 1.0 2500.7933956525007 2500.7943955525006 2504.054469512504 2499.7060710624996 2505.6162753320655 2503.815560072504 -1.0 2503.815560072504 -1.0 1
503 nan 0.0 0.8 1.0 -1.0 2506.943313932507 2506.944280502507 2514.3337748125145 2506.3465736125063 2516.8993792849583 2509.3998349225094 -1.0 2514.2108537725144 -1.0 3
504 1.0 nan 0.8 1.0 1.0 2518.3264088425185 2518.3273754125184 2518.7620652725186 2517.639477542518 2520.3263712455623 2518.6195128625186 -1.0 2518.6195128625186 -1.0 1
505 0.0 nan 0.8 1.0 1.0 2521.5659181925216 2521.5669847525214 2523.5950485925237 2521.0786669225213 2525.16605654624 2523.4564624525233 -1.0 2523.4564624525233 -1.0 1
506 1.0 nan 0.8 1.0 1.0 2526.6429437725265 2526.6438770125264 2527.047669962527 2525.890552352526 2528.6097718453484 2526.9300150625268 -1.0 2526.9300150625268 -1.0 1
507 nan 0.0 0.8 1.0 -1.0 2529.84912312253 2529.8501563525297 2533.960045322534 2529.3352745125294 2536.5324529995696 2533.846590002534 -1.0 2533.846590002534 -1.0 1
508 0.0625 nan 0.8 1.0 1.0 2538.992708672539 2538.993608582539 2542.2702808825425 2537.2600486225374 2543.826053645118 2542.118362742542 -1.0 2542.118362742542 -1.0 1
509 1.0 nan 0.8 1.0 1.0 2545.182222992545 2545.183156232545 2545.6477764325455 2544.5590519825446 2547.2092770018216 2545.5380207425455 -1.0 2545.5380207425455 -1.0 1
510 0.25 nan 0.8 1.0 1.0 2548.5155562925484 2548.5164228725484 2552.999874482553 2547.932381282548 2554.559081399124 2552.8679876725528 -1.0 2552.8679876725528 -1.0 1
511 0.25 nan 0.8 1.0 1.0 2555.848656242556 2555.849589482556 2557.799161172558 2555.2858791925555 2559.359070077883 2557.628478242558 -1.0 2557.628478242558 -1.0 1
512 1.0 nan 0.8 1.0 1.0 2560.6485095425605 2560.649509442561 2564.3023774525645 2560.08296610256 2565.865164712327 2564.148026222564 -1.0 2564.148026222564 -1.0 1
513 0.0 nan 0.8 1.0 1.0 2567.3087767825673 2567.3097100225673 2571.805260422572 2566.7999610025668 2573.365169376029 2571.671640452572 -1.0 2571.671640452572 -1.0 1
514 0.0625 nan 0.8 1.0 1.0 2574.6086800525745 2574.6098799325746 2578.816459232579 2574.062068052574 2580.381665864028 2578.677873092579 -1.0 2578.677873092579 -1.0 1
515 1.0 nan 0.8 1.0 1.0 2581.675206662582 2581.676073242582 2582.3468728225826 2581.1080633825813 2583.9147762115354 2582.1994875625824 -1.0 2582.1994875625824 -1.0 1
516 0.0 nan 0.8 1.0 1.0 2585.241849962585 2585.2426832125852 2589.4148659525895 2584.6381770025846 2590.975172914148 2589.2695804825894 -1.0 2589.2695804825894 -1.0 1
517 1.0 nan 0.8 1.0 1.0 2592.314375972592 2592.3152092225923 2592.776963042593 2591.705370212592 2594.3416700941375 2592.6516422425925 -1.0 2592.6516422425925 -1.0 1
518 0.0625 nan 0.8 1.0 1.0 2595.5477526025957 2595.5488191625955 2597.000373992597 2595.065367512595 2598.5583791468093 2596.859888042597 -1.0 2596.859888042597 -1.0 1
519 0.25 nan 0.8 1.0 1.0 2599.7644642225996 2599.7653974625996 2603.3650707926035 2599.281979142599 2604.931176840171 2603.203353632603 -1.0 2603.203353632603 -1.0 1
520 1.0 nan 0.8 1.0 1.0 2606.1248281226062 2606.125961342606 2608.786261952609 2605.6632742826055 2610.341370298478 2608.6654073726086 -1.0 2608.6654073726086 -1.0 1
521 1.0 nan 0.8 1.0 1.0 2611.664307452612 2611.6651740326115 2612.1459592826122 2611.065167372611 2613.7143661611267 2611.966277252612 -1.0 2611.966277252612 -1.0 1
522 1.0 nan 0.8 1.0 1.0 2615.057868062615 2615.058801302615 2615.5309874126156 2614.4390632826144 2617.097486754838 2615.4155989526153 -1.0 2615.4155989526153 -1.0 1
523 0.125 nan 0.8 1.0 1.0 2618.4245313626184 2618.4253979426185 2620.11046275262 2617.831390682618 2621.674574941252 2619.96591054262 -1.0 2619.96591054262 -1.0 1
524 nan 0.125 0.8 1.0 -1.0 2623.130760692623 2623.131627272623 2624.1732897626243 2622.3739697126225 2626.7307644375796 2624.040269732624 -1.0 2624.040269732624 -1.0 1
525 0.0 nan 0.8 1.0 1.0 2627.957644622628 2627.958544532628 2629.7361667526297 2627.4583612226274 2631.290972648028 2629.60101360263 -1.0 2629.60101360263 -1.0 1
526 1.0 nan 0.8 1.0 1.0 2632.747265612633 2632.748432162633 2634.354471542634 2632.012572422632 2635.9139774984546 2634.223084682634 -1.0 2634.223084682634 -1.0 1
527 0.0 nan 0.8 1.0 1.0 2637.3742028726374 2637.3750361226375 2640.12006159264 2636.642276072637 2641.6803717163016 2639.97354291264 -1.0 2639.97354291264 -1.0 1
528 nan 0.25 0.8 -1.0 1.0 2642.957477822643 2642.958577712643 2645.822391302646 2642.3807688326424 2647.3739656955363 2645.6997702326457 1.0 2645.6997702326457 1.0 1
529 1.0 nan 0.8 1.0 1.0 2648.6134121726486 2648.6144787326484 2649.0319703126493 2648.105762942648 2650.590674552683 2648.860287482649 -1.0 2648.860287482649 -1.0 1
530 0.25 nan 0.8 1.0 1.0 2651.913482132652 2651.914415372652 2653.841289332654 2651.314675352651 2655.3905934898066 2653.7046363326535 -1.0 2653.7046363326535 -1.0 1
531 0.0 nan 0.8 1.0 1.0 2656.5967137626567 2656.5976470026567 2667.732466742668 2656.1237943926562 2669.2964843091613 2660.07219951266 -1.0 2667.5622171026675 -1.0 3
532 nan 0.25 0.8 -1.0 1.0 2670.890184272671 2670.891017522671 2671.4325966926713 2670.25198143267 2672.990173321074 2671.314608492671 1.0 2671.314608492671 1.0 1
533 1.0 nan 0.8 1.0 1.0 2674.413131942674 2674.4140318526743 2674.8299902526746 2673.7127686526737 2676.3901909537612 2674.691604092675 -1.0 2674.691604092675 -1.0 1
534 0.125 nan 0.8 1.0 1.0 2677.863053582678 2677.863920162678 2679.3846680726792 2677.120694492677 2680.9464778621923 2679.2560476026792 -1.0 2679.2560476026792 -1.0 1
535 1.0 nan 0.8 1.0 1.0 2682.3733025126826 2682.3741357626823 2682.7308667526827 2681.6753723126817 2684.289874702258 2682.6016796726826 -1.0 2682.6016796726826 -1.0 1
536 0.25 nan 0.8 1.0 1.0 2685.646175192686 2685.6470751026854 2686.2308833826864 2685.016171532685 2687.789986463372 2686.0710993626863 -1.0 2686.0710993626863 -1.0 1
537 1.0 nan 0.8 1.0 1.0 2689.129460162689 2689.130360072689 2689.6450752626897 2688.5191878626883 2691.2063837717105 2689.5359195126894 -1.0 2689.5359195126894 -1.0 1
538 1.0 nan 0.8 1.0 1.0 2692.3959001526923 2692.3969333826926 2692.7681962526926 2691.929480132692 2694.3230728961416 2692.6393424726925 -1.0 2692.6393424726925 -1.0 1
539 1.0 nan 0.8 1.0 1.0 2695.7458317926958 2695.7468983526956 2697.4561940726976 2695.049568092695 2699.012596587696 2697.3447718826974 -1.0 2697.3447718826974 -1.0 1
540 nan 1.0 0.8 -1.0 1.0 2700.3229407027 2700.3238072827003 2700.7462983627006 2699.7357994227 2702.289680128697 2700.628710122701 1.0 2700.628710122701 1.0 1
541 nan 0.25 0.8 1.0 -1.0 2703.729100052704 2703.730066622704 2706.6480747927067 2703.022370732703 2709.206179810022 2706.5206208727063 -1.0 2706.5206208727063 -1.0 1
542 nan 0.0 0.8 -1.0 1.0 2710.4122650027102 2710.4132649027106 2711.865886292712 2709.94247865271 2713.4227908380763 2711.7013694127118 1.0 2711.7013694127118 1.0 1
543 0.25 nan 0.8 1.0 1.0 2714.845454972715 2714.846521532715 2717.1091952427173 2714.1521909727144 2718.656001834097 2716.967609402717 -1.0 2716.967609402717 -1.0 1
544 1.0 nan 0.8 1.0 1.0 2720.04556824272 2720.04673479272 2720.4722922327205 2719.3821012627195 2722.0289993969177 2720.3492045427206 -1.0 2720.3492045427206 -1.0 1
545 0.25 nan 0.8 1.0 1.0 2723.305842182723 2723.3066754327233 2724.097396352724 2722.7644963227226 2725.672500576805 2723.621777252724 -1.0 2723.923580402724 -1.0 2
546 1.0 nan 0.8 1.0 1.0 2726.8788181827267 2726.879951402727 2727.2694791127274 2726.4025991427266 2728.8224898160183 2727.1386921927274 -1.0 2727.1386921927274 -1.0 1
547 0.0625 nan 0.8 1.0 1.0 2730.16192317273 2730.16285641273 2732.7239002827328 2729.5495844127295 2734.278575116727 2732.6112115527326 -1.0 2732.6112115527326 -1.0 1
548 0.125 nan 0.8 1.0 1.0 2735.5054887627357 2735.5064220027357 2738.0304029127383 2735.012871362735 2739.6118733454923 2737.896083012738 -1.0 2737.896083012738 -1.0 1
549 0.0625 nan 0.8 1.0 1.0 2740.922113712741 2740.923046952741 2743.736398922744 2740.3458713427403 2745.3054997694594 2743.5849807327436 -1.0 2743.5849807327436 -1.0 1
550 nan 0.25 0.2 -1.0 1.0 2746.5783813627468 2746.5791812827465 2746.919980532747 2746.041801692746 2748.4887991603296 2746.824323432747 1.0 2746.824323432747 1.0 1
551 nan 0.0 0.2 1.0 -1.0 2749.96164300275 2749.96247625275 2751.372435242751 2749.4376954027493 2753.9386771546933 2751.2352489627515 -1.0 2751.2352489627515 -1.0 1
552 nan 0.25 0.2 -1.0 1.0 2755.4447946327555 2755.4456945427555 2755.8161908227557 2754.672671852755 2757.3948907270506 2755.6957362027556 1.0 2755.6957362027556 1.0 1
553 nan 0.125 0.2 -1.0 1.0 2758.855153562759 2758.855953482759 2759.236182122759 2758.124993252758 2760.8114886102026 2759.134025672759 1.0 2759.134025672759 1.0 1
554 0.0625 nan 0.2 -1.0 -1.0 2762.138325212762 2762.139225122762 2764.697835902765 2761.5424848027615 2767.2780043147354 2764.5041219427644 1.0 2764.5041219427644 1.0 1
555 0.25 nan 0.2 1.0 1.0 2768.5549501527685 2768.5557500727687 2769.049800662769 2768.011004552768 2770.6113067088986 2768.809424702769 -1.0 2768.809424702769 -1.0 1
556 0.25 nan 0.2 1.0 1.0 2772.021603452772 2772.022670012772 2776.050400532776 2771.3420047527716 2777.62160477626 2775.9010154727757 -1.0 2775.9010154727757 -1.0 1
557 0.25 nan 0.2 1.0 1.0 2779.044367772779 2779.045201022779 2781.5337854727813 2778.363402542778 2783.110991680526 2781.3965325327813 -1.0 2781.3965325327813 -1.0 1
558 nan 0.0 0.2 1.0 -1.0 2784.3378717027845 2784.3387382827846 2787.8763511527877 2783.8446876927837 2790.4378891716883 2787.7366984527876 -1.0 2787.7366984527876 -1.0 1
559 0.125 nan 0.2 -1.0 -1.0 2792.7106676727926 2792.7115675827927 2798.308807802798 2791.1830871127913 2800.8774070727554 2797.968375182798 1.0 2798.2234163427984 1.0 2
560 nan 0.125 0.2 -1.0 1.0 2802.170954882802 2802.1720547728023 2802.799192052803 2801.6547065128016 2804.3709989667454 2802.6748378228026 1.0 2802.6748378228026 1.0 1
561 nan 0.25 0.2 -1.0 1.0 2805.6605058928058 2805.661639112806 2806.2793106728063 2805.109094372805 2807.8437852734132 2806.183320272806 1.0 2806.183320272806 1.0 1
562 nan 0.125 0.2 -1.0 1.0 2809.204118162809 2809.2052513828094 2812.082496962812 2808.5830802728087 2813.6603986078126 2811.938111402812 1.0 2811.938111402812 1.0 1
563 nan 0.25 0.2 -1.0 1.0 2814.870684782815 2814.871851332815 2815.2871098028154 2814.3954989728145 2816.8604858326453 2815.170421472815 1.0 2815.170421472815 1.0 1
564 nan 0.25 0.2 -1.0 1.0 2818.154056412818 2818.155056312818 2818.5556829128186 2817.591479342818 2820.120686871597 2818.4459938828186 1.0 2818.4459938828186 1.0 1
565 nan 0.125 0.2 -1.0 1.0 2821.693469102822 2821.694335682822 2833.003904612833 2820.853186472821 2834.570506564438 2832.645273812833 -1.0 2832.645273812833 -1.0 1
566 nan 0.0625 0.2 -1.0 1.0 2836.026568982836 2836.027368902836 2848.6298085328485 2835.3275055628355 2850.186812741004 2842.268011442842 1.0 2848.5156866128486 1.0 5
567 nan 0.0 0.2 1.0 -1.0 2851.4095638628514 2851.4103971128516 2853.8816832928537 2850.938211002851 2856.442990989991 2853.704900972854 -1.0 2853.704900972854 -1.0 1
568 nan 1.0 0.2 1.0 -1.0 2861.2198160728612 2861.220882632861 2876.247613142876 2857.1874860128573 2878.8091118067973 2876.022069032876 -1.0 2876.022069032876 -1.0 1
569 nan 0.0 0.2 -1.0 1.0 2880.1028609128803 2880.10389414288 2894.815889462895 2879.6052106828797 2896.3692053978975 2894.6256084928946 1.0 2894.6256084928946 1.0 1
570 0.0 nan 0.2 0.0 -1.0 2898.041966822898 2898.042833402898 2958.043666052958 2897.3472029728973 2960.5430019624196 2910.4082967329105 1.0 2910.4082967329105 1.0 1
571 nan 0.125 0.2 0.0 -1.0 2961.834586922962 2961.835586822962 3021.836419473022 2961.3712999229615 3024.3357219303994 2973.080795522973 1.0 2973.080795522973 1.0 1
572 nan 0.125 0.2 0.0 -1.0 3025.816621413026 3025.817687973026 3085.818487293086 3025.1622201930254 3088.3178226964496 nan 0.0 nan 0.0 0
573 nan 0.25 0.2 -1.0 1.0 3089.8884469230898 3089.8894134930897 3096.6034086930968 3089.150720703089 3098.171612616299 3096.3893634330966 1.0 3096.3893634330966 1.0 1
574 nan 1.0 0.2 -1.0 1.0 3099.7985558131 3099.7995557131 3112.2815407231124 3098.925709773099 3113.854595080234 3112.072594953112 1.0 3112.072594953112 1.0 1
